id,timestamp,strike,spot,call_oi,put_oi,call_price,put_price,call_volume,put_volume,call_delta,put_delta,call_gamma,put_gamma,call_iv,put_iv,expiry
23661,2023-07-25 09:15:00,19450.0,19703.15,212550,2575650,282.6,12.25,6100,418000,0.740642,-0.237128,0.000733,0.00077745,15.90947,14.299802,2023-08-01
18408,2023-07-25 09:15:00,19500.0,19703.15,1908600,6298850,239.6,18.05,130850,910350,0.705784,-0.273964,0.00079545,0.00085706,15.595431,13.988665,2023-08-01
13151,2023-07-25 09:15:00,19550.0,19703.15,327800,2140050,197.95,26.1,29350,441700,0.669514,-0.314947,0.00086532,0.00093606,15.074519,13.660357,2023-08-01
7894,2023-07-25 09:15:00,19600.0,19703.15,1394050,4450400,159.65,37.65,234700,1028450,0.627888,-0.361345,0.00092721,0.00100393,14.685686,13.43204,2023-08-01
2633,2023-07-25 09:15:00,19650.0,19703.15,1348350,2706750,125.0,52.95,511050,684100,0.582255,-0.411388,0.00098034,0.00106154,14.3366,13.19349,2023-08-01
1,2023-07-25 09:15:00,19700.0,19703.15,8933450,7284300,94.7,72.6,2200100,1806300,0.533173,-0.464667,0.00101937,0.0011051,14.039542,12.944335,2023-08-01
5264,2023-07-25 09:15:00,19750.0,19703.15,4468900,2286350,70.4,98.75,1502400,428850,0.482037,-0.519985,0.00102551,0.00110651,13.989659,12.96247,2023-08-01
10522,2023-07-25 09:15:00,19800.0,19703.15,12393800,6059650,51.15,129.5,1938650,453650,0.431459,-0.574893,0.00100836,0.00109032,14.031291,12.938751,2023-08-01
15779,2023-07-25 09:15:00,19850.0,19703.15,6182150,1355350,35.95,164.15,671400,67700,0.382201,-0.629732,0.0009772,0.00106302,14.050845,12.788976,2023-08-01
21033,2023-07-25 09:15:00,19900.0,19703.15,10495550,2646050,24.9,202.65,957900,96350,0.336187,-0.684321,0.0009267,0.00101958,14.171549,12.553788,2023-08-01
26286,2023-07-25 09:15:00,19950.0,19703.15,4571900,584350,17.1,245.5,710200,3900,0.29443,-0.733108,0.00086335,0.00094357,14.373696,12.541162,2023-08-01
23662,2023-07-25 09:16:00,19450.0,19694.55,212550,2575650,273.3,12.75,2750,283150,0.741335,-0.241449,0.00075851,0.00079452,15.360518,14.138146,2023-08-01
18409,2023-07-25 09:16:00,19500.0,19694.55,1908600,6298850,229.55,18.7,72600,637200,0.707437,-0.278757,0.00083289,0.00087685,14.8627,13.796568,2023-08-01
13152,2023-07-25 09:16:00,19550.0,19694.55,327800,2140050,188.25,27.35,30550,379150,0.668595,-0.321427,0.00090596,0.00095422,14.421348,13.522467,2023-08-01
7895,2023-07-25 09:16:00,19600.0,19694.55,1394050,4450400,150.05,39.7,197350,746900,0.625028,-0.369235,0.00097407,0.00101836,14.020174,13.34418,2023-08-01
2634,2023-07-25 09:16:00,19650.0,19694.55,1348350,2706750,116.6,56.2,357450,586800,0.576281,-0.420531,0.00102124,0.00106752,13.81133,13.191399,2023-08-01
2,2023-07-25 09:16:00,19700.0,19694.55,8933450,7284300,87.9,77.0,1515700,1423800,0.524846,-0.474257,0.00104914,0.00110331,13.668584,12.995603,2023-08-01
5265,2023-07-25 09:16:00,19750.0,19694.55,4468900,2286350,64.8,104.2,990600,538500,0.472436,-0.52926,0.0010478,0.00109821,13.679884,13.047994,2023-08-01
10523,2023-07-25 09:16:00,19800.0,19694.55,12393800,6059650,46.75,136.0,1140900,461300,0.421254,-0.583322,0.00102245,0.0010749,13.777973,13.07434,2023-08-01
15780,2023-07-25 09:16:00,19850.0,19694.55,6182150,1355350,32.75,172.4,563150,50800,0.372109,-0.634965,0.00098237,0.00102924,13.867747,13.153184,2023-08-01
21034,2023-07-25 09:16:00,19900.0,19694.55,10495550,2646050,22.65,212.1,574250,76050,0.326715,-0.684754,0.000925,0.00097367,14.043685,13.144342,2023-08-01
26287,2023-07-25 09:16:00,19950.0,19694.55,4571900,584350,15.7,254.0,537600,3500,0.286443,-0.736188,0.00085526,0.00091684,14.330876,12.837188,2023-08-01
23663,2023-07-25 09:17:00,19450.0,19691.55,211300,2556200,273.35,13.6,3950,319950,0.72968,-0.246183,0.00073997,0.00079413,16.105826,14.296824,2023-08-01
18410,2023-07-25 09:17:00,19500.0,19691.55,1903200,6481500,227.55,19.75,56750,572800,0.703614,-0.283329,0.00083185,0.00087486,14.973744,13.939835,2023-08-01
13153,2023-07-25 09:17:00,19550.0,19691.55,334400,2286900,185.9,28.65,20250,295000,0.666004,-0.325825,0.00090971,0.0009504,14.409019,13.65586,2023-08-01
7896,2023-07-25 09:17:00,19600.0,19691.55,1519900,4660700,149.05,41.35,197250,604600,0.620578,-0.37348,0.00096435,0.00101186,14.216199,13.482163,2023-08-01
2635,2023-07-25 09:17:00,19650.0,19691.55,1498100,3043700,115.65,57.95,268250,548950,0.572536,-0.424239,0.00101252,0.0010618,13.957943,13.289737,2023-08-01
3,2023-07-25 09:17:00,19700.0,19691.55,9522100,8158600,86.9,79.4,1122850,1082400,0.521605,-0.477745,0.00104304,0.00109123,13.757752,13.149,2023-08-01
5266,2023-07-25 09:17:00,19750.0,19691.55,5172100,2570200,64.2,106.55,614600,322550,0.469597,-0.532255,0.00103904,0.00108943,13.790776,13.148096,2023-08-01
10524,2023-07-25 09:17:00,19800.0,19691.55,13189500,6168750,46.45,138.85,891200,533300,0.418982,-0.58551,0.0010122,0.00106173,13.903968,13.223242,2023-08-01
15781,2023-07-25 09:17:00,19850.0,19691.55,6328250,1366700,32.65,175.6,413800,70050,0.37045,-0.63604,0.00097165,0.00101356,14.0034,13.346191,2023-08-01
21035,2023-07-25 09:17:00,19900.0,19691.55,10627950,2655250,22.75,215.35,586900,129250,0.325886,-0.685044,0.00091371,0.00095924,14.205293,13.339582,2023-08-01
26288,2023-07-25 09:17:00,19950.0,19691.55,4780950,595950,15.9,257.45,476850,20950,0.286393,-0.734585,0.00084463,0.0009012,14.513029,13.102934,2023-08-01
23664,2023-07-25 09:18:00,19450.0,19707.05,211300,2556200,280.8,12.25,2800,279300,0.766323,-0.236397,0.00077258,0.0007678,14.273091,14.454175,2023-08-01
18411,2023-07-25 09:18:00,19500.0,19707.05,1903200,6481500,236.65,17.95,72450,521550,0.728942,-0.2726,0.00085054,0.00084622,14.020758,14.132129,2023-08-01
13154,2023-07-25 09:18:00,19550.0,19707.05,334400,2286900,194.0,26.1,34650,303850,0.689784,-0.313591,0.00093589,0.00092143,13.573227,13.85089,2023-08-01
7897,2023-07-25 09:18:00,19600.0,19707.05,1519900,4660700,156.2,37.75,201100,645000,0.641633,-0.359662,0.00099373,0.00098494,13.530458,13.668215,2023-08-01
2636,2023-07-25 09:18:00,19650.0,19707.05,1498100,3043700,121.9,53.4,405600,489200,0.591447,-0.409288,0.00104323,0.00103439,13.401979,13.52251,2023-08-01
4,2023-07-25 09:18:00,19700.0,19707.05,9522100,8158600,92.35,73.75,1316300,1041900,0.538714,-0.461525,0.00107246,0.00106428,13.326983,13.430167,2023-08-01
5267,2023-07-25 09:18:00,19750.0,19707.05,5172100,2570200,68.45,99.85,725750,347300,0.485068,-0.514751,0.00107117,0.00106256,13.396831,13.505612,2023-08-01
10525,2023-07-25 09:18:00,19800.0,19707.05,13189500,6168750,49.6,130.85,1121950,603350,0.432724,-0.566759,0.00104621,0.00103915,13.530433,13.625393,2023-08-01
15782,2023-07-25 09:18:00,19850.0,19707.05,6328250,1366700,35.1,166.4,415150,48950,0.382847,-0.616083,0.00100366,0.00099562,13.686505,13.808471,2023-08-01
21036,2023-07-25 09:18:00,19900.0,19707.05,10627950,2655250,24.4,205.65,617600,97900,0.336496,-0.661911,0.0009462,0.00093858,13.883571,14.022017,2023-08-01
26289,2023-07-25 09:18:00,19950.0,19707.05,4780950,595950,16.9,248.95,318800,8250,0.294947,-0.699818,0.00087681,0.00085999,14.163652,14.557059,2023-08-01
23665,2023-07-25 09:19:00,19450.0,19692.1,211300,2556200,270.0,13.4,1350,316300,0.744037,-0.245171,0.00077167,0.00079454,15.020409,14.258873,2023-08-01
18412,2023-07-25 09:19:00,19500.0,19692.1,1903200,6481500,225.25,19.45,63100,514100,0.712338,-0.282174,0.00085867,0.00087628,14.306551,13.890917,2023-08-01
13155,2023-07-25 09:19:00,19550.0,19692.1,334400,2286900,185.45,28.4,34350,305600,0.668336,-0.325037,0.00091835,0.00095108,14.23499,13.633558,2023-08-01
7898,2023-07-25 09:19:00,19600.0,19692.1,1519900,4660700,148.5,40.95,263300,821050,0.622388,-0.372584,0.00097418,0.00101407,14.053054,13.443355,2023-08-01
2637,2023-07-25 09:19:00,19650.0,19692.1,1498100,3043700,114.65,57.7,273950,583100,0.574117,-0.423643,0.00102787,0.00106172,13.740318,13.287776,2023-08-01
5,2023-07-25 09:19:00,19700.0,19692.1,9522100,8158600,86.3,78.9,1592000,1332650,0.522321,-0.477109,0.00105355,0.00109402,13.620069,13.115132,2023-08-01
5268,2023-07-25 09:19:00,19750.0,19692.1,5172100,2570200,63.9,106.4,764750,395350,0.469933,-0.531571,0.00104546,0.00108701,13.70796,13.180069,2023-08-01
10526,2023-07-25 09:19:00,19800.0,19692.1,13189500,6168750,45.95,138.55,1094850,526100,0.418789,-0.584828,0.00102074,0.0010609,13.787156,13.239497,2023-08-01
15783,2023-07-25 09:19:00,19850.0,19692.1,6328250,1366700,32.3,175.9,455100,48950,0.370075,-0.63397,0.00097797,0.00100424,13.909262,13.496528,2023-08-01
21037,2023-07-25 09:19:00,19900.0,19692.1,10627950,2655250,22.5,215.7,610500,101650,0.325411,-0.681872,0.00091839,0.00094895,14.125459,13.542627,2023-08-01
26290,2023-07-25 09:19:00,19950.0,19692.1,4780950,595950,15.75,259.0,350700,10400,0.285994,-0.723971,0.0008477,0.00087539,14.45183,13.756871,2023-08-01
23666,2023-07-25 09:20:00,19450.0,19685.2,213700,2628700,264.5,14.3,14350,346100,0.73693,-0.250862,0.00077613,0.00080394,15.152868,14.271505,2023-08-01
18413,2023-07-25 09:20:00,19500.0,19685.2,1918600,6628350,222.3,20.8,46250,654800,0.69853,-0.288791,0.00083966,0.00088373,14.956386,13.932166,2023-08-01
13156,2023-07-25 09:20:00,19550.0,19685.2,353450,2391700,181.0,30.1,26850,445150,0.660384,-0.331822,0.0009171,0.00095816,14.392745,13.651607,2023-08-01
7899,2023-07-25 09:20:00,19600.0,19685.2,1665750,4832900,144.65,43.25,212550,870750,0.614509,-0.379833,0.00096999,0.00101843,14.207567,13.472051,2023-08-01
2638,2023-07-25 09:20:00,19650.0,19685.2,1631300,3325100,112.0,60.55,250550,755300,0.56598,-0.431058,0.00101388,0.00106451,13.9864,13.304142,2023-08-01
6,2023-07-25 09:20:00,19700.0,19685.2,9925500,8712200,84.2,82.4,1317350,1838800,0.514926,-0.484674,0.00103773,0.00109429,13.845222,13.129062,2023-08-01
5269,2023-07-25 09:20:00,19750.0,19685.2,5454400,2841450,62.05,110.6,745500,624950,0.463257,-0.539002,0.00103188,0.00108402,13.874284,13.199818,2023-08-01
10527,2023-07-25 09:20:00,19800.0,19685.2,13484550,5948300,44.95,142.9,911350,672850,0.41327,-0.592625,0.00100172,0.0010618,14.012451,13.174264,2023-08-01
15784,2023-07-25 09:20:00,19850.0,19685.2,6498450,1424200,31.7,180.95,599350,148100,0.365593,-0.641298,0.0009586,0.00100063,14.139118,13.457648,2023-08-01
21038,2023-07-25 09:20:00,19900.0,19685.2,10823100,2745200,22.1,220.4,724400,128250,0.321722,-0.691881,0.00090072,0.00095445,14.340768,13.28585,2023-08-01
26291,2023-07-25 09:20:00,19950.0,19685.2,4832450,603600,15.5,264.4,347900,12900,0.283041,-0.733208,0.0008319,0.00087431,14.659344,13.547708,2023-08-01
23667,2023-07-25 09:21:00,19450.0,19689.35,213700,2628700,266.35,14.35,12250,231000,0.747086,-0.250167,0.00078662,0.00079254,14.64623,14.453083,2023-08-01
18414,2023-07-25 09:21:00,19500.0,19689.35,1918600,6628350,223.25,20.9,44100,529250,0.709088,-0.287892,0.00085918,0.00086921,14.37716,14.141754,2023-08-01
13157,2023-07-25 09:21:00,19550.0,19689.35,353450,2391700,183.0,30.1,21050,385250,0.666546,-0.330172,0.00092505,0.00094171,14.165357,13.86012,2023-08-01
7900,2023-07-25 09:21:00,19600.0,19689.35,1665750,4832900,146.0,43.25,198200,902250,0.620543,-0.377591,0.00098335,0.00099862,13.946178,13.712087,2023-08-01
2639,2023-07-25 09:21:00,19650.0,19689.35,1631300,3325100,113.05,60.4,289850,691150,0.571228,-0.427876,0.00102849,0.00104271,13.753792,13.560519,2023-08-01
7,2023-07-25 09:21:00,19700.0,19689.35,9925500,8712200,85.35,82.2,1017200,1301550,0.519353,-0.480417,0.00104828,0.0010688,13.69709,13.43375,2023-08-01
5270,2023-07-25 09:21:00,19750.0,19689.35,5454400,2841450,62.9,109.65,522450,421500,0.467132,-0.533713,0.001043,0.00106463,13.735893,13.454373,2023-08-01
10528,2023-07-25 09:21:00,19800.0,19689.35,13484550,5948300,45.55,142.8,779050,465150,0.416584,-0.584788,0.00101286,0.00102758,13.881455,13.672358,2023-08-01
15785,2023-07-25 09:21:00,19850.0,19689.35,6498450,1424200,32.05,179.55,386850,92100,0.368276,-0.633474,0.0009701,0.00098121,14.003114,13.82273,2023-08-01
21039,2023-07-25 09:21:00,19900.0,19689.35,10823100,2745200,22.45,219.7,594500,229150,0.324277,-0.678987,0.00090979,0.00092332,14.241906,13.974669,2023-08-01
26292,2023-07-25 09:21:00,19950.0,19689.35,4832450,603600,15.7,259.35,286650,14750,0.285045,-0.736825,0.00084066,0.00089849,14.553303,13.089897,2023-08-01
23668,2023-07-25 09:22:00,19450.0,19682.85,213700,2628700,261.35,15.05,10550,223450,0.739389,-0.254725,0.00078923,0.00080283,14.833016,14.409829,2023-08-01
18415,2023-07-25 09:22:00,19500.0,19682.85,1918600,6628350,217.75,22.0,37500,492300,0.704029,-0.293371,0.00086906,0.00087817,14.333171,14.126756,2023-08-01
13158,2023-07-25 09:22:00,19550.0,19682.85,353450,2391700,177.0,31.7,28500,383600,0.662811,-0.336386,0.00094425,0.00094855,13.943275,13.86713,2023-08-01
7901,2023-07-25 09:22:00,19600.0,19682.85,1665750,4832900,140.45,45.45,195550,1050550,0.61566,-0.384283,0.00100207,0.00100257,13.743676,13.736187,2023-08-01
2640,2023-07-25 09:22:00,19650.0,19682.85,1631300,3325100,108.5,63.55,244700,792600,0.565004,-0.435024,0.00104031,0.00103982,13.639647,13.646146,2023-08-01
8,2023-07-25 09:22:00,19700.0,19682.85,9925500,8712200,81.65,86.0,952100,1316250,0.512559,-0.487404,0.00105491,0.00106287,13.625423,13.523354,2023-08-01
5271,2023-07-25 09:22:00,19750.0,19682.85,5454400,2841450,59.9,114.25,788100,391450,0.460152,-0.540197,0.00104613,0.00105376,13.678042,13.57779,2023-08-01
10529,2023-07-25 09:22:00,19800.0,19682.85,13484550,5948300,43.35,148.0,962900,537850,0.409873,-0.590467,0.0010108,0.00101417,13.862482,13.813658,2023-08-01
15786,2023-07-25 09:22:00,19850.0,19682.85,6498450,1424200,30.55,185.2,436900,119000,0.362189,-0.638304,0.00096362,0.00096657,14.024212,13.974868,2023-08-01
21040,2023-07-25 09:22:00,19900.0,19682.85,10823100,2745200,21.35,226.35,441800,115900,0.318674,-0.680891,0.00090202,0.0009003,14.266238,14.301647,2023-08-01
26293,2023-07-25 09:22:00,19950.0,19682.85,4832450,603600,15.0,268.75,356800,12150,0.280368,-0.724284,0.00083114,0.00084337,14.608914,14.280028,2023-08-01
23669,2023-07-25 09:23:00,19450.0,19686.7,226400,2655900,268.9,14.35,5000,234100,0.72701,-0.250809,0.00074742,0.00079937,16.031958,14.352427,2023-08-01
18416,2023-07-25 09:23:00,19500.0,19686.7,1935350,6788950,220.65,20.95,43750,589500,0.708074,-0.288885,0.00086677,0.00087704,14.2777,14.041532,2023-08-01
13159,2023-07-25 09:23:00,19550.0,19686.7,367900,2570000,181.0,30.5,27200,378800,0.664038,-0.332175,0.00092759,0.00094727,14.171436,13.815322,2023-08-01
7902,2023-07-25 09:23:00,19600.0,19686.7,1756500,4912200,143.45,43.75,216950,708850,0.618941,-0.379778,0.00099407,0.00100484,13.81676,13.654651,2023-08-01
2641,2023-07-25 09:23:00,19650.0,19686.7,1757350,3728000,111.05,61.45,293500,582500,0.568789,-0.430642,0.00103477,0.00104423,13.688423,13.56103,2023-08-01
9,2023-07-25 09:23:00,19700.0,19686.7,10375100,9165300,83.45,83.45,1225750,1376800,0.516628,-0.483249,0.00105557,0.00107,13.609845,13.426193,2023-08-01
5272,2023-07-25 09:23:00,19750.0,19686.7,5703100,2930100,61.55,111.95,484150,356700,0.464236,-0.536138,0.00104557,0.0010545,13.696602,13.579521,2023-08-01
10530,2023-07-25 09:23:00,19800.0,19686.7,13650900,6002650,44.55,145.0,640800,389300,0.413748,-0.587007,0.00101304,0.00102089,13.860477,13.748143,2023-08-01
15787,2023-07-25 09:23:00,19850.0,19686.7,6683550,1439050,31.3,181.95,504400,103400,0.365547,-0.635243,0.00096895,0.00097385,13.988436,13.907968,2023-08-01
21041,2023-07-25 09:23:00,19900.0,19686.7,10861300,2714000,21.85,222.25,453700,98450,0.321583,-0.680252,0.00090826,0.00091571,14.22006,14.070765,2023-08-01
26294,2023-07-25 09:23:00,19950.0,19686.7,4951900,628100,15.35,265.9,328150,5450,0.282914,-0.718871,0.00083735,0.00084222,14.561685,14.433482,2023-08-01
23670,2023-07-25 09:24:00,19450.0,19687.95,226400,2655900,267.0,14.15,1900,179500,0.738384,-0.249654,0.00077125,0.00079798,15.206312,14.342127,2023-08-01
18417,2023-07-25 09:24:00,19500.0,19687.95,1935350,6788950,223.6,20.6,38650,345900,0.703328,-0.287385,0.00084534,0.00087676,14.748821,14.01126,2023-08-01
13160,2023-07-25 09:24:00,19550.0,19687.95,367900,2570000,182.8,29.85,18400,536150,0.663356,-0.330203,0.00091676,0.0009499,14.350036,13.744162,2023-08-01
7903,2023-07-25 09:24:00,19600.0,19687.95,1756500,4912200,146.2,42.85,120450,517100,0.617522,-0.377789,0.00097086,0.00100985,14.162616,13.564803,2023-08-01
2642,2023-07-25 09:24:00,19650.0,19687.95,1757350,3728000,113.3,60.1,207150,694150,0.568959,-0.42869,0.00101584,0.0010541,13.942159,13.421912,2023-08-01
10,2023-07-25 09:24:00,19700.0,19687.95,10375100,9165300,85.1,82.05,657700,765400,0.51782,-0.481815,0.00104253,0.00107978,13.77807,13.302167,2023-08-01
5273,2023-07-25 09:24:00,19750.0,19687.95,5703100,2930100,62.9,109.95,312400,266050,0.46597,-0.535481,0.00103522,0.00107104,13.83863,13.371617,2023-08-01
10531,2023-07-25 09:24:00,19800.0,19687.95,13650900,6002650,45.55,142.55,476950,254100,0.415726,-0.5877,0.00100617,0.00104228,13.97025,13.460447,2023-08-01
15788,2023-07-25 09:24:00,19850.0,19687.95,6683550,1439050,32.05,179.15,214350,61100,0.367644,-0.637872,0.00096438,0.00099889,14.081188,13.52594,2023-08-01
21042,2023-07-25 09:24:00,19900.0,19687.95,10861300,2714000,22.35,219.65,282300,62400,0.323526,-0.684032,0.0009062,0.00093699,14.287761,13.682033,2023-08-01
26295,2023-07-25 09:24:00,19950.0,19687.95,4951900,628100,15.7,263.6,218450,8400,0.28471,-0.723078,0.0008367,0.00085793,14.617095,14.065438,2023-08-01
23671,2023-07-25 09:25:00,19450.0,19690.55,226400,2655900,266.75,14.05,2850,263650,0.750703,-0.248642,0.00079076,0.00079213,14.460858,14.415535,2023-08-01
18418,2023-07-25 09:25:00,19500.0,19690.55,1935350,6788950,223.9,20.6,40000,444850,0.711053,-0.286634,0.00086083,0.00086841,14.305972,14.127323,2023-08-01
13161,2023-07-25 09:25:00,19550.0,19690.55,367900,2570000,183.45,29.8,28050,392050,0.668578,-0.329071,0.00092848,0.00094027,14.080723,13.86458,2023-08-01
7904,2023-07-25 09:25:00,19600.0,19690.55,1756500,4912200,146.35,42.75,169250,454250,0.622333,-0.376258,0.00098738,0.00099876,13.870842,13.696937,2023-08-01
2643,2023-07-25 09:25:00,19650.0,19690.55,1757350,3728000,113.6,60.05,307250,498300,0.572549,-0.426762,0.00102936,0.00104008,13.735545,13.589597,2023-08-01
11,2023-07-25 09:25:00,19700.0,19690.55,10375100,9165300,85.25,81.7,1028350,814500,0.520703,-0.479164,0.00105633,0.00106702,13.592128,13.455822,2023-08-01
5274,2023-07-25 09:25:00,19750.0,19690.55,5703100,2930100,63.1,109.55,455500,263650,0.468253,-0.532137,0.00104639,0.00105668,13.696307,13.561852,2023-08-01
10532,2023-07-25 09:25:00,19800.0,19690.55,13650900,6002650,45.6,141.8,528400,233500,0.417441,-0.583762,0.00101725,0.00103035,13.829612,13.644975,2023-08-01
15789,2023-07-25 09:25:00,19850.0,19690.55,6683550,1439050,32.1,179.15,231200,87950,0.369011,-0.631279,0.00097374,0.0009756,13.961667,13.93145,2023-08-01
21043,2023-07-25 09:25:00,19900.0,19690.55,10861300,2714000,22.35,218.8,357250,70600,0.324505,-0.67761,0.00091458,0.00092342,14.173323,13.999813,2023-08-01
26296,2023-07-25 09:25:00,19950.0,19690.55,4951900,628100,15.6,262.8,198250,5350,0.28507,-0.714675,0.00084477,0.00084405,14.484979,14.503493,2023-08-01
23672,2023-07-25 09:26:00,19450.0,19691.0,225050,2714500,267.85,13.95,1450,168100,0.747914,-0.248111,0.00078345,0.00079188,14.682293,14.404025,2023-08-01
18419,2023-07-25 09:26:00,19500.0,19691.0,1947300,6847800,223.85,20.5,24050,233400,0.712765,-0.286191,0.00086461,0.00086801,14.203883,14.123876,2023-08-01
13162,2023-07-25 09:26:00,19550.0,19691.0,377650,2611850,182.15,29.6,25050,221700,0.672761,-0.328446,0.00094677,0.00094078,13.738702,13.846757,2023-08-01
7905,2023-07-25 09:26:00,19600.0,19691.0,1845200,5055800,145.5,42.6,117550,443550,0.624486,-0.375806,0.00100074,0.0009984,13.661624,13.697021,2023-08-01
2644,2023-07-25 09:26:00,19650.0,19691.0,1817850,4056600,113.0,60.0,146100,366650,0.573694,-0.426406,0.00103967,0.00103813,13.592292,13.613103,2023-08-01
12,2023-07-25 09:26:00,19700.0,19691.0,10691900,9440600,84.9,81.5,656100,717200,0.521268,-0.478691,0.00106343,0.00106656,13.500778,13.461083,2023-08-01
5275,2023-07-25 09:26:00,19750.0,19691.0,5769700,2964400,62.65,109.3,323350,186050,0.468424,-0.531654,0.0010544,0.00105649,13.593106,13.565886,2023-08-01
10533,2023-07-25 09:26:00,19800.0,19691.0,13716600,6075950,45.1,142.0,442650,225350,0.417159,-0.582705,0.00102555,0.00102406,13.716007,13.736938,2023-08-01
15790,2023-07-25 09:26:00,19850.0,19691.0,6673500,1469700,31.8,179.5,220700,59500,0.368658,-0.629511,0.00097918,0.00096736,13.880097,14.072383,2023-08-01
21044,2023-07-25 09:26:00,19900.0,19691.0,10864350,2711350,22.0,219.05,305350,47650,0.323668,-0.675372,0.00092027,0.00091623,14.07108,14.150253,2023-08-01
26297,2023-07-25 09:26:00,19950.0,19691.0,4923200,627550,15.45,264.05,204100,3200,0.28461,-0.707996,0.00084765,0.00082646,14.425069,14.974896,2023-08-01
23673,2023-07-25 09:27:00,19450.0,19681.55,225050,2714500,262.25,14.65,3350,166100,0.730717,-0.253405,0.00077222,0.00081001,15.418624,14.247515,2023-08-01
18420,2023-07-25 09:27:00,19500.0,19681.55,1947300,6847800,218.0,21.6,25300,340250,0.69899,-0.292616,0.00085662,0.00088653,14.657833,13.981201,2023-08-01
13163,2023-07-25 09:27:00,19550.0,19681.55,377650,2611850,177.8,31.35,25250,259350,0.657818,-0.33624,0.00092514,0.0009575,14.316068,13.739385,2023-08-01
7906,2023-07-25 09:27:00,19600.0,19681.55,1845200,5055800,141.45,44.95,106700,523900,0.611806,-0.384379,0.00098046,0.00101449,14.091763,13.579876,2023-08-01
2645,2023-07-25 09:27:00,19650.0,19681.55,1817850,4056600,109.4,62.9,166950,485350,0.562506,-0.435599,0.00102017,0.00105493,13.9273,13.458109,2023-08-01
13,2023-07-25 09:27:00,19700.0,19681.55,10691900,9440600,81.9,85.6,691050,1166000,0.511136,-0.488753,0.00104339,0.0010763,13.781571,13.3601,2023-08-01
5276,2023-07-25 09:27:00,19750.0,19681.55,5769700,2964400,60.5,114.1,359050,334200,0.459469,-0.542131,0.00103124,0.00106516,13.877269,13.429742,2023-08-01
10534,2023-07-25 09:27:00,19800.0,19681.55,13716600,6075950,43.65,147.25,410400,384650,0.409505,-0.593936,0.00100072,0.00103431,14.003384,13.520663,2023-08-01
15791,2023-07-25 09:27:00,19850.0,19681.55,6673500,1469700,30.75,184.1,211250,69850,0.362069,-0.644107,0.00095574,0.00099221,14.142482,13.541599,2023-08-01
21045,2023-07-25 09:27:00,19900.0,19681.55,10864350,2711350,21.4,225.0,391550,70000,0.318455,-0.689826,0.00089689,0.00092891,14.348003,13.698038,2023-08-01
26298,2023-07-25 09:27:00,19950.0,19681.55,4923200,627550,14.95,267.75,250650,8400,0.279908,-0.735739,0.00082797,0.00086753,14.657755,13.594803,2023-08-01
23674,2023-07-25 09:28:00,19450.0,19676.4,225050,2714500,260.1,15.05,4150,174900,0.719553,-0.256376,0.00075899,0.00082007,16.009714,14.163172,2023-08-01
18421,2023-07-25 09:28:00,19500.0,19676.4,1947300,6847800,215.75,22.05,37150,371350,0.689629,-0.295661,0.00084359,0.00089875,15.092329,13.861536,2023-08-01
13164,2023-07-25 09:28:00,19550.0,19676.4,377650,2611850,175.9,31.95,28100,295950,0.649473,-0.339732,0.00090957,0.00097138,14.696382,13.601499,2023-08-01
7907,2023-07-25 09:28:00,19600.0,19676.4,1845200,5055800,139.45,45.9,133200,583550,0.605044,-0.388633,0.00096812,0.00102801,14.345122,13.448479,2023-08-01
2646,2023-07-25 09:28:00,19650.0,19676.4,1817850,4056600,107.9,64.15,200650,600900,0.556394,-0.440468,0.0010051,0.0010691,14.1733,13.309459,2023-08-01
14,2023-07-25 09:28:00,19700.0,19676.4,10691900,9440600,80.6,86.75,720650,908850,0.505787,-0.494333,0.00102927,0.00109684,13.97895,13.11782,2023-08-01
5277,2023-07-25 09:28:00,19750.0,19676.4,5769700,2964400,59.25,115.6,439700,268150,0.454667,-0.548768,0.00102037,0.00108575,14.011202,13.153981,2023-08-01
10535,2023-07-25 09:28:00,19800.0,19676.4,13716600,6075950,42.75,149.1,582750,383900,0.40529,-0.601816,0.00098925,0.00105461,14.134137,13.197704,2023-08-01
15792,2023-07-25 09:28:00,19850.0,19676.4,6673500,1469700,30.1,185.9,355300,58650,0.358384,-0.654642,0.00094451,0.00101762,14.264724,13.06432,2023-08-01
21046,2023-07-25 09:28:00,19900.0,19676.4,10864350,2711350,20.85,227.5,367050,51350,0.314985,-0.701339,0.00088731,0.0009471,14.440279,13.214746,2023-08-01
26299,2023-07-25 09:28:00,19950.0,19676.4,4923200,627550,14.55,270.5,247650,8650,0.276837,-0.750951,0.00081903,0.00088398,14.742821,12.940185,2023-08-01
23675,2023-07-25 09:29:00,19450.0,19676.25,225750,2734200,261.2,15.05,1950,150950,0.715746,-0.256433,0.00074899,0.00082045,16.329853,14.159164,2023-08-01
18422,2023-07-25 09:29:00,19500.0,19676.25,1962650,6851950,217.6,22.05,47700,498800,0.684713,-0.295728,0.00082505,0.0008992,15.537154,13.85675,2023-08-01
13165,2023-07-25 09:29:00,19550.0,19676.25,398600,2671100,177.05,31.75,33950,270550,0.647096,-0.339381,0.00089663,0.00097436,14.945615,13.555199,2023-08-01
7908,2023-07-25 09:29:00,19600.0,19676.25,1963550,5268600,140.7,45.6,194000,531400,0.603345,-0.388329,0.00095337,0.00103248,14.584941,13.387997,2023-08-01
2647,2023-07-25 09:29:00,19650.0,19676.25,1951150,4210950,108.65,63.7,255650,588300,0.555773,-0.440305,0.00099552,0.00107581,14.313643,13.226374,2023-08-01
15,2023-07-25 09:29:00,19700.0,19676.25,11156100,9699600,81.45,86.25,885100,1043550,0.505655,-0.494513,0.00101824,0.00110467,14.131168,13.025611,2023-08-01
5278,2023-07-25 09:29:00,19750.0,19676.25,5983650,3040100,59.85,114.9,356350,307950,0.454935,-0.549507,0.00101231,0.00109663,14.124636,13.021172,2023-08-01
10536,2023-07-25 09:29:00,19800.0,19676.25,13860900,6089750,43.1,148.2,644750,441700,0.405669,-0.603522,0.00098429,0.00106865,14.209432,13.010022,2023-08-01
15793,2023-07-25 09:29:00,19850.0,19676.25,6752800,1462150,30.2,185.55,384000,51050,0.358543,-0.656021,0.00094267,0.00102421,14.2956,12.961579,2023-08-01
21047,2023-07-25 09:29:00,19900.0,19676.25,10918250,2709800,20.8,225.95,359350,64600,0.314797,-0.708421,0.00088735,0.00097113,14.436673,12.746804,2023-08-01
26300,2023-07-25 09:29:00,19950.0,19676.25,4950100,626750,14.4,268.0,221800,5600,0.276172,-0.770408,0.00082022,0.00092128,14.704816,11.877043,2023-08-01
23676,2023-07-25 09:30:00,19450.0,19684.75,225750,2734200,265.5,14.3,1900,180950,0.731213,-0.251183,0.00076373,0.00080474,15.575488,14.274171,2023-08-01
18423,2023-07-25 09:30:00,19500.0,19684.75,1962650,6851950,221.15,21.0,75450,505400,0.700039,-0.289773,0.000847,0.00088244,14.800749,13.981739,2023-08-01
13166,2023-07-25 09:30:00,19550.0,19684.75,398600,2671100,181.1,30.4,28300,302000,0.658867,-0.332852,0.00091176,0.00095569,14.508864,13.710535,2023-08-01
7909,2023-07-25 09:30:00,19600.0,19684.75,1963550,5268600,144.2,43.8,203450,597500,0.614099,-0.381005,0.00097078,0.00101296,14.207563,13.564295,2023-08-01
2648,2023-07-25 09:30:00,19650.0,19684.75,1951150,4210950,110.4,61.4,228500,546900,0.566343,-0.432114,0.00102872,0.00105531,13.789543,13.433173,2023-08-01
16,2023-07-25 09:30:00,19700.0,19684.75,11156100,9699600,82.8,83.5,864450,897000,0.514518,-0.485277,0.00105093,0.00108182,13.678756,13.287883,2023-08-01
5279,2023-07-25 09:30:00,19750.0,19684.75,5983650,3040100,60.7,111.4,440000,256100,0.462186,-0.539168,0.00104503,0.00107594,13.703124,13.305146,2023-08-01
10537,2023-07-25 09:30:00,19800.0,19684.75,13860900,6089750,44.35,144.5,552450,323750,0.412356,-0.591323,0.00100593,0.00104322,13.953645,13.426067,2023-08-01
15794,2023-07-25 09:30:00,19850.0,19684.75,6752800,1462150,31.0,181.35,262850,74000,0.364116,-0.641562,0.00096446,0.00099892,14.041134,13.483961,2023-08-01
21048,2023-07-25 09:30:00,19900.0,19684.75,10918250,2709800,21.4,221.2,337550,94000,0.319655,-0.690742,0.00090682,0.00094772,14.213175,13.408501,2023-08-01
26301,2023-07-25 09:30:00,19950.0,19684.75,4950100,626750,14.8,265.0,245600,6150,0.280225,-0.732536,0.00083789,0.00087094,14.491734,13.624265,2023-08-01
23677,2023-07-25 09:31:00,19450.0,19689.7,225750,2734200,268.7,13.75,3900,171100,0.738734,-0.247595,0.00076689,0.00079697,15.286029,14.300489,2023-08-01
18424,2023-07-25 09:31:00,19500.0,19689.7,1962650,6851950,225.05,20.2,57700,301300,0.704519,-0.285674,0.00084243,0.00087512,14.77626,14.001303,2023-08-01
13167,2023-07-25 09:31:00,19550.0,19689.7,398600,2671100,184.25,29.2,38200,244050,0.664517,-0.328101,0.0009128,0.0009502,14.396348,13.707958,2023-08-01
7910,2023-07-25 09:31:00,19600.0,19689.7,1963550,5268600,147.4,41.95,154500,530500,0.619084,-0.375574,0.00096851,0.00101208,14.182969,13.513444,2023-08-01
2649,2023-07-25 09:31:00,19650.0,19689.7,1951150,4210950,114.2,59.25,315650,509000,0.570767,-0.426783,0.00101572,0.00105438,13.93602,13.409779,2023-08-01
17,2023-07-25 09:31:00,19700.0,19689.7,11156100,9699600,85.75,80.7,745200,816200,0.519648,-0.479877,0.00104413,0.00108518,13.757453,13.23624,2023-08-01
5280,2023-07-25 09:31:00,19750.0,19689.7,5983650,3040100,63.45,108.45,612250,243050,0.467718,-0.533841,0.00103673,0.00107697,13.827027,13.306066,2023-08-01
10538,2023-07-25 09:31:00,19800.0,19689.7,13860900,6089750,45.6,140.6,644500,214900,0.416949,-0.586793,0.00101264,0.00105293,13.893533,13.334383,2023-08-01
15795,2023-07-25 09:31:00,19850.0,19689.7,6752800,1462150,31.95,176.95,287250,71600,0.368388,-0.637947,0.00097166,0.00101184,13.988425,13.35524,2023-08-01
21049,2023-07-25 09:31:00,19900.0,19689.7,10918250,2709800,22.1,216.95,356350,76200,0.323568,-0.686497,0.00091431,0.00095555,14.165322,13.374841,2023-08-01
26302,2023-07-25 09:31:00,19950.0,19689.7,4950100,626750,15.35,260.6,221400,4400,0.283935,-0.728412,0.0008449,0.00087827,14.459924,13.611714,2023-08-01
23678,2023-07-25 09:32:00,19450.0,19697.1,225600,2758350,270.6,13.4,850,139800,0.765016,-0.244373,0.00079916,0.00078131,13.857341,14.480332,2023-08-01
18425,2023-07-25 09:32:00,19500.0,19697.1,1979850,6953450,226.35,19.75,47150,334750,0.727083,-0.282029,0.00088417,0.00085668,13.549239,14.210353,2023-08-01
13168,2023-07-25 09:32:00,19550.0,19697.1,414800,2728800,185.55,28.65,36650,171400,0.681694,-0.32394,0.00095451,0.00092813,13.471909,13.956413,2023-08-01
7911,2023-07-25 09:32:00,19600.0,19697.1,1965100,5406050,148.0,41.35,141800,393050,0.63333,-0.370789,0.00101598,0.00098507,13.353212,13.822731,2023-08-01
2650,2023-07-25 09:32:00,19650.0,19697.1,2005400,4244550,115.05,58.4,296800,362050,0.581453,-0.420832,0.00105623,0.00102433,13.327189,13.758512,2023-08-01
18,2023-07-25 09:32:00,19700.0,19697.1,11400750,9805050,86.55,79.5,727200,903300,0.528086,-0.472447,0.00108042,0.00105243,13.274061,13.628374,2023-08-01
5281,2023-07-25 09:32:00,19750.0,19697.1,5990600,3045200,63.8,106.8,411650,195600,0.4743,-0.524796,0.00107275,0.00104375,13.374408,13.747982,2023-08-01
10539,2023-07-25 09:32:00,19800.0,19697.1,13898500,6154000,46.0,139.5,570050,204000,0.422247,-0.574776,0.00104231,0.00100702,13.53077,14.025476,2023-08-01
15796,2023-07-25 09:32:00,19850.0,19697.1,6763500,1478050,32.25,175.45,193950,44550,0.372652,-0.622703,0.00099744,0.00096573,13.673304,14.177591,2023-08-01
21050,2023-07-25 09:32:00,19900.0,19697.1,10965450,2742350,22.3,215.1,247150,70600,0.326968,-0.667057,0.00093665,0.00091023,13.882112,14.38922,2023-08-01
26303,2023-07-25 09:32:00,19950.0,19697.1,5002100,626200,15.4,258.35,164050,1750,0.286313,-0.704712,0.00086488,0.00083814,14.177568,14.8424,2023-08-01
23679,2023-07-25 09:33:00,19450.0,19699.0,225600,2758350,271.95,13.2,2650,105400,0.76836,-0.243047,0.00079946,0.00077837,13.741736,14.49153,2023-08-01
18426,2023-07-25 09:33:00,19500.0,19699.0,1979850,6953450,227.55,19.5,36950,318750,0.730332,-0.280655,0.00088591,0.00085346,13.441557,14.229774,2023-08-01
13169,2023-07-25 09:33:00,19550.0,19699.0,414800,2728800,186.7,28.45,35700,147950,0.684375,-0.322757,0.00095609,0.00092327,13.400849,14.007996,2023-08-01
7912,2023-07-25 09:33:00,19600.0,19699.0,1965100,5406050,149.2,41.15,128750,337250,0.635482,-0.369524,0.00101575,0.0009789,13.329364,13.893802,2023-08-01
2651,2023-07-25 09:33:00,19650.0,19699.0,2005400,4244550,115.8,58.1,254500,306250,0.583851,-0.419281,0.00106033,0.00101788,13.257949,13.833874,2023-08-01
19,2023-07-25 09:33:00,19700.0,19699.0,11400750,9805050,87.15,79.5,881850,658600,0.530242,-0.470686,0.00108495,0.00104063,13.212828,13.777876,2023-08-01
5282,2023-07-25 09:33:00,19750.0,19699.0,5990600,3045200,64.25,106.85,440650,186850,0.476201,-0.522403,0.0010776,0.00102991,13.317528,13.936965,2023-08-01
10540,2023-07-25 09:33:00,19800.0,19699.0,13898500,6154000,46.4,139.0,455550,234050,0.423977,-0.572114,0.00104625,0.00099872,13.490804,14.159096,2023-08-01
15797,2023-07-25 09:33:00,19850.0,19699.0,6763500,1478050,32.6,175.0,176300,42800,0.374301,-0.619241,0.00100065,0.00095572,13.647996,14.365559,2023-08-01
21051,2023-07-25 09:33:00,19900.0,19699.0,10965450,2742350,22.5,215.05,257450,53400,0.328301,-0.661589,0.00094061,0.00089499,13.845821,14.72698,2023-08-01
26304,2023-07-25 09:33:00,19950.0,19699.0,5002100,626200,15.6,258.2,196800,3550,0.287714,-0.698094,0.00086786,0.00082447,14.160892,15.240721,2023-08-01
23680,2023-07-25 09:34:00,19450.0,19701.9,225600,2758350,274.8,12.35,2600,183550,0.769184,-0.238317,0.00079235,0.00077898,13.836215,14.32486,2023-08-01
18427,2023-07-25 09:34:00,19500.0,19701.9,1979850,6953450,231.25,18.2,77400,431050,0.72795,-0.275247,0.00086758,0.00085834,13.784525,14.013768,2023-08-01
13170,2023-07-25 09:34:00,19550.0,19701.9,414800,2728800,189.4,26.75,46000,276400,0.685961,-0.31744,0.00094712,0.00093192,13.497233,13.780542,2023-08-01
7913,2023-07-25 09:34:00,19600.0,19701.9,1965100,5406050,151.6,38.85,257550,608350,0.637796,-0.36431,0.00100837,0.00099336,13.39666,13.625881,2023-08-01
2652,2023-07-25 09:34:00,19650.0,19701.9,2005400,4244550,117.85,55.15,319150,647150,0.586663,-0.414608,0.00105505,0.00103858,13.302356,13.522861,2023-08-01
20,2023-07-25 09:34:00,19700.0,19701.9,11400750,9805050,88.75,75.85,1141300,1005950,0.533358,-0.466994,0.001083,0.0010683,13.227025,13.409948,2023-08-01
5283,2023-07-25 09:34:00,19750.0,19701.9,5990600,3045200,65.45,102.7,604200,324650,0.479311,-0.520241,0.0010784,0.00106134,13.312087,13.526834,2023-08-01
10541,2023-07-25 09:34:00,19800.0,19701.9,13898500,6154000,47.2,134.15,806300,448200,0.426827,-0.572105,0.00104994,0.00103642,13.460389,13.642764,2023-08-01
15798,2023-07-25 09:34:00,19850.0,19701.9,6763500,1478050,32.9,170.25,250500,74350,0.37638,-0.620952,0.0010088,0.00098978,13.560015,13.850879,2023-08-01
21052,2023-07-25 09:34:00,19900.0,19701.9,10965450,2742350,22.65,209.65,242100,78600,0.329889,-0.666915,0.00094881,0.00093421,13.751556,14.020185,2023-08-01
26305,2023-07-25 09:34:00,19950.0,19701.9,5002100,626200,15.65,253.7,203150,6500,0.28881,-0.702716,0.0008756,0.00084955,14.05941,14.686334,2023-08-01
23681,2023-07-25 09:35:00,19450.0,19702.05,225650,2803250,276.65,12.2,1650,154850,0.76029,-0.237553,0.00077596,0.00077996,14.426942,14.282236,2023-08-01
18428,2023-07-25 09:35:00,19500.0,19702.05,1986650,7040650,231.35,18.0,61550,329900,0.728148,-0.274488,0.00086757,0.00085997,13.78024,13.968647,2023-08-01
13171,2023-07-25 09:35:00,19550.0,19702.05,433800,2775000,190.0,26.35,35550,205550,0.684776,-0.31636,0.00094104,0.00093597,13.606916,13.701685,2023-08-01
7914,2023-07-25 09:35:00,19600.0,19702.05,1930850,5430400,151.9,38.45,297600,480600,0.637585,-0.363564,0.00100567,0.00099749,13.435837,13.560577,2023-08-01
2653,2023-07-25 09:35:00,19650.0,19702.05,2047500,4391700,118.25,54.85,282150,376200,0.586503,-0.414226,0.00105086,0.00104145,13.357045,13.483256,2023-08-01
21,2023-07-25 09:35:00,19700.0,19702.05,11634900,10039650,88.85,75.4,1063600,950700,0.533508,-0.466721,0.00108254,0.00107308,13.232733,13.350039,2023-08-01
5284,2023-07-25 09:35:00,19750.0,19702.05,5995050,3142050,65.55,102.15,456400,276050,0.479486,-0.52024,0.00107781,0.00106728,13.320176,13.452097,2023-08-01
10542,2023-07-25 09:35:00,19800.0,19702.05,13959450,6036600,47.0,133.6,663300,395600,0.426729,-0.572407,0.00105322,0.00104226,13.418421,13.565041,2023-08-01
15799,2023-07-25 09:35:00,19850.0,19702.05,6782100,1469200,32.8,169.9,225750,39550,0.376285,-0.621224,0.00101065,0.00099288,13.534599,13.805119,2023-08-01
21053,2023-07-25 09:35:00,19900.0,19702.05,10925450,2756950,22.5,209.8,266100,63850,0.329537,-0.666039,0.0009512,0.00093096,13.711626,14.084297,2023-08-01
26306,2023-07-25 09:35:00,19950.0,19702.05,4988450,627150,15.5,250.55,188000,2050,0.288268,-0.714326,0.00087781,0.00088557,14.01228,13.830078,2023-08-01
23682,2023-07-25 09:36:00,19450.0,19694.55,225650,2803250,270.75,12.8,3000,172500,0.751166,-0.24214,0.0007798,0.00079331,14.654233,14.195228,2023-08-01
18429,2023-07-25 09:36:00,19500.0,19694.55,1986650,7040650,225.65,18.9,63300,352100,0.719398,-0.279875,0.00087135,0.0008736,13.941544,13.888124,2023-08-01
13172,2023-07-25 09:36:00,19550.0,19694.55,433800,2775000,185.0,27.7,37750,195300,0.675565,-0.322649,0.00094012,0.00094868,13.79146,13.635996,2023-08-01
7915,2023-07-25 09:36:00,19600.0,19694.55,1930850,5430400,147.35,40.3,169950,544000,0.628807,-0.370479,0.00100373,0.00100922,13.574926,13.492621,2023-08-01
2654,2023-07-25 09:36:00,19650.0,19694.55,2047500,4391700,114.5,57.3,319250,470100,0.57782,-0.421689,0.00104439,0.00105152,13.507807,13.412833,2023-08-01
22,2023-07-25 09:36:00,19700.0,19694.55,11634900,10039650,85.75,78.5,854300,988500,0.525198,-0.474676,0.0010737,0.00108133,13.367902,13.27334,2023-08-01
5285,2023-07-25 09:36:00,19750.0,19694.55,5995050,3142050,63.05,105.95,401850,286650,0.471716,-0.528462,0.00106758,0.00107286,13.437572,13.37104,2023-08-01
10543,2023-07-25 09:36:00,19800.0,19694.55,13959450,6036600,45.25,137.9,501000,261050,0.419734,-0.580981,0.00103927,0.00104746,13.55744,13.446421,2023-08-01
15800,2023-07-25 09:36:00,19850.0,19694.55,6782100,1469200,31.65,175.0,225450,39200,0.370256,-0.629529,0.00099434,0.00099291,13.691901,13.7142,2023-08-01
21054,2023-07-25 09:36:00,19900.0,19694.55,10925450,2756950,21.75,214.95,245050,47200,0.324447,-0.675581,0.00093451,0.00093463,13.874458,13.872198,2023-08-01
26307,2023-07-25 09:36:00,19950.0,19694.55,4988450,627150,14.95,257.4,185400,6950,0.283781,-0.719351,0.00086272,0.00087157,14.157506,13.939057,2023-08-01
23683,2023-07-25 09:37:00,19450.0,19685.55,225650,2803250,264.45,13.3,700,141450,0.737936,-0.24655,0.00077757,0.00081219,15.107318,14.007754,2023-08-01
18430,2023-07-25 09:37:00,19500.0,19685.55,1986650,7040650,221.6,19.8,53750,274550,0.701068,-0.285671,0.00084741,0.00089283,14.774906,13.730364,2023-08-01
13173,2023-07-25 09:37:00,19550.0,19685.55,433800,2775000,180.55,28.85,46050,208750,0.66177,-0.329028,0.00092264,0.00097071,14.295089,13.440206,2023-08-01
7916,2023-07-25 09:37:00,19600.0,19685.55,1930850,5430400,143.8,42.35,202900,591000,0.616006,-0.378512,0.00098003,0.00102668,14.057142,13.360226,2023-08-01
2655,2023-07-25 09:37:00,19650.0,19685.55,2047500,4391700,110.9,59.85,320400,482500,0.567073,-0.43039,0.00102705,0.00107008,13.811693,13.241585,2023-08-01
23,2023-07-25 09:37:00,19700.0,19685.55,11634900,10039650,83.15,81.7,788400,825300,0.515339,-0.484294,0.00105045,0.0010998,13.687925,13.073215,2023-08-01
5286,2023-07-25 09:37:00,19750.0,19685.55,5995050,3142050,61.0,109.85,476400,294350,0.46303,-0.538923,0.00104458,0.00109005,13.715833,13.137487,2023-08-01
10544,2023-07-25 09:37:00,19800.0,19685.55,13959450,6036600,43.75,142.6,405800,261150,0.412179,-0.592261,0.00101621,0.00106161,13.815116,13.189967,2023-08-01
15801,2023-07-25 09:37:00,19850.0,19685.55,6782100,1469200,30.4,179.55,194450,58850,0.363364,-0.643409,0.00097435,0.00101559,13.89307,13.242673,2023-08-01
21055,2023-07-25 09:37:00,19900.0,19685.55,10925450,2756950,20.85,218.85,279650,46350,0.31839,-0.696107,0.00091556,0.00097218,14.058169,12.974476,2023-08-01
26308,2023-07-25 09:37:00,19950.0,19685.55,4988450,627150,14.45,262.9,179100,3050,0.279102,-0.739237,0.00084359,0.00089016,14.370096,13.162727,2023-08-01
23684,2023-07-25 09:38:00,19450.0,19688.2,225700,2814500,266.25,12.9,850,119400,0.74185,-0.244057,0.00077857,0.00080899,14.969844,13.985369,2023-08-01
18431,2023-07-25 09:38:00,19500.0,19688.2,2018000,7126800,222.75,19.2,30850,200650,0.706231,-0.28282,0.00085442,0.00089078,14.535728,13.695029,2023-08-01
13174,2023-07-25 09:38:00,19550.0,19688.2,430150,2814250,181.7,28.25,18550,148400,0.666003,-0.326526,0.00092919,0.00096719,14.123573,13.446405,2023-08-01
7917,2023-07-25 09:38:00,19600.0,19688.2,2007700,5394900,145.05,41.15,128800,272450,0.619347,-0.375232,0.00098414,0.00102889,13.960581,13.294352,2023-08-01
2656,2023-07-25 09:38:00,19650.0,19688.2,2115400,4445950,112.25,58.3,149700,293150,0.569948,-0.42717,0.00102823,0.00107481,13.777177,13.162697,2023-08-01
24,2023-07-25 09:38:00,19700.0,19688.2,11874800,10152850,84.05,80.0,461000,585350,0.518171,-0.481331,0.00105519,0.00110436,13.621241,13.014026,2023-08-01
5287,2023-07-25 09:38:00,19750.0,19688.2,6112700,3163200,61.65,107.6,298300,148400,0.465583,-0.536403,0.00105038,0.00109982,13.646735,13.027561,2023-08-01
10545,2023-07-25 09:38:00,19800.0,19688.2,14094050,6059600,44.1,140.5,312050,179100,0.414282,-0.589808,0.00102383,0.00106703,13.727326,13.140854,2023-08-01
15802,2023-07-25 09:38:00,19850.0,19688.2,6839250,1495000,30.8,177.35,268300,31600,0.365466,-0.641085,0.00097955,0.00102041,13.844919,13.208945,2023-08-01
21056,2023-07-25 09:38:00,19900.0,19688.2,10944250,2768150,21.1,217.95,167600,32150,0.320146,-0.688733,0.0009211,0.00095684,14.004684,13.320978,2023-08-01
26309,2023-07-25 09:38:00,19950.0,19688.2,5023250,625750,14.55,263.45,141400,800,0.280299,-0.722492,0.00084959,0.00085713,14.297112,14.102507,2023-08-01
23685,2023-07-25 09:39:00,19450.0,19681.95,225700,2814500,260.1,13.55,1950,192600,0.739954,-0.24859,0.00079352,0.00081944,14.748996,13.949011,2023-08-01
18432,2023-07-25 09:39:00,19500.0,19681.95,2018000,7126800,217.95,20.2,51100,281100,0.700036,-0.28816,0.00085883,0.00090028,14.60527,13.676609,2023-08-01
13175,2023-07-25 09:39:00,19550.0,19681.95,430150,2814250,177.5,29.65,25100,329800,0.659118,-0.332425,0.00093,0.0009756,14.228481,13.431646,2023-08-01
7918,2023-07-25 09:39:00,19600.0,19681.95,2007700,5394900,140.55,43.15,170300,436050,0.613525,-0.381732,0.00099225,0.0010342,13.91419,13.301005,2023-08-01
2657,2023-07-25 09:39:00,19650.0,19681.95,2115400,4445950,108.25,60.8,292700,415800,0.563711,-0.433879,0.00103508,0.0010788,13.727678,13.158094,2023-08-01
25,2023-07-25 09:39:00,19700.0,19681.95,11874800,10152850,80.75,83.2,878850,932950,0.511579,-0.488242,0.0010585,0.00110462,13.591952,13.024304,2023-08-01
5288,2023-07-25 09:39:00,19750.0,19681.95,6112700,3163200,59.05,111.7,447000,302200,0.458978,-0.543049,0.00104996,0.00109342,13.635734,13.086694,2023-08-01
10546,2023-07-25 09:39:00,19800.0,19681.95,14094050,6059600,42.35,144.85,545950,275000,0.408199,-0.59642,0.00101737,0.0010626,13.771187,13.147632,2023-08-01
15803,2023-07-25 09:39:00,19850.0,19681.95,6839250,1495000,29.6,182.0,424150,38050,0.360019,-0.647841,0.00097034,0.00101661,13.910329,13.174341,2023-08-01
21057,2023-07-25 09:39:00,19900.0,19681.95,10944250,2768150,20.25,222.75,343100,55100,0.315249,-0.696252,0.0009111,0.0009549,14.071562,13.210068,2023-08-01
26310,2023-07-25 09:39:00,19950.0,19681.95,5023250,625750,14.0,267.15,197450,4700,0.276178,-0.736655,0.00083897,0.00087104,14.379133,13.523614,2023-08-01
23686,2023-07-25 09:40:00,19450.0,19683.65,225700,2814500,260.55,13.75,400,132850,0.745495,-0.249155,0.00080092,0.00081273,14.449416,14.080657,2023-08-01
18433,2023-07-25 09:40:00,19500.0,19683.65,2018000,7126800,216.9,20.6,57500,299000,0.708828,-0.288994,0.00088251,0.00088996,14.019718,13.853522,2023-08-01
13176,2023-07-25 09:40:00,19550.0,19683.65,430150,2814250,176.2,30.15,19300,194900,0.666221,-0.332895,0.00095774,0.00096241,13.7035,13.622724,2023-08-01
7919,2023-07-25 09:40:00,19600.0,19683.65,2007700,5394900,139.65,43.65,94650,341050,0.618036,-0.38152,0.00101549,0.00101934,13.547997,13.492104,2023-08-01
2658,2023-07-25 09:40:00,19650.0,19683.65,2115400,4445950,107.9,61.65,170300,276900,0.566411,-0.433206,0.00105085,0.00105757,13.505945,13.417948,2023-08-01
26,2023-07-25 09:40:00,19700.0,19683.65,11874800,10152850,80.5,83.95,457150,562050,0.513451,-0.486491,0.00107204,0.00108249,13.41773,13.288186,2023-08-01
5289,2023-07-25 09:40:00,19750.0,19683.65,6112700,3163200,58.85,112.6,205550,169200,0.460257,-0.540018,0.00106155,0.00106767,13.490766,13.412444,2023-08-01
10547,2023-07-25 09:40:00,19800.0,19683.65,14094050,6059600,42.3,146.1,290400,185300,0.409191,-0.591311,0.00102568,0.0010307,13.667163,13.59652,2023-08-01
15804,2023-07-25 09:40:00,19850.0,19683.65,6839250,1495000,29.45,183.35,143950,23000,0.360508,-0.640042,0.00097876,0.00098206,13.796627,13.743005,2023-08-01
21058,2023-07-25 09:40:00,19900.0,19683.65,10944250,2768150,20.15,224.35,170050,38100,0.315555,-0.684203,0.00091781,0.00091686,13.974002,13.993004,2023-08-01
26311,2023-07-25 09:40:00,19950.0,19683.65,5023250,625750,13.95,268.25,140900,2150,0.276445,-0.722641,0.00084405,0.00084166,14.298689,14.362564,2023-08-01
23687,2023-07-25 09:41:00,19450.0,19689.05,225700,2808700,260.55,13.4,350,68200,0.774524,-0.24633,0.00084107,0.00080169,12.876949,14.184794,2023-08-01
18434,2023-07-25 09:41:00,19500.0,19689.05,2059350,7060350,219.6,19.95,29050,167400,0.719607,-0.28522,0.00089495,0.00087942,13.575983,13.929471,2023-08-01
13177,2023-07-25 09:41:00,19550.0,19689.05,445550,2932650,178.6,29.25,30100,110850,0.675515,-0.328643,0.00097226,0.00095148,13.343287,13.705657,2023-08-01
7920,2023-07-25 09:41:00,19600.0,19689.05,2052250,5435300,141.65,42.7,89700,231850,0.626118,-0.377185,0.00103202,0.0010051,13.240191,13.632446,2023-08-01
2659,2023-07-25 09:41:00,19650.0,19689.05,2193950,4366500,109.5,60.25,95950,459700,0.573368,-0.428139,0.00106848,0.00104451,13.238766,13.552068,2023-08-01
27,2023-07-25 09:41:00,19700.0,19689.05,12169300,10228550,81.6,82.6,399300,461000,0.519465,-0.480844,0.00109203,0.00106385,13.160988,13.510047,2023-08-01
5290,2023-07-25 09:41:00,19750.0,19689.05,6275850,3171200,59.75,111.15,148300,141950,0.465327,-0.533351,0.00107953,0.00104595,13.27891,13.709028,2023-08-01
10548,2023-07-25 09:41:00,19800.0,19689.05,14325700,6084450,42.9,143.7,291850,147850,0.413378,-0.584184,0.00104314,0.00101711,13.467723,13.831112,2023-08-01
15805,2023-07-25 09:41:00,19850.0,19689.05,6899200,1480100,29.85,181.0,105850,12600,0.363955,-0.631222,0.00099499,0.0009645,13.612535,14.104472,2023-08-01
21059,2023-07-25 09:41:00,19900.0,19689.05,10980550,2707300,20.45,221.65,170250,218550,0.318494,-0.674126,0.00093194,0.00090147,13.813111,14.416338,2023-08-01
26312,2023-07-25 09:41:00,19950.0,19689.05,5036600,624600,14.15,263.85,103200,550,0.278863,-0.716851,0.00085647,0.00084472,14.148344,14.451282,2023-08-01
23688,2023-07-25 09:42:00,19450.0,19695.55,227100,2808700,268.85,12.85,1200,114600,0.765341,-0.242304,0.0008045,0.00079004,13.762546,14.2626,2023-08-01
18435,2023-07-25 09:42:00,19500.0,19695.55,2059350,7060350,224.05,19.05,44500,231750,0.729259,-0.280242,0.00089702,0.00086847,13.309544,13.982245,2023-08-01
13178,2023-07-25 09:42:00,19550.0,19695.55,445550,2932650,182.75,28.0,24700,155050,0.684192,-0.323114,0.00097516,0.00094085,13.149952,13.760881,2023-08-01
7921,2023-07-25 09:42:00,19600.0,19695.55,2052250,5435300,145.3,40.65,146150,378800,0.634315,-0.370604,0.00103709,0.00099976,13.077077,13.625016,2023-08-01
2660,2023-07-25 09:42:00,19650.0,19695.55,2193950,4366500,112.55,57.95,238850,432150,0.581121,-0.421605,0.00107619,0.0010373,13.089523,13.599415,2023-08-01
28,2023-07-25 09:42:00,19700.0,19695.55,12169300,10228550,84.25,79.45,699150,689900,0.526713,-0.473945,0.00109947,0.00106197,13.054509,13.516974,2023-08-01
5291,2023-07-25 09:42:00,19750.0,19695.55,6275850,3171200,61.6,106.95,291550,172200,0.471978,-0.526718,0.00109193,0.00105205,13.141662,13.642914,2023-08-01
10549,2023-07-25 09:42:00,19800.0,19695.55,14325700,6084450,44.25,139.5,503100,377000,0.419296,-0.577388,0.00105674,0.00101825,13.333385,13.860822,2023-08-01
15806,2023-07-25 09:42:00,19850.0,19695.55,6899200,1480100,30.85,176.45,135700,31950,0.36925,-0.624395,0.00100843,0.00096576,13.491851,14.165192,2023-08-01
21060,2023-07-25 09:42:00,19900.0,19695.55,10980550,2707300,21.1,216.85,195700,122450,0.322978,-0.667048,0.00094585,0.00090239,13.685746,14.522422,2023-08-01
26313,2023-07-25 09:42:00,19950.0,19695.55,5036600,624600,14.55,260.0,115200,1600,0.2825,-0.704742,0.00087,0.00083261,14.01186,14.948764,2023-08-01
23689,2023-07-25 09:43:00,19450.0,19688.7,227100,2808700,263.95,13.0,1950,100500,0.753963,-0.244543,0.0008034,0.00080647,14.147167,14.047184,2023-08-01
18436,2023-07-25 09:43:00,19500.0,19688.7,2059350,7060350,220.4,19.45,36650,175100,0.715382,-0.283647,0.00088288,0.00088603,13.862533,13.79068,2023-08-01
13179,2023-07-25 09:43:00,19550.0,19688.7,445550,2932650,179.0,28.45,14000,152050,0.673465,-0.326899,0.00096419,0.00096236,13.4913,13.523001,2023-08-01
7922,2023-07-25 09:43:00,19600.0,19688.7,2052250,5435300,142.45,41.6,93400,473000,0.624089,-0.375726,0.00101878,0.0010203,13.436704,13.414692,2023-08-01
2661,2023-07-25 09:43:00,19650.0,19688.7,2193950,4366500,110.0,58.95,149100,232050,0.572393,-0.427373,0.00105916,0.00106291,13.362759,13.314235,2023-08-01
29,2023-07-25 09:43:00,19700.0,19688.7,12169300,10228550,81.95,81.1,533700,539550,0.518999,-0.480992,0.00108478,0.00108556,13.251205,13.241683,2023-08-01
5292,2023-07-25 09:43:00,19750.0,19688.7,6275850,3171200,59.8,109.2,228850,181150,0.465057,-0.534825,0.0010766,0.00107364,13.315707,13.352789,2023-08-01
10550,2023-07-25 09:43:00,19800.0,19688.7,14325700,6084450,42.9,141.75,344600,218000,0.413171,-0.587202,0.00104122,0.00104518,13.492606,13.438653,2023-08-01
15807,2023-07-25 09:43:00,19850.0,19688.7,6899200,1480100,29.8,179.35,130550,42600,0.363708,-0.635386,0.00099401,0.00098832,13.624313,13.714239,2023-08-01
21061,2023-07-25 09:43:00,19900.0,19688.7,10980550,2707300,20.45,219.85,194700,69750,0.318402,-0.680614,0.00093058,0.00092657,13.833224,13.911171,2023-08-01
26314,2023-07-25 09:43:00,19950.0,19688.7,5036600,624600,14.15,263.45,87350,3350,0.278808,-0.720121,0.00085536,0.00085245,14.166965,14.241774,2023-08-01
23690,2023-07-25 09:44:00,19450.0,19688.2,225000,2809650,262.25,13.0,950,67750,0.759734,-0.244676,0.00081665,0.00080777,13.741147,14.029712,2023-08-01
18437,2023-07-25 09:44:00,19500.0,19688.2,2072850,7061700,219.45,19.55,13750,127850,0.716761,-0.284161,0.00088948,0.00088649,13.728612,13.796422,2023-08-01
13180,2023-07-25 09:44:00,19550.0,19688.2,437300,2966700,178.45,28.65,6600,93250,0.673362,-0.327599,0.00096672,0.00096187,13.45872,13.542599,2023-08-01
7923,2023-07-25 09:44:00,19600.0,19688.2,2043050,5597200,141.7,41.8,57350,176700,0.624186,-0.376317,0.00102425,0.00102011,13.364844,13.42468,2023-08-01
2662,2023-07-25 09:44:00,19650.0,19688.2,2199600,4324750,109.15,59.3,81650,148850,0.572295,-0.428033,0.00106646,0.00106117,13.272891,13.341134,2023-08-01
30,2023-07-25 09:44:00,19700.0,19688.2,12178200,10308550,81.5,81.25,630600,401250,0.51848,-0.481525,0.00108738,0.00108688,13.221314,13.227433,2023-08-01
5293,2023-07-25 09:44:00,19750.0,19688.2,6314150,3191300,59.55,109.3,127450,70800,0.464497,-0.535467,0.00107699,0.00107607,13.310258,13.321677,2023-08-01
10551,2023-07-25 09:44:00,19800.0,19688.2,14355050,5833950,42.4,142.2,560500,125300,0.412229,-0.587582,0.00104536,0.00104336,13.433,13.460095,2023-08-01
15808,2023-07-25 09:44:00,19850.0,19688.2,6905500,1484500,29.45,179.55,115050,21250,0.362738,-0.636247,0.00099652,0.00099018,13.578806,13.678662,2023-08-01
21062,2023-07-25 09:44:00,19900.0,19688.2,10980150,2600400,20.1,220.2,151850,25900,0.317124,-0.681259,0.00093331,0.00092676,13.7703,13.89755,2023-08-01
26315,2023-07-25 09:44:00,19950.0,19688.2,5028600,623850,13.85,264.45,104800,1250,0.277354,-0.718119,0.00085749,0.00084521,14.096774,14.41435,2023-08-01
23691,2023-07-25 09:45:00,19450.0,19688.85,225000,2809650,265.1,12.75,2050,81700,0.749331,-0.243336,0.00079318,0.00080847,14.473882,13.976248,2023-08-01
18438,2023-07-25 09:45:00,19500.0,19688.85,2072850,7061700,221.7,19.15,18650,163700,0.711527,-0.282593,0.00086961,0.00088881,14.165409,13.724134,2023-08-01
13181,2023-07-25 09:45:00,19550.0,19688.85,437300,2966700,180.7,28.15,8300,223500,0.669792,-0.32614,0.00094482,0.00096529,13.831432,13.470464,2023-08-01
7924,2023-07-25 09:45:00,19600.0,19688.85,2043050,5597200,143.7,41.0,79750,227450,0.622467,-0.374735,0.00100416,0.00102704,13.65188,13.316719,2023-08-01
2663,2023-07-25 09:45:00,19650.0,19688.85,2199600,4324750,110.8,58.15,131550,240650,0.571961,-0.426622,0.00104973,0.00107234,13.486761,13.193629,2023-08-01
31,2023-07-25 09:45:00,19700.0,19688.85,12178200,10308550,82.65,79.95,520000,494750,0.519065,-0.480679,0.00107624,0.00109984,13.357416,13.07036,2023-08-01
5294,2023-07-25 09:45:00,19750.0,19688.85,6314150,3191300,60.35,107.75,226150,130600,0.465481,-0.53539,0.00106987,0.00109192,13.401969,13.128774,2023-08-01
10552,2023-07-25 09:45:00,19800.0,19688.85,14355050,5833950,43.1,140.75,383000,172950,0.413534,-0.58818,0.00103904,0.00105728,13.52481,13.27861,2023-08-01
15809,2023-07-25 09:45:00,19850.0,19688.85,6905500,1484500,29.95,177.95,120950,21400,0.364124,-0.637951,0.00099243,0.00100546,13.652535,13.449576,2023-08-01
21063,2023-07-25 09:45:00,19900.0,19688.85,10980150,2600400,20.5,218.3,202750,42350,0.318652,-0.685045,0.00093027,0.00094526,13.843629,13.556847,2023-08-01
26316,2023-07-25 09:45:00,19950.0,19688.85,5028600,623850,14.1,262.25,88950,2800,0.278673,-0.724782,0.00085624,0.0008655,14.150338,13.913592,2023-08-01
23692,2023-07-25 09:46:00,19450.0,19683.1,225000,2809650,255.0,13.8,1800,127350,0.77057,-0.249644,0.00085385,0.00081348,12.815921,14.08671,2023-08-01
18439,2023-07-25 09:46:00,19500.0,19683.1,2072850,7061700,213.15,20.7,40450,270150,0.719516,-0.289608,0.00092085,0.00089033,13.203306,13.865959,2023-08-01
13182,2023-07-25 09:46:00,19550.0,19683.1,437300,2966700,172.8,30.4,41650,217050,0.672611,-0.333787,0.00099481,0.00096121,13.095465,13.658489,2023-08-01
7925,2023-07-25 09:46:00,19600.0,19683.1,2043050,5597200,136.5,44.05,181850,353150,0.621489,-0.382473,0.00105094,0.00101654,13.059065,13.543767,2023-08-01
2664,2023-07-25 09:46:00,19650.0,19683.1,2199600,4324750,104.4,62.3,326300,347050,0.568129,-0.434138,0.00109206,0.00105192,12.990796,13.499547,2023-08-01
32,2023-07-25 09:46:00,19700.0,19683.1,12178200,10308550,77.35,85.3,814500,896300,0.513038,-0.487175,0.00110997,0.00106805,12.963843,13.472901,2023-08-01
5295,2023-07-25 09:46:00,19750.0,19683.1,6314150,3191300,56.3,114.3,401250,244300,0.45827,-0.539789,0.00109194,0.00104928,13.112667,13.652705,2023-08-01
10553,2023-07-25 09:46:00,19800.0,19683.1,14355050,5833950,40.05,147.95,644100,296950,0.405895,-0.589952,0.00105233,0.00101108,13.298794,13.875782,2023-08-01
15810,2023-07-25 09:46:00,19850.0,19683.1,6905500,1484500,27.9,185.6,181200,51500,0.356919,-0.636689,0.00099637,0.00095813,13.509958,14.135348,2023-08-01
21064,2023-07-25 09:46:00,19900.0,19683.1,10980150,2600400,19.2,227.15,265700,57350,0.312361,-0.677531,0.0009276,0.0008878,13.770637,14.583075,2023-08-01
26317,2023-07-25 09:46:00,19950.0,19683.1,5028600,623850,13.2,271.25,162950,3750,0.273001,-0.712718,0.00085102,0.00081305,14.098683,15.126428,2023-08-01
23693,2023-07-25 09:47:00,19450.0,19683.65,225400,2795850,257.25,13.6,1450,97800,0.760966,-0.248614,0.00083379,0.00081395,13.425914,14.04792,2023-08-01
18440,2023-07-25 09:47:00,19500.0,19683.65,2077800,7063350,213.1,20.35,17050,193950,0.72192,-0.288302,0.00092617,0.00089239,13.073005,13.804903,2023-08-01
13183,2023-07-25 09:47:00,19550.0,19683.65,449300,3008450,173.25,29.95,14600,133050,0.673061,-0.33255,0.00099362,0.00096434,13.104111,13.594576,2023-08-01
7926,2023-07-25 09:47:00,19600.0,19683.65,2078800,5660500,137.0,43.45,112700,290800,0.621857,-0.381316,0.00104863,0.00102127,13.084114,13.468949,2023-08-01
2665,2023-07-25 09:47:00,19650.0,19683.65,2226000,4303100,105.15,61.8,151150,276700,0.568388,-0.43337,0.00108583,0.00105503,13.064112,13.455726,2023-08-01
33,2023-07-25 09:47:00,19700.0,19683.65,12171600,10394800,78.1,84.6,502200,502800,0.513607,-0.48656,0.00110311,0.00107333,13.044038,13.406149,2023-08-01
5296,2023-07-25 09:47:00,19750.0,19683.65,6302450,3182950,56.8,113.55,250600,148250,0.459049,-0.539453,0.00108806,0.0010547,13.162464,13.583923,2023-08-01
10554,2023-07-25 09:47:00,19800.0,19683.65,14448700,5811100,40.4,147.15,365700,169000,0.406731,-0.589926,0.00105007,0.00101666,13.334423,13.800159,2023-08-01
15811,2023-07-25 09:47:00,19850.0,19683.65,6900400,1481000,28.05,185.4,129850,24450,0.357533,-0.635716,0.00099647,0.00095587,13.51704,14.181972,2023-08-01
21065,2023-07-25 09:47:00,19900.0,19683.65,10979300,2581200,19.15,226.55,202500,116800,0.312409,-0.677472,0.00093001,0.00089005,13.736145,14.547708,2023-08-01
26318,2023-07-25 09:47:00,19950.0,19683.65,5026050,624400,13.25,271.0,123300,1450,0.273408,-0.711421,0.00085187,0.00081126,14.095319,15.192345,2023-08-01
23694,2023-07-25 09:48:00,19450.0,19676.05,225400,2795850,253.0,14.25,3650,159150,0.743192,-0.253377,0.00082038,0.00082837,14.184074,13.948819,2023-08-01
18441,2023-07-25 09:48:00,19500.0,19676.05,2077800,7063350,208.75,21.35,52550,458650,0.707999,-0.293948,0.00091377,0.00090678,13.56848,13.715434,2023-08-01
13184,2023-07-25 09:48:00,19550.0,19676.05,449300,3008450,168.35,31.5,61750,231400,0.663405,-0.339223,0.00099164,0.00097688,13.288912,13.530316,2023-08-01
7927,2023-07-25 09:48:00,19600.0,19676.05,2078800,5660500,132.75,45.65,174150,598700,0.612578,-0.388734,0.00104363,0.00103126,13.248262,13.420204,2023-08-01
2666,2023-07-25 09:48:00,19650.0,19676.05,2226000,4303100,101.35,64.6,279650,627500,0.559687,-0.441174,0.00108117,0.00106356,13.172968,13.395373,2023-08-01
34,2023-07-25 09:48:00,19700.0,19676.05,12171600,10394800,74.8,88.15,1010800,1195100,0.505227,-0.494733,0.00109854,0.00107879,13.110514,13.350471,2023-08-01
5297,2023-07-25 09:48:00,19750.0,19676.05,6302450,3182950,54.4,117.9,674500,304400,0.451197,-0.547641,0.0010781,0.00105612,13.260077,13.54096,2023-08-01
10555,2023-07-25 09:48:00,19800.0,19676.05,14448700,5811100,38.65,152.0,734000,412150,0.399588,-0.598202,0.00103765,0.00101743,13.43894,13.7258,2023-08-01
15812,2023-07-25 09:48:00,19850.0,19676.05,6900400,1481000,26.8,189.85,251650,154050,0.351136,-0.645928,0.00098286,0.0009664,13.622312,13.895888,2023-08-01
21066,2023-07-25 09:48:00,19900.0,19676.05,10979300,2581200,18.45,231.75,398300,124850,0.307365,-0.687461,0.00091387,0.00089473,13.885945,14.286522,2023-08-01
26319,2023-07-25 09:48:00,19950.0,19676.05,5026050,624400,12.85,274.95,231750,6800,0.269492,-0.728734,0.00083601,0.00083166,14.266123,14.387722,2023-08-01
23695,2023-07-25 09:49:00,19400.0,19673.5,691550,5606550,292.2,9.8,6500,260950,0.80015,-0.220534,0.00077504,0.00074959,13.038254,14.283925,2023-08-01
18442,2023-07-25 09:49:00,19450.0,19673.5,225400,2795850,247.4,14.65,2800,126800,0.757006,-0.255788,0.00086022,0.00083141,13.138221,13.969334,2023-08-01
13185,2023-07-25 09:49:00,19500.0,19673.5,2077800,7063350,205.35,22.0,49850,405100,0.710012,-0.296834,0.00093305,0.00090808,13.247661,13.759839,2023-08-01
7928,2023-07-25 09:49:00,19550.0,19673.5,449300,3008450,165.85,32.35,39100,241000,0.662165,-0.342166,0.00100206,0.00097717,13.171853,13.573359,2023-08-01
2667,2023-07-25 09:49:00,19600.0,19673.5,2078800,5660500,130.15,47.0,194000,639550,0.611122,-0.392021,0.00105755,0.00102703,13.090358,13.510105,2023-08-01
35,2023-07-25 09:49:00,19650.0,19673.5,2226000,4303100,99.25,66.3,274050,706950,0.557316,-0.444256,0.00109083,0.00105683,13.07012,13.498193,2023-08-01
5298,2023-07-25 09:49:00,19700.0,19673.5,12171600,10394800,73.2,90.05,767000,1240200,0.5024,-0.497452,0.00110392,0.00107152,13.049877,13.444421,2023-08-01
10556,2023-07-25 09:49:00,19750.0,19673.5,6302450,3182950,53.15,120.2,385000,443500,0.448242,-0.549809,0.00108098,0.0010459,13.214743,13.666562,2023-08-01
15813,2023-07-25 09:49:00,19800.0,19673.5,14448700,5811100,37.55,154.35,595400,453500,0.396424,-0.599981,0.00104056,0.00100858,13.375397,13.832774,2023-08-01
21067,2023-07-25 09:49:00,19850.0,19673.5,6900400,1481000,26.05,193.35,245500,73850,0.348193,-0.644938,0.00098281,0.00094505,13.583656,14.22638,2023-08-01
26320,2023-07-25 09:49:00,19900.0,19673.5,10979300,2581200,17.85,235.3,350550,74950,0.304393,-0.685172,0.00091322,0.00087518,13.838653,14.654063,2023-08-01
23696,2023-07-25 09:50:00,19400.0,19669.1,689450,5604750,292.15,9.85,8450,283000,0.770848,-0.221664,0.00074796,0.00075941,14.633524,14.144416,2023-08-01
18443,2023-07-25 09:50:00,19450.0,19669.1,225700,2776700,246.95,14.8,1850,319300,0.73765,-0.257537,0.00083059,0.0008425,14.171447,13.838281,2023-08-01
13186,2023-07-25 09:50:00,19500.0,19669.1,2097650,6968400,205.1,22.15,53750,443350,0.695573,-0.298755,0.00089994,0.00092186,14.047405,13.597832,2023-08-01
7929,2023-07-25 09:50:00,19550.0,19669.1,478100,2997800,165.9,32.6,41550,339150,0.650853,-0.34465,0.00096583,0.00099298,13.840146,13.397273,2023-08-01
2668,2023-07-25 09:50:00,19600.0,19669.1,2188650,5798750,130.2,47.2,247600,809950,0.602726,-0.394933,0.00102305,0.00104711,13.615905,13.281768,2023-08-01
36,2023-07-25 09:50:00,19650.0,19669.1,2310450,4302300,99.15,66.55,327100,911200,0.551187,-0.448019,0.00106114,0.00108024,13.467907,13.226351,2023-08-01
5299,2023-07-25 09:50:00,19700.0,19669.1,12481400,10281900,73.1,90.4,854700,1457900,0.497778,-0.502407,0.00107752,0.00109812,13.373169,13.12232,2023-08-01
10557,2023-07-25 09:50:00,19750.0,19669.1,6391950,3088250,53.1,120.5,382250,404900,0.444786,-0.556348,0.00105787,0.0010767,13.491184,13.249882,2023-08-01
15814,2023-07-25 09:50:00,19800.0,19669.1,14501250,5757400,37.75,155.0,628450,472650,0.394178,-0.608227,0.00101775,0.00103813,13.657766,13.366934,2023-08-01
21068,2023-07-25 09:50:00,19850.0,19669.1,6901250,1495450,26.2,193.55,280450,91100,0.346638,-0.656862,0.00096395,0.00098236,13.830395,13.519853,2023-08-01
26321,2023-07-25 09:50:00,19900.0,19669.1,10985700,2513200,17.9,235.25,352900,97750,0.303116,-0.701936,0.00089855,0.00091596,14.041955,13.670961,2023-08-01
23697,2023-07-25 09:51:00,19400.0,19664.05,689450,5604750,290.2,10.25,6500,253050,0.754776,-0.224994,0.00073314,0.00076791,15.500651,14.111417,2023-08-01
18444,2023-07-25 09:51:00,19450.0,19664.05,225700,2776700,245.55,15.3,2700,214750,0.72273,-0.260974,0.00080841,0.00085205,14.9738,13.781501,2023-08-01
13187,2023-07-25 09:51:00,19500.0,19664.05,2097650,6968400,203.35,22.9,55150,307450,0.684998,-0.302754,0.00088123,0.00093127,14.565324,13.545612,2023-08-01
7930,2023-07-25 09:51:00,19550.0,19664.05,478100,2997800,162.8,33.65,36850,207400,0.644867,-0.349123,0.00096397,0.00100209,13.956288,13.343114,2023-08-01
2669,2023-07-25 09:51:00,19600.0,19664.05,2188650,5798750,127.95,48.55,263000,619150,0.596396,-0.399753,0.00101412,0.00105638,13.79689,13.21216,2023-08-01
37,2023-07-25 09:51:00,19650.0,19664.05,2310450,4302300,97.5,68.4,384000,709550,0.545283,-0.4533,0.00104833,0.00108738,13.661364,13.165297,2023-08-01
5300,2023-07-25 09:51:00,19700.0,19664.05,12481400,10281900,71.7,92.75,721150,1057500,0.492506,-0.508027,0.00106539,0.00110331,13.527426,13.062179,2023-08-01
10558,2023-07-25 09:51:00,19750.0,19664.05,6391950,3088250,52.05,122.8,374300,273250,0.440147,-0.562601,0.00104538,0.00108723,13.633271,13.094425,2023-08-01
15815,2023-07-25 09:51:00,19800.0,19664.05,14501250,5757400,36.85,157.45,524650,277450,0.389925,-0.615521,0.00100719,0.00105089,13.763403,13.137311,2023-08-01
21069,2023-07-25 09:51:00,19850.0,19664.05,6901250,1495450,25.65,195.85,214300,57800,0.343131,-0.666574,0.00095227,0.00100088,13.951169,13.12749,2023-08-01
26322,2023-07-25 09:51:00,19900.0,19664.05,10985700,2513200,17.6,237.75,292800,50150,0.300402,-0.714151,0.00088665,0.00093403,14.177429,13.151756,2023-08-01
23698,2023-07-25 09:52:00,19400.0,19671.9,689450,5604750,294.45,9.95,4350,239900,0.774032,-0.221791,0.00074571,0.00075193,14.561921,14.289215,2023-08-01
18445,2023-07-25 09:52:00,19450.0,19671.9,225700,2776700,247.1,14.9,2050,221350,0.749987,-0.257332,0.00085039,0.00083325,13.497569,13.985459,2023-08-01
13188,2023-07-25 09:52:00,19500.0,19671.9,2097650,6968400,205.85,22.3,55100,417400,0.702545,-0.298338,0.00091335,0.00091004,13.69671,13.765088,2023-08-01
7931,2023-07-25 09:52:00,19550.0,19671.9,478100,2997800,166.3,32.8,44050,225600,0.65691,-0.343857,0.00098274,0.00097824,13.513242,13.586807,2023-08-01
2670,2023-07-25 09:52:00,19600.0,19671.9,2188650,5798750,131.0,47.25,227050,544750,0.606861,-0.393326,0.00103361,0.00103175,13.437766,13.463725,2023-08-01
38,2023-07-25 09:52:00,19650.0,19671.9,2310450,4302300,100.15,66.35,343950,602300,0.554471,-0.445602,0.00106713,0.00106549,13.376885,13.397881,2023-08-01
5301,2023-07-25 09:52:00,19700.0,19671.9,12481400,10281900,73.8,90.25,747750,908150,0.500741,-0.499226,0.00108521,0.00107979,13.278066,13.344634,2023-08-01
10559,2023-07-25 09:52:00,19750.0,19671.9,6391950,3088250,53.7,120.4,335650,266800,0.447418,-0.552062,0.00106448,0.00105541,13.418904,13.536594,2023-08-01
15816,2023-07-25 09:52:00,19800.0,19671.9,14501250,5757400,38.1,154.65,511350,258900,0.396353,-0.602792,0.00102547,0.001018,13.574676,13.682205,2023-08-01
21070,2023-07-25 09:52:00,19850.0,19671.9,6901250,1495450,26.5,193.05,198450,40900,0.348625,-0.649946,0.00097041,0.00096268,13.766598,13.897988,2023-08-01
26323,2023-07-25 09:52:00,19900.0,19671.9,10985700,2513200,18.15,235.2,277400,47150,0.304979,-0.691142,0.00090406,0.00089017,13.99397,14.291716,2023-08-01
23699,2023-07-25 09:53:00,19400.0,19668.0,689450,5579650,293.8,10.05,1300,193300,0.757044,-0.223127,0.00072721,0.00076017,15.547305,14.186182,2023-08-01
18446,2023-07-25 09:53:00,19450.0,19668.0,225700,2779000,249.7,15.05,300,88200,0.723019,-0.258958,0.00079576,0.00084293,15.202397,13.873548,2023-08-01
13189,2023-07-25 09:53:00,19500.0,19668.0,2128100,6959200,205.35,22.55,19500,189700,0.691369,-0.300404,0.00088855,0.00092091,14.316747,13.648529,2023-08-01
7932,2023-07-25 09:53:00,19550.0,19668.0,499700,3017800,165.6,32.8,9350,110400,0.648758,-0.345608,0.00096066,0.00099508,13.947725,13.385533,2023-08-01
2671,2023-07-25 09:53:00,19600.0,19668.0,2332250,5880700,130.25,47.4,126600,294750,0.600655,-0.395894,0.00101408,0.00105007,13.758139,13.255702,2023-08-01
39,2023-07-25 09:53:00,19650.0,19668.0,2521200,4403800,99.05,66.8,173150,289900,0.54973,-0.449102,0.00105461,0.00108353,13.560356,13.193454,2023-08-01
5302,2023-07-25 09:53:00,19700.0,19668.0,12656600,10300200,73.2,90.8,307150,444050,0.49667,-0.503646,0.00106916,0.00110049,13.480205,13.09639,2023-08-01
10560,2023-07-25 09:53:00,19750.0,19668.0,6434050,3071600,52.95,120.85,165850,118050,0.443847,-0.557815,0.00105371,0.00108078,13.542667,13.195498,2023-08-01
15817,2023-07-25 09:53:00,19800.0,19668.0,14477100,5763050,37.6,155.35,246000,113600,0.393351,-0.610075,0.00101449,0.00104317,13.696485,13.287241,2023-08-01
21071,2023-07-25 09:53:00,19850.0,19668.0,6852000,1490850,25.95,194.0,120800,12800,0.345596,-0.659024,0.00096277,0.0009868,13.834581,13.429477,2023-08-01
26324,2023-07-25 09:53:00,19900.0,19668.0,10961700,2491000,17.8,235.85,137050,20100,0.302453,-0.704233,0.00089614,0.00091891,14.068862,13.581614,2023-08-01
23700,2023-07-25 09:54:00,19400.0,19673.2,688800,5579650,296.9,9.8,3850,169450,0.768043,-0.220707,0.00073301,0.00075015,15.033705,14.283389,2023-08-01
18447,2023-07-25 09:54:00,19450.0,19673.2,225700,2779000,252.55,14.6,5500,140400,0.732646,-0.255748,0.00080401,0.00083258,14.78101,13.952307,2023-08-01
13190,2023-07-25 09:54:00,19500.0,19673.2,2128100,6959200,209.3,21.95,43700,357950,0.696523,-0.296871,0.00088454,0.00090941,14.271792,13.744034,2023-08-01
7933,2023-07-25 09:54:00,19550.0,19673.2,499700,3017800,169.35,32.1,39950,192750,0.65385,-0.341844,0.00095606,0.00098115,13.937049,13.516917,2023-08-01
2672,2023-07-25 09:54:00,19600.0,19673.2,2332250,5880700,134.3,46.35,154750,478300,0.605109,-0.391411,0.00100225,0.00103637,13.875533,13.385892,2023-08-01
40,2023-07-25 09:54:00,19650.0,19673.2,2521200,4403800,102.5,65.15,291750,502400,0.554904,-0.443849,0.0010458,0.00107305,13.648121,13.295736,2023-08-01
5303,2023-07-25 09:54:00,19700.0,19673.2,12656600,10300200,75.95,88.45,637200,776600,0.502247,-0.497899,0.00106474,0.00109444,13.533563,13.166287,2023-08-01
10561,2023-07-25 09:54:00,19750.0,19673.2,6434050,3071600,55.1,118.15,277650,194050,0.449479,-0.551759,0.0010527,0.00107484,13.578629,13.293594,2023-08-01
15818,2023-07-25 09:54:00,19800.0,19673.2,14477100,5763050,39.2,151.95,419150,189700,0.39877,-0.604145,0.00101667,0.0010425,13.714797,13.348679,2023-08-01
21072,2023-07-25 09:54:00,19850.0,19673.2,6852000,1490850,27.15,190.15,334050,25150,0.350779,-0.653244,0.00096672,0.00098866,13.850684,13.486216,2023-08-01
26325,2023-07-25 09:54:00,19900.0,19673.2,10961700,2491000,18.55,231.95,224250,38650,0.306856,-0.697526,0.000903,0.00091866,14.048869,13.721313,2023-08-01
23701,2023-07-25 09:55:00,19450.0,19679.15,225700,2779000,255.0,14.0,2300,140500,0.748528,-0.251671,0.00082241,0.00082196,13.996706,14.010156,2023-08-01
18448,2023-07-25 09:55:00,19500.0,19679.15,2128100,6959200,212.3,21.05,54750,449550,0.70729,-0.292144,0.00089716,0.00089916,13.837865,13.794601,2023-08-01
13191,2023-07-25 09:55:00,19550.0,19679.15,499700,3017800,171.85,30.7,49250,423400,0.663648,-0.336251,0.00097263,0.00097318,13.547308,13.537987,2023-08-01
7934,2023-07-25 09:55:00,19600.0,19679.15,2332250,5880700,135.9,44.9,419650,614200,0.614183,-0.386004,0.0010263,0.00102459,13.458084,13.482422,2023-08-01
2673,2023-07-25 09:55:00,19650.0,19679.15,2521200,4403800,104.25,63.45,474250,553750,0.56221,-0.438036,0.00106411,0.00105939,13.373417,13.434269,2023-08-01
41,2023-07-25 09:55:00,19700.0,19679.15,12656600,10300200,77.5,86.5,1393950,1066650,0.508595,-0.491408,0.00108101,0.00107842,13.323525,13.355542,2023-08-01
5304,2023-07-25 09:55:00,19750.0,19679.15,6434050,3071600,56.45,115.55,479750,263900,0.455136,-0.54465,0.00106664,0.00106232,13.420729,13.476091,2023-08-01
10562,2023-07-25 09:55:00,19800.0,19679.15,14477100,5763050,40.15,149.6,655600,365350,0.403683,-0.595339,0.00103119,0.00102192,13.561377,13.692739,2023-08-01
15819,2023-07-25 09:55:00,19850.0,19679.15,6852000,1490850,27.9,187.2,240600,42300,0.355215,-0.643461,0.00097974,0.0009721,13.724877,13.850793,2023-08-01
21073,2023-07-25 09:55:00,19900.0,19679.15,10961700,2491000,19.05,228.3,438600,54150,0.310632,-0.687476,0.00091572,0.00090856,13.92468,14.071251,2023-08-01
26326,2023-07-25 09:55:00,19950.0,19679.15,4975850,620450,13.3,273.3,227650,2250,0.272596,-0.721406,0.00083856,0.00082324,14.306711,14.729682,2023-08-01
23702,2023-07-25 09:56:00,19450.0,19683.45,226400,2789550,257.9,13.85,1250,101900,0.756161,-0.250015,0.00082476,0.00081163,13.72645,14.136594,2023-08-01
18449,2023-07-25 09:56:00,19500.0,19683.45,2143400,6958650,213.85,20.85,52800,207700,0.717989,-0.290188,0.00091438,0.00088692,13.337796,13.938738,2023-08-01
13192,2023-07-25 09:56:00,19550.0,19683.45,510500,3004800,172.95,30.55,25900,152200,0.672995,-0.334145,0.0009947,0.00095729,13.096734,13.726611,2023-08-01
7935,2023-07-25 09:56:00,19600.0,19683.45,2352800,5990050,137.15,44.15,151300,291750,0.621041,-0.382543,0.00104382,0.00101277,13.158975,13.601163,2023-08-01
2674,2023-07-25 09:56:00,19650.0,19683.45,2590950,4518950,105.35,62.6,263500,324050,0.56783,-0.434164,0.00108038,0.00104525,13.138933,13.592086,2023-08-01
42,2023-07-25 09:56:00,19700.0,19683.45,12940450,10326950,78.25,85.3,723500,570950,0.513336,-0.486843,0.00109845,0.00106482,13.105477,13.51962,2023-08-01
5305,2023-07-25 09:56:00,19750.0,19683.45,6481850,3090550,56.8,114.5,263550,107100,0.458911,-0.539174,0.00108569,0.00104332,13.196485,13.739056,2023-08-01
10563,2023-07-25 09:56:00,19800.0,19683.45,14479100,5782000,40.5,147.75,314850,137050,0.406829,-0.589502,0.00104664,0.00101006,13.384827,13.89989,2023-08-01
15820,2023-07-25 09:56:00,19850.0,19683.45,6858500,1486850,28.1,186.0,144250,29350,0.357685,-0.634948,0.00099404,0.00094976,13.558133,14.289514,2023-08-01
21074,2023-07-25 09:56:00,19900.0,19683.45,10915650,2480900,19.1,226.25,178150,22550,0.312342,-0.67894,0.00092922,0.00089491,13.752712,14.44762,2023-08-01
26327,2023-07-25 09:56:00,19950.0,19683.45,4896200,619700,13.25,268.1,122600,950,0.273554,-0.724174,0.00085073,0.00084485,14.124223,14.280648,2023-08-01
23703,2023-07-25 09:57:00,19450.0,19676.7,226400,2789550,253.95,14.1,3600,125500,0.741736,-0.252743,0.00081485,0.00082771,14.328108,13.947149,2023-08-01
18450,2023-07-25 09:57:00,19500.0,19676.7,2143400,6958650,211.4,21.2,37700,201100,0.701645,-0.293435,0.00088786,0.00090573,14.10919,13.725633,2023-08-01
13193,2023-07-25 09:57:00,19550.0,19676.7,510500,3004800,170.85,31.1,23950,167150,0.659401,-0.338211,0.00096498,0.00097841,13.723928,13.499081,2023-08-01
7936,2023-07-25 09:57:00,19600.0,19676.7,2352800,5990050,135.0,45.15,154050,287450,0.610643,-0.387783,0.00101881,0.00103358,13.595876,13.386076,2023-08-01
2675,2023-07-25 09:57:00,19650.0,19676.7,2590950,4518950,103.5,64.0,245650,368900,0.559157,-0.440339,0.00105645,0.00106663,13.489284,13.357884,2023-08-01
43,2023-07-25 09:57:00,19700.0,19676.7,12940450,10326950,76.65,86.95,601350,628000,0.505947,-0.494071,0.00107662,0.00108938,13.382465,13.225685,2023-08-01
5306,2023-07-25 09:57:00,19750.0,19676.7,6481850,3090550,55.5,116.35,262600,172350,0.452532,-0.547733,0.00106568,0.00107076,13.425454,13.360769,2023-08-01
10564,2023-07-25 09:57:00,19800.0,19676.7,14479100,5782000,39.55,150.0,364550,293850,0.401378,-0.599707,0.00102758,0.00103758,13.591951,13.451503,2023-08-01
15821,2023-07-25 09:57:00,19850.0,19676.7,6858500,1486850,27.35,188.4,165850,43900,0.352863,-0.647415,0.00097721,0.00097878,13.730846,13.704977,2023-08-01
21075,2023-07-25 09:57:00,19900.0,19676.7,10915650,2480900,18.6,229.15,190200,36100,0.308285,-0.693777,0.00091332,0.00092089,13.918186,13.762973,2023-08-01
26328,2023-07-25 09:57:00,19950.0,19676.7,4896200,619700,12.85,273.5,121550,1350,0.269867,-0.732358,0.00083716,0.00084257,14.262075,14.111768,2023-08-01
23704,2023-07-25 09:58:00,19450.0,19676.65,226400,2789550,253.3,14.1,4000,136100,0.744255,-0.252777,0.00082095,0.00082781,14.149953,13.94717,2023-08-01
18451,2023-07-25 09:58:00,19500.0,19676.65,2143400,6958650,211.55,21.3,36900,247450,0.701001,-0.293792,0.00088573,0.00090469,14.157707,13.749833,2023-08-01
13194,2023-07-25 09:58:00,19550.0,19676.65,510500,3004800,171.2,31.2,20550,187100,0.658512,-0.338468,0.0009603,0.00097731,13.80522,13.518894,2023-08-01
7937,2023-07-25 09:58:00,19600.0,19676.65,2352800,5990050,135.55,45.35,113350,302400,0.609812,-0.388096,0.00101154,0.00103119,13.702625,13.420811,2023-08-01
2676,2023-07-25 09:58:00,19650.0,19676.65,2590950,4518950,103.85,63.8,203100,366400,0.558857,-0.440257,0.00105153,0.00106945,13.554607,13.322975,2023-08-01
44,2023-07-25 09:58:00,19700.0,19676.65,12940450,10326950,77.05,87.0,505450,560750,0.505899,-0.494127,0.00107095,0.00108897,13.454021,13.231339,2023-08-01
5307,2023-07-25 09:58:00,19750.0,19676.65,6481850,3090550,56.2,116.15,238600,136950,0.452977,-0.547947,0.00105608,0.00107376,13.550021,13.323203,2023-08-01
10565,2023-07-25 09:58:00,19800.0,19676.65,14479100,5782000,39.85,150.25,327800,161850,0.401786,-0.59944,0.0010233,0.00103459,13.653161,13.493398,2023-08-01
15822,2023-07-25 09:58:00,19850.0,19676.65,6858500,1486850,27.7,188.85,185350,32650,0.353665,-0.646504,0.00097235,0.0009733,13.811307,13.795505,2023-08-01
21076,2023-07-25 09:58:00,19900.0,19676.65,10915650,2480900,18.85,229.55,192900,31200,0.309144,-0.692555,0.00090991,0.00091617,13.988085,13.858911,2023-08-01
26329,2023-07-25 09:58:00,19950.0,19676.65,4896200,619700,13.0,273.35,130950,2700,0.27059,-0.73336,0.00083522,0.0008448,14.315118,14.048449,2023-08-01
23705,2023-07-25 09:59:00,19450.0,19676.25,226350,2780150,253.5,13.95,950,125150,0.741554,-0.252209,0.00081592,0.00083046,14.316182,13.887135,2023-08-01
18452,2023-07-25 09:59:00,19500.0,19676.25,2154250,7004300,212.35,21.1,27300,176750,0.697363,-0.293294,0.00087401,0.00090833,14.427012,13.684856,2023-08-01
13195,2023-07-25 09:59:00,19550.0,19676.25,524250,3034800,171.6,31.2,13150,95950,0.656663,-0.338655,0.00095241,0.00097893,13.948942,13.500334,2023-08-01
7938,2023-07-25 09:59:00,19600.0,19676.25,2379800,6045300,135.7,44.9,85650,198350,0.608857,-0.387726,0.00100667,0.00103892,13.779361,13.318255,2023-08-01
2677,2023-07-25 09:59:00,19650.0,19676.25,2634650,4602250,104.25,63.4,164600,267500,0.558041,-0.440324,0.00104368,0.00107705,13.661611,13.230242,2023-08-01
45,2023-07-25 09:59:00,19700.0,19676.25,12988850,10380100,77.25,86.35,347400,325150,0.505479,-0.494586,0.00106578,0.00110057,13.520375,13.093008,2023-08-01
5308,2023-07-25 09:59:00,19750.0,19676.25,6529350,3121550,56.05,115.6,138850,113900,0.452562,-0.548945,0.00105578,0.00108441,13.553136,13.189244,2023-08-01
10566,2023-07-25 09:59:00,19800.0,19676.25,14591500,5713800,39.8,149.25,222450,107100,0.401486,-0.601758,0.00102201,0.00105174,13.668601,13.253983,2023-08-01
15823,2023-07-25 09:59:00,19850.0,19676.25,6867350,1496700,27.6,187.25,116800,22050,0.353269,-0.651462,0.00097201,0.00099848,13.811582,13.379971,2023-08-01
21077,2023-07-25 09:59:00,19900.0,19676.25,10896900,2488300,18.6,228.8,135450,22600,0.308169,-0.696824,0.0009117,0.00092989,13.942274,13.570938,2023-08-01
26330,2023-07-25 09:59:00,19950.0,19676.25,4899650,618500,12.9,274.15,119600,300,0.270032,-0.731489,0.00083526,0.00083896,14.300624,14.197328,2023-08-01
23706,2023-07-25 10:00:00,19450.0,19681.85,226350,2780150,256.9,13.75,2350,131900,0.7527,-0.250009,0.00082271,0.00081684,13.869036,14.050103,2023-08-01
18453,2023-07-25 10:00:00,19500.0,19681.85,2154250,7004300,212.35,20.7,25600,205050,0.717008,-0.290265,0.00091839,0.00089372,13.305395,13.838254,2023-08-01
13196,2023-07-25 10:00:00,19550.0,19681.85,524250,3034800,172.6,30.45,23350,129550,0.669164,-0.334643,0.000985,0.0009647,13.291604,13.632804,2023-08-01
7939,2023-07-25 10:00:00,19600.0,19681.85,2379800,6045300,136.0,44.25,144400,284650,0.619386,-0.383627,0.00104555,0.00101899,13.158329,13.533298,2023-08-01
2678,2023-07-25 10:00:00,19650.0,19681.85,2634650,4602250,104.35,62.6,174050,261150,0.566101,-0.435408,0.00108147,0.00105406,13.139084,13.489196,2023-08-01
46,2023-07-25 10:00:00,19700.0,19681.85,12988850,10380100,77.25,85.6,500050,441950,0.511577,-0.488535,0.00110104,0.00107131,13.080019,13.443175,2023-08-01
5309,2023-07-25 10:00:00,19750.0,19681.85,6529350,3121550,56.2,114.45,202850,96800,0.45721,-0.541445,0.0010843,0.00105557,13.211072,13.575527,2023-08-01
10567,2023-07-25 10:00:00,19800.0,19681.85,14591500,5713800,39.85,148.0,227500,118050,0.404973,-0.592199,0.00104732,0.00101967,13.364562,13.750672,2023-08-01
15824,2023-07-25 10:00:00,19850.0,19681.85,6867350,1496700,27.65,186.15,111050,30450,0.355973,-0.638622,0.00099322,0.00096128,13.55008,14.073934,2023-08-01
21078,2023-07-25 10:00:00,19900.0,19681.85,10896900,2488300,18.8,226.9,141800,24300,0.310833,-0.682352,0.00092742,0.00090105,13.75417,14.288905,2023-08-01
26331,2023-07-25 10:00:00,19950.0,19681.85,4899650,618500,12.95,270.1,107250,3450,0.271794,-0.722809,0.00084967,0.00083582,14.100372,14.47377,2023-08-01
23707,2023-07-25 10:01:00,19400.0,19671.3,680250,5590050,294.35,9.7,1750,139250,0.770791,-0.220616,0.00074227,0.00075523,14.754017,14.189995,2023-08-01
18454,2023-07-25 10:01:00,19450.0,19671.3,226350,2780150,249.2,14.55,1950,105350,0.73759,-0.256139,0.00082295,0.00083826,14.310713,13.874683,2023-08-01
13197,2023-07-25 10:01:00,19500.0,19671.3,2154250,7004300,207.6,22.05,49800,218800,0.695132,-0.297932,0.00088802,0.00091451,14.25104,13.695548,2023-08-01
7940,2023-07-25 10:01:00,19550.0,19671.3,524250,3034800,167.3,32.2,18950,152850,0.653158,-0.342999,0.00096482,0.00098757,13.826597,13.452078,2023-08-01
2679,2023-07-25 10:01:00,19600.0,19671.3,2379800,6045300,132.1,46.85,98450,280300,0.60424,-0.393276,0.00101428,0.00103917,13.725191,13.373306,2023-08-01
47,2023-07-25 10:01:00,19650.0,19671.3,2634650,4602250,101.05,65.95,218300,408500,0.55306,-0.445924,0.00105033,0.00107354,13.603807,13.30509,2023-08-01
5310,2023-07-25 10:01:00,19700.0,19671.3,12988850,10380100,74.7,89.75,517300,635150,0.500181,-0.499966,0.00106845,0.00108993,13.492574,13.226636,2023-08-01
10568,2023-07-25 10:01:00,19750.0,19671.3,6529350,3121550,54.5,119.5,210350,176150,0.447604,-0.553656,0.00104965,0.0010714,13.615636,13.33355,2023-08-01
15825,2023-07-25 10:01:00,19800.0,19671.3,14591500,5713800,38.9,153.95,350400,180600,0.3973,-0.605071,0.00101129,0.00103188,13.780197,13.483367,2023-08-01
21079,2023-07-25 10:01:00,19850.0,19671.3,6867350,1496700,26.9,192.4,99600,38000,0.34946,-0.653169,0.00096208,0.00097621,13.904421,13.665143,2023-08-01
26332,2023-07-25 10:01:00,19900.0,19671.3,10896900,2488300,18.35,233.25,133650,49850,0.305659,-0.700373,0.00089895,0.00092013,14.093989,13.647116,2023-08-01
23708,2023-07-25 10:02:00,19450.0,19675.1,225950,2765300,250.95,14.05,1200,69250,0.747305,-0.253004,0.00083327,0.00083256,13.857123,13.877879,2023-08-01
18455,2023-07-25 10:02:00,19500.0,19675.1,2159050,7031350,210.95,21.3,24150,173150,0.697616,-0.294361,0.00088015,0.00090984,14.323982,13.687966,2023-08-01
13198,2023-07-25 10:02:00,19550.0,19675.1,534350,3035500,170.85,31.25,14500,132350,0.655291,-0.339307,0.00095206,0.00098298,13.977846,13.457324,2023-08-01
7941,2023-07-25 10:02:00,19600.0,19675.1,2366500,6046050,134.85,45.2,67200,278350,0.607762,-0.388846,0.00100824,0.0010407,13.771478,13.309142,2023-08-01
2680,2023-07-25 10:02:00,19650.0,19675.1,2741200,4653150,103.95,64.0,164900,340900,0.556602,-0.441655,0.00103934,0.00107586,13.728623,13.254196,2023-08-01
48,2023-07-25 10:02:00,19700.0,19675.1,13116050,10415850,76.95,87.3,396150,440850,0.504257,-0.495845,0.00106226,0.00109563,13.56845,13.155229,2023-08-01
5311,2023-07-25 10:02:00,19750.0,19675.1,6556700,3124550,56.05,116.7,189900,137250,0.451671,-0.5499,0.00104933,0.00107847,13.635567,13.260604,2023-08-01
10569,2023-07-25 10:02:00,19800.0,19675.1,14771250,5709350,39.9,150.4,205800,105100,0.400978,-0.602435,0.00101518,0.00104607,13.758846,13.322477,2023-08-01
15826,2023-07-25 10:02:00,19850.0,19675.1,6885500,1505850,27.7,188.25,130850,20950,0.353029,-0.652339,0.00096604,0.00099578,13.896441,13.406487,2023-08-01
21080,2023-07-25 10:02:00,19900.0,19675.1,10871900,2490900,18.8,229.9,104900,22450,0.308519,-0.697386,0.00090525,0.00092663,14.051443,13.610119,2023-08-01
26333,2023-07-25 10:02:00,19950.0,19675.1,4909050,618600,13.0,273.75,77850,400,0.27027,-0.73976,0.00083089,0.00085458,14.385149,13.720392,2023-08-01
23709,2023-07-25 10:03:00,19450.0,19679.6,225950,2765300,254.9,14.1,750,55500,0.750874,-0.252197,0.00082618,0.00081936,13.868663,14.075233,2023-08-01
18456,2023-07-25 10:03:00,19500.0,19679.6,2159050,7031350,211.8,21.3,31450,144100,0.71029,-0.292963,0.00090574,0.00089433,13.645814,13.892177,2023-08-01
13199,2023-07-25 10:03:00,19550.0,19679.6,534350,3035500,170.9,31.3,10600,101650,0.666847,-0.33752,0.00098725,0.00096345,13.301551,13.699734,2023-08-01
7942,2023-07-25 10:03:00,19600.0,19679.6,2366500,6046050,135.15,45.4,75100,252300,0.615996,-0.386529,0.00103834,0.00101546,13.288398,13.614041,2023-08-01
2681,2023-07-25 10:03:00,19650.0,19679.6,2741200,4653150,103.7,64.0,187350,247350,0.563167,-0.438111,0.00107337,0.00104906,13.257683,13.571883,2023-08-01
49,2023-07-25 10:03:00,19700.0,19679.6,13116050,10415850,77.2,87.3,339850,384750,0.509069,-0.490964,0.00108673,0.00106425,13.257898,13.537967,2023-08-01
5312,2023-07-25 10:03:00,19750.0,19679.6,6556700,3124550,56.15,116.6,191650,104200,0.455335,-0.543317,0.00107203,0.00104466,13.358799,13.713889,2023-08-01
10570,2023-07-25 10:03:00,19800.0,19679.6,14771250,5709350,39.9,150.6,224450,111800,0.403688,-0.593089,0.00103564,0.00100491,13.508008,13.94876,2023-08-01
15827,2023-07-25 10:03:00,19850.0,19679.6,6885500,1505850,27.6,188.35,124900,31300,0.354859,-0.63974,0.00098462,0.00095328,13.656812,14.180572,2023-08-01
21081,2023-07-25 10:03:00,19900.0,19679.6,10871900,2490900,18.75,229.65,153600,18050,0.309926,-0.681595,0.00092035,0.00088794,13.845816,14.518156,2023-08-01
26334,2023-07-25 10:03:00,19950.0,19679.6,4909050,618600,12.95,273.0,125450,950,0.271254,-0.7206,0.00084336,0.00082256,14.195477,14.76802,2023-08-01
23710,2023-07-25 10:04:00,19450.0,19678.1,225950,2765300,256.05,13.8,500,51900,0.738932,-0.251196,0.00080361,0.00082658,14.613647,13.924688,2023-08-01
18457,2023-07-25 10:04:00,19500.0,19678.1,2159050,7031350,213.25,20.8,10650,76150,0.700544,-0.291833,0.00087764,0.00090512,14.301197,13.703719,2023-08-01
13200,2023-07-25 10:04:00,19550.0,19678.1,534350,3035500,173.1,30.65,6250,58750,0.658052,-0.336727,0.00094846,0.00097755,13.987615,13.491501,2023-08-01
7943,2023-07-25 10:04:00,19600.0,19678.1,2366500,6046050,137.25,44.45,53850,151600,0.610222,-0.386089,0.00100073,0.00103484,13.849423,13.356251,2023-08-01
2682,2023-07-25 10:04:00,19650.0,19678.1,2741200,4653150,105.15,62.8,82950,167100,0.560029,-0.43849,0.00104421,0.00107328,13.646469,13.269183,2023-08-01
50,2023-07-25 10:04:00,19700.0,19678.1,13116050,10415850,78.1,85.6,191550,222600,0.507437,-0.492564,0.00106543,0.00109704,13.525749,13.136026,2023-08-01
5313,2023-07-25 10:04:00,19750.0,19678.1,6556700,3124550,57.15,114.6,109300,71200,0.454788,-0.546834,0.00105067,0.00108264,13.629916,13.221166,2023-08-01
10571,2023-07-25 10:04:00,19800.0,19678.1,14771250,5709350,40.5,148.0,124350,64150,0.403626,-0.599708,0.00102071,0.00105191,13.706772,13.27173,2023-08-01
15828,2023-07-25 10:04:00,19850.0,19678.1,6885500,1505850,28.05,186.0,55350,11400,0.355212,-0.649111,0.00097278,0.00099739,13.829638,13.429453,2023-08-01
21082,2023-07-25 10:04:00,19900.0,19678.1,10871900,2490900,19.05,226.85,93250,11350,0.310441,-0.696526,0.00091155,0.00093731,13.991324,13.471425,2023-08-01
26335,2023-07-25 10:04:00,19950.0,19678.1,4909050,618600,13.2,271.0,66200,250,0.272051,-0.737616,0.00083635,0.00085975,14.337222,13.694623,2023-08-01
23711,2023-07-25 10:05:00,19450.0,19685.6,225950,2764500,262.0,13.15,1250,124300,0.747165,-0.246447,0.00079869,0.00081246,14.455624,14.018744,2023-08-01
18458,2023-07-25 10:05:00,19500.0,19685.6,2159450,7073700,218.25,19.95,33450,225600,0.710571,-0.286723,0.00088032,0.00088941,14.030587,13.825837,2023-08-01
13201,2023-07-25 10:05:00,19550.0,19685.6,532600,3025400,177.4,29.2,34350,184150,0.668103,-0.330306,0.00095598,0.00096423,13.713154,13.569823,2023-08-01
7944,2023-07-25 10:05:00,19600.0,19685.6,2372050,6085000,140.35,42.6,171250,378450,0.620489,-0.379211,0.0010184,0.00102094,13.497866,13.460961,2023-08-01
2683,2023-07-25 10:05:00,19650.0,19685.6,2706650,4667000,108.1,60.35,297600,416750,0.568908,-0.430961,0.00105853,0.00106075,13.408133,13.379376,2023-08-01
51,2023-07-25 10:05:00,19700.0,19685.6,13152700,10489800,80.15,82.65,642850,716850,0.515579,-0.484432,0.00108555,0.0010841,13.262769,13.280542,2023-08-01
5314,2023-07-25 10:05:00,19750.0,19685.6,6527050,3110750,58.6,111.0,241500,185700,0.461821,-0.538156,0.00107225,0.00107172,13.375989,13.382628,2023-08-01
10572,2023-07-25 10:05:00,19800.0,19685.6,14709100,5711300,41.65,144.45,383850,197550,0.4098,-0.58959,0.00104034,0.0010341,13.494262,13.580465,2023-08-01
15829,2023-07-25 10:05:00,19850.0,19685.6,6855150,1513400,28.95,181.05,150000,39450,0.360717,-0.639718,0.0009904,0.00099305,13.652223,13.610091,2023-08-01
21083,2023-07-25 10:05:00,19900.0,19685.6,10805400,2496300,19.55,222.0,150800,37700,0.314786,-0.684622,0.00092981,0.00092747,13.794435,13.840409,2023-08-01
26336,2023-07-25 10:05:00,19950.0,19685.6,4899250,618350,13.55,265.45,150250,1700,0.275732,-0.725832,0.00085245,0.00085655,14.155432,14.048384,2023-08-01
23712,2023-07-25 10:06:00,19450.0,19684.9,225950,2764500,259.7,13.45,1200,106000,0.754353,-0.248051,0.00081639,0.00081131,13.928213,14.088725,2023-08-01
18459,2023-07-25 10:06:00,19500.0,19684.9,2159450,7073700,216.0,20.2,61100,197950,0.71558,-0.287797,0.00090012,0.00088885,13.610153,13.860159,2023-08-01
13202,2023-07-25 10:06:00,19550.0,19684.9,532600,3025400,175.1,29.8,17350,82050,0.671589,-0.332007,0.00097838,0.00095972,13.343803,13.662697,2023-08-01
7945,2023-07-25 10:06:00,19600.0,19684.9,2372050,6085000,139.0,43.4,98950,227700,0.621058,-0.380786,0.00102997,0.00101423,13.341125,13.568272,2023-08-01
2684,2023-07-25 10:06:00,19650.0,19684.9,2706650,4667000,106.8,61.4,211600,244650,0.568829,-0.432283,0.00107031,0.00105123,13.262232,13.509398,2023-08-01
52,2023-07-25 10:06:00,19700.0,19684.9,13152700,10489800,79.3,83.9,494150,443750,0.514861,-0.485274,0.00109227,0.00107232,13.183211,13.42872,2023-08-01
5315,2023-07-25 10:06:00,19750.0,19684.9,6527050,3110750,57.75,112.5,197750,137650,0.46074,-0.538285,0.00107961,0.00105728,13.282445,13.566218,2023-08-01
10573,2023-07-25 10:06:00,19800.0,19684.9,14709100,5711300,41.1,145.55,231450,91900,0.408643,-0.589511,0.00104425,0.00102553,13.435642,13.695771,2023-08-01
15830,2023-07-25 10:06:00,19850.0,19684.9,6855150,1513400,28.45,183.3,181900,17500,0.359302,-0.636741,0.00099413,0.0009701,13.583632,13.972371,2023-08-01
21084,2023-07-25 10:06:00,19900.0,19684.9,10805400,2496300,19.2,224.35,147350,16650,0.313391,-0.679693,0.00093193,0.00090449,13.738054,14.286422,2023-08-01
26337,2023-07-25 10:06:00,19950.0,19684.9,4899250,618350,13.2,267.15,193250,50,0.273943,-0.721498,0.00085467,0.0008427,14.074683,14.390648,2023-08-01
23713,2023-07-25 10:07:00,19450.0,19685.9,225950,2764500,261.0,13.25,1050,103150,0.753094,-0.246902,0.00081056,0.00081057,14.066842,14.066585,2023-08-01
18460,2023-07-25 10:07:00,19500.0,19685.9,2159450,7073700,217.2,20.05,27500,173600,0.715146,-0.287012,0.00089433,0.00088717,13.7081,13.868386,2023-08-01
13203,2023-07-25 10:07:00,19550.0,19685.9,532600,3025400,176.8,29.6,10200,136850,0.67028,-0.331155,0.00096543,0.00095803,13.544357,13.672837,2023-08-01
7946,2023-07-25 10:07:00,19600.0,19685.9,2372050,6085000,139.6,43.0,113050,224100,0.622199,-0.379664,0.00103002,0.0010143,13.328127,13.555196,2023-08-01
2685,2023-07-25 10:07:00,19650.0,19685.9,2706650,4667000,107.55,61.0,248150,284800,0.569766,-0.431246,0.00106755,0.00105051,13.29086,13.512524,2023-08-01
53,2023-07-25 10:07:00,19700.0,19685.9,13152700,10489800,79.95,83.6,430800,388050,0.515934,-0.484225,0.0010899,0.00106943,13.210536,13.463606,2023-08-01
5316,2023-07-25 10:07:00,19750.0,19685.9,6527050,3110750,58.3,112.0,171050,120200,0.461909,-0.537172,0.00107768,0.00105614,13.309918,13.584313,2023-08-01
10574,2023-07-25 10:07:00,19800.0,19685.9,14709100,5711300,41.5,145.35,225500,105100,0.409812,-0.587873,0.00104353,0.00101978,13.454104,13.785978,2023-08-01
15831,2023-07-25 10:07:00,19850.0,19685.9,6855150,1513400,28.7,182.6,152800,19100,0.360344,-0.635644,0.00099472,0.00097013,13.5891,13.986169,2023-08-01
21085,2023-07-25 10:07:00,19900.0,19685.9,10805400,2496300,19.35,223.35,179550,19700,0.314272,-0.679325,0.00093327,0.00090767,13.734899,14.243193,2023-08-01
26338,2023-07-25 10:07:00,19950.0,19685.9,4899250,618350,13.35,267.05,136600,1600,0.27494,-0.717377,0.00085556,0.00083503,14.085181,14.626419,2023-08-01
23714,2023-07-25 10:08:00,19450.0,19686.05,224650,2767450,260.5,13.2,1400,74550,0.756248,-0.246653,0.00081665,0.00081062,13.866332,14.058557,2023-08-01
18461,2023-07-25 10:08:00,19500.0,19686.05,2167800,7100350,217.35,20.05,12150,94900,0.715158,-0.286987,0.00089373,0.00088662,13.7176,13.876999,2023-08-01
13204,2023-07-25 10:08:00,19550.0,19686.05,524500,3026750,176.45,29.45,8750,65150,0.671515,-0.330762,0.00097087,0.00095916,13.448761,13.650753,2023-08-01
7947,2023-07-25 10:08:00,19600.0,19686.05,2356650,6116000,140.0,42.95,80650,116100,0.621882,-0.379521,0.00102594,0.00101411,13.385161,13.556642,2023-08-01
2686,2023-07-25 10:08:00,19650.0,19686.05,2741700,4703850,107.75,60.9,105500,144900,0.569828,-0.431067,0.00106588,0.00105084,13.311906,13.507831,2023-08-01
54,2023-07-25 10:08:00,19700.0,19686.05,13088250,10539000,80.05,83.25,303700,237350,0.516091,-0.48404,0.00108939,0.00107288,13.217026,13.420581,2023-08-01
5317,2023-07-25 10:08:00,19750.0,19686.05,6536400,3112150,58.35,111.75,136800,66050,0.462068,-0.537102,0.00107772,0.00105817,13.310519,13.559072,2023-08-01
10575,2023-07-25 10:08:00,19800.0,19686.05,14615400,5697700,41.45,145.0,141000,73900,0.409851,-0.588024,0.0010448,0.00102296,13.438607,13.742435,2023-08-01
15832,2023-07-25 10:08:00,19850.0,19686.05,6905400,1516850,28.75,182.15,67700,14750,0.36054,-0.636184,0.00099455,0.00097446,13.594494,13.917641,2023-08-01
21086,2023-07-25 10:08:00,19900.0,19686.05,10817000,2499550,19.4,223.5,81150,10400,0.314511,-0.678363,0.00093303,0.00090447,13.743381,14.311979,2023-08-01
26339,2023-07-25 10:08:00,19950.0,19686.05,4803000,618400,13.4,266.9,61300,400,0.275235,-0.717329,0.00085531,0.00083541,14.097406,14.621655,2023-08-01
23715,2023-07-25 10:09:00,19450.0,19687.15,224650,2767450,259.85,12.95,1300,129550,0.76571,-0.245227,0.0008317,0.00081012,13.323686,14.023432,2023-08-01
18462,2023-07-25 10:09:00,19500.0,19687.15,2167800,7100350,217.75,19.6,90650,237850,0.717927,-0.285144,0.00089802,0.00088801,13.588161,13.812838,2023-08-01
13205,2023-07-25 10:09:00,19550.0,19687.15,524500,3026750,176.85,29.0,23300,124450,0.673648,-0.329276,0.00097495,0.0009601,13.357024,13.612682,2023-08-01
7948,2023-07-25 10:09:00,19600.0,19687.15,2356650,6116000,139.75,42.35,89300,210500,0.624558,-0.37804,0.00103781,0.00101622,13.202705,13.512226,2023-08-01
2687,2023-07-25 10:09:00,19650.0,19687.15,2741700,4703850,107.65,60.3,131300,267450,0.571596,-0.4298,0.00107508,0.00105211,13.187276,13.483788,2023-08-01
55,2023-07-25 10:09:00,19700.0,19687.15,13088250,10539000,79.85,82.5,344800,380550,0.517377,-0.48284,0.0010992,0.0010752,13.097155,13.389851,2023-08-01
5318,2023-07-25 10:09:00,19750.0,19687.15,6536400,3112150,58.45,110.9,162600,112550,0.463064,-0.536042,0.00108247,0.00106085,13.255159,13.528034,2023-08-01
10576,2023-07-25 10:09:00,19800.0,19687.15,14615400,5697700,41.4,144.35,199900,104700,0.410496,-0.586771,0.00105068,0.0010222,13.368412,13.762374,2023-08-01
15833,2023-07-25 10:09:00,19850.0,19687.15,6905400,1516850,28.75,182.2,102350,19400,0.361082,-0.633321,0.00099893,0.00096421,13.541898,14.102419,2023-08-01
21087,2023-07-25 10:09:00,19900.0,19687.15,10817000,2499550,19.45,222.4,141950,21700,0.315096,-0.677957,0.00093603,0.00090798,13.710073,14.264102,2023-08-01
26340,2023-07-25 10:09:00,19950.0,19687.15,4803000,618400,13.5,266.0,124350,450,0.276024,-0.716189,0.00085709,0.00083605,14.087735,14.638557,2023-08-01
23716,2023-07-25 10:10:00,19450.0,19686.55,224650,2767450,262.0,12.65,700,100000,0.751474,-0.243912,0.0008051,0.00081474,14.21339,13.904712,2023-08-01
18463,2023-07-25 10:10:00,19500.0,19686.55,2167800,7100350,219.75,19.2,18850,144150,0.708926,-0.28395,0.00087077,0.00089452,14.224894,13.685958,2023-08-01
13206,2023-07-25 10:10:00,19550.0,19686.55,524500,3026750,178.5,28.25,17400,100100,0.668016,-0.327725,0.00094984,0.00097169,13.805963,13.425699,2023-08-01
7949,2023-07-25 10:10:00,19600.0,19686.55,2356650,6116000,141.55,41.4,92700,203600,0.620549,-0.37693,0.00101004,0.00103117,13.611444,13.305127,2023-08-01
2688,2023-07-25 10:10:00,19650.0,19686.55,2741700,4703850,109.0,59.0,225850,249500,0.569601,-0.429235,0.00105302,0.00107239,13.476795,13.226398,2023-08-01
56,2023-07-25 10:10:00,19700.0,19686.55,13088250,10539000,81.05,80.95,380500,358900,0.516543,-0.483279,0.00107903,0.00109999,13.344253,13.089731,2023-08-01
5319,2023-07-25 10:10:00,19750.0,19686.55,6536400,3112150,58.9,109.15,174750,155900,0.462809,-0.537861,0.00107288,0.00108886,13.373839,13.17545,2023-08-01
10577,2023-07-25 10:10:00,19800.0,19686.55,14615400,5697700,41.9,142.2,189250,90450,0.410773,-0.590669,0.00104091,0.00105582,13.497015,13.295192,2023-08-01
15834,2023-07-25 10:10:00,19850.0,19686.55,6905400,1516850,29.1,179.65,87450,12600,0.361569,-0.640224,0.0009917,0.00100271,13.647957,13.475062,2023-08-01
21088,2023-07-25 10:10:00,19900.0,19686.55,10817000,2499550,19.7,220.35,122200,25750,0.315717,-0.686565,0.00093063,0.0009397,13.802327,13.626777,2023-08-01
26341,2023-07-25 10:10:00,19950.0,19686.55,4803000,618400,13.6,264.0,93700,550,0.276336,-0.727924,0.00085415,0.00086528,14.145286,13.856499,2023-08-01
23717,2023-07-25 10:11:00,19450.0,19690.1,223750,2783800,265.0,12.4,5800,266650,0.75482,-0.24191,0.00080103,0.00080763,14.180429,13.962921,2023-08-01
18464,2023-07-25 10:11:00,19500.0,19690.1,2154650,7076850,222.0,18.75,115250,350350,0.714203,-0.28133,0.00087346,0.00088782,14.057533,13.726089,2023-08-01
13207,2023-07-25 10:11:00,19550.0,19690.1,518100,3060500,180.9,27.7,71450,236300,0.672088,-0.324975,0.00094935,0.00096394,13.743056,13.485512,2023-08-01
7950,2023-07-25 10:11:00,19600.0,19690.1,2299800,6113650,143.2,40.6,399000,583150,0.625327,-0.373767,0.0010166,0.0010239,13.468717,13.362435,2023-08-01
2689,2023-07-25 10:11:00,19650.0,19690.1,2701550,4752500,109.95,57.95,486200,618550,0.574294,-0.425753,0.00106606,0.00106533,13.281303,13.290772,2023-08-01
57,2023-07-25 10:11:00,19700.0,19690.1,13048500,10528650,81.75,79.45,1172400,1194000,0.520542,-0.479423,0.00109268,0.00109557,13.169649,13.134809,2023-08-01
5320,2023-07-25 10:11:00,19750.0,19690.1,6411500,3080400,59.7,107.35,490750,308650,0.46629,-0.533831,0.00108211,0.00108527,13.26838,13.229332,2023-08-01
10578,2023-07-25 10:11:00,19800.0,19690.1,14588200,5656350,42.4,140.2,559600,318550,0.413699,-0.586368,0.00105124,0.00105195,13.385029,13.375438,2023-08-01
15835,2023-07-25 10:11:00,19850.0,19690.1,6902300,1501950,29.35,177.6,266000,79700,0.363838,-0.635257,0.00100274,0.000997,13.524554,13.613816,2023-08-01
21089,2023-07-25 10:11:00,19900.0,19690.1,10811850,2549850,19.75,217.9,289200,117050,0.317203,-0.681642,0.00094205,0.00093732,13.660506,13.750535,2023-08-01
26342,2023-07-25 10:11:00,19950.0,19690.1,4770850,617450,13.65,261.0,150150,8750,0.277583,-0.724311,0.00086343,0.00086853,14.022263,13.893278,2023-08-01
23718,2023-07-25 10:12:00,19450.0,19686.35,223750,2783800,262.9,12.8,900,179650,0.746414,-0.244741,0.00079474,0.00081369,14.554464,13.949695,2023-08-01
18465,2023-07-25 10:12:00,19500.0,19686.35,2154650,7076850,218.7,19.4,27150,156450,0.711558,-0.28475,0.00088051,0.00089278,14.00918,13.73251,2023-08-01
13208,2023-07-25 10:12:00,19550.0,19686.35,518100,3060500,178.5,28.65,31700,130300,0.66743,-0.328809,0.00094804,0.00096742,13.843314,13.504516,2023-08-01
7951,2023-07-25 10:12:00,19600.0,19686.35,2299800,6113650,140.65,41.85,148100,317550,0.621444,-0.377757,0.0010195,0.00102621,13.476884,13.380022,2023-08-01
2690,2023-07-25 10:12:00,19650.0,19686.35,2701550,4752500,108.3,59.4,234800,321700,0.569815,-0.429718,0.00106032,0.00106811,13.384133,13.283692,2023-08-01
58,2023-07-25 10:12:00,19700.0,19686.35,13048500,10528650,80.25,81.65,526500,569650,0.516397,-0.483574,0.00108809,0.00109168,13.234734,13.191112,2023-08-01
5321,2023-07-25 10:12:00,19750.0,19686.35,6411500,3080400,58.6,110.0,271550,197550,0.462477,-0.537658,0.0010755,0.00107869,13.341613,13.301759,2023-08-01
10579,2023-07-25 10:12:00,19800.0,19686.35,14588200,5656350,41.7,143.2,337750,146900,0.410405,-0.589733,0.00104239,0.00104382,13.476505,13.45697,2023-08-01
15836,2023-07-25 10:12:00,19850.0,19686.35,6902300,1501950,28.9,180.0,167600,22800,0.361069,-0.639975,0.00099334,0.00099974,13.620435,13.519795,2023-08-01
21090,2023-07-25 10:12:00,19900.0,19686.35,10811850,2549850,19.5,221.05,160600,45900,0.315027,-0.684959,0.00093239,0.00093233,13.764933,13.766059,2023-08-01
26343,2023-07-25 10:12:00,19950.0,19686.35,4770850,617450,13.45,264.05,111350,850,0.275638,-0.728701,0.00085527,0.00086656,14.110725,13.817946,2023-08-01
23719,2023-07-25 10:13:00,19450.0,19685.6,223750,2783800,260.85,12.85,200,65100,0.752077,-0.245175,0.0008094,0.00081519,14.122176,13.938544,2023-08-01
18466,2023-07-25 10:13:00,19500.0,19685.6,2154650,7076850,218.0,19.45,10950,85600,0.711136,-0.285167,0.00088231,0.00089466,13.991484,13.714389,2023-08-01
13209,2023-07-25 10:13:00,19550.0,19685.6,518100,3060500,177.1,28.6,10050,68050,0.668595,-0.329008,0.00095866,0.00097104,13.672046,13.458484,2023-08-01
7952,2023-07-25 10:13:00,19600.0,19685.6,2299800,6113650,140.85,41.8,66600,113350,0.61961,-0.378105,0.00101112,0.00103048,13.609819,13.329462,2023-08-01
2691,2023-07-25 10:13:00,19650.0,19685.6,2701550,4752500,108.1,59.4,104050,126250,0.568821,-0.430291,0.00105743,0.00107245,13.427856,13.234483,2023-08-01
59,2023-07-25 10:13:00,19700.0,19685.6,13048500,10528650,80.2,81.6,256500,217400,0.515544,-0.484352,0.00108376,0.00109751,13.289929,13.123234,2023-08-01
5322,2023-07-25 10:13:00,19750.0,19685.6,6411500,3080400,58.5,109.9,168550,79850,0.461789,-0.538786,0.0010725,0.0010859,13.377884,13.210974,2023-08-01
10580,2023-07-25 10:13:00,19800.0,19685.6,14588200,5656350,41.5,142.8,182900,70450,0.409679,-0.591732,0.00104136,0.00105578,13.48527,13.289957,2023-08-01
15837,2023-07-25 10:13:00,19850.0,19685.6,6902300,1501950,28.6,180.4,74550,4950,0.36007,-0.641107,0.0009942,0.00100136,13.59675,13.484286,2023-08-01
21091,2023-07-25 10:13:00,19900.0,19685.6,10811850,2549850,19.3,220.7,75400,9200,0.314112,-0.688946,0.00093238,0.00094438,13.74915,13.517193,2023-08-01
26344,2023-07-25 10:13:00,19950.0,19685.6,4770850,617450,13.35,263.65,67050,750,0.274991,-0.734769,0.00085433,0.00087914,14.111135,13.467118,2023-08-01
23720,2023-07-25 10:14:00,19450.0,19678.05,224600,2838150,255.0,13.35,1350,103650,0.742691,-0.249321,0.00081279,0.00083101,14.347605,13.802306,2023-08-01
18467,2023-07-25 10:14:00,19500.0,19678.05,2159300,7029800,212.0,20.25,39300,181600,0.703837,-0.290222,0.00088996,0.00091114,14.039105,13.584513,2023-08-01
13210,2023-07-25 10:14:00,19550.0,19678.05,525300,3057950,171.65,30.0,24050,86300,0.660747,-0.335436,0.00096401,0.00098515,13.727142,13.373756,2023-08-01
7953,2023-07-25 10:14:00,19600.0,19678.05,2310650,6105350,135.6,43.7,135850,249250,0.612137,-0.38518,0.00101923,0.00104398,13.585398,13.236557,2023-08-01
2692,2023-07-25 10:14:00,19650.0,19678.05,2704250,4784150,103.6,62.1,215000,339150,0.560862,-0.438128,0.00106216,0.00108197,13.417977,13.167068,2023-08-01
60,2023-07-25 10:14:00,19700.0,19678.05,13093500,10569350,76.6,85.0,494250,509100,0.507355,-0.492645,0.00108335,0.00110472,13.308514,13.051024,2023-08-01
5323,2023-07-25 10:14:00,19750.0,19678.05,6492450,3097100,55.65,113.95,203000,107250,0.45379,-0.54735,0.00106875,0.00109119,13.401946,13.121885,2023-08-01
10581,2023-07-25 10:14:00,19800.0,19678.05,14666100,5671300,39.45,148.1,376350,125300,0.402222,-0.599616,0.00103309,0.00105027,13.536924,13.299681,2023-08-01
15838,2023-07-25 10:14:00,19850.0,19678.05,6919250,1502850,27.25,185.9,133850,36650,0.353507,-0.649434,0.00098203,0.00099872,13.682641,13.413521,2023-08-01
21092,2023-07-25 10:14:00,19900.0,19678.05,10836550,2556900,18.45,227.2,182100,28400,0.308567,-0.695372,0.0009182,0.00093274,13.860018,13.566817,2023-08-01
26345,2023-07-25 10:14:00,19950.0,19678.05,4784250,616950,12.8,271.7,109200,3200,0.270372,-0.734194,0.00084026,0.00085138,14.233371,13.927649,2023-08-01
23721,2023-07-25 10:15:00,19400.0,19673.7,676900,5675400,295.3,9.35,4900,129100,0.778822,-0.218365,0.00074832,0.00075228,14.349833,14.169804,2023-08-01
18468,2023-07-25 10:15:00,19450.0,19673.7,224600,2838150,250.9,13.9,3100,126600,0.740553,-0.252936,0.00082219,0.00083761,14.248292,13.801871,2023-08-01
13211,2023-07-25 10:15:00,19500.0,19673.7,2159300,7029800,208.0,21.0,54100,224350,0.701348,-0.294092,0.00090068,0.00091753,13.928802,13.576961,2023-08-01
7954,2023-07-25 10:15:00,19550.0,19673.7,525300,3057950,167.45,31.1,23450,171800,0.658536,-0.33979,0.0009803,0.00098993,13.53628,13.379459,2023-08-01
2693,2023-07-25 10:15:00,19600.0,19673.7,2310650,6105350,132.35,45.3,179200,406750,0.608137,-0.38996,0.00102708,0.00104556,13.524608,13.267425,2023-08-01
61,2023-07-25 10:15:00,19650.0,19673.7,2704250,4784150,101.05,64.1,324300,463450,0.556257,-0.442944,0.00106472,0.00108195,13.412331,13.194949,2023-08-01
5324,2023-07-25 10:15:00,19700.0,19673.7,13093500,10569350,74.75,87.75,724900,885550,0.502653,-0.497426,0.00108054,0.00109844,13.348685,13.131127,2023-08-01
10582,2023-07-25 10:15:00,19750.0,19673.7,6492450,3097100,54.15,117.4,357250,261050,0.449272,-0.551512,0.00106508,0.00107924,13.433073,13.253455,2023-08-01
15839,2023-07-25 10:15:00,19800.0,19673.7,14666100,5671300,38.55,152.0,423950,248950,0.39833,-0.602899,0.00102495,0.00103589,13.613482,13.45859,2023-08-01
21093,2023-07-25 10:15:00,19850.0,19673.7,6919250,1502850,26.65,190.55,163750,41500,0.350147,-0.650665,0.00097298,0.00097743,13.766013,13.691793,2023-08-01
26346,2023-07-25 10:15:00,19900.0,19673.7,10836550,2556900,18.1,231.9,242250,78800,0.305869,-0.695584,0.00090853,0.00091374,13.957251,13.848307,2023-08-01
23722,2023-07-25 10:16:00,19450.0,19675.8,224600,2838150,252.25,13.25,450,59750,0.744242,-0.249412,0.00082391,0.00083843,14.112345,13.68554,2023-08-01
18469,2023-07-25 10:16:00,19500.0,19675.8,2159300,7029800,212.0,20.2,16900,111250,0.696441,-0.290798,0.00087273,0.00091955,14.480044,13.475546,2023-08-01
13212,2023-07-25 10:16:00,19550.0,19675.8,525300,3057950,171.15,29.9,11350,95400,0.656078,-0.336196,0.00095225,0.00099602,13.972039,13.242349,2023-08-01
7955,2023-07-25 10:16:00,19600.0,19675.8,2310650,6105350,135.7,43.6,67250,310000,0.607754,-0.386373,0.00100124,0.00105693,13.876696,13.089077,2023-08-01
2694,2023-07-25 10:16:00,19650.0,19675.8,2704250,4784150,104.0,62.0,115650,269900,0.557411,-0.439883,0.00104147,0.00109719,13.705309,12.996045,2023-08-01
62,2023-07-25 10:16:00,19700.0,19675.8,13093500,10569350,77.0,85.0,328800,504250,0.50496,-0.495172,0.00106392,0.00112122,13.555631,12.862927,2023-08-01
5325,2023-07-25 10:16:00,19750.0,19675.8,6492450,3097100,56.0,114.0,177950,169300,0.452247,-0.55081,0.00105181,0.00110935,13.614358,12.895979,2023-08-01
10583,2023-07-25 10:16:00,19800.0,19675.8,14666100,5671300,39.85,147.9,286150,133700,0.401466,-0.604763,0.00101731,0.00107402,13.743168,12.963423,2023-08-01
15840,2023-07-25 10:16:00,19850.0,19675.8,6919250,1502850,27.4,185.85,72300,21650,0.352868,-0.656339,0.00097114,0.00102216,13.829977,13.012633,2023-08-01
21094,2023-07-25 10:16:00,19900.0,19675.8,10836550,2556900,18.75,227.5,112600,32550,0.308864,-0.703706,0.00090694,0.00095208,14.040995,13.128532,2023-08-01
26347,2023-07-25 10:16:00,19950.0,19675.8,4784250,616950,13.0,271.55,86700,850,0.270772,-0.748277,0.00083183,0.00087577,14.391293,13.166319,2023-08-01
23723,2023-07-25 10:17:00,19450.0,19675.95,224850,2844400,252.85,13.5,1950,81600,0.742291,-0.250587,0.00081882,0.0008353,14.256993,13.771855,2023-08-01
18470,2023-07-25 10:17:00,19500.0,19675.95,2175500,7023800,211.85,20.5,17900,129400,0.697307,-0.291774,0.00087533,0.00091538,14.419163,13.558731,2023-08-01
13213,2023-07-25 10:17:00,19550.0,19675.95,526450,3061050,170.15,30.35,15300,93550,0.658501,-0.337176,0.00096511,0.00098953,13.749523,13.344772,2023-08-01
7956,2023-07-25 10:17:00,19600.0,19675.95,2321400,6115800,134.6,44.65,81500,233900,0.60942,-0.38777,0.00101557,0.00104217,13.664995,13.288887,2023-08-01
2695,2023-07-25 10:17:00,19650.0,19675.95,2694550,4822900,103.15,63.2,165650,193650,0.558128,-0.440563,0.001053,0.00107989,13.552125,13.208232,2023-08-01
63,2023-07-25 10:17:00,19700.0,19675.95,13115450,10579050,76.3,86.6,416500,330400,0.505094,-0.494958,0.00107378,0.00109767,13.431713,13.139372,2023-08-01
5326,2023-07-25 10:17:00,19750.0,19675.95,6508100,3149050,55.6,115.75,151950,103250,0.452093,-0.549265,0.00105769,0.00108329,13.538644,13.213146,2023-08-01
10584,2023-07-25 10:17:00,19800.0,19675.95,14675250,5677500,39.7,150.0,259350,135750,0.401352,-0.60117,0.00101981,0.00104285,13.708947,13.384014,2023-08-01
15841,2023-07-25 10:17:00,19850.0,19675.95,6971150,1521000,27.5,188.15,132950,34800,0.353182,-0.650005,0.00097031,0.00098812,13.846722,13.552726,2023-08-01
21095,2023-07-25 10:17:00,19900.0,19675.95,10829300,2547400,18.7,228.85,115900,15250,0.308764,-0.697753,0.00090797,0.00093166,14.023715,13.538476,2023-08-01
26348,2023-07-25 10:17:00,19950.0,19675.95,4784100,618000,13.05,272.6,76150,500,0.271071,-0.741161,0.00083158,0.00086051,14.404081,13.597019,2023-08-01
23724,2023-07-25 10:18:00,19400.0,19671.65,676200,5675900,296.55,9.25,2750,58950,0.760889,-0.218179,0.00072502,0.00075787,15.4754,14.061991,2023-08-01
18471,2023-07-25 10:18:00,19450.0,19671.65,224850,2844400,250.4,13.65,750,60400,0.733699,-0.252331,0.00081207,0.00084615,14.62312,13.648656,2023-08-01
13214,2023-07-25 10:18:00,19500.0,19671.65,2175500,7023800,208.95,20.9,26950,95500,0.692011,-0.294483,0.00087443,0.0009259,14.549425,13.465802,2023-08-01
7957,2023-07-25 10:18:00,19550.0,19671.65,526450,3061050,168.4,30.95,14100,89350,0.651454,-0.340402,0.00095259,0.00100063,14.040703,13.248835,2023-08-01
2696,2023-07-25 10:18:00,19600.0,19671.65,2321400,6115800,133.2,45.15,66100,206050,0.603283,-0.39102,0.00100131,0.00105814,13.923179,13.123017,2023-08-01
64,2023-07-25 10:18:00,19650.0,19671.65,2694550,4822900,101.55,64.0,111150,262500,0.553115,-0.444594,0.00104407,0.00109594,13.695962,13.037449,2023-08-01
5327,2023-07-25 10:18:00,19700.0,19671.65,13115450,10579050,75.1,87.45,292350,415500,0.500546,-0.499807,0.00106305,0.0011176,13.571914,12.909491,2023-08-01
10585,2023-07-25 10:18:00,19750.0,19671.65,6508100,3149050,54.65,117.2,120950,93250,0.448068,-0.554907,0.00104731,0.00109899,13.659002,13.00361,2023-08-01
15842,2023-07-25 10:18:00,19800.0,19671.65,14675250,5677500,38.9,151.45,156750,92700,0.397686,-0.608227,0.00101084,0.00106228,13.800892,13.078941,2023-08-01
21096,2023-07-25 10:18:00,19850.0,19671.65,6971150,1521000,26.9,190.0,68400,30450,0.349883,-0.658194,0.00096168,0.00100496,13.927485,13.212384,2023-08-01
26349,2023-07-25 10:18:00,19900.0,19671.65,10829300,2547400,18.4,230.55,70250,32300,0.306289,-0.709766,0.00089804,0.0009535,14.132447,12.987912,2023-08-01
23725,2023-07-25 10:19:00,19400.0,19668.9,676200,5675900,295.4,9.45,10600,162200,0.753177,-0.219951,0.00071794,0.0007626,15.901603,14.042486,2023-08-01
18472,2023-07-25 10:19:00,19450.0,19668.9,224850,2844400,248.8,14.1,2200,104600,0.728664,-0.255095,0.00080824,0.00084935,14.834031,13.677841,2023-08-01
13215,2023-07-25 10:19:00,19500.0,19668.9,2175500,7023800,207.0,21.5,38950,243950,0.68895,-0.297334,0.00087493,0.00092859,14.606761,13.488941,2023-08-01
7958,2023-07-25 10:19:00,19550.0,19668.9,526450,3061050,166.85,31.7,27050,132000,0.647935,-0.343277,0.00094986,0.00100314,14.135294,13.260424,2023-08-01
2697,2023-07-25 10:19:00,19600.0,19668.9,2321400,6115800,131.2,46.2,157000,440600,0.60075,-0.394097,0.00100564,0.00105882,13.889413,13.145638,2023-08-01
65,2023-07-25 10:19:00,19650.0,19668.9,2694550,4822900,100.2,65.1,287850,523600,0.550133,-0.447563,0.0010426,0.00109842,13.731305,13.023758,2023-08-01
5328,2023-07-25 10:19:00,19700.0,19668.9,13115450,10579050,73.85,89.1,587050,778450,0.497626,-0.502859,0.00106257,0.00111505,13.580441,12.941105,2023-08-01
10586,2023-07-25 10:19:00,19750.0,19668.9,6508100,3149050,53.6,118.8,243500,200250,0.445181,-0.558042,0.00104654,0.0010998,13.658332,12.981847,2023-08-01
15843,2023-07-25 10:19:00,19800.0,19668.9,14675250,5677500,38.1,153.5,303650,195900,0.394922,-0.611016,0.00100894,0.00105907,13.80351,13.094529,2023-08-01
21097,2023-07-25 10:19:00,19850.0,19668.9,6971150,1521000,26.4,192.15,156800,34000,0.347504,-0.661038,0.00095775,0.00100241,13.952371,13.206261,2023-08-01
26350,2023-07-25 10:19:00,19900.0,19668.9,10829300,2547400,18.05,233.15,145250,51700,0.304165,-0.711335,0.00089374,0.00094615,14.159221,13.057991,2023-08-01
23726,2023-07-25 10:20:00,19400.0,19667.3,679900,5699200,292.15,9.65,6200,124500,0.76019,-0.221498,0.00073483,0.00076462,15.297886,14.063584,2023-08-01
18473,2023-07-25 10:20:00,19450.0,19667.3,224650,2840550,247.0,14.45,3300,69700,0.728954,-0.257087,0.00081449,0.00085025,14.71427,13.720693,2023-08-01
13216,2023-07-25 10:20:00,19500.0,19667.3,2193700,7058150,204.45,21.95,18700,172350,0.69091,-0.2993,0.00089033,0.00092894,14.316517,13.526087,2023-08-01
7959,2023-07-25 10:20:00,19550.0,19667.3,544200,3053900,164.8,32.4,27600,130100,0.64804,-0.345504,0.00096153,0.00100122,13.963954,13.319746,2023-08-01
2698,2023-07-25 10:20:00,19600.0,19667.3,2349650,6152000,129.45,47.3,112950,360200,0.599939,-0.3965,0.00101527,0.00105276,13.76682,13.244928,2023-08-01
66,2023-07-25 10:20:00,19650.0,19667.3,2729750,4725550,99.45,66.65,141450,404600,0.548386,-0.449788,0.00104131,0.00108748,13.757639,13.165999,2023-08-01
5329,2023-07-25 10:20:00,19700.0,19667.3,13161850,10556100,73.35,91.0,347850,666900,0.495959,-0.504489,0.00105937,0.00110048,13.622671,13.113634,2023-08-01
10587,2023-07-25 10:20:00,19750.0,19667.3,6539650,3177400,53.3,121.2,156100,158600,0.443748,-0.558587,0.00104208,0.00107959,13.711568,13.223827,2023-08-01
15844,2023-07-25 10:20:00,19800.0,19667.3,14697450,5681750,37.8,156.0,200450,151300,0.393568,-0.610417,0.0010057,0.00103881,13.836658,13.357482,2023-08-01
21098,2023-07-25 10:20:00,19850.0,19667.3,7011750,1521000,26.25,194.95,76700,34600,0.346468,-0.658486,0.00095367,0.00097935,13.998413,13.55783,2023-08-01
26351,2023-07-25 10:20:00,19900.0,19667.3,10828350,2554900,18.0,236.6,133000,34000,0.303482,-0.704111,0.00088936,0.00091518,14.216582,13.6578,2023-08-01
23727,2023-07-25 10:21:00,19400.0,19669.95,679900,5699200,296.95,9.45,7100,89850,0.751223,-0.219807,0.00071165,0.00076005,16.110551,14.08497,2023-08-01
18474,2023-07-25 10:21:00,19450.0,19669.95,224650,2840550,250.75,14.05,3000,65200,0.725662,-0.254656,0.00079668,0.0008467,15.13234,13.708997,2023-08-01
13217,2023-07-25 10:21:00,19500.0,19669.95,2193700,7058150,208.25,21.4,16100,187800,0.688726,-0.296709,0.00086922,0.00092585,14.707997,13.516405,2023-08-01
7960,2023-07-25 10:21:00,19550.0,19669.95,544200,3053900,168.2,31.35,26500,101800,0.647802,-0.342081,0.00094198,0.00100281,14.255969,13.247876,2023-08-01
2699,2023-07-25 10:21:00,19600.0,19669.95,2349650,6152000,133.0,45.7,110850,280700,0.600489,-0.392821,0.00099143,0.00105966,14.091537,13.124027,2023-08-01
67,2023-07-25 10:21:00,19650.0,19669.95,2729750,4725550,101.75,64.65,210800,319000,0.550716,-0.446428,0.00103014,0.00109765,13.895375,13.028513,2023-08-01
5330,2023-07-25 10:21:00,19700.0,19669.95,13161850,10556100,75.35,88.05,333750,560450,0.498846,-0.501747,0.00104944,0.00112177,13.751082,12.864387,2023-08-01
10588,2023-07-25 10:21:00,19750.0,19669.95,6539650,3177400,54.4,117.8,171350,127700,0.446602,-0.557169,0.00104138,0.00110487,13.733228,12.926966,2023-08-01
15845,2023-07-25 10:21:00,19800.0,19669.95,14697450,5681750,38.85,152.2,212200,134050,0.396669,-0.610819,0.00100368,0.00106761,13.892995,12.99212,2023-08-01
21099,2023-07-25 10:21:00,19850.0,19669.95,7011750,1521000,26.9,190.3,107500,49150,0.349189,-0.662816,0.00095506,0.00101826,14.017028,12.974832,2023-08-01
26352,2023-07-25 10:21:00,19900.0,19669.95,10828350,2554900,18.35,231.95,179400,28250,0.305607,-0.711647,0.00089313,0.00095191,14.1994,12.972961,2023-08-01
23728,2023-07-25 10:22:00,19400.0,19671.85,679900,5699200,294.05,9.45,4200,82350,0.774667,-0.219486,0.00074699,0.00075554,14.534849,14.156394,2023-08-01
18475,2023-07-25 10:22:00,19450.0,19671.85,224650,2840550,250.25,14.15,300,65050,0.734968,-0.254675,0.00081466,0.00084,14.544103,13.818109,2023-08-01
13218,2023-07-25 10:22:00,19500.0,19671.85,2193700,7058150,206.9,21.55,16800,126400,0.698291,-0.296588,0.00089784,0.00091717,14.043432,13.641117,2023-08-01
7961,2023-07-25 10:22:00,19550.0,19671.85,544200,3053900,167.1,31.85,17300,90900,0.65443,-0.34234,0.00096898,0.00098798,13.762021,13.449868,2023-08-01
2700,2023-07-25 10:22:00,19600.0,19671.85,2349650,6152000,131.25,46.5,77950,235750,0.605969,-0.392733,0.00102609,0.00103901,13.564249,13.383434,2023-08-01
68,2023-07-25 10:22:00,19650.0,19671.85,2729750,4725550,100.6,65.6,138050,235200,0.553881,-0.44541,0.00105683,0.00107283,13.529546,13.324561,2023-08-01
5331,2023-07-25 10:22:00,19700.0,19671.85,13161850,10556100,74.35,89.5,307400,392650,0.500682,-0.499407,0.00107343,0.00108743,13.443087,13.270056,2023-08-01
10589,2023-07-25 10:22:00,19750.0,19671.85,6539650,3177400,54.2,119.3,153900,95100,0.447905,-0.552912,0.00105368,0.00106791,13.57827,13.39358,2023-08-01
15846,2023-07-25 10:22:00,19800.0,19671.85,14697450,5681750,38.6,153.85,165300,98400,0.3974,-0.603948,0.00101514,0.00102691,13.742344,13.572356,2023-08-01
21100,2023-07-25 10:22:00,19850.0,19671.85,7011750,1521000,26.75,192.0,93950,18150,0.349678,-0.652414,0.00096395,0.00097525,13.894201,13.703071,2023-08-01
26353,2023-07-25 10:22:00,19900.0,19671.85,10828350,2554900,18.25,233.55,137500,13050,0.305912,-0.696889,0.0009002,0.00091014,14.093336,13.882563,2023-08-01
23729,2023-07-25 10:23:00,19400.0,19668.8,684350,5707250,293.85,9.55,5550,85050,0.759431,-0.220681,0.00072966,0.00076184,15.433842,14.086053,2023-08-01
18476,2023-07-25 10:23:00,19450.0,19668.8,224500,2842250,251.0,14.2,250,35450,0.720593,-0.255662,0.00078661,0.00084838,15.466554,13.712111,2023-08-01
13219,2023-07-25 10:23:00,19500.0,19668.8,2199000,7042450,206.85,21.6,18350,85450,0.688935,-0.297761,0.00087538,0.0009275,14.602448,13.516319,2023-08-01
7962,2023-07-25 10:23:00,19550.0,19668.8,545700,3064100,167.05,31.95,9950,77450,0.647247,-0.343922,0.00094637,0.00100006,14.200073,13.313264,2023-08-01
2701,2023-07-25 10:23:00,19600.0,19668.8,2346000,6188400,131.45,46.5,56200,228150,0.600227,-0.394592,0.00100143,0.00105502,13.955333,13.2002,2023-08-01
69,2023-07-25 10:23:00,19650.0,19668.8,2773250,4712250,100.35,65.8,87250,229550,0.549892,-0.44807,0.00103955,0.00108913,13.775401,13.139611,2023-08-01
5332,2023-07-25 10:23:00,19700.0,19668.8,13244400,10578400,74.35,89.7,246850,352150,0.497581,-0.502907,0.00105505,0.00110701,13.679882,13.037685,2023-08-01
10590,2023-07-25 10:23:00,19750.0,19668.8,6589050,3172400,54.1,119.4,109450,83000,0.445516,-0.55768,0.00103909,0.00109179,13.760517,13.081413,2023-08-01
15847,2023-07-25 10:23:00,19800.0,19668.8,14737300,5701550,38.4,154.0,147050,110100,0.395364,-0.610374,0.00100419,0.0010526,13.875786,13.183729,2023-08-01
21101,2023-07-25 10:23:00,19850.0,19668.8,7025900,1527150,26.7,192.55,55600,13150,0.348247,-0.66023,0.00095317,0.00099754,14.033228,13.285464,2023-08-01
26354,2023-07-25 10:23:00,19900.0,19668.8,10803850,2558750,18.25,233.95,104200,21100,0.304917,-0.708315,0.00089065,0.00093572,14.226805,13.270693,2023-08-01
23730,2023-07-25 10:24:00,19400.0,19668.75,684350,5707250,294.9,9.55,800,67000,0.754454,-0.220714,0.00072074,0.00076193,15.79984,14.086295,2023-08-01
18477,2023-07-25 10:24:00,19450.0,19668.75,224500,2842250,249.2,14.3,2050,51300,0.726481,-0.256147,0.00080294,0.0008474,14.995251,13.742346,2023-08-01
13220,2023-07-25 10:24:00,19500.0,19668.75,2199000,7042450,207.4,21.7,14900,102250,0.687342,-0.298113,0.00086919,0.00092641,14.739735,13.540115,2023-08-01
7963,2023-07-25 10:24:00,19550.0,19668.75,545700,3064100,167.0,32.15,9300,62000,0.647203,-0.344386,0.00094646,0.00099764,14.200158,13.352905,2023-08-01
2702,2023-07-25 10:24:00,19600.0,19668.75,2346000,6188400,131.6,46.85,62650,170700,0.599954,-0.395083,0.00099917,0.00105058,13.990087,13.261158,2023-08-01
70,2023-07-25 10:24:00,19650.0,19668.75,2773250,4712250,100.95,66.0,90600,204150,0.549518,-0.44823,0.00103175,0.00108666,13.88187,13.170921,2023-08-01
5333,2023-07-25 10:24:00,19700.0,19668.75,13244400,10578400,74.45,89.95,199900,252500,0.497542,-0.502935,0.00105336,0.00110381,13.702567,13.076083,2023-08-01
10591,2023-07-25 10:24:00,19750.0,19668.75,6589050,3172400,54.5,119.75,124650,66200,0.445792,-0.557461,0.00103364,0.00108721,13.835092,13.13825,2023-08-01
15848,2023-07-25 10:24:00,19800.0,19668.75,14737300,5701550,38.8,154.15,149100,79400,0.395946,-0.610229,0.00099878,0.00105088,13.957201,13.207387,2023-08-01
21102,2023-07-25 10:24:00,19850.0,19668.75,7025900,1527150,26.9,192.05,62050,13850,0.348718,-0.661767,0.00095036,0.00100516,14.082305,13.162501,2023-08-01
26355,2023-07-25 10:24:00,19900.0,19668.75,10803850,2558750,18.35,233.05,113200,17700,0.30527,-0.712478,0.00088919,0.00094915,14.258163,12.995683,2023-08-01
23731,2023-07-25 10:25:00,19400.0,19672.55,684350,5707250,296.3,9.15,3100,206950,0.766366,-0.217553,0.00073209,0.00075643,15.135987,14.069423,2023-08-01
18478,2023-07-25 10:25:00,19450.0,19672.55,224500,2842250,251.55,13.7,2300,113200,0.732716,-0.252506,0.0008066,0.00084267,14.754074,13.71414,2023-08-01
13221,2023-07-25 10:25:00,19500.0,19672.55,2199000,7042450,208.65,20.95,24750,166450,0.695406,-0.294493,0.00088358,0.00092163,14.33252,13.53234,2023-08-01
7964,2023-07-25 10:25:00,19550.0,19672.55,545700,3064100,168.6,31.15,21550,251150,0.653061,-0.34056,0.00095623,0.00099356,13.967472,13.349362,2023-08-01
2703,2023-07-25 10:25:00,19600.0,19672.55,2346000,6188400,133.05,45.4,141550,444100,0.60497,-0.390897,0.00100863,0.00104941,13.810121,13.234766,2023-08-01
71,2023-07-25 10:25:00,19650.0,19672.55,2773250,4712250,102.1,64.25,237300,397850,0.553971,-0.444049,0.00104224,0.00108619,13.720112,13.155846,2023-08-01
5334,2023-07-25 10:25:00,19700.0,19672.55,13244400,10578400,75.25,87.95,482950,633600,0.50147,-0.498741,0.00106556,0.0011032,13.543808,13.08173,2023-08-01
10592,2023-07-25 10:25:00,19750.0,19672.55,6589050,3172400,54.95,117.35,177900,164150,0.449015,-0.553333,0.0010472,0.00108863,13.668692,13.138213,2023-08-01
15849,2023-07-25 10:25:00,19800.0,19672.55,14737300,5701550,39.0,151.65,233250,146650,0.39843,-0.605866,0.00101271,0.00105047,13.786284,13.25186,2023-08-01
21103,2023-07-25 10:25:00,19850.0,19672.55,7025900,1527150,27.0,189.7,135350,31700,0.350627,-0.656153,0.00096306,0.00099972,13.922287,13.315419,2023-08-01
26356,2023-07-25 10:25:00,19900.0,19672.55,10803850,2558750,18.45,231.1,149300,57600,0.306905,-0.703339,0.00089966,0.00093572,14.123584,13.373585,2023-08-01
23732,2023-07-25 10:26:00,19400.0,19671.25,683850,5714500,296.0,9.3,6400,228150,0.761194,-0.218757,0.0007266,0.00075815,15.437215,14.083776,2023-08-01
18479,2023-07-25 10:26:00,19450.0,19671.25,225450,2859400,251.15,13.95,6100,177900,0.729016,-0.253995,0.00080133,0.00084373,14.955586,13.740847,2023-08-01
13222,2023-07-25 10:26:00,19500.0,19671.25,2200200,7029700,208.55,21.05,28900,316700,0.691651,-0.295257,0.00087493,0.00092505,14.554371,13.49995,2023-08-01
7965,2023-07-25 10:26:00,19550.0,19671.25,550450,3134400,168.45,31.25,19700,187150,0.650235,-0.341366,0.00094809,0.00099793,14.131065,13.304391,2023-08-01
2704,2023-07-25 10:26:00,19600.0,19671.25,2377400,6154250,133.2,45.55,127450,463500,0.602452,-0.391891,0.00099746,0.00105424,13.990409,13.185056,2023-08-01
72,2023-07-25 10:26:00,19650.0,19671.25,2838050,4715250,101.85,64.7,231900,477250,0.552347,-0.445403,0.00103665,0.0010882,13.803224,13.139254,2023-08-01
5335,2023-07-25 10:26:00,19700.0,19671.25,13266350,10590300,75.45,88.05,622250,838100,0.500157,-0.500233,0.00105511,0.00111141,13.679598,12.986696,2023-08-01
10593,2023-07-25 10:26:00,19750.0,19671.25,6606400,3184150,55.0,117.85,237850,213250,0.448062,-0.555002,0.00103973,0.00109251,13.764195,13.085518,2023-08-01
15850,2023-07-25 10:26:00,19800.0,19671.25,14765200,5705950,39.15,151.95,316650,213300,0.39791,-0.608256,0.00100495,0.00105836,13.889578,13.132329,2023-08-01
21104,2023-07-25 10:26:00,19850.0,19671.25,7056600,1530150,27.15,190.6,146800,48000,0.350425,-0.657783,0.0009562,0.0010001,14.020877,13.288011,2023-08-01
26357,2023-07-25 10:26:00,19900.0,19671.25,10762150,2581150,18.5,231.85,232750,53400,0.306662,-0.706018,0.0008949,0.00093899,14.195363,13.273123,2023-08-01
23733,2023-07-25 10:27:00,19400.0,19665.6,683850,5714500,292.5,9.75,1100,132200,0.750526,-0.222587,0.00072126,0.00076761,15.927744,14.054011,2023-08-01
18480,2023-07-25 10:27:00,19450.0,19665.6,225450,2859400,247.4,14.65,500,51900,0.720944,-0.258549,0.00079836,0.00085283,15.234934,13.725292,2023-08-01
13223,2023-07-25 10:27:00,19500.0,19665.6,2200200,7029700,204.25,22.15,14500,136750,0.686194,-0.300623,0.00087924,0.00093233,14.598691,13.509489,2023-08-01
7966,2023-07-25 10:27:00,19550.0,19665.6,550450,3134400,164.75,32.85,10900,97550,0.644087,-0.347324,0.00094868,0.00100254,14.215644,13.333781,2023-08-01
2705,2023-07-25 10:27:00,19600.0,19665.6,2377400,6154250,129.45,47.7,66550,218550,0.596885,-0.398133,0.00100233,0.00105603,13.977895,13.22416,2023-08-01
73,2023-07-25 10:27:00,19650.0,19665.6,2838050,4715250,98.75,67.5,124100,266500,0.546448,-0.451731,0.00103799,0.00108622,13.815583,13.194841,2023-08-01
5336,2023-07-25 10:27:00,19700.0,19665.6,13266350,10590300,73.2,91.6,228950,370900,0.494255,-0.506426,0.00105042,0.00110429,13.74392,13.07309,2023-08-01
10594,2023-07-25 10:27:00,19750.0,19665.6,6606400,3184150,53.35,121.85,110050,97400,0.44257,-0.560788,0.00103198,0.00108435,13.845703,13.160297,2023-08-01
15851,2023-07-25 10:27:00,19800.0,19665.6,14765200,5705950,38.05,156.6,175900,117900,0.393081,-0.613217,0.00099442,0.00104582,13.994808,13.246052,2023-08-01
21105,2023-07-25 10:27:00,19850.0,19665.6,7056600,1530150,26.3,195.0,67650,28700,0.34598,-0.663673,0.00094616,0.00099531,14.108006,13.267696,2023-08-01
26358,2023-07-25 10:27:00,19900.0,19665.6,10762150,2581150,18.05,236.55,89600,16650,0.303246,-0.711932,0.00088303,0.00093335,14.319592,13.23148,2023-08-01
23734,2023-07-25 10:28:00,19400.0,19661.35,683850,5714500,286.6,10.25,7600,202150,0.756816,-0.22638,0.0007443,0.00077336,15.228836,14.08757,2023-08-01
18481,2023-07-25 10:28:00,19450.0,19661.35,225450,2859400,240.95,15.45,3100,162650,0.727508,-0.263094,0.00083157,0.00085683,14.460189,13.787945,2023-08-01
13224,2023-07-25 10:28:00,19500.0,19661.35,2200200,7029700,199.65,23.3,46850,311850,0.685602,-0.305561,0.00089734,0.00093412,14.319602,13.585884,2023-08-01
7967,2023-07-25 10:28:00,19550.0,19661.35,550450,3134400,160.1,34.25,46450,195650,0.642829,-0.352133,0.00097096,0.00100378,13.910337,13.387848,2023-08-01
2706,2023-07-25 10:28:00,19600.0,19661.35,2377400,6154250,125.45,49.7,184500,439250,0.593956,-0.40322,0.00102052,0.00105267,13.757404,13.313835,2023-08-01
74,2023-07-25 10:28:00,19650.0,19661.35,2838050,4715250,95.4,69.95,340150,624950,0.542445,-0.456602,0.00105196,0.00108052,13.65101,13.286785,2023-08-01
5337,2023-07-25 10:28:00,19700.0,19661.35,13266350,10590300,70.3,94.55,706650,804950,0.489581,-0.510975,0.00106256,0.0010955,13.587259,13.178171,2023-08-01
10595,2023-07-25 10:28:00,19750.0,19661.35,6606400,3184150,51.25,125.35,308350,274600,0.437712,-0.564656,0.00103736,0.0010718,13.752059,13.297279,2023-08-01
15852,2023-07-25 10:28:00,19800.0,19661.35,14765200,5705950,36.55,160.85,361550,281150,0.388392,-0.615591,0.00099526,0.00102639,13.939312,13.47593,2023-08-01
21106,2023-07-25 10:28:00,19850.0,19661.35,7056600,1530150,25.4,200.4,181600,53250,0.341987,-0.662284,0.00094212,0.00096322,14.110689,13.735342,2023-08-01
26359,2023-07-25 10:28:00,19900.0,19661.35,10762150,2581150,17.5,241.95,271050,44400,0.299929,-0.708398,0.00087688,0.00090394,14.352634,13.743959,2023-08-01
23735,2023-07-25 10:29:00,19400.0,19660.95,684800,5730900,287.25,10.3,10500,220700,0.752027,-0.226771,0.00073623,0.00077385,15.558961,14.093335,2023-08-01
18482,2023-07-25 10:29:00,19450.0,19660.95,225700,2849750,243.4,15.35,3100,177150,0.717522,-0.262794,0.00080459,0.0008591,15.211464,13.74437,2023-08-01
13225,2023-07-25 10:29:00,19500.0,19660.95,2213050,7035550,200.15,23.35,70400,346400,0.683144,-0.305865,0.00088885,0.00093494,14.505389,13.580832,2023-08-01
7968,2023-07-25 10:29:00,19550.0,19660.95,572050,3140750,161.3,34.2,31400,260950,0.6398,-0.352237,0.00095392,0.00100616,14.201347,13.358477,2023-08-01
2707,2023-07-25 10:29:00,19600.0,19660.95,2383900,6185100,126.35,49.5,221000,702550,0.592319,-0.403257,0.0010067,0.00105739,13.96121,13.255605,2023-08-01
75,2023-07-25 10:29:00,19650.0,19660.95,2797250,4788850,96.45,69.55,344750,831700,0.541501,-0.456782,0.00103623,0.00108835,13.862716,13.192692,2023-08-01
5338,2023-07-25 10:29:00,19700.0,19660.95,13323650,10447050,71.3,95.0,717500,1300750,0.489418,-0.51136,0.00104741,0.00109226,13.784587,13.217837,2023-08-01
10596,2023-07-25 10:29:00,19750.0,19660.95,6611900,3137400,51.85,125.0,350150,374900,0.437957,-0.565663,0.00102763,0.00107997,13.884457,13.192048,2023-08-01
15853,2023-07-25 10:29:00,19800.0,19660.95,14791300,5694750,37.0,160.05,368250,344600,0.388913,-0.617947,0.0009878,0.00104115,14.050948,13.261515,2023-08-01
21107,2023-07-25 10:29:00,19850.0,19660.95,7039700,1531000,25.75,198.8,156450,85250,0.342717,-0.668078,0.00093625,0.0009891,14.211579,13.286372,2023-08-01
26360,2023-07-25 10:29:00,19900.0,19660.95,10797750,2583500,17.7,240.8,234150,67000,0.300547,-0.715189,0.00087322,0.00092358,14.427106,13.304002,2023-08-01
23736,2023-07-25 10:30:00,19400.0,19665.35,684800,5730900,290.25,9.85,9250,91500,0.759165,-0.223308,0.0007381,0.00076722,15.274371,14.08926,2023-08-01
18483,2023-07-25 10:30:00,19450.0,19665.35,225700,2849750,245.6,14.8,900,97400,0.726114,-0.259336,0.00081362,0.0008518,14.815067,13.765714,2023-08-01
13226,2023-07-25 10:30:00,19500.0,19665.35,2213050,7035550,203.7,22.4,44450,214400,0.686796,-0.301534,0.00088295,0.00093004,14.527671,13.563375,2023-08-01
7969,2023-07-25 10:30:00,19550.0,19665.35,572050,3140750,164.4,32.95,21350,145500,0.644089,-0.347691,0.00095048,0.00100215,14.190869,13.34627,2023-08-01
2708,2023-07-25 10:30:00,19600.0,19665.35,2383900,6185100,129.4,47.9,146250,399100,0.59647,-0.398568,0.0010008,0.00105447,14.005171,13.249614,2023-08-01
76,2023-07-25 10:30:00,19650.0,19665.35,2797250,4788850,98.65,67.55,280150,502500,0.546148,-0.45199,0.0010372,0.00108687,13.829468,13.190136,2023-08-01
5339,2023-07-25 10:30:00,19700.0,19665.35,13323650,10447050,73.1,91.75,641800,637750,0.493992,-0.506704,0.00104983,0.00110382,13.753688,13.080594,2023-08-01
10597,2023-07-25 10:30:00,19750.0,19665.35,6611900,3137400,53.3,121.85,238300,174200,0.442364,-0.561195,0.00103098,0.00108624,13.860239,13.137373,2023-08-01
15854,2023-07-25 10:30:00,19800.0,19665.35,14791300,5694750,38.0,156.75,342100,174100,0.3929,-0.613516,0.00099364,0.00104586,14.006158,13.244567,2023-08-01
21108,2023-07-25 10:30:00,19850.0,19665.35,7039700,1531000,26.35,195.35,120250,57350,0.346045,-0.663478,0.00094434,0.00099276,14.138409,13.306836,2023-08-01
26361,2023-07-25 10:30:00,19900.0,19665.35,10797750,2583500,18.1,237.55,150800,36850,0.303403,-0.70877,0.00088143,0.00092203,14.351072,13.464907,2023-08-01
23737,2023-07-25 10:31:00,19400.0,19666.45,684800,5730900,289.85,9.65,250,77850,0.766734,-0.221918,0.00074842,0.00076635,14.801668,14.055119,2023-08-01
18484,2023-07-25 10:31:00,19450.0,19666.45,225700,2849750,248.15,14.5,2300,67550,0.721367,-0.257761,0.0007967,0.00085175,15.257778,13.723132,2023-08-01
13227,2023-07-25 10:31:00,19500.0,19666.45,2213050,7035550,205.75,22.0,33550,260150,0.684736,-0.29995,0.00086926,0.00093077,14.797857,13.520525,2023-08-01
7970,2023-07-25 10:31:00,19550.0,19666.45,572050,3140750,165.8,32.3,23200,92200,0.64403,-0.345849,0.00094251,0.00100548,14.311692,13.27584,2023-08-01
2709,2023-07-25 10:31:00,19600.0,19666.45,2383900,6185100,130.95,47.15,125650,233000,0.596638,-0.396961,0.00099006,0.00105836,14.155484,13.186534,2023-08-01
77,2023-07-25 10:31:00,19650.0,19666.45,2797250,4788850,100.35,66.35,171900,382950,0.546775,-0.450425,0.00102346,0.00109599,14.012369,13.073907,2023-08-01
5340,2023-07-25 10:31:00,19700.0,19666.45,13323650,10447050,74.2,90.5,485500,447400,0.495235,-0.505597,0.00104227,0.00111287,13.853913,12.974608,2023-08-01
10598,2023-07-25 10:31:00,19750.0,19666.45,6611900,3137400,54.15,120.5,182800,135600,0.443855,-0.560577,0.00102566,0.00109579,13.939519,13.026005,2023-08-01
15855,2023-07-25 10:31:00,19800.0,19666.45,14791300,5694750,38.55,155.2,269150,166750,0.39436,-0.61367,0.0009913,0.00105739,14.053511,13.098634,2023-08-01
21109,2023-07-25 10:31:00,19850.0,19666.45,7039700,1531000,26.9,193.1,74850,17550,0.347848,-0.666321,0.00094136,0.00101382,14.210409,12.98719,2023-08-01
26362,2023-07-25 10:31:00,19900.0,19666.45,10797750,2583500,18.4,234.65,173200,31500,0.304831,-0.716427,0.00088105,0.00095136,14.387302,12.886264,2023-08-01
23738,2023-07-25 10:32:00,19400.0,19668.25,684000,5748050,293.35,9.6,13100,105550,0.758731,-0.221304,0.00072987,0.00076245,15.461072,14.103993,2023-08-01
18485,2023-07-25 10:32:00,19450.0,19668.25,225700,2844850,250.2,14.3,2100,89450,0.720974,-0.256446,0.00078957,0.00084852,15.405444,13.738122,2023-08-01
13228,2023-07-25 10:32:00,19500.0,19668.25,2228600,7121000,206.9,21.75,37900,206850,0.686954,-0.29859,0.00087001,0.00092714,14.739794,13.544958,2023-08-01
7971,2023-07-25 10:32:00,19550.0,19668.25,586850,3187500,167.6,32.05,24950,141400,0.644817,-0.344523,0.0009352,0.00100053,14.411602,13.321769,2023-08-01
2710,2023-07-25 10:32:00,19600.0,19668.25,2436500,6278600,131.7,46.65,116800,327150,0.59886,-0.395224,0.0009935,0.00105519,14.085784,13.209916,2023-08-01
78,2023-07-25 10:32:00,19650.0,19668.25,2889700,4959450,100.95,65.75,189100,331850,0.548802,-0.448566,0.00102748,0.00109248,13.948388,13.107495,2023-08-01
5341,2023-07-25 10:32:00,19700.0,19668.25,13530500,10494450,74.75,89.7,481050,503800,0.497074,-0.503572,0.00104561,0.00111033,13.809693,13.00451,2023-08-01
10599,2023-07-25 10:32:00,19750.0,19668.25,6659450,3138100,54.6,119.65,173900,136250,0.445539,-0.558344,0.00102885,0.00109222,13.903935,13.079064,2023-08-01
15856,2023-07-25 10:32:00,19800.0,19668.25,14788150,5732300,38.9,154.25,225500,160200,0.395902,-0.611154,0.00099446,0.00105366,14.023221,13.169105,2023-08-01
21110,2023-07-25 10:32:00,19850.0,19668.25,7053750,1530000,27.1,192.0,100450,31750,0.349105,-0.663492,0.00094525,0.00101076,14.169978,13.069054,2023-08-01
26363,2023-07-25 10:32:00,19900.0,19668.25,10735350,2590300,18.4,233.85,121350,23800,0.30544,-0.711267,0.00088641,0.00094287,14.31231,13.113581,2023-08-01
23739,2023-07-25 10:33:00,19400.0,19663.5,684000,5748050,291.05,10.0,10150,71650,0.747225,-0.224621,0.00072014,0.00077025,16.070005,14.084024,2023-08-01
18486,2023-07-25 10:33:00,19450.0,19663.5,226300,2844850,246.15,15.05,1700,93650,0.717431,-0.260951,0.00079554,0.00085448,15.387885,13.769765,2023-08-01
13229,2023-07-25 10:33:00,19500.0,19663.5,2228600,7121000,203.85,22.75,29400,197150,0.681108,-0.303279,0.00086791,0.00093246,14.896525,13.566582,2023-08-01
7972,2023-07-25 10:33:00,19550.0,19663.5,586850,3187500,165.0,33.4,12350,103000,0.638953,-0.349508,0.00093034,0.0010045,14.574072,13.343678,2023-08-01
2711,2023-07-25 10:33:00,19600.0,19663.5,2436500,6278600,129.1,48.45,76400,231200,0.593644,-0.400433,0.00099128,0.00105698,14.167901,13.237628,2023-08-01
79,2023-07-25 10:33:00,19650.0,19663.5,2889700,4959450,98.95,68.05,134950,265650,0.543644,-0.453862,0.00102151,0.00109174,14.055216,13.141741,2023-08-01
5342,2023-07-25 10:33:00,19700.0,19663.5,13530500,10494450,73.2,92.5,316950,405000,0.492225,-0.508802,0.00103767,0.00110714,13.917106,13.0431,2023-08-01
10600,2023-07-25 10:33:00,19750.0,19663.5,6659450,3138100,53.5,122.7,146600,103300,0.441202,-0.56351,0.00101902,0.00108997,14.020198,13.083474,2023-08-01
15857,2023-07-25 10:33:00,19800.0,19663.5,14788150,5732300,38.1,157.45,186050,109450,0.392071,-0.61659,0.00098429,0.00105342,14.134274,13.121845,2023-08-01
21111,2023-07-25 10:33:00,19850.0,19663.5,7053750,1530000,26.45,196.15,110450,33950,0.34556,-0.667275,0.00093622,0.00100036,14.257003,13.150173,2023-08-01
26364,2023-07-25 10:33:00,19900.0,19663.5,10735350,2590300,18.05,237.2,124750,22850,0.302691,-0.71928,0.00087627,0.00094711,14.423889,12.884384,2023-08-01
23740,2023-07-25 10:34:00,19400.0,19668.2,684000,5748050,296.4,9.65,1250,93400,0.745616,-0.221666,0.00070512,0.00076206,16.463992,14.125701,2023-08-01
18487,2023-07-25 10:34:00,19450.0,19668.2,226300,2844850,250.55,14.4,500,78600,0.719594,-0.256951,0.00078589,0.00084749,15.516249,13.770308,2023-08-01
13230,2023-07-25 10:34:00,19500.0,19668.2,2228600,7121000,208.25,21.65,25100,152550,0.683408,-0.29833,0.00085574,0.0009284,15.059334,13.522462,2023-08-01
7973,2023-07-25 10:34:00,19550.0,19668.2,586850,3187500,168.35,31.7,17300,106750,0.643348,-0.343827,0.00092641,0.00100512,14.570993,13.252197,2023-08-01
2712,2023-07-25 10:34:00,19600.0,19668.2,2436500,6278600,133.2,46.1,72000,277350,0.597109,-0.394568,0.00097568,0.00106263,14.360524,13.112731,2023-08-01
80,2023-07-25 10:34:00,19650.0,19668.2,2889700,4959450,101.8,65.1,144850,294150,0.548315,-0.448258,0.00101676,0.00110155,14.098937,12.999566,2023-08-01
5343,2023-07-25 10:34:00,19700.0,19668.2,13530500,10494450,75.4,88.9,327450,380350,0.497105,-0.503747,0.00103702,0.00112189,13.925418,12.871747,2023-08-01
10601,2023-07-25 10:34:00,19750.0,19668.2,6659450,3138100,54.95,118.3,129000,129500,0.44578,-0.559615,0.001024,0.00111198,13.972449,12.841764,2023-08-01
15858,2023-07-25 10:34:00,19800.0,19668.2,14788150,5732300,39.2,152.85,180000,112200,0.396341,-0.613706,0.00099027,0.00107443,14.088049,12.89121,2023-08-01
21112,2023-07-25 10:34:00,19850.0,19668.2,7053750,1530000,27.25,190.55,96800,27950,0.349468,-0.667956,0.00094302,0.00103313,14.210398,12.720401,2023-08-01
26365,2023-07-25 10:34:00,19900.0,19668.2,10735350,2590300,18.45,232.5,132150,29000,0.305638,-0.717763,0.00088549,0.00096346,14.332701,12.696289,2023-08-01
23741,2023-07-25 10:35:00,19400.0,19671.75,682650,5762350,298.55,9.4,7450,195350,0.751883,-0.219506,0.00070855,0.00075585,16.167556,14.160224,2023-08-01
18488,2023-07-25 10:35:00,19450.0,19671.75,225550,2888050,252.65,14.05,2600,115800,0.725301,-0.254533,0.00078987,0.00084079,15.281655,13.80977,2023-08-01
13231,2023-07-25 10:35:00,19500.0,19671.75,2229450,7170500,210.15,21.15,59000,270500,0.688676,-0.295594,0.00086101,0.0009215,14.857945,13.564685,2023-08-01
7974,2023-07-25 10:35:00,19550.0,19671.75,585500,3229850,169.35,31.0,28750,142150,0.649497,-0.34074,0.00094049,0.00099824,14.262042,13.296343,2023-08-01
2713,2023-07-25 10:35:00,19600.0,19671.75,2452300,6376450,133.85,45.15,183600,407600,0.602433,-0.391158,0.00099214,0.0010561,14.071377,13.160271,2023-08-01
81,2023-07-25 10:35:00,19650.0,19671.75,2913450,5059850,102.75,63.75,265750,397500,0.552458,-0.444475,0.0010277,0.00109714,13.928521,13.033272,2023-08-01
5344,2023-07-25 10:35:00,19700.0,19671.75,13656100,10577950,76.0,87.35,534000,683800,0.500696,-0.499735,0.00104989,0.00111668,13.753289,12.930691,2023-08-01
10602,2023-07-25 10:35:00,19750.0,19671.75,6674650,3174000,55.25,116.85,219500,194050,0.448671,-0.554997,0.00103794,0.0011017,13.796327,12.981715,2023-08-01
15859,2023-07-25 10:35:00,19800.0,19671.75,14734250,5733250,39.25,151.2,234500,170100,0.398441,-0.608329,0.0010048,0.00106375,13.902176,13.070523,2023-08-01
21113,2023-07-25 10:35:00,19850.0,19671.75,7078550,1511150,27.25,188.45,119700,27700,0.351021,-0.662073,0.00095588,0.00102584,14.039994,12.897551,2023-08-01
26366,2023-07-25 10:35:00,19900.0,19671.75,10733900,2586050,18.45,230.1,106550,29500,0.306836,-0.711211,0.00089633,0.00095858,14.181984,12.899379,2023-08-01
23742,2023-07-25 10:36:00,19400.0,19669.85,682650,5762350,294.8,9.5,1550,63950,0.759581,-0.220493,0.00072735,0.00075942,15.486582,14.132063,2023-08-01
18489,2023-07-25 10:36:00,19450.0,19669.85,225550,2888050,248.0,14.2,2300,63500,0.734953,-0.255694,0.00082154,0.0008447,14.433772,13.780733,2023-08-01
13232,2023-07-25 10:36:00,19500.0,19669.85,2229450,7170500,207.1,21.45,25850,204500,0.691038,-0.297192,0.00087906,0.00092469,14.506655,13.55332,2023-08-01
7975,2023-07-25 10:36:00,19550.0,19669.85,585500,3229850,167.3,31.75,17350,87400,0.648921,-0.343229,0.00094972,0.00099695,14.133899,13.352258,2023-08-01
2714,2023-07-25 10:36:00,19600.0,19669.85,2452300,6376450,131.25,46.1,107550,226950,0.602112,-0.39358,0.00100959,0.00105354,13.833194,13.216889,2023-08-01
82,2023-07-25 10:36:00,19650.0,19669.85,2913450,5059850,100.35,65.15,221950,343200,0.551182,-0.446903,0.00104465,0.00109004,13.710294,13.131051,2023-08-01
5345,2023-07-25 10:36:00,19700.0,19669.85,13656100,10577950,74.35,89.05,376850,504850,0.498618,-0.50178,0.00105946,0.00110699,13.630981,13.045575,2023-08-01
10603,2023-07-25 10:36:00,19750.0,19669.85,6674650,3174000,54.1,119.05,114050,168650,0.446374,-0.556242,0.00104276,0.00108669,13.723961,13.157184,2023-08-01
15860,2023-07-25 10:36:00,19800.0,19669.85,14734250,5733250,38.5,153.65,209950,131600,0.396255,-0.608528,0.00100596,0.00104679,13.86771,13.28235,2023-08-01
21114,2023-07-25 10:36:00,19850.0,19669.85,7078550,1511150,26.8,191.95,81750,32500,0.349149,-0.658467,0.00095446,0.00099472,14.035543,13.357162,2023-08-01
26367,2023-07-25 10:36:00,19900.0,19669.85,10733900,2586050,18.25,234.65,101500,25300,0.305526,-0.700836,0.00089283,0.00091497,14.212803,13.738509,2023-08-01
23743,2023-07-25 10:37:00,19400.0,19668.85,682650,5762350,296.2,9.5,1500,75050,0.748978,-0.2207,0.00071015,0.00076177,16.235061,14.097496,2023-08-01
18490,2023-07-25 10:37:00,19450.0,19668.85,225550,2888050,251.0,14.25,100,64950,0.720312,-0.256185,0.00078577,0.00084706,15.500993,13.757392,2023-08-01
13233,2023-07-25 10:37:00,19500.0,19668.85,2229450,7170500,208.0,21.4,14750,146250,0.685757,-0.29738,0.00086243,0.00092887,14.89677,13.497522,2023-08-01
7976,2023-07-25 10:37:00,19550.0,19668.85,585500,3229850,168.35,31.6,15850,67100,0.644712,-0.343367,0.0009306,0.00100327,14.487356,13.271559,2023-08-01
2715,2023-07-25 10:37:00,19600.0,19668.85,2452300,6376450,132.0,46.05,75400,232050,0.599481,-0.394137,0.00099348,0.00105951,14.083353,13.148963,2023-08-01
83,2023-07-25 10:37:00,19650.0,19668.85,2913450,5059850,101.2,65.1,147350,198300,0.54942,-0.447725,0.00102761,0.00109705,13.946939,13.052097,2023-08-01
5346,2023-07-25 10:37:00,19700.0,19668.85,13656100,10577950,74.7,88.95,266800,211200,0.497656,-0.502971,0.00104902,0.00111589,13.767801,12.942629,2023-08-01
10604,2023-07-25 10:37:00,19750.0,19668.85,6674650,3174000,54.55,118.5,102650,83600,0.445973,-0.558344,0.00103184,0.00110305,13.868698,12.953414,2023-08-01
15861,2023-07-25 10:37:00,19800.0,19668.85,14734250,5733250,38.75,153.0,178850,75250,0.396073,-0.611898,0.00099833,0.00106557,13.973348,13.017407,2023-08-01
21115,2023-07-25 10:37:00,19850.0,19668.85,7078550,1511150,26.9,191.25,49500,23400,0.348971,-0.66363,0.00094943,0.00101519,14.108618,13.012704,2023-08-01
26368,2023-07-25 10:37:00,19900.0,19668.85,10733900,2586050,18.35,232.65,74150,13500,0.305565,-0.713755,0.00088845,0.00095359,14.285118,12.915898,2023-08-01
23744,2023-07-25 10:38:00,19400.0,19669.95,682650,5755550,296.0,9.55,1400,48850,0.754586,-0.22083,0.00071806,0.00075869,15.863883,14.159444,2023-08-01
18491,2023-07-25 10:38:00,19450.0,19669.95,227000,2882300,251.3,14.3,100,30750,0.72321,-0.256165,0.00079015,0.00084323,15.336832,13.819206,2023-08-01
13234,2023-07-25 10:38:00,19500.0,19669.95,2229250,7107350,207.75,21.55,18150,92550,0.689554,-0.297516,0.00087271,0.000923,14.644098,13.586086,2023-08-01
7977,2023-07-25 10:38:00,19550.0,19669.95,593250,3219750,167.7,31.65,5250,45550,0.648358,-0.343001,0.00094565,0.00099764,14.204244,13.340987,2023-08-01
2716,2023-07-25 10:38:00,19600.0,19669.95,2487850,6405750,132.2,46.15,43100,158350,0.601148,-0.393607,0.00099864,0.00105217,13.995055,13.2356,2023-08-01
84,2023-07-25 10:38:00,19650.0,19669.95,2976250,5028350,101.3,65.1,67600,115950,0.550805,-0.446803,0.00103331,0.0010899,13.863725,13.133565,2023-08-01
5347,2023-07-25 10:38:00,19700.0,19669.95,13714550,10585800,74.85,89.0,176200,171350,0.498769,-0.501673,0.00105341,0.00110675,13.710451,13.049588,2023-08-01
10605,2023-07-25 10:38:00,19750.0,19669.95,6718050,3204500,54.5,118.6,85550,49400,0.446765,-0.556452,0.0010379,0.001092,13.791322,13.09339,2023-08-01
15862,2023-07-25 10:38:00,19800.0,19669.95,14785400,5735850,38.8,153.1,126300,54750,0.396782,-0.609205,0.00100233,0.00105347,13.924161,13.192827,2023-08-01
21116,2023-07-25 10:38:00,19850.0,19669.95,7086000,1509650,26.85,191.05,28300,6100,0.349343,-0.660593,0.00095399,0.00100643,14.046545,13.171486,2023-08-01
26369,2023-07-25 10:38:00,19900.0,19669.95,10756200,2585250,18.3,232.75,70450,6200,0.305775,-0.708071,0.00089236,0.00093989,14.226718,13.225738,2023-08-01
23745,2023-07-25 10:39:00,19400.0,19673.05,682650,5755550,297.3,9.4,2200,44250,0.763404,-0.219368,0.00072597,0.00075271,15.38017,14.216098,2023-08-01
18492,2023-07-25 10:39:00,19450.0,19673.05,227000,2882300,252.6,14.0,1550,61300,0.730293,-0.254083,0.0007988,0.00083738,14.975525,13.854987,2023-08-01
13235,2023-07-25 10:39:00,19500.0,19673.05,2229250,7107350,209.1,21.1,12150,97650,0.695301,-0.295093,0.00088104,0.0009172,14.385388,13.619284,2023-08-01
7978,2023-07-25 10:39:00,19550.0,19673.05,593250,3219750,169.45,31.05,5700,56800,0.652273,-0.340346,0.00094849,0.00099158,14.102521,13.38147,2023-08-01
2717,2023-07-25 10:39:00,19600.0,19673.05,2487850,6405750,133.65,45.3,85700,200050,0.604921,-0.390628,0.00100316,0.00104687,13.894958,13.272966,2023-08-01
85,2023-07-25 10:39:00,19650.0,19673.05,2976250,5028350,102.3,63.85,112900,160500,0.554416,-0.443489,0.00104114,0.00108714,13.741314,13.150206,2023-08-01
5348,2023-07-25 10:39:00,19700.0,19673.05,13714550,10585800,75.85,87.55,200800,199150,0.502002,-0.49823,0.00105892,0.00110375,13.637498,13.083652,2023-08-01
10606,2023-07-25 10:39:00,19750.0,19673.05,6718050,3204500,55.15,117.15,99800,77150,0.449613,-0.552672,0.00104538,0.00108606,13.703961,13.18089,2023-08-01
15863,2023-07-25 10:39:00,19800.0,19673.05,14785400,5735850,39.25,151.35,164800,85500,0.399235,-0.605179,0.00101005,0.00104906,13.839019,13.284642,2023-08-01
21117,2023-07-25 10:39:00,19850.0,19673.05,7086000,1509650,27.1,189.9,37100,6200,0.351305,-0.654024,0.00096223,0.00099123,13.953132,13.46926,2023-08-01
26370,2023-07-25 10:39:00,19900.0,19673.05,10756200,2585250,18.4,230.45,93200,20250,0.30718,-0.7037,0.0009007,0.00093908,14.122032,13.326936,2023-08-01
23746,2023-07-25 10:40:00,19450.0,19679.4,227000,2882300,258.35,13.0,3600,112450,0.734047,-0.247915,0.00078779,0.00082979,15.073934,13.797282,2023-08-01
18493,2023-07-25 10:40:00,19500.0,19679.4,2229250,7107350,215.0,19.55,55350,275400,0.698578,-0.287936,0.00086511,0.00091321,14.575576,13.519361,2023-08-01
13236,2023-07-25 10:40:00,19550.0,19679.4,593250,3219750,174.5,29.0,52100,201550,0.657552,-0.332964,0.00093801,0.00099017,14.174961,13.283097,2023-08-01
7979,2023-07-25 10:40:00,19600.0,19679.4,2487850,6405750,137.95,42.35,198400,384150,0.611143,-0.382757,0.0009971,0.00105261,13.91371,13.119059,2023-08-01
2718,2023-07-25 10:40:00,19650.0,19679.4,2976250,5028350,105.7,60.35,326600,470900,0.561168,-0.436019,0.0010412,0.00109496,13.702743,13.015282,2023-08-01
86,2023-07-25 10:40:00,19700.0,19679.4,13714550,10585800,78.5,83.1,708700,717400,0.508727,-0.491204,0.00106324,0.00111901,13.575287,12.898722,2023-08-01
5349,2023-07-25 10:40:00,19750.0,19679.4,6718050,3204500,57.05,111.65,283000,208150,0.455907,-0.546867,0.00105411,0.00111026,13.612414,12.91365,2023-08-01
10607,2023-07-25 10:40:00,19800.0,19679.4,14785400,5735850,40.55,145.45,369000,214150,0.404841,-0.600623,0.00102165,0.00107346,13.727414,13.019203,2023-08-01
15864,2023-07-25 10:40:00,19850.0,19679.4,7086000,1509650,28.15,182.9,111500,31900,0.356582,-0.652808,0.00097276,0.00102652,13.871838,13.019468,2023-08-01
21118,2023-07-25 10:40:00,19900.0,19679.4,10756200,2585250,19.05,224.05,201700,45300,0.311598,-0.701721,0.00091271,0.00096188,14.019558,13.047205,2023-08-01
26371,2023-07-25 10:40:00,19950.0,19679.4,4839250,605000,13.25,268.0,86700,3450,0.273447,-0.747021,0.00083688,0.00088541,14.388534,13.069907,2023-08-01
23747,2023-07-25 10:41:00,19450.0,19681.65,223200,2897050,259.25,13.1,3200,100650,0.739832,-0.247909,0.00079465,0.00082238,14.775709,13.92046,2023-08-01
18494,2023-07-25 10:41:00,19500.0,19681.65,2215150,7127700,215.05,19.65,64100,248400,0.705831,-0.287613,0.00088142,0.00090416,14.146893,13.646623,2023-08-01
13237,2023-07-25 10:41:00,19550.0,19681.65,584100,3252950,174.5,29.0,43100,189900,0.663231,-0.332047,0.00095514,0.00098049,13.830875,13.398712,2023-08-01
7980,2023-07-25 10:41:00,19600.0,19681.65,2452200,6438150,138.2,42.5,254750,454450,0.615081,-0.381712,0.00101047,0.0010389,13.688064,13.28038,2023-08-01
2719,2023-07-25 10:41:00,19650.0,19681.65,2942900,4995800,105.65,60.4,341300,598650,0.564438,-0.434298,0.00105718,0.00108027,13.47695,13.181946,2023-08-01
87,2023-07-25 10:41:00,19700.0,19681.65,13660750,10639200,78.55,83.05,769550,869600,0.511161,-0.488746,0.00107644,0.00110311,13.40596,13.081764,2023-08-01
5350,2023-07-25 10:41:00,19750.0,19681.65,6666150,3217350,57.15,112.0,276200,200200,0.457798,-0.543219,0.00106483,0.00108642,13.481438,13.209906,2023-08-01
10608,2023-07-25 10:41:00,19800.0,19681.65,14849250,5781050,40.65,145.6,433550,298200,0.406357,-0.595678,0.00103059,0.00105041,13.62007,13.346323,2023-08-01
15865,2023-07-25 10:41:00,19850.0,19681.65,7083300,1509950,28.15,183.5,106400,40700,0.357634,-0.64473,0.00098143,0.00099531,13.762603,13.539052,2023-08-01
21119,2023-07-25 10:41:00,19900.0,19681.65,10711750,2588650,19.1,224.05,158250,44950,0.312575,-0.692305,0.00091934,0.00093793,13.936377,13.566875,2023-08-01
26372,2023-07-25 10:41:00,19950.0,19681.65,4829350,603000,13.15,267.95,62000,4650,0.273611,-0.73391,0.00084404,0.00086281,14.269844,13.765951,2023-08-01
23748,2023-07-25 10:42:00,19450.0,19679.45,223200,2897050,255.3,13.35,950,62850,0.746764,-0.249628,0.00081781,0.00082588,14.159047,13.914737,2023-08-01
18495,2023-07-25 10:42:00,19500.0,19679.45,2215150,7127700,212.3,20.15,31900,168200,0.706866,-0.290008,0.00089482,0.00090581,13.914525,13.677193,2023-08-01
13238,2023-07-25 10:42:00,19550.0,19679.45,584100,3252950,172.2,29.8,16400,160600,0.662512,-0.334848,0.00096519,0.00097964,13.700294,13.457,2023-08-01
7981,2023-07-25 10:42:00,19600.0,19679.45,2452200,6438150,135.65,43.45,107250,271700,0.61431,-0.384359,0.00102556,0.00103764,13.496859,13.326107,2023-08-01
2720,2023-07-25 10:42:00,19650.0,19679.45,2942900,4995800,104.05,61.95,180350,324250,0.562315,-0.437129,0.00106224,0.00107285,13.426493,13.290748,2023-08-01
88,2023-07-25 10:42:00,19700.0,19679.45,13660750,10639200,77.1,85.0,453400,550200,0.508796,-0.491191,0.00108158,0.00109205,13.346332,13.218337,2023-08-01
5351,2023-07-25 10:42:00,19750.0,19679.45,6666150,3217350,56.2,113.95,170900,131350,0.455402,-0.545196,0.00106529,0.00107739,13.468932,13.315417,2023-08-01
10609,2023-07-25 10:42:00,19800.0,19679.45,14849250,5781050,39.95,148.15,222350,161950,0.404061,-0.596528,0.00102953,0.00103512,13.617028,13.538395,2023-08-01
15866,2023-07-25 10:42:00,19850.0,19679.45,7083300,1509950,27.6,186.05,103400,21850,0.355389,-0.64493,0.00097994,0.00098179,13.755188,13.724994,2023-08-01
21120,2023-07-25 10:42:00,19900.0,19679.45,10711750,2588650,18.75,227.1,112850,30300,0.310639,-0.690078,0.00091653,0.00091923,13.943664,13.888733,2023-08-01
26373,2023-07-25 10:42:00,19950.0,19679.45,4829350,603000,13.0,271.4,45600,2650,0.272336,-0.728275,0.00083983,0.00084136,14.310466,14.268471,2023-08-01
23749,2023-07-25 10:43:00,19450.0,19679.65,223200,2897050,256.3,13.4,600,53950,0.743253,-0.249841,0.0008091,0.00082476,14.415515,13.940576,2023-08-01
18496,2023-07-25 10:43:00,19500.0,19679.65,2215150,7127700,211.85,20.25,23050,108250,0.709019,-0.290302,0.00090151,0.00090389,13.764418,13.713271,2023-08-01
13239,2023-07-25 10:43:00,19550.0,19679.65,584100,3252950,171.05,29.9,8250,56050,0.665627,-0.335011,0.00098093,0.00097747,13.432254,13.489993,2023-08-01
7982,2023-07-25 10:43:00,19600.0,19679.65,2452200,6438150,135.15,43.9,101650,195950,0.615394,-0.384899,0.00103338,0.00103072,13.384117,13.421645,2023-08-01
2721,2023-07-25 10:43:00,19650.0,19679.65,2942900,4995800,103.65,62.3,122000,327550,0.562872,-0.437223,0.00106874,0.00106695,13.342379,13.365275,2023-08-01
89,2023-07-25 10:43:00,19700.0,19679.65,13660750,10639200,76.7,85.55,244050,233800,0.509019,-0.490988,0.00108807,0.00108315,13.26712,13.327323,2023-08-01
5352,2023-07-25 10:43:00,19750.0,19679.65,6666150,3217350,55.9,115.0,93600,106900,0.455371,-0.544205,0.00107026,0.00106165,13.406812,13.517138,2023-08-01
10610,2023-07-25 10:43:00,19800.0,19679.65,14849250,5781050,39.6,148.95,160200,104000,0.403702,-0.595009,0.001035,0.00102273,13.542412,13.715986,2023-08-01
15867,2023-07-25 10:43:00,19850.0,19679.65,7083300,1509950,27.45,186.7,55600,9350,0.355152,-0.642906,0.00098261,0.00097138,13.71514,13.900407,2023-08-01
21121,2023-07-25 10:43:00,19900.0,19679.65,10711750,2588650,18.65,227.95,136000,84650,0.310387,-0.686474,0.00091839,0.00090649,13.911057,14.155173,2023-08-01
26374,2023-07-25 10:43:00,19950.0,19679.65,4829350,603000,12.9,271.65,44950,1500,0.271939,-0.726106,0.00084149,0.00083656,14.272452,14.407568,2023-08-01
23750,2023-07-25 10:44:00,19450.0,19678.25,224300,2900250,255.45,13.4,500,64350,0.740561,-0.250187,0.00080733,0.00082866,14.527201,13.886812,2023-08-01
18497,2023-07-25 10:44:00,19500.0,19678.25,2209600,7152850,212.9,20.25,16500,79400,0.700864,-0.290755,0.00087858,0.00090868,14.306452,13.65262,2023-08-01
13240,2023-07-25 10:44:00,19550.0,19678.25,586850,3257450,172.05,29.9,7800,128350,0.659683,-0.335614,0.00095725,0.00098333,13.860537,13.420582,2023-08-01
7983,2023-07-25 10:44:00,19600.0,19678.25,2504200,6407600,135.4,43.7,80400,147300,0.612284,-0.385429,0.00101929,0.00104036,13.60272,13.304276,2023-08-01
2722,2023-07-25 10:44:00,19650.0,19678.25,3003700,4884450,103.9,62.0,140300,270050,0.560661,-0.438124,0.00105551,0.0010793,13.523027,13.218649,2023-08-01
90,2023-07-25 10:44:00,19700.0,19678.25,13701100,10704950,76.95,85.15,252100,320700,0.507493,-0.492506,0.00107573,0.00109841,13.421892,13.144733,2023-08-01
5353,2023-07-25 10:44:00,19750.0,19678.25,6656250,3214950,56.05,114.2,81850,72750,0.454345,-0.546821,0.0010605,0.00108352,13.527796,13.235835,2023-08-01
10611,2023-07-25 10:44:00,19800.0,19678.25,14934800,5742600,39.8,148.05,118400,77000,0.403147,-0.599125,0.00102573,0.00104701,13.661696,13.364577,2023-08-01
15868,2023-07-25 10:44:00,19850.0,19678.25,7096900,1505250,27.55,185.95,76500,9450,0.354758,-0.648535,0.00097572,0.00099447,13.808251,13.502747,2023-08-01
21122,2023-07-25 10:44:00,19900.0,19678.25,10769000,2570950,18.7,227.25,103950,70700,0.310091,-0.6942,0.0009131,0.00092902,13.987601,13.663929,2023-08-01
26375,2023-07-25 10:44:00,19950.0,19678.25,4827550,604350,12.95,272.5,22650,100,0.271825,-0.729064,0.00083708,0.00083929,14.34623,14.285193,2023-08-01
23751,2023-07-25 10:45:00,19450.0,19683.2,224300,2900250,257.25,13.1,2250,101300,0.756093,-0.247649,0.00082582,0.00081793,13.743507,13.990058,2023-08-01
18498,2023-07-25 10:45:00,19500.0,19683.2,2209600,7152850,215.0,19.8,61300,134250,0.711377,-0.287737,0.00089388,0.00089689,13.827952,13.761566,2023-08-01
13241,2023-07-25 10:45:00,19550.0,19683.2,586850,3257450,174.35,29.25,16150,129400,0.667625,-0.332068,0.00096895,0.00097058,13.56505,13.537394,2023-08-01
7984,2023-07-25 10:45:00,19600.0,19683.2,2504200,6407600,137.7,42.85,86100,189700,0.618809,-0.38141,0.00102813,0.00102622,13.415477,13.44277,2023-08-01
2723,2023-07-25 10:45:00,19650.0,19683.2,3003700,4884450,105.5,60.95,139950,254100,0.566812,-0.433542,0.00106962,0.00106334,13.308465,13.389122,2023-08-01
91,2023-07-25 10:45:00,19700.0,19683.2,13701100,10704950,78.45,83.75,530650,292750,0.512873,-0.487151,0.0010871,0.00108229,13.274302,13.333255,2023-08-01
5354,2023-07-25 10:45:00,19750.0,19683.2,6656250,3214950,57.1,112.7,120350,74750,0.459059,-0.540522,0.00107352,0.00106432,13.378305,13.495367,2023-08-01
10612,2023-07-25 10:45:00,19800.0,19683.2,14934800,5742600,40.45,146.65,403000,72600,0.407082,-0.591159,0.00104007,0.00102261,13.50352,13.748542,2023-08-01
15869,2023-07-25 10:45:00,19850.0,19683.2,7096900,1505250,28.05,184.1,81500,10750,0.358194,-0.639174,0.00098848,0.00097276,13.673473,13.929736,2023-08-01
21123,2023-07-25 10:45:00,19900.0,19683.2,10769000,2570950,19.1,225.0,127850,32600,0.313203,-0.683273,0.00092412,0.00091036,13.877768,14.15501,2023-08-01
26376,2023-07-25 10:45:00,19950.0,19683.2,4827550,604350,13.15,268.8,46850,1650,0.274123,-0.721968,0.00084799,0.00083781,14.218155,14.491162,2023-08-01
23752,2023-07-25 10:46:00,19450.0,19682.05,224300,2900250,258.2,13.2,550,71550,0.745872,-0.248411,0.00080738,0.00082003,14.369412,13.978574,2023-08-01
18499,2023-07-25 10:46:00,19500.0,19682.05,2209600,7152850,214.65,19.95,28950,91000,0.708348,-0.288616,0.00088853,0.00089899,13.980982,13.750585,2023-08-01
13242,2023-07-25 10:46:00,19550.0,19682.05,586850,3257450,174.05,29.3,18800,90950,0.665171,-0.332673,0.00096315,0.00097467,13.687951,13.491783,2023-08-01
7985,2023-07-25 10:46:00,19600.0,19682.05,2504200,6407600,137.5,42.9,164450,252250,0.616768,-0.382139,0.0010216,0.00103124,13.524331,13.38642,2023-08-01
2724,2023-07-25 10:46:00,19650.0,19682.05,3003700,4884450,105.45,60.9,212600,294400,0.565119,-0.434394,0.00106189,0.00107073,13.416379,13.302908,2023-08-01
92,2023-07-25 10:46:00,19700.0,19682.05,13701100,10704950,78.4,83.8,518050,285800,0.511593,-0.488371,0.00108024,0.00108954,13.361241,13.247192,2023-08-01
5355,2023-07-25 10:46:00,19750.0,19682.05,6656250,3214950,57.0,112.6,126050,82200,0.458051,-0.542241,0.00106835,0.00107458,13.440971,13.36193,2023-08-01
10613,2023-07-25 10:46:00,19800.0,19682.05,14934800,5742600,40.4,145.9,320100,75500,0.406312,-0.594424,0.00103518,0.00104238,13.562392,13.462628,2023-08-01
15870,2023-07-25 10:46:00,19850.0,19682.05,7096900,1505250,27.9,184.4,75850,13900,0.357334,-0.641557,0.00098579,0.00097924,13.700712,13.807269,2023-08-01
21124,2023-07-25 10:46:00,19900.0,19682.05,10769000,2570950,18.95,224.7,123400,47300,0.31231,-0.688451,0.00092216,0.00092509,13.891639,13.833144,2023-08-01
26377,2023-07-25 10:46:00,19950.0,19682.05,4827550,604350,13.05,269.0,55400,400,0.273364,-0.726608,0.00084598,0.00084591,14.233754,14.235649,2023-08-01
23753,2023-07-25 10:47:00,19450.0,19682.05,224300,2886750,257.2,13.15,50,42750,0.750387,-0.248195,0.00081742,0.0008205,14.059852,13.964638,2023-08-01
18500,2023-07-25 10:47:00,19500.0,19682.05,2220250,7158400,213.95,19.9,10700,93350,0.710626,-0.288467,0.00089641,0.00089952,13.807956,13.739904,2023-08-01
13243,2023-07-25 10:47:00,19550.0,19682.05,595250,3302600,174.0,29.2,11900,60050,0.66526,-0.332455,0.00096364,0.00097584,13.680242,13.472656,2023-08-01
7986,2023-07-25 10:47:00,19600.0,19682.05,2559200,6382950,137.5,42.8,53950,164300,0.61675,-0.382004,0.00102147,0.00103245,13.526927,13.370017,2023-08-01
2725,2023-07-25 10:47:00,19650.0,19682.05,3003550,4891500,105.5,60.75,91000,128900,0.565072,-0.434292,0.0010611,0.00107262,13.427274,13.279512,2023-08-01
93,2023-07-25 10:47:00,19700.0,19682.05,13426450,10747400,78.2,83.6,493650,211600,0.5116,-0.488363,0.00108276,0.00109216,13.330807,13.216125,2023-08-01
5356,2023-07-25 10:47:00,19750.0,19682.05,6659150,3235950,56.95,112.4,72100,52750,0.458023,-0.542366,0.00106888,0.0010772,13.434837,13.329603,2023-08-01
10614,2023-07-25 10:47:00,19800.0,19682.05,15118200,5762300,40.4,146.15,456000,54500,0.406322,-0.594073,0.00103505,0.00103892,13.564748,13.510967,2023-08-01
15871,2023-07-25 10:47:00,19850.0,19682.05,7102050,1507400,27.85,183.8,46650,10450,0.357236,-0.642895,0.00098635,0.00098713,13.692287,13.679762,2023-08-01
21125,2023-07-25 10:47:00,19900.0,19682.05,10758100,2567250,18.95,225.0,89400,18200,0.31233,-0.687428,0.00092208,0.00092114,13.893998,13.912732,2023-08-01
26378,2023-07-25 10:47:00,19950.0,19682.05,4835450,604350,13.0,271.05,76050,550,0.273151,-0.717568,0.00084652,0.00082226,14.219969,14.880286,2023-08-01
23754,2023-07-25 10:48:00,19450.0,19682.9,223850,2886750,258.05,13.05,1050,53400,0.75054,-0.247544,0.00081501,0.00081915,14.096939,13.968293,2023-08-01
18501,2023-07-25 10:48:00,19500.0,19682.9,2220250,7158400,215.7,19.6,24700,75350,0.707898,-0.287203,0.00088327,0.00090006,14.075071,13.703258,2023-08-01
13244,2023-07-25 10:48:00,19550.0,19682.9,595250,3302600,175.1,29.0,18050,76250,0.665019,-0.331651,0.00095704,0.00097472,13.778535,13.475293,2023-08-01
7987,2023-07-25 10:48:00,19600.0,19682.9,2559200,6382950,138.5,42.35,113700,218000,0.616992,-0.380875,0.00101528,0.00103391,13.606946,13.339241,2023-08-01
2726,2023-07-25 10:48:00,19650.0,19682.9,3003550,4891500,106.4,60.15,154200,174500,0.565674,-0.433202,0.00105534,0.0010754,13.497178,13.23919,2023-08-01
94,2023-07-25 10:48:00,19700.0,19682.9,13426450,10747400,78.8,82.9,350450,286900,0.512506,-0.487421,0.00108007,0.00109557,13.363218,13.174017,2023-08-01
5357,2023-07-25 10:48:00,19750.0,19682.9,6659150,3235950,57.45,111.7,123050,61650,0.459036,-0.541564,0.00106676,0.00107985,13.465095,13.299809,2023-08-01
10615,2023-07-25 10:48:00,19800.0,19682.9,15118200,5762300,40.7,145.0,228850,76150,0.407264,-0.593956,0.00103492,0.00104698,13.574316,13.408023,2023-08-01
15872,2023-07-25 10:48:00,19850.0,19682.9,7102050,1507400,28.2,182.65,73200,13850,0.358434,-0.643175,0.00098497,0.00099452,13.727663,13.574386,2023-08-01
21126,2023-07-25 10:48:00,19900.0,19682.9,10758100,2567250,19.1,223.45,104350,20000,0.313155,-0.689515,0.00092286,0.00093316,13.898028,13.693825,2023-08-01
26379,2023-07-25 10:48:00,19950.0,19682.9,4835450,603850,13.05,267.0,36750,2250,0.273641,-0.732001,0.00084817,0.00086241,14.204964,13.825955,2023-08-01
23755,2023-07-25 10:49:00,19450.0,19684.85,223850,2886750,257.4,13.05,550,24300,0.764298,-0.247129,0.00083684,0.00081376,13.313147,14.047514,2023-08-01
18502,2023-07-25 10:49:00,19500.0,19684.85,2220250,7158400,216.6,19.55,17200,66800,0.711912,-0.286464,0.00088854,0.00089399,13.900467,13.778817,2023-08-01
13245,2023-07-25 10:49:00,19550.0,19684.85,595250,3302600,175.55,28.9,10700,47600,0.669254,-0.330637,0.00096724,0.00096781,13.564006,13.554242,2023-08-01
7988,2023-07-25 10:49:00,19600.0,19684.85,2559200,6382950,139.0,42.3,60750,191250,0.62017,-0.379731,0.00102389,0.00102473,13.457902,13.445769,2023-08-01
2727,2023-07-25 10:49:00,19650.0,19684.85,3003550,4891500,106.6,60.15,97500,136900,0.568437,-0.431726,0.00106651,0.00106371,13.339347,13.375483,2023-08-01
95,2023-07-25 10:49:00,19700.0,19684.85,13426450,10747400,79.1,82.8,312350,219650,0.514667,-0.485368,0.00108848,0.0010832,13.256808,13.321536,2023-08-01
5358,2023-07-25 10:49:00,19750.0,19684.85,6659150,3235950,57.75,111.5,85950,49200,0.460841,-0.538881,0.00107345,0.00106711,13.386701,13.467131,2023-08-01
10616,2023-07-25 10:49:00,19800.0,19684.85,15118200,5762300,40.85,144.8,163200,57600,0.408691,-0.590379,0.00104204,0.00103262,13.492454,13.622997,2023-08-01
15873,2023-07-25 10:49:00,19850.0,19684.85,7102050,1507400,28.2,182.25,69350,8300,0.359367,-0.638804,0.00099267,0.00098159,13.632766,13.810729,2023-08-01
21127,2023-07-25 10:49:00,19900.0,19684.85,10758100,2567250,19.05,223.4,60200,19900,0.313704,-0.682496,0.00092996,0.00091496,13.801665,14.100139,2023-08-01
26380,2023-07-25 10:49:00,19950.0,19684.85,4835450,603850,13.15,266.75,67150,300,0.274666,-0.723285,0.00085225,0.00084689,14.162386,14.304124,2023-08-01
23756,2023-07-25 10:50:00,19450.0,19678.25,223500,2892700,254.1,13.65,950,83900,0.746172,-0.251494,0.00082049,0.00082578,14.136567,13.977792,2023-08-01
18503,2023-07-25 10:50:00,19500.0,19678.25,2221000,7140550,212.05,20.55,49350,157650,0.703251,-0.291872,0.00088733,0.0009048,14.117743,13.7397,2023-08-01
13246,2023-07-25 10:50:00,19550.0,19678.25,598600,3285300,171.6,30.15,36100,128900,0.660503,-0.336284,0.00096192,0.00097973,13.784503,13.484251,2023-08-01
7989,2023-07-25 10:50:00,19600.0,19678.25,2586300,6365100,135.55,44.1,134900,310550,0.611979,-0.386068,0.00101662,0.00103464,13.645459,13.388211,2023-08-01
2728,2023-07-25 10:50:00,19650.0,19678.25,2973500,4877250,103.9,62.35,187450,314700,0.560602,-0.438408,0.00105467,0.00107407,13.538019,13.288301,2023-08-01
96,2023-07-25 10:50:00,19700.0,19678.25,13558850,10764850,76.8,85.45,540550,500100,0.507477,-0.492522,0.00107686,0.00109375,13.411732,13.204611,2023-08-01
5359,2023-07-25 10:50:00,19750.0,19678.25,6636850,3263100,55.85,114.7,191950,153150,0.454236,-0.546464,0.00106234,0.00107616,13.5079,13.331669,2023-08-01
10617,2023-07-25 10:50:00,19800.0,19678.25,15099050,5753750,39.55,148.35,436550,118650,0.402856,-0.598655,0.00102831,0.00104245,13.628895,13.430971,2023-08-01
15874,2023-07-25 10:50:00,19850.0,19678.25,7147300,1505700,27.3,186.5,164000,18300,0.354275,-0.647177,0.00097838,0.00098665,13.768011,13.632578,2023-08-01
21128,2023-07-25 10:50:00,19900.0,19678.25,10756350,2564700,18.55,227.75,160400,25450,0.309695,-0.692364,0.00091451,0.00092217,13.962299,13.805846,2023-08-01
26381,2023-07-25 10:50:00,19950.0,19678.25,4842700,603550,12.8,272.9,80550,2200,0.271249,-0.727141,0.00083847,0.00083445,14.311626,14.422803,2023-08-01
23757,2023-07-25 10:51:00,19450.0,19678.4,223500,2892700,257.1,13.8,800,55050,0.734364,-0.252176,0.00079184,0.00082375,14.99644,14.032832,2023-08-01
18504,2023-07-25 10:51:00,19500.0,19678.4,2221000,7140550,210.35,20.75,26350,128500,0.709207,-0.292503,0.00090793,0.00090189,13.669133,13.798369,2023-08-01
13247,2023-07-25 10:51:00,19550.0,19678.4,598600,3285300,170.0,30.55,13500,98000,0.66444,-0.337141,0.00098275,0.00097404,13.432042,13.577043,2023-08-01
7990,2023-07-25 10:51:00,19600.0,19678.4,2586300,6365100,133.95,44.45,89150,162800,0.614467,-0.386483,0.00103802,0.00102929,13.339688,13.462553,2023-08-01
2729,2023-07-25 10:51:00,19650.0,19678.4,2973500,4877250,102.9,62.95,121700,189350,0.561471,-0.438701,0.00106854,0.00106518,13.358284,13.401324,2023-08-01
97,2023-07-25 10:51:00,19700.0,19678.4,13558850,10764850,76.05,86.2,287300,284550,0.507638,-0.492363,0.00108767,0.00108248,13.278895,13.342487,2023-08-01
5360,2023-07-25 10:51:00,19750.0,19678.4,6636850,3263100,55.35,115.9,137650,87600,0.454023,-0.545427,0.00106969,0.00105883,13.414762,13.554505,2023-08-01
10618,2023-07-25 10:51:00,19800.0,19678.4,15099050,5753750,39.1,149.8,229050,62550,0.402315,-0.596276,0.0010349,0.00102167,13.537999,13.725558,2023-08-01
15875,2023-07-25 10:51:00,19850.0,19678.4,7147300,1505700,27.0,187.65,94500,29350,0.35366,-0.644094,0.00098285,0.00097,13.697491,13.910086,2023-08-01
21129,2023-07-25 10:51:00,19900.0,19678.4,10756350,2564700,18.3,229.5,80550,10250,0.308901,-0.685876,0.00091814,0.0008985,13.891984,14.299215,2023-08-01
26382,2023-07-25 10:51:00,19950.0,19678.4,4842700,603550,12.6,270.9,60200,100,0.27035,-0.736323,0.00084118,0.00085733,14.242316,13.798828,2023-08-01
23758,2023-07-25 10:52:00,19450.0,19678.3,223500,2892700,253.5,13.85,700,18500,0.749092,-0.252452,0.00082694,0.00082347,13.942176,14.0465,2023-08-01
18505,2023-07-25 10:52:00,19500.0,19678.3,2221000,7140550,209.65,20.8,15450,84100,0.711182,-0.292717,0.00091533,0.00090159,13.516161,13.808338,2023-08-01
13248,2023-07-25 10:52:00,19550.0,19678.3,598600,3285300,169.45,30.65,6900,78700,0.665416,-0.337423,0.00098879,0.00097315,13.335581,13.594629,2023-08-01
7991,2023-07-25 10:52:00,19600.0,19678.3,2586300,6365100,133.25,44.75,69150,134600,0.615251,-0.386967,0.00104628,0.00102588,13.227172,13.512916,2023-08-01
2730,2023-07-25 10:52:00,19650.0,19678.3,2973500,4877250,102.0,63.5,88100,193900,0.561926,-0.439151,0.00107962,0.00105855,13.21951,13.488363,2023-08-01
98,2023-07-25 10:52:00,19700.0,19678.3,13558850,10764850,75.35,86.9,235750,300150,0.507527,-0.492474,0.00109638,0.00107382,13.174089,13.450912,2023-08-01
5361,2023-07-25 10:52:00,19750.0,19678.3,6636850,3263100,54.9,116.45,86850,74000,0.453639,-0.545207,0.00107508,0.00105233,13.346694,13.639865,2023-08-01
10619,2023-07-25 10:52:00,19800.0,19678.3,15099050,5753750,38.65,150.7,145300,67750,0.401614,-0.595228,0.0010404,0.0010108,13.46107,13.882992,2023-08-01
15876,2023-07-25 10:52:00,19850.0,19678.3,7147300,1505700,26.8,188.35,43700,10650,0.35316,-0.642792,0.00098503,0.00096188,13.660983,14.046331,2023-08-01
21130,2023-07-25 10:52:00,19900.0,19678.3,10756350,2564700,18.2,229.2,65050,17950,0.308537,-0.687207,0.00091903,0.00090308,13.872138,14.201453,2023-08-01
26383,2023-07-25 10:52:00,19950.0,19678.3,4842700,603550,12.55,274.4,31450,750,0.270104,-0.720225,0.00084145,0.00081695,14.232108,14.915263,2023-08-01
23759,2023-07-25 10:53:00,19450.0,19683.8,223500,2896200,257.9,13.3,300,41200,0.755641,-0.248651,0.00082299,0.0008139,13.809471,14.094531,2023-08-01
18506,2023-07-25 10:53:00,19500.0,19683.8,2234850,7191250,214.8,20.0,19550,112300,0.714039,-0.288397,0.00090032,0.0008921,13.673844,13.855266,2023-08-01
13249,2023-07-25 10:53:00,19550.0,19683.8,591800,3318450,173.9,29.35,12700,62900,0.670165,-0.332192,0.00097863,0.00096628,13.394657,13.604455,2023-08-01
7992,2023-07-25 10:53:00,19600.0,19683.8,2595500,6421200,137.25,42.9,71500,177750,0.620571,-0.381251,0.00103767,0.00102193,13.27819,13.502348,2023-08-01
2731,2023-07-25 10:53:00,19650.0,19683.8,2985200,4937500,105.3,60.9,132900,177250,0.567787,-0.433113,0.00107551,0.00105973,13.234763,13.437063,2023-08-01
99,2023-07-25 10:53:00,19700.0,19683.8,13572050,10778600,78.25,83.7,389200,387550,0.513535,-0.486545,0.00109255,0.00107808,13.212051,13.389399,2023-08-01
5362,2023-07-25 10:53:00,19750.0,19683.8,6639800,3301550,56.75,112.55,122150,90150,0.459374,-0.539748,0.00108053,0.00106099,13.297269,13.54527,2023-08-01
10620,2023-07-25 10:53:00,19800.0,19683.8,15080350,5749650,40.25,146.1,239600,89800,0.407263,-0.590686,0.00104464,0.00102414,13.450625,13.736709,2023-08-01
15877,2023-07-25 10:53:00,19850.0,19683.8,7186300,1518650,27.75,184.0,59750,10100,0.357921,-0.637775,0.00099407,0.00096822,13.597847,14.018463,2023-08-01
21131,2023-07-25 10:53:00,19900.0,19683.8,10759900,2560900,18.8,224.55,80200,11600,0.312562,-0.682526,0.00092936,0.00091012,13.792273,14.178041,2023-08-01
26384,2023-07-25 10:53:00,19950.0,19683.8,4840700,603550,12.9,271.2,59800,300,0.273291,-0.709593,0.00085213,0.00080611,14.132808,15.383354,2023-08-01
23760,2023-07-25 10:54:00,19450.0,19679.2,223500,2896200,254.95,13.7,450,37050,0.746688,-0.251597,0.00081856,0.00082243,14.156785,14.039813,2023-08-01
18507,2023-07-25 10:54:00,19500.0,19679.2,2234850,7191250,211.4,20.65,16450,89600,0.708525,-0.291986,0.00090193,0.00090013,13.776555,13.815454,2023-08-01
13250,2023-07-25 10:54:00,19550.0,19679.2,591800,3318450,171.45,30.35,11350,58350,0.663225,-0.336405,0.0009709,0.00097294,13.616561,13.582297,2023-08-01
7993,2023-07-25 10:54:00,19600.0,19679.2,2595500,6421200,135.0,44.1,62400,155050,0.61452,-0.385573,0.00103031,0.00102947,13.440356,13.452254,2023-08-01
2732,2023-07-25 10:54:00,19650.0,19679.2,2985200,4937500,103.25,62.5,86300,142300,0.562374,-0.437793,0.00106922,0.001066,13.346432,13.387645,2023-08-01
100,2023-07-25 10:54:00,19700.0,19679.2,13572050,10778600,76.4,85.9,196900,175000,0.5085,-0.491507,0.00108764,0.00108061,13.280022,13.366459,2023-08-01
5363,2023-07-25 10:54:00,19750.0,19679.2,6639800,3301550,55.45,115.05,100000,56950,0.454751,-0.544813,0.00107234,0.00106356,13.385869,13.49798,2023-08-01
10621,2023-07-25 10:54:00,19800.0,19679.2,15080350,5749650,39.25,148.8,306150,54200,0.403045,-0.596058,0.00103625,0.00102776,13.528021,13.647534,2023-08-01
15878,2023-07-25 10:54:00,19850.0,19679.2,7186300,1518650,27.0,186.9,242650,4900,0.354073,-0.643596,0.00098568,0.00097227,13.665179,13.885984,2023-08-01
21132,2023-07-25 10:54:00,19900.0,19679.2,10759900,2560900,18.35,228.05,67450,4700,0.309413,-0.687709,0.00091986,0.00090902,13.877513,14.099665,2023-08-01
26385,2023-07-25 10:54:00,19950.0,19679.2,4840700,604450,12.65,270.0,51600,300,0.270874,-0.736637,0.00084254,0.00086079,14.234627,13.736458,2023-08-01
23761,2023-07-25 10:55:00,19450.0,19679.6,223500,2896200,253.8,13.8,950,27750,0.754113,-0.251989,0.00083362,0.00082024,13.68334,14.089287,2023-08-01
18508,2023-07-25 10:55:00,19500.0,19679.6,2234850,7191250,211.15,20.65,10300,62950,0.710799,-0.291883,0.00090808,0.0008987,13.633612,13.835461,2023-08-01
13251,2023-07-25 10:55:00,19550.0,19679.6,591800,3318450,170.9,30.35,5400,39100,0.665535,-0.336254,0.00098095,0.00097119,13.441316,13.604723,2023-08-01
7994,2023-07-25 10:55:00,19600.0,19679.6,2595500,6421200,134.35,44.2,40950,91350,0.616233,-0.385498,0.00104178,0.0010261,13.275288,13.496103,2023-08-01
2733,2023-07-25 10:55:00,19650.0,19679.6,2985200,4937500,102.75,62.65,111700,91950,0.563303,-0.437591,0.0010786,0.00106157,13.22574,13.442782,2023-08-01
101,2023-07-25 10:55:00,19700.0,19679.6,13572050,10778600,76.15,86.0,221400,184600,0.50894,-0.491083,0.00109346,0.00107641,13.209394,13.418605,2023-08-01
5364,2023-07-25 10:55:00,19750.0,19679.6,6639800,3301550,55.35,115.45,121200,51750,0.455013,-0.543967,0.00107577,0.00105511,13.344523,13.609769,2023-08-01
10622,2023-07-25 10:55:00,19800.0,19679.6,15080350,5749650,39.15,149.3,437750,71200,0.403156,-0.59457,0.00103936,0.00101773,13.488861,13.795159,2023-08-01
15879,2023-07-25 10:55:00,19850.0,19679.6,7186300,1518650,26.85,187.0,290200,4100,0.353921,-0.64229,0.00098919,0.00096729,13.615054,13.975663,2023-08-01
21133,2023-07-25 10:55:00,19900.0,19679.6,10759900,2560900,18.25,228.5,44850,4800,0.309224,-0.684786,0.0009224,0.00089968,13.835967,14.303508,2023-08-01
26386,2023-07-25 10:55:00,19950.0,19679.6,4840700,604450,12.6,272.25,35200,50,0.270762,-0.723555,0.00084416,0.00082979,14.204845,14.600126,2023-08-01
23762,2023-07-25 10:56:00,19450.0,19677.85,224100,2898650,253.55,14.0,1900,74150,0.746522,-0.253332,0.00082266,0.00082299,14.093352,14.083408,2023-08-01
18509,2023-07-25 10:56:00,19500.0,19677.85,2232100,7164650,210.6,21.0,27300,149400,0.706246,-0.293586,0.00089998,0.00090058,13.858762,13.845849,2023-08-01
13252,2023-07-25 10:56:00,19550.0,19677.85,588400,3304650,169.95,30.8,24750,87550,0.662945,-0.338012,0.0009782,0.00097288,13.521627,13.610467,2023-08-01
7995,2023-07-25 10:56:00,19600.0,19677.85,2603850,6360450,134.1,44.75,80550,190200,0.613082,-0.387274,0.0010311,0.0010278,13.446944,13.493729,2023-08-01
2734,2023-07-25 10:56:00,19650.0,19677.85,2968600,4890400,102.55,63.35,184550,226100,0.560855,-0.439435,0.00106851,0.00106279,13.36545,13.438914,2023-08-01
102,2023-07-25 10:56:00,19700.0,19677.85,13685050,10719350,75.85,86.85,384550,329150,0.507027,-0.49297,0.00108613,0.00107723,13.301632,13.411584,2023-08-01
5365,2023-07-25 10:56:00,19750.0,19677.85,6681700,3292900,54.95,115.8,151150,93550,0.453328,-0.546297,0.00107138,0.00106403,13.394516,13.488454,2023-08-01
10623,2023-07-25 10:56:00,19800.0,19677.85,14924750,5711300,38.95,149.95,432750,80900,0.401819,-0.597141,0.00103373,0.00102404,13.552561,13.689904,2023-08-01
15880,2023-07-25 10:56:00,19850.0,19677.85,7325600,1519200,26.8,188.35,227050,19050,0.353018,-0.64397,0.00098283,0.00096569,13.692477,13.977714,2023-08-01
21134,2023-07-25 10:56:00,19900.0,19677.85,10759300,2562600,18.15,229.65,140050,27750,0.308286,-0.687334,0.00091786,0.0009015,13.887815,14.226962,2023-08-01
26387,2023-07-25 10:56:00,19950.0,19677.85,4870950,604450,12.5,273.0,96100,4250,0.269833,-0.728633,0.00084058,0.0008368,14.242771,14.34773,2023-08-01
23763,2023-07-25 10:57:00,19400.0,19674.3,678200,5992600,294.25,9.6,8800,68300,0.787475,-0.220805,0.00075875,0.00074758,13.857362,14.378915,2023-08-01
18510,2023-07-25 10:57:00,19450.0,19674.3,224100,2898650,248.7,14.3,950,84800,0.751818,-0.255544,0.00084668,0.00082982,13.544459,14.034572,2023-08-01
13253,2023-07-25 10:57:00,19500.0,19674.3,2232100,7164650,206.55,21.55,40050,160850,0.706729,-0.296484,0.00091816,0.00090641,13.577082,13.822413,2023-08-01
7996,2023-07-25 10:57:00,19550.0,19674.3,588400,3304650,166.1,31.7,16200,121100,0.662086,-0.341509,0.00099723,0.00097667,13.279658,13.614385,2023-08-01
2735,2023-07-25 10:57:00,19600.0,19674.3,2603850,6360450,130.85,45.95,143500,350750,0.610584,-0.390966,0.00104536,0.0010304,13.291169,13.499223,2023-08-01
103,2023-07-25 10:57:00,19650.0,19674.3,2968600,4890400,99.65,65.05,228450,431050,0.557583,-0.443335,0.00108146,0.00106189,13.224755,13.473015,2023-08-01
5366,2023-07-25 10:57:00,19700.0,19674.3,13685050,10719350,73.4,88.95,592500,543600,0.503128,-0.496783,0.00109654,0.00107418,13.180044,13.454349,2023-08-01
10624,2023-07-25 10:57:00,19750.0,19674.3,6681700,3292900,53.15,118.75,198900,186200,0.449202,-0.549518,0.00107618,0.00105286,13.320746,13.621354,2023-08-01
15881,2023-07-25 10:57:00,19800.0,19674.3,14924750,5711300,37.7,153.4,339400,136950,0.397865,-0.599377,0.001034,0.00100928,13.516977,13.873394,2023-08-01
21135,2023-07-25 10:57:00,19850.0,19674.3,7325600,1519200,25.75,192.0,311550,23400,0.348903,-0.645325,0.00098295,0.00095107,13.635964,14.176682,2023-08-01
26388,2023-07-25 10:57:00,19900.0,19674.3,10759300,2562600,17.45,233.15,133250,36300,0.304588,-0.688706,0.00091534,0.00089096,13.855243,14.371169,2023-08-01
23764,2023-07-25 10:58:00,19400.0,19671.0,678200,5992600,291.45,9.7,5750,90450,0.7835,-0.222033,0.00076213,0.00075432,13.948465,14.298763,2023-08-01
18511,2023-07-25 10:58:00,19450.0,19671.0,224100,2898650,246.85,14.45,500,84450,0.744141,-0.257026,0.00084045,0.00083765,13.86887,13.948269,2023-08-01
13254,2023-07-25 10:58:00,19500.0,19671.0,2232100,7164650,203.85,21.95,48200,248350,0.703682,-0.298818,0.00092267,0.00091325,13.578278,13.770966,2023-08-01
7997,2023-07-25 10:58:00,19550.0,19671.0,588400,3304650,164.7,32.25,24700,143450,0.656439,-0.344135,0.00098729,0.0009839,13.501337,13.556376,2023-08-01
2736,2023-07-25 10:58:00,19600.0,19671.0,2603850,6360450,129.0,46.85,186450,313300,0.606668,-0.394106,0.00104353,0.00103576,13.35475,13.46228,2023-08-01
104,2023-07-25 10:58:00,19650.0,19671.0,2968600,4890400,98.25,66.25,242550,392750,0.553723,-0.446722,0.00107645,0.00106618,13.307422,13.437638,2023-08-01
5367,2023-07-25 10:58:00,19700.0,19671.0,13685050,10719350,72.1,90.4,733000,668400,0.499533,-0.500359,0.00109312,0.00107818,13.224517,13.407823,2023-08-01
10625,2023-07-25 10:58:00,19750.0,19671.0,6681700,3292900,52.15,120.0,346300,177900,0.445848,-0.553608,0.00107168,0.00106237,13.364641,13.484323,2023-08-01
15882,2023-07-25 10:58:00,19800.0,19671.0,14924750,5711300,37.0,155.35,400750,165900,0.394869,-0.603262,0.00102818,0.00101203,13.568727,13.802968,2023-08-01
21136,2023-07-25 10:58:00,19850.0,19671.0,7325600,1519200,25.35,193.5,347550,29450,0.346466,-0.650952,0.00097544,0.00096162,13.708412,13.94357,2023-08-01
26389,2023-07-25 10:58:00,19900.0,19671.0,10759300,2562600,17.2,235.85,197600,32200,0.302583,-0.691818,0.00090789,0.00088806,13.930843,14.358107,2023-08-01
23765,2023-07-25 10:59:00,19400.0,19670.9,683700,6019300,291.7,9.7,4100,86400,0.781183,-0.222075,0.00075919,0.00075452,14.089441,14.297206,2023-08-01
18512,2023-07-25 10:59:00,19450.0,19670.9,225450,2903800,246.8,14.5,3350,60750,0.743852,-0.257295,0.00084012,0.00083736,13.883263,13.961426,2023-08-01
13255,2023-07-25 10:59:00,19500.0,19670.9,2230350,7159200,203.8,21.85,17950,131900,0.703457,-0.298559,0.00092232,0.00091473,13.588858,13.744129,2023-08-01
7998,2023-07-25 10:59:00,19550.0,19670.9,584850,3301550,164.25,32.25,12650,94200,0.657121,-0.344194,0.00099203,0.00098426,13.427462,13.553087,2023-08-01
2737,2023-07-25 10:59:00,19600.0,19670.9,2576750,6356950,129.05,46.8,72900,202800,0.606397,-0.394113,0.00104197,0.00103683,13.378089,13.449133,2023-08-01
105,2023-07-25 10:59:00,19650.0,19670.9,2923000,4845950,98.0,66.0,152300,216550,0.553718,-0.44667,0.00107892,0.00106996,13.277613,13.39054,2023-08-01
5368,2023-07-25 10:59:00,19700.0,19670.9,13641250,10679650,72.25,90.35,367250,390700,0.499442,-0.500479,0.0010903,0.00107946,13.259396,13.392588,2023-08-01
10626,2023-07-25 10:59:00,19750.0,19670.9,6686500,3250700,52.4,120.45,112400,94750,0.445974,-0.55341,0.00106761,0.0010571,13.41683,13.553177,2023-08-01
15883,2023-07-25 10:59:00,19800.0,19670.9,14823100,5699200,37.0,155.1,242550,90700,0.394823,-0.603843,0.0010276,0.00101608,13.576626,13.743147,2023-08-01
21137,2023-07-25 10:59:00,19850.0,19670.9,7363950,1508500,25.5,194.2,140450,12600,0.346814,-0.64956,0.00097295,0.00095351,13.749338,14.083267,2023-08-01
26390,2023-07-25 10:59:00,19900.0,19670.9,10769550,2572250,17.35,236.05,103600,12050,0.303122,-0.691505,0.00090555,0.00088651,13.978626,14.390508,2023-08-01
23766,2023-07-25 11:00:00,19400.0,19672.65,683700,6019300,294.65,9.4,2750,85150,0.77425,-0.219947,0.00074454,0.00075305,14.624114,14.245852,2023-08-01
18513,2023-07-25 11:00:00,19450.0,19672.65,225450,2903800,249.45,14.05,950,56850,0.740299,-0.254877,0.0008255,0.00083707,14.229889,13.897112,2023-08-01
13256,2023-07-25 11:00:00,19500.0,19672.65,2230350,7159200,207.15,21.15,31250,202450,0.699037,-0.295795,0.00089738,0.00091675,14.060239,13.655109,2023-08-01
7999,2023-07-25 11:00:00,19550.0,19672.65,584850,3301550,167.5,31.15,20750,130450,0.654713,-0.341079,0.00096586,0.00099044,13.826959,13.421667,2023-08-01
2738,2023-07-25 11:00:00,19600.0,19672.65,2576750,6356950,131.25,45.4,86850,227100,0.606846,-0.391247,0.00102702,0.00104581,13.567901,13.306159,2023-08-01
106,2023-07-25 11:00:00,19650.0,19672.65,2923000,4845950,100.1,64.45,172200,340600,0.55494,-0.444331,0.00106342,0.00107959,13.464908,13.259863,2023-08-01
5369,2023-07-25 11:00:00,19700.0,19672.65,13641250,10679650,73.85,88.1,420350,425000,0.501406,-0.498692,0.0010796,0.00109714,13.390182,13.176156,2023-08-01
10627,2023-07-25 11:00:00,19750.0,19672.65,6686500,3250700,53.3,118.0,239300,123950,0.448034,-0.552593,0.00106477,0.00107585,13.461407,13.320062,2023-08-01
15884,2023-07-25 11:00:00,19800.0,19672.65,14823100,5699200,37.8,152.45,288350,90350,0.397081,-0.604205,0.00102472,0.00103602,13.635276,13.474773,2023-08-01
21138,2023-07-25 11:00:00,19850.0,19672.65,7363950,1508500,26.05,190.5,202850,17350,0.348955,-0.653549,0.00097224,0.0009858,13.790059,13.564345,2023-08-01
26391,2023-07-25 11:00:00,19900.0,19672.65,10769550,2572250,17.7,231.35,102600,19150,0.304997,-0.701706,0.00090655,0.00093014,14.001207,13.510353,2023-08-01
23767,2023-07-25 11:01:00,19400.0,19668.4,683700,6019300,290.05,9.75,2900,92650,0.775446,-0.222884,0.0007574,0.00075991,14.336427,14.22856,2023-08-01
18514,2023-07-25 11:01:00,19450.0,19668.4,225450,2903800,244.35,14.6,1050,64450,0.742944,-0.258389,0.00084675,0.00084349,13.803059,13.893655,2023-08-01
13257,2023-07-25 11:01:00,19500.0,19668.4,2230350,7159200,202.45,21.95,51650,139300,0.698977,-0.299727,0.00091737,0.00092237,13.758726,13.657433,2023-08-01
8000,2023-07-25 11:01:00,19550.0,19668.4,584850,3301550,162.9,32.45,16750,114900,0.653535,-0.345756,0.00098821,0.00099251,13.534991,13.466146,2023-08-01
2739,2023-07-25 11:01:00,19600.0,19668.4,2576750,6356950,128.05,47.25,106600,226950,0.602958,-0.396221,0.0010354,0.00104393,13.497894,13.380162,2023-08-01
107,2023-07-25 11:01:00,19650.0,19668.4,2923000,4845950,97.2,66.75,160300,304150,0.550674,-0.449176,0.00107166,0.00107537,13.384084,13.337314,2023-08-01
5370,2023-07-25 11:01:00,19700.0,19668.4,13641250,10679650,71.55,91.15,342550,457300,0.496775,-0.503252,0.00108385,0.00108656,13.340848,13.307649,2023-08-01
10628,2023-07-25 11:01:00,19750.0,19668.4,6686500,3250700,51.6,121.1,189350,107450,0.443422,-0.556802,0.00106476,0.00106842,13.443723,13.396546,2023-08-01
15885,2023-07-25 11:01:00,19800.0,19668.4,14823100,5699200,36.6,156.3,232650,101950,0.392781,-0.607284,0.00102143,0.00102197,13.642233,13.634316,2023-08-01
21139,2023-07-25 11:01:00,19850.0,19668.4,7363950,1508500,25.15,195.45,174600,10300,0.344883,-0.653642,0.0009679,0.00096018,13.795514,13.92859,2023-08-01
26392,2023-07-25 11:01:00,19900.0,19668.4,10769550,2572250,17.0,237.2,187700,24550,0.301044,-0.697047,0.00090198,0.0008954,13.993824,14.136833,2023-08-01
23768,2023-07-25 11:02:00,19400.0,19665.15,682850,6023450,288.0,10.0,2950,82900,0.768051,-0.225005,0.00075425,0.00076538,14.663993,14.206112,2023-08-01
18515,2023-07-25 11:02:00,19450.0,19665.15,225250,2898550,242.7,14.9,1650,77200,0.735243,-0.260526,0.00083897,0.00084981,14.147222,13.852113,2023-08-01
13258,2023-07-25 11:02:00,19500.0,19665.15,2251300,7133600,200.7,22.55,43700,170050,0.693425,-0.302671,0.00091133,0.00092693,13.966231,13.65307,2023-08-01
8001,2023-07-25 11:02:00,19550.0,19665.15,581600,3307750,160.85,33.2,30650,154750,0.649613,-0.348789,0.00098734,0.00099734,13.605967,13.447071,2023-08-01
2740,2023-07-25 11:02:00,19600.0,19665.15,2579600,6407250,126.1,48.35,114850,407500,0.599378,-0.399592,0.00103564,0.00104679,13.529819,13.376705,2023-08-01
108,2023-07-25 11:02:00,19650.0,19665.15,2950250,4847350,95.65,67.95,206000,495050,0.547052,-0.452562,0.0010694,0.00107977,13.43025,13.299818,2023-08-01
5371,2023-07-25 11:02:00,19700.0,19665.15,13610950,10695750,70.6,92.55,531950,682600,0.493347,-0.506848,0.00107649,0.00109135,13.433568,13.250579,2023-08-01
10629,2023-07-25 11:02:00,19750.0,19665.15,6709950,3208250,50.9,123.0,258800,215650,0.440394,-0.560413,0.00105688,0.00106935,13.531683,13.369733,2023-08-01
15886,2023-07-25 11:02:00,19800.0,19665.15,14833750,5691400,36.0,158.5,418750,154800,0.389995,-0.610818,0.00101484,0.00102144,13.706325,13.609674,2023-08-01
21140,2023-07-25 11:02:00,19850.0,19665.15,7337650,1510100,24.75,197.35,182100,33550,0.342491,-0.658457,0.00096091,0.00096573,13.862503,13.778883,2023-08-01
26393,2023-07-25 11:02:00,19900.0,19665.15,10791300,2565300,16.85,239.0,156650,63050,0.299446,-0.703569,0.00089369,0.00090376,14.092727,13.871583,2023-08-01
23769,2023-07-25 11:03:00,19400.0,19667.0,682850,6023450,285.35,9.95,4650,201100,0.797862,-0.224387,0.00079065,0.00076137,12.918683,14.257915,2023-08-01
18516,2023-07-25 11:03:00,19450.0,19667.0,225250,2898550,240.4,14.95,1950,121150,0.755,-0.260306,0.00088001,0.00084373,12.950256,13.945209,2023-08-01
13259,2023-07-25 11:03:00,19500.0,19667.0,2251300,7133600,199.3,22.6,88800,296150,0.704011,-0.302223,0.00094367,0.00091955,13.275289,13.752894,2023-08-01
8002,2023-07-25 11:03:00,19550.0,19667.0,581600,3307750,159.65,33.15,44250,166300,0.656812,-0.347864,0.00101825,0.00098969,13.09139,13.537232,2023-08-01
2741,2023-07-25 11:03:00,19600.0,19667.0,2579600,6407250,124.9,48.35,249400,371400,0.604271,-0.398458,0.00106568,0.00103691,13.10484,13.493382,2023-08-01
109,2023-07-25 11:03:00,19650.0,19667.0,2950250,4847350,94.6,68.15,318900,484150,0.550117,-0.451097,0.00109641,0.00106548,13.086514,13.47147,2023-08-01
5372,2023-07-25 11:03:00,19700.0,19667.0,13610950,10695750,69.4,92.8,917450,714100,0.495025,-0.504641,0.00110419,0.00107443,13.096777,13.459588,2023-08-01
10630,2023-07-25 11:03:00,19750.0,19667.0,6709950,3208250,49.8,123.2,423300,194550,0.440839,-0.557275,0.00108162,0.00105152,13.223747,13.611832,2023-08-01
15887,2023-07-25 11:03:00,19800.0,19667.0,14833750,5691400,35.05,158.65,573900,158450,0.389479,-0.606571,0.00103589,0.00100321,13.422061,13.898677,2023-08-01
21141,2023-07-25 11:03:00,19850.0,19667.0,7337650,1510100,24.15,197.85,265800,29050,0.34173,-0.651798,0.00097578,0.00094225,13.639072,14.223888,2023-08-01
26394,2023-07-25 11:03:00,19900.0,19667.0,10791300,2565300,16.4,240.0,225100,44200,0.298354,-0.69259,0.00090515,0.00087402,13.890536,14.579169,2023-08-01
23770,2023-07-25 11:04:00,19400.0,19662.15,682850,6023450,282.25,10.1,5700,233950,0.783941,-0.226209,0.00078676,0.00077167,13.505721,14.136404,2023-08-01
18517,2023-07-25 11:04:00,19450.0,19662.15,225250,2898550,237.1,15.15,2350,128400,0.745937,-0.262401,0.00087698,0.00085599,13.252142,13.806269,2023-08-01
13260,2023-07-25 11:04:00,19500.0,19662.15,2251300,7133600,195.0,23.2,42850,255100,0.700561,-0.305671,0.0009551,0.00093002,13.189715,13.671054,2023-08-01
8003,2023-07-25 11:04:00,19550.0,19662.15,581600,3307750,156.0,34.4,76050,135300,0.651973,-0.352598,0.00102468,0.00099541,13.081028,13.529738,2023-08-01
2742,2023-07-25 11:04:00,19600.0,19662.15,2579600,6407250,121.25,50.0,203550,417600,0.599678,-0.403436,0.00107622,0.00104126,13.020315,13.484469,2023-08-01
110,2023-07-25 11:04:00,19650.0,19662.15,2950250,4847350,91.5,70.4,278800,519500,0.544982,-0.456312,0.00110397,0.00106619,13.020844,13.487119,2023-08-01
5373,2023-07-25 11:04:00,19700.0,19662.15,13610950,10695750,66.8,95.85,619050,747000,0.48958,-0.509765,0.00110957,0.00106892,13.033688,13.529838,2023-08-01
10631,2023-07-25 11:04:00,19750.0,19662.15,6709950,3208250,48.05,127.35,352800,204550,0.435598,-0.561428,0.00107961,0.00103584,13.224886,13.800263,2023-08-01
15888,2023-07-25 11:04:00,19800.0,19662.15,14833750,5691400,33.9,163.15,386900,304950,0.384799,-0.609786,0.0010296,0.00098696,13.460777,14.099211,2023-08-01
21142,2023-07-25 11:04:00,19850.0,19662.15,7337650,1510100,23.2,202.65,187400,40400,0.337136,-0.653939,0.00097019,0.00092572,13.650697,14.449184,2023-08-01
26395,2023-07-25 11:04:00,19900.0,19662.15,10791300,2565300,15.85,245.05,229550,61500,0.294664,-0.69347,0.00089703,0.00085756,13.940828,14.844712,2023-08-01
23771,2023-07-25 11:05:00,19400.0,19656.05,680900,5958100,278.45,10.7,11350,286500,0.768605,-0.230862,0.00078019,0.00078109,14.166244,14.131606,2023-08-01
18518,2023-07-25 11:05:00,19450.0,19656.05,223950,2866800,233.7,16.0,5350,194650,0.732382,-0.267555,0.00086501,0.00086519,13.80454,13.800168,2023-08-01
13261,2023-07-25 11:05:00,19500.0,19656.05,2246050,7113600,192.0,24.2,93400,469000,0.689048,-0.31071,0.00093968,0.00094072,13.637538,13.617864,2023-08-01
8004,2023-07-25 11:05:00,19550.0,19656.05,585950,3310000,153.2,35.4,65850,292550,0.64247,-0.357425,0.00100971,0.00101042,13.408748,13.397895,2023-08-01
2743,2023-07-25 11:05:00,19600.0,19656.05,2520100,6395550,119.0,51.6,458550,904350,0.591241,-0.409162,0.00105841,0.00105349,13.314055,13.379448,2023-08-01
111,2023-07-25 11:05:00,19650.0,19656.05,2992300,4864250,89.7,72.2,438050,1012450,0.53765,-0.462464,0.00108533,0.00108126,13.274635,13.325025,2023-08-01
5374,2023-07-25 11:05:00,19700.0,19656.05,13675050,10506500,65.3,97.9,1103650,1352200,0.483186,-0.516682,0.00109229,0.00108636,13.237331,13.309775,2023-08-01
10632,2023-07-25 11:05:00,19750.0,19656.05,6768600,3093450,46.75,129.95,419950,374600,0.429888,-0.569038,0.00106521,0.00105082,13.375571,13.565238,2023-08-01
15889,2023-07-25 11:05:00,19800.0,19656.05,14753300,5648800,32.95,166.0,587500,446000,0.379799,-0.618499,0.00101547,0.00100288,13.599509,13.788958,2023-08-01
21143,2023-07-25 11:05:00,19850.0,19656.05,7339150,1500350,22.65,205.45,215650,87150,0.33312,-0.664866,0.00095494,0.00094546,13.80866,13.980313,2023-08-01
26396,2023-07-25 11:05:00,19900.0,19656.05,10807150,2545550,15.45,248.5,261950,78950,0.291175,-0.704861,0.00088347,0.00087105,14.081752,14.372301,2023-08-01
23772,2023-07-25 11:06:00,19400.0,19653.0,680900,5958100,275.0,10.9,4850,160050,0.770226,-0.232608,0.00079171,0.00078684,13.908174,14.090342,2023-08-01
18519,2023-07-25 11:06:00,19450.0,19653.0,223950,2866800,231.0,16.4,3250,148750,0.730118,-0.270006,0.00087052,0.00087016,13.778243,13.78698,2023-08-01
13262,2023-07-25 11:06:00,19500.0,19653.0,2246050,7113600,188.4,24.75,77100,253050,0.689503,-0.313365,0.00095818,0.0009456,13.368401,13.600209,2023-08-01
8005,2023-07-25 11:06:00,19550.0,19653.0,585950,3310000,150.0,36.3,46450,250550,0.641243,-0.360601,0.00102594,0.001013,13.215044,13.407662,2023-08-01
2744,2023-07-25 11:06:00,19600.0,19653.0,2520100,6395550,116.8,52.65,200850,645000,0.588283,-0.412307,0.00106411,0.00105656,13.268369,13.367599,2023-08-01
112,2023-07-25 11:06:00,19650.0,19653.0,2992300,4864250,87.65,73.7,353650,779300,0.534474,-0.465794,0.00109186,0.00108109,13.207481,13.339913,2023-08-01
5375,2023-07-25 11:06:00,19700.0,19653.0,13675050,10506500,63.85,99.65,720600,1021650,0.479814,-0.519985,0.00109357,0.00108562,13.21939,13.316502,2023-08-01
10633,2023-07-25 11:06:00,19750.0,19653.0,6768600,3093450,45.85,131.75,287850,234750,0.426804,-0.572445,0.00106166,0.00105204,13.403952,13.531378,2023-08-01
15890,2023-07-25 11:06:00,19800.0,19653.0,14753300,5648800,32.15,168.7,434350,209950,0.376714,-0.620718,0.00101299,0.00099455,13.601349,13.882656,2023-08-01
21144,2023-07-25 11:06:00,19850.0,19653.0,7339150,1500350,22.1,207.7,154750,37900,0.330347,-0.668305,0.00095114,0.00094496,13.820706,13.933739,2023-08-01
26397,2023-07-25 11:06:00,19900.0,19653.0,10807150,2545550,15.1,251.1,247100,41500,0.288832,-0.707533,0.00087872,0.00086762,14.107276,14.371606,2023-08-01
23773,2023-07-25 11:07:00,19400.0,19662.2,680900,5958100,284.45,10.3,3400,161250,0.770555,-0.227437,0.00076635,0.0007696,14.350822,14.219796,2023-08-01
18520,2023-07-25 11:07:00,19450.0,19662.2,223950,2866800,239.6,15.3,1950,136400,0.734927,-0.263094,0.00084885,0.00085403,13.996455,13.858549,2023-08-01
13263,2023-07-25 11:07:00,19500.0,19662.2,2246050,7113600,197.55,23.2,67500,568500,0.69285,-0.305711,0.00092376,0.00092964,13.795142,13.679392,2023-08-01
8006,2023-07-25 11:07:00,19550.0,19662.2,585950,3310000,158.5,34.0,72850,227950,0.646964,-0.351833,0.00099227,0.00100001,13.580507,13.458812,2023-08-01
2745,2023-07-25 11:07:00,19600.0,19662.2,2520100,6395550,123.55,49.3,355650,753100,0.596984,-0.40263,0.00104546,0.0010498,13.428626,13.369861,2023-08-01
113,2023-07-25 11:07:00,19650.0,19662.2,2992300,4864250,93.3,69.25,335700,811950,0.544185,-0.455768,0.00107937,0.00108074,13.322567,13.305433,2023-08-01
5376,2023-07-25 11:07:00,19700.0,19662.2,13675050,10506500,68.15,94.25,754200,1050600,0.489929,-0.510054,0.0010907,0.00108966,13.261307,13.274057,2023-08-01
10634,2023-07-25 11:07:00,19750.0,19662.2,6768600,3093450,49.0,125.15,323700,231700,0.436545,-0.56331,0.00106635,0.00106422,13.396445,13.424065,2023-08-01
15891,2023-07-25 11:07:00,19800.0,19662.2,14753300,5648800,34.35,160.55,459100,267600,0.385648,-0.613945,0.00102331,0.00102011,13.55425,13.601018,2023-08-01
21145,2023-07-25 11:07:00,19850.0,19662.2,7339150,1500350,23.6,199.8,235650,31100,0.338301,-0.660982,0.00096469,0.00096114,13.748863,13.81088,2023-08-01
26398,2023-07-25 11:07:00,19900.0,19662.2,10807150,2545550,15.9,241.8,394200,46700,0.294943,-0.705072,0.0008963,0.00089635,13.960207,13.959148,2023-08-01
23774,2023-07-25 11:08:00,19400.0,19665.75,680250,5983750,287.05,10.1,5500,185550,0.776721,-0.225625,0.00076643,0.00076284,14.128368,14.279239,2023-08-01
18521,2023-07-25 11:08:00,19450.0,19665.75,224250,2884700,242.0,15.0,2300,120250,0.740686,-0.260942,0.00085074,0.00084665,13.807298,13.918896,2023-08-01
13264,2023-07-25 11:08:00,19500.0,19665.75,2267350,7173950,200.0,22.8,68650,228050,0.697274,-0.303338,0.0009238,0.00092138,13.704052,13.752567,2023-08-01
8007,2023-07-25 11:08:00,19550.0,19665.75,597250,3374900,160.45,33.4,29000,173500,0.651766,-0.349015,0.00099652,0.00099166,13.453785,13.53078,2023-08-01
2746,2023-07-25 11:08:00,19600.0,19665.75,2572900,6499850,125.3,48.55,228350,465700,0.601339,-0.399526,0.00104975,0.00104046,13.334195,13.460881,2023-08-01
114,2023-07-25 11:08:00,19650.0,19665.75,3105000,4908250,95.0,68.15,330750,406850,0.548138,-0.452186,0.00108131,0.00107277,13.281458,13.388537,2023-08-01
5377,2023-07-25 11:08:00,19700.0,19665.75,13734050,10315850,69.45,92.9,645650,643650,0.493747,-0.506088,0.00109485,0.00108165,13.211901,13.37321,2023-08-01
10635,2023-07-25 11:08:00,19750.0,19665.75,6792500,3003450,49.9,123.6,233650,158550,0.440008,-0.558907,0.00107278,0.00105584,13.332548,13.552034,2023-08-01
15892,2023-07-25 11:08:00,19800.0,19665.75,14641300,5619400,35.1,158.7,429700,178450,0.388915,-0.60914,0.00102891,0.00101303,13.51173,13.742932,2023-08-01
21146,2023-07-25 11:08:00,19850.0,19665.75,7316000,1493950,24.1,197.4,172650,21700,0.34115,-0.656481,0.0009712,0.00095909,13.698835,13.908122,2023-08-01
26399,2023-07-25 11:08:00,19900.0,19665.75,10825050,2528850,16.1,240.3,192550,39200,0.296888,-0.696247,0.00090471,0.0008815,13.870358,14.383484,2023-08-01
23775,2023-07-25 11:09:00,19400.0,19666.6,680250,5983750,288.45,9.95,2300,100400,0.77358,-0.224606,0.00075934,0.00076214,14.373704,14.255815,2023-08-01
18522,2023-07-25 11:09:00,19450.0,19666.6,224250,2884700,243.0,14.85,700,51650,0.7402,-0.260104,0.00084648,0.00084571,13.890352,13.911263,2023-08-01
13265,2023-07-25 11:09:00,19500.0,19666.6,2267350,7173950,200.65,22.5,35000,137700,0.698135,-0.302169,0.000923,0.0009218,13.698573,13.722472,2023-08-01
8008,2023-07-25 11:09:00,19550.0,19666.6,597250,3374900,161.2,33.05,32800,135800,0.652333,-0.347933,0.00099388,0.00099224,13.481481,13.50759,2023-08-01
2747,2023-07-25 11:09:00,19600.0,19666.6,2572900,6499850,125.85,47.9,143050,270850,0.60222,-0.398223,0.00104899,0.00104429,13.336037,13.400026,2023-08-01
115,2023-07-25 11:09:00,19650.0,19666.6,3105000,4908250,95.55,67.5,240950,309700,0.549009,-0.45114,0.00107979,0.00107594,13.296666,13.344884,2023-08-01
5378,2023-07-25 11:09:00,19700.0,19666.6,13734050,10315850,69.8,92.0,390300,334800,0.494671,-0.505239,0.00109524,0.00108747,13.207724,13.302071,2023-08-01
10636,2023-07-25 11:09:00,19750.0,19666.6,6792500,3003450,50.25,122.55,164650,100000,0.440961,-0.558439,0.00107241,0.0010629,13.342111,13.464472,2023-08-01
15893,2023-07-25 11:09:00,19800.0,19666.6,14641300,5619400,35.25,157.5,203400,113600,0.389658,-0.609225,0.00103059,0.00102139,13.497084,13.629733,2023-08-01
21147,2023-07-25 11:09:00,19850.0,19666.6,7316000,1493950,24.15,196.6,70450,9200,0.341661,-0.655985,0.00097365,0.00096154,13.672224,13.880284,2023-08-01
26400,2023-07-25 11:09:00,19900.0,19666.6,10825050,2528850,16.25,238.8,138700,23600,0.29777,-0.698309,0.00090536,0.00089207,13.879343,14.16975,2023-08-01
23776,2023-07-25 11:10:00,19400.0,19674.45,680250,5983750,293.55,9.35,5950,166350,0.792901,-0.219558,0.00076508,0.00074904,13.543867,14.313265,2023-08-01
18523,2023-07-25 11:10:00,19450.0,19674.45,224250,2884700,248.4,13.95,9050,158300,0.753574,-0.254219,0.00085014,0.00083252,13.446496,13.959697,2023-08-01
13266,2023-07-25 11:10:00,19500.0,19674.45,2267350,7173950,205.7,21.2,74700,502850,0.709732,-0.295579,0.00092844,0.00090918,13.370913,13.769459,2023-08-01
8009,2023-07-25 11:10:00,19550.0,19674.45,597250,3374900,165.9,31.1,64600,223800,0.662628,-0.340352,0.00099949,0.00098251,13.249605,13.524307,2023-08-01
2748,2023-07-25 11:10:00,19600.0,19674.45,2572900,6499850,129.95,45.35,299100,548400,0.611904,-0.390233,0.00105674,0.0010362,13.143333,13.424935,2023-08-01
116,2023-07-25 11:10:00,19650.0,19674.45,3105000,4908250,98.55,64.3,519500,728600,0.558382,-0.442847,0.00109564,0.00106955,13.057831,13.382419,2023-08-01
5379,2023-07-25 11:10:00,19700.0,19674.45,13734050,10315850,72.4,88.35,827300,854650,0.50321,-0.496678,0.0011095,0.00107986,13.034153,13.391825,2023-08-01
10637,2023-07-25 11:10:00,19750.0,19674.45,6792500,3003450,52.1,118.0,309400,222100,0.448587,-0.549808,0.00108979,0.00106046,13.159994,13.530864,2023-08-01
15894,2023-07-25 11:10:00,19800.0,19674.45,14641300,5619400,36.65,152.35,404700,228850,0.396483,-0.600525,0.00104755,0.00102073,13.337932,13.715874,2023-08-01
21148,2023-07-25 11:10:00,19850.0,19674.45,7316000,1493950,25.1,191.3,223400,33200,0.347561,-0.646413,0.00099106,0.00095784,13.51355,14.06986,2023-08-01
26401,2023-07-25 11:10:00,19900.0,19674.45,10825050,2528850,16.85,232.25,189950,36250,0.302686,-0.691085,0.00092268,0.0009002,13.715217,14.185065,2023-08-01
23777,2023-07-25 11:11:00,19450.0,19676.45,232200,2877450,249.9,13.7,10250,64200,0.756578,-0.252621,0.00084971,0.00082943,13.36418,13.964576,2023-08-01
18524,2023-07-25 11:11:00,19500.0,19676.45,2261500,7260200,207.4,20.8,76650,194500,0.711369,-0.293674,0.0009248,0.00090684,13.387218,13.763137,2023-08-01
13267,2023-07-25 11:11:00,19550.0,19676.45,610550,3440000,167.6,30.6,55850,119100,0.664152,-0.338406,0.00099447,0.00098016,13.292392,13.526295,2023-08-01
8010,2023-07-25 11:11:00,19600.0,19676.45,2571250,6446650,131.35,44.6,185450,321800,0.613914,-0.388057,0.00105404,0.00103553,13.156523,13.411422,2023-08-01
2749,2023-07-25 11:11:00,19650.0,19676.45,3146300,4929500,99.7,63.2,317700,364000,0.560564,-0.440554,0.00109451,0.00107179,13.059829,13.342433,2023-08-01
117,2023-07-25 11:11:00,19700.0,19676.45,13717350,10427050,73.35,86.95,595100,567100,0.505426,-0.49453,0.00110921,0.00108433,13.036092,13.335183,2023-08-01
5380,2023-07-25 11:11:00,19750.0,19676.45,6785600,2950250,52.95,116.45,208600,134100,0.45084,-0.547906,0.00108901,0.00106516,13.178194,13.478426,2023-08-01
10638,2023-07-25 11:11:00,19800.0,19676.45,14601850,5649650,37.3,150.85,311700,118400,0.398692,-0.598612,0.00104787,0.00102315,13.353067,13.6998,2023-08-01
15895,2023-07-25 11:11:00,19850.0,19676.45,7280650,1490700,25.4,189.25,130650,13400,0.34923,-0.645629,0.00099478,0.00096596,13.486068,13.961784,2023-08-01
21149,2023-07-25 11:11:00,19900.0,19676.45,10811000,2525750,17.15,230.95,167700,31450,0.304506,-0.688036,0.00092518,0.00089774,13.713999,14.283974,2023-08-01
26402,2023-07-25 11:11:00,19950.0,19676.45,4769000,576750,11.8,276.65,108750,1350,0.266317,-0.718917,0.00084431,0.00080747,14.097685,15.139842,2023-08-01
23778,2023-07-25 11:12:00,19450.0,19676.5,232200,2877450,250.95,13.85,1000,112150,0.751464,-0.253324,0.00083845,0.00082766,13.696095,14.015572,2023-08-01
18525,2023-07-25 11:12:00,19500.0,19676.5,2261500,7260200,206.1,21.0,74950,300500,0.716243,-0.294327,0.00094151,0.00090427,13.044232,13.817169,2023-08-01
13268,2023-07-25 11:12:00,19550.0,19676.5,610550,3440000,166.5,30.9,62050,171100,0.666881,-0.339067,0.00100929,0.00097612,13.055885,13.593065,2023-08-01
8011,2023-07-25 11:12:00,19600.0,19676.5,2571250,6446650,130.1,45.15,210700,471100,0.615829,-0.388792,0.00107141,0.00102812,12.924801,13.516095,2023-08-01
2750,2023-07-25 11:12:00,19650.0,19676.5,3146300,4929500,99.0,64.0,348050,510200,0.56111,-0.441036,0.00110449,0.00106091,12.9397,13.482217,2023-08-01
118,2023-07-25 11:12:00,19700.0,19676.5,13717350,10427050,72.65,87.7,712400,814800,0.505463,-0.494459,0.00111932,0.00107391,12.918933,13.465108,2023-08-01
5381,2023-07-25 11:12:00,19750.0,19676.5,6785600,2950250,52.5,117.6,244900,185850,0.450552,-0.547031,0.00109549,0.00104953,13.099564,13.683401,2023-08-01
10639,2023-07-25 11:12:00,19800.0,19676.5,14601850,5649650,36.85,152.05,439700,192000,0.398044,-0.59681,0.0010543,0.00100708,13.266519,13.935169,2023-08-01
15896,2023-07-25 11:12:00,19850.0,19676.5,7280650,1490700,25.15,190.55,168750,42550,0.348642,-0.642579,0.00099836,0.00094902,13.430022,14.254696,2023-08-01
21150,2023-07-25 11:12:00,19900.0,19676.5,10811000,2525750,16.9,232.65,239650,38200,0.303613,-0.682444,0.00092863,0.0008769,13.645772,14.735714,2023-08-01
26403,2023-07-25 11:12:00,19950.0,19676.5,4769000,576750,11.65,275.0,119150,1850,0.265581,-0.725867,0.00084622,0.00082534,14.046762,14.632509,2023-08-01
23779,2023-07-25 11:13:00,19400.0,19672.75,672750,5979450,293.95,9.45,7900,79100,0.778377,-0.220555,0.00075048,0.00075201,14.365945,14.29704,2023-08-01
18526,2023-07-25 11:13:00,19450.0,19672.75,232200,2877450,246.8,14.1,2250,81700,0.752547,-0.255372,0.00085385,0.00083566,13.421075,13.943365,2023-08-01
13269,2023-07-25 11:13:00,19500.0,19672.75,2261500,7260200,204.95,21.45,22950,170000,0.705886,-0.296978,0.00092262,0.00091203,13.540976,13.759459,2023-08-01
8012,2023-07-25 11:13:00,19550.0,19672.75,610550,3440000,164.9,31.5,23700,117500,0.660228,-0.342007,0.00099753,0.00098458,13.315036,13.524028,2023-08-01
2751,2023-07-25 11:13:00,19600.0,19672.75,2571250,6446650,129.1,45.95,93700,328100,0.609665,-0.392069,0.00105399,0.00103696,13.202395,13.435916,2023-08-01
119,2023-07-25 11:13:00,19650.0,19672.75,3146300,4929500,98.2,64.95,196900,377450,0.556103,-0.444639,0.0010875,0.0010711,13.169622,13.374726,2023-08-01
5382,2023-07-25 11:13:00,19700.0,19672.75,13717350,10427050,72.0,89.0,436300,556600,0.501349,-0.498539,0.00110354,0.00108298,13.10796,13.356699,2023-08-01
10640,2023-07-25 11:13:00,19750.0,19672.75,6785600,2950250,51.8,118.6,136700,146350,0.447018,-0.551949,0.00108405,0.00106578,13.225769,13.457153,2023-08-01
15897,2023-07-25 11:13:00,19800.0,19672.75,14601850,5649650,36.4,153.45,238000,121400,0.395118,-0.602394,0.00104264,0.00102076,13.391312,13.701619,2023-08-01
21151,2023-07-25 11:13:00,19850.0,19672.75,7280650,1490700,24.95,191.8,106000,14100,0.346474,-0.649957,0.0009861,0.00096675,13.56896,13.89276,2023-08-01
26404,2023-07-25 11:13:00,19900.0,19672.75,10811000,2525750,16.75,233.55,162000,26350,0.301798,-0.693024,0.00091818,0.00089976,13.767343,14.156066,2023-08-01
23780,2023-07-25 11:14:00,19400.0,19673.15,675550,5995800,294.0,9.3,4300,61700,0.780558,-0.219577,0.00075256,0.00075237,14.245599,14.254221,2023-08-01
18527,2023-07-25 11:14:00,19450.0,19673.15,232200,2871450,247.15,13.95,5400,50050,0.752851,-0.254617,0.00085313,0.00083607,13.423957,13.915333,2023-08-01
13270,2023-07-25 11:14:00,19500.0,19673.15,2254600,7265150,206.0,21.2,18750,109700,0.703867,-0.296073,0.00091329,0.00091351,13.722906,13.718283,2023-08-01
8013,2023-07-25 11:14:00,19550.0,19673.15,618400,3455600,166.1,31.15,13550,59650,0.658609,-0.341088,0.00098543,0.00098719,13.503469,13.474876,2023-08-01
2752,2023-07-25 11:14:00,19600.0,19673.15,2552100,6522400,130.0,45.35,68850,192800,0.609208,-0.391048,0.0010451,0.00104259,13.319463,13.35392,2023-08-01
120,2023-07-25 11:14:00,19650.0,19673.15,3115100,4902800,98.8,64.25,102650,220850,0.556299,-0.443898,0.00108213,0.00107783,13.234375,13.288123,2023-08-01
5383,2023-07-25 11:14:00,19700.0,19673.15,13668450,10509850,72.55,88.15,203100,298850,0.501813,-0.498152,0.00109835,0.00109149,13.170106,13.252872,2023-08-01
10641,2023-07-25 11:14:00,19750.0,19673.15,6738500,2997950,52.25,117.7,80050,74200,0.44769,-0.552016,0.00107989,0.00107465,13.280173,13.346123,2023-08-01
15898,2023-07-25 11:14:00,19800.0,19673.15,14658300,5585750,36.6,152.25,200350,67300,0.39568,-0.603372,0.00104162,0.00103325,13.410002,13.527425,2023-08-01
21152,2023-07-25 11:14:00,19850.0,19673.15,7223800,1490200,25.0,190.75,82400,12750,0.346795,-0.651355,0.00098688,0.00097683,13.563266,13.729656,2023-08-01
26405,2023-07-25 11:14:00,19900.0,19673.15,10856150,2528600,16.8,232.3,96650,24050,0.302142,-0.695927,0.00091874,0.00091189,13.766437,13.909445,2023-08-01
23781,2023-07-25 11:15:00,19400.0,19672.0,675550,5995800,293.2,9.3,450,71900,0.778148,-0.219808,0.00075209,0.00075503,14.345478,14.214174,2023-08-01
18528,2023-07-25 11:15:00,19450.0,19672.0,239200,2871450,248.5,13.95,400,58800,0.740856,-0.254913,0.00082921,0.00083936,14.16136,13.870767,2023-08-01
13271,2023-07-25 11:15:00,19500.0,19672.0,2254600,7265150,205.6,21.1,15000,250450,0.701104,-0.29614,0.00090841,0.00091873,13.856783,13.643176,2023-08-01
8014,2023-07-25 11:15:00,19550.0,19672.0,618400,3455600,165.75,31.1,20550,107600,0.656365,-0.341495,0.00098024,0.00099277,13.6101,13.406644,2023-08-01
2753,2023-07-25 11:15:00,19600.0,19672.0,2552100,6522400,130.0,45.35,91700,206000,0.606987,-0.391745,0.00103598,0.00104856,13.459403,13.286046,2023-08-01
121,2023-07-25 11:15:00,19650.0,19672.0,3115100,4902800,98.85,64.3,138350,243500,0.554626,-0.444879,0.00107311,0.00108425,13.354932,13.215436,2023-08-01
5384,2023-07-25 11:15:00,19700.0,19672.0,13668450,10509850,72.6,88.05,312100,380600,0.500599,-0.49947,0.00109018,0.00110121,13.270356,13.137453,2023-08-01
10642,2023-07-25 11:15:00,19750.0,19672.0,6738500,2997950,52.25,118.2,126050,88900,0.446794,-0.553422,0.00107344,0.00107719,13.357383,13.309887,2023-08-01
15899,2023-07-25 11:15:00,19800.0,19672.0,14658300,5585750,36.7,152.4,213000,83350,0.395174,-0.605606,0.00103477,0.00104157,13.495543,13.400184,2023-08-01
21153,2023-07-25 11:15:00,19850.0,19672.0,7223800,1490200,25.0,191.0,98800,10600,0.346303,-0.654114,0.00098227,0.00098451,13.621178,13.584103,2023-08-01
26406,2023-07-25 11:15:00,19900.0,19672.0,10856150,2528600,16.7,232.6,172750,32250,0.3014,-0.699492,0.00091624,0.00091936,13.790219,13.725073,2023-08-01
23782,2023-07-25 11:16:00,19400.0,19670.85,675550,5995800,292.85,9.45,1850,83150,0.773197,-0.220971,0.00074765,0.00075636,14.61423,14.23355,2023-08-01
18529,2023-07-25 11:16:00,19450.0,19670.85,239200,2871450,247.1,14.2,1600,65300,0.741626,-0.256347,0.00083506,0.00083996,14.041905,13.903016,2023-08-01
13272,2023-07-25 11:16:00,19500.0,19670.85,2254600,7265150,205.0,21.6,23100,186900,0.699016,-0.298124,0.00090593,0.0009168,13.939924,13.715168,2023-08-01
8015,2023-07-25 11:16:00,19550.0,19670.85,618400,3455600,164.6,31.6,18700,69750,0.655838,-0.343102,0.00098508,0.00099135,13.552481,13.451069,2023-08-01
2754,2023-07-25 11:16:00,19600.0,19670.85,2552100,6522400,129.2,46.1,92450,255400,0.605832,-0.393436,0.0010373,0.00104467,13.454633,13.352879,2023-08-01
122,2023-07-25 11:16:00,19650.0,19670.85,3115100,4902800,98.1,65.0,161650,232250,0.553439,-0.446251,0.00107478,0.00108195,13.341018,13.251202,2023-08-01
5385,2023-07-25 11:16:00,19700.0,19670.85,13668450,10509850,72.15,89.15,354000,317550,0.499353,-0.500689,0.00108889,0.00109444,13.287514,13.220134,2023-08-01
10643,2023-07-25 11:16:00,19750.0,19670.85,6738500,2997950,51.7,119.15,150800,72750,0.445468,-0.554474,0.00107456,0.00107356,13.33872,13.351399,2023-08-01
15900,2023-07-25 11:16:00,19800.0,19670.85,14658300,5585750,36.4,153.7,209850,78450,0.394043,-0.606032,0.00103345,0.00103409,13.503686,13.494517,2023-08-01
21154,2023-07-25 11:16:00,19850.0,19670.85,7223800,1490200,24.8,192.3,83600,9750,0.345306,-0.654229,0.00098043,0.00097795,13.633664,13.675063,2023-08-01
26407,2023-07-25 11:16:00,19900.0,19670.85,10856150,2528600,16.6,233.55,156100,36200,0.300658,-0.700641,0.00091376,0.00091826,13.813798,13.719248,2023-08-01
23783,2023-07-25 11:17:00,19400.0,19671.35,677350,5996100,292.6,9.25,4400,70750,0.777634,-0.21966,0.00075304,0.00075694,14.348241,14.174633,2023-08-01
18530,2023-07-25 11:17:00,19450.0,19671.35,239050,2871950,248.0,13.9,750,87750,0.739978,-0.254885,0.00082931,0.00084171,14.186186,13.83305,2023-08-01
13273,2023-07-25 11:17:00,19500.0,19671.35,2269800,7232200,206.0,21.05,17650,248850,0.697653,-0.296227,0.00089836,0.00092154,14.086314,13.605184,2023-08-01
8016,2023-07-25 11:17:00,19550.0,19671.35,618100,3473700,165.55,31.2,29250,121350,0.655088,-0.342031,0.0009772,0.00099419,13.673206,13.397166,2023-08-01
2755,2023-07-25 11:17:00,19600.0,19671.35,2606200,6578100,130.55,45.45,78850,234100,0.605038,-0.392292,0.00102377,0.0010505,13.640341,13.268316,2023-08-01
123,2023-07-25 11:17:00,19650.0,19671.35,3108600,4990800,99.05,64.4,118250,260850,0.553584,-0.44549,0.00106564,0.00108681,13.455111,13.188844,2023-08-01
5386,2023-07-25 11:17:00,19700.0,19671.35,13698400,10574700,72.8,88.1,303200,396250,0.499934,-0.500218,0.00108311,0.00110517,13.358778,13.092106,2023-08-01
10644,2023-07-25 11:17:00,19750.0,19671.35,6763350,3028450,52.35,118.05,137000,105100,0.446377,-0.554566,0.00106827,0.00108453,13.421749,13.216279,2023-08-01
15901,2023-07-25 11:17:00,19800.0,19671.35,14700550,5592050,36.85,152.25,254300,103750,0.395053,-0.607267,0.0010295,0.00104958,13.56533,13.28418,2023-08-01
21155,2023-07-25 11:17:00,19850.0,19671.35,7248350,1499500,25.0,190.85,103850,24700,0.346051,-0.656465,0.00097954,0.00099295,13.657273,13.436111,2023-08-01
26408,2023-07-25 11:17:00,19900.0,19671.35,10873850,2536500,16.75,232.95,131700,32900,0.301414,-0.700857,0.00091331,0.0009212,13.83659,13.671184,2023-08-01
23784,2023-07-25 11:18:00,19400.0,19668.05,677350,5996100,292.5,9.6,550,74500,0.759873,-0.222451,0.0007327,0.00076158,15.395847,14.193392,2023-08-01
18531,2023-07-25 11:18:00,19450.0,19668.05,239050,2871950,247.4,14.4,50,53350,0.728408,-0.257968,0.00081094,0.00084591,14.834489,13.853779,2023-08-01
13274,2023-07-25 11:18:00,19500.0,19668.05,2269800,7232200,204.15,21.75,11950,185450,0.692373,-0.29955,0.00089329,0.00092497,14.278758,13.626857,2023-08-01
8017,2023-07-25 11:18:00,19550.0,19668.05,618100,3473700,164.15,31.95,18100,92750,0.649771,-0.345126,0.00096797,0.00099912,13.884649,13.379229,2023-08-01
2756,2023-07-25 11:18:00,19600.0,19668.05,2606200,6578100,128.7,46.25,96800,173250,0.601267,-0.395357,0.00102226,0.00105748,13.698463,13.211985,2023-08-01
124,2023-07-25 11:18:00,19650.0,19668.05,3108600,4990800,97.55,65.4,100850,192550,0.549869,-0.448844,0.00106225,0.00109418,13.517467,13.11756,2023-08-01
5387,2023-07-25 11:18:00,19700.0,19668.05,13698400,10574700,71.55,89.5,266700,252750,0.496398,-0.503919,0.00107927,0.00111036,13.408713,13.033142,2023-08-01
10645,2023-07-25 11:18:00,19750.0,19668.05,6763350,3028450,51.3,119.15,91800,85150,0.443004,-0.558999,0.00106465,0.00109721,13.454329,13.045495,2023-08-01
15902,2023-07-25 11:18:00,19800.0,19668.05,14700550,5592050,35.85,153.85,209800,53650,0.391574,-0.612052,0.0010279,0.00105816,13.556053,13.133602,2023-08-01
21156,2023-07-25 11:18:00,19850.0,19668.05,7248350,1499500,24.45,192.5,120000,7300,0.343221,-0.66242,0.00097419,0.0010033,13.693047,13.211848,2023-08-01
26409,2023-07-25 11:18:00,19900.0,19668.05,10873850,2536500,16.3,234.7,141350,17250,0.298626,-0.70827,0.00090857,0.00093166,13.853392,13.365545,2023-08-01
23785,2023-07-25 11:19:00,19400.0,19668.1,677350,5996100,293.8,9.6,2650,39050,0.754143,-0.222466,0.00072212,0.00076144,15.82266,14.197369,2023-08-01
18532,2023-07-25 11:19:00,19450.0,19668.1,239050,2871950,246.05,14.45,50,83150,0.733744,-0.258201,0.00082483,0.00084517,14.440655,13.873054,2023-08-01
13275,2023-07-25 11:19:00,19500.0,19668.1,2269800,7232200,204.2,21.75,11400,92000,0.69236,-0.299553,0.00089301,0.00092472,14.284088,13.631166,2023-08-01
8018,2023-07-25 11:19:00,19550.0,19668.1,618100,3473700,164.45,31.95,18450,110300,0.649284,-0.34512,0.00096464,0.00099881,13.940163,13.383803,2023-08-01
2757,2023-07-25 11:19:00,19600.0,19668.1,2606200,6578100,128.8,46.3,120550,208900,0.601222,-0.395402,0.00102124,0.00105645,13.713091,13.225894,2023-08-01
125,2023-07-25 11:19:00,19650.0,19668.1,3108600,4990800,97.65,65.45,111850,197150,0.549877,-0.448836,0.00106116,0.00109308,13.531998,13.131398,2023-08-01
5388,2023-07-25 11:19:00,19700.0,19668.1,13698400,10574700,71.7,89.6,247650,289700,0.496468,-0.503847,0.00107743,0.00110847,13.432181,13.055944,2023-08-01
10646,2023-07-25 11:19:00,19750.0,19668.1,6763350,3028450,51.4,119.35,112250,71950,0.44313,-0.558738,0.00106343,0.00109381,13.470981,13.087823,2023-08-01
15903,2023-07-25 11:19:00,19800.0,19668.1,14700550,5592050,36.0,154.0,164400,57700,0.391858,-0.61167,0.00102597,0.00105544,13.58491,13.171854,2023-08-01
21157,2023-07-25 11:19:00,19850.0,19668.1,7248350,1499500,24.55,192.95,86700,9300,0.343519,-0.660986,0.00097293,0.00099624,13.715916,13.32795,2023-08-01
26410,2023-07-25 11:19:00,19900.0,19668.1,10873850,2536500,16.4,234.95,100100,13400,0.299049,-0.706977,0.00090733,0.00092759,13.881828,13.452446,2023-08-01
23786,2023-07-25 11:20:00,19400.0,19667.75,680900,5993700,292.1,9.6,6600,57250,0.760209,-0.222555,0.00073408,0.00076224,15.356952,14.186546,2023-08-01
18533,2023-07-25 11:20:00,19450.0,19667.75,238900,2894600,246.45,14.3,550,48950,0.7307,-0.257638,0.00081808,0.00084781,14.644432,13.815221,2023-08-01
13276,2023-07-25 11:20:00,19500.0,19667.75,2275900,7228800,204.2,21.7,15000,89550,0.691246,-0.299531,0.00089023,0.00092654,14.35247,13.604884,2023-08-01
8019,2023-07-25 11:20:00,19550.0,19667.75,623400,3485650,164.0,31.8,20400,76250,0.649299,-0.344973,0.00096719,0.00100224,13.904169,13.336765,2023-08-01
2758,2023-07-25 11:20:00,19600.0,19667.75,2662100,6671550,128.5,46.45,75050,173650,0.600935,-0.395822,0.00102227,0.00105625,13.702874,13.233092,2023-08-01
126,2023-07-25 11:20:00,19650.0,19667.75,3149900,5070400,97.5,65.65,101000,225600,0.549473,-0.44925,0.00106056,0.0010925,13.542155,13.140971,2023-08-01
5389,2023-07-25 11:20:00,19700.0,19667.75,13754850,10684350,71.45,89.7,239800,366850,0.496077,-0.50425,0.00107847,0.00110963,13.419981,13.042988,2023-08-01
10647,2023-07-25 11:20:00,19750.0,19667.75,6782750,3048100,51.35,119.5,91950,75500,0.44283,-0.559182,0.00106212,0.00109463,13.487134,13.076737,2023-08-01
15904,2023-07-25 11:20:00,19800.0,19667.75,14721300,5597400,35.8,154.2,122400,87500,0.391346,-0.612127,0.00102698,0.00105587,13.567533,13.162888,2023-08-01
21158,2023-07-25 11:20:00,19850.0,19667.75,7307700,1503550,24.45,192.45,57500,13800,0.343126,-0.663539,0.00097284,0.00100712,13.712153,13.146332,2023-08-01
26411,2023-07-25 11:20:00,19900.0,19667.75,10841200,2537350,16.3,234.45,88000,19000,0.29857,-0.710752,0.00090745,0.00093844,13.870855,13.217486,2023-08-01
23787,2023-07-25 11:21:00,19400.0,19666.65,680900,5993700,291.8,9.55,200,34400,0.756227,-0.222476,0.00072969,0.0007653,15.589584,14.128425,2023-08-01
18534,2023-07-25 11:21:00,19450.0,19666.65,238900,2894600,247.0,14.25,100,72200,0.724351,-0.257705,0.00080472,0.0008516,15.062456,13.757039,2023-08-01
13277,2023-07-25 11:21:00,19500.0,19666.65,2275900,7228800,204.0,21.7,22650,167850,0.68842,-0.299914,0.00088402,0.00093051,14.512252,13.556099,2023-08-01
8020,2023-07-25 11:21:00,19550.0,19666.65,623400,3485650,164.0,31.9,14800,75150,0.646684,-0.345697,0.00095864,0.00100583,14.067248,13.300971,2023-08-01
2759,2023-07-25 11:21:00,19600.0,19666.65,2662100,6671550,128.35,46.45,83300,216100,0.599138,-0.396514,0.00101595,0.00106215,13.805856,13.167129,2023-08-01
127,2023-07-25 11:21:00,19650.0,19666.65,3149900,5070400,97.55,65.7,102350,227900,0.54797,-0.450226,0.00105236,0.00109887,13.655441,13.070249,2023-08-01
5390,2023-07-25 11:21:00,19700.0,19666.65,13754850,10684350,71.45,89.65,247500,298200,0.494969,-0.505577,0.00107164,0.00111874,13.506579,12.937699,2023-08-01
10648,2023-07-25 11:21:00,19750.0,19666.65,6782750,3048100,51.2,119.55,125700,84600,0.441882,-0.560977,0.00105819,0.00110353,13.533877,12.963721,2023-08-01
15905,2023-07-25 11:21:00,19800.0,19666.65,14721300,5597400,35.95,154.15,152900,70500,0.39098,-0.614799,0.00101989,0.00106737,13.659651,12.9962,2023-08-01
21159,2023-07-25 11:21:00,19850.0,19666.65,7307700,1503550,24.5,192.55,72700,11900,0.342803,-0.666962,0.0009679,0.00101752,13.778684,12.961182,2023-08-01
26412,2023-07-25 11:21:00,19900.0,19666.65,10841200,2537350,16.35,234.7,90250,10350,0.298426,-0.714975,0.00090323,0.00094711,13.934,13.006885,2023-08-01
23788,2023-07-25 11:22:00,19400.0,19666.75,680900,5993700,290.65,9.5,300,36650,0.762114,-0.222175,0.00074004,0.00076549,15.169278,14.114675,2023-08-01
18535,2023-07-25 11:22:00,19450.0,19666.75,238900,2894600,247.0,14.35,200,29000,0.724694,-0.258152,0.00080533,0.00085014,15.042471,13.793565,2023-08-01
13278,2023-07-25 11:22:00,19500.0,19666.75,2275900,7228800,204.0,21.7,7800,95600,0.688691,-0.299901,0.00088466,0.00093008,14.496902,13.562712,2023-08-01
8021,2023-07-25 11:22:00,19550.0,19666.75,623400,3485650,164.1,31.85,4400,46400,0.646707,-0.345561,0.0009581,0.00100595,14.075429,13.298023,2023-08-01
2760,2023-07-25 11:22:00,19600.0,19666.75,2662100,6671550,128.85,46.4,50850,134900,0.598726,-0.396399,0.00101041,0.00106219,13.885753,13.166234,2023-08-01
128,2023-07-25 11:22:00,19650.0,19666.75,3149900,5070400,97.75,65.65,83250,145900,0.547996,-0.450119,0.00105035,0.00109881,13.682059,13.071076,2023-08-01
5391,2023-07-25 11:22:00,19700.0,19666.75,13754850,10684350,71.5,89.8,155650,244950,0.495076,-0.505434,0.00107144,0.00111572,13.509683,12.973345,2023-08-01
10649,2023-07-25 11:22:00,19750.0,19666.75,6782750,3048100,51.3,119.5,71750,94000,0.442047,-0.560851,0.00105724,0.00110328,13.547385,12.96783,2023-08-01
15906,2023-07-25 11:22:00,19800.0,19666.75,14721300,5597400,36.15,154.2,101700,64100,0.391372,-0.614464,0.00101755,0.00106556,13.695602,13.02216,2023-08-01
21160,2023-07-25 11:22:00,19850.0,19666.75,7307700,1503550,24.6,193.05,151700,12850,0.343122,-0.665123,0.00096684,0.00100888,13.799224,13.101166,2023-08-01
26413,2023-07-25 11:22:00,19900.0,19666.75,10841200,2537350,16.5,234.95,86100,14050,0.299056,-0.713318,0.00090152,0.00094226,13.97447,13.110516,2023-08-01
23789,2023-07-25 11:23:00,19400.0,19668.15,680850,5998900,293.5,9.5,1050,57850,0.755544,-0.221942,0.00072463,0.0007621,15.722647,14.168554,2023-08-01
18536,2023-07-25 11:23:00,19450.0,19668.15,239250,2915550,247.35,14.2,200,58200,0.728812,-0.257158,0.00081172,0.00084758,14.812759,13.807256,2023-08-01
13279,2023-07-25 11:23:00,19500.0,19668.15,2286550,7245900,206.0,21.55,14300,84550,0.687555,-0.298986,0.00087348,0.00092671,14.70521,13.59285,2023-08-01
8022,2023-07-25 11:23:00,19550.0,19668.15,629950,3504750,165.5,31.6,10550,75300,0.647312,-0.344412,0.0009522,0.0010028,14.153696,13.322878,2023-08-01
2761,2023-07-25 11:23:00,19600.0,19668.15,2681950,6698950,130.2,45.95,79500,161550,0.599615,-0.394965,0.00100393,0.00106051,13.967003,13.173745,2023-08-01
129,2023-07-25 11:23:00,19650.0,19668.15,3198950,5096050,99.2,64.95,167150,157650,0.549121,-0.44854,0.00104127,0.00109926,13.796338,13.058737,2023-08-01
5392,2023-07-25 11:23:00,19700.0,19668.15,13840800,10726100,72.9,88.5,249700,257000,0.496676,-0.503951,0.00106144,0.00112341,13.637202,12.884797,2023-08-01
10650,2023-07-25 11:23:00,19750.0,19668.15,6764150,3082350,52.4,118.15,102350,62650,0.444009,-0.559715,0.00104986,0.00111047,13.65209,12.889285,2023-08-01
15907,2023-07-25 11:23:00,19800.0,19668.15,14718950,5621200,36.85,152.65,144050,68450,0.39329,-0.61392,0.00101436,0.00107455,13.757052,12.918263,2023-08-01
21161,2023-07-25 11:23:00,19850.0,19668.15,7361000,1503500,25.25,191.9,264650,20700,0.345396,-0.66378,0.00096339,0.00101081,13.882699,13.09624,2023-08-01
26414,2023-07-25 11:23:00,19900.0,19668.15,10839000,2541450,16.85,234.0,98800,17450,0.30086,-0.710828,0.00090132,0.00094043,14.015371,13.189445,2023-08-01
23790,2023-07-25 11:24:00,19400.0,19668.55,680850,5998900,295.4,9.25,14850,64700,0.749177,-0.220338,0.00071156,0.00076338,16.233152,14.086593,2023-08-01
18537,2023-07-25 11:24:00,19450.0,19668.55,239250,2915550,250.4,13.8,800,46650,0.719669,-0.255255,0.00078533,0.00085077,15.562416,13.702722,2023-08-01
13280,2023-07-25 11:24:00,19500.0,19668.55,2286550,7245900,207.15,20.9,19400,137350,0.685741,-0.296789,0.00086426,0.00093315,14.899574,13.454119,2023-08-01
8023,2023-07-25 11:24:00,19550.0,19668.55,629950,3504750,167.3,30.85,29050,104900,0.644904,-0.342614,0.00093457,0.00101076,14.456186,13.192369,2023-08-01
2762,2023-07-25 11:24:00,19600.0,19668.55,2681950,6698950,131.4,45.05,100700,176500,0.598933,-0.393545,0.00099234,0.00107048,14.136831,13.038501,2023-08-01
130,2023-07-25 11:24:00,19650.0,19668.55,3198950,5096050,100.0,63.75,166750,225300,0.549241,-0.447516,0.00103385,0.00111339,13.895199,12.889032,2023-08-01
5393,2023-07-25 11:24:00,19700.0,19668.55,13840800,10726100,73.35,87.3,352350,365050,0.497133,-0.503641,0.00105788,0.00113773,13.683557,12.723058,2023-08-01
10651,2023-07-25 11:24:00,19750.0,19668.55,6764150,3082350,52.9,117.0,140100,128350,0.444716,-0.560083,0.00104526,0.00112392,13.715931,12.73351,2023-08-01
15908,2023-07-25 11:24:00,19800.0,19668.55,14718950,5621200,37.2,151.05,184250,108400,0.394075,-0.615895,0.00101141,0.00109492,13.805198,12.659201,2023-08-01
21162,2023-07-25 11:24:00,19850.0,19668.55,7361000,1503500,25.55,189.9,389300,17350,0.346335,-0.668427,0.00096085,0.00103698,13.933839,12.696377,2023-08-01
26415,2023-07-25 11:24:00,19900.0,19668.55,10839000,2541450,17.0,231.55,154400,22850,0.301572,-0.720472,0.00090056,0.000973,14.042455,12.543307,2023-08-01
23791,2023-07-25 11:25:00,19400.0,19669.75,680850,5998900,298.55,8.9,5350,87200,0.74184,-0.21791,0.00069402,0.00076365,16.896685,13.99207,2023-08-01
18538,2023-07-25 11:25:00,19450.0,19669.75,239250,2915550,252.0,13.3,800,70650,0.718654,-0.252638,0.00077855,0.00085271,15.72534,13.597583,2023-08-01
13281,2023-07-25 11:25:00,19500.0,19669.75,2286550,7245900,209.4,20.2,26000,168100,0.683518,-0.294102,0.00084974,0.00093736,15.199674,13.337589,2023-08-01
8024,2023-07-25 11:25:00,19550.0,19669.75,629950,3504750,169.7,29.8,21500,96250,0.643302,-0.33973,0.00091669,0.00101924,14.761367,13.040475,2023-08-01
2763,2023-07-25 11:25:00,19600.0,19669.75,2681950,6698950,133.1,43.75,135950,209350,0.599074,-0.391045,0.00098068,0.00108179,14.303362,12.879188,2023-08-01
131,2023-07-25 11:25:00,19650.0,19669.75,3198950,5096050,101.4,62.1,135950,255400,0.550104,-0.445497,0.0010244,0.00112901,14.019459,12.701845,2023-08-01
5394,2023-07-25 11:25:00,19700.0,19669.75,13840800,10726100,74.4,85.4,317000,349700,0.498456,-0.502433,0.00105144,0.00115652,13.767555,12.516471,2023-08-01
10652,2023-07-25 11:25:00,19750.0,19669.75,6764150,3082350,53.7,114.5,133400,88750,0.44625,-0.560333,0.00104095,0.00115125,13.779908,12.429925,2023-08-01
15909,2023-07-25 11:25:00,19800.0,19669.75,14718950,5621200,37.7,149.15,198750,101250,0.395539,-0.616512,0.00101005,0.00111221,13.837619,12.456209,2023-08-01
21163,2023-07-25 11:25:00,19850.0,19669.75,7361000,1503500,25.85,186.8,345700,9450,0.347611,-0.674132,0.00096132,0.00107367,13.945861,12.176895,2023-08-01
26416,2023-07-25 11:25:00,19900.0,19669.75,10839000,2541450,17.3,228.65,140850,18650,0.303096,-0.729399,0.00090041,0.0010059,14.076488,11.940511,2023-08-01
23792,2023-07-25 11:26:00,19400.0,19673.1,678250,5995850,297.6,8.9,18600,135600,0.760291,-0.217338,0.00072077,0.00075568,15.637903,14.116497,2023-08-01
18539,2023-07-25 11:26:00,19450.0,19673.1,239400,2918900,252.45,13.15,1800,123650,0.729392,-0.251149,0.00079666,0.00084439,15.074959,13.687198,2023-08-01
13282,2023-07-25 11:26:00,19500.0,19673.1,2283800,7269750,210.25,19.95,37900,177150,0.690944,-0.292204,0.00086444,0.00092808,14.787311,13.428869,2023-08-01
8025,2023-07-25 11:26:00,19550.0,19673.1,634050,3522450,170.0,29.4,37400,150400,0.650268,-0.337354,0.00093704,0.00100923,14.337447,13.132649,2023-08-01
2764,2023-07-25 11:26:00,19600.0,19673.1,2677600,6687900,133.4,43.1,168700,366200,0.60457,-0.38811,0.00100036,0.00107212,13.968872,12.965837,2023-08-01
132,2023-07-25 11:26:00,19650.0,19673.1,3172450,5092800,101.85,61.65,238750,321800,0.554322,-0.442382,0.00104056,0.00111288,13.780667,12.870004,2023-08-01
5395,2023-07-25 11:26:00,19700.0,19673.1,13902950,10750450,74.75,84.9,599850,541550,0.501891,-0.498467,0.00106682,0.00113686,13.567243,12.731449,2023-08-01
10653,2023-07-25 11:26:00,19750.0,19673.1,6732200,3040600,53.9,113.2,228900,122900,0.448964,-0.555742,0.00105568,0.00113957,13.598268,12.577135,2023-08-01
15910,2023-07-25 11:26:00,19800.0,19673.1,14711100,5601250,37.6,147.15,238750,106500,0.397329,-0.61196,0.00102628,0.00110798,13.633674,12.54557,2023-08-01
21164,2023-07-25 11:26:00,19850.0,19673.1,7493850,1503400,25.65,185.45,360400,22050,0.348598,-0.666084,0.00097659,0.00105508,13.740399,12.511695,2023-08-01
26417,2023-07-25 11:26:00,19900.0,19673.1,10795600,2540450,17.1,226.95,135950,29000,0.303495,-0.719227,0.00091359,0.00099053,13.879799,12.346296,2023-08-01
23793,2023-07-25 11:27:00,19400.0,19671.0,678250,5995850,297.25,8.9,4650,77900,0.752045,-0.217736,0.000711,0.00076061,16.147294,14.041955,2023-08-01
18540,2023-07-25 11:27:00,19450.0,19671.0,239400,2918900,251.5,13.4,950,74150,0.72473,-0.252862,0.00079121,0.00084778,15.310404,13.683538,2023-08-01
13283,2023-07-25 11:27:00,19500.0,19671.0,2283800,7269750,208.75,20.3,53550,121000,0.688648,-0.294074,0.00086485,0.00093137,14.830278,13.423278,2023-08-01
8026,2023-07-25 11:27:00,19550.0,19671.0,634050,3522450,168.15,30.0,18000,101300,0.648858,-0.33967,0.00094245,0.00101066,14.278142,13.150652,2023-08-01
2765,2023-07-25 11:27:00,19600.0,19671.0,2677600,6687900,131.95,43.9,96100,203850,0.602538,-0.390515,0.00100264,0.00107252,13.958555,12.985896,2023-08-01
133,2023-07-25 11:27:00,19650.0,19671.0,3172450,5092800,100.45,62.5,168700,253150,0.552241,-0.444695,0.00104394,0.00111458,13.7479,12.863109,2023-08-01
5396,2023-07-25 11:27:00,19700.0,19671.0,13902950,10750450,73.55,85.9,430000,369800,0.499629,-0.500869,0.00106958,0.00113862,13.534602,12.713862,2023-08-01
10654,2023-07-25 11:27:00,19750.0,19671.0,6732200,3040600,52.8,115.0,136500,86600,0.446513,-0.557711,0.001059,0.00113138,13.546761,12.661079,2023-08-01
15911,2023-07-25 11:27:00,19800.0,19671.0,14711100,5601250,37.05,149.0,271400,94350,0.395276,-0.613679,0.00102399,0.00110096,13.647249,12.611292,2023-08-01
21165,2023-07-25 11:27:00,19850.0,19671.0,7493850,1503400,25.15,187.85,219500,11100,0.346445,-0.666089,0.00097512,0.00104101,13.731861,12.682684,2023-08-01
26418,2023-07-25 11:27:00,19900.0,19671.0,10795600,2540450,16.7,229.05,102000,17150,0.301317,-0.719919,0.000912,0.0009827,13.861355,12.431783,2023-08-01
23794,2023-07-25 11:28:00,19400.0,19670.35,678250,5995850,297.55,9.0,350,83600,0.747976,-0.218522,0.00070481,0.00076123,16.431795,14.060849,2023-08-01
18541,2023-07-25 11:28:00,19450.0,19670.35,239400,2918900,252.75,13.45,900,45150,0.718232,-0.253277,0.00077543,0.00084911,15.801703,13.674982,2023-08-01
13284,2023-07-25 11:28:00,19500.0,19670.35,2283800,7269750,209.15,20.4,28200,109500,0.685728,-0.294637,0.00085606,0.00093245,15.04408,13.420579,2023-08-01
8027,2023-07-25 11:28:00,19550.0,19670.35,634050,3522450,168.7,30.1,18800,78950,0.646332,-0.3402,0.00093143,0.00101221,14.485597,13.139472,2023-08-01
2766,2023-07-25 11:28:00,19600.0,19670.35,2677600,6687900,132.1,43.95,121150,166000,0.601198,-0.390992,0.00099611,0.00107534,14.063869,12.957322,2023-08-01
134,2023-07-25 11:28:00,19650.0,19670.35,3172450,5092800,100.4,62.3,113550,175650,0.551386,-0.445129,0.00104012,0.00112172,13.803441,12.784229,2023-08-01
5397,2023-07-25 11:28:00,19700.0,19670.35,13902950,10750450,73.65,85.5,313050,320100,0.498975,-0.501696,0.00106419,0.00114977,13.6041,12.591499,2023-08-01
10655,2023-07-25 11:28:00,19750.0,19670.35,6732200,3040600,53.0,114.65,139300,69500,0.446177,-0.55914,0.00105278,0.00114284,13.626296,12.528527,2023-08-01
15912,2023-07-25 11:28:00,19800.0,19670.35,14711100,5601250,37.0,148.85,196550,66850,0.394836,-0.615563,0.0010216,0.00111029,13.676126,12.48837,2023-08-01
21166,2023-07-25 11:28:00,19850.0,19670.35,7493850,1503400,25.05,187.2,115600,6450,0.345925,-0.670492,0.00097387,0.00105926,13.742981,12.399551,2023-08-01
26419,2023-07-25 11:28:00,19900.0,19670.35,10795600,2540450,16.75,228.45,95700,11050,0.301312,-0.726889,0.00090918,0.0010012,13.905461,12.053214,2023-08-01
23795,2023-07-25 11:29:00,19400.0,19669.95,678250,5970250,296.55,8.95,1350,93500,0.750296,-0.218297,0.00071028,0.00076261,16.226696,14.028081,2023-08-01
18542,2023-07-25 11:29:00,19450.0,19669.95,238800,2932850,250.6,13.4,1350,54950,0.723878,-0.253158,0.00079238,0.00085082,15.313243,13.645167,2023-08-01
13285,2023-07-25 11:29:00,19500.0,19669.95,2305950,7245650,207.6,20.45,26700,94050,0.688505,-0.294953,0.00086908,0.00093324,14.763162,13.416758,2023-08-01
8028,2023-07-25 11:29:00,19550.0,19669.95,635850,3502400,167.4,30.2,15850,217800,0.64779,-0.34062,0.00094301,0.00101262,14.287431,13.141229,2023-08-01
2767,2023-07-25 11:29:00,19600.0,19669.95,2702400,6703450,131.35,44.15,98750,310700,0.601353,-0.391524,0.00100211,0.0010747,13.979234,12.970992,2023-08-01
135,2023-07-25 11:29:00,19650.0,19669.95,3172150,5104850,99.65,62.85,172150,185250,0.551238,-0.445816,0.00104671,0.00111639,13.718109,12.849213,2023-08-01
5398,2023-07-25 11:29:00,19700.0,19669.95,13990750,10737400,72.9,86.25,305850,356050,0.498485,-0.502094,0.00107143,0.00114163,13.513101,12.682125,2023-08-01
10656,2023-07-25 11:29:00,19750.0,19669.95,6769550,3050050,52.35,115.35,124750,62900,0.445365,-0.559184,0.00105916,0.00113566,13.541379,12.608399,2023-08-01
15913,2023-07-25 11:29:00,19800.0,19669.95,14743700,5583550,36.55,149.2,220800,76750,0.393912,-0.615892,0.00102571,0.00110894,13.613487,12.501312,2023-08-01
21167,2023-07-25 11:29:00,19850.0,19669.95,7519300,1511000,24.95,188.0,175550,13100,0.345514,-0.669366,0.00097358,0.00105085,13.741944,12.516775,2023-08-01
26420,2023-07-25 11:29:00,19900.0,19669.95,10798050,2543150,16.6,228.65,124200,16650,0.300633,-0.728164,0.00090978,0.00100312,13.883023,12.003072,2023-08-01
23796,2023-07-25 11:30:00,19400.0,19667.9,673250,5970250,292.0,9.25,8000,103150,0.761028,-0.220604,0.00073521,0.00076477,15.312087,14.075355,2023-08-01
18543,2023-07-25 11:30:00,19450.0,19667.9,238800,2932850,247.0,13.9,1700,68300,0.728873,-0.25601,0.00081279,0.00085132,14.796689,13.719364,2023-08-01
13286,2023-07-25 11:30:00,19500.0,19667.9,2305950,7245650,204.95,21.1,26600,125900,0.689381,-0.297769,0.00088213,0.0009327,14.529332,13.485323,2023-08-01
8029,2023-07-25 11:30:00,19550.0,19667.9,635850,3502400,164.4,31.1,50250,112250,0.648657,-0.343551,0.00096235,0.00100994,13.990011,13.221006,2023-08-01
2768,2023-07-25 11:30:00,19600.0,19667.9,2702400,6703450,127.95,45.2,156750,229600,0.601708,-0.394215,0.00102894,0.00107147,13.613521,13.036762,2023-08-01
136,2023-07-25 11:30:00,19650.0,19667.9,3172150,5104850,96.65,64.15,226100,251200,0.550036,-0.448347,0.00107125,0.00111146,13.411083,12.919154,2023-08-01
5399,2023-07-25 11:30:00,19700.0,19667.9,13990750,10737400,70.8,87.9,369850,351450,0.496127,-0.504354,0.0010867,0.00113347,13.324791,12.774713,2023-08-01
10657,2023-07-25 11:30:00,19750.0,19667.9,6769550,3050050,50.75,117.75,187100,105600,0.442497,-0.560487,0.0010697,0.00111809,13.396325,12.802156,2023-08-01
15914,2023-07-25 11:30:00,19800.0,19667.9,14743700,5583550,35.5,152.05,247400,68500,0.391059,-0.615587,0.00103054,0.00108577,13.524366,12.772995,2023-08-01
21168,2023-07-25 11:30:00,19850.0,19667.9,7519300,1511000,24.45,191.1,228000,11200,0.343361,-0.666971,0.00097239,0.00102534,13.728696,12.867001,2023-08-01
26421,2023-07-25 11:30:00,19900.0,19667.9,10798050,2543150,16.4,233.15,113550,19500,0.299216,-0.715953,0.00090579,0.00095574,13.916523,12.873166,2023-08-01
23797,2023-07-25 11:31:00,19400.0,19667.95,673250,5970250,294.05,9.1,450,71200,0.751916,-0.219669,0.00071837,0.00076599,15.991624,14.019402,2023-08-01
18544,2023-07-25 11:31:00,19450.0,19667.95,238800,2932850,248.6,13.7,1100,66250,0.7233,-0.255095,0.0007975,0.00085336,15.233656,13.661634,2023-08-01
13287,2023-07-25 11:31:00,19500.0,19667.95,2305950,7245650,206.5,20.85,11400,95900,0.685472,-0.296961,0.000866,0.00093555,14.88065,13.428172,2023-08-01
8030,2023-07-25 11:31:00,19550.0,19667.95,635850,3502400,166.0,30.75,9050,73250,0.645751,-0.342774,0.00094401,0.00101428,14.304688,13.153773,2023-08-01
2769,2023-07-25 11:31:00,19600.0,19667.95,2702400,6703450,130.0,44.85,53900,149750,0.599373,-0.393729,0.00100386,0.00107595,13.975828,12.97872,2023-08-01
137,2023-07-25 11:31:00,19650.0,19667.95,3172150,5104850,98.5,63.5,98550,160900,0.549141,-0.447934,0.00104759,0.00112033,13.718402,12.815745,2023-08-01
5400,2023-07-25 11:31:00,19700.0,19667.95,13990750,10737400,72.35,87.0,244900,329400,0.496392,-0.50443,0.00106625,0.0011464,13.580964,12.631253,2023-08-01
10658,2023-07-25 11:31:00,19750.0,19667.95,6769550,3050050,51.85,116.65,111500,86550,0.443456,-0.56143,0.00105501,0.00113428,13.588201,12.615274,2023-08-01
15915,2023-07-25 11:31:00,19800.0,19667.95,14743700,5583550,36.25,151.4,167950,55700,0.392317,-0.616683,0.00102048,0.00109531,13.670542,12.651656,2023-08-01
21169,2023-07-25 11:31:00,19850.0,19667.95,7519300,1511000,24.95,190.0,184950,19150,0.344686,-0.670231,0.00096578,0.00104206,13.843182,12.611585,2023-08-01
26422,2023-07-25 11:31:00,19900.0,19667.95,10798050,2543150,16.65,231.4,113000,8150,0.300208,-0.724605,0.00090261,0.00098286,13.987141,12.33205,2023-08-01
23798,2023-07-25 11:32:00,19400.0,19665.65,673250,6016250,294.2,9.3,4300,37700,0.741662,-0.221379,0.00070375,0.00076969,16.678191,14.016405,2023-08-01
18545,2023-07-25 11:32:00,19450.0,19665.65,238800,2920600,248.5,13.9,300,43000,0.715468,-0.256604,0.00078305,0.00085802,15.728192,13.631591,2023-08-01
13288,2023-07-25 11:32:00,19500.0,19665.65,2306350,7261800,205.0,21.1,6150,77550,0.682678,-0.298551,0.0008651,0.00094096,14.95468,13.385724,2023-08-01
8031,2023-07-25 11:32:00,19550.0,19665.65,641350,3605950,164.5,31.05,17100,89900,0.643254,-0.344489,0.00094413,0.00102083,14.340903,13.096115,2023-08-01
2770,2023-07-25 11:32:00,19600.0,19665.65,2704700,6707650,129.05,45.4,38600,126650,0.596455,-0.395905,0.0009989,0.00108116,14.073739,12.937805,2023-08-01
138,2023-07-25 11:32:00,19650.0,19665.65,3211600,5110400,97.7,64.3,70600,134650,0.546497,-0.450402,0.00104232,0.00112435,13.801145,12.782159,2023-08-01
5401,2023-07-25 11:32:00,19700.0,19665.65,14059450,10641500,71.5,87.95,178800,238700,0.493974,-0.507124,0.00106343,0.00115085,13.618213,12.583226,2023-08-01
10659,2023-07-25 11:32:00,19750.0,19665.65,6814050,3052750,51.35,117.85,78350,32950,0.441328,-0.564314,0.00104952,0.00113751,13.650841,12.567038,2023-08-01
15916,2023-07-25 11:32:00,19800.0,19665.65,14838700,5571300,35.85,152.55,135200,32250,0.390388,-0.620259,0.00101546,0.00110178,13.721353,12.543828,2023-08-01
21170,2023-07-25 11:32:00,19850.0,19665.65,7716350,1516850,24.45,190.95,71600,7950,0.342436,-0.675711,0.00096369,0.00105418,13.841344,12.3841,2023-08-01
26423,2023-07-25 11:32:00,19900.0,19665.65,10845950,2540750,16.35,233.3,76050,3650,0.298336,-0.727547,0.0008992,0.00098101,14.002751,12.291868,2023-08-01
23799,2023-07-25 11:33:00,19400.0,19661.8,676500,6016250,288.6,9.5,4750,94850,0.747658,-0.223363,0.00072576,0.00077725,15.978842,13.954342,2023-08-01
18546,2023-07-25 11:33:00,19450.0,19661.8,239800,2920600,244.05,14.3,1200,71450,0.716314,-0.259402,0.00079862,0.00086524,15.403362,13.597416,2023-08-01
13289,2023-07-25 11:33:00,19500.0,19661.8,2306350,7261800,201.2,21.7,15400,143900,0.681206,-0.301777,0.00087715,0.00094795,14.78178,13.354977,2023-08-01
8032,2023-07-25 11:33:00,19550.0,19661.8,641350,3605950,161.55,32.15,20950,106200,0.639894,-0.348641,0.00094953,0.001024,14.309317,13.11686,2023-08-01
2771,2023-07-25 11:33:00,19600.0,19661.8,2704700,6707650,126.15,46.8,119550,354500,0.593045,-0.40016,0.00100654,0.00108347,13.999922,12.950238,2023-08-01
139,2023-07-25 11:33:00,19650.0,19661.8,3211600,5110400,95.55,66.2,187600,292300,0.542487,-0.454831,0.00104395,0.00112328,13.79857,12.81453,2023-08-01
5402,2023-07-25 11:33:00,19700.0,19661.8,14059450,10641500,69.7,90.4,407450,452650,0.489869,-0.511473,0.00106393,0.0011456,13.612405,12.640831,2023-08-01
10660,2023-07-25 11:33:00,19750.0,19661.8,6814050,3052750,50.0,120.55,147600,95400,0.437334,-0.568478,0.0010474,0.00113247,13.660591,12.603756,2023-08-01
15917,2023-07-25 11:33:00,19800.0,19661.8,14838700,5571300,35.05,155.5,200650,102150,0.386947,-0.624292,0.00100908,0.00109659,13.776496,12.56468,2023-08-01
21171,2023-07-25 11:33:00,19850.0,19661.8,7716350,1516850,23.9,195.0,89100,23950,0.339393,-0.676657,0.00095662,0.00103429,13.899799,12.610155,2023-08-01
26424,2023-07-25 11:33:00,19900.0,19661.8,10845950,2540750,16.0,237.05,164350,17950,0.295767,-0.729318,0.00089171,0.0009687,14.068037,12.410679,2023-08-01
23800,2023-07-25 11:34:00,19400.0,19661.55,676500,6016250,290.0,9.5,950,82850,0.741103,-0.223434,0.00071292,0.00077784,16.487033,13.947147,2023-08-01
18547,2023-07-25 11:34:00,19450.0,19661.55,239800,2920600,244.0,14.3,850,68250,0.715577,-0.259487,0.00079733,0.00086597,15.448487,13.589138,2023-08-01
13290,2023-07-25 11:34:00,19500.0,19661.55,2306350,7261800,202.3,21.7,19000,106700,0.677868,-0.301881,0.00086392,0.00094884,15.07453,13.345306,2023-08-01
8033,2023-07-25 11:34:00,19550.0,19661.55,641350,3605950,162.4,32.0,16750,82700,0.637889,-0.348456,0.00093806,0.00102713,14.512844,13.075145,2023-08-01
2772,2023-07-25 11:34:00,19600.0,19661.55,2704700,6707650,126.6,46.6,88350,244300,0.592144,-0.400082,0.0009993,0.00108763,14.109852,12.900824,2023-08-01
140,2023-07-25 11:34:00,19650.0,19661.55,3211600,5110400,95.55,65.8,147850,299400,0.542162,-0.454866,0.00104219,0.00113075,13.8239,12.730772,2023-08-01
5403,2023-07-25 11:34:00,19700.0,19661.55,14059450,10641500,69.8,90.0,322550,408250,0.489649,-0.511896,0.00106102,0.00115369,13.650355,12.55255,2023-08-01
10661,2023-07-25 11:34:00,19750.0,19661.55,6814050,3052750,50.0,120.15,155800,73850,0.43716,-0.569363,0.001046,0.00114109,13.678847,12.504341,2023-08-01
15918,2023-07-25 11:34:00,19800.0,19661.55,14838700,5571300,35.0,155.45,323400,113850,0.386738,-0.625054,0.00100854,0.00110009,13.782595,12.517473,2023-08-01
21172,2023-07-25 11:34:00,19850.0,19661.55,7716350,1516850,23.95,193.45,141850,17400,0.339441,-0.683201,0.00095494,0.00106332,13.925761,12.162183,2023-08-01
26425,2023-07-25 11:34:00,19900.0,19661.55,10845950,2540750,16.0,236.3,116000,22300,0.29571,-0.735293,0.00089087,0.00098441,14.080992,12.076796,2023-08-01
23801,2023-07-25 11:35:00,19400.0,19665.3,676500,6012950,292.6,9.2,250,53350,0.746286,-0.220887,0.00071406,0.00077138,16.285722,13.970149,2023-08-01
18548,2023-07-25 11:35:00,19450.0,19665.3,239650,2934000,247.7,13.8,600,45750,0.716694,-0.256296,0.0007878,0.00086008,15.603698,13.592633,2023-08-01
13291,2023-07-25 11:35:00,19500.0,19665.3,2310750,7257450,205.0,21.05,18550,115800,0.681625,-0.298565,0.00086235,0.00094271,15.025957,13.36328,2023-08-01
8034,2023-07-25 11:35:00,19550.0,19665.3,644450,3623850,165.15,31.0,13950,93650,0.641278,-0.344587,0.00093397,0.0010229,14.527135,13.073134,2023-08-01
2773,2023-07-25 11:35:00,19600.0,19665.3,2685650,6759000,129.0,45.35,71750,196900,0.595871,-0.396095,0.00099667,0.00108358,14.112808,12.912731,2023-08-01
141,2023-07-25 11:35:00,19650.0,19665.3,3221650,5095350,97.6,64.25,150450,211700,0.546066,-0.450703,0.00104086,0.00112719,13.824492,12.75321,2023-08-01
5404,2023-07-25 11:35:00,19700.0,19665.3,14075650,10556650,71.65,88.05,248000,260300,0.493652,-0.507549,0.001059,0.00115194,13.677286,12.573083,2023-08-01
10662,2023-07-25 11:35:00,19750.0,19665.3,6846000,3059050,51.5,118.0,114500,57800,0.441214,-0.564781,0.00104535,0.00113828,13.706934,12.558194,2023-08-01
15919,2023-07-25 11:35:00,19800.0,19665.3,14766550,5600000,36.0,152.75,239250,87600,0.390473,-0.620745,0.00101157,0.0011022,13.777233,12.536259,2023-08-01
21173,2023-07-25 11:35:00,19850.0,19665.3,7809300,1519900,24.8,190.95,252550,16700,0.343244,-0.677061,0.00095748,0.0010584,13.945926,12.315506,2023-08-01
26426,2023-07-25 11:35:00,19900.0,19665.3,10839250,2544250,16.5,232.7,108800,14150,0.298863,-0.733205,0.00089594,0.00099578,14.067343,11.984796,2023-08-01
23802,2023-07-25 11:36:00,19400.0,19663.2,676700,6012950,295.35,9.3,50,67800,0.728741,-0.221929,0.00068176,0.00077558,17.654226,13.934209,2023-08-01
18549,2023-07-25 11:36:00,19450.0,19663.2,239650,2934000,246.65,14.1,1050,81650,0.712849,-0.258215,0.00078363,0.00086306,15.790312,13.600476,2023-08-01
13292,2023-07-25 11:36:00,19500.0,19663.2,2310750,7257450,204.0,21.2,15400,81100,0.678271,-0.299771,0.00085788,0.00094874,15.172935,13.304813,2023-08-01
8035,2023-07-25 11:36:00,19550.0,19663.2,644450,3623850,164.05,31.2,14600,76150,0.638605,-0.346003,0.0009312,0.00103002,14.609958,13.004676,2023-08-01
2774,2023-07-25 11:36:00,19600.0,19663.2,2685650,6759000,127.7,45.95,107750,181600,0.593713,-0.398219,0.00099739,0.00108708,14.123636,12.891634,2023-08-01
142,2023-07-25 11:36:00,19650.0,19663.2,3221650,5095350,97.35,64.9,125900,164150,0.543482,-0.452929,0.00103031,0.00113219,13.978562,12.707546,2023-08-01
5405,2023-07-25 11:36:00,19700.0,19663.2,14075650,10556650,71.35,89.05,299250,242900,0.491557,-0.510004,0.00105046,0.00115414,13.789341,12.549441,2023-08-01
10663,2023-07-25 11:36:00,19750.0,19663.2,6846000,3059050,51.2,119.0,112600,56050,0.439429,-0.567549,0.00103844,0.00114289,13.790849,12.494723,2023-08-01
15920,2023-07-25 11:36:00,19800.0,19663.2,14766550,5600000,35.9,153.9,173050,73000,0.389162,-0.623893,0.00100362,0.00110676,13.875216,12.454355,2023-08-01
21174,2023-07-25 11:36:00,19850.0,19663.2,7809300,1519900,24.65,193.0,180000,34950,0.341995,-0.678127,0.00095163,0.00105001,14.014479,12.398905,2023-08-01
26427,2023-07-25 11:36:00,19900.0,19663.2,10839250,2544250,16.4,234.5,80050,10550,0.297829,-0.735712,0.00089066,0.00099309,14.130561,11.961701,2023-08-01
23803,2023-07-25 11:37:00,19400.0,19663.95,676700,6012950,292.65,9.25,150,49500,0.740571,-0.2215,0.00070575,0.00077417,16.672733,13.944311,2023-08-01
18550,2023-07-25 11:37:00,19450.0,19663.95,239650,2934000,247.4,13.9,1450,56600,0.713017,-0.257135,0.0007816,0.00086299,15.826972,13.572186,2023-08-01
13293,2023-07-25 11:37:00,19500.0,19663.95,2310750,7257450,204.75,21.05,7700,60050,0.678502,-0.299055,0.00085538,0.00094771,15.212865,13.304907,2023-08-01
8036,2023-07-25 11:37:00,19550.0,19663.95,644450,3623850,165.1,31.1,13250,76100,0.638427,-0.345455,0.00092486,0.00102774,14.712843,13.025954,2023-08-01
2775,2023-07-25 11:37:00,19600.0,19663.95,2685650,6759000,129.15,45.5,34950,133250,0.593429,-0.39717,0.00098543,0.00108903,14.297622,12.859631,2023-08-01
143,2023-07-25 11:37:00,19650.0,19663.95,3221650,5095350,98.2,64.4,64400,137550,0.544058,-0.451998,0.0010246,0.0011342,14.054243,12.681616,2023-08-01
5406,2023-07-25 11:37:00,19700.0,19663.95,14075650,10556650,71.95,88.1,175650,165650,0.492392,-0.509256,0.00104705,0.00116236,13.834972,12.461383,2023-08-01
10664,2023-07-25 11:37:00,19750.0,19663.95,6846000,3059050,51.8,118.05,66700,40950,0.440493,-0.567173,0.00103436,0.00115054,13.851085,12.413876,2023-08-01
15921,2023-07-25 11:37:00,19800.0,19663.95,14766550,5600000,36.25,152.7,106400,58400,0.390156,-0.624402,0.00100219,0.00111802,13.905337,12.323838,2023-08-01
21175,2023-07-25 11:37:00,19850.0,19663.95,7809300,1519900,24.85,192.95,78850,5500,0.34284,-0.675383,0.00095167,0.00104163,14.027097,12.542622,2023-08-01
26428,2023-07-25 11:37:00,19900.0,19663.95,10839250,2544250,16.6,233.1,81950,9200,0.298854,-0.739671,0.00089034,0.00100745,14.157907,11.700533,2023-08-01
23804,2023-07-25 11:38:00,19400.0,19666.85,676700,6017200,293.9,9.1,500,52350,0.747491,-0.220041,0.00071259,0.00076845,16.279776,13.993701,2023-08-01
18551,2023-07-25 11:38:00,19450.0,19666.85,238800,2962850,248.9,13.7,200,36100,0.71812,-0.255521,0.00078672,0.00085636,15.588383,13.631098,2023-08-01
13294,2023-07-25 11:38:00,19500.0,19666.85,2310000,7285200,206.45,20.85,8750,77200,0.682312,-0.297462,0.00085808,0.0009392,15.087945,13.391515,2023-08-01
8037,2023-07-25 11:38:00,19550.0,19666.85,647800,3662400,166.3,30.6,10650,78250,0.642606,-0.343048,0.00093188,0.00102082,14.541904,13.078553,2023-08-01
2776,2023-07-25 11:38:00,19600.0,19666.85,2707350,6765700,130.35,44.85,46500,149750,0.596984,-0.394495,0.00099108,0.0010815,14.183281,12.924071,2023-08-01
144,2023-07-25 11:38:00,19650.0,19666.85,3196600,5153800,98.8,63.7,68750,173800,0.547492,-0.449053,0.00103565,0.00112424,13.889076,12.78089,2023-08-01
5407,2023-07-25 11:38:00,19700.0,19666.85,14052650,10585950,72.4,87.55,169150,178650,0.495297,-0.50571,0.00105807,0.00114642,13.691064,12.635448,2023-08-01
10665,2023-07-25 11:38:00,19750.0,19666.85,6841700,3074100,52.2,117.25,95850,33600,0.442961,-0.562763,0.00104377,0.00113483,13.737495,12.607498,2023-08-01
15922,2023-07-25 11:38:00,19800.0,19666.85,14760450,5624850,36.45,151.85,109400,49850,0.392099,-0.618541,0.00101209,0.00109951,13.787193,12.589913,2023-08-01
21176,2023-07-25 11:38:00,19850.0,19666.85,7862200,1519350,25.05,190.0,48300,6900,0.344589,-0.674302,0.00095963,0.001055,13.935924,12.399306,2023-08-01
26429,2023-07-25 11:38:00,19900.0,19666.85,10827300,2545200,16.75,232.3,70800,7850,0.300376,-0.726038,0.0008973,0.00098199,14.079037,12.31607,2023-08-01
23805,2023-07-25 11:39:00,19400.0,19668.55,676550,6017200,295.9,8.8,8150,80850,0.746603,-0.217819,0.0007066,0.00076706,16.447302,13.936918,2023-08-01
18552,2023-07-25 11:39:00,19450.0,19668.55,238800,2962850,250.6,13.35,1000,41300,0.718527,-0.253484,0.00078224,0.00085513,15.666123,13.59313,2023-08-01
13295,2023-07-25 11:39:00,19500.0,19668.55,2310000,7285200,207.35,20.25,21200,121850,0.684823,-0.29494,0.00086067,0.00094032,14.99127,13.322897,2023-08-01
8038,2023-07-25 11:39:00,19550.0,19668.55,647800,3662400,167.4,29.95,19400,82850,0.6444,-0.340837,0.00093168,0.00102165,14.518821,13.035531,2023-08-01
2777,2023-07-25 11:39:00,19600.0,19668.55,2707350,6765700,131.15,44.0,79300,313850,0.598988,-0.392297,0.00099331,0.00108375,14.132761,12.876919,2023-08-01
145,2023-07-25 11:39:00,19650.0,19668.55,3196600,5153800,99.4,62.5,121900,185150,0.549418,-0.446875,0.00103917,0.00112999,13.833365,12.706169,2023-08-01
5408,2023-07-25 11:39:00,19700.0,19668.55,14052650,10585950,72.9,86.0,221450,210850,0.497057,-0.503854,0.00106157,0.00115589,13.645957,12.532223,2023-08-01
10666,2023-07-25 11:39:00,19750.0,19668.55,6841700,3074100,52.5,115.55,86200,55250,0.44448,-0.561409,0.00104848,0.00114502,13.6826,12.501549,2023-08-01
15923,2023-07-25 11:39:00,19800.0,19668.55,14760450,5624850,36.8,149.9,155500,64450,0.393624,-0.618026,0.00101487,0.00111227,13.763759,12.450075,2023-08-01
21177,2023-07-25 11:39:00,19850.0,19668.55,7862200,1519350,25.1,188.65,114950,19100,0.345459,-0.672376,0.00096523,0.00105661,13.867692,12.409733,2023-08-01
26430,2023-07-25 11:39:00,19900.0,19668.55,10827300,2545200,16.75,229.95,79150,13650,0.300951,-0.729184,0.00090255,0.00099935,14.008806,12.032409,2023-08-01
23806,2023-07-25 11:40:00,19400.0,19665.8,676550,6017200,295.7,8.95,500,106150,0.736564,-0.219318,0.00069268,0.00077234,17.122209,13.898994,2023-08-01
18553,2023-07-25 11:40:00,19450.0,19665.8,238800,2962850,248.0,13.6,850,28100,0.717299,-0.255354,0.0007879,0.0008606,15.58907,13.561369,2023-08-01
13296,2023-07-25 11:40:00,19500.0,19665.8,2310000,7285200,205.45,20.65,19700,73050,0.681781,-0.297192,0.00086073,0.00094556,15.054352,13.297955,2023-08-01
8039,2023-07-25 11:40:00,19550.0,19665.8,647800,3662400,165.15,30.65,30100,43850,0.642267,-0.343667,0.00093694,0.0010249,14.470439,13.037361,2023-08-01
2778,2023-07-25 11:40:00,19600.0,19665.8,2707350,6765700,129.5,44.9,63550,124800,0.596102,-0.395243,0.00099357,0.0010866,14.157884,12.87203,2023-08-01
146,2023-07-25 11:40:00,19650.0,19665.8,3196600,5153800,97.95,63.85,106500,158850,0.546513,-0.450072,0.00103907,0.00112909,13.849543,12.732082,2023-08-01
5409,2023-07-25 11:40:00,19700.0,19665.8,14052650,10585950,71.45,87.5,260600,218750,0.494107,-0.507033,0.00106385,0.0011557,13.618198,12.535247,2023-08-01
10667,2023-07-25 11:40:00,19750.0,19665.8,6841700,3074100,51.4,117.3,94350,42800,0.441529,-0.564576,0.00104857,0.001144,13.66946,12.499129,2023-08-01
15924,2023-07-25 11:40:00,19800.0,19665.8,14760450,5624850,35.9,151.95,139000,54350,0.390649,-0.621032,0.0010145,0.00110929,13.742192,12.455878,2023-08-01
21178,2023-07-25 11:40:00,19850.0,19665.8,7862200,1519350,24.5,190.3,98000,5450,0.342767,-0.677346,0.00096277,0.00106296,13.864904,12.260905,2023-08-01
26431,2023-07-25 11:40:00,19900.0,19665.8,10827300,2545200,16.35,231.75,93000,15850,0.298555,-0.735844,0.00089901,0.00100555,14.01564,11.811221,2023-08-01
23807,2023-07-25 11:41:00,19400.0,19665.45,676550,6014200,295.6,8.95,3350,44950,0.735594,-0.219407,0.00069146,0.00077317,17.18577,13.888221,2023-08-01
18554,2023-07-25 11:41:00,19450.0,19665.45,238800,2967950,249.0,13.6,300,41400,0.712984,-0.255462,0.00077653,0.00086162,15.93311,13.549126,2023-08-01
13297,2023-07-25 11:41:00,19500.0,19665.45,2310850,7341700,206.0,20.55,10450,76150,0.679493,-0.296997,0.0008527,0.0009481,15.242912,13.259184,2023-08-01
8040,2023-07-25 11:41:00,19550.0,19665.45,652650,3683450,165.95,30.4,10950,105750,0.64011,-0.343284,0.00092554,0.00102989,14.680137,12.969524,2023-08-01
2779,2023-07-25 11:41:00,19600.0,19665.45,2725150,6717650,130.1,44.45,48650,146450,0.594859,-0.394872,0.00098406,0.00109496,14.306691,12.771356,2023-08-01
147,2023-07-25 11:41:00,19650.0,19665.45,3169400,5250700,98.55,63.4,91800,177300,0.545779,-0.450135,0.0010293,0.00113808,13.984867,12.632571,2023-08-01
5410,2023-07-25 11:41:00,19700.0,19665.45,14037450,10615550,72.3,87.05,170850,205500,0.493904,-0.507563,0.00105073,0.00116554,13.789048,12.429961,2023-08-01
10668,2023-07-25 11:41:00,19750.0,19665.45,6820750,3080900,52.0,116.9,74450,55450,0.44178,-0.565616,0.00103882,0.00115375,13.799883,12.388998,2023-08-01
15925,2023-07-25 11:41:00,19800.0,19665.45,14758150,5642750,36.25,151.15,121200,59550,0.391033,-0.623613,0.00100822,0.00112651,13.832548,12.240366,2023-08-01
21179,2023-07-25 11:41:00,19850.0,19665.45,7815450,1515450,24.8,190.2,47650,3800,0.34341,-0.679103,0.00095742,0.00106912,13.953238,12.163389,2023-08-01
26432,2023-07-25 11:41:00,19900.0,19665.45,10782400,2545150,16.6,232.65,46750,8500,0.29942,-0.732547,0.00089463,0.00099453,14.103766,12.018209,2023-08-01
23808,2023-07-25 11:42:00,19400.0,19661.75,674550,6014200,290.0,9.3,2750,66750,0.741606,-0.222347,0.00071352,0.00077899,16.462874,13.893053,2023-08-01
18555,2023-07-25 11:42:00,19450.0,19661.75,238500,2967950,244.05,14.2,1150,67850,0.715847,-0.259166,0.0007975,0.00086611,15.444013,13.58336,2023-08-01
13298,2023-07-25 11:42:00,19500.0,19661.75,2310850,7341700,201.9,21.4,17150,130000,0.679136,-0.30102,0.00086856,0.00095136,14.974981,13.297873,2023-08-01
8041,2023-07-25 11:42:00,19550.0,19661.75,652650,3683450,162.6,31.6,33750,80400,0.637816,-0.347636,0.00093629,0.00103097,14.546736,13.020101,2023-08-01
2780,2023-07-25 11:42:00,19600.0,19661.75,2725150,6717650,126.5,46.8,110050,341850,0.592467,-0.400292,0.0010008,0.00108291,14.091263,12.963712,2023-08-01
148,2023-07-25 11:42:00,19650.0,19661.75,3169400,5250700,95.6,66.05,87950,284200,0.542337,-0.454858,0.00104174,0.00112491,13.834489,12.801694,2023-08-01
5411,2023-07-25 11:42:00,19700.0,19661.75,14037450,10615550,69.7,90.25,286800,355250,0.489818,-0.511585,0.00106236,0.00114741,13.638382,12.626258,2023-08-01
10669,2023-07-25 11:42:00,19750.0,19661.75,6820750,3080900,49.95,120.95,159000,89250,0.437311,-0.568119,0.00104661,0.00112599,13.676788,12.683838,2023-08-01
15926,2023-07-25 11:42:00,19800.0,19661.75,14758150,5642750,34.9,155.8,185750,100650,0.386778,-0.623752,0.00100978,0.00109174,13.771203,12.6317,2023-08-01
21180,2023-07-25 11:42:00,19850.0,19661.75,7815450,1515450,23.85,193.7,75800,22300,0.339397,-0.681402,0.00095619,0.00105611,13.912185,12.279129,2023-08-01
26433,2023-07-25 11:42:00,19900.0,19661.75,10782400,2545150,15.95,237.9,103100,23150,0.295748,-0.724927,0.00089148,0.00095562,14.077499,12.687005,2023-08-01
23809,2023-07-25 11:43:00,19400.0,19659.55,674550,6014200,285.85,9.6,8750,204800,0.748888,-0.224648,0.00073419,0.0007816,15.764167,13.930325,2023-08-01
18556,2023-07-25 11:43:00,19450.0,19659.55,238500,2967950,240.7,14.6,3050,190250,0.718998,-0.261534,0.00081447,0.00086831,15.043793,13.614785,2023-08-01
13299,2023-07-25 11:43:00,19500.0,19659.55,2310850,7341700,198.55,22.15,56500,297800,0.681135,-0.304144,0.00088795,0.00095024,14.612027,13.377535,2023-08-01
8042,2023-07-25 11:43:00,19550.0,19659.55,652650,3683450,158.75,32.65,47250,191550,0.639593,-0.350896,0.00096411,0.0010271,14.105525,13.115814,2023-08-01
2781,2023-07-25 11:43:00,19600.0,19659.55,2725150,6717650,123.7,47.65,241450,411550,0.591694,-0.402773,0.00101908,0.00108361,13.847192,12.978151,2023-08-01
149,2023-07-25 11:43:00,19650.0,19659.55,3169400,5250700,93.3,67.5,245300,500500,0.540472,-0.457548,0.00105625,0.00111913,13.653241,12.879431,2023-08-01
5412,2023-07-25 11:43:00,19700.0,19659.55,14037450,10615550,67.75,91.95,639650,752200,0.487241,-0.513977,0.00107484,0.00114,13.479701,12.707944,2023-08-01
10670,2023-07-25 11:43:00,19750.0,19659.55,6820750,3080900,48.45,122.75,200600,180000,0.434339,-0.570203,0.00105517,0.00111929,13.551538,12.749954,2023-08-01
15927,2023-07-25 11:43:00,19800.0,19659.55,14758150,5642750,33.8,158.15,311800,198200,0.383695,-0.62467,0.00101478,0.00107845,13.673362,12.779697,2023-08-01
21181,2023-07-25 11:43:00,19850.0,19659.55,7815450,1515450,23.1,197.4,123300,34600,0.336475,-0.677023,0.00095797,0.00102208,13.842195,12.762501,2023-08-01
26434,2023-07-25 11:43:00,19900.0,19659.55,10782400,2545150,15.45,239.65,209900,40550,0.293083,-0.728038,0.00089109,0.00095501,14.027052,12.625806,2023-08-01
23810,2023-07-25 11:44:00,19400.0,19659.4,677600,5971450,285.65,9.75,1250,71000,0.749029,-0.225614,0.00073488,0.0007805,15.74562,13.984633,2023-08-01
18557,2023-07-25 11:44:00,19450.0,19659.4,238550,2930700,240.15,14.75,750,45950,0.720285,-0.262255,0.00081876,0.000867,14.932544,13.655336,2023-08-01
13300,2023-07-25 11:44:00,19500.0,19659.4,2317450,7307600,198.3,22.3,22600,138050,0.681303,-0.304677,0.00088944,0.00094885,14.585153,13.408283,2023-08-01
8043,2023-07-25 11:44:00,19550.0,19659.4,654150,3655000,158.65,33.0,15450,151300,0.639414,-0.351702,0.00096403,0.00102302,14.1098,13.179812,2023-08-01
2782,2023-07-25 11:44:00,19600.0,19659.4,2700850,6765350,123.6,47.95,121600,268600,0.591532,-0.403242,0.0010191,0.0010802,13.849001,13.023738,2023-08-01
150,2023-07-25 11:44:00,19650.0,19659.4,3177500,5128500,93.05,68.0,153350,277350,0.540374,-0.457916,0.00105832,0.00111292,13.627652,12.953287,2023-08-01
5413,2023-07-25 11:44:00,19700.0,19659.4,14088400,10543350,67.95,92.4,320100,378600,0.487148,-0.514047,0.00107115,0.00113442,13.526824,12.771042,2023-08-01
10671,2023-07-25 11:44:00,19750.0,19659.4,6876600,3038400,48.65,123.35,114700,92700,0.434428,-0.569829,0.00105158,0.00111154,13.599009,12.841754,2023-08-01
15928,2023-07-25 11:44:00,19800.0,19659.4,14791150,5584850,33.9,158.7,147600,137500,0.383803,-0.623932,0.00101266,0.00107148,13.703899,12.871414,2023-08-01
21182,2023-07-25 11:44:00,19850.0,19659.4,7829900,1527250,23.25,197.95,91750,18100,0.336843,-0.675736,0.00095533,0.00101516,13.887204,12.87132,2023-08-01
26435,2023-07-25 11:44:00,19900.0,19659.4,10816300,2537950,15.6,240.5,114250,17750,0.293663,-0.724332,0.00088863,0.00094364,14.079642,12.864476,2023-08-01
23811,2023-07-25 11:45:00,19400.0,19659.15,677600,5971450,285.0,9.75,8250,144500,0.750651,-0.225686,0.00073878,0.0007811,15.609636,13.977379,2023-08-01
18558,2023-07-25 11:45:00,19450.0,19659.15,238550,2930700,239.55,14.65,1500,89000,0.721396,-0.261901,0.00082289,0.00086888,14.82984,13.617176,2023-08-01
13301,2023-07-25 11:45:00,19500.0,19659.15,2317450,7307600,199.25,22.15,39400,188350,0.678266,-0.304321,0.00087739,0.00095165,14.845127,13.362714,2023-08-01
8044,2023-07-25 11:45:00,19550.0,19659.15,654150,3655000,159.4,32.85,15550,115150,0.637554,-0.351529,0.00095335,0.00102614,14.29389,13.138179,2023-08-01
2783,2023-07-25 11:45:00,19600.0,19659.15,2700850,6765350,124.7,47.8,120550,335750,0.589972,-0.403237,0.00100387,0.00108364,14.072966,12.98315,2023-08-01
151,2023-07-25 11:45:00,19650.0,19659.15,3177500,5128500,93.95,67.7,360300,479200,0.539698,-0.458015,0.00104513,0.00111883,13.80294,12.886001,2023-08-01
5414,2023-07-25 11:45:00,19700.0,19659.15,14088400,10543350,68.8,92.35,269750,652600,0.487123,-0.514385,0.00105842,0.00113714,13.690261,12.740974,2023-08-01
10672,2023-07-25 11:45:00,19750.0,19659.15,6876600,3038400,49.35,122.7,163950,152800,0.434916,-0.570985,0.00104093,0.00112371,13.741818,12.69682,2023-08-01
15929,2023-07-25 11:45:00,19800.0,19659.15,14791150,5584850,34.6,158.0,200500,146500,0.384898,-0.626022,0.00100217,0.00108497,13.859881,12.689953,2023-08-01
21183,2023-07-25 11:45:00,19850.0,19659.15,7829900,1527250,23.95,197.6,388050,25200,0.33865,-0.677857,0.00094516,0.00102351,14.066471,12.732513,2023-08-01
26436,2023-07-25 11:45:00,19900.0,19659.15,10816300,2537950,15.95,239.35,149150,31200,0.294999,-0.732122,0.00088335,0.00096478,14.194429,12.405185,2023-08-01
23812,2023-07-25 11:46:00,19400.0,19660.9,677600,5971450,288.05,9.6,450,89000,0.745559,-0.224466,0.00072393,0.00077813,16.100153,13.987052,2023-08-01
18559,2023-07-25 11:46:00,19450.0,19660.9,238550,2930700,242.25,14.6,1550,69600,0.718586,-0.26126,0.00080852,0.00086397,15.166448,13.676921,2023-08-01
13302,2023-07-25 11:46:00,19500.0,19660.9,2317450,7307600,199.6,21.95,19700,140150,0.682271,-0.30312,0.00088626,0.00094737,14.619077,13.398798,2023-08-01
8045,2023-07-25 11:46:00,19550.0,19660.9,654150,3655000,159.85,32.5,11800,173250,0.6406,-0.349998,0.00096094,0.00102247,14.139448,13.164016,2023-08-01
2784,2023-07-25 11:46:00,19600.0,19660.9,2700850,6765350,124.75,47.35,100050,215400,0.592822,-0.401564,0.00101541,0.00107974,13.888802,13.015624,2023-08-01
152,2023-07-25 11:46:00,19650.0,19660.9,3177500,5128500,94.3,67.15,225350,270000,0.541766,-0.456179,0.00105198,0.00111455,13.705148,12.928588,2023-08-01
5415,2023-07-25 11:46:00,19700.0,19660.9,14088400,10543350,68.9,91.5,364900,364300,0.488819,-0.512364,0.00106723,0.00113528,13.578441,12.763433,2023-08-01
10673,2023-07-25 11:46:00,19750.0,19660.9,6876600,3038400,49.45,122.1,127800,82450,0.436268,-0.568435,0.00104835,0.00111615,13.651638,12.796871,2023-08-01
15930,2023-07-25 11:46:00,19800.0,19660.9,14791150,5584850,34.65,157.15,189950,98800,0.38594,-0.623187,0.00100893,0.00107941,13.777372,12.785062,2023-08-01
21184,2023-07-25 11:46:00,19850.0,19660.9,7829900,1527250,23.85,196.3,117850,12750,0.339117,-0.675601,0.00095268,0.00102357,13.962285,12.767955,2023-08-01
26437,2023-07-25 11:46:00,19900.0,19660.9,10816300,2537950,16.0,238.1,119950,14300,0.295764,-0.728725,0.00088792,0.00096287,14.13752,12.508018,2023-08-01
23813,2023-07-25 11:47:00,19400.0,19655.95,680250,5968800,281.6,9.85,3800,99000,0.750781,-0.226953,0.00074768,0.00078816,15.423668,13.89968,2023-08-01
18560,2023-07-25 11:47:00,19450.0,19655.95,238300,2914150,237.4,15.1,1550,68950,0.716893,-0.264729,0.00082125,0.00087365,14.97897,13.620893,2023-08-01
13303,2023-07-25 11:47:00,19500.0,19655.95,2317000,7269750,195.0,22.95,21200,146700,0.679628,-0.307903,0.00089947,0.00095379,14.458947,13.40531,2023-08-01
8046,2023-07-25 11:47:00,19550.0,19655.95,661100,3624150,155.8,33.85,20050,94750,0.636677,-0.355106,0.00097141,0.00102782,14.04336,13.167739,2023-08-01
2785,2023-07-25 11:47:00,19600.0,19655.95,2734000,6703400,121.3,49.5,79950,207750,0.588091,-0.407354,0.00102245,0.00107836,13.83589,13.083402,2023-08-01
153,2023-07-25 11:47:00,19650.0,19655.95,3274150,5163900,91.3,69.7,140700,239500,0.536662,-0.461821,0.0010576,0.00111224,13.653718,12.978224,2023-08-01
5416,2023-07-25 11:47:00,19700.0,19655.95,14144800,10471250,66.6,94.85,305450,421800,0.483507,-0.517794,0.00106821,0.00112629,13.563804,12.862567,2023-08-01
10674,2023-07-25 11:47:00,19750.0,19655.95,6877550,3047850,47.8,126.2,142300,98350,0.43118,-0.573007,0.00104499,0.00110092,13.670135,12.950946,2023-08-01
15931,2023-07-25 11:47:00,19800.0,19655.95,14792100,5558750,33.5,161.95,177650,103400,0.381291,-0.626207,0.00100278,0.00105791,13.816209,13.01577,2023-08-01
21185,2023-07-25 11:47:00,19850.0,19655.95,7858600,1521650,23.05,201.6,76450,15450,0.334952,-0.676463,0.00094521,0.00099817,14.009516,13.082481,2023-08-01
26438,2023-07-25 11:47:00,19900.0,19655.95,10836700,2533050,15.55,244.0,87950,23450,0.292463,-0.725115,0.00087866,0.00093127,14.216906,13.021355,2023-08-01
23814,2023-07-25 11:48:00,19400.0,19655.05,680250,5968800,283.3,9.9,6500,261150,0.739958,-0.227452,0.00072752,0.00078993,16.209355,13.886881,2023-08-01
18561,2023-07-25 11:48:00,19450.0,19655.05,238300,2914150,238.85,15.0,2850,161000,0.709206,-0.264553,0.00080096,0.00087763,15.556026,13.555836,2023-08-01
13304,2023-07-25 11:48:00,19500.0,19655.05,2317000,7269750,197.5,22.8,55700,416800,0.671359,-0.307791,0.00086652,0.00095917,15.16809,13.329264,2023-08-01
8047,2023-07-25 11:48:00,19550.0,19655.05,661100,3624150,158.1,33.55,37600,272700,0.631006,-0.35496,0.00093847,0.00103617,14.612779,13.060992,2023-08-01
2786,2023-07-25 11:48:00,19600.0,19655.05,2734000,6703400,123.45,48.95,295250,654150,0.584567,-0.407342,0.00099042,0.00109121,14.312869,12.930499,2023-08-01
154,2023-07-25 11:48:00,19650.0,19655.05,3274150,5163900,93.1,69.05,354500,771050,0.534948,-0.462412,0.00102926,0.00112781,14.036381,12.802183,2023-08-01
5417,2023-07-25 11:48:00,19700.0,19655.05,14144800,10471250,68.05,94.0,688000,997050,0.483107,-0.519277,0.00104422,0.00114644,13.876186,12.635525,2023-08-01
10675,2023-07-25 11:48:00,19750.0,19655.05,6877550,3047850,48.9,124.6,278850,249100,0.43164,-0.576541,0.00102611,0.00113397,13.925801,12.55332,2023-08-01
15932,2023-07-25 11:48:00,19800.0,19655.05,14792100,5558750,34.25,160.2,373200,246350,0.382161,-0.632405,0.0009891,0.00109495,14.018267,12.508847,2023-08-01
21186,2023-07-25 11:48:00,19850.0,19655.05,7858600,1521650,23.55,200.0,155900,55500,0.335981,-0.685613,0.00093549,0.00103392,14.173415,12.479885,2023-08-01
26439,2023-07-25 11:48:00,19900.0,19655.05,10836700,2533050,15.8,241.65,232700,56050,0.293209,-0.744745,0.00087281,0.00098023,14.330487,11.915029,2023-08-01
23815,2023-07-25 11:49:00,19400.0,19657.95,680250,5968800,286.65,9.7,3550,129550,0.738864,-0.22571,0.00071752,0.00078447,16.46934,13.921631,2023-08-01
18562,2023-07-25 11:49:00,19450.0,19657.95,238300,2914150,241.4,14.7,750,89400,0.711023,-0.262517,0.00079632,0.00087187,15.599283,13.590292,2023-08-01
13305,2023-07-25 11:49:00,19500.0,19657.95,2317000,7269750,199.55,22.35,24600,231500,0.67426,-0.305429,0.00086548,0.00095349,15.130225,13.361858,2023-08-01
8048,2023-07-25 11:49:00,19550.0,19657.95,661100,3624150,159.75,32.9,17750,153000,0.634343,-0.352264,0.00094032,0.00103088,14.538818,13.09097,2023-08-01
2787,2023-07-25 11:49:00,19600.0,19657.95,2734000,6703400,124.9,47.85,154750,297500,0.587774,-0.404131,0.00099279,0.00108956,14.251627,12.923249,2023-08-01
155,2023-07-25 11:49:00,19650.0,19657.95,3274150,5163900,94.3,67.55,198400,334350,0.538052,-0.459077,0.00103259,0.00112902,13.979779,12.776607,2023-08-01
5418,2023-07-25 11:49:00,19700.0,19657.95,14144800,10471250,68.95,92.35,387150,565600,0.486036,-0.515957,0.00104905,0.0011468,13.814841,12.634971,2023-08-01
10676,2023-07-25 11:49:00,19750.0,19657.95,6877550,3047850,49.6,122.7,140850,110600,0.434329,-0.573214,0.0010312,0.00113507,13.871702,12.560034,2023-08-01
15933,2023-07-25 11:49:00,19800.0,19657.95,14792100,5558750,34.75,158.1,212750,136000,0.384566,-0.629022,0.00099466,0.00109634,13.964618,12.529098,2023-08-01
21187,2023-07-25 11:49:00,19850.0,19657.95,7858600,1521650,23.9,197.25,120550,22450,0.338101,-0.683866,0.00094113,0.00104363,14.121466,12.391798,2023-08-01
26440,2023-07-25 11:49:00,19900.0,19657.95,10836700,2533050,15.9,239.45,142850,35950,0.294517,-0.739221,0.00088007,0.00097874,14.240244,12.0652,2023-08-01
23816,2023-07-25 11:50:00,19400.0,19664.55,681900,5954700,291.1,9.3,3300,155150,0.748605,-0.222024,0.00072068,0.00077184,16.070698,14.01376,2023-08-01
18563,2023-07-25 11:50:00,19450.0,19664.55,238300,2908150,246.15,13.95,800,107600,0.718587,-0.257513,0.00079591,0.00085996,15.406746,13.638587,2023-08-01
13306,2023-07-25 11:50:00,19500.0,19664.55,2314350,7362050,202.95,21.2,34450,302850,0.684172,-0.299596,0.00087675,0.00094268,14.740137,13.394965,2023-08-01
8049,2023-07-25 11:50:00,19550.0,19664.55,661400,3659550,163.0,31.45,31350,155700,0.643081,-0.34615,0.00095101,0.00101911,14.252651,13.153921,2023-08-01
2788,2023-07-25 11:50:00,19600.0,19664.55,2767550,6693300,127.05,46.0,213300,287000,0.596507,-0.397584,0.00101283,0.00107734,13.89268,13.010528,2023-08-01
156,2023-07-25 11:50:00,19650.0,19664.55,3360450,5200050,96.25,65.15,261600,416500,0.545597,-0.451948,0.00105078,0.00111782,13.706424,12.874943,2023-08-01
5419,2023-07-25 11:50:00,19700.0,19664.55,14086000,10319950,70.55,89.15,526050,533500,0.492712,-0.508295,0.00106672,0.00114004,13.588139,12.713593,2023-08-01
10677,2023-07-25 11:50:00,19750.0,19664.55,6840800,3017500,50.6,119.0,212300,147500,0.439982,-0.565071,0.00105134,0.00112863,13.632949,12.673703,2023-08-01
15934,2023-07-25 11:50:00,19800.0,19664.55,14801150,5534650,35.35,153.95,279300,169750,0.389171,-0.620197,0.00101511,0.0010902,13.726706,12.689568,2023-08-01
21188,2023-07-25 11:50:00,19850.0,19664.55,7856550,1512300,24.3,192.5,111000,20550,0.341892,-0.674542,0.00095975,0.00104117,13.902713,12.569035,2023-08-01
26441,2023-07-25 11:50:00,19900.0,19664.55,10835650,2533600,16.25,234.9,122050,20900,0.297981,-0.725098,0.0008956,0.00096852,14.064463,12.517239,2023-08-01
23817,2023-07-25 11:51:00,19400.0,19662.9,681900,5954700,290.3,9.35,2300,75800,0.744794,-0.222668,0.00071724,0.00077539,16.278134,13.974387,2023-08-01
18564,2023-07-25 11:51:00,19450.0,19662.9,240050,2908150,243.6,14.2,850,44250,0.721141,-0.259083,0.00080891,0.00086212,15.094263,13.649123,2023-08-01
13307,2023-07-25 11:51:00,19500.0,19662.9,2314350,7362050,202.8,21.5,20050,98550,0.679888,-0.301126,0.00086643,0.00094509,15.002862,13.393387,2023-08-01
8050,2023-07-25 11:51:00,19550.0,19662.9,661400,3659550,162.75,31.7,12300,84800,0.639849,-0.347461,0.00094171,0.0010234,14.44061,13.118877,2023-08-01
2789,2023-07-25 11:51:00,19600.0,19662.9,2767550,6693300,127.0,46.35,91700,161050,0.593734,-0.39909,0.00100163,0.00108177,14.07415,12.972101,2023-08-01
157,2023-07-25 11:51:00,19650.0,19662.9,3360450,5200050,96.35,65.7,138400,195550,0.543417,-0.453705,0.00103858,0.00112112,13.877724,12.845546,2023-08-01
5420,2023-07-25 11:51:00,19700.0,19662.9,14086000,10319950,70.45,89.75,277300,272200,0.491083,-0.510247,0.00105813,0.00114452,13.699208,12.664064,2023-08-01
10678,2023-07-25 11:51:00,19750.0,19662.9,6840800,3017500,50.55,120.1,101050,103450,0.438738,-0.566901,0.00104339,0.00112732,13.731927,12.68034,2023-08-01
15935,2023-07-25 11:51:00,19800.0,19662.9,14801150,5534650,35.5,154.65,150000,58300,0.388523,-0.623048,0.00100578,0.00109692,13.849206,12.584177,2023-08-01
21189,2023-07-25 11:51:00,19850.0,19662.9,7856550,1512300,24.4,193.35,68250,20100,0.341482,-0.677991,0.00095227,0.00104722,14.007403,12.443281,2023-08-01
26442,2023-07-25 11:51:00,19900.0,19662.9,10835650,2533600,16.25,236.1,85400,10600,0.297477,-0.728093,0.00089044,0.00096989,14.136948,12.433583,2023-08-01
23818,2023-07-25 11:52:00,19400.0,19662.7,681900,5954700,287.65,9.45,1100,50950,0.7551,-0.223352,0.00073804,0.00077491,15.478074,14.00837,2023-08-01
18565,2023-07-25 11:52:00,19450.0,19662.7,240050,2908150,243.8,14.4,18400,21700,0.719697,-0.260055,0.00080548,0.00086041,15.197479,13.703568,2023-08-01
13308,2023-07-25 11:52:00,19500.0,19662.7,2314350,7362050,200.95,21.8,13750,101450,0.683864,-0.302158,0.00088436,0.000942,14.622287,13.458708,2023-08-01
8051,2023-07-25 11:52:00,19550.0,19662.7,661400,3659550,160.75,32.3,11750,77400,0.642915,-0.348838,0.00096317,0.00101621,14.077824,13.231757,2023-08-01
2790,2023-07-25 11:52:00,19600.0,19662.7,2767550,6693300,125.95,46.9,62750,146550,0.594507,-0.399919,0.00101276,0.00107516,13.913609,13.059746,2023-08-01
158,2023-07-25 11:52:00,19650.0,19662.7,3360450,5200050,95.4,66.7,92350,134900,0.543564,-0.454389,0.00104903,0.0011081,13.739732,12.999779,2023-08-01
5421,2023-07-25 11:52:00,19700.0,19662.7,14086000,10319950,69.6,90.95,200500,189500,0.490715,-0.510227,0.00106787,0.00112819,13.574696,12.848208,2023-08-01
10679,2023-07-25 11:52:00,19750.0,19662.7,6840800,3017500,50.0,121.35,100350,55050,0.43811,-0.565979,0.00104948,0.00111014,13.649692,12.88229,2023-08-01
15936,2023-07-25 11:52:00,19800.0,19662.7,14801150,5534650,34.9,156.65,125300,62050,0.387422,-0.619577,0.00101274,0.00106785,13.743624,12.964011,2023-08-01
21190,2023-07-25 11:52:00,19850.0,19662.7,7856550,1512300,23.95,195.35,52150,7550,0.340232,-0.672024,0.00095735,0.00101743,13.914509,12.905161,2023-08-01
26443,2023-07-25 11:52:00,19900.0,19662.7,10835650,2533600,15.95,237.25,66500,5300,0.296265,-0.72302,0.00089359,0.00095404,14.061609,12.756753,2023-08-01
23819,2023-07-25 11:53:00,19400.0,19660.45,684850,5952150,287.5,9.4,2350,38750,0.745603,-0.223487,0.00072523,0.00078095,16.075578,13.907093,2023-08-01
18566,2023-07-25 11:53:00,19450.0,19660.45,240050,2917050,242.65,14.3,25700,27050,0.71546,-0.260193,0.00080097,0.00086847,15.396387,13.582296,2023-08-01
13309,2023-07-25 11:53:00,19500.0,19660.45,2317450,7356550,200.9,21.65,11200,97800,0.677681,-0.302471,0.00086859,0.00095245,15.011681,13.319371,2023-08-01
8052,2023-07-25 11:53:00,19550.0,19660.45,664400,3642750,161.0,32.15,6450,56150,0.637488,-0.349587,0.00094359,0.00102876,14.447349,13.08267,2023-08-01
2791,2023-07-25 11:53:00,19600.0,19660.45,2780450,6645350,125.7,46.95,53700,180450,0.590983,-0.401442,0.00099986,0.00108728,14.125495,12.929018,2023-08-01
159,2023-07-25 11:53:00,19650.0,19660.45,3404450,5215400,95.05,66.55,83250,178600,0.540842,-0.456345,0.00103866,0.00112561,13.889314,12.806768,2023-08-01
5422,2023-07-25 11:53:00,19700.0,19660.45,14107200,10340600,69.6,91.0,167500,232400,0.48855,-0.513081,0.00105453,0.00114585,13.746781,12.649613,2023-08-01
10680,2023-07-25 11:53:00,19750.0,19660.45,6853450,3025100,49.9,121.4,87850,63750,0.436403,-0.569981,0.00103923,0.0011306,13.777198,12.629301,2023-08-01
15937,2023-07-25 11:53:00,19800.0,19660.45,14833050,5534400,34.7,156.1,91850,50850,0.38587,-0.62652,0.00100549,0.00110055,13.828784,12.50901,2023-08-01
21191,2023-07-25 11:53:00,19850.0,19660.45,7851000,1517000,23.85,195.8,55000,13500,0.339055,-0.679006,0.00095035,0.00103666,14.000708,12.556357,2023-08-01
26444,2023-07-25 11:53:00,19900.0,19660.45,10863700,2536250,15.95,237.4,71750,8100,0.295578,-0.735621,0.00088663,0.00098014,14.159132,12.133638,2023-08-01
23820,2023-07-25 11:54:00,19400.0,19663.2,684850,5952150,288.3,9.3,150,45900,0.754439,-0.222373,0.00073549,0.00077503,15.555343,13.972144,2023-08-01
18567,2023-07-25 11:54:00,19450.0,19663.2,223700,2917050,243.7,14.25,350,38750,0.721806,-0.259302,0.00080978,0.00086048,15.062511,13.682855,2023-08-01
13310,2023-07-25 11:54:00,19500.0,19663.2,2317450,7356550,202.25,21.55,11600,80150,0.681975,-0.301243,0.00087395,0.00094312,14.834741,13.425457,2023-08-01
8053,2023-07-25 11:54:00,19550.0,19663.2,664400,3642750,162.1,31.85,10800,65200,0.641578,-0.34769,0.00095092,0.00101972,14.278801,13.171123,2023-08-01
2792,2023-07-25 11:54:00,19600.0,19663.2,2780450,6645350,126.75,46.35,50700,141800,0.594464,-0.398933,0.00100633,0.00107977,14.003958,12.996449,2023-08-01
160,2023-07-25 11:54:00,19650.0,19663.2,3404450,5215400,95.8,65.8,85250,160600,0.544018,-0.453507,0.00104699,0.00111732,13.765844,12.890172,2023-08-01
5423,2023-07-25 11:54:00,19700.0,19663.2,14107200,10340600,70.05,90.1,185300,214900,0.491293,-0.509792,0.00106466,0.00113651,13.617048,12.755419,2023-08-01
10681,2023-07-25 11:54:00,19750.0,19663.2,6853450,3025100,50.25,120.4,68500,41750,0.43871,-0.566047,0.00104847,0.00111962,13.667025,12.773776,2023-08-01
15938,2023-07-25 11:54:00,19800.0,19663.2,14833050,5534400,35.1,155.1,97800,46700,0.388058,-0.621341,0.00101202,0.00108632,13.760845,12.726434,2023-08-01
21192,2023-07-25 11:54:00,19850.0,19663.2,7851000,1517000,24.05,195.85,35900,4000,0.34074,-0.668668,0.00095766,0.00100417,13.918837,13.130103,2023-08-01
26445,2023-07-25 11:54:00,19900.0,19663.2,10863700,2536250,16.0,236.35,80200,8500,0.296663,-0.724972,0.00089432,0.00096204,14.059719,12.607673,2023-08-01
23821,2023-07-25 11:55:00,19400.0,19666.35,684850,5952150,293.45,9.25,750,234550,0.746546,-0.221503,0.00071206,0.00076777,16.337598,14.071237,2023-08-01
18568,2023-07-25 11:55:00,19450.0,19666.35,223700,2917050,247.9,13.9,1900,81850,0.719053,-0.256956,0.00079119,0.00085482,15.488711,13.707306,2023-08-01
13311,2023-07-25 11:55:00,19500.0,19666.35,2317450,7356550,205.0,20.9,33450,166700,0.684015,-0.298129,0.00086767,0.00093934,14.899785,13.414553,2023-08-01
8054,2023-07-25 11:55:00,19550.0,19666.35,664400,3642750,165.3,30.95,33450,92300,0.642895,-0.344324,0.0009374,0.00101705,14.46442,13.156625,2023-08-01
2793,2023-07-25 11:55:00,19600.0,19666.35,2780450,6645350,129.45,45.15,138400,242700,0.596868,-0.395404,0.00099598,0.00107854,14.126621,12.978758,2023-08-01
161,2023-07-25 11:55:00,19650.0,19666.35,3404450,5215400,98.2,64.05,199550,278700,0.546992,-0.449801,0.00103744,0.00112089,13.879001,12.833036,2023-08-01
5424,2023-07-25 11:55:00,19700.0,19666.35,14107200,10340600,72.0,87.9,375000,395400,0.494727,-0.506298,0.00105786,0.00114358,13.705103,12.677365,2023-08-01
10682,2023-07-25 11:55:00,19750.0,19666.35,6853450,3025100,51.6,117.8,160900,95950,0.442194,-0.563061,0.00104676,0.00112959,13.705944,12.675244,2023-08-01
15939,2023-07-25 11:55:00,19800.0,19666.35,14833050,5534400,36.05,152.55,173500,132950,0.39138,-0.618347,0.00101313,0.00109261,13.777671,12.682147,2023-08-01
21193,2023-07-25 11:55:00,19850.0,19666.35,7851000,1517000,24.75,191.1,81150,22600,0.343902,-0.672405,0.00095998,0.00104215,13.932364,12.592612,2023-08-01
26446,2023-07-25 11:55:00,19900.0,19666.35,10863700,2536250,16.45,232.35,122900,21150,0.299437,-0.728703,0.0008982,0.0009874,14.056913,12.199704,2023-08-01
23822,2023-07-25 11:56:00,19400.0,19672.35,684850,5973100,297.3,8.9,2300,154200,0.75685,-0.218214,0.0007167,0.00075661,15.872669,14.153135,2023-08-01
18569,2023-07-25 11:56:00,19450.0,19672.35,222050,2906400,251.65,13.25,2650,104100,0.72833,-0.252496,0.00079659,0.00084415,15.128427,13.750332,2023-08-01
13312,2023-07-25 11:56:00,19500.0,19672.35,2317700,7453200,208.55,20.15,56150,333400,0.692396,-0.293726,0.00087383,0.00092646,14.620041,13.504986,2023-08-01
8055,2023-07-25 11:56:00,19550.0,19672.35,673000,3643250,168.6,29.85,50250,163250,0.650506,-0.339218,0.00094386,0.00100425,14.251589,13.245531,2023-08-01
2794,2023-07-25 11:56:00,19600.0,19672.35,2791900,6645050,131.4,43.7,196250,399350,0.605186,-0.389773,0.00101532,0.00106519,13.777792,13.085702,2023-08-01
162,2023-07-25 11:56:00,19650.0,19672.35,3393650,5234950,99.9,62.1,344800,403150,0.554134,-0.443515,0.00105594,0.00110847,13.601134,12.945825,2023-08-01
5425,2023-07-25 11:56:00,19700.0,19672.35,14050550,10308200,73.35,85.6,546700,586300,0.500955,-0.49936,0.00107635,0.00112953,13.467409,12.833378,2023-08-01
10683,2023-07-25 11:56:00,19750.0,19672.35,6780950,3029700,52.65,114.85,215000,143750,0.44759,-0.555512,0.00106427,0.00111869,13.502559,12.832084,2023-08-01
15940,2023-07-25 11:56:00,19800.0,19672.35,14802700,5588250,36.85,148.95,298400,184900,0.396079,-0.610369,0.00102928,0.00108553,13.60274,12.839138,2023-08-01
21194,2023-07-25 11:56:00,19850.0,19672.35,7827800,1505200,25.2,187.3,90950,33200,0.347647,-0.66289,0.0009766,0.00103277,13.747004,12.848762,2023-08-01
26447,2023-07-25 11:56:00,19900.0,19672.35,10830200,2532900,16.65,229.0,151000,38400,0.302187,-0.712954,0.00091457,0.00096621,13.858822,12.810728,2023-08-01
23823,2023-07-25 11:57:00,19400.0,19673.7,684950,5973100,297.3,8.95,3100,57850,0.763463,-0.218323,0.00072491,0.00075297,15.45819,14.225276,2023-08-01
18570,2023-07-25 11:57:00,19450.0,19673.7,222050,2906400,251.7,13.45,2450,82100,0.733537,-0.25315,0.0008056,0.00083796,14.814346,13.870484,2023-08-01
13313,2023-07-25 11:57:00,19500.0,19673.7,2317700,7453200,208.45,20.35,29100,140250,0.696905,-0.293986,0.00088507,0.00091908,14.339834,13.618808,2023-08-01
8056,2023-07-25 11:57:00,19550.0,19673.7,673000,3643250,168.2,30.15,20600,100600,0.654543,-0.339333,0.00095876,0.00099424,13.96976,13.380407,2023-08-01
2795,2023-07-25 11:57:00,19600.0,19673.7,2791900,6645050,132.0,43.9,128200,205350,0.606911,-0.38926,0.00101777,0.00105507,13.727718,13.20599,2023-08-01
163,2023-07-25 11:57:00,19650.0,19673.7,3393650,5234950,100.2,62.5,202650,211800,0.555829,-0.442661,0.00106126,0.001094,13.524697,13.112775,2023-08-01
5426,2023-07-25 11:57:00,19700.0,19673.7,14050550,10308200,73.6,85.95,387800,307800,0.502382,-0.497769,0.00108129,0.00111394,13.405443,13.012456,2023-08-01
10684,2023-07-25 11:57:00,19750.0,19673.7,6780950,3029700,52.9,115.1,151850,65200,0.448838,-0.553099,0.00106806,0.00110289,13.459971,13.026503,2023-08-01
15941,2023-07-25 11:57:00,19800.0,19673.7,14802700,5588250,36.95,149.15,209600,75350,0.397034,-0.606899,0.00103402,0.00106888,13.548871,13.071446,2023-08-01
21195,2023-07-25 11:57:00,19850.0,19673.7,7827800,1505200,25.35,188.0,75700,6450,0.348633,-0.656483,0.00097969,0.00100746,13.717585,13.266462,2023-08-01
26448,2023-07-25 11:57:00,19900.0,19673.7,10830200,2532900,16.8,230.0,84300,17100,0.303226,-0.702214,0.00091688,0.00093602,13.845004,13.451381,2023-08-01
23824,2023-07-25 11:58:00,19400.0,19670.2,684950,5973100,294.35,9.1,2850,55200,0.760073,-0.219931,0.00072783,0.00075982,15.52019,14.159734,2023-08-01
18571,2023-07-25 11:58:00,19450.0,19670.2,222050,2906400,246.3,13.75,1000,68200,0.740498,-0.255403,0.00083491,0.00084485,14.10524,13.824464,2023-08-01
13314,2023-07-25 11:58:00,19500.0,19670.2,2317700,7453200,206.0,20.8,24000,131800,0.692743,-0.296607,0.0008851,0.00092616,14.429636,13.573114,2023-08-01
8057,2023-07-25 11:58:00,19550.0,19670.2,673000,3643250,165.0,30.8,23150,100550,0.652385,-0.342326,0.00096965,0.00100124,13.847936,13.334441,2023-08-01
2796,2023-07-25 11:58:00,19600.0,19670.2,2791900,6645050,130.15,44.8,120050,210250,0.602772,-0.392602,0.00101466,0.0010617,13.812371,13.158209,2023-08-01
164,2023-07-25 11:58:00,19650.0,19670.2,3393650,5234950,98.8,63.8,184700,260550,0.551783,-0.446377,0.00105508,0.00109846,13.625783,13.079657,2023-08-01
5427,2023-07-25 11:58:00,19700.0,19670.2,14050550,10308200,72.45,87.25,367250,340050,0.49865,-0.501734,0.00107475,0.0011221,13.490222,12.920834,2023-08-01
10685,2023-07-25 11:58:00,19750.0,19670.2,6780950,3029700,51.85,117.0,222700,63400,0.445315,-0.557219,0.00106325,0.00110597,13.507806,12.974342,2023-08-01
15942,2023-07-25 11:58:00,19800.0,19670.2,14802700,5588250,36.3,151.5,182100,74100,0.393997,-0.610927,0.00102667,0.00106866,13.620478,13.039227,2023-08-01
21196,2023-07-25 11:58:00,19850.0,19670.2,7827800,1505200,24.85,191.0,74500,6500,0.345858,-0.659387,0.00097285,0.00100047,13.776472,13.319219,2023-08-01
26449,2023-07-25 11:58:00,19900.0,19670.2,10830200,2532900,16.55,232.2,80000,27350,0.301138,-0.708868,0.00090881,0.00094279,13.927818,13.219259,2023-08-01
23825,2023-07-25 11:59:00,19400.0,19665.3,687550,5953700,292.55,9.25,2400,69600,0.745583,-0.221795,0.0007128,0.0007702,16.357377,14.040859,2023-08-01
18572,2023-07-25 11:59:00,19450.0,19665.3,222050,2952250,247.05,14.0,1550,71600,0.717993,-0.257763,0.00079174,0.00085668,15.509931,13.703238,2023-08-01
13315,2023-07-25 11:59:00,19500.0,19665.3,2344050,7460700,204.6,21.15,25200,134800,0.681942,-0.299365,0.00086395,0.00093988,15.009225,13.43541,2023-08-01
8058,2023-07-25 11:59:00,19550.0,19665.3,678400,3665950,163.85,31.25,11050,71800,0.643047,-0.34552,0.00094569,0.00101757,14.339079,13.17022,2023-08-01
2797,2023-07-25 11:59:00,19600.0,19665.3,2829900,6684150,128.55,45.65,116250,232050,0.596006,-0.396763,0.00099882,0.00107713,14.097652,13.011129,2023-08-01
165,2023-07-25 11:59:00,19650.0,19665.3,3456350,5269450,97.7,64.7,124450,179700,0.545834,-0.451105,0.00103626,0.00111828,13.903086,12.871474,2023-08-01
5428,2023-07-25 11:59:00,19700.0,19665.3,13943800,10416450,71.55,88.75,405200,247650,0.493618,-0.507451,0.0010569,0.00113902,13.720382,12.730659,2023-08-01
10686,2023-07-25 11:59:00,19750.0,19665.3,6893800,3024950,51.05,118.5,294150,57950,0.440977,-0.564214,0.00104805,0.00112842,13.686339,12.685629,2023-08-01
15943,2023-07-25 11:59:00,19800.0,19665.3,14824300,5579250,35.85,153.2,153750,58000,0.390519,-0.619714,0.00101068,0.00109335,13.805982,12.662922,2023-08-01
21197,2023-07-25 11:59:00,19850.0,19665.3,7839700,1507450,24.6,192.3,63300,12250,0.343142,-0.672336,0.00095765,0.00103505,13.958053,12.683205,2023-08-01
26450,2023-07-25 11:59:00,19900.0,19665.3,10826550,2520450,16.35,234.05,71350,18000,0.298801,-0.72538,0.0008959,0.00097266,14.082972,12.462566,2023-08-01
23826,2023-07-25 12:00:00,19400.0,19666.1,687550,5953700,293.4,9.15,3700,75100,0.745512,-0.221041,0.00071065,0.00076915,16.409334,14.0327,2023-08-01
18573,2023-07-25 12:00:00,19450.0,19666.1,221950,2952250,247.05,13.75,1400,81900,0.720817,-0.256439,0.00079706,0.00085703,15.33154,13.660966,2023-08-01
13316,2023-07-25 12:00:00,19500.0,19666.1,2344050,7460700,204.45,20.95,25650,164950,0.684545,-0.298474,0.0008711,0.00093933,14.834292,13.425299,2023-08-01
8059,2023-07-25 12:00:00,19550.0,19666.1,678400,3665950,163.9,31.05,26250,136500,0.644742,-0.344738,0.00095091,0.00101646,14.236594,13.173572,2023-08-01
2798,2023-07-25 12:00:00,19600.0,19666.1,2829900,6684150,128.45,45.35,140500,200250,0.597474,-0.395882,0.00100552,0.00107669,13.990731,13.008651,2023-08-01
166,2023-07-25 12:00:00,19650.0,19666.1,3456350,5269450,97.2,64.5,247100,253350,0.547101,-0.450302,0.00104761,0.00111561,13.747408,12.899115,2023-08-01
5429,2023-07-25 12:00:00,19700.0,19666.1,13943800,10416450,71.3,88.45,407650,346400,0.494364,-0.506517,0.00106475,0.00113689,13.619822,12.755142,2023-08-01
10687,2023-07-25 12:00:00,19750.0,19666.1,6893800,3024950,50.9,118.25,204500,76150,0.441448,-0.563048,0.00105406,0.00112461,13.610863,12.734761,2023-08-01
15944,2023-07-25 12:00:00,19800.0,19666.1,14824300,5579250,35.7,152.85,196200,73250,0.390732,-0.618366,0.00101608,0.00109021,13.734746,12.713114,2023-08-01
21198,2023-07-25 12:00:00,19850.0,19666.1,7839700,1507450,24.45,191.95,162100,17750,0.343109,-0.670527,0.0009625,0.00103121,13.887271,12.758886,2023-08-01
26451,2023-07-25 12:00:00,19900.0,19666.1,10826550,2520450,16.2,233.45,154600,23350,0.2985,-0.724038,0.00090026,0.00097227,14.008525,12.497633,2023-08-01
23827,2023-07-25 12:01:00,19400.0,19663.05,687550,5953700,289.6,9.15,350,69600,0.747875,-0.221626,0.00072314,0.00077661,16.050254,13.92184,2023-08-01
18574,2023-07-25 12:01:00,19450.0,19663.05,221950,2952250,244.15,13.75,500,75250,0.719485,-0.25721,0.00080374,0.00086635,15.242458,13.53791,2023-08-01
13317,2023-07-25 12:01:00,19500.0,19663.05,2344050,7460700,203.0,20.95,27650,136650,0.67955,-0.299509,0.00086438,0.00095086,15.052252,13.286061,2023-08-01
8060,2023-07-25 12:01:00,19550.0,19663.05,678400,3665950,162.5,31.05,27900,120400,0.640396,-0.346146,0.0009444,0.00103073,14.39881,13.01356,2023-08-01
2799,2023-07-25 12:01:00,19600.0,19663.05,2829900,6684150,127.35,45.55,85050,188400,0.593471,-0.398085,0.00099717,0.00109127,14.146131,12.856674,2023-08-01
167,2023-07-25 12:01:00,19650.0,19663.05,3456350,5269450,96.55,64.7,166500,256600,0.543448,-0.453118,0.00103567,0.00113369,13.923295,12.707001,2023-08-01
5430,2023-07-25 12:01:00,19700.0,19663.05,13943800,10416450,70.85,88.9,311800,277650,0.491304,-0.510264,0.00105246,0.00115526,13.779771,12.552402,2023-08-01
10688,2023-07-25 12:01:00,19750.0,19663.05,6893800,3024950,50.6,118.85,151050,67600,0.438954,-0.567911,0.00104217,0.00114458,13.755792,12.489572,2023-08-01
15945,2023-07-25 12:01:00,19800.0,19663.05,14824300,5579250,35.45,154.0,149800,61450,0.388646,-0.623942,0.0010059,0.0011051,13.855506,12.487708,2023-08-01
21199,2023-07-25 12:01:00,19850.0,19663.05,7839700,1507450,24.25,192.65,82500,31350,0.341326,-0.679834,0.00095377,0.00105674,13.989704,12.307665,2023-08-01
26452,2023-07-25 12:01:00,19900.0,19663.05,10826550,2520450,16.15,235.05,89850,17150,0.297352,-0.73328,0.00089137,0.00098531,14.1263,12.127105,2023-08-01
23828,2023-07-25 12:02:00,19400.0,19665.05,688300,5977150,293.25,9.1,800,121350,0.741754,-0.220965,0.00070561,0.00077212,16.655784,13.978062,2023-08-01
18575,2023-07-25 12:02:00,19450.0,19665.05,221950,2929900,246.2,13.7,1350,638700,0.719806,-0.256509,0.00079779,0.00086071,15.346817,13.606553,2023-08-01
13318,2023-07-25 12:02:00,19500.0,19665.05,2345350,7496500,205.75,20.85,17850,127800,0.678446,-0.298536,0.00085032,0.00094442,15.322257,13.35612,2023-08-01
8061,2023-07-25 12:02:00,19550.0,19665.05,669700,3665250,164.75,30.9,10900,89900,0.640851,-0.344917,0.0009334,0.00102322,14.561323,13.091001,2023-08-01
2800,2023-07-25 12:02:00,19600.0,19665.05,2830700,6704950,129.5,45.1,72050,183300,0.594523,-0.396236,0.00098553,0.001086,14.303122,12.902195,2023-08-01
168,2023-07-25 12:02:00,19650.0,19665.05,3496550,5283100,98.45,63.9,113100,207500,0.545153,-0.450908,0.00102506,0.00113136,14.059861,12.723865,2023-08-01
5431,2023-07-25 12:02:00,19700.0,19665.05,13888500,10433850,72.15,88.0,269500,217600,0.493476,-0.507915,0.00104737,0.00115214,13.847374,12.587352,2023-08-01
10689,2023-07-25 12:02:00,19750.0,19665.05,6905400,3022600,51.7,117.85,103400,54500,0.441363,-0.565307,0.00103788,0.0011407,13.824591,12.545377,2023-08-01
15946,2023-07-25 12:02:00,19800.0,19665.05,14840200,5580050,36.25,152.55,165200,51700,0.391064,-0.621649,0.00100397,0.00110634,13.90592,12.496658,2023-08-01
21200,2023-07-25 12:02:00,19850.0,19665.05,7824200,1514900,24.95,191.15,79400,13300,0.343986,-0.677188,0.00095185,0.00105697,14.058286,12.346545,2023-08-01
26453,2023-07-25 12:02:00,19900.0,19665.05,10857600,2517800,16.6,233.0,92250,12200,0.29974,-0.732959,0.00089168,0.00099361,14.17208,12.032517,2023-08-01
23829,2023-07-25 12:03:00,19400.0,19666.55,688300,5977150,295.0,8.9,850,38400,0.741096,-0.219429,0.00070053,0.0007703,16.798325,13.954873,2023-08-01
18576,2023-07-25 12:03:00,19450.0,19666.55,221650,2929900,248.5,13.3,200,41450,0.717539,-0.25428,0.00078626,0.00086066,15.632017,13.545038,2023-08-01
13319,2023-07-25 12:03:00,19500.0,19666.55,2345350,7496500,207.0,20.3,15650,84450,0.679511,-0.296245,0.00084797,0.00094568,15.342958,13.29113,2023-08-01
8062,2023-07-25 12:03:00,19550.0,19666.55,669700,3665250,166.9,30.1,10850,49250,0.640395,-0.34247,0.00092027,0.00102702,14.77512,13.007371,2023-08-01
2801,2023-07-25 12:03:00,19600.0,19666.55,2830700,6704950,130.8,44.3,53050,147250,0.595626,-0.394236,0.00098054,0.00108866,14.365728,12.852555,2023-08-01
169,2023-07-25 12:03:00,19650.0,19666.55,3496550,5283100,99.5,63.05,87500,166150,0.546581,-0.44911,0.00102174,0.00113334,14.099381,12.694025,2023-08-01
5432,2023-07-25 12:03:00,19700.0,19666.55,13888500,10433850,72.85,86.65,195700,171350,0.495048,-0.506282,0.00104706,0.00116024,13.851834,12.500074,2023-08-01
10690,2023-07-25 12:03:00,19750.0,19666.55,6905400,3022600,52.3,116.0,90500,44250,0.442967,-0.564478,0.00103761,0.00115536,13.836051,12.390053,2023-08-01
15947,2023-07-25 12:03:00,19800.0,19666.55,14840200,5580050,36.65,150.95,85600,39750,0.392547,-0.620975,0.00100515,0.00111573,13.903936,12.397986,2023-08-01
21201,2023-07-25 12:03:00,19850.0,19666.55,7824200,1514900,25.15,189.85,45600,3100,0.345141,-0.675835,0.00095465,0.00106015,14.034238,12.33036,2023-08-01
26454,2023-07-25 12:03:00,19900.0,19666.55,10857600,2517800,16.7,231.0,53750,7700,0.300622,-0.73561,0.00089495,0.00100818,14.138662,11.798442,2023-08-01
23830,2023-07-25 12:04:00,19400.0,19666.0,688300,5977150,293.4,8.95,15400,66350,0.744948,-0.219878,0.00070979,0.00077114,16.451621,13.956986,2023-08-01
18577,2023-07-25 12:04:00,19450.0,19666.0,221650,2929900,248.6,13.45,400,54850,0.715303,-0.255149,0.00078166,0.00086058,15.784756,13.571681,2023-08-01
13320,2023-07-25 12:04:00,19500.0,19666.0,2345350,7496500,206.35,20.5,10950,123750,0.679532,-0.297112,0.00085059,0.00094515,15.296551,13.317479,2023-08-01
8063,2023-07-25 12:04:00,19550.0,19666.0,669700,3665250,166.3,30.3,8100,74400,0.640212,-0.343185,0.00092284,0.00102678,14.737811,13.02161,2023-08-01
2802,2023-07-25 12:04:00,19600.0,19666.0,2830700,6704950,130.45,44.5,59450,152250,0.595068,-0.394862,0.00098073,0.00108888,14.36909,12.856563,2023-08-01
170,2023-07-25 12:04:00,19650.0,19666.0,3496550,5283100,98.9,63.15,99400,176350,0.546145,-0.449659,0.00102536,0.00113561,14.052459,12.671894,2023-08-01
5433,2023-07-25 12:04:00,19700.0,19666.0,13888500,10433850,72.75,86.95,245600,189750,0.494496,-0.506922,0.00104501,0.00116014,13.879934,12.501807,2023-08-01
10691,2023-07-25 12:04:00,19750.0,19666.0,6905400,3022600,52.2,116.65,91500,43200,0.442487,-0.564809,0.00103598,0.00115027,13.856484,12.444114,2023-08-01
15948,2023-07-25 12:04:00,19800.0,19666.0,14840200,5580050,36.65,150.95,106800,39950,0.392253,-0.622428,0.00100264,0.00112194,13.936904,12.315649,2023-08-01
21202,2023-07-25 12:04:00,19850.0,19666.0,7824200,1514900,25.1,189.6,52800,17400,0.3448,-0.678921,0.00095318,0.0010715,14.051829,12.152556,2023-08-01
26455,2023-07-25 12:04:00,19900.0,19666.0,10857600,2517800,16.7,231.1,70550,9450,0.300466,-0.738725,0.00089316,0.00101425,14.164673,11.657872,2023-08-01
23831,2023-07-25 12:05:00,19400.0,19667.3,679650,5981050,296.0,8.8,15200,75350,0.740259,-0.218691,0.00069696,0.00076934,16.913578,13.945978,2023-08-01
18578,2023-07-25 12:05:00,19450.0,19667.3,221650,2943050,250.45,13.25,800,55200,0.713914,-0.253906,0.00077334,0.00085885,15.991436,13.563918,2023-08-01
13321,2023-07-25 12:05:00,19500.0,19667.3,2346650,7540800,207.65,20.15,20650,79550,0.679945,-0.295537,0.00084641,0.00094463,15.363489,13.292127,2023-08-01
8064,2023-07-25 12:05:00,19550.0,19667.3,682700,3693400,167.1,30.0,28350,68600,0.641624,-0.341939,0.00092307,0.0010247,14.713698,13.029947,2023-08-01
2803,2023-07-25 12:05:00,19600.0,19667.3,2823900,6727900,131.1,43.95,62100,175100,0.596528,-0.393314,0.00098189,0.00108916,14.338662,12.839138,2023-08-01
171,2023-07-25 12:05:00,19650.0,19667.3,3493900,5361150,99.65,62.55,152650,178000,0.547457,-0.448173,0.0010244,0.00113532,14.059849,12.668818,2023-08-01
5434,2023-07-25 12:05:00,19700.0,19667.3,13901450,10476750,73.2,86.05,355850,189950,0.495832,-0.505448,0.00104671,0.00116302,13.857593,12.471254,2023-08-01
10692,2023-07-25 12:05:00,19750.0,19667.3,6885150,3046200,52.4,115.4,108150,48050,0.443615,-0.563721,0.00103987,0.00115741,13.810028,12.372716,2023-08-01
15949,2023-07-25 12:05:00,19800.0,19667.3,14800850,5596350,36.7,149.55,174900,36850,0.393069,-0.621868,0.00100753,0.00113051,13.877005,12.227679,2023-08-01
21203,2023-07-25 12:05:00,19850.0,19667.3,7807150,1514900,25.25,188.2,56750,9650,0.345745,-0.678718,0.00095591,0.00107915,14.025729,12.069384,2023-08-01
26456,2023-07-25 12:05:00,19900.0,19667.3,10830350,2517800,16.7,229.7,77050,8800,0.300907,-0.738988,0.00089711,0.00102122,14.111414,11.572167,2023-08-01
23832,2023-07-25 12:06:00,19400.0,19664.4,679650,5981050,294.85,8.95,1950,42650,0.733488,-0.220219,0.0006896,0.00077501,17.323733,13.902143,2023-08-01
18579,2023-07-25 12:06:00,19450.0,19664.4,222250,2943050,248.2,13.55,950,47350,0.711167,-0.256057,0.00077484,0.00086425,16.035891,13.541525,2023-08-01
13322,2023-07-25 12:06:00,19500.0,19664.4,2346650,7540800,205.0,20.7,15650,61850,0.678349,-0.298341,0.00085295,0.00094855,15.280294,13.297038,2023-08-01
8065,2023-07-25 12:06:00,19550.0,19664.4,682700,3693400,165.0,30.7,13950,55100,0.638944,-0.344838,0.00092561,0.0010287,14.714055,13.023137,2023-08-01
2804,2023-07-25 12:06:00,19600.0,19664.4,2823900,6727900,129.0,44.95,56350,119400,0.593912,-0.396496,0.0009864,0.00109152,14.299228,12.842186,2023-08-01
172,2023-07-25 12:06:00,19650.0,19664.4,3493900,5361150,97.6,63.8,108400,168800,0.544672,-0.451458,0.00103072,0.00113701,13.987875,12.665726,2023-08-01
5435,2023-07-25 12:06:00,19700.0,19664.4,13901450,10476750,71.8,87.8,260150,189750,0.492783,-0.508787,0.00104748,0.00116032,13.848612,12.500898,2023-08-01
10693,2023-07-25 12:06:00,19750.0,19664.4,6885150,3046200,51.35,117.8,71700,32200,0.440616,-0.566528,0.00103859,0.00114753,13.814458,12.467051,2023-08-01
15950,2023-07-25 12:06:00,19800.0,19664.4,14800850,5596350,36.0,152.25,105750,34600,0.390351,-0.623979,0.00100394,0.0011184,13.902336,12.34103,2023-08-01
21204,2023-07-25 12:06:00,19850.0,19664.4,7807150,1510400,24.75,191.3,50350,10950,0.343272,-0.679232,0.00095167,0.00106249,14.05325,12.252776,2023-08-01
26457,2023-07-25 12:06:00,19900.0,19664.4,10830350,2517800,16.4,233.05,66950,7250,0.298855,-0.736927,0.0008919,0.0010017,14.152719,11.847651,2023-08-01
23833,2023-07-25 12:07:00,19400.0,19668.95,679650,5981050,296.7,8.8,750,65400,0.744083,-0.218445,0.00070075,0.00076529,16.693153,14.010895,2023-08-01
18580,2023-07-25 12:07:00,19450.0,19668.95,222250,2943050,251.1,13.25,750,42550,0.717388,-0.253557,0.00077792,0.00085376,15.804844,13.635132,2023-08-01
13323,2023-07-25 12:07:00,19500.0,19668.95,2346650,7540800,208.2,20.2,15550,160450,0.683073,-0.295209,0.00085197,0.00093766,15.200425,13.384255,2023-08-01
8066,2023-07-25 12:07:00,19550.0,19668.95,682700,3693400,168.0,29.85,17750,97750,0.643616,-0.340894,0.00092458,0.00101888,14.661244,13.089244,2023-08-01
2805,2023-07-25 12:07:00,19600.0,19668.95,2823900,6727900,131.6,43.9,92500,193150,0.598746,-0.392248,0.0009871,0.00108027,14.242935,12.93518,2023-08-01
173,2023-07-25 12:07:00,19650.0,19668.95,3493900,5361150,100.15,62.25,134350,253250,0.549338,-0.446572,0.00102862,0.0011281,13.994362,12.743197,2023-08-01
5436,2023-07-25 12:07:00,19700.0,19668.95,13901450,10476750,73.65,85.95,440550,282750,0.497518,-0.503422,0.00105036,0.00115056,13.810116,12.607188,2023-08-01
10694,2023-07-25 12:07:00,19750.0,19668.95,6885150,3046200,52.85,115.15,156700,53600,0.445216,-0.561018,0.00104222,0.00114498,13.786808,12.520659,2023-08-01
15951,2023-07-25 12:07:00,19800.0,19668.95,14800850,5596350,37.1,149.55,170050,67950,0.394647,-0.617537,0.0010093,0.00111157,13.868212,12.479365,2023-08-01
21205,2023-07-25 12:07:00,19850.0,19668.95,7807150,1510400,25.35,187.9,101050,12100,0.346733,-0.673215,0.00096053,0.001063,13.973339,12.338793,2023-08-01
26458,2023-07-25 12:07:00,19900.0,19668.95,10830350,2517800,16.9,229.35,128850,11650,0.302237,-0.730205,0.00089953,0.00100396,14.101695,11.970677,2023-08-01
23834,2023-07-25 12:08:00,19400.0,19665.65,681000,5997750,295.1,8.95,4900,46100,0.737118,-0.220041,0.0006944,0.00077188,17.084898,13.95256,2023-08-01
18581,2023-07-25 12:08:00,19450.0,19665.65,222250,2942000,250.0,13.55,350,37200,0.709824,-0.255798,0.00076672,0.00086031,16.241605,13.596796,2023-08-01
13324,2023-07-25 12:08:00,19500.0,19665.65,2347900,7590500,206.7,20.65,19700,61200,0.677685,-0.297803,0.00084438,0.0009443,15.449131,13.346433,2023-08-01
8067,2023-07-25 12:08:00,19550.0,19665.65,688750,3716900,166.7,30.55,8800,40200,0.638717,-0.343969,0.00091566,0.00102468,14.877626,13.062333,2023-08-01
2806,2023-07-25 12:08:00,19600.0,19665.65,2815200,6768750,130.0,44.75,74750,107050,0.594904,-0.395464,0.00098302,0.00108695,14.340035,12.887448,2023-08-01
174,2023-07-25 12:08:00,19650.0,19665.65,3449150,5365650,98.85,63.65,76150,111200,0.545691,-0.450278,0.00102319,0.00113025,14.087095,12.737149,2023-08-01
5437,2023-07-25 12:08:00,19700.0,19665.65,14001300,10554900,72.55,87.5,284350,186100,0.494121,-0.507266,0.00104494,0.00115419,13.883498,12.568687,2023-08-01
10695,2023-07-25 12:08:00,19750.0,19665.65,6854250,3054100,52.15,116.85,67700,26050,0.442213,-0.565228,0.00103432,0.00115018,13.880236,12.445593,2023-08-01
15952,2023-07-25 12:08:00,19800.0,19665.65,14768500,5606000,36.55,151.45,82400,22700,0.391949,-0.622297,0.00100194,0.0011173,13.946525,12.370742,2023-08-01
21206,2023-07-25 12:08:00,19850.0,19665.65,7777100,1510400,25.15,188.5,82950,3650,0.344847,-0.684564,0.00095084,0.00109603,14.090121,11.794611,2023-08-01
26459,2023-07-25 12:08:00,19900.0,19665.65,10821700,2521800,16.8,232.0,89500,7050,0.300815,-0.735257,0.00089048,0.00100287,14.217784,11.872478,2023-08-01
23835,2023-07-25 12:09:00,19400.0,19667.3,681000,5997750,296.0,8.9,800,49500,0.740114,-0.219443,0.00069668,0.0007683,16.92847,13.995279,2023-08-01
18582,2023-07-25 12:09:00,19450.0,19667.3,221900,2942000,248.9,13.4,200,35250,0.718668,-0.254713,0.00078702,0.00085695,15.590772,13.619328,2023-08-01
13325,2023-07-25 12:09:00,19500.0,19667.3,2347900,7590500,205.5,20.55,12100,66900,0.685076,-0.296951,0.0008678,0.00093928,14.885578,13.399741,2023-08-01
8068,2023-07-25 12:09:00,19550.0,19667.3,688750,3716900,166.15,30.25,7800,47250,0.643194,-0.34257,0.00093304,0.00102095,14.53693,13.089412,2023-08-01
2807,2023-07-25 12:09:00,19600.0,19667.3,2815200,6768750,130.0,44.35,49450,113000,0.597673,-0.393906,0.00099422,0.00108309,14.15334,12.919023,2023-08-01
175,2023-07-25 12:09:00,19650.0,19667.3,3449150,5365650,99.0,63.25,89000,109900,0.547734,-0.44861,0.00103177,0.0011246,13.961061,12.793866,2023-08-01
5438,2023-07-25 12:09:00,19700.0,19667.3,14001300,10554900,72.45,87.05,266750,172200,0.49572,-0.50529,0.0010557,0.00114724,13.742301,12.645397,2023-08-01
10696,2023-07-25 12:09:00,19750.0,19667.3,6854250,3054100,52.1,116.6,95750,31900,0.443394,-0.562519,0.00104323,0.00113792,13.767104,12.593139,2023-08-01
15953,2023-07-25 12:09:00,19800.0,19667.3,14768500,5606000,36.55,150.9,132950,24350,0.392879,-0.61909,0.00100901,0.00110772,13.857419,12.509706,2023-08-01
21207,2023-07-25 12:09:00,19850.0,19667.3,7777100,1506450,25.05,190.4,125100,5200,0.345309,-0.671086,0.00095812,0.00104152,13.989635,12.628717,2023-08-01
26460,2023-07-25 12:09:00,19900.0,19667.3,10821700,2521800,16.75,231.45,58000,7550,0.301181,-0.728088,0.00089614,0.00098985,14.135325,12.190932,2023-08-01
23836,2023-07-25 12:10:00,19400.0,19668.0,681000,5997750,295.9,8.9,1350,83950,0.743204,-0.219342,0.00070132,0.00076657,16.712652,14.023218,2023-08-01
18583,2023-07-25 12:10:00,19450.0,19668.0,221900,2942000,250.0,13.3,3600,60200,0.717523,-0.254093,0.00078145,0.00085592,15.732856,13.618442,2023-08-01
13326,2023-07-25 12:10:00,19500.0,19668.0,2347900,7590500,208.15,20.45,26250,218500,0.680515,-0.296412,0.00084569,0.00093786,15.368303,13.409084,2023-08-01
8069,2023-07-25 12:10:00,19550.0,19668.0,688750,3716900,168.0,30.1,31800,93000,0.641486,-0.341935,0.00091761,0.00101965,14.80641,13.097097,2023-08-01
2808,2023-07-25 12:10:00,19600.0,19668.0,2815200,6768750,131.85,44.0,91500,159200,0.596818,-0.393007,0.00097735,0.00108397,14.405682,12.900564,2023-08-01
176,2023-07-25 12:10:00,19650.0,19668.0,3449150,5365650,100.55,62.55,144250,176000,0.547891,-0.447596,0.00101732,0.00112994,14.158818,12.729323,2023-08-01
5439,2023-07-25 12:10:00,19700.0,19668.0,14001300,10554900,73.95,86.15,448050,352700,0.496617,-0.504568,0.00104065,0.00115509,13.941546,12.559923,2023-08-01
10697,2023-07-25 12:10:00,19750.0,19668.0,6854250,3054100,53.2,115.65,144200,61050,0.444802,-0.562205,0.00103247,0.00114603,13.917701,12.505776,2023-08-01
15954,2023-07-25 12:10:00,19800.0,19668.0,14768500,5606000,37.35,149.7,172700,73150,0.394535,-0.619676,0.00100152,0.00111956,13.97748,12.371749,2023-08-01
21208,2023-07-25 12:10:00,19850.0,19668.0,7777100,1506450,25.6,187.9,109300,13600,0.346999,-0.676934,0.00095343,0.00107504,14.084056,12.145886,2023-08-01
26461,2023-07-25 12:10:00,19900.0,19668.0,10821700,2521800,17.0,229.6,108200,15700,0.302363,-0.734832,0.00089503,0.00101282,14.178,11.765097,2023-08-01
23837,2023-07-25 12:11:00,19400.0,19673.7,681000,5948450,302.7,8.7,14350,222450,0.740271,-0.217047,0.00068167,0.0007548,17.29185,14.152406,2023-08-01
18584,2023-07-25 12:11:00,19450.0,19673.7,223200,2975050,256.15,12.9,1200,165800,0.717522,-0.250839,0.00076306,0.00084339,16.108201,13.724003,2023-08-01
13327,2023-07-25 12:11:00,19500.0,19673.7,2352800,7694050,212.45,19.7,33650,298550,0.685756,-0.292079,0.00084178,0.00092618,15.328064,13.482756,2023-08-01
8070,2023-07-25 12:11:00,19550.0,19673.7,704200,3780150,172.25,29.0,51100,143800,0.64648,-0.336914,0.0009113,0.0010083,14.831704,13.166329,2023-08-01
2809,2023-07-25 12:11:00,19600.0,19673.7,2796800,6808800,135.3,42.55,234950,460050,0.602659,-0.387515,0.00097633,0.00107233,14.362282,12.985475,2023-08-01
177,2023-07-25 12:11:00,19650.0,19673.7,3447750,5410950,103.1,60.45,321400,492550,0.554034,-0.441414,0.00102287,0.00112172,14.050609,12.791557,2023-08-01
5440,2023-07-25 12:11:00,19700.0,19673.7,14058500,10697150,75.75,83.6,815100,638550,0.502491,-0.497954,0.00105118,0.00114708,13.79869,12.645156,2023-08-01
10698,2023-07-25 12:11:00,19750.0,19673.7,6795800,3040050,54.65,111.9,241400,135550,0.450201,-0.555762,0.00104294,0.00115021,13.799557,12.487521,2023-08-01
15955,2023-07-25 12:11:00,19800.0,19673.7,14712050,5584450,38.35,145.9,303750,147050,0.399305,-0.612556,0.00101352,0.00111841,13.853445,12.449804,2023-08-01
21209,2023-07-25 12:11:00,19850.0,19673.7,7572350,1504300,26.25,183.5,464100,25250,0.351067,-0.669896,0.00096616,0.00107839,13.954512,12.21188,2023-08-01
26462,2023-07-25 12:11:00,19900.0,19673.7,10791850,2516200,17.45,225.1,127400,40250,0.305916,-0.725718,0.0009071,0.00101342,14.058823,11.95597,2023-08-01
23838,2023-07-25 12:12:00,19450.0,19675.05,223200,2975050,256.0,13.0,700,96550,0.722679,-0.251035,0.00077292,0.0008383,15.761047,13.812783,2023-08-01
18585,2023-07-25 12:12:00,19500.0,19675.05,2352800,7694050,212.65,19.8,25800,257150,0.689075,-0.292018,0.00084899,0.00092002,15.128104,13.571533,2023-08-01
13328,2023-07-25 12:12:00,19550.0,19675.05,704200,3780150,171.8,29.2,21550,66200,0.650346,-0.336823,0.00092564,0.00099952,14.543854,13.280419,2023-08-01
8071,2023-07-25 12:12:00,19600.0,19675.05,2796800,6808800,135.7,42.75,205250,205750,0.604539,-0.387018,0.00098088,0.00106209,14.27705,13.105627,2023-08-01
2810,2023-07-25 12:12:00,19650.0,19675.05,3447750,5410950,103.45,60.7,207850,189700,0.555645,-0.440475,0.00102726,0.00110905,13.982397,12.932904,2023-08-01
178,2023-07-25 12:12:00,19700.0,19675.05,14058500,10697150,76.35,83.75,471800,327800,0.503906,-0.496369,0.00105147,0.00113397,13.794328,12.790724,2023-08-01
5441,2023-07-25 12:12:00,19750.0,19675.05,6795800,3040050,55.15,112.8,169150,61000,0.451604,-0.552743,0.00104338,0.00112355,13.799515,12.796938,2023-08-01
10699,2023-07-25 12:12:00,19800.0,19675.05,14712050,5584450,38.9,146.45,254600,67950,0.400905,-0.608304,0.00101224,0.00109506,13.885153,12.754689,2023-08-01
15956,2023-07-25 12:12:00,19850.0,19675.05,7572350,1504300,26.65,184.15,178250,8600,0.352632,-0.662921,0.00096593,0.00105084,13.979965,12.6355,2023-08-01
21210,2023-07-25 12:12:00,19900.0,19675.05,10791850,2516200,17.75,225.55,125550,14500,0.307469,-0.715628,0.00090744,0.00098769,14.084716,12.484379,2023-08-01
26463,2023-07-25 12:12:00,19950.0,19675.05,4758500,568050,11.9,270.15,89000,550,0.267914,-0.763828,0.00083537,0.00090353,14.335,12.39993,2023-08-01
23839,2023-07-25 12:13:00,19400.0,19673.75,677250,5948450,301.25,8.5,5100,98150,0.745793,-0.21576,0.0006926,0.00075642,16.831451,14.074942,2023-08-01
18586,2023-07-25 12:13:00,19450.0,19673.75,223200,2975050,256.5,12.75,4000,74200,0.716538,-0.250138,0.00076017,0.00084482,16.197947,13.681689,2023-08-01
13329,2023-07-25 12:13:00,19500.0,19673.75,2352800,7694050,213.7,19.45,22200,127600,0.682809,-0.291243,0.00082979,0.00092899,15.613009,13.425297,2023-08-01
8072,2023-07-25 12:13:00,19550.0,19673.75,704200,3780150,173.0,28.75,18500,96550,0.64522,-0.336335,0.00090346,0.00101129,14.98073,13.119969,2023-08-01
2811,2023-07-25 12:13:00,19600.0,19673.75,2796800,6808800,136.25,42.15,92450,163800,0.601623,-0.386928,0.00096561,0.0010775,14.533161,12.918791,2023-08-01
179,2023-07-25 12:13:00,19650.0,19673.75,3447750,5410950,104.15,60.05,145950,170500,0.55351,-0.441115,0.00101036,0.00112704,14.228511,12.730973,2023-08-01
5442,2023-07-25 12:13:00,19700.0,19673.75,14058500,10697150,76.65,82.85,435500,240700,0.502594,-0.497949,0.00103988,0.00115794,13.949994,12.527792,2023-08-01
10700,2023-07-25 12:13:00,19750.0,19673.75,6795800,3040050,55.45,111.35,128950,50800,0.450822,-0.556159,0.00103268,0.00115834,13.940736,12.399281,2023-08-01
15957,2023-07-25 12:13:00,19800.0,19673.75,14712050,5584450,39.0,145.05,189900,54000,0.400306,-0.614029,0.00100504,0.00113184,13.980789,12.289638,2023-08-01
21211,2023-07-25 12:13:00,19850.0,19673.75,7572350,1504300,26.75,183.0,215850,6650,0.352311,-0.671384,0.00095961,0.00108644,14.069102,12.100538,2023-08-01
26464,2023-07-25 12:13:00,19900.0,19673.75,10791850,2516200,17.75,224.3,120700,14400,0.307052,-0.730153,0.00090321,0.00102726,14.143908,11.700805,2023-08-01
23840,2023-07-25 12:14:00,19450.0,19676.7,223500,2997650,259.95,12.4,2450,158750,0.715725,-0.247739,0.00074877,0.00084004,16.465526,13.68783,2023-08-01
18587,2023-07-25 12:14:00,19500.0,19676.7,2349800,7659300,215.1,19.0,61350,242250,0.687511,-0.288769,0.00083579,0.00092385,15.400642,13.444779,2023-08-01
13330,2023-07-25 12:14:00,19550.0,19676.7,698100,3799550,174.0,28.1,35800,144350,0.649968,-0.333532,0.00091307,0.00100667,14.749972,13.135665,2023-08-01
8073,2023-07-25 12:14:00,19600.0,19676.7,2887450,6836600,137.05,41.35,189500,414550,0.605807,-0.38401,0.00097641,0.00107237,14.329941,12.950439,2023-08-01
2812,2023-07-25 12:14:00,19650.0,19676.7,3448650,5358900,104.6,59.0,330900,558550,0.557199,-0.437942,0.00102377,0.00112246,14.02243,12.765933,2023-08-01
180,2023-07-25 12:14:00,19700.0,19676.7,14139200,10816450,77.2,81.75,921450,881650,0.505638,-0.494527,0.00105026,0.00115065,13.809643,12.60488,2023-08-01
5443,2023-07-25 12:14:00,19750.0,19676.7,6767000,3025050,55.55,110.1,261900,143350,0.453176,-0.55223,0.00104658,0.00114972,13.763945,12.50797,2023-08-01
10701,2023-07-25 12:14:00,19800.0,19676.7,14731400,5562150,39.05,143.55,303400,140950,0.402112,-0.609497,0.00101747,0.00112366,13.82479,12.419475,2023-08-01
15958,2023-07-25 12:14:00,19850.0,19676.7,7533500,1505000,26.7,180.95,200800,27900,0.353517,-0.667024,0.00097138,0.00108435,13.914274,12.186584,2023-08-01
21212,2023-07-25 12:14:00,19900.0,19676.7,10799900,2513450,17.8,222.65,160050,35400,0.308248,-0.721617,0.00091194,0.00101536,14.031123,12.020262,2023-08-01
26465,2023-07-25 12:14:00,19950.0,19676.7,4747700,568050,12.0,266.7,95450,3650,0.268896,-0.779865,0.00083841,0.00093724,14.309486,11.490567,2023-08-01
23841,2023-07-25 12:15:00,19450.0,19680.6,223500,2997650,262.8,11.75,4100,194750,0.719892,-0.243537,0.0007483,0.0008359,16.356656,13.627843,2023-08-01
18588,2023-07-25 12:15:00,19500.0,19680.6,2349800,7659300,219.6,17.85,78500,384150,0.687235,-0.283417,0.00081843,0.00092416,15.731046,13.31931,2023-08-01
13331,2023-07-25 12:15:00,19550.0,19680.6,698100,3799550,178.75,26.5,50150,249250,0.65001,-0.327905,0.00088968,0.00101085,15.13491,12.990763,2023-08-01
8074,2023-07-25 12:15:00,19600.0,19680.6,2887450,6836600,141.05,39.15,306550,536000,0.607845,-0.37832,0.00095749,0.00108211,14.590065,12.774173,2023-08-01
2813,2023-07-25 12:15:00,19650.0,19680.6,3448650,5358900,108.4,56.25,406450,522150,0.560204,-0.432674,0.00100346,0.00113689,14.288115,12.574652,2023-08-01
181,2023-07-25 12:15:00,19700.0,19680.6,14139200,10816450,79.75,78.1,1214100,1069500,0.509714,-0.489977,0.00104135,0.00117534,13.923026,12.335496,2023-08-01
5444,2023-07-25 12:15:00,19750.0,19680.6,6767000,3025050,57.7,105.9,438400,171850,0.45766,-0.549119,0.00103929,0.00117971,13.876048,12.200413,2023-08-01
10702,2023-07-25 12:15:00,19800.0,19680.6,14731400,5562150,40.65,138.65,446600,240650,0.406672,-0.608853,0.00101413,0.00116251,13.907824,12.008201,2023-08-01
15959,2023-07-25 12:15:00,19850.0,19680.6,7533500,1505000,27.7,176.05,222050,29500,0.357602,-0.668542,0.00097315,0.00112133,13.943307,11.76155,2023-08-01
21213,2023-07-25 12:15:00,19900.0,19680.6,10799900,2513450,18.45,217.15,167250,33250,0.311883,-0.729721,0.00091606,0.00106146,14.037381,11.329997,2023-08-01
26466,2023-07-25 12:15:00,19950.0,19680.6,4747700,567250,12.3,261.45,121850,4400,0.271441,-0.794825,0.00084517,0.00097345,14.259927,10.616059,2023-08-01
23842,2023-07-25 12:16:00,19450.0,19679.3,223500,2997650,261.4,12.0,1600,98700,0.719855,-0.245156,0.00075214,0.00083684,16.276055,13.662681,2023-08-01
18589,2023-07-25 12:16:00,19500.0,19679.3,2349800,7659300,218.25,18.3,42500,190600,0.68692,-0.285496,0.00082258,0.00092312,15.660172,13.382568,2023-08-01
13332,2023-07-25 12:16:00,19550.0,19679.3,698100,3799550,176.45,27.1,36500,147250,0.651289,-0.329996,0.00090475,0.0010084,14.864656,13.057202,2023-08-01
8075,2023-07-25 12:16:00,19600.0,19679.3,2887450,6836600,139.45,40.05,211000,316850,0.607476,-0.380521,0.00096655,0.00107629,14.458703,12.867509,2023-08-01
2814,2023-07-25 12:16:00,19650.0,19679.3,3448650,5358900,107.05,57.15,357950,320100,0.559252,-0.434448,0.00101093,0.00113211,14.189306,12.638747,2023-08-01
182,2023-07-25 12:16:00,19700.0,19679.3,14139200,10816450,79.0,79.55,830050,650500,0.508359,-0.491525,0.00104283,0.00116318,13.905867,12.466991,2023-08-01
5445,2023-07-25 12:16:00,19750.0,19679.3,6767000,3025050,56.95,107.55,250500,127100,0.45616,-0.54997,0.00104192,0.00116533,13.83692,12.349023,2023-08-01
10703,2023-07-25 12:16:00,19800.0,19679.3,14731400,5562150,40.15,140.7,391050,101550,0.405222,-0.608305,0.0010146,0.00114204,13.890506,12.229733,2023-08-01
15960,2023-07-25 12:16:00,19850.0,19679.3,7533500,1505000,27.35,178.3,250650,21100,0.35623,-0.665969,0.00097261,0.00109748,13.933841,12.055457,2023-08-01
21214,2023-07-25 12:16:00,19900.0,19679.3,10799900,2513450,18.25,219.35,224700,19750,0.310762,-0.724697,0.00091433,0.00103858,14.043584,11.687269,2023-08-01
26467,2023-07-25 12:16:00,19950.0,19679.3,4747700,567250,12.2,264.85,142000,2100,0.270625,-0.771886,0.00084282,0.00093363,14.280039,11.770267,2023-08-01
23843,2023-07-25 12:17:00,19450.0,19680.75,222850,3015750,262.85,11.8,400,83150,0.720178,-0.243815,0.00074863,0.00083483,16.342869,13.654846,2023-08-01
18590,2023-07-25 12:17:00,19500.0,19680.75,2353400,7632850,218.7,17.95,25100,167300,0.689845,-0.283788,0.00082778,0.00092225,15.498455,13.356537,2023-08-01
13333,2023-07-25 12:17:00,19550.0,19680.75,703300,3788550,177.5,26.7,20650,83000,0.652618,-0.328395,0.00090354,0.00100728,14.86322,13.045763,2023-08-01
8076,2023-07-25 12:17:00,19600.0,19680.75,2941500,6855550,139.85,39.65,144800,223150,0.609567,-0.379069,0.00097183,0.00107394,14.358266,12.880316,2023-08-01
2815,2023-07-25 12:17:00,19650.0,19680.75,3440700,5346150,107.05,56.75,171850,209350,0.561241,-0.432974,0.00102021,0.0011282,14.04912,12.67419,2023-08-01
183,2023-07-25 12:17:00,19700.0,19680.75,14393250,11042350,79.15,79.0,482500,287350,0.509882,-0.48985,0.0010495,0.0011598,13.815986,12.501748,2023-08-01
5446,2023-07-25 12:17:00,19750.0,19680.75,6766550,3045550,56.95,107.2,175150,59300,0.457319,-0.547854,0.00104948,0.00115691,13.741239,12.446753,2023-08-01
10704,2023-07-25 12:17:00,19800.0,19680.75,14722800,5542150,40.05,140.45,254150,61950,0.405966,-0.605248,0.00102242,0.00112992,13.790266,12.387199,2023-08-01
15961,2023-07-25 12:17:00,19850.0,19680.75,7437600,1504950,27.3,177.65,139550,9750,0.356793,-0.66272,0.00097883,0.00109021,13.852714,12.181492,2023-08-01
21215,2023-07-25 12:17:00,19900.0,19680.75,10768350,2508200,18.25,218.65,99500,10850,0.311285,-0.719953,0.000919,0.00103061,13.982095,11.87606,2023-08-01
26468,2023-07-25 12:17:00,19950.0,19680.75,4737100,567250,12.25,262.3,53400,1050,0.271282,-0.782676,0.00084606,0.00095694,14.242053,11.17051,2023-08-01
23844,2023-07-25 12:18:00,19450.0,19685.0,222850,3015750,264.65,11.25,2000,77000,0.729358,-0.239968,0.00075958,0.0008287,15.842202,13.635419,2023-08-01
18591,2023-07-25 12:18:00,19500.0,19685.0,2353400,7632850,220.65,17.05,25800,266300,0.697244,-0.279124,0.00083762,0.00091837,15.151241,13.30393,2023-08-01
13334,2023-07-25 12:18:00,19550.0,19685.0,703300,3788550,179.65,25.5,28350,204300,0.658437,-0.323535,0.00091036,0.00100474,14.656365,12.997339,2023-08-01
8077,2023-07-25 12:18:00,19600.0,19685.0,2941500,6855550,141.55,38.1,187150,280800,0.615222,-0.374143,0.00098195,0.00107282,14.148083,12.839108,2023-08-01
2816,2023-07-25 12:18:00,19650.0,19685.0,3440700,5346150,108.8,54.85,223200,358350,0.56608,-0.428041,0.00102705,0.00112804,13.925768,12.646064,2023-08-01
184,2023-07-25 12:18:00,19700.0,19685.0,14393250,11042350,80.2,76.7,667700,464450,0.514423,-0.484911,0.00106205,0.00116105,13.645604,12.481384,2023-08-01
5447,2023-07-25 12:18:00,19750.0,19685.0,6766550,3045550,57.9,104.3,243800,103150,0.461361,-0.543133,0.00105995,0.0011628,13.61747,12.398545,2023-08-01
10705,2023-07-25 12:18:00,19800.0,19685.0,14722800,5542150,40.8,137.05,258450,110550,0.409593,-0.60105,0.00103216,0.00113946,13.68767,12.316415,2023-08-01
15962,2023-07-25 12:18:00,19850.0,19685.0,7437600,1504950,27.8,174.5,154300,17450,0.359913,-0.657327,0.0009889,0.00109133,13.751,12.241004,2023-08-01
21216,2023-07-25 12:18:00,19900.0,19685.0,10768350,2508200,18.6,215.9,111750,16350,0.314007,-0.710683,0.00092844,0.00102098,13.889608,12.173818,2023-08-01
26469,2023-07-25 12:18:00,19950.0,19685.0,4737100,566200,12.5,259.8,64500,2450,0.273676,-0.764668,0.00085458,0.00094194,14.159464,11.868442,2023-08-01
23845,2023-07-25 12:19:00,19450.0,19684.6,222850,3015750,264.8,11.45,1500,194400,0.727307,-0.241161,0.00075564,0.00082762,15.986047,13.691098,2023-08-01
18592,2023-07-25 12:19:00,19500.0,19684.6,2353400,7632850,219.7,17.35,66000,294850,0.698638,-0.280422,0.00084429,0.00091597,15.001449,13.369773,2023-08-01
13335,2023-07-25 12:19:00,19550.0,19684.6,703300,3788550,178.55,25.95,44100,180750,0.659687,-0.324914,0.00091947,0.00100029,14.491994,13.078836,2023-08-01
8078,2023-07-25 12:19:00,19600.0,19684.6,2941500,6855550,141.0,38.65,245100,383950,0.615192,-0.375301,0.00098545,0.00106708,14.099165,12.921688,2023-08-01
2817,2023-07-25 12:19:00,19650.0,19684.6,3440700,5346150,108.0,55.5,341100,457950,0.566059,-0.428922,0.00103409,0.00112097,13.831987,12.731875,2023-08-01
185,2023-07-25 12:19:00,19700.0,19684.6,14393250,11042350,79.55,77.5,876100,630050,0.51403,-0.48544,0.00106786,0.00115184,13.57282,12.582669,2023-08-01
5448,2023-07-25 12:19:00,19750.0,19684.6,6766550,3045550,57.5,105.3,311300,149150,0.460799,-0.54307,0.00106291,0.00115059,13.578533,12.531131,2023-08-01
10706,2023-07-25 12:19:00,19800.0,19684.6,14722800,5542150,40.45,138.2,581000,143100,0.408888,-0.600075,0.00103484,0.00112481,13.647471,12.485758,2023-08-01
15963,2023-07-25 12:19:00,19850.0,19684.6,7437600,1504950,27.6,176.5,317450,27850,0.359291,-0.652937,0.00098989,0.00106263,13.729968,12.632501,2023-08-01
21217,2023-07-25 12:19:00,19900.0,19684.6,10768350,2508200,18.45,216.65,211700,39450,0.313371,-0.709127,0.00092901,0.00101332,13.870015,12.297623,2023-08-01
26470,2023-07-25 12:19:00,19950.0,19684.6,4737100,566200,12.4,262.0,137300,2450,0.273103,-0.750936,0.00085465,0.00091203,14.144521,12.641302,2023-08-01
23846,2023-07-25 12:20:00,19450.0,19685.45,223600,3016250,264.95,11.3,5100,199450,0.729927,-0.240191,0.00075967,0.00082681,15.825045,13.674562,2023-08-01
18593,2023-07-25 12:20:00,19500.0,19685.45,2340350,7536600,221.8,17.2,41600,266400,0.695404,-0.279618,0.00082916,0.00091479,15.348526,13.36844,2023-08-01
13336,2023-07-25 12:20:00,19550.0,19685.45,704550,3833250,180.0,25.7,35400,199650,0.658772,-0.323928,0.00090956,0.00099988,14.664957,13.067965,2023-08-01
8079,2023-07-25 12:20:00,19600.0,19685.45,2898800,6866500,142.15,38.2,238650,349550,0.615225,-0.374091,0.00097786,0.00106879,14.208303,12.887904,2023-08-01
2818,2023-07-25 12:20:00,19650.0,19685.45,3455250,5412050,109.15,55.2,381950,418850,0.566461,-0.428014,0.00102551,0.00111972,13.94548,12.740872,2023-08-01
186,2023-07-25 12:20:00,19700.0,19685.45,14281550,11050550,80.65,76.95,772550,559450,0.514873,-0.484451,0.00105876,0.00115342,13.688471,12.564337,2023-08-01
5449,2023-07-25 12:20:00,19750.0,19685.45,6704450,3043200,58.2,104.55,268100,141950,0.461914,-0.542248,0.00105818,0.0011544,13.643086,12.49264,2023-08-01
10707,2023-07-25 12:20:00,19800.0,19685.45,14775700,5572700,40.9,137.45,549850,130200,0.410025,-0.599354,0.00103269,0.00112781,13.685089,12.45848,2023-08-01
15964,2023-07-25 12:20:00,19850.0,19685.45,7314900,1506850,27.95,174.8,238450,19750,0.360491,-0.65491,0.00098846,0.00108056,13.76577,12.396623,2023-08-01
21218,2023-07-25 12:20:00,19900.0,19685.45,10733800,2512300,18.65,215.25,208550,26300,0.314378,-0.711503,0.00092911,0.00102625,13.887681,12.095998,2023-08-01
26471,2023-07-25 12:20:00,19950.0,19685.45,4775300,566200,12.55,260.35,195200,2950,0.274088,-0.756518,0.00085506,0.00092718,14.163041,12.284502,2023-08-01
23847,2023-07-25 12:21:00,19450.0,19681.35,223600,3016250,260.9,11.85,2850,99700,0.728739,-0.244039,0.00076914,0.0008324,15.668404,13.703825,2023-08-01
18594,2023-07-25 12:21:00,19500.0,19681.35,2340350,7536600,217.6,18.05,48950,188100,0.694383,-0.284065,0.00084233,0.00091862,15.134836,13.417772,2023-08-01
13337,2023-07-25 12:21:00,19550.0,19681.35,704550,3833250,176.2,26.95,24100,117750,0.656478,-0.32886,0.00092152,0.00100092,14.515105,13.138288,2023-08-01
8080,2023-07-25 12:21:00,19600.0,19681.35,2898800,6866500,139.0,39.9,164250,271100,0.611699,-0.37918,0.00098546,0.00106679,14.139832,12.969991,2023-08-01
2819,2023-07-25 12:21:00,19650.0,19681.35,3455250,5412050,106.65,57.3,244250,273800,0.562304,-0.432968,0.00102851,0.00111577,13.932126,12.817547,2023-08-01
187,2023-07-25 12:21:00,19700.0,19681.35,14281550,11050550,78.6,79.7,539150,335050,0.510529,-0.489217,0.00105962,0.00114393,13.68568,12.67675,2023-08-01
5450,2023-07-25 12:21:00,19750.0,19681.35,6704450,3043200,56.85,107.85,296250,88050,0.457755,-0.546395,0.00105346,0.00114071,13.693156,12.631119,2023-08-01
10708,2023-07-25 12:21:00,19800.0,19681.35,14775700,5572700,40.05,141.3,259050,82100,0.406372,-0.602398,0.00102469,0.00110941,13.765401,12.642938,2023-08-01
15965,2023-07-25 12:21:00,19850.0,19681.35,7314900,1506850,27.35,178.95,191250,13900,0.357246,-0.656716,0.00098008,0.00106071,13.843424,12.607096,2023-08-01
21219,2023-07-25 12:21:00,19900.0,19681.35,10733800,2512300,18.25,220.1,131650,19000,0.311577,-0.709311,0.00092062,0.00099725,13.965365,12.495272,2023-08-01
26472,2023-07-25 12:21:00,19950.0,19681.35,4775300,566400,12.3,264.6,74350,1150,0.271784,-0.75646,0.00084681,0.00091172,14.245004,12.497736,2023-08-01
23848,2023-07-25 12:22:00,19450.0,19684.85,223600,3016250,261.95,11.45,450,98000,0.738831,-0.241179,0.00078304,0.00082679,15.095753,13.707164,2023-08-01
18595,2023-07-25 12:22:00,19500.0,19684.85,2340350,7536600,220.9,17.45,21800,135450,0.695976,-0.280796,0.00083369,0.00091367,15.254199,13.413839,2023-08-01
13338,2023-07-25 12:22:00,19550.0,19684.85,704550,3833250,178.6,26.1,12400,149200,0.66013,-0.325264,0.00092041,0.00099694,14.471899,13.130278,2023-08-01
8081,2023-07-25 12:22:00,19600.0,19684.85,2898800,6866500,142.0,38.6,68000,214300,0.614258,-0.37512,0.00097508,0.00106617,14.261209,12.932461,2023-08-01
2820,2023-07-25 12:22:00,19650.0,19684.85,3455250,5412050,108.8,55.65,147100,234500,0.565821,-0.428882,0.00102548,0.00111684,13.951468,12.780386,2023-08-01
188,2023-07-25 12:22:00,19700.0,19684.85,14281550,11050550,80.35,77.6,369000,279150,0.514231,-0.485186,0.0010586,0.00114805,13.693105,12.625621,2023-08-01
5451,2023-07-25 12:22:00,19750.0,19684.85,6704450,3043200,58.15,105.65,151850,70400,0.461397,-0.542437,0.00105527,0.00114256,13.680726,12.623125,2023-08-01
10709,2023-07-25 12:22:00,19800.0,19684.85,14775700,5572700,40.95,138.05,195850,61900,0.409738,-0.599736,0.00102894,0.00112433,13.73449,12.495501,2023-08-01
15966,2023-07-25 12:22:00,19850.0,19684.85,7314900,1506850,27.75,176.0,186450,7950,0.359793,-0.653491,0.00098852,0.00106768,13.757384,12.566962,2023-08-01
21220,2023-07-25 12:22:00,19900.0,19684.85,10733800,2512300,18.55,216.6,137100,15000,0.313864,-0.708075,0.00092824,0.00101081,13.892738,12.350524,2023-08-01
26473,2023-07-25 12:22:00,19950.0,19684.85,4775300,566400,12.35,260.25,59400,1750,0.272997,-0.762213,0.00085577,0.0009365,14.125217,12.008136,2023-08-01
23849,2023-07-25 12:23:00,19450.0,19688.75,223600,3016250,264.9,11.4,550,112750,0.743633,-0.240097,0.00078213,0.00081645,14.966528,13.844796,2023-08-01
18596,2023-07-25 12:23:00,19500.0,19688.75,2345350,7583300,220.45,17.3,34500,118950,0.710147,-0.279114,0.00086701,0.00090197,14.348925,13.546297,2023-08-01
13339,2023-07-25 12:23:00,19550.0,19688.75,704300,3834100,179.55,25.85,27250,124800,0.668139,-0.32308,0.00093925,0.00098346,14.048036,13.271525,2023-08-01
8082,2023-07-25 12:23:00,19600.0,19688.75,2894200,6876350,141.6,38.4,140100,258250,0.622492,-0.372671,0.00100879,0.00104838,13.693185,13.122602,2023-08-01
2821,2023-07-25 12:23:00,19650.0,19688.75,3494950,5429300,108.5,55.3,278500,275050,0.571852,-0.425622,0.00105641,0.00109696,13.504903,12.990285,2023-08-01
189,2023-07-25 12:23:00,19700.0,19688.75,14277300,11068750,80.3,77.2,607150,345300,0.518624,-0.480959,0.00108409,0.00112411,13.363102,12.886777,2023-08-01
5452,2023-07-25 12:23:00,19750.0,19688.75,6657550,3081000,57.75,105.0,223550,99600,0.464455,-0.536953,0.00108242,0.00111774,13.34506,12.919196,2023-08-01
10710,2023-07-25 12:23:00,19800.0,19688.75,14797050,5577750,40.75,137.5,280550,87300,0.411942,-0.592091,0.00105027,0.0010929,13.470669,12.914655,2023-08-01
15967,2023-07-25 12:23:00,19850.0,19688.75,7231000,1506850,27.9,174.65,145200,13100,0.361996,-0.644874,0.00100229,0.0010449,13.594873,12.953918,2023-08-01
21221,2023-07-25 12:23:00,19900.0,19688.75,10727950,2516400,18.45,215.35,112000,27800,0.314946,-0.695184,0.00094288,0.00098287,13.695166,12.951992,2023-08-01
26474,2023-07-25 12:23:00,19950.0,19688.75,4764800,566400,12.35,259.65,108450,1900,0.274092,-0.738323,0.00086672,0.00089825,13.972304,13.170749,2023-08-01
23850,2023-07-25 12:24:00,19450.0,19685.75,223800,3026300,262.55,11.5,600,108150,0.740188,-0.2413,0.00078345,0.00082365,15.048203,13.76396,2023-08-01
18597,2023-07-25 12:24:00,19500.0,19685.75,2345350,7583300,219.4,17.6,37050,103750,0.703078,-0.281145,0.00085531,0.00090857,14.711461,13.498008,2023-08-01
13340,2023-07-25 12:24:00,19550.0,19685.75,704300,3834100,177.7,26.3,16250,112450,0.664317,-0.325464,0.00093731,0.00099023,14.143727,13.223393,2023-08-01
8083,2023-07-25 12:24:00,19600.0,19685.75,2894200,6876350,140.35,38.85,98750,214950,0.618259,-0.375066,0.00100119,0.00105772,13.846959,13.035913,2023-08-01
2822,2023-07-25 12:24:00,19650.0,19685.75,3494950,5429300,107.55,55.9,187750,200100,0.56803,-0.42842,0.00104706,0.00110723,13.651618,12.889245,2023-08-01
190,2023-07-25 12:24:00,19700.0,19685.75,14277300,11068750,79.3,78.0,425400,289950,0.515318,-0.484257,0.00107779,0.00113489,13.44872,12.771541,2023-08-01
5453,2023-07-25 12:24:00,19750.0,19685.75,6657550,3081000,57.3,105.9,151900,83100,0.461657,-0.540884,0.00107131,0.00113044,13.477398,12.764373,2023-08-01
10711,2023-07-25 12:24:00,19800.0,19685.75,14797050,5577750,40.35,139.0,241150,60550,0.409522,-0.596248,0.00104105,0.00109981,13.573686,12.803376,2023-08-01
15968,2023-07-25 12:24:00,19850.0,19685.75,7231000,1506000,27.5,177.4,90700,12200,0.359685,-0.646944,0.00099536,0.00103538,13.662203,13.048346,2023-08-01
21222,2023-07-25 12:24:00,19900.0,19685.75,10727950,2516400,18.3,217.45,124750,27800,0.313367,-0.699948,0.00093449,0.0009856,13.791202,12.827782,2023-08-01
26475,2023-07-25 12:24:00,19950.0,19685.75,4764800,568550,12.2,261.0,69250,1250,0.27255,-0.749601,0.00086006,0.00091333,14.044053,12.661456,2023-08-01
23851,2023-07-25 12:25:00,19450.0,19684.1,223800,3026300,262.35,11.8,500,83350,0.734031,-0.243268,0.00077388,0.00082499,15.419824,13.803979,2023-08-01
18598,2023-07-25 12:25:00,19500.0,19684.1,2345350,7583300,217.65,17.85,28050,141650,0.702851,-0.28259,0.00086145,0.00091117,14.613697,13.494431,2023-08-01
13341,2023-07-25 12:25:00,19550.0,19684.1,704300,3834100,176.45,26.8,14350,120250,0.662747,-0.327433,0.00093896,0.00099063,14.14636,13.252306,2023-08-01
8084,2023-07-25 12:25:00,19600.0,19684.1,2894200,6876350,139.15,39.6,73200,169100,0.616698,-0.377213,0.00100339,0.00105594,13.835361,13.08294,2023-08-01
2823,2023-07-25 12:25:00,19650.0,19684.1,3494950,5429300,106.5,56.65,158600,217300,0.566345,-0.430325,0.00104874,0.00110694,13.641559,12.90557,2023-08-01
191,2023-07-25 12:25:00,19700.0,19684.1,14277300,11068750,78.5,78.9,450250,298450,0.513535,-0.486139,0.00107768,0.0011341,13.454005,12.784299,2023-08-01
5454,2023-07-25 12:25:00,19750.0,19684.1,6657550,3081000,56.6,107.2,204950,150150,0.459867,-0.542548,0.00107138,0.0011254,13.472346,12.817525,2023-08-01
10712,2023-07-25 12:25:00,19800.0,19684.1,14797050,5577750,39.8,140.4,164700,63750,0.407759,-0.597685,0.00104051,0.00109486,13.568279,12.851306,2023-08-01
15969,2023-07-25 12:25:00,19850.0,19684.1,7231000,1506000,27.2,178.0,91650,8400,0.358242,-0.650436,0.00099266,0.00104417,13.68205,12.893844,2023-08-01
21223,2023-07-25 12:25:00,19900.0,19684.1,10727950,2516400,18.15,218.1,154450,10700,0.312279,-0.704876,0.00093081,0.00099534,13.826712,12.608337,2023-08-01
26476,2023-07-25 12:25:00,19950.0,19684.1,4764800,568550,12.2,262.0,66550,850,0.272125,-0.754647,0.00085537,0.0009181,14.112031,12.46126,2023-08-01
23852,2023-07-25 12:26:00,19450.0,19679.35,224050,3026300,259.45,11.9,750,115800,0.726149,-0.244864,0.00076871,0.00083738,15.756837,13.651811,2023-08-01
18599,2023-07-25 12:26:00,19500.0,19679.35,2375900,7583300,215.95,18.2,54100,179650,0.692667,-0.285326,0.00084441,0.00092358,15.140191,13.378555,2023-08-01
13342,2023-07-25 12:26:00,19550.0,19679.35,696150,3834100,174.35,27.15,23750,113100,0.655233,-0.330278,0.00092691,0.00100671,14.455193,13.089956,2023-08-01
8085,2023-07-25 12:26:00,19600.0,19679.35,2876800,6876350,137.5,40.1,105450,251950,0.609849,-0.380703,0.00098824,0.00107438,14.124063,12.898555,2023-08-01
2824,2023-07-25 12:26:00,19650.0,19679.35,3489650,5429300,105.0,57.65,231900,279300,0.560508,-0.434877,0.00103478,0.00112335,13.86234,12.745657,2023-08-01
192,2023-07-25 12:26:00,19700.0,19679.35,14261000,11068750,77.05,80.1,648450,500600,0.508402,-0.491508,0.00106665,0.00115327,13.601941,12.580221,2023-08-01
5455,2023-07-25 12:26:00,19750.0,19679.35,6622850,3081000,55.5,108.7,265050,117250,0.455295,-0.548964,0.00105978,0.0011456,13.606978,12.571809,2023-08-01
10713,2023-07-25 12:26:00,19800.0,19679.35,14775700,5577750,38.9,142.15,262100,125950,0.403607,-0.605571,0.00103015,0.00111669,13.673723,12.53755,2023-08-01
15970,2023-07-25 12:26:00,19850.0,19679.35,7278450,1506000,26.5,180.4,136600,15750,0.354437,-0.659216,0.0009831,0.00106037,13.767291,12.580578,2023-08-01
21224,2023-07-25 12:26:00,19900.0,19679.35,10720750,2516400,17.7,221.1,136350,27000,0.30905,-0.714871,0.00092087,0.00100627,13.917049,12.275205,2023-08-01
26477,2023-07-25 12:26:00,19950.0,19679.35,4771400,568550,11.85,265.6,77550,2750,0.269122,-0.764884,0.00084661,0.00092096,14.183282,12.140864,2023-08-01
23853,2023-07-25 12:27:00,19450.0,19679.15,224050,3009950,257.9,12.1,1400,54400,0.730907,-0.245967,0.00078154,0.0008357,15.364353,13.713098,2023-08-01
18600,2023-07-25 12:27:00,19500.0,19679.15,2375900,7583250,213.65,18.55,20600,85100,0.698441,-0.286683,0.00086681,0.00091986,14.625764,13.463774,2023-08-01
13343,2023-07-25 12:27:00,19550.0,19679.15,696150,3822400,172.65,27.5,8500,96850,0.658201,-0.331256,0.00094483,0.00100279,14.135847,13.157436,2023-08-01
8086,2023-07-25 12:27:00,19600.0,19679.15,2876800,6873450,136.15,40.6,83550,168050,0.611229,-0.381612,0.00100296,0.00106832,13.903563,12.981835,2023-08-01
2825,2023-07-25 12:27:00,19650.0,19679.15,3489650,5403100,104.0,58.2,132650,200500,0.560865,-0.435467,0.00104585,0.00111655,13.714433,12.827278,2023-08-01
193,2023-07-25 12:27:00,19700.0,19679.15,14261000,11043000,76.15,81.0,342750,353200,0.508192,-0.491754,0.00107714,0.00114113,13.470331,12.714975,2023-08-01
5456,2023-07-25 12:27:00,19750.0,19679.15,6622850,3082250,54.85,109.45,145200,78000,0.454703,-0.548709,0.00106728,0.00113572,13.509969,12.682921,2023-08-01
10714,2023-07-25 12:27:00,19800.0,19679.15,14775700,5558250,38.4,143.1,150650,59050,0.402779,-0.604416,0.00103588,0.00110358,13.591808,12.69742,2023-08-01
15971,2023-07-25 12:27:00,19850.0,19679.15,7278450,1503850,26.1,181.3,111900,3900,0.353409,-0.657274,0.00098766,0.0010481,13.690345,12.756081,2023-08-01
21225,2023-07-25 12:27:00,19900.0,19679.15,10720750,2504850,17.4,222.5,104100,16750,0.307923,-0.709108,0.00092415,0.00098549,13.846354,12.653679,2023-08-01
26478,2023-07-25 12:27:00,19950.0,19679.15,4771400,565250,11.65,267.0,125800,1200,0.26807,-0.755564,0.00084851,0.00090181,14.124625,12.665234,2023-08-01
23854,2023-07-25 12:28:00,19450.0,19679.9,224050,3009950,256.3,12.15,700,76100,0.740352,-0.246079,0.0008023,0.00083295,14.697175,13.761803,2023-08-01
18601,2023-07-25 12:28:00,19500.0,19679.9,2375900,7583250,212.8,18.55,26850,140250,0.703474,-0.286477,0.00088185,0.00091713,14.267071,13.499381,2023-08-01
13344,2023-07-25 12:28:00,19550.0,19679.9,696150,3822400,171.85,27.8,10100,101000,0.661836,-0.331706,0.00096023,0.00099539,13.852413,13.262452,2023-08-01
8087,2023-07-25 12:28:00,19600.0,19679.9,2876800,6873450,135.55,40.95,140650,207900,0.61347,-0.381736,0.00101596,0.00105932,13.70292,13.093572,2023-08-01
2826,2023-07-25 12:28:00,19650.0,19679.9,3489650,5403100,103.05,58.85,195650,246850,0.562579,-0.435366,0.00106328,0.00110225,13.480752,12.993232,2023-08-01
194,2023-07-25 12:28:00,19700.0,19679.9,14261000,11043000,75.85,81.85,447350,373450,0.50901,-0.490933,0.00108583,0.00112268,13.362075,12.923421,2023-08-01
5457,2023-07-25 12:28:00,19750.0,19679.9,6622850,3082250,54.5,110.55,149250,83950,0.455078,-0.546702,0.00107608,0.00111233,13.401067,12.957613,2023-08-01
10715,2023-07-25 12:28:00,19800.0,19679.9,14775700,5558250,38.1,144.4,210500,78150,0.402808,-0.60062,0.00104344,0.00107601,13.493702,13.056218,2023-08-01
15972,2023-07-25 12:28:00,19850.0,19679.9,7278450,1503850,25.95,182.15,113150,9950,0.353406,-0.652516,0.00099263,0.00102649,13.621966,13.091952,2023-08-01
21226,2023-07-25 12:28:00,19900.0,19679.9,10720750,2504850,17.25,223.35,98900,18550,0.307658,-0.701775,0.0009286,0.0009632,13.774857,13.096253,2023-08-01
26479,2023-07-25 12:28:00,19950.0,19679.9,4771400,565250,11.55,268.3,58150,400,0.267775,-0.741863,0.00085176,0.00087461,14.062953,13.441301,2023-08-01
23855,2023-07-25 12:29:00,19450.0,19680.1,224050,3009950,256.15,12.05,450,54850,0.741855,-0.245545,0.0008052,0.00083344,14.600752,13.738345,2023-08-01
18602,2023-07-25 12:29:00,19500.0,19680.1,2383100,7583250,214.4,18.4,20600,90150,0.69926,-0.285894,0.00086571,0.00091822,14.627145,13.47088,2023-08-01
13345,2023-07-25 12:29:00,19550.0,19680.1,694900,3822400,173.55,27.3,9200,64450,0.658651,-0.330399,0.00094139,0.00100111,14.181045,13.166485,2023-08-01
8088,2023-07-25 12:29:00,19600.0,19680.1,2899000,6873450,136.15,40.45,78650,170150,0.613013,-0.380862,0.00100982,0.00106509,13.791522,13.01407,2023-08-01
2827,2023-07-25 12:29:00,19650.0,19680.1,3497650,5433350,103.95,58.05,107850,218900,0.562244,-0.434609,0.00105282,0.00111228,13.616969,12.872478,2023-08-01
195,2023-07-25 12:29:00,19700.0,19680.1,14302100,11074750,76.3,80.75,274500,310800,0.509217,-0.490683,0.00108089,0.00113721,13.423511,12.758699,2023-08-01
5458,2023-07-25 12:29:00,19750.0,19680.1,6626400,3082250,54.95,109.4,92300,82400,0.455547,-0.547226,0.00107089,0.00112763,13.468222,12.780235,2023-08-01
10716,2023-07-25 12:29:00,19800.0,19680.1,14799850,5573200,38.55,142.9,125250,72100,0.403592,-0.60257,0.00103805,0.00109669,13.570945,12.793818,2023-08-01
15973,2023-07-25 12:29:00,19850.0,19680.1,7260950,1503850,26.3,181.0,53100,9250,0.354353,-0.654993,0.00098848,0.00104191,13.692653,12.864523,2023-08-01
21227,2023-07-25 12:29:00,19900.0,19680.1,10719050,2504850,17.5,221.8,66100,16300,0.308655,-0.707617,0.00092579,0.00098495,13.836931,12.691445,2023-08-01
26480,2023-07-25 12:29:00,19950.0,19680.1,4767200,565250,11.75,268.45,32650,350,0.268883,-0.739747,0.00084972,0.00087041,14.126706,13.563874,2023-08-01
23856,2023-07-25 12:30:00,19450.0,19686.2,224750,3020350,261.55,11.65,400,78000,0.746287,-0.242144,0.00079596,0.00082054,14.633549,13.846007,2023-08-01
18603,2023-07-25 12:30:00,19500.0,19686.2,2383100,7600650,217.35,17.65,35250,155700,0.710998,-0.281332,0.00088069,0.00090604,14.113227,13.54358,2023-08-01
13346,2023-07-25 12:30:00,19550.0,19686.2,694900,3834750,176.4,26.35,20050,129400,0.668351,-0.325524,0.00095574,0.00098717,13.808641,13.268826,2023-08-01
8089,2023-07-25 12:30:00,19600.0,19686.2,2899000,6910550,139.0,39.1,129750,234800,0.621064,-0.375312,0.00102089,0.00105137,13.553007,13.12091,2023-08-01
2828,2023-07-25 12:30:00,19650.0,19686.2,3497650,5433350,106.2,56.45,264450,279900,0.569685,-0.428593,0.00106707,0.00109598,13.389536,13.026097,2023-08-01
196,2023-07-25 12:30:00,19700.0,19686.2,14302100,11074750,78.3,78.65,572100,361350,0.515909,-0.483871,0.00109339,0.00112137,13.259543,12.928425,2023-08-01
5459,2023-07-25 12:30:00,19750.0,19686.2,6626400,3054250,56.35,106.85,192550,140800,0.461498,-0.539597,0.00108607,0.00111182,13.297374,12.985827,2023-08-01
10717,2023-07-25 12:30:00,19800.0,19686.2,14799850,5573200,39.55,140.0,228150,76900,0.408784,-0.593783,0.00105352,0.0010798,13.410815,13.064135,2023-08-01
15974,2023-07-25 12:30:00,19850.0,19686.2,7260950,1502250,26.8,177.55,76600,11050,0.358388,-0.645191,0.00100629,0.00102798,13.500541,13.169094,2023-08-01
21228,2023-07-25 12:30:00,19900.0,19686.2,10719050,2507750,17.85,219.1,90700,25300,0.312077,-0.691437,0.00094166,0.00095537,13.665442,13.403249,2023-08-01
26481,2023-07-25 12:30:00,19950.0,19686.2,4767200,564400,11.9,262.85,105400,2700,0.271311,-0.735273,0.00086478,0.00088134,13.939524,13.509517,2023-08-01
23857,2023-07-25 12:31:00,19450.0,19690.9,224750,3020350,266.1,11.1,2150,101700,0.747966,-0.238208,0.00078521,0.00081342,14.779438,13.840316,2023-08-01
18604,2023-07-25 12:31:00,19500.0,19690.9,2383100,7600650,222.2,16.9,54700,177900,0.711835,-0.277128,0.00086381,0.00089905,14.366721,13.54675,2023-08-01
13347,2023-07-25 12:31:00,19550.0,19690.9,694900,3834750,179.9,25.25,30600,134600,0.673068,-0.320784,0.0009515,0.0009817,13.787905,13.25978,2023-08-01
8090,2023-07-25 12:31:00,19600.0,19690.9,2899000,6910550,142.3,37.6,229550,293000,0.625745,-0.370272,0.00101577,0.00104758,13.566062,13.10905,2023-08-01
2829,2023-07-25 12:31:00,19650.0,19690.9,3497650,5433350,109.0,54.2,357450,377050,0.5747,-0.423107,0.00106447,0.00109835,13.388473,12.961558,2023-08-01
197,2023-07-25 12:31:00,19700.0,19690.9,14302100,11074750,80.6,75.7,821550,578950,0.521051,-0.478494,0.00109315,0.00112917,13.252072,12.828526,2023-08-01
5460,2023-07-25 12:31:00,19750.0,19690.9,6626400,3054250,57.9,103.5,276800,113150,0.466426,-0.534663,0.00109175,0.00112067,13.240519,12.895751,2023-08-01
10718,2023-07-25 12:31:00,19800.0,19690.9,14799850,5573200,40.8,136.15,274200,121300,0.413471,-0.589512,0.00105919,0.00109159,13.372555,12.953589,2023-08-01
15975,2023-07-25 12:31:00,19850.0,19690.9,7260950,1502250,27.7,173.4,119800,20650,0.362716,-0.641566,0.0010132,0.00104029,13.461387,13.057404,2023-08-01
21229,2023-07-25 12:31:00,19900.0,19690.9,10719050,2507750,18.4,214.15,143200,28550,0.315723,-0.690659,0.00095038,0.00097611,13.605225,13.130327,2023-08-01
26482,2023-07-25 12:31:00,19950.0,19690.9,4767200,564400,12.2,258.5,120950,2050,0.274139,-0.732053,0.00087432,0.0008905,13.855961,13.450067,2023-08-01
23858,2023-07-25 12:32:00,19450.0,19692.65,224750,3020350,267.7,11.0,4700,227850,0.748988,-0.237316,0.00078214,0.00080969,14.804982,13.874995,2023-08-01
18605,2023-07-25 12:32:00,19500.0,19692.65,2347600,7600650,222.7,16.85,86050,278350,0.716612,-0.276462,0.00087207,0.00089371,14.11726,13.611105,2023-08-01
13348,2023-07-25 12:32:00,19550.0,19692.65,684750,3834750,181.05,25.05,56350,261800,0.675212,-0.319588,0.0009518,0.00097693,13.746016,13.303063,2023-08-01
8091,2023-07-25 12:32:00,19600.0,19692.65,2889050,6910550,143.1,37.4,345000,450700,0.628187,-0.369017,0.0010194,0.00104131,13.488999,13.172818,2023-08-01
2830,2023-07-25 12:32:00,19650.0,19692.65,3407250,5433350,109.65,54.0,495800,435200,0.576915,-0.42165,0.00106876,0.0010903,13.319782,13.047298,2023-08-01
198,2023-07-25 12:32:00,19700.0,19692.65,14237000,11074750,81.05,75.35,1214350,796650,0.523046,-0.47663,0.00109868,0.00112123,13.181125,12.915427,2023-08-01
5461,2023-07-25 12:32:00,19750.0,19692.65,6578500,3054250,58.45,103.0,377550,216450,0.468256,-0.532418,0.00109426,0.00111305,13.214515,12.989722,2023-08-01
10719,2023-07-25 12:32:00,19800.0,19692.65,14754700,5573200,41.1,135.7,468500,242650,0.415011,-0.586588,0.00106365,0.00108142,13.327333,13.096724,2023-08-01
15976,2023-07-25 12:32:00,19850.0,19692.65,7280900,1502250,27.95,172.75,194650,52000,0.364145,-0.638114,0.00101699,0.00103155,13.428474,13.21111,2023-08-01
21230,2023-07-25 12:32:00,19900.0,19692.65,10660000,2507750,18.6,213.35,199150,39150,0.317074,-0.686506,0.0009537,0.00096842,13.581864,13.310759,2023-08-01
26483,2023-07-25 12:32:00,19950.0,19692.65,4729150,564400,12.35,256.95,115450,4050,0.275396,-0.730482,0.00087738,0.00089298,13.838221,13.451546,2023-08-01
23859,2023-07-25 12:33:00,19450.0,19694.65,224200,3052200,267.3,10.85,350,87800,0.76122,-0.236095,0.00080079,0.00080584,14.075824,13.900978,2023-08-01
18606,2023-07-25 12:33:00,19500.0,19694.65,2347600,7531500,223.5,16.55,23250,172850,0.721532,-0.274743,0.00087927,0.00089059,13.882993,13.616262,2023-08-01
13349,2023-07-25 12:33:00,19550.0,19694.65,684750,3882300,181.85,24.75,33150,140300,0.679046,-0.318025,0.00095865,0.00097251,13.58028,13.335355,2023-08-01
8092,2023-07-25 12:33:00,19600.0,19694.65,2889050,6976950,144.1,36.8,133300,181500,0.630882,-0.366935,0.00102257,0.0010393,13.414753,13.173026,2023-08-01
2831,2023-07-25 12:33:00,19650.0,19694.65,3407250,5433350,110.6,53.2,233100,239500,0.57929,-0.419456,0.00107101,0.00108923,13.275222,13.044751,2023-08-01
199,2023-07-25 12:33:00,19700.0,19694.65,14237000,11088550,81.75,74.75,470500,343850,0.525312,-0.474481,0.00110257,0.00111524,13.129395,12.979867,2023-08-01
5462,2023-07-25 12:33:00,19750.0,19694.65,6578500,3065550,58.9,102.05,202200,94250,0.470267,-0.53008,0.00109977,0.00111003,13.152822,13.030407,2023-08-01
10720,2023-07-25 12:33:00,19800.0,19694.65,14754700,5566900,41.55,134.45,504200,80500,0.416912,-0.584271,0.00106734,0.00108083,13.294407,13.119981,2023-08-01
15977,2023-07-25 12:33:00,19850.0,19694.65,7280900,1500450,28.05,171.6,437150,21050,0.365373,-0.635196,0.00102408,0.00102781,13.349926,13.294449,2023-08-01
21231,2023-07-25 12:33:00,19900.0,19694.65,10660000,2502650,18.65,212.65,139000,19850,0.318012,-0.681243,0.0009601,0.00095697,13.507548,13.565068,2023-08-01
26484,2023-07-25 12:33:00,19950.0,19694.65,4729150,564800,12.5,255.85,82300,1050,0.276721,-0.725254,0.00088121,0.0008866,13.809816,13.677715,2023-08-01
23860,2023-07-25 12:34:00,19450.0,19701.0,224200,3052200,270.55,10.45,1100,82900,0.781362,-0.232574,0.00081589,0.0007932,13.144513,14.001846,2023-08-01
18607,2023-07-25 12:34:00,19500.0,19701.0,2347600,7531500,226.4,16.05,81950,187800,0.737548,-0.271027,0.00089969,0.00087576,13.168391,13.749895,2023-08-01
13350,2023-07-25 12:34:00,19550.0,19701.0,684750,3882300,184.05,24.1,43750,128100,0.693335,-0.31388,0.00098703,0.0009552,12.930976,13.497682,2023-08-01
8093,2023-07-25 12:34:00,19600.0,19701.0,2889050,6976950,146.25,35.8,237600,279300,0.641777,-0.361924,0.00104787,0.00102143,12.955475,13.338086,2023-08-01
2832,2023-07-25 12:34:00,19650.0,19701.0,3407250,5433350,112.25,51.9,360850,314550,0.588477,-0.413723,0.00109834,0.00106946,12.876946,13.24124,2023-08-01
200,2023-07-25 12:34:00,19700.0,19701.0,14237000,11088550,83.35,72.95,1039200,515400,0.532857,-0.467807,0.001125,0.00109589,12.846394,13.189407,2023-08-01
5463,2023-07-25 12:34:00,19750.0,19701.0,6578500,3065550,60.1,100.15,363750,116000,0.476676,-0.522339,0.00112172,0.00108575,12.905663,13.335108,2023-08-01
10721,2023-07-25 12:34:00,19800.0,19701.0,14754700,5566900,42.4,132.15,519050,168850,0.422287,-0.575133,0.00108826,0.0010562,13.071622,13.485534,2023-08-01
15978,2023-07-25 12:34:00,19850.0,19701.0,7280900,1500450,28.75,168.85,187500,19150,0.370137,-0.624531,0.00104195,0.00100463,13.173464,13.725523,2023-08-01
21232,2023-07-25 12:34:00,19900.0,19701.0,10660000,2502650,19.1,209.5,173800,38850,0.321972,-0.668873,0.00097698,0.00093607,13.339402,14.082179,2023-08-01
26485,2023-07-25 12:34:00,19950.0,19701.0,4729150,564800,12.65,253.1,81300,550,0.279312,-0.707375,0.00089831,0.00085893,13.605068,14.547247,2023-08-01
23861,2023-07-25 12:35:00,19450.0,19701.05,224200,3052200,272.35,10.3,5500,178350,0.770049,-0.231724,0.0007976,0.00079454,13.837343,13.950308,2023-08-01
18608,2023-07-25 12:35:00,19500.0,19701.05,2301300,7531500,227.6,15.75,56150,481600,0.73243,-0.269804,0.00088537,0.00087906,13.513994,13.667951,2023-08-01
13351,2023-07-25 12:35:00,19550.0,19701.05,643300,3882300,185.5,23.6,66750,174150,0.689045,-0.312448,0.00096794,0.00096132,13.266932,13.38603,2023-08-01
8094,2023-07-25 12:35:00,19600.0,19701.05,2788600,6976950,147.4,35.25,277350,383950,0.639655,-0.360891,0.00103234,0.00102843,13.178023,13.234875,2023-08-01
2833,2023-07-25 12:35:00,19650.0,19701.05,3274200,5433350,113.4,51.2,409350,397100,0.587313,-0.41297,0.00108236,0.00107865,13.076323,13.123453,2023-08-01
201,2023-07-25 12:35:00,19700.0,19701.05,13912400,11088550,84.05,71.9,1225700,886300,0.532684,-0.467429,0.0011151,0.00111015,12.961513,13.019579,2023-08-01
5464,2023-07-25 12:35:00,19750.0,19701.05,6425650,3065550,60.75,98.9,412900,166050,0.476983,-0.522752,0.00111242,0.00110273,13.01483,13.129635,2023-08-01
10722,2023-07-25 12:35:00,19800.0,19701.05,14481250,5566900,42.85,130.6,613350,341650,0.422858,-0.576789,0.00108184,0.00107744,13.153614,13.209622,2023-08-01
15979,2023-07-25 12:35:00,19850.0,19701.05,7336300,1500450,29.0,167.45,236500,34450,0.370705,-0.627164,0.00103838,0.00102348,13.225993,13.443298,2023-08-01
21233,2023-07-25 12:35:00,19900.0,19701.05,10635450,2502650,19.25,207.8,356450,51550,0.322505,-0.673779,0.00097489,0.00095838,13.377861,13.672377,2023-08-01
26486,2023-07-25 12:35:00,19950.0,19701.05,4719050,564800,12.75,250.9,158000,4600,0.279831,-0.716477,0.00089701,0.00088631,13.637679,13.889804,2023-08-01
23862,2023-07-25 12:36:00,19450.0,19698.85,222200,3047750,269.55,10.35,1500,157150,0.773235,-0.232476,0.00080955,0.00079975,13.528826,13.886792,2023-08-01
18609,2023-07-25 12:36:00,19500.0,19698.85,2301300,7463600,226.35,15.7,49500,224450,0.727852,-0.270207,0.00088114,0.00088675,13.696979,13.561754,2023-08-01
13352,2023-07-25 12:36:00,19550.0,19698.85,643300,3858800,184.2,23.8,40050,331850,0.685601,-0.313844,0.000965,0.00096751,13.372914,13.328099,2023-08-01
8095,2023-07-25 12:36:00,19600.0,19698.85,2788600,6993750,145.65,35.55,204950,329800,0.637687,-0.362565,0.00103693,0.00103509,13.146212,13.172694,2023-08-01
2834,2023-07-25 12:36:00,19650.0,19698.85,3274200,5437300,112.1,52.0,238300,387500,0.58484,-0.415328,0.00108274,0.00108046,13.091912,13.120708,2023-08-01
202,2023-07-25 12:36:00,19700.0,19698.85,13912400,11216650,83.0,72.9,697550,521900,0.530193,-0.469864,0.0011141,0.00111134,12.981634,13.013966,2023-08-01
5465,2023-07-25 12:36:00,19750.0,19698.85,6425650,3102350,60.0,99.6,278350,195650,0.474616,-0.525417,0.00110934,0.00111046,13.048269,13.035062,2023-08-01
10723,2023-07-25 12:36:00,19800.0,19698.85,14481250,5459100,42.25,131.8,395450,167700,0.420637,-0.579482,0.00107872,0.00108015,13.178906,13.160724,2023-08-01
15980,2023-07-25 12:36:00,19850.0,19698.85,7336300,1502650,28.65,168.7,116850,26250,0.368843,-0.630246,0.00103352,0.00102729,13.268572,13.359803,2023-08-01
21234,2023-07-25 12:36:00,19900.0,19698.85,10635450,2521050,19.0,209.0,221750,31600,0.320846,-0.677805,0.00097019,0.00096433,13.415925,13.521067,2023-08-01
26487,2023-07-25 12:36:00,19950.0,19698.85,4719050,565500,12.65,253.0,92200,1200,0.278729,-0.717573,0.00089157,0.00088102,13.696736,13.949409,2023-08-01
23863,2023-07-25 12:37:00,19450.0,19700.05,222200,3047750,271.95,10.25,900,128500,0.766277,-0.231681,0.00079398,0.00079758,14.029087,13.897755,2023-08-01
18610,2023-07-25 12:37:00,19500.0,19700.05,2301300,7463600,227.4,15.7,35250,249200,0.728748,-0.269908,0.00087892,0.00088278,13.708778,13.615038,2023-08-01
13353,2023-07-25 12:37:00,19550.0,19700.05,643300,3858800,184.9,23.6,17300,104650,0.687449,-0.312849,0.00096652,0.00096519,13.317905,13.341759,2023-08-01
8096,2023-07-25 12:37:00,19600.0,19700.05,2788600,6993750,146.75,35.35,134600,282000,0.638453,-0.361606,0.00103223,0.0010318,13.196417,13.202609,2023-08-01
2835,2023-07-25 12:37:00,19650.0,19700.05,3274200,5437300,112.8,51.35,201250,288500,0.586175,-0.413836,0.00108242,0.00108227,13.085968,13.087827,2023-08-01
203,2023-07-25 12:37:00,19700.0,19700.05,13912400,11216650,83.2,72.2,525850,498650,0.531658,-0.468495,0.00111975,0.00111272,12.912299,12.994209,2023-08-01
5466,2023-07-25 12:37:00,19750.0,19700.05,6425650,3102350,60.05,99.05,207450,121050,0.475761,-0.524027,0.00111598,0.00110848,12.972863,13.061059,2023-08-01
10724,2023-07-25 12:37:00,19800.0,19700.05,14481250,5459100,42.45,131.25,393950,140850,0.421711,-0.57788,0.00108204,0.00107702,13.145539,13.209515,2023-08-01
15981,2023-07-25 12:37:00,19850.0,19700.05,7336300,1502650,28.6,167.7,277400,15550,0.369369,-0.629205,0.00103951,0.00102965,13.198108,13.341186,2023-08-01
21235,2023-07-25 12:37:00,19900.0,19700.05,10635450,2521050,19.0,207.8,196050,26050,0.321329,-0.677335,0.00097457,0.00096871,13.363908,13.467887,2023-08-01
26488,2023-07-25 12:37:00,19950.0,19700.05,4719050,565500,12.65,252.95,108950,1500,0.279103,-0.712153,0.00089516,0.00086971,13.650628,14.259284,2023-08-01
23864,2023-07-25 12:38:00,19450.0,19701.85,222200,3047750,270.75,10.3,2050,113000,0.786007,-0.231639,0.0008201,0.00079236,12.917576,13.987315,2023-08-01
18611,2023-07-25 12:38:00,19500.0,19701.85,2270650,7463600,226.5,15.75,28250,182450,0.741131,-0.269658,0.00090587,0.00087633,12.988422,13.708298,2023-08-01
13354,2023-07-25 12:38:00,19550.0,19701.85,642150,3858800,183.9,23.65,24300,96800,0.696736,-0.312362,0.00099684,0.00095728,12.742308,13.442318,2023-08-01
8097,2023-07-25 12:38:00,19600.0,19701.85,2744050,6993750,146.0,35.4,151800,228200,0.644315,-0.360821,0.00105858,0.0010223,12.794393,13.314859,2023-08-01
2836,2023-07-25 12:38:00,19650.0,19701.85,3189300,5437300,112.1,51.35,219800,218350,0.590118,-0.412612,0.00110699,0.00107163,12.766107,13.20807,2023-08-01
204,2023-07-25 12:38:00,19700.0,19701.85,13849350,11216650,83.1,72.3,595850,350250,0.534032,-0.466815,0.00113437,0.00109868,12.739055,13.155219,2023-08-01
5467,2023-07-25 12:38:00,19750.0,19701.85,6442700,3102350,59.95,99.25,264600,97200,0.477434,-0.521569,0.00112879,0.00109119,12.828205,13.272095,2023-08-01
10725,2023-07-25 12:38:00,19800.0,19701.85,14407100,5459100,42.2,131.5,347800,107000,0.422682,-0.574313,0.00109526,0.00105745,12.992695,13.476927,2023-08-01
15982,2023-07-25 12:38:00,19850.0,19701.85,7381400,1502650,28.45,168.9,188600,13250,0.370001,-0.622359,0.00104981,0.00099588,13.07522,13.873156,2023-08-01
21236,2023-07-25 12:38:00,19900.0,19701.85,10583100,2521050,18.95,209.05,166850,19900,0.321884,-0.667369,0.000982,0.00093364,13.271743,14.146392,2023-08-01
26489,2023-07-25 12:38:00,19950.0,19701.85,4711400,565500,12.5,252.8,103450,2450,0.27893,-0.704939,0.00090272,0.00085459,13.531645,14.679493,2023-08-01
23865,2023-07-25 12:39:00,19450.0,19703.8,222050,3103200,272.4,10.0,700,100600,0.788584,-0.229522,0.00081778,0.00079031,12.862259,13.951104,2023-08-01
18612,2023-07-25 12:39:00,19500.0,19703.8,2270650,7453100,228.5,15.35,24050,139650,0.74135,-0.267493,0.00089857,0.00087474,13.087599,13.67702,2023-08-01
13355,2023-07-25 12:39:00,19550.0,19703.8,642150,3746600,186.2,23.05,12900,73950,0.696249,-0.30993,0.00098367,0.00095719,12.921582,13.397472,2023-08-01
8098,2023-07-25 12:39:00,19600.0,19703.8,2744050,6981550,147.65,34.5,107950,162650,0.645867,-0.358173,0.00105281,0.00102484,12.843965,13.247344,2023-08-01
2837,2023-07-25 12:39:00,19650.0,19703.8,3189300,5358050,113.45,50.25,158950,138050,0.592127,-0.410125,0.00110363,0.00107531,12.78902,13.143448,2023-08-01
205,2023-07-25 12:39:00,19700.0,19703.8,13849350,11278800,84.3,70.85,564850,293050,0.536174,-0.464486,0.00113113,0.00110545,12.768833,13.067439,2023-08-01
5468,2023-07-25 12:39:00,19750.0,19703.8,6442700,3096800,60.75,97.5,190550,64300,0.479624,-0.519662,0.00112939,0.00110025,12.824567,13.165436,2023-08-01
10726,2023-07-25 12:39:00,19800.0,19703.8,14407100,5414750,42.85,129.5,364950,189150,0.424829,-0.573008,0.00109613,0.00106815,12.995389,13.349583,2023-08-01
15983,2023-07-25 12:39:00,19850.0,19703.8,7381400,1513600,29.05,166.25,111600,10350,0.372311,-0.622664,0.00104969,0.00101358,13.102386,13.626771,2023-08-01
21237,2023-07-25 12:39:00,19900.0,19703.8,10583100,2530400,19.3,206.4,146550,16450,0.323829,-0.668609,0.00098418,0.00094971,13.274713,13.885686,2023-08-01
26490,2023-07-25 12:39:00,19950.0,19703.8,4711400,566250,12.75,250.0,112500,700,0.280741,-0.707705,0.00090524,0.00087053,13.535663,14.347343,2023-08-01
23866,2023-07-25 12:40:00,19450.0,19705.7,222050,3103200,274.8,9.7,2050,261250,0.785132,-0.227377,0.00080742,0.0007884,13.150251,13.91067,2023-08-01
18613,2023-07-25 12:40:00,19500.0,19705.7,2270650,7453100,229.8,14.7,80100,380150,0.744718,-0.26422,0.00089965,0.00087629,12.982355,13.56732,2023-08-01
13356,2023-07-25 12:40:00,19550.0,19705.7,642150,3746600,187.75,22.25,41800,169950,0.698024,-0.30687,0.0009805,0.00095994,12.928771,13.300419,2023-08-01
8099,2023-07-25 12:40:00,19600.0,19705.7,2744050,6981550,148.8,33.55,197950,449150,0.648338,-0.355406,0.00105379,0.00102841,12.799302,13.164883,2023-08-01
2838,2023-07-25 12:40:00,19650.0,19705.7,3189300,5358050,114.4,49.1,360350,787500,0.594517,-0.407582,0.00110576,0.00108009,12.745294,13.064954,2023-08-01
206,2023-07-25 12:40:00,19700.0,19705.7,13849350,11278800,84.85,69.5,1052450,781850,0.538508,-0.46221,0.00113722,0.0011113,12.692829,12.991099,2023-08-01
5469,2023-07-25 12:40:00,19750.0,19705.7,6442700,3096800,61.15,95.9,412000,186900,0.481629,-0.517741,0.00113572,0.00110776,12.755596,13.07843,2023-08-01
10727,2023-07-25 12:40:00,19800.0,19705.7,14407100,5414750,43.1,127.7,515700,256500,0.426486,-0.571554,0.00110276,0.00107668,12.926925,13.252135,2023-08-01
15984,2023-07-25 12:40:00,19850.0,19705.7,7381400,1513600,29.1,164.55,176200,29750,0.373443,-0.621279,0.00105766,0.00101904,13.015657,13.568429,2023-08-01
21238,2023-07-25 12:40:00,19900.0,19705.7,10583100,2530400,19.2,205.0,217750,37000,0.324278,-0.666406,0.00099291,0.0009498,13.164864,13.920235,2023-08-01
26491,2023-07-25 12:40:00,19950.0,19705.7,4711400,566250,12.65,248.15,139850,2750,0.280854,-0.706921,0.00091258,0.00087545,13.428798,14.283797,2023-08-01
23867,2023-07-25 12:41:00,19450.0,19704.85,222050,3103200,273.45,9.7,950,176750,0.788665,-0.227566,0.00081477,0.00079055,12.907389,13.880697,2023-08-01
18614,2023-07-25 12:41:00,19500.0,19704.85,2270650,7453100,228.45,14.8,45900,268750,0.746996,-0.2649,0.0009088,0.00087777,12.792509,13.563419,2023-08-01
13357,2023-07-25 12:41:00,19550.0,19704.85,642150,3746600,186.1,22.4,26100,128600,0.70038,-0.307646,0.00099504,0.00096129,12.695982,13.297749,2023-08-01
8100,2023-07-25 12:41:00,19600.0,19704.85,2744050,6981550,147.5,33.85,151800,304900,0.648866,-0.356427,0.00106449,0.00102836,12.664905,13.179997,2023-08-01
2839,2023-07-25 12:41:00,19650.0,19704.85,3189300,5358050,113.3,49.5,245200,299450,0.594227,-0.408612,0.0011145,0.00107938,12.648716,13.082773,2023-08-01
207,2023-07-25 12:41:00,19700.0,19704.85,13849350,11278800,83.7,70.0,792900,507500,0.537815,-0.4632,0.00114782,0.00110999,12.578912,13.010657,2023-08-01
5470,2023-07-25 12:41:00,19750.0,19704.85,6442700,3096800,60.35,96.9,309750,124350,0.480512,-0.518509,0.00114202,0.00110022,12.684748,13.168185,2023-08-01
10728,2023-07-25 12:41:00,19800.0,19704.85,14407100,5414750,42.6,128.65,419500,142050,0.425311,-0.572046,0.00110539,0.00107067,12.890078,13.324621,2023-08-01
15985,2023-07-25 12:41:00,19850.0,19704.85,7381400,1513600,28.65,165.6,168100,26750,0.372059,-0.621344,0.00106038,0.0010125,12.968063,13.656556,2023-08-01
21239,2023-07-25 12:41:00,19900.0,19704.85,10583100,2530400,19.1,205.75,265650,25100,0.323628,-0.667022,0.000991,0.00094803,13.18057,13.937351,2023-08-01
26492,2023-07-25 12:41:00,19950.0,19704.85,4711400,566250,12.5,249.05,111750,3300,0.279894,-0.70697,0.00091193,0.00087229,13.417356,14.335773,2023-08-01
23868,2023-07-25 12:42:00,19450.0,19697.6,220750,3059400,269.55,10.3,650,175900,0.765273,-0.232585,0.0007995,0.00080334,13.970514,13.833135,2023-08-01
18615,2023-07-25 12:42:00,19500.0,19697.6,2246750,7446350,221.35,15.85,27700,265100,0.744337,-0.2713,0.00093211,0.00088873,12.546424,13.563672,2023-08-01
13358,2023-07-25 12:42:00,19550.0,19697.6,636550,3729900,179.35,24.0,44950,164200,0.696077,-0.31499,0.00101915,0.00096955,12.480635,13.325635,2023-08-01
8101,2023-07-25 12:42:00,19600.0,19697.6,2639200,6975350,141.3,36.1,180600,323400,0.643012,-0.364297,0.00108701,0.00103329,12.481036,13.221576,2023-08-01
2840,2023-07-25 12:42:00,19650.0,19697.6,2973900,5371350,108.0,52.35,288100,352550,0.586902,-0.416614,0.00113093,0.00108245,12.524092,13.110449,2023-08-01
208,2023-07-25 12:42:00,19700.0,19697.6,13580900,11223150,79.25,74.0,931350,680950,0.529665,-0.471419,0.0011596,0.001104,12.477977,13.108971,2023-08-01
5471,2023-07-25 12:42:00,19750.0,19697.6,6430150,3109750,57.05,101.55,337900,216350,0.472132,-0.526267,0.00114431,0.0010923,12.648782,13.254676,2023-08-01
10729,2023-07-25 12:42:00,19800.0,19697.6,14403700,5288100,40.15,134.7,429000,248300,0.417229,-0.578365,0.00110226,0.00105002,12.879044,13.550897,2023-08-01
15986,2023-07-25 12:42:00,19850.0,19697.6,7365650,1522350,27.05,171.9,180700,21950,0.364773,-0.626881,0.00105099,0.00099452,13.004669,13.845177,2023-08-01
21240,2023-07-25 12:42:00,19900.0,19697.6,10533700,2537350,18.05,212.85,284100,45550,0.317247,-0.670259,0.00097884,0.00092461,13.239233,14.240774,2023-08-01
26493,2023-07-25 12:42:00,19950.0,19697.6,4736900,566500,12.0,257.0,140150,2500,0.275304,-0.706357,0.00089625,0.00084324,13.547904,14.850123,2023-08-01
23869,2023-07-25 12:43:00,19450.0,19693.7,220750,3059400,265.35,10.25,3200,106400,0.766149,-0.233108,0.00081297,0.00081432,13.713988,13.66703,2023-08-01
18616,2023-07-25 12:43:00,19500.0,19693.7,2246750,7446350,221.05,15.75,48150,206750,0.726794,-0.271973,0.00089928,0.00090296,13.454629,13.369756,2023-08-01
13359,2023-07-25 12:43:00,19550.0,19693.7,636550,3729900,179.0,24.0,28050,183150,0.683623,-0.316464,0.00098605,0.00098564,13.13044,13.137369,2023-08-01
8102,2023-07-25 12:43:00,19600.0,19693.7,2639200,6975350,141.1,36.15,126350,322450,0.633792,-0.366407,0.00105371,0.00105219,12.99134,13.012518,2023-08-01
2841,2023-07-25 12:43:00,19650.0,19693.7,2973900,5371350,107.65,52.7,200500,355450,0.580383,-0.419752,0.00110312,0.00110114,12.888438,12.912528,2023-08-01
209,2023-07-25 12:43:00,19700.0,19693.7,13580900,11223150,79.45,74.1,783300,668050,0.524614,-0.475333,0.00112719,0.0011306,12.851003,12.812057,2023-08-01
5472,2023-07-25 12:43:00,19750.0,19693.7,6430150,3109750,56.95,101.75,306950,225900,0.468463,-0.531565,0.00112066,0.00112145,12.910044,12.900803,2023-08-01
10730,2023-07-25 12:43:00,19800.0,19693.7,14403700,5288100,39.85,134.85,382100,186750,0.414195,-0.585575,0.00108567,0.00108309,13.05749,13.090297,2023-08-01
15987,2023-07-25 12:43:00,19850.0,19693.7,7365650,1522350,26.8,172.15,183050,33050,0.362244,-0.636495,0.00103704,0.00102885,13.151907,13.272214,2023-08-01
21241,2023-07-25 12:43:00,19900.0,19693.7,10533700,2537350,17.85,213.25,392250,37350,0.315089,-0.682712,0.00096719,0.00095807,13.363203,13.530351,2023-08-01
26494,2023-07-25 12:43:00,19950.0,19693.7,4736900,566500,11.9,256.35,269250,3000,0.273707,-0.72777,0.00088574,0.00088969,13.672721,13.575517,2023-08-01
23870,2023-07-25 12:44:00,19450.0,19686.7,220750,3059400,263.3,10.4,850,96050,0.740464,-0.235456,0.00078132,0.00083217,15.094853,13.453821,2023-08-01
18617,2023-07-25 12:44:00,19500.0,19686.7,2246750,7446350,219.3,16.1,45250,167700,0.705959,-0.275405,0.00086156,0.00092287,14.552995,13.168078,2023-08-01
13360,2023-07-25 12:44:00,19550.0,19686.7,636550,3729900,176.85,24.55,28700,133550,0.668298,-0.320732,0.00095264,0.00100832,13.863636,12.919685,2023-08-01
8103,2023-07-25 12:44:00,19600.0,19686.7,2639200,6975350,138.9,36.85,170050,236900,0.62199,-0.371412,0.00102425,0.00107921,13.507238,12.748337,2023-08-01
2842,2023-07-25 12:44:00,19650.0,19686.7,2973900,5371350,105.85,53.65,207150,314100,0.570578,-0.425887,0.0010734,0.00113207,13.313904,12.603182,2023-08-01
210,2023-07-25 12:44:00,19700.0,19686.7,13580900,11223150,77.8,75.8,724650,654250,0.516487,-0.483029,0.00110157,0.00115871,13.169053,12.51899,2023-08-01
5473,2023-07-25 12:44:00,19750.0,19686.7,6430150,3109750,55.65,103.65,291700,143150,0.461557,-0.54087,0.0010968,0.00115469,13.176023,12.50788,2023-08-01
10731,2023-07-25 12:44:00,19800.0,19686.7,14403700,5288100,39.0,136.4,343600,172150,0.408487,-0.598096,0.00106192,0.00112961,13.311073,12.462576,2023-08-01
15988,2023-07-25 12:44:00,19850.0,19686.7,7365650,1522350,26.15,174.0,113200,17750,0.357323,-0.652875,0.00101608,0.00107754,13.365366,12.47233,2023-08-01
21242,2023-07-25 12:44:00,19900.0,19686.7,10533700,2537350,17.35,215.45,175450,26300,0.310754,-0.704081,0.00094913,0.00100563,13.541902,12.504692,2023-08-01
26495,2023-07-25 12:44:00,19950.0,19686.7,4736900,566500,11.55,259.5,138200,1750,0.269988,-0.753271,0.00086982,0.0009248,13.834032,12.418059,2023-08-01
23871,2023-07-25 12:45:00,19450.0,19694.8,220850,3093800,266.95,10.1,1900,126000,0.763446,-0.23205,0.00080462,0.00081284,13.945065,13.657923,2023-08-01
18618,2023-07-25 12:45:00,19500.0,19694.8,2242050,7428600,222.0,15.75,28550,172650,0.727638,-0.271716,0.0008972,0.00089912,13.465628,13.421092,2023-08-01
13361,2023-07-25 12:45:00,19550.0,19694.8,621450,3713700,180.7,23.85,23400,133650,0.682286,-0.315659,0.00097326,0.00098288,13.32733,13.160593,2023-08-01
8104,2023-07-25 12:45:00,19600.0,19694.8,2584400,6976050,142.5,35.9,123150,281650,0.633777,-0.36541,0.00104365,0.00104985,13.117311,13.030207,2023-08-01
2843,2023-07-25 12:45:00,19650.0,19694.8,2927550,5454450,108.95,52.2,236950,225050,0.580955,-0.418484,0.00109318,0.00110128,13.002297,12.902877,2023-08-01
211,2023-07-25 12:45:00,19700.0,19694.8,13450850,11205750,80.3,73.4,642050,421800,0.525774,-0.474058,0.00112244,0.00113255,12.903543,12.788028,2023-08-01
5474,2023-07-25 12:45:00,19750.0,19694.8,6399400,3120250,57.6,101.05,215300,134850,0.469798,-0.530356,0.00111766,0.00112225,12.948621,12.895268,2023-08-01
10732,2023-07-25 12:45:00,19800.0,19694.8,14457000,5275950,40.3,133.45,442400,116100,0.415539,-0.585219,0.00108456,0.00109321,13.081104,12.972139,2023-08-01
15989,2023-07-25 12:45:00,19850.0,19694.8,7338450,1513500,27.15,170.8,80150,12900,0.363625,-0.636496,0.00103648,0.00103728,13.176532,13.164943,2023-08-01
21243,2023-07-25 12:45:00,19900.0,19694.8,10575700,2525750,17.95,212.0,165250,17100,0.315895,-0.6828,0.00096958,0.00096413,13.345302,13.444338,2023-08-01
26496,2023-07-25 12:45:00,19950.0,19694.8,4678800,564750,11.9,255.5,57950,1750,0.274067,-0.726165,0.00088889,0.00088952,13.633605,13.618318,2023-08-01
23872,2023-07-25 12:46:00,19450.0,19691.55,220850,3093800,266.65,10.3,2150,105600,0.747956,-0.233914,0.00078333,0.00081958,14.825434,13.608935,2023-08-01
18619,2023-07-25 12:46:00,19500.0,19691.55,2242050,7428600,220.95,15.95,14500,133150,0.718154,-0.273464,0.00088166,0.00090766,13.937416,13.340006,2023-08-01
13362,2023-07-25 12:46:00,19550.0,19691.55,621450,3713700,179.05,24.25,17050,114250,0.676712,-0.318046,0.00096581,0.00099117,13.530928,13.095013,2023-08-01
8105,2023-07-25 12:46:00,19600.0,19691.55,2584400,6976050,141.05,36.35,71150,129800,0.628915,-0.36794,0.00103544,0.00106026,13.281429,12.934517,2023-08-01
2844,2023-07-25 12:46:00,19650.0,19691.55,2927550,5454450,107.4,53.05,105900,202100,0.576981,-0.42169,0.00108902,0.00110927,13.081266,12.833865,2023-08-01
212,2023-07-25 12:46:00,19700.0,19691.55,13450850,11205750,79.05,74.7,333950,259050,0.52204,-0.477687,0.00111713,0.00113754,12.974924,12.741687,2023-08-01
5475,2023-07-25 12:46:00,19750.0,19691.55,6399400,3120250,56.55,102.45,156000,66050,0.466322,-0.534289,0.00111275,0.00112928,12.999364,12.807479,2023-08-01
10733,2023-07-25 12:46:00,19800.0,19691.55,14457000,5275950,39.7,135.4,173500,56050,0.412597,-0.589149,0.00107623,0.00109533,13.163613,12.921022,2023-08-01
15990,2023-07-25 12:46:00,19850.0,19691.55,7338450,1513500,26.7,172.4,87250,10550,0.360995,-0.641989,0.00102869,0.00104762,13.246386,12.969772,2023-08-01
21244,2023-07-25 12:46:00,19900.0,19691.55,10575700,2525750,17.7,213.75,85050,12050,0.31382,-0.689381,0.00096124,0.00097418,13.426098,13.189199,2023-08-01
26497,2023-07-25 12:46:00,19950.0,19691.55,4678800,564750,11.7,258.2,38300,50,0.272152,-0.729935,0.00088184,0.00088731,13.697958,13.56135,2023-08-01
23873,2023-07-25 12:47:00,19450.0,19689.8,220850,3093800,262.95,10.35,650,100200,0.756953,-0.234592,0.00080745,0.00082386,14.107935,13.561779,2023-08-01
18620,2023-07-25 12:47:00,19500.0,19689.8,2242050,7428600,218.25,16.15,20900,148800,0.721187,-0.274796,0.00089866,0.00091115,13.6043,13.322671,2023-08-01
13363,2023-07-25 12:47:00,19550.0,19689.8,621450,3713700,176.65,24.6,22100,124950,0.677728,-0.319719,0.00098136,0.00099386,13.30099,13.090263,2023-08-01
8106,2023-07-25 12:47:00,19600.0,19689.8,2584400,6976050,139.1,37.0,110650,258700,0.628307,-0.37004,0.0010469,0.00106018,13.144814,12.961427,2023-08-01
2845,2023-07-25 12:47:00,19650.0,19689.8,2927550,5454450,105.95,53.8,224450,262400,0.575409,-0.423702,0.00109543,0.0011094,13.0165,12.847034,2023-08-01
213,2023-07-25 12:47:00,19700.0,19689.8,13450850,11205750,77.65,75.65,493350,411800,0.520166,-0.479697,0.00112481,0.00113656,12.891352,12.757856,2023-08-01
5476,2023-07-25 12:47:00,19750.0,19689.8,6399400,3120250,55.45,103.4,208800,100500,0.464155,-0.536318,0.00111797,0.0011302,12.93427,12.792985,2023-08-01
10734,2023-07-25 12:47:00,19800.0,19689.8,14457000,5275950,38.75,136.8,272450,117400,0.410171,-0.590791,0.00108095,0.00109124,13.089598,12.958801,2023-08-01
15991,2023-07-25 12:47:00,19850.0,19689.8,7338450,1513500,26.0,174.35,113100,18650,0.358509,-0.642357,0.00103129,0.0010367,13.183367,13.103503,2023-08-01
21245,2023-07-25 12:47:00,19900.0,19689.8,10575700,2525750,17.25,215.95,172250,26350,0.311576,-0.688358,0.00096135,0.00096109,13.385011,13.389859,2023-08-01
26498,2023-07-25 12:47:00,19950.0,19689.8,4678800,564750,11.5,259.6,123350,1150,0.270652,-0.732299,0.00087931,0.0008869,13.701477,13.509721,2023-08-01
23874,2023-07-25 12:48:00,19450.0,19685.45,220550,3119200,259.95,10.75,450,116800,0.7493,-0.237826,0.00080508,0.0008317,14.390133,13.53924,2023-08-01
18621,2023-07-25 12:48:00,19500.0,19685.45,2235300,7388900,214.4,16.7,32350,125850,0.717995,-0.278271,0.00090735,0.00091942,13.552096,13.288085,2023-08-01
13364,2023-07-25 12:48:00,19550.0,19685.45,620900,3699350,173.0,25.45,19750,102450,0.674142,-0.323769,0.00099048,0.00100112,13.242169,13.066991,2023-08-01
8107,2023-07-25 12:48:00,19600.0,19685.45,2602050,6956550,135.95,38.25,120300,218900,0.623933,-0.374562,0.00105282,0.00106551,13.123092,12.950437,2023-08-01
2846,2023-07-25 12:48:00,19650.0,19685.45,2960050,5444500,103.3,55.4,145800,239550,0.570655,-0.428432,0.00109847,0.00111397,13.013049,12.826586,2023-08-01
214,2023-07-25 12:48:00,19700.0,19685.45,13510300,11198900,75.35,77.65,462700,430350,0.515281,-0.484628,0.00112734,0.00113996,12.872817,12.730273,2023-08-01
5477,2023-07-25 12:48:00,19750.0,19685.45,6441150,3134500,53.75,106.4,226850,128250,0.459319,-0.540985,0.00111627,0.00112331,12.942334,12.860294,2023-08-01
10735,2023-07-25 12:48:00,19800.0,19685.45,14288700,5302150,37.6,139.7,284650,106050,0.405747,-0.595719,0.00107536,0.00109021,13.126313,12.935716,2023-08-01
15992,2023-07-25 12:48:00,19850.0,19685.45,7352900,1512450,25.2,178.0,105350,23950,0.35449,-0.646168,0.0010242,0.00102814,13.225642,13.166187,2023-08-01
21246,2023-07-25 12:48:00,19900.0,19685.45,10557500,2519200,16.75,219.7,130200,21800,0.308178,-0.692145,0.00095294,0.00095418,13.442332,13.418657,2023-08-01
26499,2023-07-25 12:48:00,19950.0,19685.45,4670100,564200,11.2,263.5,123400,3000,0.267902,-0.735979,0.0008706,0.0008802,13.771559,13.521005,2023-08-01
23875,2023-07-25 12:49:00,19450.0,19677.2,220550,3119200,249.9,11.55,5950,236450,0.756488,-0.244049,0.00084774,0.0008466,13.461251,13.495447,2023-08-01
18622,2023-07-25 12:49:00,19500.0,19677.2,2235300,7388900,206.05,18.05,83500,330200,0.715882,-0.285915,0.00093805,0.00093186,13.161737,13.289127,2023-08-01
13365,2023-07-25 12:49:00,19550.0,19677.2,620900,3699350,165.9,27.45,58950,281400,0.667812,-0.332332,0.00101124,0.00101044,13.077377,13.089897,2023-08-01
8108,2023-07-25 12:49:00,19600.0,19677.2,2602050,6956550,129.1,40.95,415050,610050,0.61703,-0.383564,0.00107748,0.00107199,12.900279,12.972399,2023-08-01
2847,2023-07-25 12:49:00,19650.0,19677.2,2960050,5444500,97.2,59.15,551350,704250,0.562458,-0.437918,0.00112092,0.00111341,12.802991,12.89121,2023-08-01
215,2023-07-25 12:49:00,19700.0,19677.2,13510300,11198900,70.75,82.6,1582550,1179950,0.505964,-0.49403,0.001137,0.0011304,12.777434,12.852015,2023-08-01
5478,2023-07-25 12:49:00,19750.0,19677.2,6441150,3134500,50.15,112.1,655650,320800,0.449802,-0.549755,0.00111987,0.00111132,12.871488,12.972338,2023-08-01
10736,2023-07-25 12:49:00,19800.0,19677.2,14288700,5302150,34.85,146.85,857050,403250,0.396397,-0.602553,0.00107425,0.0010646,13.066575,13.194403,2023-08-01
15993,2023-07-25 12:49:00,19850.0,19677.2,7352900,1512450,23.4,185.95,304850,68450,0.346046,-0.650738,0.00101586,0.00099793,13.223954,13.507521,2023-08-01
21247,2023-07-25 12:49:00,19900.0,19677.2,10557500,2519200,15.5,227.95,483300,51900,0.300469,-0.695013,0.00094208,0.00092576,13.451001,13.779997,2023-08-01
26500,2023-07-25 12:49:00,19950.0,19677.2,4670100,564200,10.5,272.65,260500,3950,0.261908,-0.73326,0.00085642,0.00084499,13.845908,14.164355,2023-08-01
23876,2023-07-25 12:50:00,19450.0,19681.15,220550,3119200,253.4,10.8,3800,138750,0.759777,-0.239081,0.00084117,0.00084347,13.464681,13.393032,2023-08-01
18623,2023-07-25 12:50:00,19500.0,19681.15,2235300,7388900,210.65,17.0,28400,187500,0.714613,-0.280754,0.00091538,0.0009309,13.51433,13.185104,2023-08-01
13366,2023-07-25 12:50:00,19550.0,19681.15,620900,3699350,169.2,25.9,33500,133650,0.671062,-0.326738,0.00100229,0.00101391,13.140417,12.954562,2023-08-01
8109,2023-07-25 12:50:00,19600.0,19681.15,2602050,6956550,132.35,39.0,181550,278550,0.620372,-0.378234,0.00106564,0.00107796,13.007157,12.843933,2023-08-01
2848,2023-07-25 12:50:00,19650.0,19681.15,2960050,5444500,100.25,56.75,236450,321400,0.566291,-0.43293,0.00110782,0.00112218,12.931962,12.762218,2023-08-01
216,2023-07-25 12:50:00,19700.0,19681.15,13510300,11198900,73.1,79.4,602300,481650,0.510431,-0.489518,0.00112976,0.00114709,12.854404,12.660182,2023-08-01
5479,2023-07-25 12:50:00,19750.0,19681.15,6441150,3134500,52.0,108.5,218600,156150,0.454478,-0.54619,0.00111585,0.00112984,12.934179,12.771564,2023-08-01
10737,2023-07-25 12:50:00,19800.0,19681.15,14288700,5302150,36.1,142.6,290800,147500,0.400817,-0.600594,0.00107541,0.00108899,13.089017,12.913877,2023-08-01
15994,2023-07-25 12:50:00,19850.0,19681.15,7352900,1512450,24.3,181.75,127650,21900,0.350237,-0.649564,0.00101899,0.00101784,13.23986,13.257563,2023-08-01
21248,2023-07-25 12:50:00,19900.0,19681.15,10557500,2519200,16.1,222.55,157050,30050,0.304224,-0.699342,0.00094702,0.00096016,13.45354,13.199491,2023-08-01
26501,2023-07-25 12:50:00,19950.0,19681.15,4670100,564200,10.75,269.0,80900,2400,0.264359,-0.73066,0.00086416,0.00085199,13.785337,14.114706,2023-08-01
23877,2023-07-25 12:51:00,19450.0,19687.6,220950,3128500,257.0,10.4,2750,106900,0.778959,-0.23544,0.00085468,0.00082934,12.646063,13.503172,2023-08-01
18624,2023-07-25 12:51:00,19500.0,19687.6,2232650,7351600,214.95,16.25,49800,186750,0.724785,-0.275915,0.00091954,0.00091735,13.215172,13.263186,2023-08-01
13367,2023-07-25 12:51:00,19550.0,19687.6,595750,3695950,173.65,24.75,35250,96700,0.678936,-0.321066,0.00100106,0.00100105,13.02293,13.023036,2023-08-01
8110,2023-07-25 12:51:00,19600.0,19687.6,2559950,6883100,135.7,37.55,150100,250600,0.62912,-0.372239,0.00107482,0.00106367,12.798253,12.947608,2023-08-01
2849,2023-07-25 12:51:00,19650.0,19687.6,2919150,5392000,102.85,54.7,261250,297700,0.574519,-0.426207,0.00112182,0.00110999,12.719659,12.859681,2023-08-01
217,2023-07-25 12:51:00,19700.0,19687.6,13560850,11106900,75.2,76.9,597950,443950,0.517862,-0.482235,0.0011446,0.00113431,12.675832,12.790893,2023-08-01
5480,2023-07-25 12:51:00,19750.0,19687.6,6413750,3054200,53.45,105.6,250950,119850,0.461021,-0.538262,0.00113364,0.00111616,12.750013,12.951962,2023-08-01
10738,2023-07-25 12:51:00,19800.0,19687.6,14182900,5223750,37.2,138.95,240950,134000,0.406578,-0.592276,0.00109208,0.00108017,12.932358,13.084123,2023-08-01
15995,2023-07-25 12:51:00,19850.0,19687.6,7373700,1513450,25.05,176.8,106800,19050,0.355197,-0.642793,0.00103543,0.00102314,13.091858,13.275551,2023-08-01
21249,2023-07-25 12:51:00,19900.0,19687.6,10514550,2519700,16.6,218.5,164950,21500,0.308448,-0.687866,0.00096254,0.00094806,13.313856,13.587287,2023-08-01
26502,2023-07-25 12:51:00,19950.0,19687.6,4714250,562900,11.0,262.6,179750,1050,0.267484,-0.728658,0.00087935,0.00086951,13.624228,13.877673,2023-08-01
23878,2023-07-25 12:52:00,19450.0,19682.6,220950,3128500,254.35,10.8,4500,76900,0.762833,-0.238817,0.00084243,0.00083917,13.350986,13.453935,2023-08-01
18625,2023-07-25 12:52:00,19500.0,19682.6,2232650,7351600,210.3,17.1,16700,110700,0.721883,-0.280759,0.00093287,0.00092425,13.097338,13.280361,2023-08-01
13368,2023-07-25 12:52:00,19550.0,19682.6,595750,3695950,169.55,25.95,12600,82400,0.67447,-0.326318,0.00101065,0.00100655,12.976988,13.042685,2023-08-01
8111,2023-07-25 12:52:00,19600.0,19682.6,2559950,6883100,132.5,39.15,87450,234400,0.623257,-0.377687,0.00107593,0.00106773,12.852717,12.96157,2023-08-01
2850,2023-07-25 12:52:00,19650.0,19682.6,2919150,5392000,100.25,56.9,150800,216650,0.568567,-0.431924,0.00111908,0.00111028,12.789614,12.893688,2023-08-01
218,2023-07-25 12:52:00,19700.0,19682.6,13560850,11106900,73.0,79.8,427150,337700,0.512115,-0.487936,0.00114124,0.00112959,12.723917,12.855196,2023-08-01
5481,2023-07-25 12:52:00,19750.0,19682.6,6413750,3054200,52.0,108.85,167500,115150,0.455717,-0.54369,0.00112437,0.00111153,12.841085,12.991492,2023-08-01
10739,2023-07-25 12:52:00,19800.0,19682.6,14182900,5223750,36.25,143.0,208350,116400,0.401976,-0.596829,0.00108029,0.00106859,13.039975,13.192775,2023-08-01
15996,2023-07-25 12:52:00,19850.0,19682.6,7373700,1513450,24.35,181.55,123100,16650,0.351074,-0.645753,0.00102418,0.00100561,13.184464,13.471461,2023-08-01
21250,2023-07-25 12:52:00,19900.0,19682.6,10514550,2519700,16.1,223.05,100800,12500,0.304773,-0.691267,0.00095192,0.00093698,13.395349,13.686738,2023-08-01
26503,2023-07-25 12:52:00,19950.0,19682.6,4714250,562900,10.8,267.0,132900,150,0.265068,-0.733151,0.00086748,0.00086313,13.751515,13.867824,2023-08-01
23879,2023-07-25 12:53:00,19450.0,19683.85,220950,3128500,256.0,10.7,550,68450,0.760784,-0.238006,0.00083424,0.00083664,13.54556,13.469344,2023-08-01
18626,2023-07-25 12:53:00,19500.0,19683.85,2232650,7351600,212.35,16.85,12300,81350,0.719061,-0.279438,0.00091801,0.0009229,13.374564,13.26917,2023-08-01
13369,2023-07-25 12:53:00,19550.0,19683.85,595750,3695950,170.65,25.75,5800,65100,0.675347,-0.325302,0.00100701,0.00100367,13.00928,13.063293,2023-08-01
8112,2023-07-25 12:53:00,19600.0,19683.85,2559950,6883100,133.9,38.8,49650,104600,0.623688,-0.37643,0.00106686,0.00106585,12.95715,12.970781,2023-08-01
2851,2023-07-25 12:53:00,19650.0,19683.85,2919150,5392000,101.4,56.4,101350,149500,0.569614,-0.430552,0.00111222,0.00110931,12.862356,12.896977,2023-08-01
219,2023-07-25 12:53:00,19700.0,19683.85,13560850,11106900,74.05,78.9,248350,236050,0.513501,-0.486506,0.00113435,0.00113317,12.799493,12.812845,2023-08-01
5482,2023-07-25 12:53:00,19750.0,19683.85,6413750,3054200,52.65,108.0,94000,63400,0.457237,-0.542356,0.00112212,0.00111308,12.87205,12.978011,2023-08-01
10740,2023-07-25 12:53:00,19800.0,19683.85,14182900,5223750,36.85,141.8,109850,38900,0.403681,-0.595966,0.0010776,0.00107409,13.086449,13.132165,2023-08-01
15997,2023-07-25 12:53:00,19850.0,19683.85,7373700,1513450,24.7,180.35,55200,11450,0.352567,-0.645041,0.00102419,0.00101003,13.204362,13.421854,2023-08-01
21251,2023-07-25 12:53:00,19900.0,19683.85,10514550,2519700,16.45,222.25,93650,8400,0.306582,-0.68919,0.00095116,0.00093498,13.441131,13.756031,2023-08-01
26504,2023-07-25 12:53:00,19950.0,19683.85,4714250,562900,10.95,267.0,53850,0,0.266247,-0.732083,0.00086899,0.00086486,13.758406,13.867824,2023-08-01
23880,2023-07-25 12:54:00,19450.0,19684.2,220700,3148100,256.05,10.6,400,37950,0.762509,-0.237386,0.0008365,0.00083671,13.455939,13.449342,2023-08-01
18627,2023-07-25 12:54:00,19500.0,19684.2,2226300,7351550,213.0,16.65,13550,57650,0.717982,-0.278567,0.00091292,0.00092415,13.47452,13.231593,2023-08-01
13370,2023-07-25 12:54:00,19550.0,19684.2,585500,3680100,171.2,25.4,8050,47950,0.674924,-0.324243,0.00100259,0.00100686,13.074118,13.004973,2023-08-01
8113,2023-07-25 12:54:00,19600.0,19684.2,2548100,6900000,134.55,38.35,44350,103650,0.62337,-0.375504,0.00106063,0.00107025,13.037177,12.907837,2023-08-01
2852,2023-07-25 12:54:00,19650.0,19684.2,2879650,5395750,101.8,55.65,67600,102400,0.569832,-0.429664,0.00110908,0.00111784,12.897923,12.793894,2023-08-01
220,2023-07-25 12:54:00,19700.0,19684.2,13520900,11087800,74.55,78.15,201700,154100,0.513865,-0.486061,0.0011293,0.00114155,12.856818,12.718722,2023-08-01
5483,2023-07-25 12:54:00,19750.0,19684.2,6449000,3067350,53.0,107.1,89550,53900,0.457776,-0.542421,0.00111888,0.00112329,12.911561,12.860169,2023-08-01
10741,2023-07-25 12:54:00,19800.0,19684.2,14247700,5238750,37.0,140.9,121050,67750,0.404136,-0.596561,0.00107703,0.00108399,13.097551,13.007728,2023-08-01
15998,2023-07-25 12:54:00,19850.0,19684.2,7379350,1520700,24.85,179.3,52500,2800,0.353126,-0.646592,0.00102334,0.00102167,13.223248,13.248641,2023-08-01
21252,2023-07-25 12:54:00,19900.0,19684.2,10476100,2514450,16.45,220.85,97350,6200,0.306727,-0.692926,0.0009523,0.00095098,13.428223,13.453625,2023-08-01
26505,2023-07-25 12:54:00,19950.0,19684.2,4751650,563100,10.95,265.4,60750,800,0.266366,-0.732714,0.00086993,0.00086765,13.747111,13.807211,2023-08-01
23881,2023-07-25 12:55:00,19450.0,19687.1,220700,3148100,261.0,10.35,700,81800,0.752256,-0.235353,0.00080627,0.00083115,14.282216,13.473928,2023-08-01
18628,2023-07-25 12:55:00,19500.0,19687.1,2226300,7351550,216.25,16.05,32000,141250,0.717479,-0.27533,0.00089852,0.00092144,13.700804,13.193507,2023-08-01
13371,2023-07-25 12:55:00,19550.0,19687.1,585500,3680100,175.25,24.7,28250,96300,0.673057,-0.321198,0.00097473,0.00100362,13.477843,12.994741,2023-08-01
8114,2023-07-25 12:55:00,19600.0,19687.1,2548100,6900000,137.65,37.1,90500,268450,0.624612,-0.371787,0.00104259,0.0010724,13.247738,12.840097,2023-08-01
2853,2023-07-25 12:55:00,19650.0,19687.1,2879650,5395750,104.75,53.9,141250,221650,0.571989,-0.425907,0.0010899,0.00112456,13.11073,12.694025,2023-08-01
221,2023-07-25 12:55:00,19700.0,19687.1,13520900,11087800,76.6,75.9,403600,358250,0.517057,-0.482648,0.00111969,0.00115285,12.96183,12.588549,2023-08-01
5484,2023-07-25 12:55:00,19750.0,19687.1,6449000,3067350,54.7,104.2,178050,91300,0.461367,-0.539882,0.00111128,0.00114135,13.010536,12.663822,2023-08-01
10742,2023-07-25 12:55:00,19800.0,19687.1,14247700,5238750,38.3,137.7,202000,93000,0.407876,-0.595144,0.00107257,0.00110378,13.180903,12.784616,2023-08-01
15999,2023-07-25 12:55:00,19850.0,19687.1,7379350,1520700,25.75,175.5,88600,25950,0.356734,-0.647488,0.00102235,0.001048,13.2826,12.902813,2023-08-01
21253,2023-07-25 12:55:00,19900.0,19687.1,10476100,2514450,17.0,216.75,88650,16800,0.309846,-0.696594,0.00095453,0.00097942,13.455113,12.992168,2023-08-01
26506,2023-07-25 12:55:00,19950.0,19687.1,4751650,563100,11.25,261.3,68950,250,0.268788,-0.738696,0.00087421,0.00089275,13.740933,13.263941,2023-08-01
23882,2023-07-25 12:56:00,19450.0,19689.25,220700,3148100,260.75,10.2,450,69650,0.765505,-0.23405,0.00082586,0.00082669,13.532164,13.504354,2023-08-01
18629,2023-07-25 12:56:00,19500.0,19689.25,2226300,7351550,217.6,16.0,22750,141150,0.721091,-0.274537,0.0009008,0.00091444,13.580478,13.274841,2023-08-01
13372,2023-07-25 12:56:00,19550.0,19689.25,585500,3680100,175.9,24.4,19700,106550,0.677795,-0.319541,0.0009852,0.00099828,13.254169,13.03538,2023-08-01
8115,2023-07-25 12:56:00,19600.0,19689.25,2548100,6900000,138.0,36.8,95100,205650,0.628771,-0.370112,0.00105608,0.00106509,13.031425,12.908508,2023-08-01
2854,2023-07-25 12:56:00,19650.0,19689.25,2879650,5395750,105.1,53.65,161500,202000,0.575157,-0.424058,0.00110175,0.00111418,12.949514,12.800073,2023-08-01
222,2023-07-25 12:56:00,19700.0,19689.25,13520900,11087800,76.8,75.5,458200,359850,0.5196,-0.480288,0.00113192,0.00114208,12.817284,12.703076,2023-08-01
5485,2023-07-25 12:56:00,19750.0,19689.25,6449000,3067350,54.8,103.8,193100,129550,0.463319,-0.536889,0.00112285,0.00112814,12.881623,12.820624,2023-08-01
10743,2023-07-25 12:56:00,19800.0,19689.25,14247700,5238750,38.2,136.95,161700,94100,0.409136,-0.591677,0.00108501,0.00109365,13.038742,12.929501,2023-08-01
16000,2023-07-25 12:56:00,19850.0,19689.25,7379350,1520700,25.65,175.0,101750,8400,0.357546,-0.642321,0.00103305,0.00103222,13.154722,13.166937,2023-08-01
21254,2023-07-25 12:56:00,19900.0,19689.25,10476100,2514450,16.95,215.85,105350,14200,0.31046,-0.69091,0.00096289,0.00096831,13.349045,13.248741,2023-08-01
26507,2023-07-25 12:56:00,19950.0,19689.25,4751650,563100,11.15,258.4,75700,1150,0.268867,-0.742714,0.00088181,0.0009104,13.623741,12.902271,2023-08-01
23883,2023-07-25 12:57:00,19450.0,19688.55,220850,3138500,262.1,10.4,650,57000,0.754219,-0.23539,0.00080585,0.00082643,14.229316,13.552483,2023-08-01
18630,2023-07-25 12:57:00,19500.0,19688.55,2222850,7313550,216.2,16.25,26700,91150,0.723614,-0.275778,0.00091177,0.00091367,13.358822,13.316691,2023-08-01
13373,2023-07-25 12:57:00,19550.0,19688.55,601600,3675200,174.85,24.75,16400,81550,0.678445,-0.320807,0.00099276,0.00099645,13.143341,13.081972,2023-08-01
8116,2023-07-25 12:57:00,19600.0,19688.55,2534500,6887750,137.4,37.4,93100,146550,0.628202,-0.371551,0.0010582,0.00106021,13.012786,12.985354,2023-08-01
2855,2023-07-25 12:57:00,19650.0,19688.55,2862550,5421150,104.15,54.5,115350,134950,0.574846,-0.425367,0.00110962,0.00110622,12.860596,12.901529,2023-08-01
223,2023-07-25 12:57:00,19700.0,19688.55,13498100,11119450,76.3,76.5,290550,253600,0.518826,-0.481192,0.0011341,0.0011324,12.794863,12.814086,2023-08-01
5486,2023-07-25 12:57:00,19750.0,19688.55,6430800,3027650,54.25,104.75,112150,45800,0.462374,-0.53736,0.00112658,0.00111995,12.837286,12.914074,2023-08-01
10744,2023-07-25 12:57:00,19800.0,19688.55,14219050,5259500,37.85,138.15,125850,47700,0.408195,-0.591419,0.00108645,0.00108238,13.01534,13.067242,2023-08-01
16001,2023-07-25 12:57:00,19850.0,19688.55,7384250,1513400,25.3,175.7,104600,6200,0.356371,-0.642653,0.00103512,0.0010291,13.114287,13.20366,2023-08-01
21255,2023-07-25 12:57:00,19900.0,19688.55,10460000,2516400,16.7,217.45,174750,8050,0.309294,-0.687838,0.00096394,0.0009526,13.313784,13.526401,2023-08-01
26508,2023-07-25 12:57:00,19950.0,19688.55,4741950,563200,11.1,261.9,51350,750,0.268431,-0.727097,0.00088036,0.00086882,13.636262,13.931853,2023-08-01
23884,2023-07-25 12:58:00,19450.0,19688.35,220850,3138500,259.65,10.3,600,42200,0.766406,-0.234874,0.00083044,0.00082805,13.430789,13.510356,2023-08-01
18631,2023-07-25 12:58:00,19500.0,19688.35,2222850,7313550,215.45,16.25,8250,44500,0.725765,-0.275857,0.00091934,0.00091431,13.198762,13.310013,2023-08-01
13374,2023-07-25 12:58:00,19550.0,19688.35,601600,3675200,174.25,24.75,8550,35550,0.679442,-0.320904,0.00099894,0.00099724,13.045865,13.074012,2023-08-01
8117,2023-07-25 12:58:00,19600.0,19688.35,2534500,6887750,136.25,37.5,54300,93100,0.629735,-0.371846,0.00107263,0.00105976,12.821329,12.99489,2023-08-01
2856,2023-07-25 12:58:00,19650.0,19688.35,2862550,5421150,103.4,54.55,72950,95550,0.575183,-0.425571,0.00111879,0.00110667,12.753882,12.898324,2023-08-01
224,2023-07-25 12:58:00,19700.0,19688.35,13498100,11119450,75.5,76.8,295900,224850,0.518701,-0.481452,0.00114446,0.00112939,12.679997,12.849462,2023-08-01
5487,2023-07-25 12:58:00,19750.0,19688.35,6430800,3027650,53.6,105.1,105550,33500,0.461805,-0.537446,0.00113502,0.0011164,12.740853,12.95562,2023-08-01
10745,2023-07-25 12:58:00,19800.0,19688.35,14219050,5259500,37.35,138.75,93500,44850,0.407357,-0.590982,0.0010928,0.00107536,12.933907,13.156731,2023-08-01
16002,2023-07-25 12:58:00,19850.0,19688.35,7384250,1513400,25.1,176.8,84500,6200,0.355798,-0.64061,0.00103715,0.00101499,13.081957,13.414576,2023-08-01
21256,2023-07-25 12:58:00,19900.0,19688.35,10460000,2516400,16.55,218.0,84500,7700,0.308677,-0.686656,0.00096534,0.00094688,13.283648,13.631043,2023-08-01
26509,2023-07-25 12:58:00,19950.0,19688.35,4741950,563200,11.0,261.4,40100,1800,0.26786,-0.73077,0.00088107,0.00087758,13.611489,13.700636,2023-08-01
23885,2023-07-25 12:59:00,19450.0,19689.55,220850,3138500,261.3,10.1,100,58850,0.76398,-0.233471,0.00082206,0.00082683,13.64521,13.485338,2023-08-01
18632,2023-07-25 12:59:00,19500.0,19689.55,2222850,7313550,217.0,15.9,13350,51600,0.72463,-0.274108,0.0009106,0.00091448,13.352518,13.26569,2023-08-01
13375,2023-07-25 12:59:00,19550.0,19689.55,601600,3675200,175.5,24.3,5600,46750,0.679739,-0.319201,0.00099294,0.00099811,13.119507,13.033364,2023-08-01
8118,2023-07-25 12:59:00,19600.0,19689.55,2534500,6887750,137.85,36.8,67350,104050,0.629654,-0.369994,0.00106039,0.00106323,12.970133,12.931523,2023-08-01
2857,2023-07-25 12:59:00,19650.0,19689.55,2862550,5421150,104.75,53.65,95550,134450,0.575935,-0.423861,0.00110874,0.00111196,12.864695,12.826161,2023-08-01
225,2023-07-25 12:59:00,19700.0,19689.55,13498100,11119450,76.45,75.35,228400,200450,0.52001,-0.479957,0.00113882,0.00114171,12.740563,12.708241,2023-08-01
5488,2023-07-25 12:59:00,19750.0,19689.55,6430800,3027650,54.65,103.75,79350,39850,0.463507,-0.536472,0.00112651,0.00112597,12.842007,12.84824,2023-08-01
10746,2023-07-25 12:59:00,19800.0,19689.55,14219050,5259500,37.95,137.0,107250,41900,0.409011,-0.590968,0.00108992,0.0010897,12.980727,12.983555,2023-08-01
16003,2023-07-25 12:59:00,19850.0,19689.55,7384250,1513400,25.5,175.15,77100,7650,0.357377,-0.641079,0.00103627,0.00102665,13.113354,13.256098,2023-08-01
21257,2023-07-25 12:59:00,19900.0,19689.55,10460000,2516400,16.8,216.05,39150,5700,0.310074,-0.688916,0.0009659,0.00096189,13.3019,13.376297,2023-08-01
26510,2023-07-25 12:59:00,19950.0,19689.55,4741950,563200,11.15,260.7,46700,1050,0.269023,-0.727827,0.00088248,0.00087433,13.61909,13.826333,2023-08-01
23886,2023-07-25 13:00:00,19450.0,19692.5,221100,3124200,264.25,9.8,2150,79500,0.764545,-0.231089,0.00081386,0.00082182,13.763113,13.488981,2023-08-01
18633,2023-07-25 13:00:00,19500.0,19692.5,2232400,7293850,220.25,15.35,36950,113250,0.724214,-0.271002,0.0008967,0.00091113,13.568157,13.238094,2023-08-01
13376,2023-07-25 13:00:00,19550.0,19692.5,602350,3646450,177.55,23.45,24650,100500,0.683381,-0.315654,0.0009924,0.00099697,13.062268,12.985533,2023-08-01
8119,2023-07-25 13:00:00,19600.0,19692.5,2539100,6874250,139.75,35.65,135150,256000,0.633073,-0.366371,0.00105962,0.00106395,12.938855,12.879727,2023-08-01
2858,2023-07-25 13:00:00,19650.0,19692.5,2892750,5441500,106.4,52.0,159200,198150,0.579332,-0.420106,0.00110874,0.00111716,12.84149,12.740988,2023-08-01
226,2023-07-25 13:00:00,19700.0,19692.5,13552050,11087800,77.75,73.55,431050,402850,0.523406,-0.476519,0.0011409,0.00114613,12.710213,12.652099,2023-08-01
5489,2023-07-25 13:00:00,19750.0,19692.5,6469300,3020400,55.4,101.3,126250,123500,0.466594,-0.533525,0.00113369,0.001137,12.768163,12.730625,2023-08-01
10747,2023-07-25 13:00:00,19800.0,19692.5,14257550,5249950,38.6,134.15,162400,123200,0.411878,-0.588866,0.00109565,0.00110388,12.933211,12.831202,2023-08-01
16004,2023-07-25 13:00:00,19850.0,19692.5,7409350,1510700,25.8,171.6,56300,16150,0.359567,-0.641058,0.00104474,0.00104873,13.033433,12.97595,2023-08-01
21258,2023-07-25 13:00:00,19900.0,19692.5,10428850,2512400,17.05,213.15,100900,16900,0.312107,-0.68764,0.00097293,0.00097191,13.241979,13.260593,2023-08-01
26511,2023-07-25 13:00:00,19950.0,19692.5,4760700,562500,11.25,258.0,63400,4350,0.270401,-0.725731,0.00088985,0.0008796,13.539607,13.794397,2023-08-01
23887,2023-07-25 13:01:00,19450.0,19693.4,221100,3124200,265.2,9.95,2000,76650,0.764399,-0.231838,0.00081081,0.00081767,13.819695,13.581849,2023-08-01
18634,2023-07-25 13:01:00,19500.0,19693.4,2232400,7293850,220.35,15.55,27650,120950,0.727684,-0.271623,0.00090339,0.00090545,13.383707,13.336297,2023-08-01
13377,2023-07-25 13:01:00,19550.0,19693.4,602350,3646450,177.85,23.7,16900,73000,0.685439,-0.316059,0.00099665,0.00098961,12.970513,13.089229,2023-08-01
8120,2023-07-25 13:01:00,19600.0,19693.4,2539100,6874250,139.6,35.85,84900,145000,0.635469,-0.366281,0.00106978,0.00105631,12.788048,12.971805,2023-08-01
2859,2023-07-25 13:01:00,19650.0,19693.4,2892750,5441500,106.45,52.3,148200,146600,0.580813,-0.419752,0.0011153,0.00110697,12.756199,12.856064,2023-08-01
227,2023-07-25 13:01:00,19700.0,19693.4,13552050,11087800,77.75,73.95,400400,253500,0.524533,-0.475684,0.00114745,0.0011332,12.635492,12.794799,2023-08-01
5490,2023-07-25 13:01:00,19750.0,19693.4,6469300,3020400,55.3,101.65,146850,56050,0.467368,-0.532034,0.00114085,0.00112377,12.690136,12.884488,2023-08-01
10748,2023-07-25 13:01:00,19800.0,19693.4,14257550,5249950,38.65,134.6,213600,58900,0.41256,-0.58642,0.00109959,0.00108817,12.891892,13.034726,2023-08-01
16005,2023-07-25 13:01:00,19850.0,19693.4,7409350,1510700,25.75,171.9,92100,13550,0.359912,-0.637772,0.00104945,0.00103451,12.9792,13.195699,2023-08-01
21259,2023-07-25 13:01:00,19900.0,19693.4,10428850,2512400,17.0,213.1,89300,16000,0.312279,-0.684251,0.00097693,0.00096267,13.190887,13.449874,2023-08-01
26512,2023-07-25 13:01:00,19950.0,19693.4,4760700,562500,11.3,257.0,50300,750,0.270944,-0.725977,0.0008918,0.0008836,13.523581,13.725862,2023-08-01
23888,2023-07-25 13:02:00,19450.0,19691.25,221100,3124200,260.4,10.25,2200,93750,0.780898,-0.23408,0.00084588,0.00082033,12.717679,13.612529,2023-08-01
18635,2023-07-25 13:02:00,19500.0,19691.25,2232400,7293850,215.2,16.1,29500,140350,0.740801,-0.27452,0.00095057,0.0009059,12.406936,13.402045,2023-08-01
13378,2023-07-25 13:02:00,19550.0,19691.25,602350,3646450,173.8,24.6,22400,114300,0.690454,-0.319443,0.00103343,0.00098652,12.424187,13.191613,2023-08-01
8121,2023-07-25 13:02:00,19600.0,19691.25,2539100,6874250,136.0,37.3,131350,196850,0.637115,-0.370009,0.00110307,0.0010471,12.385115,13.131597,2023-08-01
2860,2023-07-25 13:02:00,19650.0,19691.25,2892750,5441500,103.3,54.3,173400,196700,0.580214,-0.423228,0.00114431,0.00109168,12.43868,13.061058,2023-08-01
228,2023-07-25 13:02:00,19700.0,19691.25,13552050,11087800,75.35,76.5,380800,404250,0.522326,-0.478407,0.00116801,0.00111187,12.419126,13.047481,2023-08-01
5491,2023-07-25 13:02:00,19750.0,19691.25,6469300,3020400,53.5,104.9,172450,119200,0.464381,-0.533377,0.00115467,0.00109455,12.532061,13.226959,2023-08-01
10749,2023-07-25 13:02:00,19800.0,19691.25,14257550,5249950,37.2,138.2,159350,130400,0.409097,-0.585935,0.00111016,0.00105604,12.745549,13.436963,2023-08-01
16006,2023-07-25 13:02:00,19850.0,19691.25,7409350,1510700,24.95,176.1,91500,26150,0.35691,-0.634273,0.00105197,0.000996,12.912436,13.752512,2023-08-01
21260,2023-07-25 13:02:00,19900.0,19691.25,10428850,2512400,16.55,218.1,111450,14150,0.309821,-0.675731,0.00097562,0.00091638,13.165515,14.289991,2023-08-01
26513,2023-07-25 13:02:00,19950.0,19691.25,4760700,562500,11.0,262.55,73400,750,0.268758,-0.711195,0.00088943,0.00083473,13.50686,14.904979,2023-08-01
23889,2023-07-25 13:03:00,19450.0,19691.5,221650,3100750,260.0,10.15,400,62700,0.785777,-0.233465,0.00085244,0.00082069,12.45693,13.587373,2023-08-01
18636,2023-07-25 13:03:00,19500.0,19691.5,2232950,7288400,216.3,15.95,13650,93250,0.736657,-0.273858,0.00093782,0.00090686,12.679018,13.372474,2023-08-01
13379,2023-07-25 13:03:00,19550.0,19691.5,603700,3629300,174.55,24.35,12050,108200,0.688926,-0.318668,0.00102474,0.00098874,12.556921,13.148956,2023-08-01
8122,2023-07-25 13:03:00,19600.0,19691.5,2562500,6827350,137.0,36.9,91000,142450,0.635759,-0.369191,0.0010901,0.00105126,12.548747,13.070686,2023-08-01
2861,2023-07-25 13:03:00,19650.0,19691.5,2914350,5415700,104.0,53.8,138700,173400,0.579933,-0.422593,0.00113557,0.00109711,12.536707,12.992879,2023-08-01
229,2023-07-25 13:03:00,19700.0,19691.5,13667050,11075600,76.0,75.9,422900,353200,0.522503,-0.478043,0.00115961,0.00111856,12.50925,12.969316,2023-08-01
5492,2023-07-25 13:03:00,19750.0,19691.5,6476950,3017800,54.1,104.3,139350,79750,0.464961,-0.533342,0.00114675,0.00110093,12.620726,13.150856,2023-08-01
10750,2023-07-25 13:03:00,19800.0,19691.5,14285950,5272250,37.7,137.45,176650,84600,0.409987,-0.586415,0.00110361,0.00106429,12.8284,13.32974,2023-08-01
16007,2023-07-25 13:03:00,19850.0,19691.5,7420900,1501800,25.2,175.4,83950,22100,0.357666,-0.635114,0.0010491,0.00100318,12.957902,13.644082,2023-08-01
21261,2023-07-25 13:03:00,19900.0,19691.5,10444450,2515850,16.7,216.8,142250,10600,0.310499,-0.678911,0.00097419,0.00093088,13.19794,14.010614,2023-08-01
26514,2023-07-25 13:03:00,19950.0,19691.5,4766500,559350,11.1,262.0,66000,1500,0.269392,-0.712344,0.00088871,0.00083889,13.534267,14.803793,2023-08-01
23890,2023-07-25 13:04:00,19450.0,19690.5,221650,3100750,261.0,10.2,100,29300,0.771483,-0.23399,0.00083273,0.00082288,13.233006,13.569338,2023-08-01
18637,2023-07-25 13:04:00,19500.0,19690.5,2232950,7288400,216.55,15.95,7600,57500,0.730621,-0.274159,0.00092466,0.00091025,13.009003,13.331181,2023-08-01
13380,2023-07-25 13:04:00,19550.0,19690.5,603700,3629300,175.1,24.3,6900,38000,0.683807,-0.318929,0.0010068,0.00099362,12.87183,13.090154,2023-08-01
8123,2023-07-25 13:04:00,19600.0,19690.5,2562500,6827350,137.2,36.75,61950,85500,0.632937,-0.36947,0.00107759,0.00105847,12.728352,12.986159,2023-08-01
2862,2023-07-25 13:04:00,19650.0,19690.5,2914350,5415700,104.15,53.7,68350,130650,0.57804,-0.423247,0.00112463,0.00110469,12.672128,12.90913,2023-08-01
230,2023-07-25 13:04:00,19700.0,19690.5,13667050,11075600,76.25,75.6,217200,153050,0.521195,-0.479024,0.00114806,0.00113026,12.638633,12.838051,2023-08-01
5493,2023-07-25 13:04:00,19750.0,19690.5,6476950,3017800,54.25,104.0,88050,33600,0.464142,-0.534936,0.00113783,0.00111358,12.718649,12.998276,2023-08-01
10751,2023-07-25 13:04:00,19800.0,19690.5,14285950,5272250,37.85,137.4,74550,40550,0.409545,-0.588457,0.00109579,0.00107424,12.91788,13.192351,2023-08-01
16008,2023-07-25 13:04:00,19850.0,19690.5,7420900,1501800,25.25,175.3,46100,3200,0.357313,-0.638034,0.0010437,0.00101442,13.02166,13.457608,2023-08-01
21262,2023-07-25 13:04:00,19900.0,19690.5,10444450,2515850,16.75,217.15,55150,19600,0.31034,-0.681385,0.00096965,0.00093614,13.2581,13.888202,2023-08-01
26515,2023-07-25 13:04:00,19950.0,19690.5,4766500,559350,11.1,261.5,53200,100,0.269139,-0.719107,0.00088564,0.00085431,13.576133,14.373661,2023-08-01
23891,2023-07-25 13:05:00,19450.0,19691.75,221650,3100750,260.95,10.2,250,41000,0.780476,-0.233759,0.00084363,0.00081938,12.767295,13.619708,2023-08-01
18638,2023-07-25 13:05:00,19500.0,19691.75,2232950,7288400,216.5,16.05,4700,69100,0.736882,-0.274243,0.00093737,0.00090464,12.680597,13.415747,2023-08-01
13381,2023-07-25 13:05:00,19550.0,19691.75,603700,3629300,174.5,24.5,16000,55900,0.689907,-0.319031,0.00102777,0.00098551,12.503815,13.199519,2023-08-01
8124,2023-07-25 13:05:00,19600.0,19691.75,2562500,6827350,137.0,37.05,50350,98100,0.636332,-0.369352,0.00109219,0.00104771,12.519133,13.11794,2023-08-01
2863,2023-07-25 13:05:00,19650.0,19691.75,2914350,5415700,104.25,53.95,67900,141150,0.580093,-0.422568,0.0011336,0.00109323,12.55856,13.039849,2023-08-01
231,2023-07-25 13:05:00,19700.0,19691.75,13667050,11075600,76.35,76.05,202250,176800,0.522736,-0.477824,0.00115577,0.00111437,12.551436,13.018794,2023-08-01
5494,2023-07-25 13:05:00,19750.0,19691.75,6476950,3017800,54.15,104.35,72000,32250,0.465225,-0.53296,0.00114729,0.00109796,12.616621,13.188587,2023-08-01
10752,2023-07-25 13:05:00,19800.0,19691.75,14285950,5272250,37.7,137.55,92650,29250,0.410175,-0.585788,0.00110468,0.00106042,12.818411,13.3842,2023-08-01
16009,2023-07-25 13:05:00,19850.0,19691.75,7420900,1501800,25.2,176.25,54200,4050,0.357822,-0.632637,0.00104999,0.00098905,12.949977,13.871419,2023-08-01
21263,2023-07-25 13:05:00,19900.0,19691.75,10444450,2515850,16.75,217.15,54000,5350,0.310821,-0.676909,0.00097417,0.00092373,13.205264,14.156766,2023-08-01
26516,2023-07-25 13:05:00,19950.0,19691.75,4766500,559350,11.1,260.45,42700,350,0.269511,-0.717848,0.00088932,0.00085528,13.529159,14.388058,2023-08-01
23892,2023-07-25 13:06:00,19450.0,19694.05,221650,3111000,264.9,9.8,2250,49000,0.769912,-0.230926,0.00081879,0.00081731,13.508931,13.560877,2023-08-01
18639,2023-07-25 13:06:00,19500.0,19694.05,2231350,7280550,219.5,15.5,6800,82150,0.734198,-0.271347,0.00091972,0.00090357,12.990099,13.360103,2023-08-01
13382,2023-07-25 13:06:00,19550.0,19694.05,600000,3631050,177.8,23.5,12550,85050,0.687627,-0.315331,0.00100296,0.00098919,12.853034,13.084698,2023-08-01
8125,2023-07-25 13:06:00,19600.0,19694.05,2565650,6867500,140.1,35.75,71000,125250,0.635981,-0.365833,0.00106778,0.0010539,12.808648,12.998959,2023-08-01
2864,2023-07-25 13:06:00,19650.0,19694.05,2891500,5482300,106.3,52.35,92900,107100,0.582029,-0.419377,0.00112221,0.00110167,12.672286,12.918035,2023-08-01
232,2023-07-25 13:06:00,19700.0,19694.05,13662150,11058300,78.05,73.95,285250,223550,0.52526,-0.475043,0.00114698,0.00112785,12.641961,12.857028,2023-08-01
5495,2023-07-25 13:06:00,19750.0,19694.05,6458250,3029050,55.8,101.6,120750,48450,0.468245,-0.53113,0.00113661,0.00111847,12.742336,12.95064,2023-08-01
10753,2023-07-25 13:06:00,19800.0,19694.05,14267950,5255450,38.8,134.4,108600,68650,0.413251,-0.585367,0.00110011,0.0010845,12.893509,13.089158,2023-08-01
16010,2023-07-25 13:06:00,19850.0,19694.05,7421200,1502050,26.0,171.85,84250,8100,0.360912,-0.636048,0.00104795,0.00102818,13.012986,13.301035,2023-08-01
21264,2023-07-25 13:06:00,19900.0,19694.05,10432550,2523150,17.15,213.5,92900,10050,0.313176,-0.68039,0.00097661,0.00094987,13.214333,13.704313,2023-08-01
26517,2023-07-25 13:06:00,19950.0,19694.05,4752450,559250,11.35,258.5,56850,550,0.271513,-0.715639,0.0008927,0.00085735,13.526899,14.406065,2023-08-01
23893,2023-07-25 13:07:00,19450.0,19696.1,221650,3111000,265.8,9.6,500,81400,0.777709,-0.229317,0.00082549,0.00081381,13.140069,13.565322,2023-08-01
18640,2023-07-25 13:07:00,19500.0,19696.1,2231350,7280550,220.65,15.1,12450,348400,0.738922,-0.269108,0.0009242,0.00090154,12.80854,13.33414,2023-08-01
13383,2023-07-25 13:07:00,19550.0,19696.1,600000,3631050,179.1,23.25,12750,39800,0.690674,-0.313855,0.00100451,0.00098385,12.777995,13.128594,2023-08-01
8126,2023-07-25 13:07:00,19600.0,19696.1,2565650,6867500,140.95,35.25,76000,128150,0.639342,-0.363866,0.00107426,0.00105029,12.690538,13.019343,2023-08-01
2865,2023-07-25 13:07:00,19650.0,19696.1,2891500,5482300,107.5,51.7,126700,122600,0.584387,-0.417267,0.00112158,0.00109821,12.662629,12.943681,2023-08-01
233,2023-07-25 13:07:00,19700.0,19696.1,13662150,11058300,78.85,73.1,374350,223650,0.527676,-0.472774,0.00115015,0.00112509,12.601263,12.882992,2023-08-01
5496,2023-07-25 13:07:00,19750.0,19696.1,6458250,3029050,56.25,100.6,133050,71050,0.470384,-0.52874,0.00114288,0.00111575,12.677071,12.987345,2023-08-01
10754,2023-07-25 13:07:00,19800.0,19696.1,14267950,5255450,39.4,133.65,246000,58050,0.415454,-0.582322,0.00110196,0.00107615,12.886976,13.211865,2023-08-01
16011,2023-07-25 13:07:00,19850.0,19696.1,7421200,1502050,26.35,171.0,73200,14150,0.362783,-0.632381,0.00105179,0.00101968,12.987664,13.456104,2023-08-01
21265,2023-07-25 13:07:00,19900.0,19696.1,10432550,2523150,17.35,212.1,68300,11250,0.314696,-0.677488,0.0009812,0.00094809,13.179153,13.781018,2023-08-01
26518,2023-07-25 13:07:00,19950.0,19696.1,4752450,559250,11.45,256.0,39250,500,0.272645,-0.717047,0.00089748,0.00086888,13.481973,14.180468,2023-08-01
23894,2023-07-25 13:08:00,19450.0,19693.05,221650,3111000,262.05,9.8,550,72050,0.782024,-0.231178,0.00084186,0.00082,12.743072,13.526755,2023-08-01
18641,2023-07-25 13:08:00,19500.0,19693.05,2231350,7280550,218.1,15.3,10500,201000,0.735694,-0.270818,0.00092833,0.0009094,12.834691,13.263528,2023-08-01
13384,2023-07-25 13:08:00,19550.0,19693.05,600000,3631050,176.25,23.65,7700,64350,0.688884,-0.31618,0.00101494,0.00099125,12.681041,13.074386,2023-08-01
8127,2023-07-25 13:08:00,19600.0,19693.05,2565650,6867500,139.05,36.0,65700,144850,0.63551,-0.36684,0.00107353,0.00105537,12.747469,12.994566,2023-08-01
2866,2023-07-25 13:08:00,19650.0,19693.05,2891500,5482300,105.65,52.8,98450,111250,0.580914,-0.42056,0.00112312,0.00110124,12.671322,12.932978,2023-08-01
234,2023-07-25 13:08:00,19700.0,19693.05,13662150,11058300,77.3,74.65,295050,236450,0.524157,-0.476226,0.00115054,0.00112478,12.606852,12.896276,2023-08-01
5497,2023-07-25 13:08:00,19750.0,19693.05,6458250,3029050,55.15,102.45,105350,55450,0.466983,-0.532112,0.0011398,0.00111426,12.705377,12.998946,2023-08-01
10755,2023-07-25 13:08:00,19800.0,19693.05,14267950,5255450,38.5,135.6,178650,54800,0.412188,-0.585763,0.001099,0.00107616,12.900667,13.189668,2023-08-01
16012,2023-07-25 13:08:00,19850.0,19693.05,7421200,1502050,25.75,173.7,51550,4450,0.359849,-0.634646,0.00104702,0.0010115,13.013278,13.539942,2023-08-01
21266,2023-07-25 13:08:00,19900.0,19693.05,10432550,2523150,17.1,214.9,87550,7300,0.312662,-0.67943,0.00097344,0.00094073,13.249958,13.85681,2023-08-01
26519,2023-07-25 13:08:00,19950.0,19693.05,4752450,559250,11.3,259.6,46550,650,0.271016,-0.715473,0.00089023,0.00085325,13.554159,14.481506,2023-08-01
23895,2023-07-25 13:09:00,19450.0,19686.3,220700,3115750,256.45,10.25,650,86100,0.772651,-0.235282,0.0008485,0.000834,12.955651,13.435503,2023-08-01
18642,2023-07-25 13:09:00,19500.0,19686.3,2226850,7206800,211.95,16.3,25000,160250,0.731038,-0.276889,0.00094477,0.00092025,12.728056,13.256853,2023-08-01
13385,2023-07-25 13:09:00,19550.0,19686.3,597950,3648600,170.9,25.0,19800,137650,0.682029,-0.3226,0.001025,0.00100191,12.679135,13.049944,2023-08-01
8128,2023-07-25 13:09:00,19600.0,19686.3,2573600,6879150,133.7,37.8,80250,154600,0.62928,-0.373628,0.00108956,0.00106539,12.635308,12.954416,2023-08-01
2867,2023-07-25 13:09:00,19650.0,19686.3,2883150,5483250,101.75,55.3,129650,164350,0.573121,-0.427881,0.00112453,0.00110781,12.709415,12.907337,2023-08-01
235,2023-07-25 13:09:00,19700.0,19686.3,13595500,11084750,74.15,78.0,378600,309000,0.51635,-0.483827,0.00114806,0.00112611,12.651599,12.898449,2023-08-01
5498,2023-07-25 13:09:00,19750.0,19686.3,6443750,3038000,52.9,106.8,154100,87750,0.459591,-0.53943,0.00113109,0.00110802,12.786265,13.055712,2023-08-01
10756,2023-07-25 13:09:00,19800.0,19686.3,14368800,5261150,36.8,140.95,216500,76300,0.405339,-0.592029,0.00108884,0.0010619,12.973291,13.323709,2023-08-01
16013,2023-07-25 13:09:00,19850.0,19686.3,7411050,1508000,24.65,179.1,84200,9400,0.353869,-0.640927,0.00103368,0.00100215,13.108985,13.591009,2023-08-01
21267,2023-07-25 13:09:00,19900.0,19686.3,10414500,2523450,16.3,220.2,118750,26100,0.307219,-0.686783,0.00096058,0.0009372,13.330209,13.778238,2023-08-01
26520,2023-07-25 13:09:00,19950.0,19686.3,4742650,559700,10.85,265.3,58150,1750,0.266755,-0.722076,0.00087632,0.00084752,13.665453,14.420749,2023-08-01
23896,2023-07-25 13:10:00,19450.0,19676.75,220700,3115750,247.85,10.85,2550,155700,0.764587,-0.240817,0.00086607,0.00085512,12.948864,13.278687,2023-08-01
18643,2023-07-25 13:10:00,19500.0,19676.75,2226850,7206800,204.35,17.15,66750,244750,0.719885,-0.283093,0.00095406,0.00094395,12.866229,13.070531,2023-08-01
13386,2023-07-25 13:10:00,19550.0,19676.75,597950,3648600,163.7,26.4,41150,168750,0.671558,-0.330228,0.00103518,0.00102543,12.730366,12.879487,2023-08-01
8129,2023-07-25 13:10:00,19600.0,19676.75,2573600,6879150,126.7,40.2,311150,413350,0.619462,-0.382945,0.00110553,0.00108321,12.562071,12.845253,2023-08-01
2868,2023-07-25 13:10:00,19650.0,19676.75,2883150,5483250,95.1,58.45,398500,518150,0.563096,-0.437941,0.00114537,0.00112449,12.539613,12.777781,2023-08-01
236,2023-07-25 13:10:00,19700.0,19676.75,13595500,11084750,69.0,82.0,1049650,950850,0.505365,-0.494612,0.00115703,0.00114075,12.569636,12.749093,2023-08-01
5499,2023-07-25 13:10:00,19750.0,19676.75,6443750,3038000,48.7,112.1,451100,244400,0.44838,-0.550428,0.00113611,0.00111338,12.694937,12.959184,2023-08-01
10757,2023-07-25 13:10:00,19800.0,19676.75,14368800,5261150,33.85,147.25,546650,236900,0.394719,-0.602787,0.0010843,0.0010615,12.944197,13.244751,2023-08-01
16014,2023-07-25 13:10:00,19850.0,19676.75,7411050,1508000,22.65,186.0,267150,40600,0.344167,-0.651812,0.00102289,0.00100063,13.120204,13.470065,2023-08-01
21268,2023-07-25 13:10:00,19900.0,19676.75,10414500,2523450,15.0,228.45,305150,67100,0.298735,-0.694827,0.00094592,0.00092279,13.375325,13.842585,2023-08-01
26521,2023-07-25 13:10:00,19950.0,19676.75,4742650,559700,10.15,274.2,195450,4700,0.26032,-0.727713,0.0008584,0.00082981,13.785403,14.588501,2023-08-01
23897,2023-07-25 13:11:00,19400.0,19674.4,670800,5741150,289.6,7.0,9950,152300,0.822092,-0.206278,0.00079135,0.00076692,12.002509,13.55919,2023-08-01
18644,2023-07-25 13:11:00,19450.0,19674.4,220700,3115750,245.0,10.8,3100,177600,0.767144,-0.24108,0.00087944,0.00086281,12.677233,13.170393,2023-08-01
13387,2023-07-25 13:11:00,19500.0,19674.4,2226850,7206800,202.0,17.15,101050,372250,0.719137,-0.283831,0.00096302,0.00095279,12.765155,12.967631,2023-08-01
8130,2023-07-25 13:11:00,19550.0,19674.4,597950,3648600,161.15,26.55,46000,201000,0.671074,-0.331626,0.00104924,0.00103423,12.569323,12.793599,2023-08-01
2869,2023-07-25 13:11:00,19600.0,19674.4,2573600,6879150,124.65,40.5,296050,561200,0.617563,-0.384806,0.00111464,0.00109207,12.480228,12.761555,2023-08-01
237,2023-07-25 13:11:00,19650.0,19674.4,2883150,5483250,93.6,59.4,384250,695850,0.560492,-0.440564,0.00114867,0.00112627,12.518604,12.772746,2023-08-01
5500,2023-07-25 13:11:00,19700.0,19674.4,13595500,11084750,67.45,83.45,1033450,920300,0.502618,-0.497283,0.00116389,0.00113762,12.498526,12.787093,2023-08-01
10758,2023-07-25 13:11:00,19750.0,19674.4,6443750,3038000,47.5,113.75,465250,239750,0.445437,-0.552895,0.00114018,0.00110979,12.639157,12.992685,2023-08-01
16015,2023-07-25 13:11:00,19800.0,19674.4,14368800,5261150,32.8,149.15,890800,331400,0.391509,-0.604911,0.00108836,0.00105651,12.868871,13.29026,2023-08-01
21269,2023-07-25 13:11:00,19850.0,19674.4,7411050,1508000,21.95,187.8,321500,46000,0.341163,-0.654297,0.00102355,0.00099897,13.070548,13.458956,2023-08-01
26522,2023-07-25 13:11:00,19900.0,19674.4,10414500,2523450,14.6,230.35,409900,53950,0.296289,-0.697327,0.0009436,0.00092116,13.360357,13.818618,2023-08-01
23898,2023-07-25 13:12:00,19450.0,19676.55,218850,3120700,248.05,10.7,2400,194350,0.762056,-0.240059,0.00086173,0.0008574,13.092284,13.22209,2023-08-01
18645,2023-07-25 13:12:00,19500.0,19676.55,2234450,7257050,204.35,17.0,31100,348250,0.718946,-0.282612,0.00095188,0.00094658,12.918034,13.025051,2023-08-01
13388,2023-07-25 13:12:00,19550.0,19676.55,586800,3648950,163.65,26.25,33150,229900,0.67102,-0.329958,0.00103368,0.00102833,12.758623,12.840305,2023-08-01
8131,2023-07-25 13:12:00,19600.0,19676.55,2442750,6864700,127.05,39.8,145450,383500,0.618414,-0.382462,0.00109813,0.00108998,12.658645,12.762074,2023-08-01
2870,2023-07-25 13:12:00,19650.0,19676.55,2804600,5368900,95.15,58.05,203550,440800,0.562719,-0.437826,0.00114262,0.00113159,12.573101,12.698419,2023-08-01
238,2023-07-25 13:12:00,19700.0,19676.55,13460150,10993150,69.15,82.0,569900,620250,0.505134,-0.494848,0.00115294,0.00114214,12.615703,12.735025,2023-08-01
5501,2023-07-25 13:12:00,19750.0,19676.55,6417200,3002000,48.9,112.1,315900,196700,0.448387,-0.550745,0.00113148,0.00111498,12.74828,12.940596,2023-08-01
10759,2023-07-25 13:12:00,19800.0,19676.55,14285150,5111300,33.75,147.0,345750,185200,0.394453,-0.60362,0.00108454,0.00106697,12.940306,13.17079,2023-08-01
16016,2023-07-25 13:12:00,19850.0,19676.55,7417900,1499000,22.75,185.1,175000,28150,0.344388,-0.654806,0.0010203,0.00101586,13.158116,13.227183,2023-08-01
21270,2023-07-25 13:12:00,19900.0,19676.55,10386950,2514850,15.15,228.25,276600,30500,0.299329,-0.696404,0.00094286,0.00092757,13.432385,13.740967,2023-08-01
26523,2023-07-25 13:12:00,19950.0,19676.55,4689200,560550,10.2,273.8,161300,2750,0.260607,-0.730734,0.00085704,0.00083655,13.816549,14.392104,2023-08-01
23899,2023-07-25 13:13:00,19400.0,19674.25,675050,5761950,292.15,7.15,300,83250,0.795495,-0.207522,0.00076934,0.00076587,13.448789,13.627578,2023-08-01
18646,2023-07-25 13:13:00,19450.0,19674.25,218850,3120700,246.0,11.05,600,84900,0.760046,-0.242567,0.00086571,0.00086022,13.094202,13.255692,2023-08-01
13389,2023-07-25 13:13:00,19500.0,19674.25,2234450,7257050,202.5,17.5,24250,236400,0.716431,-0.285268,0.00095446,0.00094853,12.940662,13.058697,2023-08-01
8132,2023-07-25 13:13:00,19550.0,19674.25,586800,3648950,161.5,26.85,11200,91600,0.669625,-0.332494,0.00104231,0.00103047,12.676618,12.85493,2023-08-01
2871,2023-07-25 13:13:00,19600.0,19674.25,2442750,6864700,125.25,40.75,82500,229650,0.616241,-0.385304,0.00110384,0.00108907,12.616679,12.802872,2023-08-01
239,2023-07-25 13:13:00,19650.0,19674.25,2804600,5368900,93.85,59.25,115500,385500,0.560056,-0.4406,0.00114326,0.00112931,12.581181,12.739847,2023-08-01
5502,2023-07-25 13:13:00,19700.0,19674.25,13460150,10993150,67.9,83.25,477550,520300,0.50247,-0.497475,0.00115546,0.00114163,12.591047,12.743587,2023-08-01
10760,2023-07-25 13:13:00,19750.0,19674.25,6417200,3002000,48.0,113.8,195700,105500,0.445753,-0.553093,0.00113117,0.00111021,12.742601,12.988307,2023-08-01
16017,2023-07-25 13:13:00,19800.0,19674.25,14285150,5111300,33.3,148.9,171700,113550,0.392311,-0.605645,0.00107963,0.00106147,12.981767,13.222814,2023-08-01
21271,2023-07-25 13:13:00,19850.0,19674.25,7417900,1499000,22.25,188.2,78450,8950,0.341983,-0.653687,0.00101811,0.00099466,13.153775,13.527622,2023-08-01
26524,2023-07-25 13:13:00,19900.0,19674.25,10386950,2514850,14.8,230.85,216250,28250,0.297127,-0.696024,0.00093997,0.00091582,13.4306,13.927413,2023-08-01
23900,2023-07-25 13:14:00,19400.0,19667.25,675050,5761950,285.55,7.7,8850,217050,0.791109,-0.212862,0.00078294,0.00077788,13.387764,13.624384,2023-08-01
18647,2023-07-25 13:14:00,19450.0,19667.25,218850,3120700,239.45,11.85,3350,194500,0.755859,-0.248523,0.00088216,0.00087226,12.976535,13.249458,2023-08-01
13390,2023-07-25 13:14:00,19500.0,19667.25,2234450,7257050,196.55,18.65,64550,309950,0.710203,-0.291758,0.00096729,0.00095998,12.906395,13.045723,2023-08-01
8133,2023-07-25 13:14:00,19550.0,19667.25,586800,3648950,156.8,28.65,46750,209500,0.660764,-0.339988,0.00104258,0.00103806,12.810786,12.877492,2023-08-01
2872,2023-07-25 13:14:00,19600.0,19667.25,2442750,6864700,120.75,43.15,161400,734150,0.608192,-0.393073,0.00110755,0.00109435,12.655033,12.819208,2023-08-01
240,2023-07-25 13:14:00,19650.0,19667.25,2804600,5368900,90.3,62.2,254800,739050,0.551766,-0.448485,0.00114012,0.00113377,12.65825,12.730176,2023-08-01
5503,2023-07-25 13:14:00,19700.0,19667.25,13460150,10993150,64.95,86.85,807850,839000,0.49443,-0.505494,0.00115103,0.00114413,12.643647,12.719981,2023-08-01
10761,2023-07-25 13:14:00,19750.0,19667.25,6417200,3002000,45.75,117.95,288650,248350,0.438128,-0.561129,0.00112368,0.00111182,12.796566,12.936893,2023-08-01
16018,2023-07-25 13:14:00,19800.0,19667.25,14285150,5111300,31.45,153.9,469700,264250,0.384905,-0.613158,0.0010729,0.00105698,12.997134,13.212268,2023-08-01
21272,2023-07-25 13:14:00,19850.0,19667.25,7417900,1499000,21.05,193.15,182050,41250,0.335467,-0.662369,0.0010073,0.00099632,13.202143,13.381123,2023-08-01
26525,2023-07-25 13:14:00,19900.0,19667.25,10386950,2514850,14.0,235.75,270750,57450,0.291422,-0.706771,0.0009279,0.00092196,13.489488,13.615499,2023-08-01
23901,2023-07-25 13:15:00,19400.0,19667.1,681350,5763250,283.6,7.55,8550,321150,0.806621,-0.211812,0.00080007,0.00077967,12.509228,13.554753,2023-08-01
18648,2023-07-25 13:15:00,19450.0,19667.1,218900,3086050,238.75,11.8,5500,293500,0.758925,-0.248319,0.00088944,0.00087329,12.78328,13.228773,2023-08-01
13391,2023-07-25 13:15:00,19500.0,19667.1,2229950,7331350,195.15,18.7,68100,445750,0.714915,-0.292008,0.00098536,0.00095983,12.572567,13.053773,2023-08-01
8134,2023-07-25 13:15:00,19550.0,19667.1,564700,3639250,154.7,28.7,61250,332950,0.665542,-0.340191,0.00107221,0.00103799,12.389003,12.882091,2023-08-01
2873,2023-07-25 13:15:00,19600.0,19667.1,2430650,6910550,119.4,43.25,296700,834050,0.609834,-0.393317,0.00112658,0.00109367,12.427267,12.830128,2023-08-01
241,2023-07-25 13:15:00,19650.0,19667.1,2817750,5275950,89.1,63.0,385400,1198900,0.552262,-0.44909,0.00115715,0.00112287,12.470639,12.857033,2023-08-01
5504,2023-07-25 13:15:00,19700.0,19667.1,13549700,10786800,64.05,87.75,1090750,1257300,0.494113,-0.50553,0.00116382,0.00113171,12.505243,12.860295,2023-08-01
10762,2023-07-25 13:15:00,19750.0,19667.1,6520300,2986350,44.95,119.0,600300,355500,0.437238,-0.560404,0.00113508,0.00109751,12.664288,13.110025,2023-08-01
16019,2023-07-25 13:15:00,19800.0,19667.1,14339450,5116850,31.0,154.2,765400,404450,0.383987,-0.612969,0.00107896,0.00105398,12.915751,13.252532,2023-08-01
21273,2023-07-25 13:15:00,19850.0,19667.1,7473700,1487200,20.85,194.65,473650,53600,0.334821,-0.658641,0.00100962,0.00097635,13.162719,13.7133,2023-08-01
26526,2023-07-25 13:15:00,19900.0,19667.1,10445800,2515200,13.85,238.15,437000,81500,0.290733,-0.697788,0.00092949,0.00089109,13.452353,14.283384,2023-08-01
23902,2023-07-25 13:16:00,19400.0,19660.25,681350,5763250,279.0,8.1,3100,178500,0.786379,-0.21702,0.00079637,0.00079165,13.341814,13.544865,2023-08-01
18649,2023-07-25 13:16:00,19450.0,19660.25,218900,3086050,234.0,12.6,2850,213650,0.745902,-0.254099,0.00088534,0.00088534,13.213749,13.213816,2023-08-01
13392,2023-07-25 13:16:00,19500.0,19660.25,2229950,7331350,191.95,19.85,35300,328400,0.699435,-0.298313,0.00096229,0.00097134,13.199223,13.031799,2023-08-01
8135,2023-07-25 13:16:00,19550.0,19660.25,564700,3639250,151.65,30.35,39150,193550,0.653225,-0.347127,0.00105008,0.00104781,12.830994,12.863585,2023-08-01
2874,2023-07-25 13:16:00,19600.0,19660.25,2430650,6910550,116.7,45.65,220450,445900,0.599674,-0.400884,0.00110543,0.00109903,12.759154,12.838115,2023-08-01
242,2023-07-25 13:16:00,19650.0,19660.25,2817750,5275950,86.1,65.65,284300,551450,0.543914,-0.456604,0.00114779,0.00113175,12.609384,12.789939,2023-08-01
5505,2023-07-25 13:16:00,19700.0,19660.25,13549700,10786800,61.6,91.1,733500,687050,0.486316,-0.513396,0.00115375,0.00113776,12.613453,12.791019,2023-08-01
10763,2023-07-25 13:16:00,19750.0,19660.25,6520300,2986350,43.7,123.1,279700,191300,0.430714,-0.568257,0.00111401,0.00109937,12.873367,13.050734,2023-08-01
16020,2023-07-25 13:16:00,19800.0,19660.25,14339450,5116850,30.05,159.75,367850,172250,0.378307,-0.61917,0.00106008,0.0010408,13.091898,13.361554,2023-08-01
21274,2023-07-25 13:16:00,19850.0,19660.25,7473700,1487200,20.25,200.0,237200,29900,0.330138,-0.665708,0.00099113,0.00097121,13.338782,13.68021,2023-08-01
26527,2023-07-25 13:16:00,19900.0,19660.25,10445800,2515200,13.6,243.2,266850,42750,0.287481,-0.707063,0.00091065,0.00089347,13.663581,14.049514,2023-08-01
23903,2023-07-25 13:17:00,19400.0,19652.75,681350,5763250,273.15,8.4,7500,351050,0.773686,-0.220511,0.00079911,0.00080828,13.749728,13.39429,2023-08-01
18650,2023-07-25 13:17:00,19450.0,19652.75,218900,3086050,229.1,13.2,5250,231100,0.731959,-0.258952,0.0008779,0.00090258,13.702723,13.095396,2023-08-01
13393,2023-07-25 13:17:00,19500.0,19652.75,2229950,7331350,185.9,20.75,112450,634750,0.692169,-0.303928,0.00097292,0.00098969,13.200332,12.903564,2023-08-01
8136,2023-07-25 13:17:00,19550.0,19652.75,564700,3639250,146.05,31.7,84900,317700,0.645499,-0.353668,0.00106042,0.0010662,12.813476,12.733277,2023-08-01
2875,2023-07-25 13:17:00,19600.0,19652.75,2430650,6910550,111.7,47.35,358700,834300,0.591565,-0.408004,0.00111427,0.00111976,12.727774,12.662085,2023-08-01
243,2023-07-25 13:17:00,19650.0,19652.75,2817750,5275950,82.7,68.05,471450,843600,0.535045,-0.464716,0.00114072,0.00115042,12.721162,12.6132,2023-08-01
5506,2023-07-25 13:17:00,19700.0,19652.75,13549700,10786800,58.8,94.35,1511400,1242500,0.477846,-0.522316,0.00114586,0.00115222,12.693595,12.623285,2023-08-01
10764,2023-07-25 13:17:00,19750.0,19652.75,6520300,2986350,41.3,126.7,518500,373250,0.422528,-0.578116,0.00110806,0.00111625,12.898196,12.79939,2023-08-01
16021,2023-07-25 13:17:00,19800.0,19652.75,14339450,5116850,28.45,163.6,714150,268900,0.371004,-0.630623,0.00104898,0.00106047,13.154833,12.993771,2023-08-01
21275,2023-07-25 13:17:00,19850.0,19652.75,7473700,1487200,19.2,204.7,407700,51100,0.323797,-0.677442,0.00097765,0.00098319,13.422405,13.325735,2023-08-01
26528,2023-07-25 13:17:00,19900.0,19652.75,10445800,2515200,12.9,248.3,414850,58200,0.282002,-0.720137,0.0008968,0.00090302,13.753674,13.608847,2023-08-01
23904,2023-07-25 13:18:00,19400.0,19657.5,680200,5791650,278.35,7.75,6800,560650,0.771769,-0.21506,0.00078227,0.00080231,14.109913,13.297999,2023-08-01
18651,2023-07-25 13:18:00,19450.0,19657.5,220450,3157100,233.4,12.3,7250,280750,0.735088,-0.253301,0.00086804,0.00089805,13.773678,13.008399,2023-08-01
13394,2023-07-25 13:18:00,19500.0,19657.5,2232100,7467600,191.0,19.65,56700,1025200,0.692729,-0.298601,0.00094932,0.00098519,13.515114,12.857226,2023-08-01
8137,2023-07-25 13:18:00,19550.0,19657.5,574550,3586450,151.3,30.2,49500,269100,0.646735,-0.348122,0.00102953,0.0010637,13.17892,12.687897,2023-08-01
2876,2023-07-25 13:18:00,19600.0,19657.5,2561100,6704600,116.25,45.15,276750,629400,0.594987,-0.402085,0.0010882,0.00112309,13.003009,12.575809,2023-08-01
244,2023-07-25 13:18:00,19650.0,19657.5,2858050,4966050,86.45,65.45,352200,663800,0.539929,-0.45908,0.00112103,0.00115467,12.927172,12.54737,2023-08-01
5507,2023-07-25 13:18:00,19700.0,19657.5,13854550,10368350,61.8,91.0,806900,816750,0.483591,-0.517053,0.00113176,0.00116276,12.858195,12.514557,2023-08-01
10765,2023-07-25 13:18:00,19750.0,19657.5,6462200,2814350,43.3,122.45,439950,190650,0.428266,-0.57405,0.00110418,0.00113577,12.976705,12.602108,2023-08-01
16022,2023-07-25 13:18:00,19800.0,19657.5,14326900,5041400,29.95,158.85,466900,177450,0.37664,-0.628067,0.0010484,0.00108325,13.222799,12.74647,2023-08-01
21276,2023-07-25 13:18:00,19850.0,19657.5,7428900,1478750,20.2,198.65,239000,36100,0.328903,-0.680035,0.00098101,0.00102224,13.459396,12.771212,2023-08-01
26529,2023-07-25 13:18:00,19900.0,19657.5,10511150,2507650,13.5,242.7,392550,38400,0.286231,-0.722988,0.00090319,0.00093068,13.751346,13.136135,2023-08-01
23905,2023-07-25 13:19:00,19400.0,19652.95,680200,5791650,275.1,7.8,10400,202150,0.763382,-0.216281,0.00078076,0.00081398,14.427902,13.154128,2023-08-01
18652,2023-07-25 13:19:00,19450.0,19652.95,220450,3157100,230.7,12.4,5800,297800,0.726212,-0.254971,0.0008608,0.00091213,14.124906,12.855433,2023-08-01
13395,2023-07-25 13:19:00,19500.0,19652.95,2232100,7467600,187.95,19.75,49850,394150,0.686681,-0.30054,0.00094782,0.00100291,13.655608,12.670767,2023-08-01
8138,2023-07-25 13:19:00,19550.0,19652.95,574550,3586450,148.7,30.4,26450,223100,0.640655,-0.350784,0.00102488,0.00108443,13.322253,12.483455,2023-08-01
2877,2023-07-25 13:19:00,19600.0,19652.95,2561100,6704600,114.1,45.75,176550,599650,0.589189,-0.405954,0.00108103,0.00114282,13.138545,12.392252,2023-08-01
245,2023-07-25 13:19:00,19650.0,19652.95,2858050,4966050,84.5,66.1,270250,772450,0.534643,-0.463769,0.00111539,0.00117929,13.012354,12.302931,2023-08-01
5508,2023-07-25 13:19:00,19700.0,19652.95,13854550,10368350,60.6,91.9,726450,1002900,0.478734,-0.523035,0.00111976,0.00118963,12.992133,12.226149,2023-08-01
10766,2023-07-25 13:19:00,19750.0,19652.95,6462200,2814350,42.35,124.0,286050,187800,0.42393,-0.581138,0.00109306,0.00115765,13.085441,12.323608,2023-08-01
16023,2023-07-25 13:19:00,19800.0,19652.95,14326900,5041400,29.25,160.35,440750,184900,0.372816,-0.637605,0.00103775,0.00111118,13.319201,12.323281,2023-08-01
21277,2023-07-25 13:19:00,19850.0,19652.95,7428900,1478750,19.65,200.85,210150,23750,0.325375,-0.690838,0.00097165,0.00104277,13.53346,12.340512,2023-08-01
26530,2023-07-25 13:19:00,19900.0,19652.95,10511150,2507650,13.25,244.7,264200,29700,0.283742,-0.73906,0.00089246,0.00095572,13.862707,12.417183,2023-08-01
23906,2023-07-25 13:20:00,19400.0,19655.5,680200,5791650,278.05,7.75,5650,266850,0.761703,-0.215475,0.00077046,0.00080758,14.676514,13.22864,2023-08-01
18653,2023-07-25 13:20:00,19450.0,19655.5,220450,3157100,233.6,12.35,7000,286750,0.72549,-0.254101,0.00084898,0.00090402,14.338994,12.94639,2023-08-01
13396,2023-07-25 13:20:00,19500.0,19655.5,2232100,7467600,190.1,19.7,73450,429750,0.688704,-0.299501,0.00094287,0.0009927,13.687912,12.780012,2023-08-01
8139,2023-07-25 13:20:00,19550.0,19655.5,574550,3586450,150.3,30.35,56050,263550,0.643717,-0.349448,0.00102527,0.00107163,13.276397,12.614051,2023-08-01
2878,2023-07-25 13:20:00,19600.0,19655.5,2561100,6704600,115.75,45.6,388500,659500,0.591888,-0.404027,0.0010785,0.00112863,13.147463,12.532099,2023-08-01
246,2023-07-25 13:20:00,19650.0,19655.5,2858050,4966050,86.0,66.1,402850,670800,0.537425,-0.461286,0.00111237,0.00115944,13.038326,12.505172,2023-08-01
5509,2023-07-25 13:20:00,19700.0,19655.5,13854550,10368350,61.5,91.8,816600,934800,0.481523,-0.5195,0.0011228,0.00116767,12.960477,12.460921,2023-08-01
10767,2023-07-25 13:20:00,19750.0,19655.5,6462200,2814350,43.45,123.6,301450,197550,0.427003,-0.576537,0.00109058,0.00113743,13.133412,12.571091,2023-08-01
16024,2023-07-25 13:20:00,19800.0,19655.5,14326900,5041400,30.1,159.9,434100,219650,0.375899,-0.631251,0.00103676,0.00108863,13.365672,12.650687,2023-08-01
21278,2023-07-25 13:20:00,19850.0,19655.5,7428900,1478750,20.25,200.5,250000,39900,0.328297,-0.681365,0.00097249,0.00101638,13.569987,12.824867,2023-08-01
26531,2023-07-25 13:20:00,19900.0,19655.5,10511150,2507650,13.65,243.2,302700,49850,0.28635,-0.731856,0.00089476,0.0009473,13.886407,12.701378,2023-08-01
23907,2023-07-25 13:21:00,19400.0,19650.6,676850,5779300,274.2,8.0,6000,210800,0.755329,-0.218214,0.0007723,0.00081823,14.857413,13.156066,2023-08-01
18654,2023-07-25 13:21:00,19450.0,19650.6,224350,3266350,229.55,12.8,3100,178400,0.720943,-0.257634,0.0008544,0.0009149,14.367485,12.888815,2023-08-01
13397,2023-07-25 13:21:00,19500.0,19650.6,2230450,7831650,186.4,20.45,40650,362650,0.683531,-0.30378,0.00094669,0.0010028,13.7335,12.735959,2023-08-01
8140,2023-07-25 13:21:00,19550.0,19650.6,584150,3593750,147.85,31.3,30400,190500,0.636655,-0.353944,0.00101593,0.00108315,13.493522,12.54134,2023-08-01
2879,2023-07-25 13:21:00,19600.0,19650.6,2617300,6778200,113.6,47.0,188250,485250,0.585602,-0.409132,0.00106895,0.00113846,13.317078,12.466233,2023-08-01
247,2023-07-25 13:21:00,19650.0,19650.6,2974200,4991100,84.1,67.65,224600,498150,0.531741,-0.466714,0.00110381,0.00117279,13.159714,12.3818,2023-08-01
5510,2023-07-25 13:21:00,19700.0,19650.6,13955400,10059650,60.05,93.8,495850,568300,0.476291,-0.525584,0.00111256,0.00118012,13.074528,12.322459,2023-08-01
10768,2023-07-25 13:21:00,19750.0,19650.6,6452600,2783600,42.35,126.0,228300,159650,0.422304,-0.583303,0.00108012,0.00114922,13.234428,12.402423,2023-08-01
16025,2023-07-25 13:21:00,19800.0,19650.6,14320750,4990700,29.2,163.15,266750,212650,0.371522,-0.637737,0.00102771,0.0010916,13.437279,12.545457,2023-08-01
21279,2023-07-25 13:21:00,19850.0,19650.6,7381200,1467350,19.8,204.15,180350,26800,0.324978,-0.687963,0.00096061,0.00101682,13.685199,12.709233,2023-08-01
26532,2023-07-25 13:21:00,19900.0,19650.6,10519800,2501350,13.35,247.3,213350,32200,0.283555,-0.738146,0.00088384,0.00094353,13.996475,12.603019,2023-08-01
23908,2023-07-25 13:22:00,19400.0,19643.45,676850,5779300,268.0,8.45,10450,250800,0.749259,-0.222761,0.00078083,0.00083332,14.894863,13.076774,2023-08-01
18655,2023-07-25 13:22:00,19450.0,19643.45,224350,3266350,223.6,13.4,6250,239600,0.714628,-0.262465,0.00086317,0.00093217,14.381431,12.777178,2023-08-01
13398,2023-07-25 13:22:00,19500.0,19643.45,2230450,7831650,181.35,21.55,95900,580550,0.675289,-0.309983,0.00094853,0.00101823,13.860483,12.660485,2023-08-01
8141,2023-07-25 13:22:00,19550.0,19643.45,584150,3593750,142.75,32.9,61950,439750,0.629415,-0.360948,0.00102342,0.0010977,13.48822,12.465338,2023-08-01
2880,2023-07-25 13:22:00,19600.0,19643.45,2617300,6778200,108.85,49.4,376150,991800,0.578236,-0.417006,0.00107809,0.00114837,13.261263,12.418803,2023-08-01
248,2023-07-25 13:22:00,19650.0,19643.45,2974200,4991100,80.3,70.75,465400,995150,0.523856,-0.47503,0.00110686,0.00118027,13.146995,12.327268,2023-08-01
5511,2023-07-25 13:22:00,19700.0,19643.45,13955400,10059650,57.4,97.9,1096750,1238450,0.468512,-0.534077,0.00110645,0.00118032,13.134453,12.305858,2023-08-01
10769,2023-07-25 13:22:00,19750.0,19643.45,6452600,2783600,40.4,131.0,485250,312350,0.415069,-0.591382,0.00107079,0.00114292,13.304529,12.418947,2023-08-01
16026,2023-07-25 13:22:00,19800.0,19643.45,14320750,4990700,28.0,168.35,692200,435300,0.365378,-0.646392,0.00101367,0.00108935,13.55456,12.470906,2023-08-01
21280,2023-07-25 13:22:00,19850.0,19643.45,7381200,1467350,19.0,209.35,277050,65400,0.319689,-0.698694,0.00094601,0.00102057,13.807875,12.473607,2023-08-01
26533,2023-07-25 13:22:00,19900.0,19643.45,10519800,2501350,12.9,253.1,491750,80300,0.279429,-0.74922,0.00086867,0.00094151,14.146415,12.353802,2023-08-01
23909,2023-07-25 13:23:00,19400.0,19640.4,676850,5779300,266.0,8.7,8250,139050,0.743858,-0.225087,0.00077823,0.00083925,15.115958,13.064035,2023-08-01
18656,2023-07-25 13:23:00,19450.0,19640.4,224350,3266350,220.6,13.85,2600,140650,0.713549,-0.265445,0.00087221,0.00093709,14.260933,12.785944,2023-08-01
13399,2023-07-25 13:23:00,19500.0,19640.4,2230450,7831650,179.55,22.05,82950,340050,0.670991,-0.312721,0.00094513,0.0010246,13.987757,12.63251,2023-08-01
8142,2023-07-25 13:23:00,19550.0,19640.4,584150,3593750,140.6,33.8,55800,244250,0.6263,-0.364366,0.00102645,0.00110084,13.487358,12.472187,2023-08-01
2881,2023-07-25 13:23:00,19600.0,19640.4,2617300,6778200,106.75,50.45,252400,578850,0.575148,-0.420397,0.00108323,0.0011525,13.2211,12.398915,2023-08-01
249,2023-07-25 13:23:00,19650.0,19640.4,2974200,4991100,79.15,72.2,419950,689800,0.520407,-0.478625,0.00110175,0.00118174,13.217127,12.320855,2023-08-01
5512,2023-07-25 13:23:00,19700.0,19640.4,13955400,10059650,56.25,99.45,712850,732700,0.465193,-0.53785,0.00110435,0.00118404,13.152916,12.259123,2023-08-01
10770,2023-07-25 13:23:00,19750.0,19640.4,6452600,2783600,39.4,133.0,305250,153850,0.411761,-0.59506,0.00106945,0.00114275,13.299169,12.395552,2023-08-01
16027,2023-07-25 13:23:00,19800.0,19640.4,14320750,4990700,27.2,170.75,308350,214750,0.362121,-0.649675,0.00101198,0.00108559,13.53904,12.474643,2023-08-01
21281,2023-07-25 13:23:00,19850.0,19640.4,7381200,1467350,18.5,212.0,227800,31150,0.316907,-0.701583,0.00094214,0.00101512,13.816378,12.488615,2023-08-01
26534,2023-07-25 13:23:00,19900.0,19640.4,10519800,2501350,12.55,256.2,331100,49300,0.276929,-0.749691,0.00086439,0.00093055,14.15715,12.489408,2023-08-01
23910,2023-07-25 13:24:00,19400.0,19635.4,675700,5760450,261.35,8.9,9050,423200,0.741197,-0.227453,0.00078746,0.00085159,15.023736,12.954814,2023-08-01
18657,2023-07-25 13:24:00,19450.0,19635.4,225850,3216050,218.5,14.25,14300,358200,0.702618,-0.268704,0.00085597,0.00095009,14.791571,12.692811,2023-08-01
13400,2023-07-25 13:24:00,19500.0,19635.4,2241800,7825050,176.25,22.35,107200,613900,0.665008,-0.315601,0.00094425,0.00104324,14.105736,12.459439,2023-08-01
8143,2023-07-25 13:24:00,19550.0,19635.4,614700,3470250,138.0,34.2,88900,585850,0.61982,-0.367882,0.00101972,0.0011233,13.653213,12.265705,2023-08-01
2882,2023-07-25 13:24:00,19600.0,19635.4,2785950,6682600,105.25,51.3,502050,1460000,0.568517,-0.425121,0.00106561,0.00117382,13.484992,12.20608,2023-08-01
250,2023-07-25 13:24:00,19650.0,19635.4,3080100,4738800,77.15,73.25,694450,1228250,0.514844,-0.484365,0.00109554,0.0012067,13.30425,12.077777,2023-08-01
5513,2023-07-25 13:24:00,19700.0,19635.4,14123250,9754500,54.7,101.0,1550200,1636800,0.459958,-0.544865,0.0010966,0.00120793,13.233561,11.998333,2023-08-01
10771,2023-07-25 13:24:00,19750.0,19635.4,6544450,2699800,38.15,134.45,526950,400100,0.40684,-0.604366,0.00106208,0.00117505,13.356689,11.985415,2023-08-01
16028,2023-07-25 13:24:00,19800.0,19635.4,14388250,4894750,26.5,172.55,856900,352000,0.358141,-0.661657,0.00100088,0.00111787,13.641238,11.961014,2023-08-01
21282,2023-07-25 13:24:00,19850.0,19635.4,7411800,1447350,18.05,214.05,489150,74900,0.313579,-0.718091,0.00093102,0.00104788,13.922889,11.783358,2023-08-01
26535,2023-07-25 13:24:00,19900.0,19635.4,10527700,2474450,12.3,258.8,493500,84400,0.274364,-0.770799,0.00085345,0.00095419,14.277581,11.611738,2023-08-01
23911,2023-07-25 13:25:00,19400.0,19633.35,675700,5760450,263.7,8.8,11050,424850,0.724085,-0.227231,0.00075174,0.0008589,16.256966,12.839594,2023-08-01
18658,2023-07-25 13:25:00,19450.0,19633.35,225850,3216050,219.4,14.1,6950,386400,0.693528,-0.268616,0.0008317,0.00095993,15.432874,12.562593,2023-08-01
13401,2023-07-25 13:25:00,19500.0,19633.35,2241800,7825050,176.9,22.4,76850,737500,0.658299,-0.316584,0.00092068,0.00105218,14.580102,12.371774,2023-08-01
8144,2023-07-25 13:25:00,19550.0,19633.35,614700,3470250,139.15,34.55,72600,451500,0.614076,-0.369711,0.00098948,0.00112979,14.135845,12.216994,2023-08-01
2883,2023-07-25 13:25:00,19600.0,19633.35,2785950,6682600,105.1,51.6,456650,1200350,0.565535,-0.427054,0.00105255,0.00118366,13.671908,12.117644,2023-08-01
251,2023-07-25 13:25:00,19650.0,19633.35,3080100,4738800,77.15,73.7,789450,1021350,0.512529,-0.486788,0.00108184,0.00121704,13.47751,11.979591,2023-08-01
5514,2023-07-25 13:25:00,19700.0,19633.35,14123250,9754500,54.9,101.25,1044250,1125300,0.458366,-0.548157,0.0010817,0.00122516,13.412379,11.819861,2023-08-01
10772,2023-07-25 13:25:00,19750.0,19633.35,6544450,2699800,38.5,135.1,487700,358600,0.406069,-0.608316,0.00104688,0.00118825,13.546421,11.821238,2023-08-01
16029,2023-07-25 13:25:00,19800.0,19633.35,14388250,4894750,26.7,173.1,793850,228450,0.357667,-0.667679,0.00098961,0.00113603,13.792362,11.689201,2023-08-01
21283,2023-07-25 13:25:00,19850.0,19633.35,7411800,1447350,18.25,214.1,712400,57000,0.31357,-0.73098,0.00092132,0.00107919,14.07142,11.182735,2023-08-01
26536,2023-07-25 13:25:00,19900.0,19633.35,10527700,2474450,12.6,257.85,490650,59650,0.275291,-0.809924,0.00084397,0.00099998,14.464232,9.925328,2023-08-01
23912,2023-07-25 13:26:00,19400.0,19638.85,675700,5760450,264.3,8.65,22500,422450,0.744047,-0.225135,0.00078336,0.00084422,15.014524,12.991527,2023-08-01
18659,2023-07-25 13:26:00,19450.0,19638.85,225850,3216050,220.15,13.85,7600,477800,0.709274,-0.26594,0.00086451,0.00094262,14.491967,12.725835,2023-08-01
13402,2023-07-25 13:26:00,19500.0,19638.85,2241800,7825050,177.7,22.05,105350,780400,0.671039,-0.313373,0.00095462,0.00103146,13.851018,12.562512,2023-08-01
8145,2023-07-25 13:26:00,19550.0,19638.85,614700,3470250,139.8,33.75,73300,405550,0.624204,-0.365148,0.00102384,0.00111014,13.548674,12.379436,2023-08-01
2884,2023-07-25 13:26:00,19600.0,19638.85,2785950,6682600,105.9,50.45,582350,850200,0.573357,-0.421609,0.00108253,0.0011629,13.24397,12.298434,2023-08-01
252,2023-07-25 13:26:00,19650.0,19638.85,3080100,4738800,77.8,72.45,565550,726400,0.518769,-0.480379,0.00110965,0.00119024,13.12857,12.238398,2023-08-01
5515,2023-07-25 13:26:00,19700.0,19638.85,14123250,9754500,55.25,100.05,1071200,938450,0.463273,-0.539906,0.00110902,0.00118895,13.094819,12.205078,2023-08-01
10773,2023-07-25 13:26:00,19750.0,19638.85,6544450,2699800,38.85,133.65,494300,213550,0.410039,-0.597522,0.00106911,0.00114875,13.293239,12.314496,2023-08-01
16030,2023-07-25 13:26:00,19800.0,19638.85,14388250,4894750,26.95,171.65,696550,182950,0.360853,-0.652239,0.00100865,0.00108907,13.570541,12.40417,2023-08-01
21284,2023-07-25 13:26:00,19850.0,19638.85,7411800,1447350,18.4,213.05,355900,38250,0.316064,-0.704412,0.00093785,0.00101741,13.867048,12.409028,2023-08-01
26537,2023-07-25 13:26:00,19900.0,19638.85,10527700,2474450,12.6,256.95,447800,44000,0.276812,-0.756082,0.00085913,0.00093854,14.244208,12.215798,2023-08-01
23913,2023-07-25 13:27:00,19400.0,19631.35,674450,5828250,260.8,8.85,6750,195200,0.72663,-0.228028,0.00076438,0.00086433,15.918343,12.786679,2023-08-01
18660,2023-07-25 13:27:00,19450.0,19631.35,229900,3269450,216.35,14.25,5600,259650,0.695739,-0.269923,0.00084823,0.00096541,15.086736,12.524238,2023-08-01
13403,2023-07-25 13:27:00,19500.0,19631.35,2261950,7902500,175.05,22.75,69000,494350,0.657128,-0.318489,0.0009264,0.00105631,14.511746,12.357102,2023-08-01
8146,2023-07-25 13:27:00,19550.0,19631.35,637100,3350000,137.4,34.7,37400,325600,0.612601,-0.371159,0.00099566,0.00113925,14.066539,12.133316,2023-08-01
2885,2023-07-25 13:27:00,19600.0,19631.35,3069550,6680300,104.25,51.65,279400,814700,0.563182,-0.428748,0.00104908,0.00119745,13.733237,11.989813,2023-08-01
253,2023-07-25 13:27:00,19650.0,19631.35,3476950,4497250,76.45,74.0,349200,657750,0.510349,-0.489187,0.00107805,0.00122975,13.529672,11.860339,2023-08-01
5516,2023-07-25 13:27:00,19700.0,19631.35,14404700,9391450,54.3,102.25,655950,668850,0.456332,-0.550816,0.00107836,0.00122866,13.449207,11.778762,2023-08-01
10774,2023-07-25 13:27:00,19750.0,19631.35,6540000,2537900,38.15,135.85,305150,173400,0.404362,-0.612073,0.00104185,0.00119943,13.600143,11.681368,2023-08-01
16031,2023-07-25 13:27:00,19800.0,19631.35,14266350,4780500,26.5,174.4,581050,159350,0.356313,-0.67112,0.00098412,0.00113943,13.853654,11.608273,2023-08-01
21285,2023-07-25 13:27:00,19850.0,19631.35,7344200,1422600,18.15,216.0,366250,25700,0.312569,-0.732337,0.00091585,0.00107244,14.138809,11.226767,2023-08-01
26538,2023-07-25 13:27:00,19900.0,19631.35,10457000,2456300,12.55,260.75,428900,64900,0.274564,-0.796134,0.00083904,0.00097714,14.533188,10.599433,2023-08-01
23914,2023-07-25 13:28:00,19400.0,19634.5,674450,5828250,263.0,8.75,9350,246150,0.730757,-0.226737,0.00076522,0.0008559,15.779008,12.869827,2023-08-01
18661,2023-07-25 13:28:00,19450.0,19634.5,229900,3269450,217.1,14.05,4200,248950,0.703757,-0.268129,0.00086381,0.00095606,14.635196,12.603062,2023-08-01
13404,2023-07-25 13:28:00,19500.0,19634.5,2261950,7902500,176.45,22.35,36850,525150,0.662091,-0.316033,0.00093426,0.00104719,14.308089,12.42261,2023-08-01
8147,2023-07-25 13:28:00,19550.0,19634.5,637100,3350000,138.1,34.05,32950,248400,0.617766,-0.368154,0.00101079,0.00113066,13.799687,12.191796,2023-08-01
2886,2023-07-25 13:28:00,19600.0,19634.5,3069550,6680300,104.8,50.95,288800,689150,0.567449,-0.425537,0.00106439,0.00118566,13.510062,12.089536,2023-08-01
254,2023-07-25 13:28:00,19650.0,19634.5,3476950,4497250,76.75,73.0,340500,440000,0.51384,-0.485387,0.00109445,0.00121846,13.321927,11.965247,2023-08-01
5517,2023-07-25 13:28:00,19700.0,19634.5,14404700,9391450,54.6,100.85,729650,646050,0.459149,-0.546495,0.00109214,0.00121967,13.288039,11.880048,2023-08-01
10775,2023-07-25 13:28:00,19750.0,19634.5,6540000,2537900,38.35,134.7,268500,130500,0.406602,-0.60613,0.00105422,0.00118113,13.457674,11.911968,2023-08-01
16032,2023-07-25 13:28:00,19800.0,19634.5,14266350,4780500,26.55,172.6,409700,114400,0.357902,-0.664874,0.00099602,0.00112918,13.707923,11.800266,2023-08-01
21286,2023-07-25 13:28:00,19850.0,19634.5,7344200,1422600,18.15,214.2,226550,25950,0.313691,-0.722713,0.00092624,0.00105858,14.000282,11.573729,2023-08-01
26539,2023-07-25 13:28:00,19900.0,19634.5,10457000,2456300,12.5,258.75,333400,41550,0.275192,-0.780935,0.00084815,0.00096797,14.391704,11.158814,2023-08-01
23915,2023-07-25 13:29:00,19400.0,19637.4,674450,5828250,265.45,8.55,1850,204250,0.733069,-0.224821,0.00076218,0.00084954,15.771837,12.902814,2023-08-01
18662,2023-07-25 13:29:00,19450.0,19637.4,229900,3269450,219.7,13.55,8400,190200,0.705527,-0.26499,0.00085782,0.00095203,14.695393,12.58003,2023-08-01
13405,2023-07-25 13:29:00,19500.0,19637.4,2261950,7902500,178.0,21.65,42650,251350,0.666241,-0.312737,0.00093874,0.00104402,14.169931,12.403256,2023-08-01
8148,2023-07-25 13:29:00,19550.0,19637.4,637100,3350000,139.2,33.1,41550,175050,0.62203,-0.364699,0.0010195,0.00112863,13.633784,12.174273,2023-08-01
2887,2023-07-25 13:29:00,19600.0,19637.4,3069550,6680300,106.0,49.6,231300,612650,0.570947,-0.4219,0.00106967,0.0011868,13.421124,12.055143,2023-08-01
255,2023-07-25 13:29:00,19650.0,19637.4,3476950,4497250,77.75,71.45,257500,317950,0.517063,-0.481844,0.00109992,0.00121922,13.250255,11.95226,2023-08-01
5518,2023-07-25 13:29:00,19700.0,19637.4,14404700,9391450,55.1,99.15,615750,417700,0.461934,-0.542893,0.00110199,0.00121908,13.177065,11.896751,2023-08-01
10776,2023-07-25 13:29:00,19750.0,19637.4,6540000,2537900,38.65,132.65,293800,96750,0.408864,-0.602642,0.00106424,0.0011831,13.347708,11.919505,2023-08-01
16033,2023-07-25 13:29:00,19800.0,19637.4,14266350,4780500,26.85,170.75,488700,69350,0.359979,-0.660009,0.00100365,0.00112397,13.629769,11.920069,2023-08-01
21287,2023-07-25 13:29:00,19850.0,19637.4,7344200,1422600,18.25,212.4,344450,11850,0.315089,-0.715444,0.00093464,0.00104952,13.89953,11.819484,2023-08-01
26540,2023-07-25 13:29:00,19900.0,19637.4,10457000,2456300,12.5,257.1,445300,20050,0.276004,-0.767503,0.00085612,0.00095588,14.277004,11.685718,2023-08-01
23916,2023-07-25 13:30:00,19400.0,19631.85,672300,5853250,260.95,9.1,4700,237700,0.727883,-0.229651,0.00076608,0.00085969,15.848826,12.908408,2023-08-01
18663,2023-07-25 13:30:00,19450.0,19631.85,233050,3295500,216.75,14.5,9050,215200,0.696082,-0.270986,0.00084741,0.00095975,15.09549,12.624407,2023-08-01
13406,2023-07-25 13:30:00,19500.0,19631.85,2300650,8130500,174.65,22.85,42650,317000,0.659138,-0.318646,0.00093446,0.00105211,14.356333,12.410581,2023-08-01
8149,2023-07-25 13:30:00,19550.0,19631.85,643250,3344250,136.6,34.7,44550,268900,0.614621,-0.370917,0.00100895,0.00113591,13.861837,12.167886,2023-08-01
2888,2023-07-25 13:30:00,19600.0,19631.85,3263750,6727300,103.6,51.7,337650,508150,0.564343,-0.428412,0.00106069,0.00119254,13.578094,12.038837,2023-08-01
256,2023-07-25 13:30:00,19650.0,19631.85,3617800,4454950,75.95,74.0,351550,504150,0.510911,-0.4886,0.00108763,0.00122484,13.411578,11.908787,2023-08-01
5519,2023-07-25 13:30:00,19700.0,19631.85,14880850,9400000,53.9,102.1,578050,558550,0.45649,-0.550058,0.00108638,0.0012256,13.352145,11.812415,2023-08-01
10777,2023-07-25 13:30:00,19750.0,19631.85,6641600,2525200,37.8,135.9,469750,126750,0.404194,-0.610635,0.00104877,0.00119182,13.5106,11.76989,2023-08-01
16034,2023-07-25 13:30:00,19800.0,19631.85,14357550,4767950,26.35,174.5,378450,144750,0.356239,-0.668717,0.00098784,0.00113005,13.802106,11.74031,2023-08-01
21288,2023-07-25 13:30:00,19850.0,19631.85,7390000,1423650,18.1,216.2,348000,15200,0.312632,-0.727605,0.00091788,0.00106019,14.110382,11.457975,2023-08-01
26541,2023-07-25 13:30:00,19900.0,19631.85,10419950,2445450,12.5,260.55,303850,23800,0.274529,-0.791977,0.00084079,0.00097372,14.503776,10.766025,2023-08-01
23917,2023-07-25 13:31:00,19400.0,19633.7,672300,5853250,260.65,9.15,5600,220900,0.736411,-0.229618,0.0007815,0.00085348,15.288102,13.000704,2023-08-01
18664,2023-07-25 13:31:00,19450.0,19633.7,233050,3295500,216.2,14.5,4750,175600,0.703731,-0.27048,0.00086715,0.00095263,14.582148,12.706373,2023-08-01
13407,2023-07-25 13:31:00,19500.0,19633.7,2300650,8130500,174.0,23.05,25600,318800,0.665407,-0.318523,0.0009569,0.00104017,13.918609,12.550478,2023-08-01
8150,2023-07-25 13:31:00,19550.0,19633.7,643250,3344250,136.05,35.1,32250,216850,0.619135,-0.370632,0.00103052,0.00111838,13.523378,12.354962,2023-08-01
2889,2023-07-25 13:31:00,19600.0,19633.7,3263750,6727300,103.35,52.15,191950,533050,0.567308,-0.427342,0.00107755,0.00117148,13.348407,12.248601,2023-08-01
257,2023-07-25 13:31:00,19650.0,19633.7,3617800,4454950,75.6,74.65,287450,417850,0.513008,-0.486492,0.0011047,0.00119728,13.201718,12.180409,2023-08-01
5520,2023-07-25 13:31:00,19700.0,19633.7,14880850,9400000,53.7,103.0,540300,572550,0.457907,-0.546171,0.00109988,0.00119022,13.192647,12.177507,2023-08-01
10778,2023-07-25 13:31:00,19750.0,19633.7,6641600,2525200,37.7,137.0,276500,104850,0.405203,-0.603939,0.00105915,0.00114948,13.386057,12.260836,2023-08-01
16035,2023-07-25 13:31:00,19800.0,19633.7,14357550,4767950,26.25,175.45,361500,88050,0.356873,-0.65867,0.00099661,0.00108751,13.68857,12.34178,2023-08-01
21289,2023-07-25 13:31:00,19850.0,19633.7,7390000,1423650,18.0,217.3,251100,14250,0.312951,-0.710532,0.0009253,0.00101243,14.00287,12.355719,2023-08-01
26542,2023-07-25 13:31:00,19900.0,19633.7,10419950,2445450,12.5,260.5,268600,16000,0.275049,-0.771292,0.00084574,0.0009484,14.431668,11.673534,2023-08-01
23918,2023-07-25 13:32:00,19400.0,19627.8,672300,5853250,252.1,10.0,9000,336200,0.746538,-0.236204,0.00082428,0.00086119,14.208593,13.092854,2023-08-01
18665,2023-07-25 13:32:00,19450.0,19627.8,233050,3295500,209.7,15.9,21050,369450,0.703802,-0.278276,0.00089333,0.00095565,14.1581,12.849601,2023-08-01
13408,2023-07-25 13:32:00,19500.0,19627.8,2300650,8130500,168.1,24.95,84850,572550,0.662964,-0.326365,0.00098146,0.00103981,13.613666,12.686305,2023-08-01
8151,2023-07-25 13:32:00,19550.0,19627.8,643250,3344250,131.0,37.7,76400,368100,0.61453,-0.378623,0.00104957,0.00111253,13.330335,12.508275,2023-08-01
2890,2023-07-25 13:32:00,19600.0,19627.8,3263750,6727300,99.0,55.6,557350,1018700,0.561551,-0.435128,0.00109289,0.00115856,13.19685,12.432144,2023-08-01
258,2023-07-25 13:32:00,19650.0,19627.8,3617800,4454950,72.35,78.95,479550,837150,0.506482,-0.493555,0.0011108,0.0011775,13.139049,12.394835,2023-08-01
5521,2023-07-25 13:32:00,19700.0,19627.8,14880850,9400000,51.1,107.95,884050,956350,0.451183,-0.552096,0.00110276,0.00116659,13.137373,12.405482,2023-08-01
10779,2023-07-25 13:32:00,19750.0,19627.8,6641600,2525200,35.8,142.85,442900,251700,0.398732,-0.607772,0.00105737,0.00111737,13.357633,12.583947,2023-08-01
16036,2023-07-25 13:32:00,19800.0,19627.8,14357550,4767950,24.9,181.45,767200,274550,0.350907,-0.661113,0.00099161,0.00105838,13.680009,12.651114,2023-08-01
21290,2023-07-25 13:32:00,19850.0,19627.8,7390000,1423650,17.15,224.25,302600,88250,0.307897,-0.707558,0.0009171,0.00097248,14.033159,12.929378,2023-08-01
26543,2023-07-25 13:32:00,19900.0,19627.8,10419950,2445450,11.95,268.65,355550,71450,0.270803,-0.754062,0.00083659,0.00089313,14.482498,12.904999,2023-08-01
23919,2023-07-25 13:33:00,19400.0,19631.0,674600,5857900,256.75,9.45,6700,236450,0.740691,-0.232151,0.00080022,0.00085799,14.808974,13.014968,2023-08-01
18666,2023-07-25 13:33:00,19450.0,19631.0,237900,3238300,212.4,15.05,7800,372050,0.706375,-0.27374,0.00088824,0.00095512,14.18052,12.751868,2023-08-01
13409,2023-07-25 13:33:00,19500.0,19631.0,2317300,7996050,171.15,23.75,58100,393150,0.664608,-0.321695,0.00096967,0.00104232,13.75137,12.579536,2023-08-01
8152,2023-07-25 13:33:00,19550.0,19631.0,661000,3281650,133.8,36.15,54050,279950,0.616919,-0.3741,0.00103807,0.00111762,13.45163,12.403329,2023-08-01
2891,2023-07-25 13:33:00,19600.0,19631.0,3298500,6509250,100.75,53.65,350400,801200,0.565125,-0.430885,0.00109269,0.00116651,13.178744,12.323589,2023-08-01
259,2023-07-25 13:33:00,19650.0,19631.0,3804550,4227700,73.8,76.8,316700,506300,0.510036,-0.489768,0.00111161,0.0011849,13.125507,12.313533,2023-08-01
5522,2023-07-25 13:33:00,19700.0,19631.0,15096850,9248550,52.25,105.3,597900,618250,0.454666,-0.548876,0.00110467,0.00117849,13.126863,12.291579,2023-08-01
10780,2023-07-25 13:33:00,19750.0,19631.0,6730500,2496850,36.65,139.9,324150,124800,0.402,-0.605315,0.00106066,0.00113066,13.343153,12.456021,2023-08-01
16037,2023-07-25 13:33:00,19800.0,19631.0,14326150,4732450,25.4,178.75,482700,154100,0.353615,-0.658128,0.00099737,0.00106452,13.63713,12.618896,2023-08-01
21291,2023-07-25 13:33:00,19850.0,19631.0,7383050,1391900,17.4,220.6,193950,24650,0.309923,-0.708557,0.00092422,0.00099169,13.963515,12.65733,2023-08-01
26544,2023-07-25 13:33:00,19900.0,19631.0,10429350,2427150,12.0,265.3,349650,64100,0.271919,-0.754347,0.00084451,0.00090521,14.374399,12.723429,2023-08-01
23920,2023-07-25 13:34:00,19350.0,19621.45,74750,2329750,297.35,6.5,1500,139850,0.748504,-0.203353,0.00070399,0.00077832,16.575091,13.298338,2023-08-01
18667,2023-07-25 13:34:00,19400.0,19621.45,674600,5857900,250.15,10.3,6000,223250,0.726664,-0.23944,0.00079609,0.00087721,15.296364,12.955632,2023-08-01
13410,2023-07-25 13:34:00,19450.0,19621.45,237900,3238300,206.15,16.4,10500,246850,0.693249,-0.282299,0.0008826,0.00097336,14.564077,12.709172,2023-08-01
8153,2023-07-25 13:34:00,19500.0,19621.45,2317300,7996050,165.0,25.75,53150,484500,0.653099,-0.331252,0.00096731,0.00105857,13.970654,12.541602,2023-08-01
2892,2023-07-25 13:34:00,19550.0,19621.45,661000,3281650,128.95,38.55,44300,323300,0.60491,-0.383853,0.00102563,0.00113744,13.742805,12.290445,2023-08-01
260,2023-07-25 13:34:00,19600.0,19621.45,3298500,6509250,96.3,56.85,291900,779350,0.55401,-0.441501,0.00108261,0.00118497,13.364901,12.19073,2023-08-01
5523,2023-07-25 13:34:00,19650.0,19621.45,3804550,4227700,70.2,80.7,361300,604550,0.499509,-0.501215,0.00109888,0.00120436,13.288934,12.125027,2023-08-01
10781,2023-07-25 13:34:00,19700.0,19621.45,15096850,9248550,49.55,109.8,644400,654450,0.444891,-0.561648,0.00108838,0.00120091,13.288914,12.014453,2023-08-01
16038,2023-07-25 13:34:00,19750.0,19621.45,6730500,2496850,34.8,145.4,362700,127350,0.393402,-0.618993,0.00104099,0.00114717,13.52413,12.159017,2023-08-01
21292,2023-07-25 13:34:00,19800.0,19621.45,14326150,4732450,24.3,184.45,486450,172750,0.346615,-0.675071,0.00097474,0.0010875,13.859868,12.113314,2023-08-01
26545,2023-07-25 13:34:00,19850.0,19621.45,7383050,1391900,16.8,227.75,245950,17050,0.304527,-0.724186,0.00090113,0.00099645,14.218685,12.275102,2023-08-01
23921,2023-07-25 13:35:00,19350.0,19621.65,74750,2329750,295.85,6.85,2100,242750,0.755935,-0.206204,0.00071747,0.00077455,16.005925,13.474729,2023-08-01
18668,2023-07-25 13:35:00,19400.0,19621.65,674600,5857900,248.35,10.8,20800,496550,0.734419,-0.242318,0.00081567,0.00087039,14.71579,13.142708,2023-08-01
13411,2023-07-25 13:35:00,19450.0,19621.65,237900,3238300,204.7,17.2,20550,522700,0.698158,-0.285431,0.00090069,0.00096132,14.169885,12.937011,2023-08-01
8154,2023-07-25 13:35:00,19500.0,19621.65,2317300,7996050,164.5,26.75,108650,946500,0.654624,-0.333788,0.00097503,0.00104264,13.837855,12.772361,2023-08-01
2893,2023-07-25 13:35:00,19550.0,19621.65,661000,3281650,127.4,40.25,79150,696150,0.6073,-0.386432,0.00104742,0.00110967,13.435008,12.62336,2023-08-01
261,2023-07-25 13:35:00,19600.0,19621.65,3298500,6509250,96.25,59.05,679750,1951450,0.554315,-0.442881,0.0010846,0.0011484,13.33941,12.585807,2023-08-01
5524,2023-07-25 13:35:00,19650.0,19621.65,3804550,4227700,70.2,83.25,733250,1322000,0.499718,-0.500695,0.00110003,0.00116102,13.275583,12.578195,2023-08-01
10782,2023-07-25 13:35:00,19700.0,19621.65,15096850,9248550,49.75,112.95,1268650,1379950,0.44522,-0.558222,0.0010865,0.00114585,13.313986,12.608714,2023-08-01
16039,2023-07-25 13:35:00,19750.0,19621.65,6730500,2496850,34.85,147.75,501800,277150,0.393612,-0.613795,0.00104109,0.00110486,13.525333,12.67607,2023-08-01
21293,2023-07-25 13:35:00,19800.0,19621.65,14326150,4732450,24.35,187.6,761050,333150,0.346848,-0.663847,0.00097472,0.00103123,13.864223,12.94941,2023-08-01
26546,2023-07-25 13:35:00,19850.0,19621.65,7383050,1391900,16.85,229.6,417700,55200,0.3048,-0.713365,0.00090101,0.00096292,14.226689,12.941284,2023-08-01
23922,2023-07-25 13:36:00,19400.0,19629.9,672950,5895850,254.95,10.1,16200,326150,0.743397,-0.236453,0.00081013,0.00085349,14.551354,13.219913,2023-08-01
18669,2023-07-25 13:36:00,19450.0,19629.9,241800,3290050,210.4,16.0,6300,369750,0.708967,-0.278158,0.00090231,0.00094606,13.904786,12.978313,2023-08-01
13412,2023-07-25 13:36:00,19500.0,19629.9,2353150,7782300,169.15,25.0,77000,499700,0.666212,-0.325712,0.00098555,0.00102886,13.507133,12.811992,2023-08-01
8155,2023-07-25 13:36:00,19550.0,19629.9,681750,3210300,131.65,37.6,60600,406850,0.617832,-0.377295,0.00105771,0.00110143,13.195069,12.62176,2023-08-01
2894,2023-07-25 13:36:00,19600.0,19629.9,3514650,6493700,99.3,55.6,406400,976250,0.56449,-0.433444,0.00110423,0.00114336,13.047049,12.589603,2023-08-01
262,2023-07-25 13:36:00,19650.0,19629.9,4037900,4026900,72.5,78.8,466400,658800,0.50882,-0.49112,0.00112238,0.00116187,13.003173,12.561217,2023-08-01
5525,2023-07-25 13:36:00,19700.0,19629.9,15000450,8822650,51.25,107.85,682300,639250,0.453046,-0.548677,0.0011124,0.00114742,13.032069,12.627766,2023-08-01
10783,2023-07-25 13:36:00,19750.0,19629.9,6744700,2413400,35.85,142.45,277250,102300,0.400133,-0.603503,0.00106648,0.00110086,13.256952,12.811749,2023-08-01
16040,2023-07-25 13:36:00,19800.0,19629.9,14298400,4655600,24.8,181.75,448250,176050,0.351675,-0.653223,0.0010011,0.00102898,13.562248,13.127199,2023-08-01
21294,2023-07-25 13:36:00,19850.0,19629.9,7333600,1369900,17.15,223.6,272500,9100,0.308701,-0.700464,0.00092369,0.00095742,13.950309,13.279321,2023-08-01
26547,2023-07-25 13:36:00,19900.0,19629.9,10331050,2341350,11.9,268.25,413900,27200,0.271201,-0.742211,0.00084257,0.00087465,14.391404,13.510364,2023-08-01
23923,2023-07-25 13:37:00,19400.0,19637.5,672950,5895850,257.0,9.75,6900,300450,0.77564,-0.232764,0.00085005,0.00083519,12.885022,13.388035,2023-08-01
18670,2023-07-25 13:37:00,19450.0,19637.5,241800,3290050,214.25,15.45,8350,350550,0.725352,-0.273691,0.00092247,0.00092543,13.223142,13.158012,2023-08-01
13413,2023-07-25 13:37:00,19500.0,19637.5,2353150,7782300,172.05,24.2,72900,412150,0.681682,-0.320472,0.00101631,0.00100567,12.842866,13.01553,2023-08-01
8156,2023-07-25 13:37:00,19550.0,19637.5,681750,3210300,133.9,36.7,70100,301000,0.631066,-0.371513,0.00109338,0.00107224,12.6199,12.897837,2023-08-01
2895,2023-07-25 13:37:00,19600.0,19637.5,3514650,6493700,101.35,54.2,524800,665150,0.575073,-0.426306,0.00113594,0.00111339,12.618639,12.882661,2023-08-01
263,2023-07-25 13:37:00,19650.0,19637.5,4037900,4026900,74.15,76.95,450050,496800,0.517626,-0.482579,0.0011522,0.00112978,12.653061,12.904489,2023-08-01
5526,2023-07-25 13:37:00,19700.0,19637.5,15000450,8822650,52.45,105.6,752300,663300,0.460409,-0.538425,0.00114108,0.00111285,12.725871,13.052445,2023-08-01
10784,2023-07-25 13:37:00,19750.0,19637.5,6744700,2413400,36.8,140.0,286000,110500,0.406365,-0.59086,0.0010911,0.00106231,13.004622,13.379321,2023-08-01
16041,2023-07-25 13:37:00,19800.0,19637.5,14298400,4655600,25.55,178.35,351600,114950,0.357089,-0.639223,0.00102194,0.00099931,13.353491,13.704758,2023-08-01
21295,2023-07-25 13:37:00,19850.0,19637.5,7333600,1369900,17.45,220.7,254950,23850,0.312478,-0.680535,0.00094539,0.00091745,13.697636,14.248288,2023-08-01
26548,2023-07-25 13:37:00,19900.0,19637.5,10331050,2341350,12.05,265.3,284150,20550,0.274015,-0.71632,0.00086163,0.00083568,14.140651,14.827732,2023-08-01
23924,2023-07-25 13:38:00,19400.0,19642.55,672950,5895850,262.1,8.95,8100,429350,0.776243,-0.226704,0.00083468,0.00082975,13.099611,13.275513,2023-08-01
18671,2023-07-25 13:38:00,19450.0,19642.55,241800,3290050,218.25,14.15,14150,398500,0.731237,-0.266596,0.00091814,0.00092446,13.140201,12.997207,2023-08-01
13414,2023-07-25 13:38:00,19500.0,19642.55,2353150,7782300,176.2,22.3,126300,527200,0.686258,-0.312973,0.00100655,0.00101016,12.885069,12.825516,2023-08-01
8157,2023-07-25 13:38:00,19550.0,19642.55,681750,3210300,137.9,34.05,101000,447250,0.635726,-0.363938,0.00108112,0.00108372,12.706671,12.672244,2023-08-01
2896,2023-07-25 13:38:00,19600.0,19642.55,3514650,6493700,103.95,50.65,492350,891300,0.581278,-0.419137,0.00113957,0.00113337,12.53649,12.607862,2023-08-01
264,2023-07-25 13:38:00,19650.0,19642.55,4037900,4026900,76.3,72.95,618900,653800,0.523524,-0.47656,0.00115701,0.00115111,12.588221,12.652963,2023-08-01
5527,2023-07-25 13:38:00,19700.0,19642.55,15000450,8822650,54.0,100.6,851750,675050,0.465914,-0.533883,0.00114948,0.00114384,12.646444,12.709322,2023-08-01
10785,2023-07-25 13:38:00,19750.0,19642.55,6744700,2413400,38.05,134.1,563600,161600,0.411482,-0.588741,0.00109879,0.00110125,12.950191,12.919508,2023-08-01
16042,2023-07-25 13:38:00,19800.0,19642.55,14298400,4655600,26.4,172.65,746700,189450,0.361573,-0.638269,0.00103117,0.00103015,13.288579,13.303643,2023-08-01
21296,2023-07-25 13:38:00,19850.0,19642.55,7333600,1369900,18.05,213.85,292750,30200,0.316457,-0.684784,0.00095464,0.00095975,13.63577,13.540602,2023-08-01
26549,2023-07-25 13:38:00,19900.0,19642.55,10331050,2341350,12.35,259.2,358250,28500,0.27692,-0.719623,0.0008721,0.00086262,14.040581,14.280917,2023-08-01
23925,2023-07-25 13:39:00,19400.0,19639.6,673050,5869250,261.1,8.85,8800,264500,0.763389,-0.226657,0.00082124,0.00083928,13.739292,13.125742,2023-08-01
18672,2023-07-25 13:39:00,19450.0,19639.6,248850,3355950,216.55,14.15,12300,269800,0.725037,-0.267425,0.00091228,0.00093503,13.378286,12.872999,2023-08-01
13415,2023-07-25 13:39:00,19500.0,19639.6,2315750,7823250,174.95,22.4,56000,369050,0.680145,-0.314418,0.00099554,0.00102185,13.137285,12.706418,2023-08-01
8158,2023-07-25 13:39:00,19550.0,19639.6,708750,3222300,136.75,34.15,66500,254300,0.630787,-0.365714,0.00107047,0.00109845,12.893046,12.52521,2023-08-01
2897,2023-07-25 13:39:00,19600.0,19639.6,3465200,6526900,103.8,50.9,330800,597750,0.576311,-0.421613,0.00111652,0.00114921,12.830208,12.452397,2023-08-01
265,2023-07-25 13:39:00,19650.0,19639.6,4119700,4076200,75.9,72.95,317650,490400,0.519916,-0.479702,0.00114081,0.00117452,12.775884,12.408543,2023-08-01
5528,2023-07-25 13:39:00,19700.0,19639.6,14985550,8696900,53.6,100.75,563400,456500,0.463003,-0.538257,0.00113642,0.00116874,12.785944,12.428625,2023-08-01
10786,2023-07-25 13:39:00,19750.0,19639.6,6798950,2412800,37.45,134.3,301550,102950,0.408696,-0.594742,0.00109202,0.00112857,13.011751,12.564149,2023-08-01
16043,2023-07-25 13:39:00,19800.0,19639.6,14236750,4617000,25.85,173.0,405800,174450,0.358852,-0.646084,0.00102633,0.00105695,13.319133,12.870341,2023-08-01
21297,2023-07-25 13:39:00,19850.0,19639.6,7315850,1364800,17.65,214.8,198250,19050,0.313992,-0.693351,0.00094975,0.00097889,13.663034,13.120535,2023-08-01
26550,2023-07-25 13:39:00,19900.0,19639.6,10240400,2287900,12.1,259.4,282750,20950,0.27489,-0.73459,0.00086682,0.00089129,14.078043,13.453286,2023-08-01
23926,2023-07-25 13:40:00,19400.0,19635.0,673050,5869250,256.75,9.6,4500,232000,0.760951,-0.232432,0.00083133,0.00084404,13.652951,13.240821,2023-08-01
18673,2023-07-25 13:40:00,19450.0,19635.0,248850,3355950,211.7,15.3,13250,273500,0.724736,-0.273829,0.0009318,0.00093631,13.108756,13.011986,2023-08-01
13416,2023-07-25 13:40:00,19500.0,19635.0,2315750,7823250,170.85,24.1,85350,395500,0.676926,-0.321228,0.0010087,0.00101805,13.023721,12.873484,2023-08-01
8159,2023-07-25 13:40:00,19550.0,19635.0,708750,3222300,133.0,36.5,68550,290950,0.626756,-0.372573,0.00108297,0.00108863,12.79255,12.71879,2023-08-01
2898,2023-07-25 13:40:00,19600.0,19635.0,3465200,6526900,100.25,54.15,352800,670050,0.571834,-0.428207,0.00113098,0.00113027,12.696892,12.705057,2023-08-01
266,2023-07-25 13:40:00,19650.0,19635.0,4119700,4076200,73.3,76.95,420800,592850,0.514693,-0.485289,0.00114621,0.00114888,12.726546,12.696954,2023-08-01
5529,2023-07-25 13:40:00,19700.0,19635.0,14985550,8696900,51.75,105.8,538600,576450,0.45776,-0.542069,0.00113557,0.00113167,12.782415,12.82704,2023-08-01
10787,2023-07-25 13:40:00,19750.0,19635.0,6798950,2412800,36.2,140.3,294000,146150,0.403898,-0.595602,0.00108671,0.00108168,13.04082,13.105486,2023-08-01
16044,2023-07-25 13:40:00,19800.0,19635.0,14236750,4617000,25.15,179.05,390300,158400,0.354976,-0.64463,0.00101681,0.00101446,13.396466,13.432887,2023-08-01
21298,2023-07-25 13:40:00,19850.0,19635.0,7315850,1364800,17.2,221.25,208950,34150,0.310747,-0.68803,0.00093994,0.00093519,13.747752,13.841106,2023-08-01
26551,2023-07-25 13:40:00,19900.0,19635.0,10240400,2287900,11.85,266.5,290600,36000,0.272405,-0.722865,0.00085697,0.00084468,14.179952,14.50887,2023-08-01
23927,2023-07-25 13:41:00,19400.0,19642.25,673050,5869250,262.0,9.05,8350,355300,0.774679,-0.227493,0.00083306,0.00082937,13.179222,13.30971,2023-08-01
18674,2023-07-25 13:41:00,19450.0,19642.25,248850,3355950,217.95,14.3,27100,330250,0.731036,-0.26743,0.00091888,0.00092337,13.136685,13.035186,2023-08-01
13417,2023-07-25 13:41:00,19500.0,19642.25,2315750,7823250,176.0,22.45,119450,482350,0.68575,-0.313603,0.00100606,0.00100911,12.902403,12.852092,2023-08-01
8160,2023-07-25 13:41:00,19550.0,19642.25,708750,3222300,137.7,34.1,86450,377600,0.635309,-0.364238,0.00108081,0.00108432,12.717223,12.67073,2023-08-01
2899,2023-07-25 13:41:00,19600.0,19642.25,3465200,6526900,104.75,51.1,517300,846100,0.579899,-0.419844,0.00112432,0.00112819,12.717791,12.672448,2023-08-01
267,2023-07-25 13:41:00,19650.0,19642.25,4119700,4076200,76.6,73.35,571150,607800,0.523064,-0.476972,0.00114962,0.00114699,12.672152,12.701173,2023-08-01
5530,2023-07-25 13:41:00,19700.0,19642.25,14985550,8696900,54.35,101.1,779600,581850,0.465845,-0.534043,0.00114159,0.00113851,12.735702,12.770525,2023-08-01
10788,2023-07-25 13:41:00,19750.0,19642.25,6798950,2412800,38.0,134.5,335650,126900,0.411243,-0.588787,0.00109751,0.00109784,12.965578,12.961425,2023-08-01
16045,2023-07-25 13:41:00,19800.0,19642.25,14236750,4617000,26.45,172.85,527600,203700,0.36159,-0.638627,0.00102874,0.00103013,13.322278,13.301598,2023-08-01
21299,2023-07-25 13:41:00,19850.0,19642.25,7315850,1364800,18.1,215.1,209050,30200,0.316583,-0.681587,0.00095256,0.00094501,13.670095,13.813014,2023-08-01
26552,2023-07-25 13:41:00,19900.0,19642.25,10240400,2287900,12.45,259.6,260650,30650,0.277396,-0.719224,0.00086968,0.0008604,14.093776,14.329882,2023-08-01
23928,2023-07-25 13:42:00,19400.0,19644.85,673700,5859450,263.6,8.8,6400,132800,0.782164,-0.225365,0.00083676,0.00082479,12.868844,13.311638,2023-08-01
18675,2023-07-25 13:42:00,19450.0,19644.85,241100,3350650,218.8,14.05,17000,173150,0.739897,-0.265611,0.00093285,0.00091743,12.72023,13.073398,2023-08-01
13418,2023-07-25 13:42:00,19500.0,19644.85,2309250,7840000,177.45,22.15,102400,278250,0.690242,-0.311733,0.00101095,0.0010019,12.759284,12.910125,2023-08-01
8161,2023-07-25 13:42:00,19550.0,19644.85,685100,3302050,139.0,33.85,76250,211850,0.639193,-0.362411,0.00108599,0.00107389,12.609606,12.771042,2023-08-01
2900,2023-07-25 13:42:00,19600.0,19644.85,3558000,6641250,105.8,50.6,285400,454950,0.583385,-0.41744,0.00113063,0.00111874,12.622486,12.762335,2023-08-01
268,2023-07-25 13:42:00,19650.0,19644.85,4181850,4138850,77.75,72.45,321200,346550,0.526093,-0.474088,0.00115154,0.00114061,12.643937,12.765478,2023-08-01
5531,2023-07-25 13:42:00,19700.0,19644.85,14931200,8633300,55.2,100.3,494750,307050,0.468707,-0.530702,0.00114522,0.00112768,12.701846,12.900857,2023-08-01
10789,2023-07-25 13:42:00,19750.0,19644.85,6815100,2401400,38.75,134.2,265850,86150,0.414025,-0.583971,0.00109994,0.00107711,12.956243,13.245462,2023-08-01
16046,2023-07-25 13:42:00,19800.0,19644.85,14173850,4540300,27.0,172.1,357750,79150,0.364155,-0.633179,0.0010319,0.00101439,13.312269,13.575134,2023-08-01
21300,2023-07-25 13:42:00,19850.0,19644.85,7250800,1356150,18.4,213.75,207450,25750,0.3186,-0.676527,0.00095752,0.00093688,13.634807,14.023546,2023-08-01
26553,2023-07-25 13:42:00,19900.0,19644.85,10175850,2281100,12.7,258.05,183900,19900,0.279357,-0.713791,0.00087386,0.00085447,14.073488,14.561389,2023-08-01
23929,2023-07-25 13:43:00,19400.0,19642.55,673700,5859450,264.2,8.85,2000,112250,0.762958,-0.226174,0.0008112,0.00083068,13.923937,13.246278,2023-08-01
18676,2023-07-25 13:43:00,19450.0,19642.55,241100,3350650,219.35,14.05,5600,101400,0.726326,-0.266254,0.00090356,0.00092551,13.47664,12.977313,2023-08-01
13419,2023-07-25 13:43:00,19500.0,19642.55,2309250,7840000,176.9,22.25,32850,180350,0.68402,-0.312919,0.00099607,0.00101049,13.063431,12.823512,2023-08-01
8162,2023-07-25 13:43:00,19550.0,19642.55,685100,3302050,138.7,33.8,48150,134850,0.634099,-0.363528,0.00106861,0.001087,12.877718,12.632289,2023-08-01
2901,2023-07-25 13:43:00,19600.0,19642.55,3558000,6641250,105.05,50.45,186350,351100,0.580093,-0.418982,0.00112205,0.0011359,12.743302,12.581791,2023-08-01
269,2023-07-25 13:43:00,19650.0,19642.55,4181850,4138850,77.4,72.5,261500,290050,0.523259,-0.476483,0.00113939,0.00115752,12.786616,12.585787,2023-08-01
5532,2023-07-25 13:43:00,19700.0,19642.55,14931200,8633300,54.75,100.45,385500,242700,0.466348,-0.533963,0.00113705,0.00114568,12.789015,12.691862,2023-08-01
10790,2023-07-25 13:43:00,19750.0,19642.55,6815100,2401400,38.6,134.4,135750,42250,0.412289,-0.5883,0.00108971,0.00109623,13.067272,12.985238,2023-08-01
16047,2023-07-25 13:43:00,19800.0,19642.55,14173850,4540300,26.95,171.95,249450,87050,0.362919,-0.639881,0.00102244,0.00104038,13.422283,13.155932,2023-08-01
21301,2023-07-25 13:43:00,19850.0,19642.55,7250800,1356150,18.25,214.0,102550,9050,0.317253,-0.684217,0.0009513,0.00095736,13.70163,13.588171,2023-08-01
26554,2023-07-25 13:43:00,19900.0,19642.55,10175850,2281100,12.65,258.15,116450,12300,0.278493,-0.724662,0.00086777,0.00087634,14.153301,13.93694,2023-08-01
23930,2023-07-25 13:44:00,19400.0,19653.55,673700,5859450,271.6,8.05,8600,281800,0.789016,-0.218619,0.00081972,0.00080895,12.890052,13.334314,2023-08-01
18677,2023-07-25 13:44:00,19450.0,19653.55,241100,3350650,226.75,12.85,11900,224150,0.74585,-0.257679,0.00091202,0.00090294,12.850615,13.073493,2023-08-01
13420,2023-07-25 13:44:00,19500.0,19653.55,2309250,7840000,184.55,20.3,108900,460350,0.698555,-0.302709,0.000996,0.00099068,12.791147,12.884141,2023-08-01
8163,2023-07-25 13:44:00,19550.0,19653.55,685100,3302050,145.2,31.1,89350,283100,0.648777,-0.35243,0.00107674,0.00106845,12.59343,12.706813,2023-08-01
2902,2023-07-25 13:44:00,19600.0,19653.55,3558000,6641250,110.5,46.2,472350,773350,0.594098,-0.406371,0.00113526,0.00112937,12.48926,12.55805,2023-08-01
270,2023-07-25 13:44:00,19650.0,19653.55,4181850,4138850,81.5,67.3,521000,628350,0.536404,-0.463798,0.00116097,0.00115303,12.511546,12.59819,2023-08-01
5533,2023-07-25 13:44:00,19700.0,19653.55,14931200,8633300,57.95,93.8,800000,630200,0.478333,-0.521438,0.00116024,0.00115099,12.553154,12.654458,2023-08-01
10791,2023-07-25 13:44:00,19750.0,19653.55,6815100,2401400,40.6,126.5,314300,121600,0.422485,-0.57671,0.00111948,0.00110913,12.782759,12.907219,2023-08-01
16048,2023-07-25 13:44:00,19800.0,19653.55,14173850,4540300,28.3,164.9,513400,222350,0.371505,-0.625594,0.00105156,0.00103085,13.145154,13.442544,2023-08-01
21302,2023-07-25 13:44:00,19850.0,19653.55,7250800,1356150,19.35,205.0,189250,24950,0.325137,-0.673342,0.0009757,0.00096882,13.489351,13.611001,2023-08-01
26555,2023-07-25 13:44:00,19900.0,19653.55,10175850,2281100,13.15,250.3,213750,39150,0.284048,-0.707248,0.00089368,0.00086735,13.867537,14.493192,2023-08-01
23931,2023-07-25 13:45:00,19400.0,19654.0,673050,5864900,272.0,7.8,11750,270050,0.789438,-0.216766,0.00081894,0.00081034,12.887532,13.246542,2023-08-01
18678,2023-07-25 13:45:00,19450.0,19654.0,237700,3366500,227.0,12.5,10200,164800,0.746965,-0.255838,0.00091301,0.00090589,12.807409,12.982785,2023-08-01
13421,2023-07-25 13:45:00,19500.0,19654.0,2269350,7866450,184.05,19.85,45500,389100,0.701988,-0.301053,0.00100773,0.00099509,12.577184,12.795723,2023-08-01
8164,2023-07-25 13:45:00,19550.0,19654.0,677150,3340300,145.2,30.6,85300,197850,0.649971,-0.351138,0.00108103,0.00107347,12.528214,12.630984,2023-08-01
2903,2023-07-25 13:45:00,19600.0,19654.0,3471200,6682950,110.7,46.15,313800,578300,0.594702,-0.406012,0.00113608,0.00112716,12.475975,12.580225,2023-08-01
271,2023-07-25 13:45:00,19650.0,19654.0,4167900,4278850,81.35,67.15,459200,533400,0.537079,-0.463308,0.00116677,0.00115184,12.447677,12.610158,2023-08-01
5534,2023-07-25 13:45:00,19700.0,19654.0,14884600,8606000,58.05,94.1,718100,451250,0.478821,-0.52071,0.0011616,0.00114232,12.539657,12.752096,2023-08-01
10792,2023-07-25 13:45:00,19750.0,19654.0,6798950,2409450,40.95,126.85,403800,99350,0.423241,-0.57544,0.00111643,0.00109938,12.822815,13.030104,2023-08-01
16049,2023-07-25 13:45:00,19800.0,19654.0,14100700,4441650,28.55,164.35,627600,211950,0.372288,-0.625555,0.00104973,0.00103426,13.177299,13.399046,2023-08-01
21303,2023-07-25 13:45:00,19850.0,19654.0,7205850,1344500,19.35,205.55,192750,14000,0.325334,-0.67006,0.0009773,0.00095631,13.470958,13.845254,2023-08-01
26556,2023-07-25 13:45:00,19900.0,19654.0,10116050,2291700,13.3,249.75,247300,25450,0.284898,-0.707515,0.00089292,0.00086989,13.899468,14.445091,2023-08-01
23932,2023-07-25 13:46:00,19400.0,19653.15,673050,5864900,272.0,7.9,4400,182950,0.782768,-0.217672,0.00081219,0.00081155,13.23392,13.259929,2023-08-01
18679,2023-07-25 13:46:00,19450.0,19653.15,237700,3366500,226.0,12.5,3950,134650,0.747504,-0.256076,0.00091785,0.00090874,12.726712,12.949572,2023-08-01
13422,2023-07-25 13:46:00,19500.0,19653.15,2269350,7866450,183.85,19.9,38550,217000,0.699377,-0.301541,0.00100178,0.00099792,12.703278,12.769952,2023-08-01
8165,2023-07-25 13:46:00,19550.0,19653.15,677150,3340300,144.6,30.6,54150,140750,0.648974,-0.351569,0.0010816,0.00107786,12.535756,12.586247,2023-08-01
2904,2023-07-25 13:46:00,19600.0,19653.15,3471200,6682950,110.25,46.2,230000,336850,0.593606,-0.406669,0.0011352,0.00113172,12.495252,12.535664,2023-08-01
272,2023-07-25 13:46:00,19650.0,19653.15,4167900,4278850,81.2,67.3,356700,362450,0.53596,-0.464198,0.00116214,0.00115586,12.501673,12.57008,2023-08-01
5535,2023-07-25 13:46:00,19700.0,19653.15,14884600,8606000,58.05,94.25,402350,296850,0.477979,-0.521812,0.0011556,0.00114731,12.6045,12.695968,2023-08-01
10793,2023-07-25 13:46:00,19750.0,19653.15,6798950,2409450,40.95,127.0,258500,61600,0.422641,-0.576867,0.00111147,0.00110518,12.877426,12.953858,2023-08-01
16050,2023-07-25 13:46:00,19800.0,19653.15,14100700,4441650,28.55,164.45,401250,106750,0.371855,-0.627539,0.00104569,0.00104138,13.224602,13.28616,2023-08-01
21304,2023-07-25 13:46:00,19850.0,19653.15,7205850,1344500,19.4,206.2,128700,13000,0.325182,-0.670993,0.00097326,0.00095594,13.525616,13.836156,2023-08-01
26557,2023-07-25 13:46:00,19900.0,19653.15,10116050,2291700,13.35,249.35,166600,13100,0.284898,-0.713098,0.00088957,0.00088359,13.953186,14.094475,2023-08-01
23933,2023-07-25 13:47:00,19400.0,19660.85,673050,5864900,277.6,7.5,12700,206200,0.801245,-0.213372,0.00081279,0.00079521,12.543604,13.372049,2023-08-01
18680,2023-07-25 13:47:00,19450.0,19660.85,237700,3366500,232.7,11.85,6200,162950,0.754843,-0.250844,0.0009046,0.00089124,12.707632,13.056904,2023-08-01
13423,2023-07-25 13:47:00,19500.0,19660.85,2269350,7866450,188.8,18.7,65150,452950,0.712128,-0.294732,0.00100917,0.00098268,12.355988,12.829324,2023-08-01
8166,2023-07-25 13:47:00,19550.0,19660.85,677150,3340300,149.15,28.7,62200,244450,0.660047,-0.343585,0.00108925,0.00106628,12.295671,12.611322,2023-08-01
2905,2023-07-25 13:47:00,19600.0,19660.85,3471200,6682950,113.95,43.65,433900,617100,0.604075,-0.398239,0.0011483,0.00112211,12.26498,12.570862,2023-08-01
273,2023-07-25 13:47:00,19650.0,19660.85,4167900,4278850,84.3,64.1,505050,511700,0.545446,-0.455486,0.00117576,0.0011475,12.322451,12.629252,2023-08-01
5536,2023-07-25 13:47:00,19700.0,19660.85,14884600,8606000,60.05,90.2,728050,558450,0.486508,-0.512894,0.00117756,0.00114322,12.377028,12.749441,2023-08-01
10794,2023-07-25 13:47:00,19750.0,19660.85,6798950,2409450,42.4,122.4,298300,125950,0.429983,-0.567808,0.00113316,0.00110145,12.670627,13.048059,2023-08-01
16051,2023-07-25 13:47:00,19800.0,19660.85,14100700,4441650,29.55,159.3,380000,127650,0.378073,-0.618355,0.00106659,0.00103915,13.028904,13.411379,2023-08-01
21305,2023-07-25 13:47:00,19850.0,19660.85,7205850,1344500,20.1,199.75,148250,19700,0.330514,-0.664205,0.00099242,0.00096694,13.347433,13.785316,2023-08-01
26558,2023-07-25 13:47:00,19900.0,19660.85,10116050,2291700,13.8,243.6,194800,25600,0.289282,-0.702595,0.00090719,0.00088119,13.776629,14.366318,2023-08-01
23934,2023-07-25 13:48:00,19400.0,19662.4,663500,5854050,275.0,7.4,7200,198850,0.861147,-0.212374,0.00082638,0.00079217,9.790233,13.386346,2023-08-01
18681,2023-07-25 13:48:00,19450.0,19662.4,236650,3350150,228.75,11.95,6250,119950,0.796701,-0.251022,0.00097586,0.00088487,10.589913,13.155349,2023-08-01
13424,2023-07-25 13:48:00,19500.0,19662.4,2277950,7940950,187.2,18.95,57700,268850,0.726339,-0.295135,0.00105228,0.0009728,11.562828,12.967377,2023-08-01
8167,2023-07-25 13:48:00,19550.0,19662.4,645700,3372050,147.85,29.15,62500,180950,0.668316,-0.34394,0.00112744,0.00105168,11.765255,12.790979,2023-08-01
2906,2023-07-25 13:48:00,19600.0,19662.4,3399900,6798150,113.0,44.4,310800,423800,0.60879,-0.398248,0.00117917,0.00110129,11.904063,12.808258,2023-08-01
274,2023-07-25 13:48:00,19650.0,19662.4,4093700,4427800,83.55,64.75,446200,413150,0.548177,-0.454412,0.00120126,0.00112645,12.050757,12.860974,2023-08-01
5537,2023-07-25 13:48:00,19700.0,19662.4,14844650,8606300,59.55,91.2,821800,493650,0.488025,-0.510679,0.00119705,0.00111542,12.176573,13.068961,2023-08-01
10795,2023-07-25 13:48:00,19750.0,19662.4,6852400,2436550,42.1,123.5,353200,112900,0.43084,-0.564012,0.00114716,0.00107144,12.520399,13.434622,2023-08-01
16052,2023-07-25 13:48:00,19800.0,19662.4,14254650,4425150,29.4,160.5,458750,134850,0.378645,-0.612566,0.00107634,0.00100758,12.916511,13.892758,2023-08-01
21306,2023-07-25 13:48:00,19850.0,19662.4,7156950,1346400,20.0,201.7,174150,9750,0.330859,-0.65422,0.00099996,0.00092629,13.251902,14.551462,2023-08-01
26559,2023-07-25 13:48:00,19900.0,19662.4,10039200,2300800,13.65,245.75,199700,18550,0.289116,-0.688877,0.00091418,0.0008412,13.667318,15.354193,2023-08-01
23935,2023-07-25 13:49:00,19400.0,19664.95,663500,5854050,279.35,7.15,22600,176650,0.828313,-0.210045,0.00082089,0.00078806,11.338603,13.368332,2023-08-01
18682,2023-07-25 13:49:00,19450.0,19664.95,236650,3350150,234.05,11.4,5050,125100,0.773403,-0.247508,0.00092737,0.00088347,11.867776,13.076805,2023-08-01
13425,2023-07-25 13:49:00,19500.0,19664.95,2277950,7940950,190.8,18.2,50000,356550,0.722226,-0.291607,0.00102352,0.0009729,11.974315,12.893029,2023-08-01
8168,2023-07-25 13:49:00,19550.0,19664.95,645700,3372050,150.65,28.1,61550,192600,0.668742,-0.340308,0.00110891,0.00105431,11.954671,12.706835,2023-08-01
2907,2023-07-25 13:49:00,19600.0,19664.95,3399900,6798150,115.45,42.85,276350,412850,0.610586,-0.394528,0.00116364,0.00110894,12.046225,12.686688,2023-08-01
275,2023-07-25 13:49:00,19650.0,19664.95,4093700,4427800,85.45,62.7,431000,432250,0.550929,-0.451043,0.00119177,0.00113887,12.135186,12.706879,2023-08-01
5538,2023-07-25 13:49:00,19700.0,19664.95,14844650,8606300,60.9,88.5,764450,428600,0.491124,-0.508095,0.00119343,0.00113455,12.215025,12.849493,2023-08-01
10796,2023-07-25 13:49:00,19750.0,19664.95,6852400,2436550,42.85,120.6,297200,96650,0.433638,-0.562448,0.00115041,0.00109034,12.49914,13.209026,2023-08-01
16053,2023-07-25 13:49:00,19800.0,19664.95,14254650,4425150,30.0,156.8,490350,222450,0.381289,-0.613162,0.00107938,0.00103488,12.906406,13.519257,2023-08-01
21307,2023-07-25 13:49:00,19850.0,19664.95,7156950,1346400,20.4,198.3,177900,17550,0.333183,-0.655308,0.00100401,0.00094616,13.234162,14.228016,2023-08-01
26560,2023-07-25 13:49:00,19900.0,19664.95,10039200,2300800,13.9,241.9,227200,19700,0.291052,-0.692425,0.00091879,0.00086348,13.640223,14.882063,2023-08-01
23936,2023-07-25 13:50:00,19400.0,19659.8,663500,5854050,274.0,7.6,7750,212550,0.830389,-0.214381,0.00083681,0.00079685,11.040104,13.383972,2023-08-01
18683,2023-07-25 13:50:00,19450.0,19659.8,236650,3350150,228.75,12.1,5400,174150,0.773331,-0.252479,0.00094798,0.00089137,11.615414,13.102441,2023-08-01
13426,2023-07-25 13:50:00,19500.0,19659.8,2277950,7940950,185.4,19.3,52800,290900,0.721681,-0.297276,0.0010507,0.00097835,11.67929,12.939681,2023-08-01
8169,2023-07-25 13:50:00,19550.0,19659.8,645700,3372050,145.95,29.65,52200,128150,0.665111,-0.346329,0.00112989,0.00105724,11.787136,12.759646,2023-08-01
2908,2023-07-25 13:50:00,19600.0,19659.8,3399900,6798150,111.5,45.0,322750,392950,0.605359,-0.400741,0.00117785,0.00110789,11.949108,12.755809,2023-08-01
276,2023-07-25 13:50:00,19650.0,19659.8,4093700,4427800,82.0,65.8,393100,479850,0.545097,-0.457296,0.00120414,0.00112915,12.035655,12.843557,2023-08-01
5539,2023-07-25 13:50:00,19700.0,19659.8,14844650,8606300,58.2,92.2,816750,551200,0.484851,-0.513702,0.00119999,0.0011216,12.14624,12.996829,2023-08-01
10797,2023-07-25 13:50:00,19750.0,19659.8,6852400,2436550,40.65,124.65,316150,122400,0.427215,-0.567333,0.00115478,0.00107782,12.420101,13.33957,2023-08-01
16054,2023-07-25 13:50:00,19800.0,19659.8,14254650,4425150,28.3,162.05,387350,117750,0.374961,-0.615787,0.00108069,0.0010103,12.828368,13.824726,2023-08-01
21308,2023-07-25 13:50:00,19850.0,19659.8,7156950,1346400,19.05,203.6,157800,14550,0.326778,-0.657017,0.00100391,0.00092589,13.136947,14.5168,2023-08-01
26561,2023-07-25 13:50:00,19900.0,19659.8,10039200,2300800,12.95,247.9,281800,20650,0.285143,-0.691145,0.00091565,0.000839,13.559294,15.349001,2023-08-01
23937,2023-07-25 13:51:00,19400.0,19651.45,656850,5845800,266.55,8.25,6600,238200,0.817005,-0.220598,0.00085526,0.00081227,11.339215,13.354631,2023-08-01
18684,2023-07-25 13:51:00,19450.0,19651.45,235950,3304600,221.85,13.05,6700,239300,0.761264,-0.259362,0.00095791,0.00090713,11.836763,13.063076,2023-08-01
13427,2023-07-25 13:51:00,19500.0,19651.45,2276150,7913150,179.5,20.8,62900,442850,0.708421,-0.305243,0.00104929,0.00099197,11.963178,12.921028,2023-08-01
8170,2023-07-25 13:51:00,19550.0,19651.45,646850,3382700,140.9,31.7,47400,215850,0.652618,-0.354854,0.00112193,0.00106989,12.043043,12.7266,2023-08-01
2909,2023-07-25 13:51:00,19600.0,19651.45,3432950,6781050,106.95,47.75,320650,586300,0.594344,-0.409739,0.00117132,0.00111845,12.108375,12.712014,2023-08-01
277,2023-07-25 13:51:00,19650.0,19651.45,3995400,4521850,78.2,69.5,471550,679600,0.534743,-0.466686,0.00119576,0.00113455,12.157476,12.817302,2023-08-01
5540,2023-07-25 13:51:00,19700.0,19651.45,14787650,8673550,55.45,96.1,688250,682100,0.475208,-0.523401,0.0011849,0.0011332,12.291839,12.85532,2023-08-01
10798,2023-07-25 13:51:00,19750.0,19651.45,6850550,2454150,38.75,130.35,371400,152550,0.418706,-0.576105,0.00113583,0.00107115,12.580073,13.374892,2023-08-01
16055,2023-07-25 13:51:00,19800.0,19651.45,14301400,4400500,26.95,168.25,492400,190250,0.367551,-0.624149,0.00106167,0.00100358,12.980446,13.830898,2023-08-01
21309,2023-07-25 13:51:00,19850.0,19651.45,7112700,1343000,18.2,210.1,202700,28500,0.320613,-0.665213,0.00098411,0.0009205,13.302857,14.473485,2023-08-01
26562,2023-07-25 13:51:00,19900.0,19651.45,10116000,2293700,12.5,254.9,259950,32850,0.280516,-0.698299,0.00089567,0.00083147,13.759775,15.335113,2023-08-01
23938,2023-07-25 13:52:00,19400.0,19642.35,656850,5845800,261.1,8.85,16050,333800,0.781154,-0.226446,0.00084327,0.00083093,12.811509,13.257373,2023-08-01
18685,2023-07-25 13:52:00,19450.0,19642.35,235950,3304600,216.0,14.1,9750,182200,0.740315,-0.266748,0.00094509,0.00092504,12.55287,13.001916,2023-08-01
13428,2023-07-25 13:52:00,19500.0,19642.35,2276150,7913150,174.5,22.3,76950,482450,0.690433,-0.313325,0.00102748,0.00100996,12.558455,12.843247,2023-08-01
8171,2023-07-25 13:52:00,19550.0,19642.35,646850,3382700,136.15,33.6,68050,297100,0.638362,-0.36338,0.00110371,0.00109027,12.424555,12.598344,2023-08-01
2910,2023-07-25 13:52:00,19600.0,19642.35,3432950,6781050,102.8,50.55,481000,920400,0.581928,-0.419321,0.00115348,0.00113475,12.389743,12.602557,2023-08-01
278,2023-07-25 13:52:00,19650.0,19642.35,3995400,4521850,74.95,73.0,533400,937600,0.523498,-0.47684,0.0011744,0.0011504,12.41061,12.670131,2023-08-01
5541,2023-07-25 13:52:00,19700.0,19642.35,14787650,8673550,52.85,101.0,921600,1040400,0.46511,-0.533943,0.0011642,0.00113805,12.493031,12.782717,2023-08-01
10799,2023-07-25 13:52:00,19750.0,19642.35,6850550,2454150,36.9,134.8,408850,245050,0.409865,-0.588114,0.00111362,0.00109135,12.774619,13.050568,2023-08-01
16056,2023-07-25 13:52:00,19800.0,19642.35,14301400,4400500,25.65,173.15,589250,264200,0.359929,-0.637572,0.0010399,0.00102393,13.165548,13.402658,2023-08-01
21310,2023-07-25 13:52:00,19850.0,19642.35,7112700,1343000,17.45,215.25,196150,41200,0.314557,-0.680624,0.00096124,0.00094138,13.516848,13.891217,2023-08-01
26563,2023-07-25 13:52:00,19900.0,19642.35,10116000,2293700,12.0,260.25,292100,39400,0.275472,-0.715736,0.00087516,0.00085092,13.965385,14.583662,2023-08-01
23939,2023-07-25 13:53:00,19400.0,19641.75,656850,5845800,260.95,8.75,6200,218450,0.777742,-0.225925,0.0008398,0.00083373,12.980014,13.196751,2023-08-01
18686,2023-07-25 13:53:00,19450.0,19641.75,235950,3304600,215.4,14.05,5850,230500,0.740113,-0.266704,0.00094721,0.0009278,12.530772,12.96325,2023-08-01
13429,2023-07-25 13:53:00,19500.0,19641.75,2276150,7913150,174.4,22.1,48850,383650,0.688579,-0.312956,0.00102264,0.00101544,12.651673,12.768479,2023-08-01
8172,2023-07-25 13:53:00,19550.0,19641.75,646850,3382700,136.5,33.7,48550,275950,0.636132,-0.363908,0.00109228,0.00109197,12.581877,12.58584,2023-08-01
2911,2023-07-25 13:53:00,19600.0,19641.75,3432950,6781050,103.1,50.45,288600,688800,0.580527,-0.419676,0.00114326,0.00114018,12.510732,12.545807,2023-08-01
279,2023-07-25 13:53:00,19650.0,19641.75,3995400,4521850,75.4,73.0,366550,669850,0.522626,-0.477474,0.00116241,0.00115499,12.54111,12.621946,2023-08-01
5542,2023-07-25 13:53:00,19700.0,19641.75,14787650,8673550,53.2,101.15,657700,627400,0.464763,-0.534743,0.00115443,0.00114103,12.598787,12.748222,2023-08-01
10800,2023-07-25 13:53:00,19750.0,19641.75,6850550,2454150,37.15,135.1,275200,127600,0.409832,-0.588922,0.00110624,0.00109262,12.860597,13.030405,2023-08-01
16057,2023-07-25 13:53:00,19800.0,19641.75,14301400,4400500,25.75,174.25,634600,143200,0.359889,-0.63672,0.00103558,0.001014,13.220964,13.545767,2023-08-01
21311,2023-07-25 13:53:00,19850.0,19641.75,7112700,1343000,17.5,215.95,178200,19000,0.314536,-0.680504,0.00095824,0.00093787,13.559892,13.94663,2023-08-01
26564,2023-07-25 13:53:00,19900.0,19641.75,10116000,2293700,12.0,260.15,249850,42450,0.27533,-0.719054,0.00087333,0.00085803,13.992158,14.38263,2023-08-01
23940,2023-07-25 13:54:00,19400.0,19644.9,656700,5826150,263.7,8.7,3500,172200,0.781166,-0.224999,0.00083517,0.00082533,12.934924,13.298472,2023-08-01
18687,2023-07-25 13:54:00,19450.0,19644.9,235300,3325450,218.0,14.0,7400,200250,0.743733,-0.265649,0.00094317,0.00091723,12.491852,13.084838,2023-08-01
13430,2023-07-25 13:54:00,19500.0,19644.9,2257500,7884700,174.3,22.1,30950,282000,0.700817,-0.311799,0.00105806,0.00100147,12.011236,12.924461,2023-08-01
8173,2023-07-25 13:54:00,19550.0,19644.9,632100,3416000,135.6,33.75,35400,208800,0.646302,-0.362375,0.00113881,0.00107397,11.948203,12.777129,2023-08-01
2912,2023-07-25 13:54:00,19600.0,19644.9,3340200,6859050,102.4,50.65,213800,408100,0.58709,-0.417576,0.0011834,0.00111642,12.041998,12.79724,2023-08-01
280,2023-07-25 13:54:00,19650.0,19644.9,3972400,4610850,74.9,73.05,257350,454350,0.526851,-0.47424,0.00119544,0.00112999,12.185306,12.893396,2023-08-01
5543,2023-07-25 13:54:00,19700.0,19644.9,14519550,8588250,52.95,101.25,419850,392900,0.467574,-0.530147,0.00117969,0.00111195,12.33507,13.09249,2023-08-01
10801,2023-07-25 13:54:00,19750.0,19644.9,6825150,2440950,36.8,135.5,200700,80600,0.411474,-0.582181,0.00112926,0.00105698,12.609063,13.51872,2023-08-01
16058,2023-07-25 13:54:00,19800.0,19644.9,14218750,4371950,25.6,173.45,288900,108100,0.36111,-0.63011,0.00105197,0.00099428,13.028753,13.895767,2023-08-01
21312,2023-07-25 13:54:00,19850.0,19644.9,7076500,1339450,17.4,215.85,102850,9900,0.315365,-0.669918,0.00097115,0.0009085,13.393282,14.589562,2023-08-01
26565,2023-07-25 13:54:00,19900.0,19644.9,10157350,2296300,12.0,260.0,152150,14100,0.276238,-0.705538,0.00088254,0.00083033,13.867081,15.194348,2023-08-01
23941,2023-07-25 13:55:00,19400.0,19649.65,656700,5826150,267.25,8.15,3750,168400,0.79136,-0.220341,0.0008348,0.00081814,12.583677,13.253852,2023-08-01
18688,2023-07-25 13:55:00,19450.0,19649.65,235300,3325450,221.6,13.1,7650,147900,0.751191,-0.260164,0.00094183,0.00091244,12.314136,13.011379,2023-08-01
13431,2023-07-25 13:55:00,19500.0,19649.65,2257500,7884700,178.95,20.65,34500,261950,0.702851,-0.305475,0.00103723,0.0010015,12.211986,12.806049,2023-08-01
8174,2023-07-25 13:55:00,19550.0,19649.65,632100,3416000,140.25,31.65,35750,172850,0.64893,-0.355709,0.00111278,0.0010798,12.192618,12.624067,2023-08-01
2913,2023-07-25 13:55:00,19600.0,19649.65,3340200,6859050,106.4,47.8,172750,363650,0.591435,-0.411098,0.0011625,0.00112876,12.22534,12.609433,2023-08-01
281,2023-07-25 13:55:00,19650.0,19649.65,3972400,4610850,78.05,69.35,260500,361250,0.532279,-0.468424,0.00118259,0.0011499,12.302883,12.654422,2023-08-01
5544,2023-07-25 13:55:00,19700.0,19649.65,14519550,8588250,55.3,96.55,381650,314500,0.473367,-0.5257,0.00117401,0.00114156,12.405745,12.760337,2023-08-01
10802,2023-07-25 13:55:00,19750.0,19649.65,6825150,2440950,38.7,130.0,202650,74600,0.417398,-0.579891,0.00112562,0.00109269,12.689003,13.090056,2023-08-01
16059,2023-07-25 13:55:00,19800.0,19649.65,14218750,4371950,26.85,168.0,266350,79500,0.366453,-0.629179,0.00105431,0.00102434,13.061889,13.496447,2023-08-01
21313,2023-07-25 13:55:00,19850.0,19649.65,7076500,1339450,18.25,209.95,117150,13400,0.320172,-0.671512,0.00097611,0.00093954,13.407974,14.077398,2023-08-01
26566,2023-07-25 13:55:00,19900.0,19649.65,10157350,2296300,12.5,254.8,182000,33300,0.280087,-0.705907,0.00088986,0.00084852,13.843404,14.857254,2023-08-01
23942,2023-07-25 13:56:00,19400.0,19650.4,656700,5826150,268.45,8.1,6650,127300,0.787781,-0.219873,0.0008277,0.00081659,12.819185,13.263031,2023-08-01
18689,2023-07-25 13:56:00,19450.0,19650.4,235300,3325450,223.1,12.75,6000,109350,0.747178,-0.258271,0.00092856,0.0009144,12.596395,12.934775,2023-08-01
13432,2023-07-25 13:56:00,19500.0,19650.4,2257500,7884700,180.85,20.25,36350,193150,0.698942,-0.3039,0.00101616,0.00100395,12.539569,12.745599,2023-08-01
8175,2023-07-25 13:56:00,19550.0,19650.4,632100,3416000,141.95,31.0,30550,150100,0.647149,-0.353962,0.00109341,0.00108556,12.431409,12.535372,2023-08-01
2914,2023-07-25 13:56:00,19600.0,19650.4,3340200,6859050,107.0,46.8,224300,289400,0.592138,-0.409416,0.00115967,0.00113922,12.250185,12.481568,2023-08-01
282,2023-07-25 13:56:00,19650.0,19650.4,3972400,4610850,78.55,68.1,286050,317650,0.533121,-0.467258,0.00118045,0.00116344,12.32318,12.504264,2023-08-01
5545,2023-07-25 13:56:00,19700.0,19650.4,14519550,8588250,55.65,95.1,393500,305350,0.474266,-0.525288,0.00117338,0.00115742,12.414412,12.586438,2023-08-01
10803,2023-07-25 13:56:00,19750.0,19650.4,6825150,2440950,39.0,128.15,135300,59350,0.41833,-0.580742,0.00112498,0.00111358,12.702692,12.83895,2023-08-01
16060,2023-07-25 13:56:00,19800.0,19650.4,14218750,4371950,27.0,166.0,214600,91750,0.367194,-0.631471,0.00105535,0.00104614,13.057984,13.188589,2023-08-01
21314,2023-07-25 13:56:00,19850.0,19650.4,7076500,1339450,18.25,207.55,96750,6250,0.320481,-0.676407,0.00097884,0.00096519,13.376122,13.619815,2023-08-01
26567,2023-07-25 13:56:00,19900.0,19650.4,10157350,2296300,12.5,251.95,157300,12250,0.28033,-0.714511,0.00089206,0.00087709,13.815151,14.17463,2023-08-01
23943,2023-07-25 13:57:00,19400.0,19654.05,658350,5820000,271.0,7.85,6900,122050,0.797661,-0.217434,0.00082907,0.0008093,12.440406,13.294921,2023-08-01
18690,2023-07-25 13:57:00,19450.0,19654.05,238500,3348900,226.35,12.5,9150,143600,0.750222,-0.256115,0.00092101,0.00090509,12.616968,13.009164,2023-08-01
13433,2023-07-25 13:57:00,19500.0,19654.05,2258100,7909950,183.35,19.75,45950,227300,0.704314,-0.300943,0.00101717,0.00099543,12.42324,12.796768,2023-08-01
8176,2023-07-25 13:57:00,19550.0,19654.05,642250,3483500,144.0,30.5,46600,165650,0.652556,-0.351091,0.00109839,0.00107361,12.303979,12.636136,2023-08-01
2915,2023-07-25 13:57:00,19600.0,19654.05,3356100,6933950,109.5,45.8,253900,380950,0.596129,-0.405682,0.00115355,0.00113097,12.283307,12.542675,2023-08-01
283,2023-07-25 13:57:00,19650.0,19654.05,3995900,4724000,80.35,66.85,291050,384800,0.537478,-0.463207,0.00118116,0.0011548,12.302047,12.5849,2023-08-01
5546,2023-07-25 13:57:00,19700.0,19654.05,14519650,8591650,57.0,93.65,495800,436600,0.478475,-0.520814,0.00117689,0.0011476,12.383444,12.700719,2023-08-01
10804,2023-07-25 13:57:00,19750.0,19654.05,6830700,2460450,39.9,126.5,192800,77750,0.422097,-0.575707,0.00113154,0.00110313,12.651824,12.991729,2023-08-01
16061,2023-07-25 13:57:00,19800.0,19654.05,14241500,4399350,27.75,163.75,383900,91950,0.370779,-0.626574,0.00106069,0.00104175,13.031732,13.29903,2023-08-01
21315,2023-07-25 13:57:00,19850.0,19654.05,7075200,1342950,18.8,204.05,117600,13350,0.323784,-0.674489,0.00098441,0.00097661,13.355283,13.491354,2023-08-01
26568,2023-07-25 13:57:00,19900.0,19654.05,10135400,2314850,12.8,249.35,202850,19850,0.282866,-0.708865,0.00089903,0.00087413,13.765863,14.352579,2023-08-01
23944,2023-07-25 13:58:00,19400.0,19655.25,658350,5820000,271.35,7.8,11600,125650,0.805965,-0.216879,0.00083425,0.00080658,12.054206,13.320008,2023-08-01
18691,2023-07-25 13:58:00,19450.0,19655.25,238500,3348900,225.55,12.45,2950,77700,0.762469,-0.255586,0.00094452,0.00090163,11.973165,13.0449,2023-08-01
13434,2023-07-25 13:58:00,19500.0,19655.25,2258100,7909950,183.0,19.65,22850,129500,0.710662,-0.300206,0.00103565,0.00099171,12.078904,12.830372,2023-08-01
8177,2023-07-25 13:58:00,19550.0,19655.25,642250,3483500,143.5,30.3,29950,103000,0.657231,-0.350084,0.0011191,0.00107024,12.015225,12.662601,2023-08-01
2916,2023-07-25 13:58:00,19600.0,19655.25,3356100,6933950,108.95,45.75,195600,225500,0.599272,-0.404814,0.00117396,0.00112399,12.045362,12.613603,2023-08-01
284,2023-07-25 13:58:00,19650.0,19655.25,3995900,4724000,80.2,66.8,180500,202950,0.539243,-0.462039,0.00119353,0.00114644,12.169244,12.67311,2023-08-01
5547,2023-07-25 13:58:00,19700.0,19655.25,14519650,8591650,56.95,93.7,388300,188450,0.479675,-0.519177,0.00118614,0.00113635,12.288713,12.828924,2023-08-01
10805,2023-07-25 13:58:00,19750.0,19655.25,6830700,2460450,39.7,126.6,207950,40650,0.422734,-0.573353,0.0011417,0.00109018,12.543036,13.160771,2023-08-01
16062,2023-07-25 13:58:00,19800.0,19655.25,14241500,4399350,27.45,163.85,151100,42800,0.370778,-0.623305,0.00107099,0.0010281,12.906257,13.512521,2023-08-01
21316,2023-07-25 13:58:00,19850.0,19655.25,7075200,1342950,18.55,205.35,89200,8250,0.323441,-0.66636,0.00099275,0.00094581,13.23718,14.069239,2023-08-01
26569,2023-07-25 13:58:00,19900.0,19655.25,10135400,2314850,12.7,248.4,176950,12700,0.282771,-0.707455,0.0009041,0.00087442,13.68627,14.380025,2023-08-01
23945,2023-07-25 13:59:00,19400.0,19653.95,658350,5820000,271.75,8.05,9300,164200,0.790251,-0.218938,0.00082026,0.00080739,12.846481,13.380745,2023-08-01
18692,2023-07-25 13:59:00,19450.0,19653.95,238500,3348900,225.35,12.7,5200,101550,0.755262,-0.257193,0.00093355,0.00090274,12.313744,13.073063,2023-08-01
13435,2023-07-25 13:59:00,19500.0,19653.95,2258100,7909950,181.7,20.1,35850,253250,0.710185,-0.302209,0.00104147,0.00099072,12.022142,12.883284,2023-08-01
8178,2023-07-25 13:59:00,19550.0,19653.95,642250,3483500,143.0,31.0,30050,163550,0.654602,-0.352264,0.00111311,0.00106648,12.115983,12.737277,2023-08-01
2917,2023-07-25 13:59:00,19600.0,19653.95,3356100,6933950,108.45,46.35,276900,343950,0.597273,-0.406447,0.00116938,0.00112297,12.109496,12.639247,2023-08-01
285,2023-07-25 13:59:00,19650.0,19653.95,3995900,4724000,79.6,67.65,257300,343350,0.537642,-0.463632,0.00119227,0.00114305,12.188255,12.716812,2023-08-01
5548,2023-07-25 13:59:00,19700.0,19653.95,14519650,8591650,56.5,94.6,459100,370050,0.478177,-0.520595,0.00118406,0.00113369,12.309211,12.858176,2023-08-01
10806,2023-07-25 13:59:00,19750.0,19653.95,6830700,2460450,39.45,127.5,283500,62700,0.42148,-0.574726,0.00113792,0.00108891,12.578223,13.169032,2023-08-01
16063,2023-07-25 13:59:00,19800.0,19653.95,14241500,4399350,27.35,165.0,207250,99350,0.36988,-0.624277,0.00106621,0.00102438,12.955396,13.552141,2023-08-01
21317,2023-07-25 13:59:00,19850.0,19653.95,7075200,1342950,18.65,207.1,140250,13850,0.323284,-0.665576,0.00098608,0.00093517,13.325599,14.24422,2023-08-01
26570,2023-07-25 13:59:00,19900.0,19653.95,10135400,2314850,12.65,251.35,156350,20200,0.282169,-0.701325,0.00090067,0.00085021,13.725997,14.932857,2023-08-01
23946,2023-07-25 14:00:00,19400.0,19655.6,667100,5906250,269.25,7.75,3650,148700,0.837644,-0.216503,0.00085152,0.0008061,10.554542,13.315562,2023-08-01
18693,2023-07-25 14:00:00,19450.0,19655.6,239950,3347200,227.4,12.35,5550,169350,0.753279,-0.255039,0.00092207,0.00090164,12.520827,13.031196,2023-08-01
13436,2023-07-25 14:00:00,19500.0,19655.6,2256500,7937600,184.4,19.6,37800,254450,0.706609,-0.299955,0.00101752,0.00099081,12.375129,12.838286,2023-08-01
8179,2023-07-25 14:00:00,19550.0,19655.6,643450,3468250,144.7,30.1,28400,205850,0.655253,-0.349503,0.00110298,0.00107123,12.218201,12.644235,2023-08-01
2918,2023-07-25 14:00:00,19600.0,19655.6,3426800,6893850,110.35,45.45,218150,332450,0.598062,-0.404225,0.00115403,0.00112616,12.263964,12.585741,2023-08-01
286,2023-07-25 14:00:00,19650.0,19655.6,4015900,4733600,81.35,66.25,244500,368850,0.539211,-0.461486,0.00117732,0.00115205,12.337915,12.61067,2023-08-01
5549,2023-07-25 14:00:00,19700.0,19655.6,14400950,8571400,57.9,92.85,473950,367150,0.480389,-0.519007,0.00117273,0.00114616,12.431254,12.7204,2023-08-01
10807,2023-07-25 14:00:00,19750.0,19655.6,6869350,2460600,40.25,125.4,288850,116750,0.423684,-0.57406,0.00113455,0.00110469,12.629091,12.984586,2023-08-01
16064,2023-07-25 14:00:00,19800.0,19655.6,14353450,4377250,28.0,162.4,245750,101800,0.372189,-0.625322,0.00106377,0.00104568,13.010854,13.26406,2023-08-01
21318,2023-07-25 14:00:00,19850.0,19655.6,7052950,1340550,19.0,204.6,166600,7050,0.325121,-0.66737,0.00098707,0.00095241,13.342835,13.956239,2023-08-01
26571,2023-07-25 14:00:00,19900.0,19655.6,10109850,2320150,12.95,248.4,182850,26100,0.284108,-0.7059,0.00090151,0.00087091,13.757826,14.474676,2023-08-01
23947,2023-07-25 14:01:00,19400.0,19650.0,667100,5906250,269.0,8.05,150,124400,0.780315,-0.219725,0.00081812,0.00081806,13.235144,13.23748,2023-08-01
18694,2023-07-25 14:01:00,19450.0,19650.0,239950,3347200,225.45,12.8,5200,196550,0.733427,-0.258742,0.00089345,0.00091486,13.457944,12.943951,2023-08-01
13437,2023-07-25 14:01:00,19500.0,19650.0,2256500,7937600,182.8,20.3,17700,235500,0.690885,-0.304313,0.00098355,0.00100459,13.111577,12.748653,2023-08-01
8180,2023-07-25 14:01:00,19550.0,19650.0,643450,3468250,143.0,31.35,19450,157900,0.64372,-0.354994,0.00107274,0.00108191,12.717969,12.594029,2023-08-01
2919,2023-07-25 14:01:00,19600.0,19650.0,3426800,6893850,108.75,47.0,132700,208250,0.58922,-0.409989,0.00112769,0.0011382,12.622642,12.500319,2023-08-01
287,2023-07-25 14:01:00,19650.0,19650.0,4015900,4733600,79.9,68.15,190350,242900,0.532075,-0.467702,0.00115501,0.00116523,12.600656,12.489545,2023-08-01
5550,2023-07-25 14:01:00,19700.0,19650.0,14400950,8571400,56.9,94.9,315200,243050,0.474447,-0.525946,0.00114988,0.00116373,12.671876,12.520235,2023-08-01
10808,2023-07-25 14:01:00,19750.0,19650.0,6869350,2460600,39.6,128.4,203800,59650,0.418868,-0.581192,0.0011125,0.00111323,12.852202,12.843362,2023-08-01
16065,2023-07-25 14:01:00,19800.0,19650.0,14353450,4377250,27.5,166.0,154300,50000,0.368179,-0.632528,0.00104521,0.00105007,13.199812,13.130414,2023-08-01
21319,2023-07-25 14:01:00,19850.0,19650.0,7052950,1340550,18.6,207.5,138900,11450,0.321619,-0.678012,0.00097162,0.00097001,13.498989,13.527844,2023-08-01
26572,2023-07-25 14:01:00,19900.0,19650.0,10109850,2320150,12.7,251.65,117000,91950,0.281295,-0.717814,0.0008877,0.00088513,13.909918,13.971519,2023-08-01
23948,2023-07-25 14:02:00,19400.0,19650.3,667100,5906250,269.0,8.15,1700,74350,0.782485,-0.220402,0.00082048,0.00081612,13.122351,13.292842,2023-08-01
18695,2023-07-25 14:02:00,19450.0,19650.3,239950,3347200,224.3,12.9,2450,80100,0.740227,-0.259184,0.00091087,0.00091245,13.027814,12.990092,2023-08-01
13438,2023-07-25 14:02:00,19500.0,19650.3,2256500,7937600,181.8,20.45,11450,216500,0.695136,-0.304726,0.00100045,0.00100105,12.81216,12.801904,2023-08-01
8181,2023-07-25 14:02:00,19550.0,19650.3,643450,3468250,142.85,31.3,12400,151400,0.644792,-0.354754,0.00107774,0.00108097,12.645914,12.602434,2023-08-01
2920,2023-07-25 14:02:00,19600.0,19650.3,3426800,6893850,108.5,47.15,106850,162900,0.590053,-0.409964,0.00113404,0.00113381,12.546317,12.548969,2023-08-01
288,2023-07-25 14:02:00,19650.0,19650.3,4015900,4733600,79.75,68.55,134800,171100,0.532521,-0.467545,0.00115953,0.00115652,12.550747,12.583579,2023-08-01
5551,2023-07-25 14:02:00,19700.0,19650.3,14400950,8571400,56.75,95.5,203150,176600,0.474672,-0.525252,0.00115409,0.0011514,12.626469,12.65613,2023-08-01
10809,2023-07-25 14:02:00,19750.0,19650.3,6869350,2460600,39.55,128.55,113400,39900,0.419023,-0.580406,0.00111482,0.00110783,12.826901,12.911713,2023-08-01
16066,2023-07-25 14:02:00,19800.0,19650.3,14353450,4377250,27.45,166.25,108100,34200,0.368238,-0.631152,0.00104722,0.00104301,13.17565,13.235993,2023-08-01
21320,2023-07-25 14:02:00,19850.0,19650.3,7052950,1340550,18.55,207.65,86700,7550,0.321587,-0.676398,0.00097338,0.00096453,13.474491,13.633318,2023-08-01
26573,2023-07-25 14:02:00,19900.0,19650.3,10109850,2320150,12.6,251.8,88500,16600,0.280928,-0.715633,0.0008899,0.00087993,13.867153,14.106477,2023-08-01
23949,2023-07-25 14:03:00,19400.0,19654.7,667300,5913600,271.5,7.6,2400,99050,0.798776,-0.215641,0.00082842,0.00081001,12.4123,13.223333,2023-08-01
18696,2023-07-25 14:03:00,19450.0,19654.7,241200,3360050,228.05,12.1,3750,112150,0.744544,-0.254047,0.00090422,0.0009078,13.007658,12.918936,2023-08-01
13439,2023-07-25 14:03:00,19500.0,19654.7,2270750,7999900,185.0,19.25,23600,226250,0.700731,-0.299109,0.00099878,0.00099943,12.725089,12.713631,2023-08-01
8182,2023-07-25 14:03:00,19550.0,19654.7,655050,3480100,146.15,29.65,16450,135050,0.649308,-0.348972,0.00107089,0.00108254,12.666285,12.507553,2023-08-01
2921,2023-07-25 14:03:00,19600.0,19654.7,3454400,6925100,111.2,44.9,146000,231350,0.595143,-0.404177,0.00113175,0.00114016,12.530876,12.433193,2023-08-01
289,2023-07-25 14:03:00,19650.0,19654.7,4041150,4779200,82.0,65.55,223700,216950,0.537649,-0.462074,0.00115916,0.00116959,12.538388,12.425771,2023-08-01
5552,2023-07-25 14:03:00,19700.0,19654.7,14369650,8542450,58.45,92.0,281850,217650,0.47969,-0.520548,0.00115716,0.00116724,12.599863,12.490748,2023-08-01
10810,2023-07-25 14:03:00,19750.0,19654.7,6970550,2474450,40.55,124.3,151500,41200,0.423418,-0.577075,0.00112405,0.00113049,12.74778,12.672087,2023-08-01
16067,2023-07-25 14:03:00,19800.0,19654.7,14355700,4387850,28.15,161.35,163850,40000,0.372076,-0.629939,0.00105681,0.00107128,13.097854,12.898192,2023-08-01
21321,2023-07-25 14:03:00,19850.0,19654.7,7027250,1340350,19.0,203.0,102500,10650,0.324825,-0.675499,0.00098328,0.00098475,13.391781,13.366355,2023-08-01
26574,2023-07-25 14:03:00,19900.0,19654.7,10075700,2367650,12.9,247.0,177750,9450,0.283675,-0.716182,0.00089916,0.00089874,13.786319,13.79615,2023-08-01
23950,2023-07-25 14:04:00,19400.0,19660.1,667300,5913600,278.4,7.3,10450,151200,0.787135,-0.212442,0.00079815,0.00079871,13.316028,13.291124,2023-08-01
18697,2023-07-25 14:04:00,19450.0,19660.1,241200,3360050,232.5,11.6,5700,149200,0.750825,-0.250109,0.0008983,0.00089607,12.919735,12.97767,2023-08-01
13440,2023-07-25 14:04:00,19500.0,19660.1,2270750,7999900,189.85,18.4,47050,275400,0.704479,-0.294256,0.00098387,0.00098886,12.840806,12.750819,2023-08-01
8183,2023-07-25 14:04:00,19550.0,19660.1,655050,3480100,149.65,28.35,35250,233900,0.656199,-0.343394,0.00107133,0.00107393,12.565882,12.529809,2023-08-01
2922,2023-07-25 14:04:00,19600.0,19660.1,3454400,6925100,114.3,43.05,280650,472050,0.601754,-0.398119,0.00113291,0.00113436,12.462013,12.445022,2023-08-01
290,2023-07-25 14:04:00,19650.0,19660.1,4041150,4779200,84.35,63.1,274850,400100,0.544185,-0.455782,0.00116585,0.00116687,12.44257,12.431546,2023-08-01
5553,2023-07-25 14:04:00,19700.0,19660.1,14369650,8542450,60.2,88.8,449350,475900,0.485768,-0.514287,0.00116694,0.00116993,12.49968,12.4677,2023-08-01
10811,2023-07-25 14:04:00,19750.0,19660.1,6970550,2474450,42.0,120.65,213050,87500,0.429104,-0.571017,0.00113249,0.00113422,12.684074,12.664081,2023-08-01
16068,2023-07-25 14:04:00,19800.0,19660.1,14355700,4387850,29.1,157.55,327400,79050,0.37699,-0.623585,0.00106771,0.00107208,13.014995,12.955772,2023-08-01
21322,2023-07-25 14:04:00,19850.0,19660.1,7027250,1340350,19.65,198.2,174250,13500,0.329119,-0.671366,0.00099441,0.00099671,13.309783,13.271145,2023-08-01
26575,2023-07-25 14:04:00,19900.0,19660.1,10075700,2367650,13.3,242.05,214850,14850,0.287192,-0.712457,0.00091044,0.00090935,13.692648,13.716924,2023-08-01
23951,2023-07-25 14:05:00,19400.0,19662.0,667300,5913600,276.65,7.25,4100,156450,0.823256,-0.211753,0.0008272,0.00079423,11.472459,13.34015,2023-08-01
18698,2023-07-25 14:05:00,19450.0,19662.0,241200,3360050,231.6,11.6,10750,150250,0.768365,-0.24968,0.00092939,0.00088976,12.000071,13.057218,2023-08-01
13441,2023-07-25 14:05:00,19500.0,19662.0,2270750,7999900,188.0,18.45,39350,271600,0.719997,-0.293831,0.0010322,0.00098023,11.931013,12.853836,2023-08-01
8184,2023-07-25 14:05:00,19550.0,19662.0,655050,3480100,148.45,28.5,33350,192750,0.664891,-0.342889,0.00111022,0.0010618,12.006555,12.665363,2023-08-01
2923,2023-07-25 14:05:00,19600.0,19662.0,3454400,6925100,113.2,43.25,197300,409700,0.607296,-0.397165,0.00116887,0.00111925,12.032063,12.604361,2023-08-01
291,2023-07-25 14:05:00,19650.0,19662.0,4041150,4779200,83.5,63.55,313150,380500,0.547445,-0.454266,0.00119562,0.00114555,12.120614,12.656769,2023-08-01
5554,2023-07-25 14:05:00,19700.0,19662.0,14369650,8542450,59.35,89.65,482850,354450,0.487537,-0.511577,0.00119452,0.00114003,12.212327,12.796898,2023-08-01
10812,2023-07-25 14:05:00,19750.0,19662.0,6970550,2474450,41.45,122.05,159200,92000,0.429937,-0.56607,0.00115274,0.00109438,12.465443,13.153034,2023-08-01
16069,2023-07-25 14:05:00,19800.0,19662.0,14355700,4387850,28.75,158.9,299150,76200,0.377336,-0.616213,0.0010824,0.00103229,12.841444,13.53425,2023-08-01
21323,2023-07-25 14:05:00,19850.0,19662.0,7027250,1340350,19.45,200.0,181000,11600,0.329278,-0.659681,0.00100494,0.00095106,13.172299,14.099743,2023-08-01
26576,2023-07-25 14:05:00,19900.0,19662.0,10075700,2367650,13.15,243.7,163450,19850,0.28711,-0.697326,0.00091862,0.00086822,13.568121,14.709516,2023-08-01
23952,2023-07-25 14:06:00,19400.0,19665.55,664950,5901300,277.35,7.2,4000,170850,0.883726,-0.21078,0.00079545,0.00078558,8.996061,13.448988,2023-08-01
18699,2023-07-25 14:06:00,19450.0,19665.55,241700,3407200,231.5,11.5,3550,76500,0.800356,-0.248329,0.00096781,0.00087948,10.570142,13.169951,2023-08-01
13442,2023-07-25 14:06:00,19500.0,19665.55,2273150,8052150,188.75,18.25,36100,267100,0.734654,-0.291964,0.00106267,0.00096863,11.282302,12.967732,2023-08-01
8185,2023-07-25 14:06:00,19550.0,19665.55,661500,3497200,148.95,28.2,43150,251200,0.675252,-0.340576,0.00114255,0.00104836,11.519232,12.793082,2023-08-01
2924,2023-07-25 14:06:00,19600.0,19665.55,3392350,6968550,113.1,42.9,210300,363150,0.615486,-0.394429,0.00120771,0.00110286,11.573388,12.765962,2023-08-01
292,2023-07-25 14:06:00,19650.0,19665.55,3969500,4812400,83.3,63.2,336050,339950,0.553104,-0.450907,0.00123106,0.00112532,11.748908,12.869711,2023-08-01
5555,2023-07-25 14:06:00,19700.0,19665.55,14324300,8581800,59.3,89.15,458000,363900,0.491428,-0.507251,0.00122244,0.00111828,11.934935,13.047509,2023-08-01
10813,2023-07-25 14:06:00,19750.0,19665.55,6897500,2483150,41.3,121.0,161100,62650,0.432554,-0.561007,0.00117746,0.00107771,12.216165,13.382179,2023-08-01
16070,2023-07-25 14:06:00,19800.0,19665.55,14297300,4387000,28.5,158.45,224100,69500,0.378842,-0.608882,0.00110434,0.00100527,12.600171,13.972508,2023-08-01
21324,2023-07-25 14:06:00,19850.0,19665.55,7017900,1340450,19.3,199.45,134250,9200,0.330296,-0.650581,0.00102173,0.00092507,12.970098,14.637592,2023-08-01
26577,2023-07-25 14:06:00,19900.0,19665.55,10102100,2378000,13.0,243.05,156050,21450,0.287546,-0.686271,0.00093246,0.00084415,13.374668,15.366839,2023-08-01
23953,2023-07-25 14:07:00,19400.0,19659.3,664950,5901300,274.75,7.3,8600,141850,0.812981,-0.212663,0.00082833,0.00080073,11.871698,13.268139,2023-08-01
18700,2023-07-25 14:07:00,19450.0,19659.3,241700,3407200,228.85,11.55,8600,120950,0.768004,-0.250106,0.0009396,0.00089923,11.88279,12.93437,2023-08-01
13443,2023-07-25 14:07:00,19500.0,19659.3,2273150,8052150,186.4,18.5,21150,369700,0.71433,-0.294952,0.00102652,0.00099054,12.115907,12.7454,2023-08-01
8186,2023-07-25 14:07:00,19550.0,19659.3,661500,3497200,146.55,28.75,28300,112100,0.661466,-0.344768,0.00111159,0.00107172,12.042005,12.576831,2023-08-01
2925,2023-07-25 14:07:00,19600.0,19659.3,3392350,6968550,111.1,44.0,185850,304000,0.604572,-0.399963,0.00117668,0.00112436,11.977805,12.573463,2023-08-01
293,2023-07-25 14:07:00,19650.0,19659.3,3969500,4812400,81.7,64.6,297350,283150,0.544365,-0.457292,0.00120184,0.0011491,12.071597,12.631417,2023-08-01
5556,2023-07-25 14:07:00,19700.0,19659.3,14324300,8581800,58.05,90.95,385950,266700,0.484277,-0.514716,0.0011959,0.00114283,12.197572,12.765249,2023-08-01
10814,2023-07-25 14:07:00,19750.0,19659.3,6897500,2483150,40.45,123.25,170350,60400,0.426737,-0.569619,0.00115241,0.0011014,12.453589,13.052091,2023-08-01
16071,2023-07-25 14:07:00,19800.0,19659.3,14297300,4387000,27.9,160.5,272300,72650,0.374083,-0.619725,0.00108238,0.00103566,12.809814,13.456215,2023-08-01
21325,2023-07-25 14:07:00,19850.0,19659.3,7017900,1340450,18.9,201.65,157250,12550,0.326417,-0.66367,0.0010024,0.00095528,13.162147,13.977071,2023-08-01
26578,2023-07-25 14:07:00,19900.0,19659.3,10102100,2378000,12.8,246.0,200900,16400,0.284686,-0.699636,0.0009148,0.00086519,13.573229,14.713635,2023-08-01
23954,2023-07-25 14:08:00,19400.0,19654.05,664950,5901300,270.1,7.95,3800,212950,0.805631,-0.218444,0.00083765,0.0008079,12.024486,13.360914,2023-08-01
18701,2023-07-25 14:08:00,19450.0,19654.05,241700,3407200,224.6,12.6,1800,141550,0.760082,-0.256885,0.00094434,0.00090322,12.047801,13.063673,2023-08-01
13444,2023-07-25 14:08:00,19500.0,19654.05,2273150,8052150,182.4,19.8,29250,342550,0.707521,-0.301344,0.00103034,0.0009939,12.209392,12.831068,2023-08-01
8187,2023-07-25 14:08:00,19550.0,19654.05,661500,3497200,142.4,30.5,29400,155050,0.656134,-0.351273,0.00112269,0.00107259,11.997837,12.657302,2023-08-01
2926,2023-07-25 14:08:00,19600.0,19654.05,3392350,6968550,108.4,46.0,233300,363100,0.597393,-0.406053,0.00116966,0.00112674,12.110983,12.599441,2023-08-01
294,2023-07-25 14:08:00,19650.0,19654.05,3969500,4812400,79.65,67.05,272450,427350,0.537696,-0.463349,0.00119073,0.00115051,12.209206,12.639061,2023-08-01
5557,2023-07-25 14:08:00,19700.0,19654.05,14324300,8581800,56.45,94.05,433350,473150,0.478269,-0.520667,0.0011841,0.00114029,12.314352,12.789256,2023-08-01
10815,2023-07-25 14:08:00,19750.0,19654.05,6897500,2483150,39.25,127.0,224750,88600,0.42138,-0.575078,0.00114041,0.00109461,12.555613,13.103997,2023-08-01
16072,2023-07-25 14:08:00,19800.0,19654.05,14297300,4387000,27.2,164.85,245800,93050,0.369738,-0.62426,0.0010679,0.00102491,12.939052,13.551354,2023-08-01
21326,2023-07-25 14:08:00,19850.0,19654.05,7017900,1340450,18.35,206.85,110950,26700,0.322491,-0.665886,0.00099008,0.00093702,13.264074,14.217037,2023-08-01
26579,2023-07-25 14:08:00,19900.0,19654.05,10102100,2378000,12.55,250.2,144700,26500,0.281934,-0.705295,0.00090167,0.00086298,13.711294,14.628337,2023-08-01
23955,2023-07-25 14:09:00,19400.0,19653.75,665150,5898050,271.35,7.7,3550,125400,0.791284,-0.216712,0.00082228,0.00081133,12.784225,13.244242,2023-08-01
18702,2023-07-25 14:09:00,19450.0,19653.75,239000,3382950,225.65,12.25,3800,133250,0.751845,-0.255205,0.00092632,0.00090876,12.508714,12.940494,2023-08-01
13445,2023-07-25 14:09:00,19500.0,19653.75,2275200,8048200,182.8,19.5,26700,248450,0.704718,-0.300437,0.00102074,0.00099943,12.379503,12.743607,2023-08-01
8188,2023-07-25 14:09:00,19550.0,19653.75,654450,3416450,143.4,30.05,25450,136300,0.652809,-0.350436,0.00110299,0.00108092,12.256829,12.549812,2023-08-01
2927,2023-07-25 14:09:00,19600.0,19653.75,3356550,6923100,108.55,45.8,200000,338250,0.596572,-0.406024,0.00116411,0.00113164,12.175826,12.545512,2023-08-01
295,2023-07-25 14:09:00,19650.0,19653.75,3998250,4824450,79.9,66.85,191750,283700,0.537157,-0.463565,0.00118394,0.00115578,12.281619,12.582944,2023-08-01
5558,2023-07-25 14:09:00,19700.0,19653.75,14319950,8610000,56.65,93.8,308800,331150,0.478047,-0.52117,0.00117849,0.00114666,12.373375,12.718227,2023-08-01
10816,2023-07-25 14:09:00,19750.0,19653.75,6937650,2466300,39.5,126.45,217650,73200,0.421486,-0.576285,0.00113442,0.00110572,12.623393,12.965478,2023-08-01
16073,2023-07-25 14:09:00,19800.0,19653.75,14344150,4391500,27.35,164.45,210750,83000,0.369926,-0.625823,0.00106397,0.00103364,12.989732,13.420106,2023-08-01
21327,2023-07-25 14:09:00,19850.0,19653.75,6982850,1340350,18.5,205.9,91250,20100,0.322902,-0.66966,0.00098653,0.0009528,13.319709,13.919611,2023-08-01
26580,2023-07-25 14:09:00,19900.0,19653.75,10110300,2374900,12.55,249.95,107100,11550,0.281869,-0.707614,0.00090065,0.00086901,13.726123,14.474735,2023-08-01
23956,2023-07-25 14:10:00,19400.0,19659.1,665150,5898050,276.95,7.35,2850,142500,0.790132,-0.213159,0.00080501,0.00080066,13.097845,13.28953,2023-08-01
18703,2023-07-25 14:10:00,19450.0,19659.1,239000,3382950,231.65,11.55,4600,132400,0.749505,-0.250228,0.00089911,0.00089975,12.948849,12.932289,2023-08-01
13446,2023-07-25 14:10:00,19500.0,19659.1,2275200,8048200,188.5,18.3,38050,211700,0.705203,-0.294352,0.0009923,0.00099406,12.721731,12.690363,2023-08-01
8189,2023-07-25 14:10:00,19550.0,19659.1,654450,3416450,148.55,28.4,32850,132900,0.655813,-0.344084,0.00107718,0.00107785,12.507163,12.498049,2023-08-01
2928,2023-07-25 14:10:00,19600.0,19659.1,3356550,6923100,113.45,43.0,191600,322750,0.600787,-0.398785,0.00113595,0.00114092,12.440932,12.383209,2023-08-01
296,2023-07-25 14:10:00,19650.0,19659.1,3998250,4824450,83.45,63.2,241050,327350,0.543145,-0.456811,0.00117089,0.00117228,12.396827,12.381963,2023-08-01
5559,2023-07-25 14:10:00,19700.0,19659.1,14319950,8610000,59.5,89.3,405600,391400,0.484522,-0.51548,0.00117007,0.00117022,12.469104,12.467598,2023-08-01
10817,2023-07-25 14:10:00,19750.0,19659.1,6937650,2466300,41.65,121.35,214450,83150,0.428007,-0.572086,0.00113124,0.00113253,12.696121,12.68116,2023-08-01
16074,2023-07-25 14:10:00,19800.0,19659.1,14344150,4391500,28.85,158.25,263950,80400,0.376016,-0.624717,0.00106599,0.0010715,13.029999,12.955055,2023-08-01
21328,2023-07-25 14:10:00,19850.0,19659.1,6982850,1340350,19.45,199.4,94250,15350,0.328191,-0.671087,0.00099285,0.00098945,13.320057,13.37773,2023-08-01
26581,2023-07-25 14:10:00,19900.0,19659.1,10110300,2374900,13.2,243.5,158200,19250,0.286568,-0.7107,0.00090817,0.00089972,13.717358,13.908484,2023-08-01
23957,2023-07-25 14:11:00,19400.0,19663.4,665150,5898050,277.75,7.35,5500,113050,0.82705,-0.212432,0.000825,0.00078944,11.348176,13.449244,2023-08-01
18704,2023-07-25 14:11:00,19450.0,19663.4,239000,3382950,232.1,11.55,6400,129250,0.774866,-0.249227,0.00093648,0.00088553,11.722842,13.109769,2023-08-01
13447,2023-07-25 14:11:00,19500.0,19663.4,2275200,8048200,188.55,18.35,39500,218850,0.724065,-0.293137,0.00103893,0.00097552,11.771992,12.904658,2023-08-01
8190,2023-07-25 14:11:00,19550.0,19663.4,654450,3416450,148.65,28.15,45500,161150,0.668673,-0.341515,0.00112169,0.0010594,11.833224,12.677578,2023-08-01
2929,2023-07-25 14:11:00,19600.0,19663.4,3356550,6923100,113.6,43.05,226000,279200,0.609639,-0.396062,0.00117531,0.00111307,11.948778,12.667617,2023-08-01
297,2023-07-25 14:11:00,19650.0,19663.4,3998250,4824450,83.55,63.1,280850,382450,0.549501,-0.452799,0.00120611,0.00114159,12.010334,12.698122,2023-08-01
5560,2023-07-25 14:11:00,19700.0,19663.4,14319950,8610000,59.45,89.25,521750,292500,0.489078,-0.509903,0.00120235,0.00113377,12.136919,12.871881,2023-08-01
10818,2023-07-25 14:11:00,19750.0,19663.4,6937650,2466300,41.55,121.4,249100,74750,0.431177,-0.56426,0.00115881,0.00109062,12.409724,13.211297,2023-08-01
16075,2023-07-25 14:11:00,19800.0,19663.4,14344150,4391500,28.75,158.25,276100,90250,0.378207,-0.61405,0.00108859,0.00102756,12.780358,13.622142,2023-08-01
21329,2023-07-25 14:11:00,19850.0,19663.4,6982850,1340350,19.45,199.6,119400,20000,0.329976,-0.656407,0.00100995,0.00094257,13.121003,14.28163,2023-08-01
26582,2023-07-25 14:11:00,19900.0,19663.4,10110300,2374900,13.15,242.85,127150,12550,0.287688,-0.694838,0.00092269,0.00086534,13.524277,14.815687,2023-08-01
23958,2023-07-25 14:12:00,19400.0,19657.45,664250,5906450,272.0,7.65,17500,109000,0.823382,-0.215753,0.00084088,0.00080186,11.287106,13.365793,2023-08-01
18705,2023-07-25 14:12:00,19450.0,19657.45,236850,3373100,227.3,12.05,5800,118750,0.765269,-0.253328,0.00094156,0.00089869,11.939528,13.034388,2023-08-01
13448,2023-07-25 14:12:00,19500.0,19657.45,2283250,8087100,184.7,19.2,33950,182050,0.712913,-0.298184,0.00103179,0.00098788,12.086445,12.848089,2023-08-01
8191,2023-07-25 14:12:00,19550.0,19657.45,661800,3436500,144.65,29.45,21800,93400,0.660588,-0.347351,0.00112201,0.00107028,11.94615,12.633041,2023-08-01
2930,2023-07-25 14:12:00,19600.0,19657.45,3308600,7027550,110.25,44.9,175850,268900,0.601791,-0.402422,0.00117161,0.00112165,12.056405,12.62816,2023-08-01
298,2023-07-25 14:12:00,19650.0,19657.45,4011550,4969000,80.9,65.6,190950,286850,0.541996,-0.459519,0.0011983,0.00114692,12.119213,12.667165,2023-08-01
5561,2023-07-25 14:12:00,19700.0,19657.45,14292800,8680250,57.35,92.15,431300,297750,0.482104,-0.516782,0.00119314,0.00113973,12.22718,12.801678,2023-08-01
10819,2023-07-25 14:12:00,19750.0,19657.45,6894550,2498450,39.95,124.9,153050,68300,0.424789,-0.571164,0.00114866,0.00109361,12.486875,13.140353,2023-08-01
16076,2023-07-25 14:12:00,19800.0,19657.45,14349650,4394150,27.65,162.45,208450,68550,0.372609,-0.620489,0.00107665,0.00102549,12.866277,13.585941,2023-08-01
21330,2023-07-25 14:12:00,19850.0,19657.45,6973850,1345100,18.55,203.8,103200,11800,0.324602,-0.663523,0.00099993,0.00094424,13.169162,14.147643,2023-08-01
26583,2023-07-25 14:12:00,19900.0,19657.45,10097500,2375950,12.65,247.65,104700,7900,0.283529,-0.700918,0.00091063,0.00086211,13.613475,14.742578,2023-08-01
23959,2023-07-25 14:13:00,19400.0,19655.3,664250,5906450,272.45,7.45,1350,92050,0.795143,-0.214675,0.00082246,0.00080967,12.642466,13.200506,2023-08-01
18706,2023-07-25 14:13:00,19450.0,19655.3,236850,3373100,228.6,11.8,6000,132400,0.744517,-0.252566,0.00090184,0.00090918,13.04877,12.865568,2023-08-01
13449,2023-07-25 14:13:00,19500.0,19655.3,2283250,8087100,186.2,18.75,17050,126850,0.698532,-0.297338,0.00098639,0.00100344,12.933494,12.634536,2023-08-01
8192,2023-07-25 14:13:00,19550.0,19655.3,661800,3436500,146.2,28.95,22200,100650,0.650574,-0.347239,0.00107456,0.00108925,12.612289,12.413526,2023-08-01
2931,2023-07-25 14:13:00,19600.0,19655.3,3308600,7027550,110.8,44.15,154550,249250,0.596661,-0.402916,0.00114188,0.00114706,12.413698,12.354333,2023-08-01
299,2023-07-25 14:13:00,19650.0,19655.3,4011550,4969000,81.5,64.7,155100,216900,0.538623,-0.461181,0.00117022,0.00117742,12.422618,12.346089,2023-08-01
5562,2023-07-25 14:13:00,19700.0,19655.3,14292800,8680250,57.85,91.2,238300,235500,0.480079,-0.520022,0.00116927,0.00117364,12.475762,12.429121,2023-08-01
10820,2023-07-25 14:13:00,19750.0,19655.3,6894550,2498450,40.45,123.8,105550,43000,0.423819,-0.576475,0.00112762,0.00113149,12.715811,12.670487,2023-08-01
16077,2023-07-25 14:13:00,19800.0,19655.3,14349650,4394150,27.95,160.45,143950,43650,0.372116,-0.630218,0.00106144,0.00107829,13.047119,12.81711,2023-08-01
21331,2023-07-25 14:13:00,19850.0,19655.3,6973850,1345100,18.95,202.35,76100,15250,0.325098,-0.675351,0.00098529,0.00098734,13.375307,13.340012,2023-08-01
26584,2023-07-25 14:13:00,19900.0,19655.3,10097500,2375950,12.8,246.0,122600,8200,0.283622,-0.717851,0.00090163,0.000906,13.75378,13.653205,2023-08-01
23960,2023-07-25 14:14:00,19400.0,19659.7,664250,5906450,277.25,7.25,6200,111050,0.792446,-0.212395,0.00080623,0.00079999,12.995095,13.27502,2023-08-01
18707,2023-07-25 14:14:00,19450.0,19659.7,236850,3373100,231.65,11.55,9250,106800,0.752767,-0.250183,0.00090455,0.00089755,12.783571,12.964953,2023-08-01
13450,2023-07-25 14:14:00,19500.0,19659.7,2283250,8087100,189.5,18.3,12500,198650,0.70382,-0.294238,0.00098357,0.00099126,12.864479,12.726128,2023-08-01
8193,2023-07-25 14:14:00,19550.0,19659.7,661800,3436500,148.2,28.25,25150,120700,0.658293,-0.343514,0.0010882,0.00107664,12.348896,12.506292,2023-08-01
2932,2023-07-25 14:14:00,19600.0,19659.7,3308600,7027550,113.15,43.05,139200,212750,0.602352,-0.398504,0.0011457,0.00113586,12.324259,12.438127,2023-08-01
300,2023-07-25 14:14:00,19650.0,19659.7,4011550,4969000,83.2,63.25,161800,257150,0.544111,-0.456297,0.00117925,0.00116644,12.307666,12.444318,2023-08-01
5563,2023-07-25 14:14:00,19700.0,19659.7,14292800,8680250,59.2,89.35,293200,255200,0.485056,-0.514666,0.00117858,0.00116363,12.381805,12.541169,2023-08-01
10821,2023-07-25 14:14:00,19750.0,19659.7,6894550,2498450,41.3,121.3,131700,47050,0.428087,-0.570999,0.00113983,0.00112696,12.60307,12.752317,2023-08-01
16078,2023-07-25 14:14:00,19800.0,19659.7,14349650,4394150,28.55,158.4,183450,56050,0.375779,-0.622815,0.00107307,0.00106243,12.943693,13.088538,2023-08-01
21332,2023-07-25 14:14:00,19850.0,19659.7,6973850,1345100,19.2,199.6,106150,8300,0.327704,-0.668315,0.00099861,0.00097972,13.237583,13.55828,2023-08-01
26585,2023-07-25 14:14:00,19900.0,19659.7,10097500,2375950,13.0,242.35,110850,6200,0.285918,-0.712975,0.00091261,0.0009092,13.638175,13.714553,2023-08-01
23961,2023-07-25 14:15:00,19400.0,19669.55,657200,5920650,288.25,6.55,16150,330650,0.785235,-0.205156,0.00076956,0.00078153,13.883175,13.307681,2023-08-01
18708,2023-07-25 14:15:00,19450.0,19669.55,240250,3353150,243.1,10.2,6450,267750,0.74661,-0.240272,0.00085311,0.00088258,13.726068,12.895477,2023-08-01
13451,2023-07-25 14:15:00,19500.0,19669.55,2280350,8160900,198.9,16.2,81500,482050,0.708606,-0.28295,0.00095044,0.00098102,13.206925,12.618431,2023-08-01
8194,2023-07-25 14:15:00,19550.0,19669.55,667100,3461100,157.4,25.05,87350,300800,0.664338,-0.3309,0.0010476,0.00107524,12.733749,12.336639,2023-08-01
2933,2023-07-25 14:15:00,19600.0,19669.55,3289450,7046050,121.05,38.7,386550,653950,0.611454,-0.385763,0.00111445,0.00114253,12.58308,12.248287,2023-08-01
301,2023-07-25 14:15:00,19650.0,19669.55,4000950,5045650,89.7,57.3,494750,676750,0.55502,-0.443754,0.00115817,0.0011873,12.483089,12.171583,2023-08-01
5564,2023-07-25 14:15:00,19700.0,19669.55,14246350,8704750,63.9,81.9,777750,655500,0.496705,-0.503491,0.00117411,0.00119676,12.431668,12.19633,2023-08-01
10822,2023-07-25 14:15:00,19750.0,19669.55,6869650,2531200,44.55,112.7,381950,221650,0.439185,-0.562002,0.00114722,0.00116696,12.575327,12.356888,2023-08-01
16079,2023-07-25 14:15:00,19800.0,19669.55,14362150,4384650,30.7,148.05,462550,223150,0.385636,-0.618233,0.00108792,0.00112032,12.861791,12.45254,2023-08-01
21333,2023-07-25 14:15:00,19850.0,19669.55,6963950,1339350,20.6,188.95,260150,49150,0.336247,-0.666677,0.00101688,0.00103185,13.127441,12.892647,2023-08-01
26586,2023-07-25 14:15:00,19900.0,19669.55,10097850,2379700,13.75,231.35,239300,48050,0.29246,-0.715395,0.00093395,0.00095962,13.463002,12.935921,2023-08-01
23962,2023-07-25 14:16:00,19450.0,19675.2,240250,3353150,247.25,9.65,16450,365000,0.755686,-0.235706,0.00085368,0.00087153,13.450026,12.919371,2023-08-01
18709,2023-07-25 14:16:00,19500.0,19675.2,2280350,8160900,202.65,15.3,113300,600100,0.717567,-0.277475,0.00095448,0.0009713,12.954834,12.621593,2023-08-01
13452,2023-07-25 14:16:00,19550.0,19675.2,667100,3461100,160.65,23.7,80600,447750,0.67311,-0.324716,0.00105581,0.00106767,12.499159,12.326681,2023-08-01
8195,2023-07-25 14:16:00,19600.0,19675.2,3289450,7046050,123.8,36.7,552850,913250,0.619476,-0.37901,0.00112523,0.00113944,12.382977,12.213682,2023-08-01
2934,2023-07-25 14:16:00,19650.0,19675.2,4000950,5045650,92.15,54.85,842150,1067600,0.562148,-0.437022,0.00116744,0.0011847,12.348092,12.164239,2023-08-01
302,2023-07-25 14:16:00,19700.0,19675.2,14246350,8704750,66.1,78.9,1702400,930800,0.503314,-0.496731,0.00118059,0.00119595,12.360412,12.201758,2023-08-01
5565,2023-07-25 14:16:00,19750.0,19675.2,6869650,2531200,46.1,109.25,748750,226700,0.445245,-0.555247,0.00115749,0.0011666,12.488613,12.388953,2023-08-01
10823,2023-07-25 14:16:00,19800.0,19675.2,14362150,4384650,31.95,144.3,880200,218150,0.391301,-0.611124,0.00109697,0.0011186,12.806273,12.536407,2023-08-01
16080,2023-07-25 14:16:00,19850.0,19675.2,6963950,1339350,21.4,184.65,338300,37600,0.341119,-0.660047,0.00102806,0.00103435,13.053721,12.957348,2023-08-01
21334,2023-07-25 14:16:00,19900.0,19675.2,10097850,2379700,14.3,227.85,391950,68450,0.296745,-0.703552,0.00094497,0.000946,13.392479,13.371706,2023-08-01
26587,2023-07-25 14:16:00,19950.0,19675.2,4743950,544200,9.85,273.35,468700,1600,0.259858,-0.74068,0.00085368,0.00085491,13.89483,13.860105,2023-08-01
23963,2023-07-25 14:17:00,19450.0,19682.35,240250,3353150,253.7,9.1,7800,312550,0.76115,-0.230724,0.00084061,0.00085623,13.488097,12.99107,2023-08-01
18710,2023-07-25 14:17:00,19500.0,19682.35,2280350,8160900,207.75,14.4,101300,559850,0.728343,-0.271443,0.00095557,0.00095624,12.691911,12.678066,2023-08-01
13453,2023-07-25 14:17:00,19550.0,19682.35,667100,3461100,165.85,22.4,57650,233800,0.681682,-0.317956,0.00105075,0.00105259,12.41803,12.390337,2023-08-01
8196,2023-07-25 14:17:00,19600.0,19682.35,3289450,7046050,127.9,34.7,418850,694150,0.629024,-0.371274,0.00113058,0.00112801,12.222771,12.253716,2023-08-01
2935,2023-07-25 14:17:00,19650.0,19682.35,4000950,5045650,95.65,51.9,649450,616300,0.571105,-0.428562,0.00117416,0.00118012,12.226816,12.163235,2023-08-01
303,2023-07-25 14:17:00,19700.0,19682.35,14246350,8704750,68.75,75.2,1294450,675900,0.511802,-0.488188,0.0011923,0.00119454,12.230312,12.207367,2023-08-01
5566,2023-07-25 14:17:00,19750.0,19682.35,6869650,2531200,48.05,104.85,455650,154750,0.452982,-0.546831,0.0011719,0.00116788,12.362096,12.405362,2023-08-01
10824,2023-07-25 14:17:00,19800.0,19682.35,14362150,4384650,33.35,139.8,833050,175400,0.398155,-0.601976,0.00111231,0.00111359,12.685861,12.670169,2023-08-01
16081,2023-07-25 14:17:00,19850.0,19682.35,6963950,1339350,22.4,179.2,241600,33200,0.347234,-0.651943,0.00104322,0.00103847,12.945972,13.016511,2023-08-01
21335,2023-07-25 14:17:00,19900.0,19682.35,10097850,2379700,15.1,221.95,340250,32100,0.302557,-0.695916,0.00095796,0.00095228,13.323303,13.432921,2023-08-01
26588,2023-07-25 14:17:00,19950.0,19682.35,4743950,544200,10.3,266.75,181800,2050,0.26434,-0.735629,0.00086764,0.00086756,13.787383,13.789396,2023-08-01
23964,2023-07-25 14:18:00,19450.0,19679.35,231700,3321800,250.0,9.3,15100,326150,0.764642,-0.232665,0.0008577,0.00086289,13.115471,12.953668,2023-08-01
18711,2023-07-25 14:18:00,19500.0,19679.35,2257750,8175000,205.0,14.75,75600,360950,0.726321,-0.273897,0.00096347,0.00096277,12.636827,12.650979,2023-08-01
13454,2023-07-25 14:18:00,19550.0,19679.35,642350,3547150,163.45,22.95,51600,298950,0.678645,-0.320842,0.00105592,0.0010586,12.408964,12.369262,2023-08-01
8197,2023-07-25 14:18:00,19600.0,19679.35,3142300,6883250,125.8,35.65,390650,722300,0.625623,-0.374748,0.00113404,0.00113073,12.223483,12.263111,2023-08-01
2936,2023-07-25 14:18:00,19650.0,19679.35,3710300,4966350,93.8,53.3,545200,686850,0.567627,-0.432272,0.00117713,0.00117905,12.217245,12.196866,2023-08-01
304,2023-07-25 14:18:00,19700.0,19679.35,13819500,8691450,67.0,76.95,1104150,602000,0.508228,-0.49178,0.00119754,0.00119153,12.181958,12.243434,2023-08-01
5567,2023-07-25 14:18:00,19750.0,19679.35,6683900,2482400,46.8,106.5,523500,181350,0.449375,-0.55051,0.00117262,0.0011703,12.343163,12.368106,2023-08-01
10825,2023-07-25 14:18:00,19800.0,19679.35,14244100,4393000,32.35,141.9,629350,180750,0.394577,-0.605393,0.00111222,0.00111194,12.658481,12.661985,2023-08-01
16082,2023-07-25 14:18:00,19850.0,19679.35,6931700,1340500,21.5,181.15,241000,16900,0.343322,-0.65626,0.00104427,0.00104192,12.881002,12.915908,2023-08-01
21336,2023-07-25 14:18:00,19900.0,19679.35,9991650,2371750,14.4,224.2,351550,34650,0.298619,-0.700012,0.00095784,0.00095291,13.249024,13.345224,2023-08-01
26589,2023-07-25 14:18:00,19950.0,19679.35,4663400,544550,9.85,270.7,151200,1050,0.260972,-0.731205,0.0008652,0.00084649,13.738565,14.254699,2023-08-01
23965,2023-07-25 14:19:00,19450.0,19677.85,231700,3321800,248.0,9.35,2800,340800,0.767425,-0.233327,0.0008683,0.00086686,12.871839,12.91638,2023-08-01
18712,2023-07-25 14:19:00,19500.0,19677.85,2257750,8175000,203.0,14.9,32450,321600,0.728106,-0.27502,0.00097652,0.00096642,12.429136,12.630361,2023-08-01
13455,2023-07-25 14:19:00,19550.0,19677.85,642350,3547150,161.25,23.25,36650,206450,0.680105,-0.322363,0.00107427,0.00106124,12.175396,12.364346,2023-08-01
8198,2023-07-25 14:19:00,19600.0,19677.85,3142300,6883250,124.15,36.1,185550,540300,0.625003,-0.376438,0.00114558,0.00113252,12.108224,12.262621,2023-08-01
2937,2023-07-25 14:19:00,19650.0,19677.85,3710300,4966350,92.2,54.1,324250,456950,0.566453,-0.434204,0.0011898,0.00117691,12.094838,12.230642,2023-08-01
305,2023-07-25 14:19:00,19700.0,19677.85,13819500,8691450,65.8,77.6,664950,520850,0.506426,-0.493571,0.00120567,0.00119379,12.102302,12.222782,2023-08-01
5568,2023-07-25 14:19:00,19750.0,19677.85,6683900,2482400,45.95,107.9,354700,136800,0.447371,-0.551874,0.00117677,0.00116204,12.293104,12.45206,2023-08-01
10826,2023-07-25 14:19:00,19800.0,19677.85,14244100,4393000,31.6,143.6,396200,85350,0.392331,-0.605966,0.0011163,0.00110063,12.593915,12.788537,2023-08-01
16083,2023-07-25 14:19:00,19850.0,19677.85,6931700,1340500,21.15,183.45,225650,18100,0.341636,-0.654679,0.00104319,0.00102279,12.87191,13.181809,2023-08-01
21337,2023-07-25 14:19:00,19900.0,19677.85,9991650,2371750,14.05,225.5,224800,27600,0.296619,-0.701358,0.00095779,0.00095062,13.210736,13.351804,2023-08-01
26590,2023-07-25 14:19:00,19950.0,19677.85,4663400,544550,9.75,271.0,165300,1050,0.260018,-0.738229,0.00086225,0.00085819,13.761265,13.874289,2023-08-01
23966,2023-07-25 14:20:00,19450.0,19680.45,231700,3321800,250.15,9.05,9400,291550,0.770876,-0.230869,0.00086571,0.00086249,12.802031,12.904492,2023-08-01
18713,2023-07-25 14:20:00,19500.0,19680.45,2257750,8175000,205.8,14.4,67500,216500,0.727905,-0.272057,0.00096326,0.00096338,12.603804,12.601342,2023-08-01
13456,2023-07-25 14:20:00,19550.0,19680.45,642350,3547150,164.45,22.5,30600,131700,0.679326,-0.319081,0.00105182,0.00106006,12.446833,12.324427,2023-08-01
8199,2023-07-25 14:20:00,19600.0,19680.45,3142300,6883250,126.3,35.35,195350,416800,0.627316,-0.3736,0.00113675,0.0011287,12.177316,12.273828,2023-08-01
2938,2023-07-25 14:20:00,19650.0,19680.45,3710300,4966350,94.2,52.95,293700,290600,0.569118,-0.431081,0.00118018,0.00117647,12.178303,12.217757,2023-08-01
306,2023-07-25 14:20:00,19700.0,19680.45,13819500,8691450,67.45,76.15,552150,393000,0.509541,-0.490467,0.00119838,0.00119497,12.173095,12.207772,2023-08-01
5569,2023-07-25 14:20:00,19750.0,19680.45,6683900,2482400,47.15,106.0,256150,86800,0.450625,-0.549067,0.00117375,0.00116741,12.336706,12.404934,2023-08-01
10827,2023-07-25 14:20:00,19800.0,19680.45,14244100,4393000,32.45,141.1,257650,99300,0.395463,-0.604175,0.00111625,0.00111281,12.621058,12.663168,2023-08-01
16084,2023-07-25 14:20:00,19850.0,19680.45,6931700,1340500,21.65,180.7,115000,16100,0.344295,-0.653903,0.00104648,0.00103627,12.868019,13.020053,2023-08-01
21338,2023-07-25 14:20:00,19900.0,19680.45,9991650,2371750,14.45,222.5,192150,14600,0.299254,-0.702184,0.00096081,0.00096601,13.221322,13.121476,2023-08-01
26591,2023-07-25 14:20:00,19950.0,19680.45,4663400,544550,9.85,267.1,184500,550,0.261308,-0.745575,0.0008682,0.00088399,13.700689,13.270886,2023-08-01
23967,2023-07-25 14:21:00,19450.0,19685.65,232700,3202850,253.05,8.75,6200,392850,0.789249,-0.227843,0.00087764,0.00085036,12.033809,12.989307,2023-08-01
18714,2023-07-25 14:21:00,19500.0,19685.65,2261850,8153900,208.85,14.0,64450,355600,0.739758,-0.268776,0.00097429,0.00094911,12.180622,12.710758,2023-08-01
13457,2023-07-25 14:21:00,19550.0,19685.65,646400,3644300,166.4,21.9,58550,209650,0.691749,-0.315192,0.00107785,0.00104414,11.939992,12.444773,2023-08-01
8200,2023-07-25 14:21:00,19600.0,19685.65,3105650,6886950,128.85,34.1,272700,651450,0.635398,-0.368355,0.00114861,0.00111763,11.962653,12.336238,2023-08-01
2939,2023-07-25 14:21:00,19650.0,19685.65,3549450,5171800,95.85,51.3,442100,458200,0.576698,-0.425405,0.00120093,0.00116562,11.922865,12.296603,2023-08-01
307,2023-07-25 14:21:00,19700.0,19685.65,13654850,8830850,68.75,74.1,870500,508550,0.515926,-0.484334,0.00121839,0.00118393,11.964433,12.312958,2023-08-01
5570,2023-07-25 14:21:00,19750.0,19685.65,6725950,2525050,48.2,103.5,400350,203450,0.45606,-0.54249,0.00119113,0.00115744,12.173681,12.532984,2023-08-01
10828,2023-07-25 14:21:00,19800.0,19685.65,14226700,4381400,33.05,138.25,519400,167500,0.399823,-0.597018,0.00113496,0.00110304,12.446795,12.833156,2023-08-01
16085,2023-07-25 14:21:00,19850.0,19685.65,6868650,1349650,22.0,177.8,208950,17850,0.347746,-0.645392,0.00106417,0.0010233,12.698336,13.299248,2023-08-01
21339,2023-07-25 14:21:00,19900.0,19685.65,9949050,2375950,14.65,221.0,236750,22150,0.301936,-0.685926,0.00097657,0.00092984,13.057721,13.953293,2023-08-01
26592,2023-07-25 14:21:00,19950.0,19685.65,4632700,545400,10.0,266.25,144400,1250,0.263585,-0.720385,0.00088116,0.00084016,13.556427,14.642317,2023-08-01
23968,2023-07-25 14:22:00,19450.0,19690.1,232700,3202850,257.4,8.35,8550,361550,0.790879,-0.224255,0.00086487,0.00084191,12.153731,13.00025,2023-08-01
18715,2023-07-25 14:22:00,19500.0,19690.1,2261850,8153900,211.75,13.3,64000,380850,0.749453,-0.264269,0.00098006,0.00094224,11.868947,12.692123,2023-08-01
13458,2023-07-25 14:22:00,19550.0,19690.1,646400,3644300,169.15,21.0,46450,205000,0.699527,-0.310642,0.00108383,0.0010369,11.73771,12.451209,2023-08-01
8201,2023-07-25 14:22:00,19600.0,19690.1,3105650,6886950,130.9,32.85,325950,533800,0.64296,-0.363503,0.00116204,0.0011115,11.737548,12.347373,2023-08-01
2940,2023-07-25 14:22:00,19650.0,19690.1,3549450,5171800,97.9,49.65,497050,592500,0.582771,-0.420332,0.0012088,0.00116074,11.806162,12.315008,2023-08-01
308,2023-07-25 14:22:00,19700.0,19690.1,13654850,8830850,70.4,72.15,998600,569400,0.521462,-0.479125,0.00122712,0.00117834,11.869521,12.361871,2023-08-01
5571,2023-07-25 14:22:00,19750.0,19690.1,6725950,2525050,49.4,101.25,399650,147500,0.461015,-0.537058,0.00120155,0.00115138,12.081674,12.613885,2023-08-01
10829,2023-07-25 14:22:00,19800.0,19690.1,14226700,4381400,33.85,135.75,621250,181800,0.404092,-0.591193,0.00114677,0.00109638,12.350221,12.955046,2023-08-01
16086,2023-07-25 14:22:00,19850.0,19690.1,6868650,1349650,22.75,174.9,202300,21500,0.351986,-0.639498,0.0010723,0.00101931,12.655516,13.426098,2023-08-01
21340,2023-07-25 14:22:00,19900.0,19690.1,9949050,2375950,15.0,217.3,251550,31500,0.305009,-0.681745,0.00098762,0.00093469,12.967883,13.956756,2023-08-01
26593,2023-07-25 14:22:00,19950.0,19690.1,4632700,545400,10.1,261.9,154450,500,0.265394,-0.718698,0.00089298,0.00085108,13.421243,14.494012,2023-08-01
23969,2023-07-25 14:23:00,19450.0,19690.45,232700,3202850,254.65,8.4,3100,298050,0.825301,-0.224559,0.00089668,0.00084027,10.499818,13.035949,2023-08-01
18716,2023-07-25 14:23:00,19500.0,19690.45,2261850,8153900,210.3,13.4,55650,498600,0.760885,-0.264679,0.00100702,0.0009395,11.264744,12.739598,2023-08-01
13459,2023-07-25 14:23:00,19550.0,19690.45,646400,3644300,167.55,21.15,42950,181250,0.707368,-0.311015,0.00111625,0.00103292,11.259906,12.506191,2023-08-01
8202,2023-07-25 14:23:00,19600.0,19690.45,3105650,6886950,129.65,33.15,281800,618750,0.64684,-0.36393,0.00118829,0.00110467,11.434237,12.428951,2023-08-01
2941,2023-07-25 14:23:00,19650.0,19690.45,3549450,5171800,97.05,50.05,371600,475050,0.584414,-0.420488,0.00122724,0.00115183,11.61881,12.4117,2023-08-01
309,2023-07-25 14:23:00,19700.0,19690.45,13654850,8830850,69.7,72.65,964850,646500,0.522081,-0.478849,0.00124241,0.00116735,11.722799,12.478134,2023-08-01
5572,2023-07-25 14:23:00,19750.0,19690.45,6725950,2525050,48.65,102.05,423200,155450,0.460847,-0.53605,0.00121707,0.00113556,11.927451,12.793028,2023-08-01
10830,2023-07-25 14:23:00,19800.0,19690.45,14226700,4381400,33.4,136.7,372100,172400,0.403614,-0.589121,0.00115642,0.00107843,12.243809,13.187149,2023-08-01
16087,2023-07-25 14:23:00,19850.0,19690.45,6868650,1349650,22.4,176.1,280500,18900,0.351221,-0.635791,0.00107973,0.00099846,12.559006,13.7546,2023-08-01
21341,2023-07-25 14:23:00,19900.0,19690.45,9949050,2375950,14.85,218.9,227800,43050,0.304538,-0.675336,0.00099128,0.0009099,12.911553,14.456894,2023-08-01
26594,2023-07-25 14:23:00,19950.0,19690.45,4632700,545400,10.05,261.85,110800,1700,0.265224,-0.717228,0.0008947,0.00084825,13.391461,14.579384,2023-08-01
23970,2023-07-25 14:24:00,19450.0,19686.3,231200,3121950,251.05,8.8,6650,263600,0.816962,-0.228124,0.00090581,0.00084773,10.706418,13.040192,2023-08-01
18717,2023-07-25 14:24:00,19500.0,19686.3,2237750,8014850,206.75,13.95,44250,308300,0.75578,-0.268434,0.00101453,0.00094719,11.313252,12.729855,2023-08-01
13460,2023-07-25 14:24:00,19550.0,19686.3,630900,3681100,164.95,21.95,32400,144600,0.699553,-0.315154,0.00111011,0.00104006,11.462713,12.494452,2023-08-01
8203,2023-07-25 14:24:00,19600.0,19686.3,3022250,6985850,127.0,34.3,231900,335550,0.641064,-0.368425,0.00118773,0.00111038,11.508236,12.418903,2023-08-01
2942,2023-07-25 14:24:00,19650.0,19686.3,3322800,5109050,94.5,51.65,275750,296450,0.579296,-0.42526,0.00123058,0.00115511,11.621768,12.409045,2023-08-01
310,2023-07-25 14:24:00,19700.0,19686.3,13542200,9034800,67.6,74.85,701600,491750,0.516921,-0.483716,0.0012437,0.00116613,11.721136,12.501613,2023-08-01
5573,2023-07-25 14:24:00,19750.0,19686.3,6714750,2516900,47.25,104.3,283650,137100,0.455963,-0.540927,0.00121175,0.00113836,11.967587,12.749705,2023-08-01
10831,2023-07-25 14:24:00,19800.0,19686.3,14236300,4448200,32.6,139.1,468850,167250,0.399527,-0.594301,0.00114589,0.00108301,12.327099,13.094211,2023-08-01
16088,2023-07-25 14:24:00,19850.0,19686.3,6817900,1356950,21.7,178.9,199050,28400,0.347262,-0.640824,0.00107185,0.00100024,12.602369,13.668692,2023-08-01
21342,2023-07-25 14:24:00,19900.0,19686.3,9909900,2397450,14.4,222.0,269100,37750,0.301173,-0.680118,0.00098269,0.00090978,12.963051,14.373812,2023-08-01
26595,2023-07-25 14:24:00,19950.0,19686.3,4682950,545600,9.75,267.5,166250,1300,0.262357,-0.711918,0.00088647,0.00081917,13.444623,15.23515,2023-08-01
23971,2023-07-25 14:25:00,19450.0,19691.25,231200,3121950,256.45,8.5,3450,373650,0.812087,-0.225141,0.00088476,0.00083673,11.139097,13.111085,2023-08-01
18718,2023-07-25 14:25:00,19500.0,19691.25,2237750,8014850,211.2,13.5,41100,299400,0.7603,-0.264989,0.00100185,0.00093508,11.338619,12.808246,2023-08-01
13461,2023-07-25 14:25:00,19550.0,19691.25,630900,3681100,168.9,21.15,41700,143550,0.705315,-0.310754,0.00110185,0.00102907,11.444684,12.549099,2023-08-01
8204,2023-07-25 14:25:00,19600.0,19691.25,3022250,6985850,130.7,33.1,197850,441250,0.64662,-0.363437,0.00117826,0.00110073,11.534821,12.468552,2023-08-01
2943,2023-07-25 14:25:00,19650.0,19691.25,3322800,5109050,97.4,50.0,356950,321600,0.585541,-0.419855,0.00122881,0.00114693,11.597417,12.461372,2023-08-01
311,2023-07-25 14:25:00,19700.0,19691.25,13542200,9034800,70.15,72.7,825250,557400,0.523053,-0.478015,0.00124101,0.00115991,11.735092,12.557464,2023-08-01
5574,2023-07-25 14:25:00,19750.0,19691.25,6714750,2516900,49.0,101.8,240250,121400,0.461851,-0.535008,0.00121635,0.00113203,11.938133,12.836715,2023-08-01
10832,2023-07-25 14:25:00,19800.0,19691.25,14236300,4448200,33.75,136.05,541550,195350,0.404744,-0.588382,0.00115478,0.0010802,12.270674,13.171892,2023-08-01
16089,2023-07-25 14:25:00,19850.0,19691.25,6817900,1356950,22.5,175.05,136250,23350,0.351924,-0.635946,0.0010816,0.0010052,12.547047,13.661252,2023-08-01
21343,2023-07-25 14:25:00,19900.0,19691.25,9909900,2397450,14.8,218.1,318300,28250,0.304666,-0.675028,0.00099497,0.00091244,12.866782,14.423045,2023-08-01
26596,2023-07-25 14:25:00,19950.0,19691.25,4682950,545600,10.0,261.1,105100,950,0.265202,-0.716766,0.00089774,0.00084978,13.34637,14.56538,2023-08-01
23972,2023-07-25 14:26:00,19450.0,19689.0,231200,3121950,255.0,8.85,3050,171500,0.802749,-0.227966,0.00088323,0.00083916,11.496012,13.167638,2023-08-01
18719,2023-07-25 14:26:00,19500.0,19689.0,2237750,8014850,209.1,14.05,32200,227450,0.758677,-0.268198,0.00100867,0.00093569,11.305305,12.880086,2023-08-01
13462,2023-07-25 14:26:00,19550.0,19689.0,630900,3681100,167.15,21.7,27600,123000,0.702446,-0.313375,0.00110452,0.00103108,11.469722,12.572254,2023-08-01
8205,2023-07-25 14:26:00,19600.0,19689.0,3022250,6985850,129.0,34.0,149300,332050,0.644095,-0.366415,0.00118257,0.0010994,11.523795,12.519837,2023-08-01
2944,2023-07-25 14:26:00,19650.0,19689.0,3322800,5109050,96.6,51.1,211750,277200,0.58208,-0.42267,0.00121998,0.00114492,11.705294,12.503181,2023-08-01
312,2023-07-25 14:26:00,19700.0,19689.0,13542200,9034800,69.15,74.0,678950,470050,0.520228,-0.480661,0.00123902,0.00115744,11.760361,12.59072,2023-08-01
5575,2023-07-25 14:26:00,19750.0,19689.0,6714750,2516900,48.15,102.95,213000,109650,0.459142,-0.537675,0.0012149,0.00113446,11.946308,12.803384,2023-08-01
10833,2023-07-25 14:26:00,19800.0,19689.0,14236300,4448200,33.25,137.7,371850,170100,0.402426,-0.590675,0.00115005,0.00107733,12.305086,13.191452,2023-08-01
16090,2023-07-25 14:26:00,19850.0,19689.0,6817900,1356950,22.1,177.15,118100,18900,0.349732,-0.637353,0.00107754,0.00099786,12.567865,13.745993,2023-08-01
21344,2023-07-25 14:26:00,19900.0,19689.0,9909900,2397450,14.6,219.75,141850,21150,0.303033,-0.677701,0.00098949,0.00091272,12.909173,14.37202,2023-08-01
26597,2023-07-25 14:26:00,19950.0,19689.0,4682950,545600,9.85,264.4,68500,350,0.26373,-0.71282,0.00089301,0.00083084,13.381388,14.998306,2023-08-01
23973,2023-07-25 14:27:00,19450.0,19677.9,230700,2988900,247.45,9.3,4000,254400,0.771003,-0.233203,0.00087492,0.00086699,12.669373,12.915703,2023-08-01
18720,2023-07-25 14:27:00,19500.0,19677.9,2220450,7960200,203.9,14.8,37950,266300,0.724003,-0.27475,0.00096307,0.00096715,12.701271,12.619617,2023-08-01
13463,2023-07-25 14:27:00,19550.0,19677.9,625200,3697200,161.85,23.0,37900,196950,0.678223,-0.321758,0.00106413,0.00106423,12.326343,12.324874,2023-08-01
8206,2023-07-25 14:27:00,19600.0,19677.9,2965350,7035450,124.55,35.7,202700,447700,0.624229,-0.37581,0.00113822,0.00113787,12.199187,12.203351,2023-08-01
2945,2023-07-25 14:27:00,19650.0,19677.9,3266550,5210100,92.15,53.55,310950,531550,0.566486,-0.433769,0.00118969,0.0011847,12.100457,12.152734,2023-08-01
313,2023-07-25 14:27:00,19700.0,19677.9,13503550,9143450,65.7,76.95,769000,719650,0.506463,-0.493536,0.00120637,0.00120336,12.10004,12.130318,2023-08-01
5576,2023-07-25 14:27:00,19750.0,19677.9,6726600,2592500,45.65,107.1,379350,189750,0.447198,-0.552451,0.00118087,0.00117402,12.254482,12.327436,2023-08-01
10834,2023-07-25 14:27:00,19800.0,19677.9,14233500,4433250,31.4,142.55,435900,196200,0.392103,-0.607657,0.00111874,0.00111652,12.569306,12.596405,2023-08-01
16091,2023-07-25 14:27:00,19850.0,19677.9,6758050,1361100,20.85,183.0,203550,25400,0.340919,-0.655714,0.00104735,0.00102874,12.815588,13.095944,2023-08-01
21345,2023-07-25 14:27:00,19900.0,19677.9,9927200,2380000,13.8,226.0,343350,50250,0.295719,-0.698991,0.00096111,0.00094229,13.151928,13.523388,2023-08-01
26598,2023-07-25 14:27:00,19950.0,19677.9,4695700,545100,9.45,271.55,126800,1350,0.258426,-0.734778,0.000866,0.00085016,13.663627,14.10478,2023-08-01
23974,2023-07-25 14:28:00,19450.0,19683.4,230700,2988900,251.35,9.15,2950,279200,0.783854,-0.231116,0.00087746,0.00085204,12.220542,13.073711,2023-08-01
18721,2023-07-25 14:28:00,19500.0,19683.4,2220450,7960200,204.75,14.6,19050,257650,0.749196,-0.2723,0.00101159,0.00094877,11.512507,12.804265,2023-08-01
13464,2023-07-25 14:28:00,19550.0,19683.4,625200,3697200,163.3,22.7,33800,238700,0.69364,-0.318663,0.0011028,0.00104204,11.643583,12.533636,2023-08-01
8207,2023-07-25 14:28:00,19600.0,19683.4,2965350,7035450,125.5,35.3,155300,420850,0.636276,-0.371957,0.00118076,0.00111118,11.632835,12.45281,2023-08-01
2946,2023-07-25 14:28:00,19650.0,19683.4,3266550,5210100,93.2,52.9,227250,458050,0.575194,-0.428732,0.00122396,0.0011552,11.712534,12.432674,2023-08-01
314,2023-07-25 14:28:00,19700.0,19683.4,13503550,9143450,66.8,76.1,584400,591850,0.513237,-0.487094,0.00123236,0.00116973,11.837199,12.47127,2023-08-01
5577,2023-07-25 14:28:00,19750.0,19683.4,6726600,2592500,46.3,106.0,320900,130150,0.452595,-0.544272,0.00120725,0.00113826,12.004607,12.743809,2023-08-01
10835,2023-07-25 14:28:00,19800.0,19683.4,14233500,4433250,31.9,141.05,356150,156500,0.39648,-0.597553,0.00114071,0.00108205,12.361989,13.083561,2023-08-01
16092,2023-07-25 14:28:00,19850.0,19683.4,6758050,1361100,21.15,181.5,188700,15050,0.344368,-0.642849,0.00106715,0.00099232,12.62284,13.75527,2023-08-01
21346,2023-07-25 14:28:00,19900.0,19683.4,9927200,2380000,14.0,224.25,217800,23950,0.298512,-0.683235,0.0009779,0.00090861,12.978783,14.338052,2023-08-01
26599,2023-07-25 14:28:00,19950.0,19683.4,4695700,545100,9.55,270.35,167950,1000,0.260487,-0.712877,0.00088046,0.00081219,13.491392,15.347221,2023-08-01
23975,2023-07-25 14:29:00,19450.0,19684.1,230700,2988900,253.8,9.05,600,146200,0.771168,-0.230349,0.00085385,0.0008511,12.973857,13.064022,2023-08-01
18722,2023-07-25 14:29:00,19500.0,19684.1,2220450,7960200,206.6,14.45,24800,159150,0.742728,-0.271453,0.00099026,0.00094816,11.918831,12.792778,2023-08-01
13465,2023-07-25 14:29:00,19550.0,19684.1,625200,3697200,165.0,22.4,14000,174300,0.690366,-0.317499,0.00108203,0.0010432,11.922795,12.500575,2023-08-01
8208,2023-07-25 14:29:00,19600.0,19684.1,2965350,7035450,127.0,34.75,101100,263800,0.634967,-0.370564,0.00116207,0.00111562,11.834371,12.388345,2023-08-01
2947,2023-07-25 14:29:00,19650.0,19684.1,3266550,5210100,94.75,52.1,148400,304450,0.574892,-0.427456,0.00120349,0.00116289,11.913596,12.343332,2023-08-01
315,2023-07-25 14:29:00,19700.0,19684.1,13503550,9143450,67.55,75.15,418150,356750,0.514051,-0.486223,0.00122487,0.00117905,11.90885,12.372027,2023-08-01
5578,2023-07-25 14:29:00,19750.0,19684.1,6726600,2592500,46.95,104.9,189750,111800,0.453745,-0.543947,0.00120059,0.00114894,12.075459,12.626585,2023-08-01
10836,2023-07-25 14:29:00,19800.0,19684.1,14233500,4433250,32.15,139.5,255500,76700,0.39738,-0.598436,0.00114026,0.00109881,12.374578,12.876966,2023-08-01
16093,2023-07-25 14:29:00,19850.0,19684.1,6758050,1361100,21.35,179.75,86650,10350,0.345299,-0.64506,0.00106689,0.00101025,12.638806,13.481863,2023-08-01
21347,2023-07-25 14:29:00,19900.0,19684.1,9927200,2380000,14.15,222.35,131300,11650,0.299434,-0.687113,0.000978,0.000927,12.995855,13.979905,2023-08-01
26600,2023-07-25 14:29:00,19950.0,19684.1,4695700,545100,9.55,265.85,53250,1900,0.260697,-0.730426,0.00088246,0.00086077,13.466617,14.042833,2023-08-01
23976,2023-07-25 14:30:00,19450.0,19684.15,229550,2982400,248.5,9.3,1250,156100,0.821591,-0.231976,0.00091674,0.00084795,10.414401,13.164821,2023-08-01
18723,2023-07-25 14:30:00,19500.0,19684.15,2222000,8019650,205.35,14.75,30100,248300,0.750208,-0.272799,0.00101064,0.00094375,11.499383,12.884849,2023-08-01
13466,2023-07-25 14:30:00,19550.0,19684.15,634800,3718250,162.9,22.8,14950,169200,0.698135,-0.318706,0.00111889,0.00103682,11.401496,12.598255,2023-08-01
8209,2023-07-25 14:30:00,19600.0,19684.15,2957650,7144100,125.85,35.45,106650,266950,0.637511,-0.371842,0.00118269,0.0011043,11.601187,12.529908,2023-08-01
2948,2023-07-25 14:30:00,19650.0,19684.15,3236700,5201600,93.3,53.05,148850,236150,0.576453,-0.428293,0.00122932,0.00114738,11.654998,12.515635,2023-08-01
316,2023-07-25 14:30:00,19700.0,19684.15,13371350,9280150,66.65,76.35,373900,368700,0.51421,-0.486282,0.00124108,0.00115938,11.753726,12.582503,2023-08-01
5579,2023-07-25 14:30:00,19750.0,19684.15,6752600,2601600,46.1,105.95,194150,95000,0.453126,-0.54313,0.0012158,0.00113191,11.922738,12.820086,2023-08-01
10837,2023-07-25 14:30:00,19800.0,19684.15,14113650,4382500,31.6,140.9,241900,104250,0.396464,-0.596154,0.00114991,0.00107667,12.26378,13.161436,2023-08-01
16094,2023-07-25 14:30:00,19850.0,19684.15,6758800,1358150,20.85,181.0,123900,10650,0.343876,-0.641896,0.00107551,0.00099173,12.518775,13.777129,2023-08-01
21348,2023-07-25 14:30:00,19900.0,19684.15,9898100,2379700,13.85,224.15,93900,13000,0.29816,-0.680822,0.00098294,0.00090252,12.906163,14.481873,2023-08-01
26601,2023-07-25 14:30:00,19950.0,19684.15,4661250,544900,9.35,270.0,71350,650,0.25951,-0.711031,0.00088544,0.00080953,13.390341,15.445234,2023-08-01
23977,2023-07-25 14:31:00,19450.0,19678.0,229550,2982400,247.6,9.5,2850,96450,0.77048,-0.234554,0.00087363,0.00086406,12.706675,13.003588,2023-08-01
18724,2023-07-25 14:31:00,19500.0,19678.0,2222000,8019650,203.45,15.05,18500,195200,0.726304,-0.27591,0.00097013,0.00096292,12.559414,12.703805,2023-08-01
13467,2023-07-25 14:31:00,19550.0,19678.0,634800,3718250,162.35,23.25,19550,118100,0.676966,-0.322533,0.00105682,0.00105948,12.434045,12.394866,2023-08-01
8210,2023-07-25 14:31:00,19600.0,19678.0,2957650,7144100,124.55,35.85,147150,316700,0.624383,-0.376078,0.00113858,0.00113441,12.196108,12.245664,2023-08-01
2949,2023-07-25 14:31:00,19650.0,19678.0,3236700,5201600,92.3,53.75,188200,350250,0.566479,-0.433889,0.00118741,0.0011802,12.126137,12.202032,2023-08-01
317,2023-07-25 14:31:00,19700.0,19678.0,13371350,9280150,65.7,77.2,445900,411200,0.506572,-0.493427,0.00120647,0.00119781,12.101341,12.1888,2023-08-01
5580,2023-07-25 14:31:00,19750.0,19678.0,6752600,2601600,45.65,107.1,236950,136350,0.447306,-0.552271,0.00118088,0.00117261,12.257155,12.34544,2023-08-01
10838,2023-07-25 14:31:00,19800.0,19678.0,14113650,4382500,31.1,142.15,274800,121800,0.39167,-0.608114,0.00112373,0.00112174,12.512087,12.536187,2023-08-01
16095,2023-07-25 14:31:00,19850.0,19678.0,6758800,1358150,20.65,182.95,132300,17000,0.340441,-0.655498,0.00105061,0.00102815,12.771441,13.109049,2023-08-01
21349,2023-07-25 14:31:00,19900.0,19678.0,9898100,2379700,13.7,226.25,157100,24000,0.2954,-0.697506,0.00096267,0.00093735,13.12672,13.627342,2023-08-01
26602,2023-07-25 14:31:00,19950.0,19678.0,4661250,544900,9.25,271.15,83950,150,0.257321,-0.736417,0.00086882,0.00085435,13.591651,13.994051,2023-08-01
23978,2023-07-25 14:32:00,19450.0,19688.2,229550,2982400,255.15,9.0,3250,151350,0.793029,-0.229269,0.00087422,0.00083952,11.957743,13.208753,2023-08-01
18725,2023-07-25 14:32:00,19500.0,19688.2,2222000,8019650,210.25,14.15,31000,307500,0.746194,-0.269019,0.00098036,0.00093689,11.953434,12.88766,2023-08-01
13468,2023-07-25 14:32:00,19550.0,19688.2,634800,3718250,167.9,21.8,36100,191300,0.696066,-0.314114,0.00108097,0.00103279,11.836351,12.56832,2023-08-01
8211,2023-07-25 14:32:00,19600.0,19688.2,2957650,7144100,129.75,33.5,216250,381300,0.640028,-0.365968,0.00115919,0.00111119,11.806941,12.386152,2023-08-01
2950,2023-07-25 14:32:00,19650.0,19688.2,3236700,5201600,96.55,50.35,265500,444950,0.580529,-0.422597,0.00121177,0.00116169,11.798144,12.326333,2023-08-01
318,2023-07-25 14:32:00,19700.0,19688.2,13371350,9280150,69.1,72.75,650750,647300,0.519143,-0.481348,0.00123189,0.00118329,11.833988,12.320815,2023-08-01
5581,2023-07-25 14:32:00,19750.0,19688.2,6752600,2601600,48.05,102.2,275750,162050,0.458344,-0.539359,0.00120986,0.00115301,11.997516,12.596563,2023-08-01
10839,2023-07-25 14:32:00,19800.0,19688.2,14113650,4382500,32.85,136.5,309050,142000,0.401299,-0.594081,0.00115139,0.00110323,12.285984,12.859723,2023-08-01
16096,2023-07-25 14:32:00,19850.0,19688.2,6758800,1358150,21.8,176.0,229900,20150,0.348606,-0.642245,0.0010781,0.00102233,12.550817,13.358783,2023-08-01
21350,2023-07-25 14:32:00,19900.0,19688.2,9898100,2379700,14.45,218.55,172800,20450,0.302245,-0.68458,0.00098829,0.00093671,12.914162,13.882097,2023-08-01
26603,2023-07-25 14:32:00,19950.0,19688.2,4661250,544900,9.8,263.25,158500,1950,0.263372,-0.721731,0.00089088,0.00085253,13.408551,14.401945,2023-08-01
23979,2023-07-25 14:33:00,19450.0,19695.55,227800,2969350,259.8,8.75,3600,284650,0.824529,-0.226197,0.00087916,0.00082145,10.741503,13.392737,2023-08-01
18726,2023-07-25 14:33:00,19500.0,19695.55,2230050,8080300,212.8,13.75,74400,346200,0.781965,-0.26521,0.00102748,0.00091589,10.48497,13.084402,2023-08-01
13469,2023-07-25 14:33:00,19550.0,19695.55,626150,3705750,170.6,21.3,76050,216400,0.717937,-0.309804,0.00112585,0.00100691,10.973822,12.810411,2023-08-01
8212,2023-07-25 14:33:00,19600.0,19695.55,2933300,7171700,132.35,32.95,339900,472900,0.655304,-0.361022,0.00119823,0.00107851,11.241744,12.698804,2023-08-01
2951,2023-07-25 14:33:00,19650.0,19695.55,3201400,5249800,98.95,49.45,644300,662250,0.592187,-0.416197,0.00124441,0.00112595,11.410231,12.671207,2023-08-01
319,2023-07-25 14:33:00,19700.0,19695.55,13260600,9367500,71.0,71.55,1401900,925950,0.528773,-0.473321,0.00126285,0.0011432,11.523376,12.734078,2023-08-01
5582,2023-07-25 14:33:00,19750.0,19695.55,6728850,2594950,49.45,100.4,427500,188500,0.466358,-0.52956,0.00123901,0.0011148,11.733908,13.051848,2023-08-01
10840,2023-07-25 14:33:00,19800.0,19695.55,14057900,4364850,33.95,134.2,484500,234700,0.408124,-0.582289,0.00117596,0.00106594,12.076594,13.39546,2023-08-01
16097,2023-07-25 14:33:00,19850.0,19695.55,6738750,1361750,22.45,173.25,227600,26750,0.354087,-0.62848,0.00110248,0.00098794,12.338719,13.995684,2023-08-01
21351,2023-07-25 14:33:00,19900.0,19695.55,9904400,2384750,14.9,216.2,312300,37600,0.30685,-0.666402,0.00100937,0.00089605,12.725621,14.844945,2023-08-01
26604,2023-07-25 14:33:00,19950.0,19695.55,4593300,545500,10.05,260.75,160250,2800,0.266891,-0.699685,0.00090978,0.00081471,13.214499,15.61542,2023-08-01
23980,2023-07-25 14:34:00,19450.0,19696.85,227800,2969350,259.5,8.45,6050,190050,0.853452,-0.223952,0.0008782,0.00082114,9.559641,13.322065,2023-08-01
18727,2023-07-25 14:34:00,19500.0,19696.85,2230050,8080300,216.0,13.25,80500,263950,0.766806,-0.262522,0.00099084,0.00091792,11.29408,12.987599,2023-08-01
13470,2023-07-25 14:34:00,19550.0,19696.85,626150,3705750,171.4,20.55,47150,134000,0.720752,-0.306919,0.0011283,0.00101206,10.896789,12.692863,2023-08-01
8213,2023-07-25 14:34:00,19600.0,19696.85,2933300,7171700,134.7,31.8,260350,400900,0.653228,-0.358021,0.00117035,0.00108881,11.535093,12.542111,2023-08-01
2952,2023-07-25 14:34:00,19650.0,19696.85,3201400,5249800,100.75,48.0,403300,417150,0.592481,-0.413685,0.001225,0.00113965,11.58879,12.501384,2023-08-01
320,2023-07-25 14:34:00,19700.0,19696.85,13260600,9367500,72.65,69.7,999350,765600,0.530067,-0.471488,0.00124432,0.00116166,11.692021,12.527567,2023-08-01
5583,2023-07-25 14:34:00,19750.0,19696.85,6728850,2594950,50.7,97.8,334000,152650,0.468383,-0.528996,0.001226,0.00114279,11.863114,12.733259,2023-08-01
10841,2023-07-25 14:34:00,19800.0,19696.85,14057900,4364850,34.75,131.55,522200,185050,0.410282,-0.583131,0.00116959,0.00109268,12.157645,13.061616,2023-08-01
16098,2023-07-25 14:34:00,19850.0,19696.85,6738750,1361750,23.0,172.2,244900,25950,0.356249,-0.627329,0.00109919,0.00098986,12.402116,13.982254,2023-08-01
21352,2023-07-25 14:34:00,19900.0,19696.85,9904400,2384750,15.15,213.0,245450,28750,0.308387,-0.671368,0.00101027,0.0009243,12.74207,14.305209,2023-08-01
26605,2023-07-25 14:34:00,19950.0,19696.85,4593300,545500,10.15,256.35,195300,2950,0.267863,-0.711392,0.0009123,0.00085449,13.201974,14.617302,2023-08-01
23981,2023-07-25 14:35:00,19450.0,19697.75,227800,2969350,260.95,8.15,1000,149950,0.841902,-0.221726,0.00087697,0.00082194,10.06761,13.233714,2023-08-01
18728,2023-07-25 14:35:00,19500.0,19697.75,2230050,8080300,217.95,12.9,76250,290700,0.75972,-0.260606,0.00097081,0.00091939,11.71852,12.918229,2023-08-01
13471,2023-07-25 14:35:00,19550.0,19697.75,626150,3705750,174.5,19.95,33600,176250,0.710997,-0.304607,0.00108325,0.00101689,11.537962,12.590429,2023-08-01
8214,2023-07-25 14:35:00,19600.0,19697.75,2933300,7171700,135.65,31.1,189650,398500,0.653533,-0.356099,0.00116372,0.00109461,11.597151,12.452259,2023-08-01
2953,2023-07-25 14:35:00,19650.0,19697.75,3201400,5249800,101.6,47.3,282000,362400,0.593197,-0.412255,0.00121893,0.00114454,11.641506,12.43799,2023-08-01
321,2023-07-25 14:35:00,19700.0,19697.75,13260600,9367500,73.45,68.65,844600,580700,0.531062,-0.470256,0.00123786,0.00117108,11.750817,12.424035,2023-08-01
5584,2023-07-25 14:35:00,19750.0,19697.75,6728850,2594950,51.1,96.75,319500,150950,0.469507,-0.528219,0.00122544,0.00115103,11.871213,12.643954,2023-08-01
10842,2023-07-25 14:35:00,19800.0,19697.75,14057900,4364850,35.05,130.45,420300,106250,0.411381,-0.582772,0.00116967,0.00110055,12.164636,12.970722,2023-08-01
16099,2023-07-25 14:35:00,19850.0,19697.75,6738750,1361750,23.25,169.1,198300,10800,0.35739,-0.631455,0.00109919,0.00102457,12.416044,13.45992,2023-08-01
21353,2023-07-25 14:35:00,19900.0,19697.75,9904400,2384750,15.3,211.15,231100,22150,0.309358,-0.673932,0.00101126,0.00094011,12.747163,14.020159,2023-08-01
26606,2023-07-25 14:35:00,19950.0,19697.75,4593300,545500,10.2,257.9,214450,1100,0.268432,-0.701397,0.00091432,0.00082766,13.186852,15.33106,2023-08-01
23982,2023-07-25 14:36:00,19450.0,19693.35,225000,2947250,257.5,8.55,4500,210800,0.825403,-0.225361,0.00088698,0.00082976,10.615937,13.234309,2023-08-01
18729,2023-07-25 14:36:00,19500.0,19693.35,2189400,8028400,212.0,13.55,74650,287600,0.769611,-0.264927,0.00101319,0.00092617,10.973777,12.935452,2023-08-01
13472,2023-07-25 14:36:00,19550.0,19693.35,607950,3662700,169.75,21.0,89000,241250,0.710914,-0.309712,0.00111186,0.00102088,11.245628,12.636781,2023-08-01
8215,2023-07-25 14:36:00,19600.0,19693.35,2810600,7199300,131.65,32.8,252800,559150,0.650237,-0.361906,0.00118393,0.00109254,11.441991,12.549443,2023-08-01
2954,2023-07-25 14:36:00,19650.0,19693.35,3108300,5179450,98.05,49.45,456150,436750,0.588775,-0.417832,0.00123695,0.00114016,11.505082,12.527543,2023-08-01
322,2023-07-25 14:36:00,19700.0,19693.35,12828350,9203350,70.65,71.7,1305150,858550,0.525753,-0.475637,0.00124865,0.00115768,11.66352,12.582801,2023-08-01
5585,2023-07-25 14:36:00,19750.0,19693.35,6650000,2547950,49.05,100.6,549000,216700,0.463948,-0.532594,0.0012291,0.00113059,11.825288,12.865242,2023-08-01
10843,2023-07-25 14:36:00,19800.0,19693.35,13844550,4365400,33.55,134.8,525100,247300,0.405987,-0.585796,0.00116917,0.00107761,12.134222,13.228598,2023-08-01
16100,2023-07-25 14:36:00,19850.0,19693.35,6728900,1375050,22.35,174.0,239100,36250,0.352751,-0.632549,0.00109295,0.0009985,12.432685,13.80168,2023-08-01
21354,2023-07-25 14:36:00,19900.0,19693.35,9856800,2391950,14.8,216.35,287200,41100,0.305683,-0.673099,0.00100203,0.00091436,12.800552,14.433905,2023-08-01
26607,2023-07-25 14:36:00,19950.0,19693.35,4598700,546750,9.95,260.25,134350,3700,0.265769,-0.710687,0.00090416,0.00083983,13.271735,14.893749,2023-08-01
23983,2023-07-25 14:37:00,19450.0,19693.55,225000,2947250,258.0,8.25,2150,472000,0.821107,-0.223283,0.00088386,0.00083257,10.818755,13.121022,2023-08-01
18730,2023-07-25 14:37:00,19500.0,19693.55,2189400,8028400,213.2,13.25,32150,259400,0.762309,-0.263463,0.00099593,0.00092948,11.359004,12.85368,2023-08-01
13473,2023-07-25 14:37:00,19550.0,19693.55,607950,3662700,170.65,20.65,36800,148650,0.707965,-0.308517,0.00109804,0.00102514,11.441867,12.563558,2023-08-01
8216,2023-07-25 14:37:00,19600.0,19693.55,2810600,7199300,131.85,32.4,145850,320900,0.650315,-0.361007,0.00118248,0.00109751,11.455521,12.482427,2023-08-01
2955,2023-07-25 14:37:00,19650.0,19693.55,3108300,5179450,98.7,49.05,237950,342200,0.588347,-0.41727,0.001227,0.00114497,11.601679,12.47172,2023-08-01
323,2023-07-25 14:37:00,19700.0,19693.55,12828350,9203350,70.95,71.3,642950,560350,0.525941,-0.475337,0.00124482,0.00116226,11.699516,12.533103,2023-08-01
5586,2023-07-25 14:37:00,19750.0,19693.55,6650000,2547950,49.4,100.05,495600,136250,0.464367,-0.532599,0.0012241,0.00113716,11.875149,12.79147,2023-08-01
10844,2023-07-25 14:37:00,19800.0,19693.55,13844550,4365400,33.8,134.2,551900,122850,0.406533,-0.586193,0.0011658,0.00108454,12.173782,13.141628,2023-08-01
16101,2023-07-25 14:37:00,19850.0,19693.55,6728900,1375050,22.55,173.5,193700,27350,0.353415,-0.633089,0.00109033,0.00100347,12.471401,13.727134,2023-08-01
21355,2023-07-25 14:37:00,19900.0,19693.55,9856800,2391950,14.85,215.65,163500,22550,0.305987,-0.674545,0.00100189,0.0009215,12.808556,14.296768,2023-08-01
26608,2023-07-25 14:37:00,19950.0,19693.55,4598700,546750,10.0,259.75,203150,1800,0.266144,-0.711883,0.00090396,0.00084399,13.284715,14.792039,2023-08-01
23984,2023-07-25 14:38:00,19450.0,19690.0,225000,2947250,255.45,8.3,3000,298200,0.808065,-0.224348,0.00088542,0.0008422,11.284628,13.009125,2023-08-01
18731,2023-07-25 14:38:00,19500.0,19690.0,2189400,8028400,209.45,13.45,41250,170400,0.762792,-0.265399,0.00101384,0.00093959,11.148447,12.765785,2023-08-01
13474,2023-07-25 14:38:00,19550.0,19690.0,607950,3662700,166.95,21.1,20450,117600,0.707272,-0.311329,0.00111919,0.00103456,11.240582,12.501345,2023-08-01
8217,2023-07-25 14:38:00,19600.0,19690.0,2810600,7199300,128.9,33.05,135600,214500,0.646936,-0.364204,0.00119421,0.00110733,11.38519,12.411702,2023-08-01
2956,2023-07-25 14:38:00,19650.0,19690.0,3108300,5179450,96.0,50.1,181550,265300,0.584548,-0.421029,0.00123895,0.0011525,11.516976,12.417415,2023-08-01
324,2023-07-25 14:38:00,19700.0,19690.0,12828350,9203350,68.95,72.7,556400,472800,0.521557,-0.479405,0.00124924,0.00116855,11.668411,12.475751,2023-08-01
5587,2023-07-25 14:38:00,19750.0,19690.0,6650000,2547950,47.9,102.0,288300,96900,0.45996,-0.536736,0.00122462,0.00113889,11.860326,12.763376,2023-08-01
10845,2023-07-25 14:38:00,19800.0,19690.0,13844550,4365400,32.55,136.6,379250,98900,0.402077,-0.590105,0.00116641,0.00108303,12.136425,13.133602,2023-08-01
16102,2023-07-25 14:38:00,19850.0,19690.0,6728900,1375050,21.6,174.6,126550,10550,0.349025,-0.640372,0.00108942,0.00102376,12.428393,13.367165,2023-08-01
21356,2023-07-25 14:38:00,19900.0,19690.0,9856800,2391950,14.35,218.75,138850,15900,0.302601,-0.677236,0.00099623,0.00091546,12.82052,14.345303,2023-08-01
26609,2023-07-25 14:38:00,19950.0,19690.0,4598700,546750,9.65,262.0,128400,2600,0.263115,-0.718613,0.00089814,0.00085035,13.296185,14.520006,2023-08-01
23985,2023-07-25 14:39:00,19450.0,19693.35,225250,3256050,258.2,7.9,2400,185850,0.815682,-0.220883,0.00088075,0.00083708,11.063057,12.971515,2023-08-01
18732,2023-07-25 14:39:00,19500.0,19693.35,2168300,8077150,212.8,12.85,28600,200750,0.763557,-0.261606,0.00099976,0.00093559,11.284066,12.724871,2023-08-01
13475,2023-07-25 14:39:00,19550.0,19693.35,582900,3654900,170.3,20.3,33150,129150,0.708446,-0.307471,0.00110146,0.0010312,11.398815,12.472444,2023-08-01
8218,2023-07-25 14:39:00,19600.0,19693.35,2811250,7226100,131.65,31.9,147950,365900,0.650158,-0.360113,0.00118343,0.00110629,11.44954,12.374238,2023-08-01
2957,2023-07-25 14:39:00,19650.0,19693.35,3033350,5162800,98.1,48.55,241450,319350,0.588665,-0.4169,0.00123548,0.00115403,11.521212,12.372642,2023-08-01
325,2023-07-25 14:39:00,19700.0,19693.35,12759700,9205350,70.6,70.75,587250,446550,0.525749,-0.475423,0.001249,0.00117239,11.661936,12.426306,2023-08-01
5588,2023-07-25 14:39:00,19750.0,19693.35,6489900,2553050,49.05,99.4,313150,122500,0.463958,-0.533249,0.00122857,0.00114891,11.832122,12.660229,2023-08-01
10846,2023-07-25 14:39:00,19800.0,19693.35,13940600,4365200,33.5,133.9,403250,117250,0.40594,-0.586992,0.00116959,0.00109086,12.131277,13.061038,2023-08-01
16103,2023-07-25 14:39:00,19850.0,19693.35,6721900,1381750,22.2,172.8,150300,20350,0.35239,-0.635152,0.00109518,0.00101535,12.404693,13.542512,2023-08-01
21357,2023-07-25 14:39:00,19900.0,19693.35,9889550,2399100,14.65,215.85,200750,32200,0.305122,-0.674601,0.00100422,0.00092072,12.764132,14.309334,2023-08-01
26610,2023-07-25 14:39:00,19950.0,19693.35,4580450,548650,9.8,259.45,85800,2500,0.264958,-0.714078,0.0009062,0.00084956,13.223318,14.643568,2023-08-01
23986,2023-07-25 14:40:00,19450.0,19694.2,225250,3256050,257.0,8.05,2800,107450,0.849065,-0.221826,0.0008882,0.00083289,9.644371,13.068627,2023-08-01
18733,2023-07-25 14:40:00,19500.0,19694.2,2168300,8077150,211.7,13.05,17500,158100,0.779014,-0.262391,0.00102842,0.0009297,10.56101,12.825308,2023-08-01
13476,2023-07-25 14:40:00,19550.0,19694.2,582900,3654900,169.1,20.5,17100,70100,0.717898,-0.307844,0.00113498,0.0010242,10.890743,12.564391,2023-08-01
8219,2023-07-25 14:40:00,19600.0,19694.2,2811250,7226100,130.75,32.3,81600,198500,0.655077,-0.360512,0.00121071,0.00109515,11.133274,12.504958,2023-08-01
2958,2023-07-25 14:40:00,19650.0,19694.2,3033350,5162800,97.55,49.0,145700,203000,0.591112,-0.41677,0.00125474,0.00114105,11.328243,12.512587,2023-08-01
326,2023-07-25 14:40:00,19700.0,19694.2,12759700,9205350,70.0,71.45,433850,314100,0.527118,-0.474712,0.00126768,0.00115444,11.487559,12.618219,2023-08-01
5589,2023-07-25 14:40:00,19750.0,19694.2,6489900,2553050,48.7,100.35,171350,51000,0.464576,-0.531497,0.00124125,0.0011265,11.713025,12.916845,2023-08-01
10847,2023-07-25 14:40:00,19800.0,19694.2,13940600,4365200,33.2,134.95,205400,93400,0.406062,-0.58391,0.00118002,0.00106703,12.02501,13.375655,2023-08-01
16104,2023-07-25 14:40:00,19850.0,19694.2,6721900,1381750,22.1,172.75,101450,8300,0.352559,-0.632965,0.00110101,0.00100743,12.341191,13.676279,2023-08-01
21358,2023-07-25 14:40:00,19900.0,19694.2,9889550,2399100,14.55,216.45,141600,29500,0.305038,-0.669943,0.00100916,0.00090488,12.700159,14.64401,2023-08-01
26611,2023-07-25 14:40:00,19950.0,19694.2,4580450,548650,9.8,262.05,110100,350,0.265219,-0.700184,0.00090879,0.00081153,13.192271,15.671323,2023-08-01
23987,2023-07-25 14:41:00,19450.0,19696.05,225250,3256050,260.0,7.85,1150,115450,0.828376,-0.220061,0.00087943,0.00082986,10.591759,13.05588,2023-08-01
18734,2023-07-25 14:41:00,19500.0,19696.05,2168300,8077150,213.55,12.6,30150,212400,0.779371,-0.259697,0.00102035,0.00092917,10.634201,12.764136,2023-08-01
13477,2023-07-25 14:41:00,19550.0,19696.05,582900,3654900,172.0,19.65,32800,115950,0.713655,-0.304318,0.00110529,0.00102862,11.262873,12.44636,2023-08-01
8220,2023-07-25 14:41:00,19600.0,19696.05,2811250,7226100,133.35,30.95,146600,321450,0.654037,-0.356739,0.00118428,0.00110588,11.393997,12.337872,2023-08-01
2959,2023-07-25 14:41:00,19650.0,19696.05,3033350,5162800,100.0,47.25,186900,261100,0.591705,-0.41349,0.00122891,0.00115617,11.561697,12.32621,2023-08-01
327,2023-07-25 14:41:00,19700.0,19696.05,12759700,9205350,71.8,68.85,600300,425150,0.529171,-0.472099,0.00125121,0.0011809,11.634086,12.329505,2023-08-01
5590,2023-07-25 14:41:00,19750.0,19696.05,6489900,2553050,50.15,97.25,222200,72900,0.467291,-0.530429,0.00122864,0.00115802,11.839552,12.567321,2023-08-01
10848,2023-07-25 14:41:00,19800.0,19696.05,13940600,4365200,34.15,131.2,295600,133700,0.408872,-0.585164,0.00117422,0.00110537,12.104359,12.902287,2023-08-01
16105,2023-07-25 14:41:00,19850.0,19696.05,6721900,1381750,22.6,169.9,133500,14150,0.354886,-0.63425,0.00110128,0.00102995,12.36657,13.361098,2023-08-01
21359,2023-07-25 14:41:00,19900.0,19696.05,9889550,2399100,14.9,212.4,124050,20350,0.307214,-0.675945,0.00101054,0.00094002,12.722257,13.991293,2023-08-01
26612,2023-07-25 14:41:00,19950.0,19696.05,4580450,548650,9.85,260.5,157450,450,0.266058,-0.698578,0.00091381,0.00081296,13.140301,15.680775,2023-08-01
23988,2023-07-25 14:42:00,19450.0,19688.6,227400,3300850,257.05,7.95,2500,186650,0.780205,-0.222241,0.00085425,0.0008503,12.679761,12.819663,2023-08-01
18735,2023-07-25 14:42:00,19500.0,19688.6,2166600,8069100,211.9,12.9,24100,239300,0.739126,-0.263195,0.00095899,0.00095234,12.401463,12.544896,2023-08-01
13478,2023-07-25 14:42:00,19550.0,19688.6,574750,3629300,169.45,20.3,26350,165650,0.691833,-0.30931,0.00105867,0.00105328,12.165575,12.247656,2023-08-01
8221,2023-07-25 14:42:00,19600.0,19688.6,2805200,7285500,131.25,32.0,98850,304200,0.637661,-0.362891,0.00113643,0.00113203,12.076148,12.129326,2023-08-01
2960,2023-07-25 14:42:00,19650.0,19688.6,3026150,5158650,98.1,48.7,210300,297100,0.57946,-0.420692,0.00118724,0.00118483,12.05422,12.079712,2023-08-01
328,2023-07-25 14:42:00,19700.0,19688.6,12838450,9239450,70.5,70.85,503850,474700,0.519367,-0.480619,0.00120914,0.00121049,12.06202,12.048608,2023-08-01
5591,2023-07-25 14:42:00,19750.0,19688.6,6465200,2567400,49.0,99.65,283150,111100,0.459418,-0.540411,0.00119446,0.00119019,12.161421,12.205589,2023-08-01
10849,2023-07-25 14:42:00,19800.0,19688.6,13905400,4345150,33.3,133.85,362100,120950,0.402423,-0.597289,0.00114446,0.00114144,12.375186,12.410227,2023-08-01
16106,2023-07-25 14:42:00,19850.0,19688.6,6747800,1384500,22.0,172.95,140300,18050,0.34954,-0.648791,0.00107533,0.00106518,12.60145,12.743495,2023-08-01
21360,2023-07-25 14:42:00,19900.0,19688.6,9856750,2392350,14.45,215.8,248250,29950,0.302614,-0.693131,0.00098882,0.00097238,12.920388,13.220684,2023-08-01
26613,2023-07-25 14:42:00,19950.0,19688.6,4645450,549500,9.6,261.1,122900,1050,0.262538,-0.730501,0.00089431,0.00087687,13.341742,13.788683,2023-08-01
23989,2023-07-25 14:43:00,19450.0,19690.8,227400,3300850,254.0,7.95,200,249050,0.840179,-0.221841,0.00090023,0.00084377,9.884679,12.904766,2023-08-01
18736,2023-07-25 14:43:00,19500.0,19690.8,2166600,8069100,208.3,13.05,17900,241950,0.778062,-0.263368,0.00104307,0.00094193,10.441601,12.686951,2023-08-01
13479,2023-07-25 14:43:00,19550.0,19690.8,574750,3629300,165.95,20.7,18100,99500,0.715391,-0.309828,0.00114838,0.00103655,10.812901,12.453677,2023-08-01
8222,2023-07-25 14:43:00,19600.0,19690.8,2805200,7285500,128.25,32.85,91600,319700,0.650847,-0.363457,0.00121554,0.00110542,11.142687,12.427189,2023-08-01
2961,2023-07-25 14:43:00,19650.0,19690.8,3026150,5158650,95.45,49.85,137350,231950,0.586751,-0.420219,0.00125685,0.00115041,11.341376,12.437368,2023-08-01
329,2023-07-25 14:43:00,19700.0,19690.8,12838450,9239450,68.3,72.7,428450,347900,0.522781,-0.478569,0.00126756,0.00116153,11.500167,12.552387,2023-08-01
5592,2023-07-25 14:43:00,19750.0,19690.8,6465200,2567400,47.35,101.85,205600,114050,0.460364,-0.535625,0.00123979,0.00113346,11.718801,12.830399,2023-08-01
10850,2023-07-25 14:43:00,19800.0,19690.8,13905400,4345150,32.3,136.25,318300,117700,0.40226,-0.588928,0.00117495,0.00108003,12.052026,13.181804,2023-08-01
16107,2023-07-25 14:43:00,19850.0,19690.8,6747800,1384500,21.4,176.5,116250,17200,0.348936,-0.633833,0.00109619,0.00098818,12.353006,13.936232,2023-08-01
21361,2023-07-25 14:43:00,19900.0,19690.8,9856750,2392350,14.1,218.65,174700,43450,0.301926,-0.674726,0.00100302,0.00090879,12.723649,14.499709,2023-08-01
26614,2023-07-25 14:43:00,19950.0,19690.8,4645450,549500,9.4,260.0,94100,800,0.261937,-0.724132,0.00090402,0.00086816,13.182196,14.088595,2023-08-01
23990,2023-07-25 14:44:00,19450.0,19693.05,227400,3300850,257.0,7.65,850,249550,0.827682,-0.219237,0.00088916,0.00084066,10.506066,12.864353,2023-08-01
18737,2023-07-25 14:44:00,19500.0,19693.05,2166600,8069100,212.25,12.7,19750,239250,0.765009,-0.261058,0.00100453,0.00093849,11.195341,12.675209,2023-08-01
13480,2023-07-25 14:44:00,19550.0,19693.05,574750,3629300,170.05,20.1,13900,123200,0.707941,-0.307013,0.00110139,0.00103525,11.411739,12.418695,2023-08-01
8223,2023-07-25 14:44:00,19600.0,19693.05,2805200,7285500,131.3,31.7,96400,217700,0.649994,-0.359932,0.00118542,0.00111068,11.435225,12.32636,2023-08-01
2962,2023-07-25 14:44:00,19650.0,19693.05,3026150,5158650,97.85,48.2,129250,187700,0.588293,-0.416794,0.00123598,0.00116118,11.522028,12.298999,2023-08-01
330,2023-07-25 14:44:00,19700.0,19693.05,12838450,9239450,70.05,70.7,275400,293700,0.525455,-0.475751,0.00125543,0.00117508,11.605841,12.401773,2023-08-01
5593,2023-07-25 14:44:00,19750.0,19693.05,6465200,2567400,48.8,99.4,203500,68500,0.463521,-0.53369,0.00122998,0.00115116,11.820492,12.637697,2023-08-01
10851,2023-07-25 14:44:00,19800.0,19693.05,13905400,4345150,33.2,132.95,206100,63750,0.405305,-0.588909,0.00117234,0.00110817,12.101305,12.846335,2023-08-01
16108,2023-07-25 14:44:00,19850.0,19693.05,6747800,1384500,21.9,172.0,114000,8350,0.351493,-0.637778,0.00109831,0.00102996,12.361116,13.321354,2023-08-01
21362,2023-07-25 14:44:00,19900.0,19693.05,9856750,2392350,14.35,214.35,106250,13750,0.303851,-0.680487,0.00100757,0.00094396,12.701484,13.855584,2023-08-01
26615,2023-07-25 14:44:00,19950.0,19693.05,4645450,549500,9.5,260.0,82050,400,0.263193,-0.713038,0.00090946,0.00084547,13.134573,14.743617,2023-08-01
23991,2023-07-25 14:45:00,19450.0,19690.9,227550,3449850,256.2,7.75,750,100800,0.809436,-0.220415,0.00088373,0.00084575,11.260056,12.828364,2023-08-01
18738,2023-07-25 14:45:00,19500.0,19690.9,2154650,8127300,211.5,12.8,14600,145650,0.754955,-0.262153,0.00099068,0.00094496,11.616044,12.617486,2023-08-01
13481,2023-07-25 14:45:00,19550.0,19690.9,568050,3649900,168.7,20.2,11650,126150,0.703848,-0.308169,0.0010981,0.00104367,11.521575,12.340923,2023-08-01
8224,2023-07-25 14:45:00,19600.0,19690.9,2796150,7351500,130.85,31.9,61400,203000,0.644756,-0.361498,0.00116817,0.00111979,11.668034,12.246286,2023-08-01
2963,2023-07-25 14:45:00,19650.0,19690.9,3006950,5227000,97.2,48.75,109650,192950,0.584788,-0.419012,0.00122518,0.00116718,11.648394,12.252168,2023-08-01
331,2023-07-25 14:45:00,19700.0,19690.9,12794400,9309950,69.65,71.05,376050,377800,0.522586,-0.478136,0.00124325,0.00118705,11.7265,12.282883,2023-08-01
5594,2023-07-25 14:45:00,19750.0,19690.9,6418850,2582450,48.15,99.95,121850,69150,0.461017,-0.536609,0.00122554,0.00116236,11.858086,12.509735,2023-08-01
10852,2023-07-25 14:45:00,19800.0,19690.9,13903800,4332250,32.8,133.75,144250,60900,0.403185,-0.59231,0.00116629,0.00111773,12.149824,12.712972,2023-08-01
16109,2023-07-25 14:45:00,19850.0,19690.9,6753150,1375950,21.5,173.3,85800,11850,0.349308,-0.640845,0.00109466,0.00103328,12.376285,13.241902,2023-08-01
21363,2023-07-25 14:45:00,19900.0,19690.9,9862700,2376500,14.1,216.2,157800,12000,0.302007,-0.682287,0.00100321,0.00094059,12.723972,13.874365,2023-08-01
26616,2023-07-25 14:45:00,19950.0,19690.9,4666600,549450,9.3,261.0,111450,700,0.261396,-0.718778,0.00090571,0.00085394,13.144885,14.459284,2023-08-01
23992,2023-07-25 14:46:00,19450.0,19682.05,227550,3449850,248.35,8.25,3700,324550,0.797176,-0.22579,0.00090108,0.00086637,11.474018,12.702363,2023-08-01
18739,2023-07-25 14:46:00,19500.0,19682.05,2154650,8127300,202.5,13.7,54000,394800,0.753591,-0.268975,0.00103032,0.00096566,11.207999,12.51524,2023-08-01
13482,2023-07-25 14:46:00,19550.0,19682.05,568050,3649900,160.7,21.85,50150,281950,0.697139,-0.316951,0.00112972,0.00106023,11.319056,12.302354,2023-08-01
8225,2023-07-25 14:46:00,19600.0,19682.05,2796150,7351500,122.9,34.5,222150,541100,0.637803,-0.371499,0.00120953,0.00113011,11.350848,12.251106,2023-08-01
2964,2023-07-25 14:46:00,19650.0,19682.05,3006950,5227000,90.7,52.3,342650,576200,0.575022,-0.429435,0.00125247,0.00117251,11.457806,12.264746,2023-08-01
332,2023-07-25 14:46:00,19700.0,19682.05,12794400,9309950,64.3,75.65,995200,943300,0.511642,-0.488662,0.00126279,0.00118645,11.56442,12.308738,2023-08-01
5595,2023-07-25 14:46:00,19750.0,19682.05,6418850,2582450,44.2,105.8,394150,207400,0.449711,-0.546543,0.00123243,0.0011524,11.759998,12.59124,2023-08-01
10853,2023-07-25 14:46:00,19800.0,19682.05,13903800,4332250,29.85,140.95,618150,260200,0.392104,-0.600597,0.00116638,0.00109596,12.064679,12.904319,2023-08-01
16110,2023-07-25 14:46:00,19850.0,19682.05,6753150,1375950,19.65,181.2,252800,40450,0.339518,-0.64738,0.00108456,0.00100942,12.365392,13.474049,2023-08-01
21364,2023-07-25 14:46:00,19900.0,19682.05,9862700,2376500,12.85,224.8,293200,50650,0.293226,-0.686278,0.00099002,0.00091399,12.72736,14.208627,2023-08-01
26617,2023-07-25 14:46:00,19950.0,19682.05,4666600,549450,8.55,270.35,202200,700,0.254244,-0.718891,0.00088988,0.00082384,13.194056,14.992093,2023-08-01
23993,2023-07-25 14:47:00,19450.0,19677.6,227550,3449850,245.0,8.45,4300,272550,0.786188,-0.228125,0.00090181,0.00087775,11.830469,12.614099,2023-08-01
18740,2023-07-25 14:47:00,19500.0,19677.6,2154650,8127300,199.4,14.15,60350,304000,0.744078,-0.272371,0.00102685,0.00097655,11.476661,12.45692,2023-08-01
13483,2023-07-25 14:47:00,19550.0,19677.6,568050,3649900,157.6,22.35,37000,237750,0.690334,-0.320312,0.00112942,0.00107437,11.436933,12.197905,2023-08-01
8226,2023-07-25 14:47:00,19600.0,19677.6,2796150,7351500,120.1,35.4,281750,610550,0.63164,-0.375733,0.00120901,0.00114257,11.423147,12.164535,2023-08-01
2965,2023-07-25 14:47:00,19650.0,19677.6,3006950,5227000,88.6,53.55,317650,584500,0.568898,-0.434194,0.00124545,0.0011847,11.558221,12.167139,2023-08-01
333,2023-07-25 14:47:00,19700.0,19677.6,12794400,9309950,62.55,77.45,933800,896800,0.506021,-0.493951,0.0012561,0.00119538,11.632819,12.223685,2023-08-01
5596,2023-07-25 14:47:00,19750.0,19677.6,6418850,2582450,42.85,107.75,416450,293150,0.444509,-0.552362,0.00122497,0.00116421,11.814233,12.444155,2023-08-01
10854,2023-07-25 14:47:00,19800.0,19677.6,13903800,4332250,28.7,143.4,455850,258900,0.387047,-0.606742,0.00116107,0.00110428,12.078423,12.757075,2023-08-01
16111,2023-07-25 14:47:00,19850.0,19677.6,6753150,1375950,18.75,183.95,230350,53200,0.334582,-0.653886,0.00107946,0.00101623,12.356799,13.296741,2023-08-01
21365,2023-07-25 14:47:00,19900.0,19677.6,9862700,2376500,12.2,227.45,297100,44750,0.288589,-0.694374,0.00098411,0.00092393,12.712202,13.900151,2023-08-01
26618,2023-07-25 14:47:00,19950.0,19677.6,4666600,549450,8.0,273.05,226750,2950,0.249366,-0.728391,0.00088476,0.00083349,13.139007,14.574711,2023-08-01
23994,2023-07-25 14:48:00,19400.0,19672.4,632650,6037200,285.4,5.4,8550,208350,0.846987,-0.195327,0.00080315,0.00078435,10.779141,12.893531,2023-08-01
18741,2023-07-25 14:48:00,19450.0,19672.4,227250,3493150,241.5,8.85,4250,180550,0.771885,-0.231972,0.00089661,0.00088927,12.35226,12.571627,2023-08-01
13484,2023-07-25 14:48:00,19500.0,19672.4,2141000,8145750,195.0,14.7,29250,274150,0.738064,-0.276423,0.00103625,0.00098935,11.513671,12.389549,2023-08-01
8227,2023-07-25 14:48:00,19550.0,19672.4,578300,3676700,154.1,23.3,26850,247350,0.682318,-0.325345,0.00112757,0.00108559,11.58583,12.153714,2023-08-01
2966,2023-07-25 14:48:00,19600.0,19672.4,2770650,7382700,117.45,36.7,160450,460100,0.623437,-0.381141,0.00119785,0.00115376,11.61485,12.103576,2023-08-01
334,2023-07-25 14:48:00,19650.0,19672.4,2923900,5210750,86.1,55.45,229500,570300,0.561947,-0.440163,0.00123903,0.00119244,11.655648,12.120944,2023-08-01
5597,2023-07-25 14:48:00,19700.0,19672.4,12665450,9310650,60.45,79.85,635300,865750,0.49952,-0.500205,0.00125015,0.00120168,11.6932,12.164899,2023-08-01
10855,2023-07-25 14:48:00,19750.0,19672.4,6324200,2579000,41.5,110.85,303000,179900,0.438686,-0.558601,0.00121285,0.00116531,11.910214,12.408909,2023-08-01
16112,2023-07-25 14:48:00,19800.0,19672.4,13723200,4273650,27.65,147.0,377100,161550,0.381699,-0.612804,0.00115016,0.00110282,12.146751,12.721848,2023-08-01
21366,2023-07-25 14:48:00,19850.0,19672.4,6721050,1361300,18.0,187.5,184350,24050,0.329742,-0.660893,0.00106862,0.00101981,12.413995,13.152118,2023-08-01
26619,2023-07-25 14:48:00,19900.0,19672.4,9837450,2376750,11.65,231.45,348550,33500,0.284115,-0.700875,0.00097405,0.00092362,12.752679,13.775645,2023-08-01
23995,2023-07-25 14:49:00,19450.0,19684.25,227250,3493150,248.95,8.05,3250,276200,0.815378,-0.224005,0.00091207,0.00086195,10.704413,12.710554,2023-08-01
18742,2023-07-25 14:49:00,19500.0,19684.25,2141000,8145750,204.6,13.45,59800,424750,0.754666,-0.26724,0.0010221,0.00096059,11.272082,12.54094,2023-08-01
13485,2023-07-25 14:49:00,19550.0,19684.25,578300,3676700,163.0,21.3,38250,247550,0.6975,-0.314405,0.00111551,0.00105792,11.457516,12.287438,2023-08-01
8228,2023-07-25 14:49:00,19600.0,19684.25,2770650,7382700,124.7,33.65,247500,524150,0.639874,-0.368688,0.0012016,0.00113036,11.403753,12.218621,2023-08-01
2967,2023-07-25 14:49:00,19650.0,19684.25,2923900,5210750,91.85,51.0,299850,557000,0.577932,-0.42649,0.00125346,0.00117749,11.432749,12.19666,2023-08-01
335,2023-07-25 14:49:00,19700.0,19684.25,12665450,9310650,65.2,74.25,787200,907200,0.514428,-0.486036,0.00126504,0.00119028,11.541676,12.267017,2023-08-01
5598,2023-07-25 14:49:00,19750.0,19684.25,6324200,2579000,44.9,103.8,341950,188250,0.452335,-0.544468,0.00123513,0.00116324,11.744383,12.481817,2023-08-01
10856,2023-07-25 14:49:00,19800.0,19684.25,13723200,4273650,30.1,139.05,465050,146850,0.394045,-0.598707,0.00117446,0.00110268,11.998517,12.842101,2023-08-01
16113,2023-07-25 14:49:00,19850.0,19684.25,6721050,1361300,19.6,178.75,179200,27900,0.340456,-0.646976,0.00109565,0.00102231,12.25363,13.310185,2023-08-01
21367,2023-07-25 14:49:00,19900.0,19684.25,9837450,2376750,12.5,222.75,285050,40250,0.292383,-0.684967,0.00100418,0.00091911,12.531532,14.155202,2023-08-01
26620,2023-07-25 14:49:00,19950.0,19684.25,4661000,546750,8.2,266.95,212050,2050,0.252517,-0.723895,0.00090172,0.00084439,12.974718,14.500379,2023-08-01
23996,2023-07-25 14:50:00,19450.0,19688.6,227250,3493150,251.95,7.9,2900,190700,0.83643,-0.222092,0.00090738,0.00085061,9.960713,12.81516,2023-08-01
18743,2023-07-25 14:50:00,19500.0,19688.6,2141000,8145750,206.9,13.1,37500,233450,0.770449,-0.264375,0.00103815,0.00094901,10.69807,12.622628,2023-08-01
13486,2023-07-25 14:50:00,19550.0,19688.6,578300,3676700,164.55,20.75,34100,172450,0.710646,-0.310966,0.00114393,0.00104555,10.94531,12.37184,2023-08-01
8229,2023-07-25 14:50:00,19600.0,19688.6,2770650,7382700,126.6,33.0,171600,356000,0.648082,-0.365043,0.00121857,0.00111501,11.151989,12.343969,2023-08-01
2968,2023-07-25 14:50:00,19650.0,19688.6,2923900,5210750,93.8,50.1,250050,487800,0.584221,-0.422215,0.001263,0.00116092,11.307156,12.342933,2023-08-01
336,2023-07-25 14:50:00,19700.0,19688.6,12665450,9310650,66.45,73.1,717350,766800,0.520108,-0.48104,0.00128095,0.00117228,11.389299,12.446849,2023-08-01
5599,2023-07-25 14:50:00,19750.0,19688.6,6324200,2579000,45.7,102.4,227550,134050,0.457073,-0.538593,0.00125272,0.00114426,11.593202,12.706302,2023-08-01
10857,2023-07-25 14:50:00,19800.0,19688.6,13723200,4273650,30.7,136.75,351400,190400,0.398062,-0.592754,0.00118975,0.00109368,11.87494,12.993742,2023-08-01
16114,2023-07-25 14:50:00,19850.0,19688.6,6721050,1361300,19.9,176.75,143850,31750,0.343511,-0.639183,0.0011115,0.00100598,12.117802,13.627908,2023-08-01
21368,2023-07-25 14:50:00,19900.0,19688.6,9837450,2376750,12.8,219.45,253400,22550,0.295384,-0.679887,0.00101602,0.00091947,12.442068,14.243227,2023-08-01
26621,2023-07-25 14:50:00,19950.0,19688.6,4661000,546750,8.35,265.0,136500,700,0.254719,-0.711897,0.0009129,0.00082667,12.87212,15.115127,2023-08-01
23997,2023-07-25 14:51:00,19450.0,19693.75,227400,3496250,257.8,7.45,5450,177400,0.825695,-0.217789,0.00088591,0.0008407,10.625135,12.818645,2023-08-01
18744,2023-07-25 14:51:00,19500.0,19693.75,2119600,8173200,213.0,12.25,68550,364100,0.764449,-0.258753,0.00100006,0.00094186,11.263626,12.576176,2023-08-01
13487,2023-07-25 14:51:00,19550.0,19693.75,565050,3687250,170.25,19.6,49500,198450,0.710048,-0.305193,0.00110577,0.0010392,11.331677,12.342862,2023-08-01
8230,2023-07-25 14:51:00,19600.0,19693.75,2791950,7388150,131.8,31.0,242000,451500,0.650673,-0.358197,0.00118342,0.00111722,11.44995,12.237454,2023-08-01
2969,2023-07-25 14:51:00,19650.0,19693.75,2905750,5132600,98.1,47.3,352850,526200,0.589288,-0.415346,0.00123752,0.0011702,11.504652,12.198361,2023-08-01
337,2023-07-25 14:51:00,19700.0,19693.75,12644350,9407900,70.4,69.55,1013100,851250,0.526294,-0.474756,0.00125405,0.00118727,11.620603,12.27637,2023-08-01
5600,2023-07-25 14:51:00,19750.0,19693.75,6314900,2544600,48.6,97.95,322500,166800,0.464102,-0.533457,0.0012377,0.00116721,11.751976,12.468383,2023-08-01
10858,2023-07-25 14:51:00,19800.0,19693.75,13708100,4224800,32.7,132.1,531000,126600,0.405055,-0.588616,0.0011846,0.00111382,11.977916,12.787371,2023-08-01
16115,2023-07-25 14:51:00,19850.0,19693.75,6712000,1367250,21.3,171.05,149400,26300,0.350266,-0.637967,0.00111164,0.00103639,12.201259,13.240511,2023-08-01
21369,2023-07-25 14:51:00,19900.0,19693.75,9892150,2360950,13.65,213.45,318750,44600,0.301202,-0.680852,0.00102172,0.00094895,12.480359,13.780371,2023-08-01
26622,2023-07-25 14:51:00,19950.0,19693.75,4630400,547400,8.85,259.5,195350,2800,0.259469,-0.711928,0.00092135,0.00084471,12.874471,14.788421,2023-08-01
23998,2023-07-25 14:52:00,19450.0,19691.75,227400,3496250,256.85,7.5,6750,182550,0.811418,-0.218572,0.00088271,0.00084594,11.20414,12.767626,2023-08-01
18745,2023-07-25 14:52:00,19500.0,19691.75,2119600,8173200,211.6,12.4,25550,409400,0.759731,-0.260075,0.00099845,0.00094708,11.406929,12.541645,2023-08-01
13488,2023-07-25 14:52:00,19550.0,19691.75,565050,3687250,168.95,19.65,23400,184900,0.706339,-0.306124,0.00110337,0.00104773,11.425444,12.260699,2023-08-01
8231,2023-07-25 14:52:00,19600.0,19691.75,2791950,7388150,130.95,31.15,145200,532450,0.646791,-0.359582,0.00117504,0.00112634,11.57958,12.156525,2023-08-01
2970,2023-07-25 14:52:00,19650.0,19691.75,2905750,5132600,97.35,47.75,238000,405050,0.586179,-0.417358,0.00122999,0.00117683,11.597346,12.144693,2023-08-01
338,2023-07-25 14:52:00,19700.0,19691.75,12644350,9407900,69.45,69.9,722600,619900,0.523762,-0.476993,0.00125319,0.00119818,11.634999,12.170503,2023-08-01
5601,2023-07-25 14:52:00,19750.0,19691.75,6314900,2544600,47.8,98.5,277300,113150,0.461625,-0.536182,0.00123708,0.00117728,11.752838,12.356141,2023-08-01
10859,2023-07-25 14:52:00,19800.0,19691.75,13708100,4224800,32.3,133.1,339450,134750,0.403015,-0.591408,0.00117937,0.00111863,12.01747,12.713452,2023-08-01
16116,2023-07-25 14:52:00,19850.0,19691.75,6712000,1367250,20.9,172.55,154900,19650,0.348117,-0.640136,0.0011087,0.00103505,12.207931,13.232241,2023-08-01
21370,2023-07-25 14:52:00,19900.0,19691.75,9892150,2360950,13.45,214.75,228700,21200,0.299588,-0.684015,0.00101703,0.00095185,12.509354,13.682705,2023-08-01
26623,2023-07-25 14:52:00,19950.0,19691.75,4630400,547400,8.75,259.95,198900,1900,0.258296,-0.71943,0.00091644,0.00085872,12.915085,14.367011,2023-08-01
23999,2023-07-25 14:53:00,19450.0,19680.7,227400,3496250,250.45,7.85,6900,268150,0.768922,-0.223367,0.00086151,0.0008753,12.946555,12.501112,2023-08-01
18746,2023-07-25 14:53:00,19500.0,19680.7,2119600,8173200,205.95,13.1,57400,308450,0.727102,-0.266629,0.0009599,0.00097946,12.686973,12.28969,2023-08-01
13489,2023-07-25 14:53:00,19550.0,19680.7,565050,3687250,163.8,20.8,51000,428950,0.681123,-0.314267,0.00105991,0.00108343,12.342689,12.000402,2023-08-01
8232,2023-07-25 14:53:00,19600.0,19680.7,2791950,7388150,125.7,33.0,225450,574350,0.628336,-0.369482,0.00114379,0.00116283,12.111272,11.89032,2023-08-01
2971,2023-07-25 14:53:00,19650.0,19680.7,2905750,5132600,93.15,50.15,338800,563000,0.570086,-0.428604,0.00119425,0.00121843,12.04901,11.802935,2023-08-01
339,2023-07-25 14:53:00,19700.0,19680.7,12644350,9407900,65.95,73.35,797400,1018550,0.5098,-0.490154,0.0012202,0.00123734,11.974553,11.808587,2023-08-01
5602,2023-07-25 14:53:00,19750.0,19680.7,6314900,2544600,45.4,102.8,362750,182500,0.449563,-0.551247,0.00119995,0.00121675,12.082781,11.912886,2023-08-01
10860,2023-07-25 14:53:00,19800.0,19680.7,13708100,4224800,30.3,137.55,446050,163800,0.392171,-0.609852,0.00114941,0.00116855,12.248473,12.030304,2023-08-01
16117,2023-07-25 14:53:00,19850.0,19680.7,6712000,1367250,19.65,177.2,267200,26200,0.339021,-0.663339,0.00107732,0.00109046,12.446665,12.263477,2023-08-01
21371,2023-07-25 14:53:00,19900.0,19680.7,9892150,2360950,12.6,220.6,356250,49100,0.291735,-0.709523,0.00098845,0.00099285,12.722651,12.640753,2023-08-01
26624,2023-07-25 14:53:00,19950.0,19680.7,4630400,547400,8.2,265.1,273750,4700,0.251709,-0.75819,0.00089061,0.00091149,13.119249,12.546298,2023-08-01
24000,2023-07-25 14:54:00,19450.0,19699.6,226400,3532150,265.95,6.75,5050,295250,0.799266,-0.211269,0.0008449,0.00083173,12.155335,12.728048,2023-08-01
18747,2023-07-25 14:54:00,19500.0,19699.6,2122650,8137550,219.5,11.05,57500,403100,0.761194,-0.250857,0.00096624,0.0009373,11.744393,12.432086,2023-08-01
13490,2023-07-25 14:54:00,19550.0,19699.6,534300,3674250,176.1,17.5,64000,290750,0.711977,-0.295503,0.00107578,0.00104499,11.609323,12.09497,2023-08-01
8233,2023-07-25 14:54:00,19600.0,19699.6,2805350,7398800,137.0,28.05,238200,652400,0.655225,-0.348555,0.00115817,0.00113177,11.641322,11.961064,2023-08-01
2972,2023-07-25 14:54:00,19650.0,19699.6,2879950,5169600,102.25,43.2,355900,627400,0.595857,-0.406096,0.00122326,0.0011975,11.591,11.854731,2023-08-01
340,2023-07-25 14:54:00,19700.0,19699.6,12591800,9490850,73.4,64.15,1007650,963100,0.533619,-0.466881,0.0012521,0.00122912,11.620868,11.839389,2023-08-01
5603,2023-07-25 14:54:00,19750.0,19699.6,6324350,2557250,50.7,91.55,430850,227400,0.471212,-0.528062,0.00124356,0.00121815,11.711846,11.957732,2023-08-01
10861,2023-07-25 14:54:00,19800.0,19699.6,13715900,4277400,34.25,125.0,485050,217350,0.411705,-0.586322,0.0011926,0.00116872,11.943024,12.200743,2023-08-01
16118,2023-07-25 14:54:00,19850.0,19699.6,6709550,1364050,22.3,162.9,224400,32100,0.356132,-0.640656,0.00112301,0.00110142,12.147935,12.425012,2023-08-01
21372,2023-07-25 14:54:00,19900.0,19699.6,9932950,2368050,14.2,204.75,286600,53450,0.305892,-0.689169,0.00103583,0.00101525,12.393721,12.73415,2023-08-01
26625,2023-07-25 14:54:00,19950.0,19699.6,4630250,547000,9.1,251.3,181700,2400,0.262788,-0.721083,0.0009363,0.00089262,12.750085,13.777561,2023-08-01
24001,2023-07-25 14:55:00,19450.0,19692.35,226400,3532150,262.5,7.2,7700,306600,0.768616,-0.21623,0.00082263,0.00084759,13.561786,12.665274,2023-08-01
18748,2023-07-25 14:55:00,19500.0,19692.35,2122650,8137550,217.25,11.9,79850,380500,0.731848,-0.257381,0.00092138,0.00095187,13.095564,12.413058,2023-08-01
13491,2023-07-25 14:55:00,19550.0,19692.35,534300,3674250,174.4,18.8,50250,234200,0.68885,-0.302965,0.00102074,0.00105826,12.676475,12.084272,2023-08-01
8234,2023-07-25 14:55:00,19600.0,19692.35,2805350,7398800,135.05,29.9,291350,617800,0.639248,-0.356585,0.00111148,0.00114336,12.334252,11.942025,2023-08-01
2973,2023-07-25 14:55:00,19650.0,19692.35,2879950,5169600,100.95,45.55,389550,636900,0.583113,-0.41442,0.00117297,0.00120974,12.183068,11.796861,2023-08-01
341,2023-07-25 14:55:00,19700.0,19692.35,12591800,9490850,72.4,67.25,1220000,902850,0.523827,-0.475704,0.00120575,0.00123853,12.094132,11.773168,2023-08-01
5604,2023-07-25 14:55:00,19750.0,19692.35,6324350,2557250,49.9,95.05,539450,202250,0.463579,-0.537416,0.00120334,0.00123097,12.089302,11.815214,2023-08-01
10862,2023-07-25 14:55:00,19800.0,19692.35,13715900,4277400,33.85,128.85,888500,195500,0.405983,-0.59674,0.00115497,0.00118483,12.295486,11.965292,2023-08-01
16119,2023-07-25 14:55:00,19850.0,19692.35,6709550,1364050,21.9,166.65,475150,37550,0.351336,-0.65421,0.00109344,0.00112797,12.421439,11.971105,2023-08-01
21373,2023-07-25 14:55:00,19900.0,19692.35,9932950,2368050,13.95,209.0,455000,37300,0.302108,-0.705148,0.00101047,0.00103839,12.639739,12.164552,2023-08-01
26626,2023-07-25 14:55:00,19950.0,19692.35,4630250,547000,8.85,256.95,502250,5050,0.259191,-0.731643,0.00091656,0.00089354,12.938166,13.508701,2023-08-01
24002,2023-07-25 14:56:00,19450.0,19694.2,226400,3532150,266.0,7.1,6650,152050,0.75929,-0.215126,0.00079948,0.00084328,14.260952,12.691674,2023-08-01
18749,2023-07-25 14:56:00,19500.0,19694.2,2122650,8137550,218.7,11.6,32850,234750,0.734151,-0.255315,0.00092007,0.00094922,13.056542,12.394955,2023-08-01
13492,2023-07-25 14:56:00,19550.0,19694.2,534300,3674250,175.8,18.45,31400,202800,0.690956,-0.301038,0.00101897,0.00105498,12.660464,12.086594,2023-08-01
8235,2023-07-25 14:56:00,19600.0,19694.2,2805350,7398800,136.3,29.2,186050,368050,0.641451,-0.354046,0.00111033,0.00114405,12.320385,11.904196,2023-08-01
2974,2023-07-25 14:56:00,19650.0,19694.2,2879950,5169600,102.0,44.85,244350,364750,0.585379,-0.412188,0.00117293,0.00120809,12.167823,11.797597,2023-08-01
342,2023-07-25 14:56:00,19700.0,19694.2,12591800,9490850,73.5,66.1,651600,517400,0.526009,-0.473346,0.00120242,0.00124227,12.122909,11.732769,2023-08-01
5605,2023-07-25 14:56:00,19750.0,19694.2,6324350,2557250,51.0,93.75,297950,108800,0.466022,-0.535253,0.00119743,0.00123479,12.155094,11.784064,2023-08-01
10863,2023-07-25 14:56:00,19800.0,19694.2,13715900,4277400,34.3,127.0,528700,123850,0.407971,-0.595442,0.00115802,0.00119636,12.277352,11.859185,2023-08-01
16120,2023-07-25 14:56:00,19850.0,19694.2,6709550,1364050,22.2,165.25,226250,19800,0.353114,-0.651905,0.00109715,0.00112899,12.40136,11.989145,2023-08-01
21374,2023-07-25 14:56:00,19900.0,19694.2,9932950,2368050,14.05,207.5,261850,21700,0.303251,-0.702771,0.00101606,0.00103963,12.590983,12.19436,2023-08-01
26627,2023-07-25 14:56:00,19950.0,19694.2,4630250,547000,8.9,250.25,209000,2100,0.260049,-0.766625,0.00092164,0.00098117,12.888242,11.42431,2023-08-01
24003,2023-07-25 14:57:00,19450.0,19699.65,227950,3509650,269.35,6.75,10050,229650,0.77282,-0.211342,0.00080747,0.0008315,13.671472,12.736019,2023-08-01
18750,2023-07-25 14:57:00,19500.0,19699.65,2087300,8089250,222.65,11.2,53150,370400,0.742897,-0.251761,0.00092101,0.00093484,12.818164,12.490439,2023-08-01
13493,2023-07-25 14:57:00,19550.0,19699.65,520300,3636200,179.6,17.7,65750,241000,0.698486,-0.296317,0.00101923,0.00104132,12.516597,12.154747,2023-08-01
8236,2023-07-25 14:57:00,19600.0,19699.65,2753500,7396400,139.6,28.1,320200,491150,0.648964,-0.348702,0.0011139,0.00113034,12.186191,11.979805,2023-08-01
2975,2023-07-25 14:57:00,19650.0,19699.65,2817850,5162900,105.05,43.1,407650,555650,0.592216,-0.405963,0.00117442,0.00119854,12.101844,11.84519,2023-08-01
343,2023-07-25 14:57:00,19700.0,19699.65,12288200,9379800,75.75,63.8,1408750,739950,0.532764,-0.46671,0.00121033,0.00123455,12.025866,11.788675,2023-08-01
5606,2023-07-25 14:57:00,19750.0,19699.65,6203950,2521850,52.5,91.25,624800,243900,0.472193,-0.528139,0.00121102,0.00122264,12.030385,11.915327,2023-08-01
10864,2023-07-25 14:57:00,19800.0,19699.65,13527600,4329950,35.4,123.6,895450,157100,0.41348,-0.588273,0.00117175,0.00119298,12.169566,11.94115,2023-08-01
16121,2023-07-25 14:57:00,19850.0,19699.65,6628100,1351450,22.95,161.15,305900,35950,0.357956,-0.645175,0.00111113,0.00113214,12.301642,12.036131,2023-08-01
21375,2023-07-25 14:57:00,19900.0,19699.65,9904750,2362500,14.5,203.4,428100,41750,0.307261,-0.69456,0.00103041,0.00103794,12.485367,12.362253,2023-08-01
26628,2023-07-25 14:57:00,19950.0,19699.65,4774650,547700,9.1,246.3,378350,9150,0.262881,-0.751994,0.00093623,0.00097268,12.75513,11.909092,2023-08-01
24004,2023-07-25 14:58:00,19450.0,19701.8,227950,3509650,272.9,6.5,5350,454450,0.76464,-0.208906,0.00078691,0.00082815,14.307296,12.700086,2023-08-01
18751,2023-07-25 14:58:00,19500.0,19701.8,2087300,8089250,226.95,10.6,83650,481750,0.733093,-0.247835,0.0008856,0.00093551,13.58815,12.376973,2023-08-01
13494,2023-07-25 14:58:00,19550.0,19701.8,520300,3636200,182.8,16.8,54750,304400,0.6956,-0.292086,0.00099421,0.00104576,12.885637,12.022203,2023-08-01
8237,2023-07-25 14:58:00,19600.0,19701.8,2753500,7396400,143.2,26.7,439450,752650,0.646744,-0.344192,0.00107898,0.00114157,12.608449,11.804128,2023-08-01
2976,2023-07-25 14:58:00,19650.0,19701.8,2817850,5162900,107.6,41.2,496900,886050,0.593217,-0.401835,0.00115295,0.00121635,12.319009,11.640787,2023-08-01
344,2023-07-25 14:58:00,19700.0,19701.8,12288200,9379800,77.85,61.4,1496950,1078200,0.534971,-0.463457,0.00119304,0.00125879,12.193623,11.552673,2023-08-01
5607,2023-07-25 14:58:00,19750.0,19701.8,6203950,2521850,54.25,87.9,861250,255050,0.47519,-0.526521,0.00119646,0.00126146,12.182142,11.551235,2023-08-01
10865,2023-07-25 14:58:00,19800.0,19701.8,13527600,4329950,36.5,120.15,1000350,292000,0.41661,-0.588686,0.00116561,0.00123173,12.2541,11.562082,2023-08-01
16122,2023-07-25 14:58:00,19850.0,19701.8,6628100,1351450,23.55,157.55,526150,56700,0.36067,-0.648212,0.00111133,0.00117195,12.330862,11.590817,2023-08-01
21376,2023-07-25 14:58:00,19900.0,19701.8,9904750,2362500,14.75,199.4,529850,53500,0.309162,-0.702312,0.00103488,0.00108241,12.464371,11.717294,2023-08-01
26629,2023-07-25 14:58:00,19950.0,19701.8,4774650,547700,9.3,244.45,408400,3450,0.264781,-0.749049,0.00094008,0.0009749,12.748876,11.956045,2023-08-01
24005,2023-07-25 14:59:00,19450.0,19701.7,227950,3509650,273.2,6.4,8800,202050,0.762316,-0.208101,0.00078297,0.0008295,14.458037,12.651198,2023-08-01
18752,2023-07-25 14:59:00,19500.0,19701.7,2087300,8089250,227.4,10.5,38400,290650,0.730615,-0.247299,0.00087905,0.00093725,13.754013,12.34042,2023-08-01
13495,2023-07-25 14:59:00,19550.0,19701.7,520300,3636200,183.3,16.55,51500,292200,0.693553,-0.291136,0.00098597,0.00105024,13.032755,11.953401,2023-08-01
8238,2023-07-25 14:59:00,19600.0,19701.7,2753500,7396400,142.95,26.35,284650,494750,0.646999,-0.343362,0.00108166,0.00114818,12.574611,11.72619,2023-08-01
2977,2023-07-25 14:59:00,19650.0,19701.7,2817850,5162900,107.95,40.75,331350,549100,0.592571,-0.401277,0.00114623,0.00122516,12.396772,11.553563,2023-08-01
345,2023-07-25 14:59:00,19700.0,19701.7,12288200,9379800,77.6,61.0,1160100,726800,0.534922,-0.463389,0.0011962,0.00126706,12.162282,11.477723,2023-08-01
5608,2023-07-25 14:59:00,19750.0,19701.7,6203950,2521850,54.2,87.1,587450,163350,0.475068,-0.527082,0.00119641,0.00127786,12.183094,11.402541,2023-08-01
10866,2023-07-25 14:59:00,19800.0,19701.7,13527600,4329950,36.3,119.6,773800,151200,0.416268,-0.589792,0.00116831,0.00124384,12.224102,11.442794,2023-08-01
16123,2023-07-25 14:59:00,19850.0,19701.7,6628100,1351450,23.5,156.65,336700,41100,0.360505,-0.651326,0.00111157,0.00119197,12.326956,11.359988,2023-08-01
21377,2023-07-25 14:59:00,19900.0,19701.7,9904750,2362500,14.75,198.45,403900,33900,0.309146,-0.707765,0.00103435,0.0011036,12.471115,11.395467,2023-08-01
26630,2023-07-25 14:59:00,19950.0,19701.7,4774650,547700,9.15,243.2,304800,3200,0.263835,-0.760381,0.00094215,0.00100035,12.69849,11.366537,2023-08-01
24006,2023-07-25 15:00:00,19450.0,19698.15,227600,3490400,269.95,6.55,8650,334700,0.759911,-0.21003,0.00078886,0.00083796,14.432603,12.594544,2023-08-01
18753,2023-07-25 15:00:00,19500.0,19698.15,2065800,7984450,224.0,10.85,94250,468150,0.728998,-0.250231,0.00088871,0.00094517,13.648369,12.316853,2023-08-01
13496,2023-07-25 15:00:00,19550.0,19698.15,509650,3531350,180.05,17.05,82050,381400,0.691289,-0.294388,0.00099667,0.00105874,12.937577,11.921534,2023-08-01
8239,2023-07-25 15:00:00,19600.0,19698.15,2640950,7322550,140.4,27.1,419900,740700,0.643053,-0.347054,0.00108533,0.00115627,12.58447,11.693397,2023-08-01
2978,2023-07-25 15:00:00,19650.0,19698.15,2749950,5320800,105.6,41.95,512550,1013400,0.588602,-0.405548,0.00115066,0.00122994,12.380719,11.542396,2023-08-01
346,2023-07-25 15:00:00,19700.0,19698.15,11973550,9460700,75.95,62.5,1817350,1370000,0.530594,-0.467827,0.00119365,0.00127176,12.201942,11.448922,2023-08-01
5609,2023-07-25 15:00:00,19750.0,19698.15,5988200,2551900,52.7,89.4,945150,347250,0.470811,-0.531498,0.00119603,0.00127295,12.180844,11.439764,2023-08-01
10867,2023-07-25 15:00:00,19800.0,19698.15,13473750,4352100,35.25,121.75,791000,273350,0.412217,-0.594774,0.0011647,0.0012475,12.237261,11.377702,2023-08-01
16124,2023-07-25 15:00:00,19850.0,19698.15,6579800,1349400,22.75,159.65,485000,49100,0.356694,-0.654976,0.00110666,0.00118309,12.33881,11.403372,2023-08-01
21378,2023-07-25 15:00:00,19900.0,19698.15,9958550,2371900,14.3,200.0,489950,50500,0.305903,-0.720849,0.00102739,0.00113099,12.500393,10.882288,2023-08-01
26631,2023-07-25 15:00:00,19950.0,19698.15,4737850,552750,8.9,245.0,433150,6650,0.261252,-0.779746,0.00093429,0.0010225,12.743947,10.610364,2023-08-01
24007,2023-07-25 15:01:00,19450.0,19697.4,227600,3490400,267.15,6.55,6200,306750,0.77186,-0.210191,0.00081269,0.00084011,13.620099,12.569167,2023-08-01
18754,2023-07-25 15:01:00,19500.0,19697.4,2065800,7984450,220.5,11.0,51300,396000,0.741633,-0.251299,0.0009272,0.00094572,12.769069,12.338548,2023-08-01
13497,2023-07-25 15:01:00,19550.0,19697.4,509650,3531350,177.6,17.45,41500,312550,0.696672,-0.296236,0.001025,0.00105564,12.483569,11.992072,2023-08-01
8240,2023-07-25 15:01:00,19600.0,19697.4,2640950,7322550,137.7,27.9,205150,582350,0.646928,-0.34942,0.0011204,0.00114669,12.144491,11.821576,2023-08-01
2979,2023-07-25 15:01:00,19650.0,19697.4,2749950,5320800,103.15,43.05,327150,580250,0.590092,-0.407583,0.0011837,0.00121555,12.02579,11.694566,2023-08-01
347,2023-07-25 15:01:00,19700.0,19697.4,11973550,9460700,73.6,64.15,1220450,1008800,0.530342,-0.469256,0.00122732,0.00124793,11.868806,11.671855,2023-08-01
5610,2023-07-25 15:01:00,19750.0,19697.4,5988200,2551900,51.0,91.45,514250,252550,0.469165,-0.531519,0.00122003,0.00124223,11.938619,11.723677,2023-08-01
10868,2023-07-25 15:01:00,19800.0,19697.4,13473750,4352100,34.0,124.0,657250,225750,0.40981,-0.592801,0.00118214,0.00121275,12.041047,11.718891,2023-08-01
16125,2023-07-25 15:01:00,19850.0,19697.4,6579800,1349400,21.7,162.05,390600,41550,0.353445,-0.650225,0.00112166,0.00114559,12.135469,11.837301,2023-08-01
21379,2023-07-25 15:01:00,19900.0,19697.4,9958550,2371900,13.65,204.0,416000,31400,0.302794,-0.702998,0.00103573,0.0010588,12.344491,11.970461,2023-08-01
26632,2023-07-25 15:01:00,19950.0,19697.4,4737850,552750,8.55,249.5,286950,4150,0.258763,-0.745468,0.0009375,0.00094785,12.638869,12.393977,2023-08-01
24008,2023-07-25 15:02:00,19450.0,19692.9,227600,3490400,255.0,6.9,7500,558150,0.863812,-0.213929,0.00088613,0.00084925,9.028986,12.566155,2023-08-01
18755,2023-07-25 15:02:00,19500.0,19692.9,2065800,7984450,211.0,11.75,69050,650850,0.772395,-0.25661,0.00102155,0.00095158,10.824135,12.401374,2023-08-01
13498,2023-07-25 15:02:00,19550.0,19692.9,509650,3531350,168.55,18.8,56150,432400,0.713071,-0.302912,0.00112439,0.00105506,11.09553,12.123907,2023-08-01
8241,2023-07-25 15:02:00,19600.0,19692.9,2640950,7322550,129.6,30.2,340500,778550,0.653397,-0.357078,0.00121263,0.0011343,11.148558,12.047175,2023-08-01
2980,2023-07-25 15:02:00,19650.0,19692.9,2749950,5320800,95.8,46.5,397350,859900,0.59035,-0.415188,0.00126977,0.00118843,11.212085,12.017228,2023-08-01
348,2023-07-25 15:02:00,19700.0,19692.9,11973550,9460700,68.0,68.85,1269300,1261700,0.525723,-0.475541,0.0012894,0.00120492,11.309749,12.105147,2023-08-01
5611,2023-07-25 15:02:00,19750.0,19692.9,5988200,2551900,46.7,97.3,675350,361800,0.462045,-0.535124,0.00126495,0.00118507,11.500068,12.283267,2023-08-01
10869,2023-07-25 15:02:00,19800.0,19692.9,13473750,4352100,30.9,131.6,639600,322700,0.401531,-0.591104,0.00121128,0.00112997,11.694846,12.593607,2023-08-01
16126,2023-07-25 15:02:00,19850.0,19692.9,6579800,1349400,19.75,170.5,644850,62300,0.345406,-0.641708,0.00113479,0.00105366,11.898027,12.984497,2023-08-01
21380,2023-07-25 15:02:00,19900.0,19692.9,9958550,2371900,12.4,213.35,451950,54650,0.295298,-0.684408,0.00103967,0.00095921,12.161916,13.576547,2023-08-01
26633,2023-07-25 15:02:00,19950.0,19692.9,4737850,552750,7.8,257.85,278750,9450,0.252331,-0.723689,0.00093497,0.00087446,12.510951,14.009679,2023-08-01
24009,2023-07-25 15:03:00,19450.0,19694.45,226200,3587300,258.0,6.65,2250,374450,0.832599,-0.211617,0.00088648,0.00084755,10.352928,12.511435,2023-08-01
18756,2023-07-25 15:03:00,19500.0,19694.45,2069500,8115250,212.25,11.35,44800,484800,0.775161,-0.254056,0.00101988,0.00095153,10.766893,12.337017,2023-08-01
13499,2023-07-25 15:03:00,19550.0,19694.45,498900,3612000,169.6,18.25,46700,307550,0.715875,-0.30036,0.00112543,0.00105648,11.033301,12.061163,2023-08-01
8242,2023-07-25 15:03:00,19600.0,19694.45,2614200,7261450,130.8,29.5,276900,698600,0.655108,-0.354719,0.00120891,0.00113675,11.162,11.992751,2023-08-01
2981,2023-07-25 15:03:00,19650.0,19694.45,2780250,5246350,96.9,45.55,290350,653600,0.592136,-0.412923,0.00126565,0.00119327,11.236326,11.95303,2023-08-01
349,2023-07-25 15:03:00,19700.0,19694.45,11929800,9508900,68.8,67.55,1134750,1254850,0.527713,-0.473526,0.00128857,0.00121365,11.312936,12.013806,2023-08-01
5612,2023-07-25 15:03:00,19750.0,19694.45,6023800,2545050,47.2,96.0,558600,266500,0.463935,-0.533502,0.00126743,0.00119167,11.482286,12.219127,2023-08-01
10870,2023-07-25 15:03:00,19800.0,19694.45,13522750,4331400,31.45,130.2,591900,244500,0.403591,-0.58982,0.00121056,0.00113631,11.716791,12.532517,2023-08-01
16127,2023-07-25 15:03:00,19850.0,19694.45,6522200,1345150,20.1,168.95,506000,51500,0.347286,-0.640931,0.00113607,0.00106077,11.908262,12.906822,2023-08-01
21381,2023-07-25 15:03:00,19900.0,19694.45,10052400,2361750,12.6,211.45,443350,37100,0.296863,-0.6851,0.00104237,0.0009701,12.159586,13.411151,2023-08-01
26634,2023-07-25 15:03:00,19950.0,19694.45,4823200,552450,7.9,256.85,299350,4450,0.253499,-0.720518,0.00093838,0.00087147,12.495451,14.135794,2023-08-01
24010,2023-07-25 15:04:00,19450.0,19691.0,226200,3587300,255.45,6.85,3600,255050,0.818598,-0.213929,0.00089103,0.00085546,10.841811,12.477404,2023-08-01
18757,2023-07-25 15:04:00,19500.0,19691.0,2069500,8115250,209.05,11.75,36800,355600,0.772243,-0.257155,0.0010304,0.00095866,10.737234,12.325731,2023-08-01
13500,2023-07-25 15:04:00,19550.0,19691.0,498900,3612000,166.3,18.9,32050,206600,0.71392,-0.304014,0.00114116,0.00106244,10.919324,12.061492,2023-08-01
8243,2023-07-25 15:04:00,19600.0,19691.0,2614200,7261450,127.75,30.35,165800,506250,0.652206,-0.358443,0.00122417,0.00114297,11.059677,11.974028,2023-08-01
2982,2023-07-25 15:04:00,19650.0,19691.0,2780250,5246350,94.35,46.9,205200,437550,0.588238,-0.417107,0.00127632,0.00119529,11.170448,11.96311,2023-08-01
350,2023-07-25 15:04:00,19700.0,19691.0,11929800,9508900,66.95,69.25,829000,715400,0.523282,-0.477721,0.00129126,0.00121436,11.299939,12.017171,2023-08-01
5613,2023-07-25 15:04:00,19750.0,19691.0,6023800,2545050,45.6,98.0,357150,155750,0.459391,-0.537656,0.00127087,0.00119189,11.441134,12.20822,2023-08-01
10871,2023-07-25 15:04:00,19800.0,19691.0,13522750,4331400,30.35,132.35,396450,161650,0.399248,-0.594134,0.00120933,0.0011381,11.698493,12.483267,2023-08-01
16128,2023-07-25 15:04:00,19850.0,19691.0,6522200,1345150,19.4,172.25,209750,27100,0.343393,-0.643003,0.00113134,0.00104724,11.91049,13.050119,2023-08-01
21382,2023-07-25 15:04:00,19900.0,19691.0,10052400,2361750,12.1,214.4,318350,27750,0.29317,-0.688219,0.00103711,0.00096493,12.153658,13.428415,2023-08-01
26635,2023-07-25 15:04:00,19950.0,19691.0,4823200,552450,7.55,259.65,213900,3100,0.25004,-0.724711,0.00093273,0.00087024,12.483025,14.054737,2023-08-01
24011,2023-07-25 15:05:00,19450.0,19684.3,226200,3587300,244.55,7.6,9450,405250,,-0.221113,,0.00086675,0.0,12.556803,2023-08-01
18758,2023-07-25 15:05:00,19500.0,19684.3,2069500,8115250,199.0,13.05,72550,516700,0.805451,-0.265669,0.00112231,0.00096526,8.991092,12.452858,2023-08-01
13501,2023-07-25 15:05:00,19550.0,19684.3,498900,3612000,157.35,21.15,58750,436000,0.722779,-0.314229,0.00122817,0.00105871,9.996919,12.284952,2023-08-01
8244,2023-07-25 15:05:00,19600.0,19684.3,2614200,7261450,120.0,33.75,288800,828850,0.651338,-0.369097,0.00129443,0.00112679,10.472991,12.271397,2023-08-01
2983,2023-07-25 15:05:00,19650.0,19684.3,2780250,5246350,88.05,51.65,433450,948550,0.582239,-0.427216,0.00132647,0.0011647,10.787937,12.344519,2023-08-01
351,2023-07-25 15:05:00,19700.0,19684.3,11929800,9508900,62.05,75.55,1290550,1503400,0.514825,-0.486162,0.00132418,0.00116693,11.034495,12.522575,2023-08-01
5614,2023-07-25 15:05:00,19750.0,19684.3,6023800,2545050,42.25,106.0,603200,351700,0.450189,-0.542802,0.0012839,0.00112624,11.299606,12.907944,2023-08-01
10872,2023-07-25 15:05:00,19800.0,19684.3,13522750,4331400,27.8,141.4,716000,336100,0.389814,-0.594888,0.00121629,0.0010648,11.560125,13.341601,2023-08-01
16129,2023-07-25 15:05:00,19850.0,19684.3,6522200,1345150,17.8,181.5,348150,59000,0.334852,-0.640036,0.00112773,0.00098103,11.838148,13.976523,2023-08-01
21383,2023-07-25 15:05:00,19900.0,19684.3,10052400,2361750,11.3,225.1,553700,69650,0.286699,-0.676984,0.00102436,0.0008875,12.181512,14.826085,2023-08-01
26636,2023-07-25 15:05:00,19950.0,19684.3,4823200,552450,7.15,270.75,377450,4650,0.245274,-0.707143,0.00091754,0.00079882,12.564907,15.77744,2023-08-01
24012,2023-07-25 15:06:00,19450.0,19686.85,221050,3641050,247.4,7.0,6700,380650,,-0.215978,,0.00086623,0.0,12.394461,2023-08-01
18759,2023-07-25 15:06:00,19500.0,19686.85,2053850,8090150,203.0,12.05,78300,790350,0.788674,-0.259903,0.00108316,0.00097013,9.787271,12.251132,2023-08-01
13502,2023-07-25 15:06:00,19550.0,19686.85,489150,3563900,161.25,19.65,70950,785950,0.716652,-0.308259,0.00118279,0.00107036,10.490045,12.049669,2023-08-01
8245,2023-07-25 15:06:00,19600.0,19686.85,2569550,6994200,123.15,31.75,412000,1161650,0.651099,-0.363703,0.00126229,0.00114434,10.741555,12.023248,2023-08-01
2984,2023-07-25 15:06:00,19650.0,19686.85,2784400,5113150,90.45,49.05,442050,928650,0.58454,-0.422663,0.0013065,0.00118907,10.938379,12.064042,2023-08-01
352,2023-07-25 15:06:00,19700.0,19686.85,12045450,9207850,63.9,72.25,1424650,1670400,0.518086,-0.482909,0.00131129,0.00119926,11.138315,12.180078,2023-08-01
5615,2023-07-25 15:06:00,19750.0,19686.85,6173100,2525900,43.6,101.9,824900,364750,0.453796,-0.541628,0.00127696,0.00116731,11.37263,12.45671,2023-08-01
10873,2023-07-25 15:06:00,19800.0,19686.85,13641650,4295800,28.85,136.9,677400,372550,0.393624,-0.596232,0.00121165,0.00110809,11.63508,12.808613,2023-08-01
16130,2023-07-25 15:06:00,19850.0,19686.85,6522950,1332750,18.5,177.15,344850,49850,0.338472,-0.643111,0.00112703,0.0010173,11.894194,13.43696,2023-08-01
21384,2023-07-25 15:06:00,19900.0,19686.85,10068800,2350750,11.6,219.95,596150,83800,0.289189,-0.684604,0.00102908,0.00092985,12.174363,14.008556,2023-08-01
26637,2023-07-25 15:06:00,19950.0,19686.85,4875900,550150,7.35,268.25,344350,6200,0.247497,-0.706249,0.00092237,0.00080458,12.558679,15.685425,2023-08-01
24013,2023-07-25 15:07:00,19450.0,19684.35,221050,3641050,246.85,7.1,1050,267200,0.851626,-0.217284,0.00092207,0.00087274,9.20149,12.347241,2023-08-01
18760,2023-07-25 15:07:00,19500.0,19684.35,2053850,8090150,200.8,12.45,41950,349600,0.784968,-0.262687,0.00108959,0.00097388,9.830372,12.273048,2023-08-01
13503,2023-07-25 15:07:00,19550.0,19684.35,489150,3563900,159.15,20.4,20200,347200,0.713746,-0.311792,0.00118911,0.0010704,10.487134,12.111317,2023-08-01
8246,2023-07-25 15:07:00,19600.0,19684.35,2569550,6994200,120.95,32.9,174600,527700,0.648881,-0.367436,0.00127421,0.00114026,10.667475,12.109665,2023-08-01
2985,2023-07-25 15:07:00,19650.0,19684.35,2784400,5113150,88.75,50.75,258100,385750,0.58145,-0.426342,0.00131206,0.00117886,10.912041,12.192399,2023-08-01
353,2023-07-25 15:07:00,19700.0,19684.35,12045450,9207850,62.45,74.45,692500,612500,0.514832,-0.486006,0.0013161,0.00118409,11.103283,12.342064,2023-08-01
5616,2023-07-25 15:07:00,19750.0,19684.35,6173100,2525900,42.45,104.4,287800,127800,0.450424,-0.543843,0.00127991,0.00115069,11.336775,12.631278,2023-08-01
10874,2023-07-25 15:07:00,19800.0,19684.35,13641650,4295800,28.15,139.75,349950,86950,0.390579,-0.597277,0.00120935,0.0010891,11.634021,13.025598,2023-08-01
16131,2023-07-25 15:07:00,19850.0,19684.35,6522950,1332750,18.0,179.55,155450,18000,0.335602,-0.64452,0.00112383,0.00100813,11.890816,13.542733,2023-08-01
21385,2023-07-25 15:07:00,19900.0,19684.35,10068800,2350750,11.25,223.45,376550,30450,0.286499,-0.682064,0.0010253,0.00090795,12.16755,14.397898,2023-08-01
26638,2023-07-25 15:07:00,19950.0,19684.35,4875900,550150,7.05,268.9,249650,1350,0.244561,-0.714388,0.00091921,0.00081915,12.523616,15.207226,2023-08-01
24014,2023-07-25 15:08:00,19450.0,19683.9,221050,3641050,243.75,7.5,3200,284350,,-0.220515,,0.00086912,0.0,12.505218,2023-08-01
18761,2023-07-25 15:08:00,19500.0,19683.9,2053850,8090150,199.75,12.95,28800,471950,0.791115,-0.265358,0.00110298,0.00096811,9.54836,12.410863,2023-08-01
13504,2023-07-25 15:08:00,19550.0,19683.9,489150,3563900,157.6,21.05,22750,301050,0.719042,-0.314123,0.00121554,0.00106202,10.168451,12.247021,2023-08-01
8247,2023-07-25 15:08:00,19600.0,19683.9,2569550,6994200,120.25,33.8,127250,641300,0.649266,-0.369462,0.00128275,0.00112807,10.593005,12.26352,2023-08-01
2986,2023-07-25 15:08:00,19650.0,19683.9,2784400,5113150,88.15,51.5,183000,516500,0.581239,-0.427421,0.00131903,0.00116968,10.856433,12.295251,2023-08-01
354,2023-07-25 15:08:00,19700.0,19683.9,12045450,9207850,62.0,75.45,521100,659200,0.514264,-0.486613,0.00132068,0.00117152,11.066112,12.476008,2023-08-01
5617,2023-07-25 15:08:00,19750.0,19683.9,6173100,2525900,42.05,105.35,289150,143100,0.449644,-0.543876,0.00128421,0.00113974,11.296895,12.753451,2023-08-01
10875,2023-07-25 15:08:00,19800.0,19683.9,13641650,4295800,27.75,141.0,464200,116950,0.389485,-0.596321,0.00121425,0.00107444,11.578688,13.212258,2023-08-01
16132,2023-07-25 15:08:00,19850.0,19683.9,6522950,1332750,17.7,181.55,190600,16700,0.334373,-0.641003,0.00112726,0.00098407,11.838463,13.922791,2023-08-01
21386,2023-07-25 15:08:00,19900.0,19683.9,10068800,2350750,11.15,224.9,580650,26800,0.285832,-0.678968,0.00102524,0.00089358,12.155701,14.690021,2023-08-01
26639,2023-07-25 15:08:00,19950.0,19683.9,4875900,550150,6.95,271.05,238150,2150,0.243683,-0.707607,0.00091935,0.00079882,12.498313,15.76854,2023-08-01
24015,2023-07-25 15:09:00,19450.0,19677.3,219750,3684450,240.0,7.85,5350,349250,0.845869,-0.224481,0.00094941,0.00088554,9.16989,12.403582,2023-08-01
18762,2023-07-25 15:09:00,19500.0,19677.3,2049400,8019050,195.65,13.6,42250,475150,0.766205,-0.270404,0.00108749,0.0009846,10.333177,12.324179,2023-08-01
13505,2023-07-25 15:09:00,19550.0,19677.3,479150,3497300,153.7,22.15,34750,426800,0.703642,-0.320256,0.00119791,0.00107722,10.584805,12.178168,2023-08-01
8248,2023-07-25 15:09:00,19600.0,19677.3,2578250,6948550,116.45,35.35,246750,808300,0.638369,-0.376138,0.00127313,0.00114296,10.792883,12.177918,2023-08-01
2987,2023-07-25 15:09:00,19650.0,19677.3,2785700,4981400,84.85,54.2,286150,691450,0.571768,-0.435176,0.00131071,0.00117372,10.980658,12.299536,2023-08-01
355,2023-07-25 15:09:00,19700.0,19677.3,12049000,8957650,59.5,78.75,852400,871100,0.505546,-0.494353,0.00130799,0.00117414,11.183851,12.458789,2023-08-01
5618,2023-07-25 15:09:00,19750.0,19677.3,6172750,2504750,40.5,108.6,535650,231950,0.442063,-0.552096,0.0012637,0.00115104,11.454701,12.601511,2023-08-01
10876,2023-07-25 15:09:00,19800.0,19677.3,13546150,4265400,26.9,145.7,519500,230250,0.383437,-0.603374,0.00118972,0.00106959,11.768169,13.21611,2023-08-01
16133,2023-07-25 15:09:00,19850.0,19677.3,6475700,1323950,17.0,184.4,370450,39800,0.328832,-0.653434,0.00110769,0.00101135,11.97233,13.38202,2023-08-01
21387,2023-07-25 15:09:00,19900.0,19677.3,9969650,2341200,10.65,229.05,573900,50300,0.280879,-0.689466,0.0010081,0.00090424,12.263866,14.318262,2023-08-01
26640,2023-07-25 15:09:00,19950.0,19677.3,4993900,547550,6.65,274.9,311550,6150,0.23963,-0.720866,0.00090338,0.00081335,12.608922,15.15459,2023-08-01
24016,2023-07-25 15:10:00,19400.0,19671.4,620800,6350350,280.5,5.0,2650,326000,,-0.192112,,0.00079012,0.0,12.684954,2023-08-01
18763,2023-07-25 15:10:00,19450.0,19671.4,219750,3684450,233.6,8.55,4500,516250,0.857355,-0.230725,0.00096893,0.00089557,8.53447,12.459953,2023-08-01
13506,2023-07-25 15:10:00,19500.0,19671.4,2049400,8019050,190.05,14.75,70250,683750,0.762267,-0.27746,0.00111083,0.00099125,10.21315,12.402648,2023-08-01
8249,2023-07-25 15:10:00,19550.0,19671.4,479150,3497300,149.35,24.05,65800,485400,0.694745,-0.328357,0.00120196,0.00107669,10.694593,12.314106,2023-08-01
2988,2023-07-25 15:10:00,19600.0,19671.4,2578250,6948550,112.8,38.1,300550,979950,0.629672,-0.384402,0.00127132,0.00113482,10.897981,12.35103,2023-08-01
356,2023-07-25 15:10:00,19650.0,19671.4,2785700,4981400,82.0,57.4,358850,882200,0.563444,-0.442631,0.00130271,0.0011655,11.091842,12.426764,2023-08-01
5619,2023-07-25 15:10:00,19700.0,19671.4,12049000,8957650,57.5,82.65,964000,1170500,0.497921,-0.501197,0.0012934,0.00116212,11.314962,12.593262,2023-08-01
10877,2023-07-25 15:10:00,19750.0,19671.4,6172750,2504750,38.95,114.5,502950,293550,0.435221,-0.556897,0.00124992,0.0011146,11.553949,12.996462,2023-08-01
16134,2023-07-25 15:10:00,19800.0,19671.4,13546150,4265400,25.85,150.7,598950,252600,0.377481,-0.608365,0.00117456,0.00105394,11.867587,13.370394,2023-08-01
21388,2023-07-25 15:10:00,19850.0,19671.4,6475700,1323950,16.55,191.7,316250,59700,0.32456,-0.652291,0.00108776,0.00096747,12.131257,14.011004,2023-08-01
26641,2023-07-25 15:10:00,19900.0,19671.4,9969650,2341200,10.5,235.7,484800,62550,0.278133,-0.688769,0.00098813,0.00087617,12.456596,14.796498,2023-08-01
24017,2023-07-25 15:11:00,19400.0,19671.15,620800,6350350,281.2,4.55,8500,414250,,-0.187378,,0.00079471,0.0,12.420413,2023-08-01
18764,2023-07-25 15:11:00,19450.0,19671.15,219750,3684450,235.1,7.9,6100,434850,0.822,-0.22617,0.00096665,0.00090508,9.888958,12.192494,2023-08-01
13507,2023-07-25 15:11:00,19500.0,19671.15,2049400,8019050,192.15,13.95,75600,766400,0.745934,-0.27391,0.00106714,0.00100457,11.018046,12.161741,2023-08-01
8250,2023-07-25 15:11:00,19550.0,19671.15,479150,3497300,150.45,22.8,67900,440000,0.689409,-0.324841,0.00117605,0.00109837,11.014433,12.019037,2023-08-01
2989,2023-07-25 15:11:00,19600.0,19671.15,2578250,6948550,114.4,36.55,491800,1025650,0.625655,-0.381969,0.00123616,0.00116189,11.247478,12.04113,2023-08-01
357,2023-07-25 15:11:00,19650.0,19671.15,2785700,4981400,83.3,55.75,449500,1061000,0.561848,-0.441667,0.0012743,0.00119444,11.347054,12.12207,2023-08-01
5620,2023-07-25 15:11:00,19700.0,19671.15,12049000,8957650,58.35,80.6,1099800,1366000,0.497722,-0.501747,0.00127448,0.00119782,11.483617,12.218642,2023-08-01
10878,2023-07-25 15:11:00,19750.0,19671.15,6172750,2504750,39.7,111.85,565700,312150,0.435855,-0.559797,0.00123353,0.00115917,11.711331,12.483999,2023-08-01
16135,2023-07-25 15:11:00,19800.0,19671.15,13546150,4265400,26.25,148.55,780250,343000,0.378241,-0.612829,0.00116538,0.00108964,11.969238,12.890931,2023-08-01
21389,2023-07-25 15:11:00,19850.0,19671.15,6475700,1323950,16.85,189.4,282350,49400,0.325578,-0.659349,0.00108089,0.00100329,12.224792,13.408006,2023-08-01
26642,2023-07-25 15:11:00,19900.0,19671.15,9969650,2341200,10.6,232.8,553850,71550,0.278639,-0.700696,0.00098534,0.00091723,12.503664,13.892149,2023-08-01
24018,2023-07-25 15:12:00,19400.0,19672.5,618400,6407550,287.0,4.55,3250,282200,0.821615,-0.187206,0.00079702,0.00079117,12.009674,12.468675,2023-08-01
18765,2023-07-25 15:12:00,19450.0,19672.5,218600,3756900,238.55,7.65,4200,230750,0.796238,-0.22405,0.00093551,0.00090387,11.101787,12.143561,2023-08-01
13508,2023-07-25 15:12:00,19500.0,19672.5,2046500,8012650,197.2,13.3,48250,390400,0.726462,-0.270427,0.0009988,0.00100904,12.223561,12.03088,2023-08-01
8251,2023-07-25 15:12:00,19550.0,19672.5,460750,3448100,155.35,21.8,43450,356250,0.677925,-0.321222,0.00110332,0.00110799,11.92282,11.859439,2023-08-01
2990,2023-07-25 15:12:00,19600.0,19672.5,2505000,6677950,118.8,34.75,295100,642950,0.620692,-0.377954,0.00117095,0.00118397,11.922464,11.778335,2023-08-01
358,2023-07-25 15:12:00,19650.0,19672.5,2790450,4712250,87.0,53.0,307200,599150,0.561113,-0.438347,0.0012195,0.00123139,11.860213,11.74322,2023-08-01
5621,2023-07-25 15:12:00,19700.0,19672.5,11952050,8536650,61.15,77.2,749800,827000,0.499662,-0.500397,0.00123389,0.00124458,11.861289,11.759443,2023-08-01
10879,2023-07-25 15:12:00,19750.0,19672.5,6151650,2431200,41.6,107.35,352800,165850,0.439033,-0.561869,0.00120766,0.00122349,11.97715,11.817999,2023-08-01
16136,2023-07-25 15:12:00,19800.0,19672.5,13401400,4176550,27.6,143.25,561000,128650,0.381991,-0.620013,0.0011481,0.00116529,12.185775,11.986896,2023-08-01
21390,2023-07-25 15:12:00,19850.0,19672.5,6500000,1300250,17.65,183.55,233750,26050,0.329054,-0.673292,0.00107245,0.00108446,12.373958,12.20156,2023-08-01
26643,2023-07-25 15:12:00,19900.0,19672.5,10149500,2309000,11.0,226.45,471200,35900,0.281302,-0.724824,0.0009833,0.00100259,12.587249,12.213291,2023-08-01
24019,2023-07-25 15:13:00,19400.0,19674.8,618400,6407550,290.8,4.35,6350,288900,0.805218,-0.184647,0.0007786,0.00078685,12.981073,12.429656,2023-08-01
18766,2023-07-25 15:13:00,19450.0,19674.8,218600,3756900,243.2,7.35,1900,474650,0.77615,-0.221302,0.00089574,0.00090016,12.246778,12.10737,2023-08-01
13509,2023-07-25 15:13:00,19500.0,19674.8,2046500,8012650,199.9,12.8,59200,373200,0.725258,-0.267299,0.00098308,0.00100717,12.445107,11.982212,2023-08-01
8252,2023-07-25 15:13:00,19550.0,19674.8,460750,3448100,158.6,20.9,54400,352700,0.675983,-0.317397,0.00107541,0.00111102,12.261799,11.767005,2023-08-01
2991,2023-07-25 15:13:00,19600.0,19674.8,2505000,6677950,120.95,33.7,388050,671200,0.622327,-0.374607,0.00115837,0.00118705,12.035073,11.714405,2023-08-01
359,2023-07-25 15:13:00,19650.0,19674.8,2790450,4712250,88.85,51.5,367900,574600,0.563475,-0.43506,0.00120882,0.00123944,11.952884,11.650657,2023-08-01
5622,2023-07-25 15:13:00,19700.0,19674.8,11952050,8536650,62.45,75.35,996950,728350,0.502511,-0.497574,0.00122948,0.00125572,11.902858,11.654155,2023-08-01
10880,2023-07-25 15:13:00,19750.0,19674.8,6151650,2431200,42.5,105.35,413400,182250,0.441898,-0.559575,0.00120716,0.0012342,11.994325,11.725074,2023-08-01
16137,2023-07-25 15:13:00,19800.0,19674.8,13401400,4176550,28.1,140.75,616000,221400,0.384446,-0.619028,0.00115196,0.00118253,12.167289,11.820611,2023-08-01
21391,2023-07-25 15:13:00,19850.0,19674.8,6500000,1300250,17.9,181.4,321350,43650,0.330963,-0.67172,0.00107847,0.00109249,12.332637,12.134612,2023-08-01
26644,2023-07-25 15:13:00,19900.0,19674.8,10149500,2309000,11.1,223.55,565450,41500,0.282617,-0.727737,0.00099008,0.00102292,12.528311,11.906898,2023-08-01
24020,2023-07-25 15:14:00,19400.0,19674.65,618400,6407550,293.7,4.45,4850,379450,0.78058,-0.185832,0.00075021,0.00078641,14.457076,12.486809,2023-08-01
18767,2023-07-25 15:14:00,19450.0,19674.65,218600,3756900,245.55,7.35,2200,325850,0.759425,-0.22136,0.00086403,0.00090062,13.216454,12.103634,2023-08-01
13510,2023-07-25 15:14:00,19500.0,19674.65,2046500,8012650,200.0,12.65,35200,347050,0.724046,-0.266606,0.00097983,0.00101014,12.514235,11.931919,2023-08-01
8253,2023-07-25 15:14:00,19550.0,19674.65,460750,3448100,159.0,20.85,19450,258750,0.674281,-0.317316,0.00106725,0.00111262,12.382902,11.749538,2023-08-01
2992,2023-07-25 15:14:00,19600.0,19674.65,2505000,6677950,120.75,33.5,228350,416800,0.622306,-0.374327,0.00116001,0.00119154,12.018913,11.668216,2023-08-01
360,2023-07-25 15:14:00,19650.0,19674.65,2790450,4712250,88.55,51.4,261100,437300,0.563458,-0.435113,0.00121244,0.00124239,11.918034,11.623892,2023-08-01
5623,2023-07-25 15:14:00,19700.0,19674.65,11952050,8536650,62.4,74.95,734300,566200,0.502326,-0.497795,0.00122895,0.00126458,11.90871,11.573198,2023-08-01
10881,2023-07-25 15:14:00,19750.0,19674.65,6151650,2431200,42.45,105.2,339600,119750,0.441727,-0.560013,0.00120685,0.00123869,11.997332,11.68127,2023-08-01
16138,2023-07-25 15:14:00,19800.0,19674.65,13401400,4176550,28.05,140.55,400800,135300,0.384265,-0.619888,0.00115186,0.00118832,12.167345,11.755622,2023-08-01
21392,2023-07-25 15:14:00,19850.0,19674.65,6500000,1300250,17.85,180.05,312900,13600,0.330743,-0.677416,0.00107855,0.00112078,12.329116,11.744574,2023-08-01
26645,2023-07-25 15:14:00,19900.0,19674.65,10149500,2309000,11.1,222.6,354400,14200,0.282592,-0.735072,0.00098943,0.00104427,12.536836,11.505145,2023-08-01
24021,2023-07-25 15:15:00,19450.0,19675.15,216550,3965500,242.0,7.55,5600,367050,0.788874,-0.222829,0.00091513,0.00089626,11.589909,12.208803,2023-08-01
18768,2023-07-25 15:15:00,19500.0,19675.15,2023400,7973550,199.75,13.15,65850,539900,0.727587,-0.26899,0.00098899,0.00100002,12.319809,12.107182,2023-08-01
13511,2023-07-25 15:15:00,19550.0,19675.15,438600,3381200,158.2,21.35,63850,350000,0.678324,-0.318749,0.00108554,0.00110121,12.112044,11.894062,2023-08-01
8254,2023-07-25 15:15:00,19600.0,19675.15,2508450,6580800,121.0,34.25,257500,569850,0.623037,-0.37547,0.00116087,0.00117479,12.003119,11.846154,2023-08-01
2993,2023-07-25 15:15:00,19650.0,19675.15,2715100,4645300,89.1,52.2,312600,512450,0.563836,-0.435378,0.00120744,0.00122374,11.965835,11.802604,2023-08-01
361,2023-07-25 15:15:00,19700.0,19675.15,11886950,8348050,62.9,76.1,790500,814700,0.502952,-0.497091,0.00122402,0.00123833,11.956764,11.818648,2023-08-01
5624,2023-07-25 15:15:00,19750.0,19675.15,6155600,2372450,43.2,106.35,436850,242350,0.442888,-0.557912,0.00119675,0.00121151,12.104093,11.953087,2023-08-01
10882,2023-07-25 15:15:00,19800.0,19675.15,13360900,4123100,28.65,141.8,533650,174950,0.385803,-0.61582,0.00114379,0.00115817,12.267943,12.100625,2023-08-01
16139,2023-07-25 15:15:00,19850.0,19675.15,6459700,1278200,18.55,181.65,401300,26600,0.333361,-0.669428,0.00106824,0.00108294,12.487489,12.276859,2023-08-01
21393,2023-07-25 15:15:00,19900.0,19675.15,10062250,2275600,11.65,225.0,862050,49900,0.285674,-0.717176,0.0009817,0.00099108,12.701501,12.521106,2023-08-01
26646,2023-07-25 15:15:00,19950.0,19675.15,5113500,544600,7.25,272.75,374500,4100,0.244023,-0.744535,0.00088702,0.00086287,12.973906,13.665563,2023-08-01
24022,2023-07-25 15:16:00,19450.0,19678.6,216550,3965500,247.95,7.15,1700,209350,0.769985,-0.219048,0.00087098,0.00089016,12.788755,12.171115,2023-08-01
18769,2023-07-25 15:16:00,19500.0,19678.6,2023400,7973550,202.4,12.35,48900,381850,0.732389,-0.263986,0.00098702,0.00099817,12.233473,12.013409,2023-08-01
13512,2023-07-25 15:16:00,19550.0,19678.6,438600,3381200,160.65,20.15,29350,293750,0.682838,-0.313411,0.00108411,0.00110341,12.054822,11.783925,2023-08-01
8255,2023-07-25 15:16:00,19600.0,19678.6,2508450,6580800,123.3,32.35,212550,340700,0.627189,-0.369749,0.00115818,0.00118548,11.987568,11.68034,2023-08-01
2994,2023-07-25 15:16:00,19650.0,19678.6,2715100,4645300,90.65,49.9,257050,395300,0.568415,-0.430347,0.0012132,0.00123703,11.884394,11.649125,2023-08-01
362,2023-07-25 15:16:00,19700.0,19678.6,11886950,8348050,64.0,73.25,828250,597450,0.507175,-0.492812,0.00123294,0.00125671,11.867249,11.642694,2023-08-01
5625,2023-07-25 15:16:00,19750.0,19678.6,6155600,2372450,43.8,102.95,342000,99200,0.446435,-0.554843,0.00120979,0.00123513,11.987037,11.735935,2023-08-01
10883,2023-07-25 15:16:00,19800.0,19678.6,13360900,4123100,28.95,137.6,605050,96600,0.388557,-0.615217,0.00115798,0.0011927,12.14111,11.754296,2023-08-01
16140,2023-07-25 15:16:00,19850.0,19678.6,6459700,1278200,18.6,177.7,237250,44850,0.335107,-0.669617,0.00108328,0.00110885,12.337888,11.985826,2023-08-01
21394,2023-07-25 15:16:00,19900.0,19678.6,10062250,2275600,11.65,220.35,628200,186350,0.286847,-0.72281,0.0009946,0.00102659,12.559597,11.969171,2023-08-01
26647,2023-07-25 15:16:00,19950.0,19678.6,5113500,544600,7.25,267.8,282300,2050,0.244905,-0.754096,0.00089738,0.00089531,12.847471,12.905317,2023-08-01
24023,2023-07-25 15:17:00,19450.0,19677.8,216550,3965500,248.8,7.1,2100,306900,0.759377,-0.218834,0.00085295,0.00089339,13.3895,12.121333,2023-08-01
18770,2023-07-25 15:17:00,19500.0,19677.8,2023400,7973550,203.9,12.25,21650,348650,0.721584,-0.263714,0.00095615,0.00100304,12.879808,11.949932,2023-08-01
13513,2023-07-25 15:17:00,19550.0,19677.8,438600,3381200,161.75,19.95,12050,192350,0.676657,-0.313073,0.00105739,0.00111109,12.460673,11.698127,2023-08-01
8256,2023-07-25 15:17:00,19600.0,19677.8,2508450,6580800,123.9,32.15,104600,294200,0.6241,-0.369827,0.00113959,0.00119435,12.216064,11.595499,2023-08-01
2995,2023-07-25 15:17:00,19650.0,19677.8,2715100,4645300,91.5,49.55,166950,269250,0.566274,-0.430708,0.00119085,0.00124995,12.119745,11.53161,2023-08-01
363,2023-07-25 15:17:00,19700.0,19677.8,11886950,8348050,64.65,73.1,617000,478100,0.506192,-0.493822,0.0012147,0.00126736,12.046992,11.546446,2023-08-01
5626,2023-07-25 15:17:00,19750.0,19677.8,6155600,2372450,44.3,102.5,247400,67150,0.446196,-0.556767,0.00119518,0.00125297,12.133706,11.561988,2023-08-01
10884,2023-07-25 15:17:00,19800.0,19677.8,13360900,4123100,29.55,137.65,376000,83700,0.389237,-0.617334,0.00114253,0.00120241,12.312564,11.641303,2023-08-01
16141,2023-07-25 15:17:00,19850.0,19677.8,6459700,1278200,19.0,177.35,199450,25650,0.336074,-0.674225,0.00107228,0.00112742,12.479657,11.722697,2023-08-01
21395,2023-07-25 15:17:00,19900.0,19677.8,10062250,2275600,11.9,220.25,325050,17650,0.287879,-0.728657,0.00098715,0.001041,12.677092,11.680883,2023-08-01
26648,2023-07-25 15:17:00,19950.0,19677.8,5113500,544600,7.45,267.45,269100,13750,0.246245,-0.76359,0.00089176,0.00091131,12.967576,12.411409,2023-08-01
24024,2023-07-25 15:18:00,19450.0,19676.35,216100,4119600,247.3,7.25,800,226750,0.759308,-0.220342,0.00085785,0.00089616,13.31672,12.133199,2023-08-01
18771,2023-07-25 15:18:00,19500.0,19676.35,2008300,8053650,203.6,12.4,45550,276700,0.716383,-0.264931,0.00094555,0.00100669,13.142824,11.936058,2023-08-01
13514,2023-07-25 15:18:00,19550.0,19676.35,429200,3418300,160.85,20.3,11900,133950,0.674436,-0.31487,0.00105583,0.00111268,12.515708,11.711587,2023-08-01
8257,2023-07-25 15:18:00,19600.0,19676.35,2490500,6592900,123.05,32.7,103450,211100,0.622156,-0.371805,0.00113857,0.00119405,12.24811,11.619896,2023-08-01
2996,2023-07-25 15:18:00,19650.0,19676.35,2658450,4508100,90.85,49.95,157750,234650,0.564368,-0.432351,0.00118825,0.00125452,12.157472,11.499267,2023-08-01
364,2023-07-25 15:18:00,19700.0,19676.35,11709600,8152950,64.1,73.45,432400,388100,0.504433,-0.495675,0.00121229,0.00127528,12.073111,11.476822,2023-08-01
5627,2023-07-25 15:18:00,19750.0,19676.35,6123800,2341750,43.95,103.4,266700,68400,0.444636,-0.558612,0.00119124,0.00125271,12.16875,11.557965,2023-08-01
10885,2023-07-25 15:18:00,19800.0,19676.35,13362800,4099950,29.1,138.15,353100,58450,0.387476,-0.620372,0.00114213,0.00121236,12.302303,11.519319,2023-08-01
16142,2023-07-25 15:18:00,19850.0,19676.35,6419150,1263750,18.7,178.0,194300,8600,0.334456,-0.678013,0.00107074,0.00113633,12.475462,11.576358,2023-08-01
21396,2023-07-25 15:18:00,19900.0,19676.35,9965000,2194700,11.65,221.4,233050,12550,0.286145,-0.731103,0.0009859,0.00104104,12.658405,11.629086,2023-08-01
26649,2023-07-25 15:18:00,19950.0,19676.35,5269450,540300,7.25,269.8,258250,300,0.244402,-0.756568,0.00089042,0.00089238,12.936258,12.880179,2023-08-01
24025,2023-07-25 15:19:00,19450.0,19676.35,216100,4119600,247.1,7.3,800,232700,0.760446,-0.220762,0.00086021,0.00089546,13.246558,12.156519,2023-08-01
18772,2023-07-25 15:19:00,19500.0,19676.35,2008300,8053650,201.85,12.65,27050,310750,0.723681,-0.266239,0.00097021,0.00100263,12.648552,12.0149,2023-08-01
13515,2023-07-25 15:19:00,19550.0,19676.35,429200,3418300,159.0,20.7,7450,192250,0.67993,-0.316224,0.00108532,0.00110562,12.090815,11.808501,2023-08-01
8258,2023-07-25 15:19:00,19600.0,19676.35,2490500,6592900,121.25,33.25,107350,349150,0.625425,-0.372903,0.00116872,0.00118405,11.900359,11.729655,2023-08-01
2997,2023-07-25 15:19:00,19650.0,19676.35,2658450,4508100,89.25,50.9,115500,280050,0.565712,-0.43323,0.00121553,0.00123688,11.878606,11.668322,2023-08-01
365,2023-07-25 15:19:00,19700.0,19676.35,11709600,8152950,63.0,74.7,404350,384150,0.504395,-0.49564,0.00123143,0.00125169,11.886106,11.693726,2023-08-01
5628,2023-07-25 15:19:00,19750.0,19676.35,6123800,2341750,43.1,104.65,214500,67650,0.443846,-0.557353,0.00120612,0.0012288,12.015834,11.78891,2023-08-01
10886,2023-07-25 15:19:00,19800.0,19676.35,13362800,4099950,28.55,140.1,350900,113700,0.386397,-0.616094,0.0011518,0.00117413,12.189816,11.935184,2023-08-01
16143,2023-07-25 15:19:00,19850.0,19676.35,6419150,1263750,18.2,179.9,183950,16650,0.332804,-0.670803,0.00107955,0.00109867,12.350174,12.08258,2023-08-01
21397,2023-07-25 15:19:00,19900.0,19676.35,9965000,2194700,11.4,222.85,246650,7700,0.28487,-0.722077,0.00099014,0.00101281,12.578115,12.150907,2023-08-01
26650,2023-07-25 15:19:00,19950.0,19676.35,5269450,540300,7.05,269.75,484700,1850,0.242883,-0.756959,0.00089348,0.00089316,12.849359,12.858449,2023-08-01
24026,2023-07-25 15:20:00,19400.0,19674.2,607700,6324250,293.6,4.3,4750,278650,0.777879,-0.184358,0.00074755,0.00078871,14.615251,12.392986,2023-08-01
18773,2023-07-25 15:20:00,19450.0,19674.2,216100,4119600,247.45,7.0,2200,360700,0.746366,-0.218825,0.00083679,0.00090661,14.042634,11.948342,2023-08-01
13516,2023-07-25 15:20:00,19500.0,19674.2,2008300,8053650,203.1,12.1,47450,452600,0.709376,-0.26402,0.00093123,0.00102066,13.502856,11.754506,2023-08-01
8259,2023-07-25 15:20:00,19550.0,19674.2,429200,3418300,160.45,19.9,58150,276850,0.668653,-0.314434,0.00103944,0.00113147,12.806427,11.512697,2023-08-01
2998,2023-07-25 15:20:00,19600.0,19674.2,2490500,6592900,123.05,32.15,236500,581300,0.617181,-0.37202,0.00111697,0.00121887,12.537443,11.387737,2023-08-01
366,2023-07-25 15:20:00,19650.0,19674.2,2658450,4508100,90.55,49.5,270650,541700,0.56105,-0.433853,0.00117349,0.00128143,12.329363,11.267372,2023-08-01
5629,2023-07-25 15:20:00,19700.0,19674.2,11709600,8152950,63.6,72.85,889900,787300,0.501857,-0.498548,0.00120335,0.00130953,12.166025,11.179607,2023-08-01
10887,2023-07-25 15:20:00,19750.0,19674.2,6123800,2341750,43.5,102.35,504250,187000,0.442403,-0.564022,0.00118423,0.00130081,12.233426,11.109387,2023-08-01
16144,2023-07-25 15:20:00,19800.0,19674.2,13362800,4099950,28.65,137.1,511950,237450,0.385292,-0.629591,0.00113773,0.00126697,12.332168,10.94004,2023-08-01
21398,2023-07-25 15:20:00,19850.0,19674.2,6419150,1263750,18.2,176.95,317500,38150,0.331861,-0.693296,0.00106946,0.00119627,12.454599,10.771792,2023-08-01
26651,2023-07-25 15:20:00,19900.0,19674.2,9965000,2194700,11.2,219.95,622100,32950,0.283128,-0.761641,0.00098544,0.00111299,12.603045,10.211704,2023-08-01
24027,2023-07-25 15:21:00,19450.0,19676.65,216200,4255300,248.15,7.0,1750,137050,0.756073,-0.218365,0.00085001,0.00089836,13.538882,12.042449,2023-08-01
18774,2023-07-25 15:21:00,19500.0,19676.65,1984050,8057550,203.4,12.1,21650,205550,0.718377,-0.263347,0.00095096,0.00101006,13.02554,11.861499,2023-08-01
13517,2023-07-25 15:21:00,19550.0,19676.65,437500,3346600,160.95,19.85,34750,174150,0.675044,-0.313278,0.00105702,0.00111874,12.493721,11.624401,2023-08-01
8260,2023-07-25 15:21:00,19600.0,19676.65,2408500,6500550,123.05,32.05,105400,472300,0.622803,-0.370364,0.00114113,0.00120357,12.215788,11.514999,2023-08-01
2999,2023-07-25 15:21:00,19650.0,19676.65,2588100,4340700,90.5,49.4,153150,365250,0.56513,-0.4316,0.0011964,0.00126198,12.072488,11.429127,2023-08-01
367,2023-07-25 15:21:00,19700.0,19676.65,11676850,8169050,63.65,72.6,566250,483900,0.504772,-0.495318,0.00122203,0.00128826,11.978348,11.362638,2023-08-01
5630,2023-07-25 15:21:00,19750.0,19676.65,6100750,2280550,43.55,102.25,312050,98550,0.444539,-0.55922,0.00119983,0.00127144,12.082844,11.386615,2023-08-01
10888,2023-07-25 15:21:00,19800.0,19676.65,13276950,4007150,28.7,137.2,498400,121200,0.386911,-0.621668,0.00115051,0.00122742,12.209153,11.367607,2023-08-01
16145,2023-07-25 15:21:00,19850.0,19676.65,6428050,1252100,18.25,177.45,222900,26150,0.333148,-0.67887,0.0010798,0.00114295,12.35334,11.498072,2023-08-01
21399,2023-07-25 15:21:00,19900.0,19676.65,10118200,2180000,11.25,220.05,487100,25850,0.284226,-0.738406,0.00099371,0.00106433,12.520357,11.218246,2023-08-01
26652,2023-07-25 15:21:00,19950.0,19676.65,5631350,537800,6.9,266.3,553950,1100,0.241829,-0.787904,0.00089662,0.0009473,12.775185,11.228943,2023-08-01
24028,2023-07-25 15:22:00,19450.0,19681.35,216200,4255300,250.0,6.7,3750,245200,0.77514,-0.215003,0.00087071,0.00088684,12.632459,12.087608,2023-08-01
18775,2023-07-25 15:22:00,19500.0,19681.35,1984050,8057550,205.0,11.6,24500,342350,0.733651,-0.259372,0.0009775,0.0009983,12.325101,11.905605,2023-08-01
13518,2023-07-25 15:22:00,19550.0,19681.35,437500,3346600,162.6,19.0,39100,215750,0.686353,-0.308434,0.00108243,0.00110838,12.018151,11.651694,2023-08-01
8261,2023-07-25 15:22:00,19600.0,19681.35,2408500,6500550,124.0,30.8,146850,545650,0.632696,-0.365028,0.00117507,0.00119461,11.760031,11.543787,2023-08-01
3000,2023-07-25 15:22:00,19650.0,19681.35,2588100,4340700,91.05,47.8,219000,392450,0.572879,-0.425997,0.00123212,0.00125251,11.680099,11.483853,2023-08-01
368,2023-07-25 15:22:00,19700.0,19681.35,11676850,8169050,63.8,70.4,653400,577600,0.510635,-0.489286,0.00125915,0.00128246,11.619743,11.408483,2023-08-01
5631,2023-07-25 15:22:00,19750.0,19681.35,6100750,2280550,43.4,100.0,372250,136550,0.44856,-0.552529,0.00123589,0.00125884,11.744119,11.525805,2023-08-01
10889,2023-07-25 15:22:00,19800.0,19681.35,13276950,4007150,28.4,134.7,696000,158150,0.389304,-0.613721,0.00118356,0.00121226,11.887083,11.57957,2023-08-01
16146,2023-07-25 15:22:00,19850.0,19681.35,6428050,1252100,18.0,174.55,318950,37100,0.334478,-0.669746,0.00110688,0.00113016,12.06776,11.759758,2023-08-01
21400,2023-07-25 15:22:00,19900.0,19681.35,10118200,2180000,11.0,217.9,574150,42050,0.28449,-0.720103,0.00101642,0.00103187,12.24378,11.96634,2023-08-01
26653,2023-07-25 15:22:00,19950.0,19681.35,5631350,537800,6.65,263.35,600650,2550,0.241,-0.76772,0.00091525,0.00093209,12.489522,12.017678,2023-08-01
24029,2023-07-25 15:23:00,19450.0,19677.65,216200,4255300,250.2,6.6,6200,277900,0.750547,-0.2149,0.00083456,0.00090026,13.956637,11.906953,2023-08-01
18776,2023-07-25 15:23:00,19500.0,19677.65,1984050,8057550,204.95,11.5,54400,353400,0.716383,-0.259867,0.00093939,0.00101546,13.231394,11.718662,2023-08-01
13519,2023-07-25 15:23:00,19550.0,19677.65,437500,3346600,162.7,18.9,51050,316800,0.673267,-0.309565,0.00104038,0.00113021,12.722457,11.447653,2023-08-01
8262,2023-07-25 15:23:00,19600.0,19677.65,2408500,6500550,124.3,30.65,260100,535900,0.622899,-0.366871,0.00113054,0.00122274,12.329846,11.299872,2023-08-01
3001,2023-07-25 15:23:00,19650.0,19677.65,2588100,4340700,91.2,47.35,293900,417850,0.566204,-0.428721,0.00119346,0.00129286,12.097327,11.142259,2023-08-01
369,2023-07-25 15:23:00,19700.0,19677.65,11676850,8169050,63.75,70.2,773100,565200,0.505985,-0.494043,0.00122816,0.00132552,11.91864,11.043291,2023-08-01
5632,2023-07-25 15:23:00,19750.0,19677.65,6100750,2280550,43.25,99.75,356300,169350,0.445138,-0.559913,0.00121182,0.00131015,11.966296,11.047854,2023-08-01
10890,2023-07-25 15:23:00,19800.0,19677.65,13276950,4007150,28.35,134.4,538550,164950,0.38686,-0.625403,0.00116234,0.00127314,12.085073,10.926043,2023-08-01
16147,2023-07-25 15:23:00,19850.0,19677.65,6428050,1252100,17.75,173.95,255250,60850,0.33193,-0.689497,0.00109346,0.00120475,12.181973,10.753564,2023-08-01
21401,2023-07-25 15:23:00,19900.0,19677.65,10118200,2180000,10.9,217.15,538350,34800,0.282724,-0.754073,0.00100361,0.001113,12.366043,10.385795,2023-08-01
26654,2023-07-25 15:23:00,19950.0,19677.65,5631350,537800,6.6,263.4,231150,3350,0.239696,-0.818876,0.00090438,0.00098311,12.60536,9.832821,2023-08-01
24030,2023-07-25 15:24:00,19450.0,19679.55,215550,4345850,249.3,6.65,2250,213150,0.767114,-0.214984,0.00086233,0.00089329,13.011232,12.002062,2023-08-01
18777,2023-07-25 15:24:00,19500.0,19679.55,1960400,8024000,203.85,11.65,35550,261400,0.7299,-0.26019,0.00097465,0.00100489,12.45072,11.849026,2023-08-01
13520,2023-07-25 15:24:00,19550.0,19679.55,423800,3300000,160.9,19.2,16850,151800,0.685239,-0.309901,0.00108972,0.00111431,11.958163,11.615965,2023-08-01
8263,2023-07-25 15:24:00,19600.0,19679.55,2417700,6321200,122.6,31.1,193650,395200,0.6308,-0.366736,0.0011794,0.00120101,11.738999,11.502365,2023-08-01
3002,2023-07-25 15:24:00,19650.0,19679.55,2543800,4219550,89.95,48.1,193200,330500,0.570658,-0.427848,0.00123357,0.00126168,11.680563,11.412554,2023-08-01
370,2023-07-25 15:24:00,19700.0,19679.55,11711200,8025300,62.9,71.3,774850,678450,0.508363,-0.4916,0.00125969,0.00128319,11.618553,11.405802,2023-08-01
5633,2023-07-25 15:24:00,19750.0,19679.55,6018100,2217450,42.75,100.85,302200,134950,0.446359,-0.555073,0.0012345,0.0012635,11.75087,11.475463,2023-08-01
10891,2023-07-25 15:24:00,19800.0,19679.55,13279800,3896500,28.0,135.8,560600,104800,0.387368,-0.616387,0.00117995,0.00121479,11.908631,11.534084,2023-08-01
16148,2023-07-25 15:24:00,19850.0,19679.55,6488150,1231300,17.6,176.0,286050,27000,0.3323,-0.671865,0.00110537,0.00112789,12.055469,11.755194,2023-08-01
21402,2023-07-25 15:24:00,19900.0,19679.55,10263350,2151000,10.8,219.05,479800,31950,0.282837,-0.724592,0.00101277,0.00103714,12.255908,11.814165,2023-08-01
26655,2023-07-25 15:24:00,19950.0,19679.55,5949250,534450,6.5,266.1,353600,2000,0.239361,-0.759795,0.0009119,0.00091023,12.491296,12.538203,2023-08-01
24031,2023-07-25 15:25:00,19450.0,19679.4,215550,4345850,248.1,6.7,2200,350900,0.774224,-0.215461,0.00087594,0.0008931,12.589085,12.020813,2023-08-01
18778,2023-07-25 15:25:00,19500.0,19679.4,1960400,8024000,202.35,11.9,98450,383950,0.736541,-0.26161,0.00099588,0.00100144,12.033656,11.923854,2023-08-01
13521,2023-07-25 15:25:00,19550.0,19679.4,423800,3300000,160.3,19.75,27300,218750,0.68665,-0.311908,0.00109802,0.00110533,11.845623,11.743896,2023-08-01
8264,2023-07-25 15:25:00,19600.0,19679.4,2417700,6321200,122.5,32.25,182700,460750,0.630589,-0.36922,0.00117932,0.00118101,11.742625,11.723887,2023-08-01
3003,2023-07-25 15:25:00,19650.0,19679.4,2543800,4219550,90.0,49.45,207900,424300,0.570327,-0.429321,0.00123097,0.00123765,11.707624,11.64265,2023-08-01
371,2023-07-25 15:25:00,19700.0,19679.4,11711200,8025300,63.1,72.9,645950,461950,0.508163,-0.491837,0.00125447,0.00125428,11.667673,11.669445,2023-08-01
5634,2023-07-25 15:25:00,19750.0,19679.4,6018100,2217450,43.0,102.4,482800,110650,0.446461,-0.553874,0.00122857,0.00123534,11.808741,11.742681,2023-08-01
10892,2023-07-25 15:25:00,19800.0,19679.4,13279800,3896500,28.15,137.7,564250,99100,0.38759,-0.612785,0.00117607,0.00117956,11.95058,11.911958,2023-08-01
16149,2023-07-25 15:25:00,19850.0,19679.4,6488150,1231300,17.55,177.7,311050,35950,0.332075,-0.666393,0.00110546,0.00109712,12.051961,12.16569,2023-08-01
21403,2023-07-25 15:25:00,19900.0,19679.4,10263350,2151000,10.75,220.25,482050,29600,0.282535,-0.718468,0.00101301,0.00101634,12.247501,12.186408,2023-08-01
26656,2023-07-25 15:25:00,19950.0,19679.4,5949250,534450,6.45,266.85,355050,1950,0.238932,-0.755049,0.00091218,0.00090007,12.47582,12.815577,2023-08-01
24032,2023-07-25 15:26:00,19450.0,19678.85,215550,4345850,248.85,6.6,3200,605750,0.765259,-0.21475,0.0008612,0.00089618,13.087544,11.957407,2023-08-01
18779,2023-07-25 15:26:00,19500.0,19678.85,1960400,8024000,204.0,11.75,24750,391550,0.725687,-0.260978,0.00096464,0.00100609,12.678853,11.854834,2023-08-01
13522,2023-07-25 15:26:00,19550.0,19678.85,423800,3300000,161.9,19.7,17450,152000,0.679497,-0.311976,0.00106508,0.00110905,12.330344,11.706459,2023-08-01
8265,2023-07-25 15:26:00,19600.0,19678.85,2417700,6321200,123.9,32.15,108050,407400,0.626451,-0.369352,0.00114898,0.00118634,12.097016,11.673495,2023-08-01
3004,2023-07-25 15:26:00,19650.0,19678.85,2543800,4219550,91.2,49.45,184200,312750,0.568229,-0.429797,0.00120421,0.00124203,11.979887,11.604961,2023-08-01
372,2023-07-25 15:26:00,19700.0,19678.85,11711200,8025300,64.2,72.4,552300,388300,0.507451,-0.492517,0.00122963,0.00126898,11.90474,11.535576,2023-08-01
5635,2023-07-25 15:26:00,19750.0,19678.85,6018100,2217450,43.95,101.8,364450,81850,0.446846,-0.55546,0.00120713,0.0012531,12.020905,11.570706,2023-08-01
10893,2023-07-25 15:26:00,19800.0,19678.85,13279800,3896500,28.85,136.9,479050,75850,0.388652,-0.615959,0.00115973,0.00120223,12.12945,11.660008,2023-08-01
16150,2023-07-25 15:26:00,19850.0,19678.85,6488150,1231300,18.1,176.8,265400,9400,0.33374,-0.671804,0.00109235,0.00112225,12.221678,11.81676,2023-08-01
21404,2023-07-25 15:26:00,19900.0,19678.85,10263350,2151000,10.9,219.55,511200,9300,0.283199,-0.726065,0.001008,0.00103818,12.323198,11.772686,2023-08-01
26657,2023-07-25 15:26:00,19950.0,19678.85,5949250,534450,6.45,264.8,485900,1750,0.238824,-0.779125,0.00091039,0.00094234,12.498342,11.557684,2023-08-01
24033,2023-07-25 15:27:00,19450.0,19680.05,212950,4448800,249.8,6.3,2600,417450,0.767066,-0.211951,0.00086054,0.0008961,13.041453,11.867168,2023-08-01
18780,2023-07-25 15:27:00,19500.0,19680.05,1936750,8129750,205.0,11.45,42050,356050,0.726896,-0.259026,0.00096275,0.00100584,12.675895,11.811932,2023-08-01
13523,2023-07-25 15:27:00,19550.0,19680.05,405050,3308200,162.6,19.3,26950,195900,0.681491,-0.31012,0.00106695,0.00110959,12.276368,11.670422,2023-08-01
8266,2023-07-25 15:27:00,19600.0,19680.05,2269200,6096950,124.15,31.7,165200,486200,0.628937,-0.367749,0.00115733,0.00118636,11.983885,11.656469,2023-08-01
3005,2023-07-25 15:27:00,19650.0,19680.05,2402750,3958700,91.5,48.75,149750,384250,0.570042,-0.428104,0.00121034,0.00124496,11.909536,11.568611,2023-08-01
373,2023-07-25 15:27:00,19700.0,19680.05,11425750,7727650,64.4,71.5,646700,472700,0.508936,-0.490987,0.00123598,0.0012739,11.842503,11.490002,2023-08-01
5636,2023-07-25 15:27:00,19750.0,19680.05,5839550,2132600,44.05,101.1,368950,88300,0.447999,-0.553894,0.00121363,0.00125234,11.961027,11.58393,2023-08-01
10894,2023-07-25 15:27:00,19800.0,19680.05,13085050,3815350,29.05,135.75,562500,107850,0.389817,-0.615072,0.00116295,0.00120865,12.106163,11.605902,2023-08-01
16151,2023-07-25 15:27:00,19850.0,19680.05,6460300,1213100,18.4,175.85,363300,11400,0.335324,-0.670321,0.00109246,0.00112329,12.243111,11.827163,2023-08-01
21405,2023-07-25 15:27:00,19900.0,19680.05,10209200,2131450,11.1,218.4,545650,12950,0.284712,-0.725349,0.00100897,0.00104214,12.34267,11.742957,2023-08-01
26658,2023-07-25 15:27:00,19950.0,19680.05,5786650,529450,6.55,264.25,468600,4950,0.239988,-0.771968,0.00091246,0.00093482,12.502982,11.863226,2023-08-01
24034,2023-07-25 15:28:00,19450.0,19678.2,212950,4448800,249.9,6.45,1250,305800,0.754975,-0.213643,0.00084241,0.00090024,13.697886,11.869271,2023-08-01
18781,2023-07-25 15:28:00,19500.0,19678.2,1936750,8129750,204.9,11.35,61450,386150,0.718771,-0.259004,0.00094494,0.00101527,13.10321,11.703339,2023-08-01
13524,2023-07-25 15:28:00,19550.0,19678.2,405050,3308200,162.1,19.05,23600,271300,0.67663,-0.309989,0.0010546,0.001124,12.500638,11.520291,2023-08-01
8267,2023-07-25 15:28:00,19600.0,19678.2,2269200,6096950,123.65,31.0,140850,480850,0.625285,-0.367374,0.00114602,0.0012117,12.141814,11.410494,2023-08-01
3006,2023-07-25 15:28:00,19650.0,19678.2,2402750,3958700,90.4,48.1,205800,358500,0.567793,-0.429048,0.00121153,0.00127272,11.911372,11.322815,2023-08-01
374,2023-07-25 15:28:00,19700.0,19678.2,11425750,7727650,63.4,70.45,773850,471200,0.506647,-0.493335,0.00123812,0.00131377,11.825079,11.144141,2023-08-01
5637,2023-07-25 15:28:00,19750.0,19678.2,5839550,2132600,43.1,100.0,419450,70050,0.445509,-0.558533,0.00121758,0.00129715,11.913897,11.166798,2023-08-01
10895,2023-07-25 15:28:00,19800.0,19678.2,13085050,3815350,28.05,135.1,653350,175450,0.386666,-0.621933,0.00117035,0.00124867,12.003208,11.174678,2023-08-01
16152,2023-07-25 15:28:00,19850.0,19678.2,6460300,1213100,17.6,174.95,239900,11750,0.331759,-0.682118,0.00109829,0.00117146,12.128592,11.173455,2023-08-01
21406,2023-07-25 15:28:00,19900.0,19678.2,10209200,2131450,10.65,217.7,395950,19950,0.281652,-0.744188,0.00100984,0.00108912,12.269994,10.839682,2023-08-01
26659,2023-07-25 15:28:00,19950.0,19678.2,5786650,529450,6.35,264.0,328350,2250,0.237871,-0.79814,0.00090986,0.00096631,12.479856,10.693327,2023-08-01
24035,2023-07-25 15:29:00,19450.0,19678.85,212950,4448800,250.7,6.65,3400,278750,0.754251,-0.215256,0.00083865,0.00089542,13.781254,11.98568,2023-08-01
18782,2023-07-25 15:29:00,19500.0,19678.85,1936750,8129750,206.0,11.35,35200,472750,0.717107,-0.258849,0.00093625,0.00101243,13.262672,11.732745,2023-08-01
13525,2023-07-25 15:29:00,19550.0,19678.85,405050,3308200,161.75,18.9,30500,250800,0.679862,-0.309211,0.00106704,0.00112307,12.303686,11.517434,2023-08-01
8268,2023-07-25 15:29:00,19600.0,19678.85,2269200,6096950,124.25,30.7,197300,555700,0.625732,-0.366369,0.00114263,0.00121275,12.173491,11.390495,2023-08-01
3007,2023-07-25 15:29:00,19650.0,19678.85,2402750,3958700,91.85,47.35,368500,468750,0.567613,-0.427732,0.00119255,0.00128155,12.102127,11.238109,2023-08-01
375,2023-07-25 15:29:00,19700.0,19678.85,11425750,7727650,64.0,70.05,876350,562250,0.507444,-0.492483,0.00123265,0.00131476,11.877394,11.13556,2023-08-01
5638,2023-07-25 15:29:00,19750.0,19678.85,5839550,2132600,43.3,99.0,423950,88100,0.446272,-0.558301,0.00121838,0.00130967,11.909384,11.061208,2023-08-01
10896,2023-07-25 15:29:00,19800.0,19678.85,13085050,3815350,28.45,133.8,748400,99350,0.387898,-0.623083,0.00116661,0.0012673,12.053,11.000191,2023-08-01
16153,2023-07-25 15:29:00,19850.0,19678.85,6460300,1213100,17.6,174.55,391000,31400,0.332077,-0.680736,0.00110132,0.00116936,12.10004,11.214188,2023-08-01
21407,2023-07-25 15:29:00,19900.0,19678.85,10209200,2131450,10.9,216.4,656050,21350,0.283274,-0.749568,0.00100771,0.00110759,12.330077,10.540633,2023-08-01
26660,2023-07-25 15:29:00,19950.0,19678.85,5786650,529450,6.0,263.65,426900,5250,0.234998,-0.793609,0.00091769,0.00096324,12.291084,10.870382,2023-08-01
3008,2023-07-25 15:30:00,19650.0,19675.7,2402750,3958700,91.1,47.65,700,1150,0.56295,-0.430821,0.00117608,0.00130351,12.298109,11.066608,2023-08-01
376,2023-07-25 15:30:00,19700.0,19675.7,11425750,7727650,64.0,70.4,1500,3450,0.503624,-0.496685,0.00120664,0.00134234,12.137557,10.910599,2023-08-01
10897,2023-07-25 15:30:00,19800.0,19675.7,13085050,3815350,28.4,134.45,900,150,0.385844,-0.6317,0.00114914,0.00130362,12.219954,10.617108,2023-08-01
24036,2023-07-26 09:15:00,19500.0,19730.7,1949300,7964450,228.2,8.15,178000,1552000,,-0.262979,,0.00080124,0.0,15.763848,2023-08-01
18783,2023-07-26 09:15:00,19550.0,19730.7,373700,3233550,183.45,13.75,84400,980750,,-0.302755,,0.00086856,0.0,15.560818,2023-08-01
13526,2023-07-26 09:15:00,19600.0,19730.7,2179100,5818750,142.2,22.55,572800,2024000,0.744271,-0.34671,0.00136646,0.00092598,9.110817,15.431592,2023-08-01
8269,2023-07-26 09:15:00,19650.0,19730.7,2188850,3676700,106.0,35.95,880300,1316850,0.644178,-0.394438,0.00131312,0.00096424,10.98467,15.452797,2023-08-01
3009,2023-07-26 09:15:00,19700.0,19730.7,10872550,7163350,75.1,54.85,4268700,3342050,0.571947,-0.443909,0.00129289,0.0009807,11.750584,15.592087,2023-08-01
377,2023-07-26 09:15:00,19750.0,19730.7,5648000,1851650,50.75,80.65,3159700,1403100,0.506592,-0.493219,0.00125853,0.00096238,12.269793,16.045523,2023-08-01
5639,2023-07-26 09:15:00,19800.0,19730.7,12872900,3616700,32.6,112.7,2723100,658550,0.445858,-0.539144,0.00120946,0.00091883,12.651595,16.727445,2023-08-01
10898,2023-07-26 09:15:00,19850.0,19730.7,6573250,1197400,19.85,149.75,1258100,106550,0.389186,-0.580116,0.00114656,0.00086144,12.946892,17.565393,2023-08-01
16154,2023-07-26 09:15:00,19900.0,19730.7,10206650,2085050,11.55,191.35,2291650,227800,0.337117,-0.614253,0.00106876,0.00078973,13.228527,18.748632,2023-08-01
21408,2023-07-26 09:15:00,19950.0,19730.7,5840950,525400,6.65,237.05,1038500,10500,0.291565,-0.639096,0.00097596,0.0007055,13.612069,20.546537,2023-08-01
26661,2023-07-26 09:15:00,20000.0,19730.7,11469200,1317550,4.4,284.4,1545250,26400,0.258985,-0.658006,0.00086495,0.00063092,14.48831,22.532726,2023-08-01
24037,2023-07-26 09:16:00,19500.0,19730.2,1949300,7964450,230.8,8.15,115900,1201750,,-0.263116,,0.00080254,0.0,15.743771,2023-08-01
18784,2023-07-26 09:16:00,19550.0,19730.2,373700,3233550,185.65,13.35,36250,685800,,-0.301229,,0.00087647,0.0,15.38678,2023-08-01
13527,2023-07-26 09:16:00,19600.0,19730.2,2179100,5818750,144.2,22.0,270050,1406250,0.720223,-0.345462,0.00127179,0.00093629,10.243422,15.242583,2023-08-01
8270,2023-07-26 09:16:00,19650.0,19730.2,2188850,3676700,106.85,34.75,348450,989100,0.639589,-0.392863,0.00127976,0.00098412,11.322379,15.125184,2023-08-01
3010,2023-07-26 09:16:00,19700.0,19730.2,10872550,7163350,75.85,53.1,2494150,2958250,0.570008,-0.443061,0.00126819,0.00100823,11.991024,15.162902,2023-08-01
378,2023-07-26 09:16:00,19750.0,19730.2,5648000,1851650,50.9,78.7,1579550,927100,0.505963,-0.493763,0.00124982,0.00099187,12.356671,15.569956,2023-08-01
5640,2023-07-26 09:16:00,19800.0,19730.2,12872900,3616700,32.4,110.75,1617200,481900,0.445228,-0.541124,0.00120966,0.00094742,12.647816,16.215827,2023-08-01
10899,2023-07-26 09:16:00,19850.0,19730.2,6573250,1197400,19.4,147.4,826600,66900,0.387778,-0.584102,0.00115369,0.00089428,12.85452,16.885934,2023-08-01
16155,2023-07-26 09:16:00,19900.0,19730.2,10206650,2085050,11.05,189.25,1263850,103600,0.334635,-0.619401,0.00107867,0.00081762,13.070382,18.037918,2023-08-01
21409,2023-07-26 09:16:00,19950.0,19730.2,5840950,525400,6.4,234.35,906800,25300,0.28955,-0.64683,0.00098045,0.00073632,13.506916,19.539011,2023-08-01
26662,2023-07-26 09:16:00,20000.0,19730.2,11469200,1317550,4.2,281.7,841000,26950,0.256753,-0.666748,0.00086828,0.00065763,14.369151,21.403607,2023-08-01
24038,2023-07-26 09:17:00,19450.0,19722.5,207250,4649050,270.45,4.95,2850,630550,,-0.231107,,0.00074464,0.0,15.836881,2023-08-01
18785,2023-07-26 09:17:00,19500.0,19722.5,1911150,8241250,225.65,8.35,55550,1161150,,-0.265907,,0.00082132,0.0,15.47352,2023-08-01
13528,2023-07-26 09:17:00,19550.0,19722.5,388800,3424450,181.45,13.65,50800,642400,0.791394,-0.304541,0.0011839,0.00089922,9.392025,15.077723,2023-08-01
8271,2023-07-26 09:17:00,19600.0,19722.5,2214250,6728950,139.95,22.55,267250,1216800,0.694869,-0.349746,0.00121512,0.00096185,11.167561,14.911693,2023-08-01
3011,2023-07-26 09:17:00,19650.0,19722.5,2088800,4492850,103.65,36.0,327850,1024400,0.623248,-0.398762,0.0012291,0.00100723,11.967108,14.844679,2023-08-01
379,2023-07-26 09:17:00,19700.0,19722.5,9850050,8466000,73.2,55.3,1851600,2591500,0.55836,-0.450206,0.00123047,0.00102664,12.423382,14.933883,2023-08-01
5641,2023-07-26 09:17:00,19750.0,19722.5,6624350,2866800,48.65,81.35,1358050,944250,0.496556,-0.501602,0.00122304,0.00101303,12.633783,15.253269,2023-08-01
10900,2023-07-26 09:17:00,19800.0,19722.5,13407600,4242050,31.0,113.95,1291250,619750,0.437399,-0.549817,0.00118124,0.00096888,12.919991,15.824039,2023-08-01
16156,2023-07-26 09:17:00,19850.0,19722.5,6890300,1268900,18.5,151.55,801650,122850,0.381146,-0.59315,0.00112764,0.00090974,13.090428,16.520088,2023-08-01
21410,2023-07-26 09:17:00,19900.0,19722.5,10626000,2041100,10.65,193.7,1045500,120250,0.329727,-0.629235,0.00105142,0.0008334,13.336629,17.559532,2023-08-01
26663,2023-07-26 09:17:00,19950.0,19722.5,6166700,527400,6.25,239.4,810650,9250,0.286233,-0.656181,0.00095524,0.00074691,13.794384,19.081832,2023-08-01
24039,2023-07-26 09:18:00,19450.0,19724.5,207250,4649050,275.0,4.8,2750,525400,,-0.229399,,0.00074224,0.0,15.821555,2023-08-01
18786,2023-07-26 09:18:00,19500.0,19724.5,1911150,8241250,227.25,8.05,45800,885000,,-0.263622,,0.0008203,0.0,15.424299,2023-08-01
13529,2023-07-26 09:18:00,19550.0,19724.5,388800,3424450,182.55,13.25,43350,543950,0.814544,-0.302342,0.00120511,0.00089832,8.591969,15.043366,2023-08-01
8272,2023-07-26 09:18:00,19600.0,19724.5,2214250,6728950,141.7,21.75,210250,912250,0.696888,-0.346902,0.00120862,0.00096533,11.193934,14.812751,2023-08-01
3012,2023-07-26 09:18:00,19650.0,19724.5,2088800,4492850,104.25,34.7,258000,994600,0.627803,-0.395746,0.00124655,0.00101589,11.753757,14.687383,2023-08-01
380,2023-07-26 09:18:00,19700.0,19724.5,9850050,8466000,73.9,53.9,1244450,1578600,0.561258,-0.447811,0.00123905,0.0010338,12.323096,14.818166,2023-08-01
5642,2023-07-26 09:18:00,19750.0,19724.5,6624350,2866800,49.25,80.0,1085350,655200,0.498962,-0.499605,0.00122893,0.00101658,12.57308,15.199408,2023-08-01
10901,2023-07-26 09:18:00,19800.0,19724.5,13407600,4242050,31.25,112.35,1021850,365500,0.439285,-0.548123,0.00119044,0.0009735,12.82902,15.756488,2023-08-01
16157,2023-07-26 09:18:00,19850.0,19724.5,6890300,1268900,18.55,149.7,727650,43650,0.382391,-0.591917,0.00113814,0.00091576,12.981729,16.422908,2023-08-01
21411,2023-07-26 09:18:00,19900.0,19724.5,10626000,2041100,10.75,191.9,636050,59550,0.331019,-0.628025,0.00105816,0.00083708,13.271842,17.499981,2023-08-01
26664,2023-07-26 09:18:00,19950.0,19724.5,6166700,527400,6.25,236.85,768000,9850,0.286834,-0.657217,0.00096246,0.00075811,13.703825,18.777722,2023-08-01
24040,2023-07-26 09:19:00,19450.0,19724.8,207250,4649050,277.2,4.75,1500,427500,,-0.228906,,0.00074226,0.0,15.80271,2023-08-01
18787,2023-07-26 09:19:00,19500.0,19724.8,1911150,8241250,229.1,7.8,124400,742300,,-0.261939,,0.00082349,0.0,15.314904,2023-08-01
13530,2023-07-26 09:19:00,19550.0,19724.8,388800,3424450,184.45,13.0,59050,469300,0.778588,-0.301208,0.0011446,0.00090126,10.05639,14.969608,2023-08-01
8273,2023-07-26 09:19:00,19600.0,19724.8,2214250,6728950,142.55,21.35,218750,862800,0.69388,-0.345724,0.00119064,0.0009703,11.413473,14.718845,2023-08-01
3013,2023-07-26 09:19:00,19650.0,19724.8,2088800,4492850,105.65,34.1,379550,846900,0.625153,-0.394661,0.00121735,0.0010235,12.063382,14.567883,2023-08-01
381,2023-07-26 09:19:00,19700.0,19724.8,9850050,8466000,74.5,53.1,1259400,1700600,0.561198,-0.447062,0.00122937,0.00104376,12.420985,14.673711,2023-08-01
5643,2023-07-26 09:19:00,19750.0,19724.8,6624350,2866800,49.85,78.85,1082400,698250,0.499388,-0.499404,0.00121878,0.00103095,12.678287,14.988185,2023-08-01
10902,2023-07-26 09:19:00,19800.0,19724.8,13407600,4242050,31.8,110.7,1120950,457300,0.440214,-0.549044,0.00118056,0.00099436,12.94151,15.422117,2023-08-01
16158,2023-07-26 09:19:00,19850.0,19724.8,6890300,1268900,18.9,147.95,649300,84250,0.383528,-0.594093,0.00113159,0.00093735,13.069058,16.024259,2023-08-01
21412,2023-07-26 09:19:00,19900.0,19724.8,10626000,2041100,10.9,189.6,687450,88100,0.331896,-0.632695,0.00105564,0.0008648,13.318015,16.870114,2023-08-01
26665,2023-07-26 09:19:00,19950.0,19724.8,6166700,527400,6.3,236.65,613850,15600,0.287357,-0.656811,0.00096212,0.00075757,13.721034,18.800172,2023-08-01
24041,2023-07-26 09:20:00,19500.0,19727.7,1966250,8470100,230.15,7.9,70100,864600,,-0.262111,,0.00081328,0.0,15.510884,2023-08-01
18788,2023-07-26 09:20:00,19550.0,19727.7,424000,3619800,184.6,13.0,116900,547000,0.884644,-0.300499,0.00115887,0.00089051,6.501114,15.132807,2023-08-01
13531,2023-07-26 09:20:00,19600.0,19727.7,2261700,7191500,143.15,21.35,356600,897350,0.708606,-0.344705,0.00123965,0.00095687,10.718239,14.907716,2023-08-01
8274,2023-07-26 09:20:00,19650.0,19727.7,2171250,5057150,106.15,34.05,411900,854400,0.632907,-0.393103,0.00125232,0.00100764,11.646511,14.779785,2023-08-01
3014,2023-07-26 09:20:00,19700.0,19727.7,10166700,9619150,74.75,52.75,1846900,2090400,0.566309,-0.444671,0.00125952,0.00102903,12.097287,14.87014,2023-08-01
382,2023-07-26 09:20:00,19750.0,19727.7,7136950,3386800,49.9,78.05,1416800,839000,0.502839,-0.49637,0.00124544,0.00101937,12.40548,15.156524,2023-08-01
5644,2023-07-26 09:20:00,19800.0,19727.7,13891750,4624550,31.8,109.95,1157500,563500,0.442533,-0.545262,0.00120224,0.00097878,12.718014,15.683975,2023-08-01
10903,2023-07-26 09:20:00,19850.0,19727.7,7017900,1307100,18.95,147.6,679800,106050,0.385288,-0.588606,0.00114775,0.00091373,12.901282,16.490593,2023-08-01
16159,2023-07-26 09:20:00,19900.0,19727.7,10718200,2100300,10.8,189.5,796100,72350,0.332585,-0.625001,0.00107191,0.00083686,13.125566,17.548724,2023-08-01
21413,2023-07-26 09:20:00,19950.0,19727.7,6407100,533700,6.2,235.55,677700,8500,0.287427,-0.650866,0.00097553,0.00074401,13.532754,19.263636,2023-08-01
26666,2023-07-26 09:20:00,20000.0,19727.7,12108250,1327250,4.05,282.75,711050,21800,0.254725,-0.671597,0.00086422,0.00066635,14.382002,21.007594,2023-08-01
24042,2023-07-26 09:21:00,19450.0,19722.2,208150,4727250,274.9,4.65,850,258800,,-0.228355,,0.00074985,0.0,15.625297,2023-08-01
18789,2023-07-26 09:21:00,19500.0,19722.2,1966250,8470100,228.35,7.8,34550,688950,,-0.26252,,0.00083102,0.0,15.197021,2023-08-01
13532,2023-07-26 09:21:00,19550.0,19722.2,424000,3619800,183.65,13.0,41900,337050,0.753809,-0.301965,0.00109838,0.00091073,11.117247,14.834222,2023-08-01
8275,2023-07-26 09:21:00,19600.0,19722.2,2261700,7191500,141.7,21.45,164450,524900,0.684062,-0.347021,0.00115984,0.00098054,11.88106,14.589035,2023-08-01
3015,2023-07-26 09:21:00,19650.0,19722.2,2171250,5057150,104.6,34.3,182750,534550,0.620016,-0.396399,0.00120127,0.00103512,12.279575,14.42505,2023-08-01
383,2023-07-26 09:21:00,19700.0,19722.2,10166700,9619150,73.5,53.15,825550,1007000,0.557498,-0.449114,0.00121931,0.00106108,12.543997,14.447529,2023-08-01
5645,2023-07-26 09:21:00,19750.0,19722.2,7136950,3386800,48.8,78.9,699500,442900,0.496239,-0.502285,0.00121587,0.00105153,12.711204,14.698251,2023-08-01
10904,2023-07-26 09:21:00,19800.0,19722.2,13891750,4624550,30.75,111.55,664750,288650,0.4369,-0.552376,0.00118328,0.00100588,12.898133,15.232807,2023-08-01
16160,2023-07-26 09:21:00,19850.0,19722.2,7017900,1307100,18.3,149.1,366450,44050,0.380538,-0.597833,0.0011295,0.00094712,13.065618,15.825663,2023-08-01
21414,2023-07-26 09:21:00,19900.0,19722.2,10718200,2100300,10.4,191.15,565950,47000,0.328519,-0.636319,0.00105546,0.00087064,13.269097,16.705509,2023-08-01
26667,2023-07-26 09:21:00,19950.0,19722.2,6407100,533700,5.95,236.6,526800,1950,0.283895,-0.665954,0.00096134,0.00078379,13.656574,17.987468,2023-08-01
24043,2023-07-26 09:22:00,19500.0,19733.9,1966250,8470100,238.7,7.25,66300,763550,,-0.256569,,0.00080619,0.0,15.472393,2023-08-01
18790,2023-07-26 09:22:00,19550.0,19733.9,424000,3619800,193.05,11.9,100450,559000,0.788677,-0.293989,0.00111275,0.00088637,10.065839,15.048967,2023-08-01
13533,2023-07-26 09:22:00,19600.0,19733.9,2261700,7191500,150.65,19.6,453950,1021950,0.702265,-0.337532,0.00116003,0.00095722,11.565903,14.780377,2023-08-01
8276,2023-07-26 09:22:00,19650.0,19733.9,2171250,5057150,112.6,31.35,465900,702350,0.635286,-0.385464,0.00119747,0.00101546,12.151079,14.580966,2023-08-01
3016,2023-07-26 09:22:00,19700.0,19733.9,10166700,9619150,80.0,48.7,1964900,2369900,0.572257,-0.437095,0.00122129,0.00104891,12.440509,14.543793,2023-08-01
384,2023-07-26 09:22:00,19750.0,19733.9,7136950,3386800,53.85,72.85,1651500,1026250,0.510478,-0.489997,0.00122152,0.00104738,12.641842,14.744166,2023-08-01
5646,2023-07-26 09:22:00,19800.0,19733.9,13891750,4624550,34.55,103.6,1473450,648200,0.450691,-0.540902,0.00119021,0.00101517,12.8796,15.136599,2023-08-01
10905,2023-07-26 09:22:00,19850.0,19733.9,7017900,1307100,20.9,140.0,734100,128600,0.39376,-0.587507,0.00114062,0.00096051,13.060014,15.694103,2023-08-01
16161,2023-07-26 09:22:00,19900.0,19733.9,10718200,2100300,11.95,181.05,913050,145550,0.340448,-0.627808,0.00107317,0.00088837,13.227159,16.488454,2023-08-01
21415,2023-07-26 09:22:00,19950.0,19733.9,6407100,533700,6.85,226.25,698300,7350,0.294291,-0.658108,0.000982,0.00079728,13.589909,17.832881,2023-08-01
26668,2023-07-26 09:22:00,20000.0,19733.9,12108250,1327250,4.45,272.2,847800,26450,0.260549,-0.685698,0.00087236,0.00072644,14.413169,18.917115,2023-08-01
24044,2023-07-26 09:23:00,19500.0,19741.1,1948800,8618850,243.5,6.95,97450,936300,,-0.253165,,0.00079119,0.0,15.651076,2023-08-01
18791,2023-07-26 09:23:00,19550.0,19741.1,435250,3788900,197.4,11.3,131850,548900,,-0.289386,,0.00087125,0.0,15.19336,2023-08-01
13534,2023-07-26 09:23:00,19600.0,19741.1,2280550,7654400,155.0,18.6,366750,1003200,0.723628,-0.332059,0.00119946,0.00094207,10.794734,14.917509,2023-08-01
8277,2023-07-26 09:23:00,19650.0,19741.1,2163650,5354150,116.35,29.85,513550,889200,0.649013,-0.379283,0.00122738,0.00100009,11.69361,14.728916,2023-08-01
3017,2023-07-26 09:23:00,19700.0,19741.1,10229150,10645900,83.35,46.85,2737250,1734450,0.582573,-0.430512,0.00124009,0.00102958,12.185186,14.771023,2023-08-01
385,2023-07-26 09:23:00,19750.0,19741.1,7445700,3873650,56.5,70.1,2213850,822250,0.519449,-0.482596,0.00123772,0.00103198,12.461946,14.950014,2023-08-01
5647,2023-07-26 09:23:00,19800.0,19741.1,13947600,4909900,36.4,100.4,1930900,535150,0.458669,-0.532803,0.00120759,0.00099742,12.719431,15.430304,2023-08-01
10906,2023-07-26 09:23:00,19850.0,19741.1,7157000,1368300,21.9,136.35,1288300,87650,0.400374,-0.578486,0.00116338,0.00094176,12.857905,16.079473,2023-08-01
16162,2023-07-26 09:23:00,19900.0,19741.1,10850700,2149750,12.6,177.15,966950,93050,0.346293,-0.617494,0.00109339,0.00086789,13.062007,17.016076,2023-08-01
21416,2023-07-26 09:23:00,19950.0,19741.1,6537300,537050,7.1,222.1,794400,9650,0.298321,-0.64699,0.00100403,0.00077836,13.370825,18.477639,2023-08-01
26669,2023-07-26 09:23:00,20000.0,19741.1,12164150,1331900,4.55,268.75,713650,25550,0.26326,-0.670334,0.00089173,0.00069857,14.170674,20.05924,2023-08-01
24045,2023-07-26 09:24:00,19500.0,19748.7,1948800,8618850,253.9,6.55,120950,1012250,,-0.248898,,0.00077743,0.0,15.780295,2023-08-01
18792,2023-07-26 09:24:00,19550.0,19748.7,435250,3788900,207.45,10.45,129100,706100,0.798846,-0.283325,0.00105276,0.00085981,10.326211,15.236498,2023-08-01
13535,2023-07-26 09:24:00,19600.0,19748.7,2280550,7654400,164.35,17.05,485200,1012050,0.713226,-0.324547,0.00110362,0.00093536,11.939189,14.881466,2023-08-01
8278,2023-07-26 09:24:00,19650.0,19748.7,2163650,5354150,124.8,27.1,654500,1245050,0.64965,-0.370319,0.00115283,0.00100404,12.437532,14.555867,2023-08-01
3018,2023-07-26 09:24:00,19700.0,19748.7,10229150,10645900,90.35,42.8,2982850,2538950,0.58869,-0.421454,0.00118725,0.00104339,12.680268,14.508012,2023-08-01
386,2023-07-26 09:24:00,19750.0,19748.7,7445700,3873650,62.05,64.65,3129100,1142700,0.5282,-0.474324,0.00119978,0.00105613,12.834975,14.586953,2023-08-01
5648,2023-07-26 09:24:00,19800.0,19748.7,13947600,4909900,40.4,93.45,2584000,792200,0.468648,-0.526382,0.00118506,0.00103325,12.986713,14.908247,2023-08-01
10907,2023-07-26 09:24:00,19850.0,19748.7,7157000,1368300,24.65,127.95,1336150,153000,0.410805,-0.575215,0.00115127,0.00098969,13.072708,15.320494,2023-08-01
16163,2023-07-26 09:24:00,19900.0,19748.7,10850700,2149750,14.35,167.55,1530900,119300,0.356497,-0.618648,0.00109035,0.00092482,13.23235,15.948905,2023-08-01
21417,2023-07-26 09:24:00,19950.0,19748.7,6537300,537050,8.2,211.6,958950,25450,0.3081,-0.653028,0.00100658,0.00083797,13.526183,17.050225,2023-08-01
26670,2023-07-26 09:24:00,20000.0,19748.7,12164150,1331900,5.05,258.0,1199650,30500,0.270047,-0.679699,0.00090307,0.00075231,14.169349,18.401759,2023-08-01
24046,2023-07-26 09:25:00,19500.0,19749.05,1948800,8618850,257.4,6.6,57400,860250,0.814021,-0.249272,0.00086941,0.00077563,11.920168,15.830017,2023-08-01
18793,2023-07-26 09:25:00,19550.0,19749.05,435250,3788900,210.9,10.35,65150,619650,0.754655,-0.282755,0.00096484,0.00086021,12.618186,15.215342,2023-08-01
13536,2023-07-26 09:25:00,19600.0,19749.05,2280550,7654400,167.25,16.75,502600,893950,0.698748,-0.323429,0.00104005,0.00093873,12.961195,14.807504,2023-08-01
8279,2023-07-26 09:25:00,19650.0,19749.05,2163650,5354150,127.25,26.4,374000,879750,0.643576,-0.368672,0.00110511,0.00101359,13.055075,14.398352,2023-08-01
3019,2023-07-26 09:25:00,19700.0,19749.05,10229150,10645900,92.5,41.7,2021450,2113850,0.586319,-0.420007,0.00114803,0.00105864,13.131628,14.28891,2023-08-01
387,2023-07-26 09:25:00,19750.0,19749.05,7445700,3873650,63.85,63.1,2016150,1092850,0.528032,-0.473574,0.00116757,0.00107788,13.189954,14.291417,2023-08-01
5649,2023-07-26 09:25:00,19800.0,19749.05,13947600,4909900,41.65,91.35,1889600,654700,0.469785,-0.526998,0.00116249,0.00106308,13.242267,14.488962,2023-08-01
10908,2023-07-26 09:25:00,19850.0,19749.05,7157000,1368300,25.5,125.4,933500,109100,0.412627,-0.578045,0.00113503,0.00102671,13.27408,14.747973,2023-08-01
16164,2023-07-26 09:25:00,19900.0,19749.05,10850700,2149750,14.75,164.7,999150,91850,0.358124,-0.624455,0.00108256,0.00096658,13.349247,15.188464,2023-08-01
21418,2023-07-26 09:25:00,19950.0,19749.05,6537300,537050,8.3,208.35,665200,10200,0.308875,-0.662819,0.00100532,0.00088383,13.558563,15.991723,2023-08-01
26671,2023-07-26 09:25:00,20000.0,19749.05,12164150,1331900,5.05,254.5,809150,28350,0.270177,-0.693535,0.00090407,0.00079814,14.157681,17.019438,2023-08-01
24047,2023-07-26 09:26:00,19500.0,19747.6,1949900,8742300,258.95,6.75,70450,792000,0.767731,-0.250702,0.00081288,0.00077692,14.536811,15.853965,2023-08-01
18794,2023-07-26 09:26:00,19550.0,19747.6,413150,3900450,212.6,10.45,82100,648850,0.729055,-0.283653,0.00090199,0.00086321,14.212197,15.187494,2023-08-01
13537,2023-07-26 09:26:00,19600.0,19747.6,2232400,7904500,168.8,16.85,509000,1052700,0.684675,-0.324263,0.00098533,0.00094298,13.959658,14.758273,2023-08-01
8280,2023-07-26 09:26:00,19650.0,19747.6,1974700,5946100,129.05,26.55,675250,1043200,0.634539,-0.369667,0.00105087,0.00101866,13.849156,14.341112,2023-08-01
3020,2023-07-26 09:26:00,19700.0,19747.6,9599850,11884600,94.15,42.0,2731650,1956550,0.581308,-0.421296,0.001101,0.00106318,13.731602,14.239113,2023-08-01
388,2023-07-26 09:26:00,19750.0,19747.6,7528300,4708450,65.3,63.0,3069850,1474600,0.525659,-0.474928,0.00112715,0.0010913,13.670189,14.120542,2023-08-01
5650,2023-07-26 09:26:00,19800.0,19747.6,14054100,5494350,43.15,91.0,2820100,818850,0.469425,-0.529232,0.00112276,0.00108312,13.711591,14.217089,2023-08-01
10909,2023-07-26 09:26:00,19850.0,19747.6,7275000,1488400,26.45,124.5,1152000,139600,0.413426,-0.582467,0.0011062,0.00105943,13.627935,14.261668,2023-08-01
16165,2023-07-26 09:26:00,19900.0,19747.6,11013850,2257500,15.45,163.25,1456650,112500,0.359926,-0.633018,0.00105911,0.00101293,13.670357,14.387809,2023-08-01
21419,2023-07-26 09:26:00,19950.0,19747.6,6565700,553900,8.75,206.85,897250,17800,0.311155,-0.675556,0.00098809,0.00093241,13.841046,14.929089,2023-08-01
26672,2023-07-26 09:26:00,20000.0,19747.6,12259450,1353350,5.25,253.1,1091350,52100,0.271742,-0.710266,0.00089433,0.00084397,14.35505,15.6907,2023-08-01
24048,2023-07-26 09:27:00,19500.0,19758.1,1949900,8742300,268.1,6.45,85050,727400,0.785208,-0.246733,0.00080915,0.00075504,13.961467,16.167583,2023-08-01
18795,2023-07-26 09:27:00,19550.0,19758.1,413150,3900450,220.7,9.75,130000,695650,0.749209,-0.27759,0.0009131,0.00084087,13.485541,15.421539,2023-08-01
13538,2023-07-26 09:27:00,19600.0,19758.1,2232400,7904500,175.9,15.45,417550,964750,0.703246,-0.316059,0.00100517,0.00092322,13.315011,14.906403,2023-08-01
8281,2023-07-26 09:27:00,19650.0,19758.1,1974700,5946100,135.45,24.35,808650,1000100,0.649725,-0.360158,0.00106792,0.00100036,13.421296,14.469613,2023-08-01
3021,2023-07-26 09:27:00,19700.0,19758.1,9599850,11884600,99.4,38.65,2273100,1879600,0.595116,-0.410716,0.00112142,0.00104942,13.368873,14.336223,2023-08-01
389,2023-07-26 09:27:00,19750.0,19758.1,7528300,4708450,69.7,58.6,2520700,1270300,0.538018,-0.463752,0.00114389,0.00107842,13.430298,14.251589,2023-08-01
5651,2023-07-26 09:27:00,19800.0,19758.1,14054100,5494350,46.2,85.4,2554350,776500,0.48073,-0.517596,0.00114544,0.00107335,13.457576,14.364224,2023-08-01
10910,2023-07-26 09:27:00,19850.0,19758.1,7275000,1488400,28.75,117.85,892050,164750,0.424045,-0.57029,0.00112589,0.00105118,13.458095,14.452995,2023-08-01
16166,2023-07-26 09:27:00,19900.0,19758.1,11013850,2257500,16.8,156.0,1127850,167650,0.369193,-0.619446,0.00108317,0.0010006,13.474963,14.727103,2023-08-01
21420,2023-07-26 09:27:00,19950.0,19758.1,6565700,553900,9.45,199.45,869550,28750,0.318685,-0.659201,0.0010146,0.00091246,13.611434,15.548252,2023-08-01
26673,2023-07-26 09:27:00,20000.0,19758.1,12259450,1353350,5.65,244.4,703550,33700,0.277932,-0.696718,0.00091855,0.00084052,14.125788,16.080886,2023-08-01
24049,2023-07-26 09:28:00,19500.0,19759.1,1949900,8742300,263.15,6.45,60150,698600,,-0.24662,,0.00075252,0.0,16.217883,2023-08-01
18796,2023-07-26 09:28:00,19550.0,19759.1,413150,3900450,216.15,9.9,84800,612200,0.865388,-0.278257,0.00102608,0.0008352,8.169524,15.544341,2023-08-01
13539,2023-07-26 09:28:00,19600.0,19759.1,2232400,7904500,171.6,15.8,362500,834200,0.739874,-0.317113,0.001135,0.00091337,11.058293,15.088517,2023-08-01
8282,2023-07-26 09:28:00,19650.0,19759.1,1974700,5946100,131.3,25.2,569850,981600,0.667391,-0.361789,0.00117487,0.00098126,11.961906,14.77417,2023-08-01
3022,2023-07-26 09:28:00,19700.0,19759.1,9599850,11884600,96.0,39.85,1842600,1938350,0.603085,-0.411691,0.0012028,0.00102389,12.40007,14.702069,2023-08-01
390,2023-07-26 09:28:00,19750.0,19759.1,7528300,4708450,66.7,60.5,2340400,1435600,0.541116,-0.463715,0.00121229,0.00104062,12.662714,14.769238,2023-08-01
5652,2023-07-26 09:28:00,19800.0,19759.1,14054100,5494350,44.05,88.05,2745150,802850,0.480777,-0.515377,0.00119565,0.00102256,12.892638,15.081239,2023-08-01
10911,2023-07-26 09:28:00,19850.0,19759.1,7275000,1488400,27.15,121.6,1050450,168450,0.42223,-0.563924,0.0011658,0.00098059,12.985815,15.535948,2023-08-01
16167,2023-07-26 09:28:00,19900.0,19759.1,11013850,2257500,15.85,159.95,1568200,120000,0.366692,-0.608067,0.00111015,0.00092407,13.118108,16.084469,2023-08-01
21421,2023-07-26 09:28:00,19950.0,19759.1,6565700,553900,8.9,203.35,976250,11500,0.315974,-0.643155,0.0010326,0.00083951,13.325942,17.186699,2023-08-01
26674,2023-07-26 09:28:00,20000.0,19759.1,12259450,1353350,5.4,249.7,1124300,34900,0.276032,-0.669234,0.00092815,0.00075015,13.932871,18.693212,2023-08-01
24050,2023-07-26 09:29:00,19500.0,19753.9,1934250,8788000,262.9,6.45,32650,488850,0.800306,-0.247499,0.00084086,0.00076529,12.872184,15.982685,2023-08-01
18797,2023-07-26 09:29:00,19550.0,19753.9,404750,4152500,215.9,9.9,39500,431600,0.753771,-0.279407,0.00094165,0.00085147,12.953621,15.282905,2023-08-01
13540,2023-07-26 09:29:00,19600.0,19753.9,2178850,8263800,171.6,16.05,196300,906950,0.702484,-0.319594,0.00102656,0.00092983,13.057186,14.874872,2023-08-01
8283,2023-07-26 09:29:00,19650.0,19753.9,2022700,6262350,131.65,25.3,335200,535350,0.646758,-0.364208,0.00108385,0.00100573,13.268559,14.451854,2023-08-01
3023,2023-07-26 09:29:00,19700.0,19753.9,9515250,12889250,95.95,39.85,1137250,1193300,0.591342,-0.414826,0.00113724,0.00105635,13.217488,14.280053,2023-08-01
391,2023-07-26 09:29:00,19750.0,19753.9,7809050,5776250,66.4,60.6,1341000,839550,0.533647,-0.468312,0.00116457,0.00107868,13.209123,14.266691,2023-08-01
5653,2023-07-26 09:29:00,19800.0,19753.9,14252400,5932950,43.95,88.2,1365500,492250,0.47565,-0.521945,0.00115467,0.00106706,13.345004,14.445844,2023-08-01
10912,2023-07-26 09:29:00,19850.0,19753.9,7390500,1614400,27.1,121.35,831450,103400,0.418642,-0.573885,0.00113181,0.00103905,13.355411,14.602165,2023-08-01
16168,2023-07-26 09:29:00,19900.0,19753.9,11174000,2332950,15.75,160.25,884100,85150,0.363905,-0.62122,0.00108408,0.0009803,13.403681,15.015389,2023-08-01
21422,2023-07-26 09:29:00,19950.0,19753.9,6726700,568250,8.85,203.3,520700,8200,0.313941,-0.661891,0.00101115,0.00090345,13.57554,15.660662,2023-08-01
26675,2023-07-26 09:29:00,20000.0,19753.9,12549400,1383700,5.4,249.05,649050,19050,0.274773,-0.69532,0.00091055,0.00082067,14.174768,16.509052,2023-08-01
24051,2023-07-26 09:30:00,19500.0,19753.9,1934250,8788000,264.45,6.4,34250,443300,0.777255,-0.247153,0.0008098,0.00076599,14.250509,15.957009,2023-08-01
18798,2023-07-26 09:30:00,19550.0,19753.9,404750,4152500,217.6,9.8,22800,473150,0.739219,-0.278892,0.00090453,0.00085303,13.898972,15.242179,2023-08-01
13541,2023-07-26 09:30:00,19600.0,19753.9,2178850,8263800,172.95,15.85,217750,691950,0.695715,-0.318896,0.00099782,0.00093303,13.570911,14.811065,2023-08-01
8284,2023-07-26 09:30:00,19650.0,19753.9,2022700,6262350,132.8,24.85,364850,754900,0.643546,-0.363185,0.00106123,0.00101314,13.595802,14.333406,2023-08-01
3024,2023-07-26 09:30:00,19700.0,19753.9,9515250,12889250,96.9,39.25,1230000,1105500,0.589941,-0.414088,0.00111901,0.00106612,13.444704,14.144191,2023-08-01
392,2023-07-26 09:30:00,19750.0,19753.9,7809050,5776250,67.2,59.35,1756800,1110300,0.533291,-0.467849,0.00114923,0.0010993,13.387156,13.998568,2023-08-01
5654,2023-07-26 09:30:00,19800.0,19753.9,14252400,5932950,44.25,86.55,1387450,528900,0.475811,-0.522709,0.00114864,0.0010946,13.416161,14.081646,2023-08-01
10913,2023-07-26 09:30:00,19850.0,19753.9,7390500,1614400,27.05,119.6,945250,131550,0.418577,-0.576351,0.00113258,0.00106964,13.346613,14.168514,2023-08-01
16169,2023-07-26 09:30:00,19900.0,19753.9,11174000,2332950,15.7,158.1,932200,75350,0.36377,-0.626819,0.00108499,0.00101963,13.391488,14.369923,2023-08-01
21423,2023-07-26 09:30:00,19950.0,19753.9,6726700,568250,8.8,201.75,501200,16700,0.313689,-0.668076,0.00101221,0.00093171,13.557311,15.077004,2023-08-01
26676,2023-07-26 09:30:00,20000.0,19753.9,12549400,1383700,5.3,247.8,534000,18750,0.273915,-0.702322,0.00091293,0.00084278,14.116841,15.9092,2023-08-01
24052,2023-07-26 09:31:00,19500.0,19749.95,1934250,8788000,263.35,6.55,43200,300900,0.749636,-0.249013,0.00077078,0.00077358,15.971224,15.867758,2023-08-01
18799,2023-07-26 09:31:00,19550.0,19749.95,404750,4152500,216.8,10.05,42800,315000,0.718222,-0.281179,0.00085972,0.00086157,15.20293,15.154703,2023-08-01
13542,2023-07-26 09:31:00,19600.0,19749.95,2178850,8263800,173.0,16.15,203850,498350,0.678083,-0.321221,0.00094091,0.00094418,14.748852,14.684526,2023-08-01
8285,2023-07-26 09:31:00,19650.0,19749.95,2022700,6262350,132.55,25.4,600450,591650,0.632729,-0.366188,0.00101652,0.00102464,14.343005,14.215397,2023-08-01
3025,2023-07-26 09:31:00,19700.0,19749.95,9515250,12889250,96.55,39.9,917200,983600,0.582656,-0.417396,0.00108226,0.00108154,13.96162,13.971252,2023-08-01
393,2023-07-26 09:31:00,19750.0,19749.95,7809050,5776250,67.0,60.35,1179550,783250,0.528105,-0.471915,0.00111647,0.00111545,13.797327,13.810094,2023-08-01
5655,2023-07-26 09:31:00,19800.0,19749.95,14252400,5932950,43.9,87.55,936700,424650,0.471996,-0.527789,0.00112491,0.00111805,13.694112,13.778647,2023-08-01
10914,2023-07-26 09:31:00,19850.0,19749.95,7390500,1614400,26.85,120.6,472200,114250,0.415698,-0.583469,0.00111137,0.00110157,13.583834,13.710821,2023-08-01
16170,2023-07-26 09:31:00,19900.0,19749.95,11174000,2332950,15.5,159.45,799850,83700,0.361309,-0.636353,0.00106876,0.0010532,13.566915,13.797636,2023-08-01
21424,2023-07-26 09:31:00,19950.0,19749.95,6726700,568250,8.75,202.0,426650,14700,0.312121,-0.687719,0.00099677,0.0009961,13.741229,13.753459,2023-08-01
26677,2023-07-26 09:31:00,20000.0,19749.95,12549400,1383700,5.3,248.45,400600,13300,0.272995,-0.727513,0.00089992,0.0009013,14.300721,14.26564,2023-08-01
24053,2023-07-26 09:32:00,19500.0,19758.75,1926300,8964950,265.3,6.45,29950,460400,,-0.24686,,0.00075303,0.0,16.219107,2023-08-01
18800,2023-07-26 09:32:00,19550.0,19758.75,424100,4396750,218.75,9.9,75600,361200,0.777654,-0.278499,0.00097212,0.00083583,11.857318,15.542999,2023-08-01
13543,2023-07-26 09:32:00,19600.0,19758.75,2195550,8455550,174.1,15.8,310050,753750,0.717348,-0.317358,0.00105698,0.00091415,12.379323,15.08411,2023-08-01
8286,2023-07-26 09:32:00,19650.0,19758.75,2108250,6655300,133.65,24.85,684800,954600,0.657357,-0.361226,0.00111325,0.00098795,12.773184,14.669871,2023-08-01
3026,2023-07-26 09:32:00,19700.0,19758.75,9287200,13575100,97.8,39.15,1426050,1195150,0.598986,-0.411077,0.0011591,0.00103628,12.90574,14.524668,2023-08-01
394,2023-07-26 09:32:00,19750.0,19758.75,8404850,6537200,67.95,59.15,1409550,937550,0.539826,-0.463469,0.00118217,0.00106345,12.992839,14.45475,2023-08-01
5656,2023-07-26 09:32:00,19800.0,19758.75,14362600,6367050,44.7,86.3,1356600,638050,0.480729,-0.516417,0.00117835,0.00105176,13.084932,14.664553,2023-08-01
10915,2023-07-26 09:32:00,19850.0,19758.75,7493000,1729400,27.3,119.1,587500,128000,0.4223,-0.567415,0.00115905,0.00102214,13.06493,14.886106,2023-08-01
16171,2023-07-26 09:32:00,19900.0,19758.75,11517750,2410950,15.65,157.75,782400,97000,0.365982,-0.613468,0.00111201,0.00096157,13.090939,15.399794,2023-08-01
21425,2023-07-26 09:32:00,19950.0,19758.75,6796100,578450,8.7,200.7,531000,23700,0.31484,-0.652254,0.00103549,0.00088236,13.271639,16.204688,2023-08-01
26678,2023-07-26 09:32:00,20000.0,19758.75,12694500,1389700,5.2,246.0,444550,21100,0.274303,-0.685197,0.00093161,0.00080455,13.841642,17.080191,2023-08-01
24054,2023-07-26 09:33:00,19500.0,19755.75,1926300,8964950,262.0,6.45,30150,358300,,-0.247385,,0.00076032,0.0,16.085169,2023-08-01
18801,2023-07-26 09:33:00,19550.0,19755.75,424100,4396750,215.25,9.8,31200,328700,0.78473,-0.278621,0.00099794,0.00084676,11.339953,15.348874,2023-08-01
13544,2023-07-26 09:33:00,19600.0,19755.75,2195550,8455550,170.65,15.9,150150,444050,0.71951,-0.318639,0.00108349,0.00092426,12.034278,14.947732,2023-08-01
8287,2023-07-26 09:33:00,19650.0,19755.75,2108250,6655300,130.45,25.15,313900,471300,0.656763,-0.363194,0.0011361,0.00099798,12.527049,14.552324,2023-08-01
3027,2023-07-26 09:33:00,19700.0,19755.75,9287200,13575100,95.0,39.8,870450,951750,0.596775,-0.41371,0.00117789,0.00104447,12.720517,14.435362,2023-08-01
395,2023-07-26 09:33:00,19750.0,19755.75,8404850,6537200,65.55,60.3,1198050,634750,0.53666,-0.466573,0.0011987,0.00106807,12.82612,14.405121,2023-08-01
5657,2023-07-26 09:33:00,19800.0,19755.75,14362600,6367050,42.95,87.85,1063300,427950,0.47693,-0.519651,0.00118835,0.00105448,12.970981,14.624383,2023-08-01
10916,2023-07-26 09:33:00,19850.0,19755.75,7493000,1729400,26.1,121.15,521200,81050,0.41826,-0.570491,0.00116433,0.00102104,12.981428,14.885086,2023-08-01
16172,2023-07-26 09:33:00,19900.0,19755.75,11517750,2410950,15.0,160.2,939550,79850,0.362367,-0.61605,0.00111072,0.00095743,13.065062,15.439186,2023-08-01
21426,2023-07-26 09:33:00,19950.0,19755.75,6796100,578450,8.35,204.15,380500,2700,0.311741,-0.651788,0.00103123,0.0008652,13.272624,16.53759,2023-08-01
26679,2023-07-26 09:33:00,20000.0,19755.75,12694500,1389700,5.1,250.0,418200,11900,0.272661,-0.681576,0.00092385,0.00078177,13.919281,17.667032,2023-08-01
24055,2023-07-26 09:34:00,19500.0,19756.8,1926300,8964950,260.0,6.5,33700,414200,,-0.247652,,0.00075687,0.0,16.167932,2023-08-01
18802,2023-07-26 09:34:00,19550.0,19756.8,424100,4396750,212.7,10.05,61850,319050,,-0.27982,,0.00083923,0.0,15.518915,2023-08-01
13545,2023-07-26 09:34:00,19600.0,19756.8,2195550,8455550,169.65,16.1,169500,668650,0.735663,-0.319096,0.0011356,0.00091664,11.148775,15.080991,2023-08-01
8288,2023-07-26 09:34:00,19650.0,19756.8,2108250,6655300,129.45,25.3,413200,651650,0.664456,-0.363133,0.0011774,0.00099002,11.982876,14.6685,2023-08-01
3028,2023-07-26 09:34:00,19700.0,19756.8,9287200,13575100,94.35,40.25,1098450,1073750,0.60032,-0.413659,0.00120545,0.00103053,12.401313,14.630273,2023-08-01
396,2023-07-26 09:34:00,19750.0,19756.8,8404850,6537200,65.2,61.0,1308600,911000,0.538399,-0.465935,0.00121672,0.00104878,12.630976,14.668066,2023-08-01
5658,2023-07-26 09:34:00,19800.0,19756.8,14362600,6367050,42.7,88.7,1330350,834050,0.477847,-0.517972,0.0012021,0.00103153,12.824267,14.952735,2023-08-01
10917,2023-07-26 09:34:00,19850.0,19756.8,7493000,1729400,25.95,122.3,711850,230300,0.418738,-0.56712,0.00117462,0.00099174,12.870963,15.347609,2023-08-01
16173,2023-07-26 09:34:00,19900.0,19756.8,11517750,2410950,15.0,161.2,1011750,122650,0.3629,-0.611124,0.00111632,0.00092948,13.006114,15.96269,2023-08-01
21427,2023-07-26 09:34:00,19950.0,19756.8,6796100,578450,8.3,204.7,436950,24000,0.311833,-0.646514,0.00103701,0.00084488,13.200325,17.027904,2023-08-01
26680,2023-07-26 09:34:00,20000.0,19756.8,12694500,1389700,5.0,251.5,559250,21900,0.272019,-0.671433,0.00092993,0.00075028,13.812128,18.64819,2023-08-01
24056,2023-07-26 09:35:00,19500.0,19756.45,1931400,9048850,259.0,6.5,21300,230300,,-0.247754,,0.00075765,0.0,16.156094,2023-08-01
18803,2023-07-26 09:35:00,19550.0,19756.45,438050,4457250,212.8,10.0,13550,178900,,-0.279663,,0.00084103,0.0,15.48273,2023-08-01
13546,2023-07-26 09:35:00,19600.0,19756.45,2167550,8441650,168.45,16.2,113700,411400,0.743543,-0.319596,0.00116444,0.00091625,10.705166,15.098462,2023-08-01
8289,2023-07-26 09:35:00,19650.0,19756.45,1977700,6920250,128.2,25.65,117250,344900,0.667789,-0.364108,0.00120241,0.00098593,11.68846,14.743807,2023-08-01
3029,2023-07-26 09:35:00,19700.0,19756.45,9366800,13803150,92.9,40.7,789650,493450,0.602075,-0.414437,0.00123275,0.00102545,12.113471,14.710235,2023-08-01
397,2023-07-26 09:35:00,19750.0,19756.45,8716800,6819200,63.85,61.45,700750,614150,0.538603,-0.46642,0.00124126,0.00104426,12.381575,14.734202,2023-08-01
5659,2023-07-26 09:35:00,19800.0,19756.45,14740200,6666450,41.6,89.5,673550,355900,0.476935,-0.518101,0.00122211,0.0010223,12.613627,15.088677,2023-08-01
10918,2023-07-26 09:35:00,19850.0,19756.45,7543300,1846300,25.4,123.65,275950,74250,0.417553,-0.566161,0.00118429,0.00097482,12.758779,15.621652,2023-08-01
16174,2023-07-26 09:35:00,19900.0,19756.45,11502600,2461400,14.6,162.6,480250,63050,0.361362,-0.60914,0.00112396,0.0009124,12.899924,16.286211,2023-08-01
21428,2023-07-26 09:35:00,19950.0,19756.45,6821800,574450,8.15,205.95,337200,8250,0.310821,-0.644033,0.00103929,0.00083116,13.15376,17.353453,2023-08-01
26681,2023-07-26 09:35:00,20000.0,19756.45,12893000,1392800,4.85,252.0,473800,13750,0.270522,-0.670968,0.00093263,0.0007475,13.735398,18.729744,2023-08-01
24057,2023-07-26 09:36:00,19500.0,19756.15,1931400,9048850,260.5,6.5,36100,199900,,-0.247848,,0.0007583,0.0,16.146558,2023-08-01
18804,2023-07-26 09:36:00,19550.0,19756.15,438050,4457250,214.25,10.0,15350,197550,0.814287,-0.279769,0.00103583,0.00084185,9.99869,15.471471,2023-08-01
13547,2023-07-26 09:36:00,19600.0,19756.15,2167550,8441650,170.25,16.0,132400,438200,0.725154,-0.318995,0.00110222,0.00092056,11.714647,15.016968,2023-08-01
8290,2023-07-26 09:36:00,19650.0,19756.15,1977700,6920250,129.7,25.35,155150,404500,0.660778,-0.363574,0.00115931,0.00099212,12.223169,14.645508,2023-08-01
3030,2023-07-26 09:36:00,19700.0,19756.15,9366800,13803150,94.55,40.25,822050,883850,0.598375,-0.414083,0.00119172,0.00103416,12.561829,14.584386,2023-08-01
398,2023-07-26 09:36:00,19750.0,19756.15,8716800,6819200,65.3,60.9,1009900,804100,0.537348,-0.466477,0.00120708,0.00105485,12.736905,14.587519,2023-08-01
5660,2023-07-26 09:36:00,19800.0,19756.15,14740200,6666450,42.7,88.5,938900,702600,0.47721,-0.518866,0.00119596,0.00104,12.890798,14.831591,2023-08-01
10919,2023-07-26 09:36:00,19850.0,19756.15,7543300,1846300,26.05,122.1,489350,237450,0.418502,-0.568521,0.00116735,0.00100111,12.951341,15.196896,2023-08-01
16175,2023-07-26 09:36:00,19900.0,19756.15,11502600,2461400,15.1,161.3,848900,112100,0.362994,-0.612531,0.00110982,0.0009349,13.085332,15.855882,2023-08-01
21429,2023-07-26 09:36:00,19950.0,19756.15,6821800,574450,8.35,204.0,479300,26750,0.311998,-0.650794,0.00103242,0.00086236,13.263879,16.61182,2023-08-01
26682,2023-07-26 09:36:00,20000.0,19756.15,12893000,1392800,4.95,250.55,559350,32900,0.271469,-0.677534,0.00092876,0.00076931,13.817542,18.050855,2023-08-01
24058,2023-07-26 09:37:00,19500.0,19762.7,1931400,9048850,263.95,6.4,31500,248150,,-0.246079,,0.00074387,0.0,16.392221,2023-08-01
18805,2023-07-26 09:37:00,19550.0,19762.7,438050,4457250,217.9,9.75,42250,301400,,-0.277051,,0.00082561,0.0,15.696635,2023-08-01
13548,2023-07-26 09:37:00,19600.0,19762.7,2167550,8441650,172.85,15.7,196150,463500,0.766956,-0.316037,0.0011922,0.00089983,9.928491,15.298384,2023-08-01
8291,2023-07-26 09:37:00,19650.0,19762.7,1977700,6920250,132.5,24.6,342900,615850,0.678503,-0.359185,0.00121048,0.00097178,11.454531,14.886019,2023-08-01
3031,2023-07-26 09:37:00,19700.0,19762.7,9366800,13803150,96.65,39.1,947250,956900,0.610781,-0.408823,0.00123734,0.00101223,11.99244,14.851277,2023-08-01
399,2023-07-26 09:37:00,19750.0,19762.7,8716800,6819200,67.25,59.3,914400,825000,0.546338,-0.460261,0.00123804,0.00103093,12.385436,14.900308,2023-08-01
5661,2023-07-26 09:37:00,19800.0,19762.7,14740200,6666450,44.15,86.6,840150,524500,0.484575,-0.511512,0.00122253,0.00101198,12.618409,15.248722,2023-08-01
10920,2023-07-26 09:37:00,19850.0,19762.7,7543300,1846300,27.1,119.75,396750,82700,0.424855,-0.559703,0.00118991,0.00097179,12.743195,15.707746,2023-08-01
16176,2023-07-26 09:37:00,19900.0,19762.7,11502600,2461400,15.65,158.5,617300,83700,0.368085,-0.60222,0.00113329,0.00090637,12.870556,16.470411,2023-08-01
21430,2023-07-26 09:37:00,19950.0,19762.7,6821800,574450,8.75,201.35,374150,9900,0.316723,-0.637453,0.00105107,0.00082806,13.109134,17.525676,2023-08-01
26683,2023-07-26 09:37:00,20000.0,19762.7,12893000,1392800,5.15,247.05,400500,15050,0.275079,-0.66489,0.00094606,0.00074635,13.650286,18.891448,2023-08-01
24059,2023-07-26 09:38:00,19500.0,19762.6,1924700,9193600,263.15,6.35,43450,348850,,-0.245749,,0.00074478,0.0,16.361426,2023-08-01
18806,2023-07-26 09:38:00,19550.0,19762.6,437000,4516500,216.85,9.9,71350,311750,,-0.277946,,0.00082342,0.0,15.764263,2023-08-01
13549,2023-07-26 09:38:00,19600.0,19762.6,2145000,8615950,172.75,15.85,218350,570400,0.766834,-0.316654,0.00119255,0.00089768,9.929042,15.348608,2023-08-01
8292,2023-07-26 09:38:00,19650.0,19762.6,2030350,7202050,132.2,25.05,422050,480600,0.679341,-0.360313,0.00121641,0.00096499,11.386952,15.007938,2023-08-01
3032,2023-07-26 09:38:00,19700.0,19762.6,9445950,14049150,96.6,39.75,1393250,964900,0.610586,-0.409737,0.00123669,0.00100276,12.001197,15.000482,2023-08-01
400,2023-07-26 09:38:00,19750.0,19762.6,8914300,7174750,67.15,60.15,1758350,899450,0.546232,-0.460743,0.00123873,0.00101883,12.379595,15.080063,2023-08-01
5662,2023-07-26 09:38:00,19800.0,19762.6,14798150,6800650,44.25,87.6,1632900,735200,0.484511,-0.511348,0.00121918,0.0009982,12.653748,15.460329,2023-08-01
10921,2023-07-26 09:38:00,19850.0,19762.6,7548200,1842550,27.3,120.7,608400,190600,0.425117,-0.558896,0.00118441,0.00095904,12.804734,15.922486,2023-08-01
16177,2023-07-26 09:38:00,19900.0,19762.6,11547250,2524550,15.9,159.25,934350,151950,0.36888,-0.601094,0.00112636,0.00089687,12.95971,16.658465,2023-08-01
21431,2023-07-26 09:38:00,19950.0,19762.6,6943800,581300,8.85,202.4,498600,47250,0.31731,-0.635077,0.00104774,0.00081538,13.161841,17.838419,2023-08-01
26684,2023-07-26 09:38:00,20000.0,19762.6,12920850,1403950,5.35,248.7,603500,27150,0.276939,-0.660051,0.00094017,0.00072813,13.782053,19.473253,2023-08-01
24060,2023-07-26 09:39:00,19500.0,19753.05,1924700,9193600,259.0,6.35,31000,286050,,-0.247312,,0.00076816,0.0,15.926108,2023-08-01
18807,2023-07-26 09:39:00,19550.0,19753.05,437000,4516500,212.15,9.9,23500,337550,0.790606,-0.28001,0.00101999,0.00085304,10.92193,15.279931,2023-08-01
13550,2023-07-26 09:39:00,19600.0,19753.05,2145000,8615950,168.35,16.15,137250,384800,0.715705,-0.320568,0.00108574,0.00093013,12.093139,14.898037,2023-08-01
8293,2023-07-26 09:39:00,19650.0,19753.05,2030350,7202050,128.05,25.85,179600,414200,0.654386,-0.366099,0.001145,0.00099921,12.4677,14.58017,2023-08-01
3033,2023-07-26 09:39:00,19700.0,19753.05,9445950,14049150,93.0,41.0,799500,715750,0.59377,-0.416926,0.00118297,0.00104116,12.695578,14.513602,2023-08-01
401,2023-07-26 09:39:00,19750.0,19753.05,8914300,7174750,64.0,61.95,1017450,669150,0.533415,-0.46963,0.00120022,0.00106158,12.825114,14.50893,2023-08-01
5663,2023-07-26 09:39:00,19800.0,19753.05,14798150,6800650,41.95,90.0,969850,784850,0.473799,-0.522224,0.00118456,0.00104417,13.012277,14.770765,2023-08-01
10922,2023-07-26 09:39:00,19850.0,19753.05,7548200,1842550,25.65,123.95,390950,233650,0.415774,-0.571964,0.00115428,0.00100397,13.083114,15.135066,2023-08-01
16178,2023-07-26 09:39:00,19900.0,19753.05,11547250,2524550,14.9,163.0,649600,134600,0.360929,-0.616927,0.00109701,0.00094351,13.216676,15.663583,2023-08-01
21432,2023-07-26 09:39:00,19950.0,19753.05,6943800,581300,8.3,206.5,350450,26000,0.310764,-0.653687,0.00101969,0.00086107,13.410855,16.591149,2023-08-01
26685,2023-07-26 09:39:00,20000.0,19753.05,12920850,1403950,5.0,252.9,434900,23200,0.271324,-0.681284,0.00091658,0.00077163,14.002092,17.914604,2023-08-01
24061,2023-07-26 09:40:00,19500.0,19751.65,1924700,9193600,257.5,6.45,27200,230850,,-0.248372,,0.00077003,0.0,15.925585,2023-08-01
18808,2023-07-26 09:40:00,19550.0,19751.65,437000,4516500,211.2,10.05,31650,215900,0.782493,-0.281183,0.00101263,0.00085494,11.249208,15.278736,2023-08-01
13551,2023-07-26 09:40:00,19600.0,19751.65,2145000,8615950,167.0,16.5,189450,388550,0.714934,-0.322279,0.00109161,0.00092987,12.045254,14.937033,2023-08-01
8294,2023-07-26 09:40:00,19650.0,19751.65,2030350,7202050,127.15,26.25,215050,309650,0.652131,-0.367617,0.0011425,0.00099969,12.526703,14.595032,2023-08-01
3034,2023-07-26 09:40:00,19700.0,19751.65,9445950,14049150,92.2,41.8,784450,816600,0.591899,-0.418744,0.00118141,0.00103714,12.728376,14.585746,2023-08-01
402,2023-07-26 09:40:00,19750.0,19751.65,8914300,7174750,63.45,63.1,734600,899550,0.531646,-0.471276,0.00119664,0.00105414,12.869723,14.617704,2023-08-01
5664,2023-07-26 09:40:00,19800.0,19751.65,14798150,6800650,41.65,91.25,671650,617500,0.472297,-0.523485,0.0011789,0.00103726,13.073071,14.86828,2023-08-01
10923,2023-07-26 09:40:00,19850.0,19751.65,7548200,1842550,25.5,125.25,278250,150700,0.414603,-0.572931,0.00114797,0.00099809,13.148294,15.219325,2023-08-01
16179,2023-07-26 09:40:00,19900.0,19751.65,11547250,2524550,14.8,164.45,483400,75600,0.359959,-0.617413,0.00109166,0.00093679,13.270833,15.772069,2023-08-01
21433,2023-07-26 09:40:00,19950.0,19751.65,6943800,581300,8.3,208.35,298750,23900,0.310338,-0.65267,0.00101353,0.00084971,13.486026,16.833423,2023-08-01
26686,2023-07-26 09:40:00,20000.0,19751.65,12920850,1403950,4.95,254.65,400000,36250,0.270549,-0.680177,0.0009131,0.00076329,14.037095,18.138961,2023-08-01
24062,2023-07-26 09:41:00,19500.0,19756.8,1926300,9305050,258.75,6.3,11900,219250,,-0.246407,,0.00075938,0.0,16.077315,2023-08-01
18809,2023-07-26 09:41:00,19550.0,19756.8,443600,4540900,212.6,9.9,16100,139700,,-0.279291,,0.00084087,0.0,15.480495,2023-08-01
13552,2023-07-26 09:41:00,19600.0,19756.8,2150950,8720400,168.4,16.25,110450,273600,0.74729,-0.319887,0.00117433,0.00091317,10.536883,15.15992,2023-08-01
8295,2023-07-26 09:41:00,19650.0,19756.8,2097600,7290950,128.0,25.9,143650,244550,0.669889,-0.364694,0.00121272,0.00097913,11.563464,14.858958,2023-08-01
3035,2023-07-26 09:41:00,19700.0,19756.8,9401500,14249150,93.25,41.05,587300,602850,0.602122,-0.41476,0.00122789,0.00101674,12.164791,14.84358,2023-08-01
403,2023-07-26 09:41:00,19750.0,19756.8,8831750,7467700,64.4,62.05,637750,683850,0.538764,-0.466392,0.00123142,0.00103135,12.483944,14.923179,2023-08-01
5665,2023-07-26 09:41:00,19800.0,19756.8,14796200,7071900,42.1,90.0,642650,516450,0.477573,-0.517467,0.00121264,0.00101074,12.717295,15.26722,2023-08-01
10924,2023-07-26 09:41:00,19850.0,19756.8,7601450,1924350,25.8,123.8,242200,81450,0.418606,-0.565314,0.00117605,0.00096822,12.859482,15.738591,2023-08-01
16180,2023-07-26 09:41:00,19900.0,19756.8,11630850,2536450,14.95,163.15,298550,85250,0.362941,-0.60713,0.00111588,0.00090009,13.016777,16.53787,2023-08-01
21434,2023-07-26 09:41:00,19950.0,19756.8,7000850,577350,8.3,206.6,138000,16300,0.312114,-0.641058,0.00103569,0.00081818,13.227464,17.685644,2023-08-01
26687,2023-07-26 09:41:00,20000.0,19756.8,13119450,1414450,4.9,252.95,241800,18500,0.271379,-0.666328,0.00093164,0.00073218,13.776018,19.234628,2023-08-01
24063,2023-07-26 09:42:00,19500.0,19751.5,1926300,9305050,252.85,6.45,26250,198100,,-0.248489,,0.00077024,0.0,15.927183,2023-08-01
18810,2023-07-26 09:42:00,19550.0,19751.5,443600,4540900,206.05,10.05,22600,204250,,-0.281299,,0.00085519,0.0,15.279149,2023-08-01
13553,2023-07-26 09:42:00,19600.0,19751.5,2150950,8720400,162.6,16.6,213500,393500,0.75164,-0.322749,0.00122485,0.00092853,10.012957,14.969479,2023-08-01
8296,2023-07-26 09:42:00,19650.0,19751.5,2097600,7290950,123.0,26.55,245550,343400,0.666454,-0.368395,0.00124288,0.0009952,11.333103,14.672789,2023-08-01
3036,2023-07-26 09:42:00,19700.0,19751.5,9401500,14249150,88.45,42.35,1299950,865800,0.597772,-0.419499,0.00126232,0.00102906,11.870634,14.707901,2023-08-01
404,2023-07-26 09:42:00,19750.0,19751.5,8831750,7467700,60.4,64.3,1105650,813900,0.532765,-0.471792,0.0012591,0.00103641,12.230041,14.870911,2023-08-01
5666,2023-07-26 09:42:00,19800.0,19751.5,14796200,7071900,39.1,93.25,1532900,741200,0.470579,-0.522755,0.00123099,0.00100802,12.517452,15.303067,2023-08-01
10925,2023-07-26 09:42:00,19850.0,19751.5,7601450,1924350,23.7,127.95,570200,130700,0.411174,-0.569809,0.0011868,0.00095874,12.694927,15.868574,2023-08-01
16181,2023-07-26 09:42:00,19900.0,19751.5,11630850,2536450,13.6,167.5,731000,145850,0.35556,-0.611281,0.00111974,0.00089293,12.884088,16.625945,2023-08-01
21435,2023-07-26 09:42:00,19950.0,19751.5,7000850,577350,7.55,211.1,378650,11200,0.305552,-0.644945,0.00103248,0.00081283,13.149992,17.739947,2023-08-01
26688,2023-07-26 09:42:00,20000.0,19751.5,13119450,1414450,4.6,258.0,483500,24850,0.267123,-0.668466,0.00092163,0.000723,13.820173,19.435533,2023-08-01
24064,2023-07-26 09:43:00,19500.0,19755.35,1926300,9305050,258.0,6.4,34750,288150,,-0.247521,,0.00076124,0.0,16.07973,2023-08-01
18811,2023-07-26 09:43:00,19550.0,19755.35,443600,4540900,212.0,10.0,43700,357300,0.951038,-0.280235,0.00073347,0.00084356,5.354716,15.459274,2023-08-01
13554,2023-07-26 09:43:00,19600.0,19755.35,2150950,8720400,167.6,16.3,209350,601750,0.740155,-0.320565,0.0011606,0.00091779,10.81938,15.099785,2023-08-01
8297,2023-07-26 09:43:00,19650.0,19755.35,2097600,7290950,127.85,25.95,267650,561050,0.664016,-0.365465,0.00118843,0.00098518,11.884542,14.780839,2023-08-01
3037,2023-07-26 09:43:00,19700.0,19755.35,9401500,14249150,92.7,40.7,1150050,1379850,0.599514,-0.415239,0.00121914,0.00103065,12.275588,14.649746,2023-08-01
405,2023-07-26 09:43:00,19750.0,19755.35,8831750,7467700,63.55,61.6,1637900,1409750,0.536994,-0.467494,0.00123293,0.00104857,12.47618,14.684276,2023-08-01
5667,2023-07-26 09:43:00,19800.0,19755.35,14796200,7071900,41.6,89.8,1572900,966800,0.475869,-0.519341,0.00121007,0.0010258,12.743516,15.042473,2023-08-01
10926,2023-07-26 09:43:00,19850.0,19755.35,7601450,1924350,25.3,123.6,749850,253550,0.416772,-0.568089,0.00117663,0.00098499,12.842863,15.455135,2023-08-01
16182,2023-07-26 09:43:00,19900.0,19755.35,11630850,2536450,14.6,163.05,879150,198050,0.361082,-0.610792,0.0011159,0.00091634,12.996152,16.204873,2023-08-01
21436,2023-07-26 09:43:00,19950.0,19755.35,7000850,577350,8.1,207.55,497700,15250,0.310455,-0.642841,0.00103425,0.00082017,13.217718,17.615347,2023-08-01
26689,2023-07-26 09:43:00,20000.0,19755.35,13119450,1414450,4.8,254.3,570850,96150,0.27013,-0.666976,0.0009291,0.00072984,13.784454,19.285033,2023-08-01
24065,2023-07-26 09:44:00,19500.0,19762.9,1936900,9391700,265.75,6.05,63900,322900,,-0.243574,,0.00074815,0.0,16.215079,2023-08-01
18812,2023-07-26 09:44:00,19550.0,19762.9,424250,4536050,218.55,9.45,31050,392900,,-0.27561,,0.00082905,0.0,15.597499,2023-08-01
13555,2023-07-26 09:44:00,19600.0,19762.9,2141600,8847950,174.5,15.25,250000,570150,0.748408,-0.314548,0.00113843,0.00090529,10.842156,15.181173,2023-08-01
8298,2023-07-26 09:44:00,19650.0,19762.9,2100000,7422000,133.7,24.3,263250,509300,0.673783,-0.358589,0.00118045,0.00097439,11.821122,14.843207,2023-08-01
3038,2023-07-26 09:44:00,19700.0,19762.9,9311300,14280250,97.55,38.55,1278250,1224800,0.60924,-0.40812,0.00121728,0.00101817,12.208385,14.764056,2023-08-01
406,2023-07-26 09:44:00,19750.0,19762.9,8898250,7516100,67.75,58.45,1554300,1080800,0.546219,-0.459755,0.00122736,0.00104096,12.498323,14.760443,2023-08-01
5668,2023-07-26 09:44:00,19800.0,19762.9,14616850,7156750,44.6,85.5,1455950,703850,0.484976,-0.511578,0.00121261,0.00102522,12.726917,15.057487,2023-08-01
10927,2023-07-26 09:44:00,19850.0,19762.9,7592900,1899000,27.4,118.6,618050,124950,0.425592,-0.560493,0.00118265,0.0009855,12.83081,15.490534,2023-08-01
16183,2023-07-26 09:44:00,19900.0,19762.9,11669300,2516300,15.8,157.3,644700,117400,0.368881,-0.603842,0.00112906,0.00092036,12.932798,16.208416,2023-08-01
21437,2023-07-26 09:44:00,19950.0,19762.9,7006600,574050,8.75,200.0,428250,29800,0.317069,-0.640274,0.00105062,0.00084336,13.125787,17.168168,2023-08-01
26690,2023-07-26 09:44:00,20000.0,19762.9,13179650,1410150,5.15,246.4,536800,23900,0.275455,-0.666153,0.00094575,0.0007516,13.669056,18.738773,2023-08-01
24066,2023-07-26 09:45:00,19500.0,19759.3,1936900,9391700,265.05,6.0,70950,544500,,-0.243768,,0.0007576,0.0,16.023638,2023-08-01
18813,2023-07-26 09:45:00,19550.0,19759.3,424250,4536050,218.7,9.35,72850,543850,0.7856,-0.275819,0.00098396,0.00084168,11.47963,15.372796,2023-08-01
13556,2023-07-26 09:45:00,19600.0,19759.3,2141600,8847950,173.45,15.2,450200,858700,0.724941,-0.315417,0.00108207,0.00091998,11.941424,14.960006,2023-08-01
8299,2023-07-26 09:45:00,19650.0,19759.3,2100000,7422000,132.75,24.05,519950,672450,0.661983,-0.359455,0.0011388,0.00099608,12.430554,14.53558,2023-08-01
3039,2023-07-26 09:45:00,19700.0,19759.3,9311300,14280250,96.85,38.55,2091800,1582350,0.601549,-0.410215,0.00118208,0.0010399,12.642323,14.476848,2023-08-01
407,2023-07-26 09:45:00,19750.0,19759.3,8898250,7516100,66.85,58.6,2361550,1388350,0.541132,-0.462861,0.00120612,0.00106532,12.739441,14.437443,2023-08-01
5669,2023-07-26 09:45:00,19800.0,19759.3,14616850,7156750,43.7,85.55,2041600,999250,0.480883,-0.515968,0.00119952,0.00105606,12.863223,14.615672,2023-08-01
10928,2023-07-26 09:45:00,19850.0,19759.3,7592900,1899000,26.8,118.55,981700,214850,0.422096,-0.566921,0.00117017,0.00102283,12.948543,14.889666,2023-08-01
16184,2023-07-26 09:45:00,19900.0,19759.3,11669300,2516300,15.45,157.35,1003050,161200,0.365974,-0.612657,0.00111679,0.00095958,13.043815,15.45195,2023-08-01
21438,2023-07-26 09:45:00,19950.0,19759.3,7006600,574050,8.6,200.65,721850,15100,0.314954,-0.650169,0.00103809,0.00087481,13.24958,16.391678,2023-08-01
26691,2023-07-26 09:45:00,20000.0,19759.3,13179650,1410150,5.1,246.8,613650,26900,0.27411,-0.678921,0.00093432,0.00078482,13.806251,17.668476,2023-08-01
24067,2023-07-26 09:46:00,19500.0,19758.35,1936900,9391700,268.6,5.95,36550,415700,0.780074,-0.243548,0.0008011,0.00076065,14.310353,15.953114,2023-08-01
18814,2023-07-26 09:46:00,19550.0,19758.35,424250,4536050,221.75,9.15,60850,277600,0.741222,-0.274886,0.00089208,0.00084794,14.046374,15.235546,2023-08-01
13557,2023-07-26 09:46:00,19600.0,19758.35,2141600,8847950,177.65,14.85,236400,380050,0.694928,-0.314373,0.00096952,0.00092955,13.992401,14.786582,2023-08-01
8300,2023-07-26 09:46:00,19650.0,19758.35,2100000,7422000,136.65,23.45,319750,354450,0.646378,-0.358387,0.00104355,0.00101096,13.796212,14.308383,2023-08-01
3040,2023-07-26 09:46:00,19700.0,19758.35,9311300,14280250,100.2,37.2,1104300,784050,0.593948,-0.408974,0.00110415,0.00106819,13.60201,14.084682,2023-08-01
408,2023-07-26 09:46:00,19750.0,19758.35,8898250,7516100,69.45,56.35,903200,872450,0.538295,-0.462665,0.0011454,0.00111032,13.42575,13.853031,2023-08-01
5670,2023-07-26 09:46:00,19800.0,19758.35,14616850,7156750,45.55,82.9,933950,743750,0.480761,-0.518218,0.00115437,0.00110972,13.36751,13.907064,2023-08-01
10929,2023-07-26 09:46:00,19850.0,19758.35,7592900,1899000,27.9,115.45,482050,103000,0.423226,-0.57284,0.00113987,0.00108782,13.301566,13.96437,2023-08-01
16185,2023-07-26 09:46:00,19900.0,19758.35,11669300,2516300,16.0,153.6,476400,85250,0.367348,-0.624596,0.00109826,0.00103991,13.281827,14.125606,2023-08-01
21439,2023-07-26 09:46:00,19950.0,19758.35,7006600,574050,8.8,196.05,361750,15250,0.315843,-0.671799,0.00102845,0.00097257,13.39128,14.388085,2023-08-01
26692,2023-07-26 09:46:00,20000.0,19758.35,13179650,1410150,5.1,243.0,506450,14350,0.273916,-0.70301,0.00093089,0.00086149,13.853631,15.557672,2023-08-01
24068,2023-07-26 09:47:00,19500.0,19763.3,1959500,9466200,270.55,5.95,39950,201200,0.849446,-0.242829,0.00083635,0.0007485,10.820261,16.183165,2023-08-01
18815,2023-07-26 09:47:00,19550.0,19763.3,434400,4607750,223.95,9.1,33000,220700,0.768402,-0.273616,0.0009353,0.00083324,12.618427,15.46582,2023-08-01
13558,2023-07-26 09:47:00,19600.0,19763.3,2135800,8943300,179.0,14.65,170350,429850,0.715314,-0.312221,0.00102313,0.0009132,12.840612,15.003941,2023-08-01
8301,2023-07-26 09:47:00,19650.0,19763.3,2066350,7368300,137.8,23.0,305100,347000,0.659813,-0.355293,0.00109068,0.00099327,13.009686,14.516082,2023-08-01
3041,2023-07-26 09:47:00,19700.0,19763.3,9295850,14730950,101.25,36.55,992450,734300,0.603165,-0.405196,0.00114298,0.00104718,13.059386,14.331605,2023-08-01
409,2023-07-26 09:47:00,19750.0,19763.3,8636400,7986200,70.35,55.5,1025650,738650,0.545071,-0.457951,0.00117757,0.00108445,13.03303,14.164013,2023-08-01
5671,2023-07-26 09:47:00,19800.0,19763.3,14510800,7297400,46.05,81.4,989300,525750,0.485933,-0.512297,0.00118528,0.00108627,13.023385,14.212507,2023-08-01
10930,2023-07-26 09:47:00,19850.0,19763.3,7663000,2003400,28.25,114.0,459700,110850,0.427238,-0.564945,0.001166,0.00105445,13.026046,14.453817,2023-08-01
16186,2023-07-26 09:47:00,19900.0,19763.3,11744200,2565100,16.2,151.65,534250,68450,0.370454,-0.614582,0.00112096,0.00100668,13.04629,14.706191,2023-08-01
21440,2023-07-26 09:47:00,19950.0,19763.3,7153950,583700,8.85,194.9,276700,5050,0.317914,-0.654622,0.00104919,0.00091761,13.160366,15.552124,2023-08-01
26693,2023-07-26 09:47:00,20000.0,19763.3,13348000,1431600,5.15,240.35,326400,30400,0.275697,-0.688899,0.00094674,0.00083378,13.662738,16.40766,2023-08-01
24069,2023-07-26 09:48:00,19500.0,19771.5,1959500,9466200,269.0,5.95,48900,287100,,-0.241637,,0.00072925,0.0,16.5601,2023-08-01
18816,2023-07-26 09:48:00,19550.0,19771.5,434400,4607750,222.35,9.05,55700,503700,,-0.271726,,0.00080959,0.0,15.85732,2023-08-01
13559,2023-07-26 09:48:00,19600.0,19771.5,2135800,8943300,177.35,14.65,458250,599900,,-0.310016,,0.00088238,0.0,15.474844,2023-08-01
8302,2023-07-26 09:48:00,19650.0,19771.5,2066350,7368300,136.45,23.2,518550,608250,0.708397,-0.352688,0.00129331,0.00095088,10.2702,15.11812,2023-08-01
3042,2023-07-26 09:48:00,19700.0,19771.5,9295850,14730950,100.0,36.9,1680300,1318300,0.628506,-0.401211,0.00129492,0.00099318,11.299763,15.067386,2023-08-01
410,2023-07-26 09:48:00,19750.0,19771.5,8636400,7986200,69.35,56.2,2181650,1223700,0.559785,-0.451794,0.00129544,0.00101381,11.784978,15.118833,2023-08-01
5672,2023-07-26 09:48:00,19800.0,19771.5,14510800,7297400,45.7,82.75,2125100,869050,0.494883,-0.502452,0.00126874,0.00099475,12.168917,15.521731,2023-08-01
10931,2023-07-26 09:48:00,19850.0,19771.5,7663000,2003400,27.95,115.2,1082850,157250,0.432949,-0.549954,0.00123385,0.00095469,12.336933,16.046378,2023-08-01
16187,2023-07-26 09:48:00,19900.0,19771.5,11744200,2565100,16.1,153.1,1121950,141400,0.374432,-0.592225,0.0011724,0.00089347,12.512088,16.817548,2023-08-01
21441,2023-07-26 09:48:00,19950.0,19771.5,7153950,583700,8.8,194.95,747100,22800,0.320677,-0.628314,0.00108954,0.00082303,12.71454,17.781619,2023-08-01
26694,2023-07-26 09:48:00,20000.0,19771.5,13348000,1431600,5.15,242.45,639250,48700,0.27792,-0.649994,0.00097678,0.00071887,13.289935,19.942031,2023-08-01
24070,2023-07-26 09:49:00,19500.0,19769.0,1959500,9466200,269.5,6.0,43900,301000,,-0.24247,,0.00073415,0.0,16.483212,2023-08-01
18817,2023-07-26 09:49:00,19550.0,19769.0,434400,4607750,221.85,9.1,29550,268750,,-0.272558,,0.00081595,0.0,15.760492,2023-08-01
13560,2023-07-26 09:49:00,19600.0,19769.0,2135800,8943300,178.05,14.75,127550,335950,0.785172,-0.311119,0.001194,0.00088976,9.468664,15.373044,2023-08-01
8303,2023-07-26 09:49:00,19650.0,19769.0,2066350,7368300,136.6,23.25,197500,282250,0.691111,-0.353785,0.00122581,0.0009614,11.123568,14.971959,2023-08-01
3043,2023-07-26 09:49:00,19700.0,19769.0,9295850,14730950,100.45,37.1,870450,621500,0.619588,-0.402854,0.00124071,0.00100403,11.883574,14.923017,2023-08-01
411,2023-07-26 09:49:00,19750.0,19769.0,8636400,7986200,69.95,56.35,967800,533250,0.554672,-0.453815,0.00124949,0.00102846,12.243446,14.915154,2023-08-01
5673,2023-07-26 09:49:00,19800.0,19769.0,14510800,7297400,46.1,82.8,1041650,430800,0.4921,-0.505187,0.00123503,0.0010136,12.501891,15.234749,2023-08-01
10932,2023-07-26 09:49:00,19850.0,19769.0,7663000,2003400,28.2,115.1,682450,104050,0.431398,-0.553903,0.00120822,0.00097827,12.592358,15.641937,2023-08-01
16188,2023-07-26 09:49:00,19900.0,19769.0,11744200,2565100,16.5,153.35,906150,75950,0.374378,-0.597062,0.00114662,0.00091387,12.795111,16.396132,2023-08-01
21442,2023-07-26 09:49:00,19950.0,19769.0,7153950,583700,9.0,196.7,368750,10250,0.320932,-0.63093,0.00107152,0.00082466,12.935059,17.709068,2023-08-01
26695,2023-07-26 09:49:00,20000.0,19769.0,13348000,1431600,5.15,242.25,663300,19600,0.277291,-0.658222,0.00096721,0.00074255,13.408954,19.139597,2023-08-01
24071,2023-07-26 09:50:00,19500.0,19767.2,1982450,9514500,269.05,5.9,56000,197900,,-0.241961,,0.00073978,0.0,16.341712,2023-08-01
18818,2023-07-26 09:50:00,19550.0,19767.2,399850,4628150,222.25,9.05,9750,163550,,-0.272664,,0.00082196,0.0,15.650498,2023-08-01
13561,2023-07-26 09:50:00,19600.0,19767.2,2123700,8954450,177.75,14.85,77350,297100,0.761103,-0.312037,0.0011483,0.00089467,10.45513,15.310369,2023-08-01
8304,2023-07-26 09:50:00,19650.0,19767.2,2047350,7470900,136.4,23.4,86400,214850,0.682267,-0.354878,0.00119239,0.00096727,11.576733,14.899711,2023-08-01
3044,2023-07-26 09:50:00,19700.0,19767.2,9113350,14819550,100.0,37.2,428500,506550,0.615459,-0.403995,0.00122306,0.00101266,12.095999,14.808584,2023-08-01
412,2023-07-26 09:50:00,19750.0,19767.2,8892300,8184850,69.7,56.6,607150,470400,0.551773,-0.455382,0.00123317,0.00103713,12.419479,14.799309,2023-08-01
5674,2023-07-26 09:50:00,19800.0,19767.2,14674350,7508500,45.9,83.15,729100,353200,0.490047,-0.507152,0.0012222,0.00102302,12.633587,15.095512,2023-08-01
10933,2023-07-26 09:50:00,19850.0,19767.2,7903600,2056200,28.05,115.5,422450,42500,0.429835,-0.556422,0.0011978,0.00098917,12.694979,15.458225,2023-08-01
16189,2023-07-26 09:50:00,19900.0,19767.2,11801900,2606200,16.25,153.9,652750,53250,0.372688,-0.60008,0.00114176,0.00092411,12.832977,16.185216,2023-08-01
21443,2023-07-26 09:50:00,19950.0,19767.2,7307500,587500,8.85,195.85,306550,10800,0.319444,-0.638239,0.00106683,0.00085441,12.968624,16.980948,2023-08-01
26696,2023-07-26 09:50:00,20000.0,19767.2,13263600,1454450,5.1,241.55,639150,8300,0.276389,-0.666729,0.00096181,0.00076855,13.464721,18.315221,2023-08-01
24072,2023-07-26 09:51:00,19500.0,19771.55,1982450,9514500,272.7,5.8,45750,255000,,-0.240519,,0.00073114,0.0,16.478326,2023-08-01
18819,2023-07-26 09:51:00,19550.0,19771.55,399850,4628150,226.4,8.8,18900,239550,,-0.270348,,0.00081311,0.0,15.751146,2023-08-01
13562,2023-07-26 09:51:00,19600.0,19771.55,2123700,8954450,180.95,14.3,156500,394750,0.778972,-0.308726,0.00116512,0.00088735,9.863704,15.362649,2023-08-01
8305,2023-07-26 09:51:00,19650.0,19771.55,2047350,7470900,139.8,22.55,147150,358600,0.688441,-0.351093,0.00118928,0.00096041,11.508106,14.946054,2023-08-01
3045,2023-07-26 09:51:00,19700.0,19771.55,9113350,14819550,102.8,35.95,775150,782350,0.621406,-0.399866,0.00122409,0.00100679,12.027101,14.853038,2023-08-01
413,2023-07-26 09:51:00,19750.0,19771.55,8892300,8184850,71.85,54.65,1194850,610050,0.55743,-0.450856,0.00123782,0.00103603,12.346464,14.79268,2023-08-01
5675,2023-07-26 09:51:00,19800.0,19771.55,14674350,7508500,47.75,80.45,1156200,567650,0.495354,-0.502748,0.00122292,0.00102714,12.627116,15.034666,2023-08-01
10934,2023-07-26 09:51:00,19850.0,19771.55,7903600,2056200,29.3,112.7,599850,93100,0.434942,-0.552046,0.00120198,0.00098924,12.676737,15.477906,2023-08-01
16190,2023-07-26 09:51:00,19900.0,19771.55,11801900,2606200,17.0,150.1,795450,87950,0.377304,-0.597001,0.00114924,0.00093427,12.796928,16.038355,2023-08-01
21444,2023-07-26 09:51:00,19950.0,19771.55,7307500,587500,9.2,192.9,334950,11150,0.323094,-0.633027,0.00107796,0.00084905,12.893383,17.167692,2023-08-01
26697,2023-07-26 09:51:00,20000.0,19771.55,13263600,1454450,5.3,238.15,518500,18800,0.279457,-0.662326,0.00097221,0.00076733,13.390511,18.435693,2023-08-01
24073,2023-07-26 09:52:00,19550.0,19776.9,399850,4628150,226.0,8.7,21400,320650,,-0.268752,,0.00079934,0.0,15.971715,2023-08-01
18820,2023-07-26 09:52:00,19600.0,19776.9,2123700,8954450,181.8,14.1,151250,541800,,-0.30655,,0.00087128,0.0,15.594106,2023-08-01
13563,2023-07-26 09:52:00,19650.0,19776.9,2047350,7470900,140.05,22.35,395850,757350,0.723879,-0.348644,0.00131715,0.0009393,9.823854,15.239718,2023-08-01
8306,2023-07-26 09:52:00,19700.0,19776.9,9113350,14819550,103.3,35.6,1189200,894650,0.637322,-0.396584,0.00130349,0.00098233,11.136034,15.186287,2023-08-01
3046,2023-07-26 09:52:00,19750.0,19776.9,8892300,8184850,72.45,54.2,1499750,899700,0.5668,-0.446577,0.00129235,0.00100643,11.779139,15.2033,2023-08-01
414,2023-07-26 09:52:00,19800.0,19776.9,14674350,7508500,47.95,80.05,1937550,802350,0.501713,-0.497071,0.00127097,0.00099062,12.147872,15.585499,2023-08-01
5676,2023-07-26 09:52:00,19850.0,19776.9,7903600,2056200,29.65,111.95,1072100,142700,0.439673,-0.544592,0.00123568,0.00095212,12.351757,16.114656,2023-08-01
10935,2023-07-26 09:52:00,19900.0,19776.9,11801900,2606200,17.25,149.7,1090350,96950,0.380995,-0.586562,0.0011762,0.00088821,12.538333,16.972116,2023-08-01
16191,2023-07-26 09:52:00,19950.0,19776.9,7307500,587500,9.4,191.85,712950,17400,0.326298,-0.621271,0.00109886,0.00081098,12.696713,18.151665,2023-08-01
21445,2023-07-26 09:52:00,20000.0,19776.9,13263600,1454450,5.4,237.2,683950,20650,0.281887,-0.648012,0.00098975,0.00072934,13.205547,19.695182,2023-08-01
26698,2023-07-26 09:52:00,20050.0,19776.9,4888000,67000,3.1,286.6,273100,250,0.244086,-0.661999,0.00088372,0.00063425,13.73959,22.307319,2023-08-01
24074,2023-07-26 09:53:00,19550.0,19781.9,400600,4720900,230.0,8.4,26850,411500,,-0.266,,0.0007901,0.0,16.071573,2023-08-01
18821,2023-07-26 09:53:00,19600.0,19781.9,2104300,9007700,185.0,13.55,183250,696200,,-0.303044,,0.00086246,0.0,15.670156,2023-08-01
13564,2023-07-26 09:53:00,19650.0,19781.9,1960650,7193700,143.0,21.55,219250,734150,0.746166,-0.34477,0.00136312,0.00092981,9.093231,15.328654,2023-08-01
8307,2023-07-26 09:53:00,19700.0,19781.9,8883750,14847500,105.75,34.1,1121250,1435650,0.648236,-0.391777,0.00133253,0.00097786,10.775215,15.201713,2023-08-01
3047,2023-07-26 09:53:00,19750.0,19781.9,8547900,8652900,74.35,52.55,1228100,1028700,0.574714,-0.44188,0.00131578,0.00099795,11.525597,15.303871,2023-08-01
415,2023-07-26 09:53:00,19800.0,19781.9,14587200,7809400,49.65,77.85,1739600,780950,0.508082,-0.49212,0.00128414,0.00098387,12.018553,15.686693,2023-08-01
5677,2023-07-26 09:53:00,19850.0,19781.9,7870400,2125550,30.65,109.45,888250,141600,0.445116,-0.539371,0.00125305,0.00094409,12.202444,16.271196,2023-08-01
10936,2023-07-26 09:53:00,19900.0,19781.9,11916750,2647650,17.8,146.7,691750,126000,0.385447,-0.581315,0.00119459,0.00088254,12.385634,17.126567,2023-08-01
16192,2023-07-26 09:53:00,19950.0,19781.9,7380350,596350,9.65,188.85,504550,14700,0.329683,-0.615433,0.0011175,0.00080274,12.53468,18.419141,2023-08-01
21446,2023-07-26 09:53:00,20000.0,19781.9,13074550,1457800,5.5,234.05,617550,34700,0.284251,-0.641959,0.0010066,0.00072165,13.034064,20.021758,2023-08-01
26699,2023-07-26 09:53:00,20050.0,19781.9,4918950,66950,3.15,283.2,251600,450,0.245892,-0.656689,0.00089761,0.00062942,13.578046,22.608164,2023-08-01
24075,2023-07-26 09:54:00,19550.0,19789.15,400600,4720900,237.65,8.2,52150,476550,,-0.263457,,0.00077372,0.0,16.326879,2023-08-01
18822,2023-07-26 09:54:00,19600.0,19789.15,2104300,9007700,192.45,13.05,417300,1002000,,-0.299167,,0.00084585,0.0,15.880366,2023-08-01
13565,2023-07-26 09:54:00,19650.0,19789.15,1960650,7193700,149.65,20.55,408900,1219300,0.755534,-0.339554,0.00133309,0.00091461,9.111121,15.488869,2023-08-01
8308,2023-07-26 09:54:00,19700.0,19789.15,8883750,14847500,111.7,32.55,2038400,1716500,0.656449,-0.385773,0.00130773,0.00096328,10.880993,15.358902,2023-08-01
3048,2023-07-26 09:54:00,19750.0,19789.15,8547900,8652900,79.2,50.05,2588250,1830900,0.583728,-0.435024,0.0013008,0.00098851,11.601104,15.403771,2023-08-01
416,2023-07-26 09:54:00,19800.0,19789.15,14587200,7809400,53.25,74.2,4088500,2185050,0.517356,-0.485001,0.00127942,0.00098163,12.050142,15.709535,2023-08-01
5678,2023-07-26 09:54:00,19850.0,19789.15,7870400,2125550,33.4,105.0,1406850,329500,0.454491,-0.532494,0.00124952,0.00094452,12.269734,16.28415,2023-08-01
10937,2023-07-26 09:54:00,19900.0,19789.15,11916750,2647650,19.75,141.4,1949800,252450,0.394923,-0.575118,0.00119372,0.0008872,12.476486,17.084527,2023-08-01
16193,2023-07-26 09:54:00,19950.0,19789.15,7380350,596350,10.9,182.9,1133600,32550,0.339027,-0.610251,0.00112086,0.00081007,12.631222,18.317886,2023-08-01
21447,2023-07-26 09:54:00,20000.0,19789.15,13074550,1457800,6.1,227.6,1316350,68800,0.291522,-0.637948,0.00101866,0.00073049,13.030252,19.849501,2023-08-01
26700,2023-07-26 09:54:00,20050.0,19789.15,4918950,66950,3.45,274.0,328650,1650,0.251587,-0.660105,0.00091184,0.00065922,13.525842,21.497873,2023-08-01
24076,2023-07-26 09:55:00,19550.0,19789.9,400600,4720900,238.35,8.2,34350,366350,,-0.263368,,0.00077167,0.0,16.367755,2023-08-01
18823,2023-07-26 09:55:00,19600.0,19789.9,2104300,9007700,193.4,13.0,300800,925500,,-0.298809,,0.00084405,0.0,15.906007,2023-08-01
13566,2023-07-26 09:55:00,19650.0,19789.9,1960650,7193700,150.8,20.5,259900,969650,0.750414,-0.339196,0.00130965,0.00091215,9.377788,15.524623,2023-08-01
8309,2023-07-26 09:55:00,19700.0,19789.9,8883750,14847500,112.7,32.3,1473600,1248100,0.655791,-0.38502,0.00129375,0.00096299,11.006697,15.354907,2023-08-01
3049,2023-07-26 09:55:00,19750.0,19789.9,8547900,8652900,79.8,49.45,1977200,1658500,0.58449,-0.434041,0.00129668,0.00099228,11.633309,15.339196,2023-08-01
417,2023-07-26 09:55:00,19800.0,19789.9,14587200,7809400,53.7,73.45,2825400,1417450,0.518291,-0.48423,0.00127701,0.00098639,12.071841,15.632867,2023-08-01
5679,2023-07-26 09:55:00,19850.0,19789.9,7870400,2125550,33.7,103.65,1114200,347100,0.455472,-0.532285,0.00124868,0.00095621,12.281716,16.085975,2023-08-01
10938,2023-07-26 09:55:00,19900.0,19789.9,11916750,2647650,19.95,140.05,1528250,187700,0.395897,-0.575444,0.00119357,0.0008977,12.486601,16.88233,2023-08-01
16194,2023-07-26 09:55:00,19950.0,19789.9,7380350,596350,10.9,181.1,820150,27000,0.339384,-0.611868,0.00112471,0.00082459,12.593368,17.974108,2023-08-01
21448,2023-07-26 09:55:00,20000.0,19789.9,13074550,1457800,6.15,226.45,1138550,59200,0.292197,-0.638631,0.00102018,0.00073633,13.025158,19.679554,2023-08-01
26701,2023-07-26 09:55:00,20050.0,19789.9,4918950,66950,3.4,273.7,432650,1600,0.251145,-0.658683,0.00091565,0.00065644,13.457353,21.623616,2023-08-01
24077,2023-07-26 09:56:00,19550.0,19801.25,386150,4917200,247.35,8.3,39300,794350,,-0.262057,,0.00074178,0.0,16.974986,2023-08-01
18824,2023-07-26 09:56:00,19600.0,19801.25,2006750,9161450,202.05,12.9,320250,943300,,-0.295761,,0.0008101,0.0,16.486559,2023-08-01
13567,2023-07-26 09:56:00,19650.0,19801.25,1757450,6967400,159.35,20.05,333600,1182650,0.8044,-0.334308,0.00135464,0.00087456,7.883665,16.092447,2023-08-01
8310,2023-07-26 09:56:00,19700.0,19801.25,8093300,15036950,120.45,31.15,1703150,1416700,0.676013,-0.377966,0.00130903,0.000925,10.616532,15.888364,2023-08-01
3050,2023-07-26 09:56:00,19750.0,19801.25,7331800,9648750,87.7,47.4,2352450,1544250,0.598211,-0.425085,0.00127234,0.00095483,11.753426,15.868077,2023-08-01
418,2023-07-26 09:56:00,19800.0,19801.25,14486650,8856550,59.9,69.9,3822750,1712200,0.53255,-0.47357,0.00126309,0.0009569,12.170727,16.08354,2023-08-01
5680,2023-07-26 09:56:00,19850.0,19801.25,7829900,2256500,38.4,99.15,1793450,311750,0.470014,-0.520493,0.00124025,0.00092766,12.401129,16.605057,2023-08-01
10939,2023-07-26 09:56:00,19900.0,19801.25,11580200,2847850,23.3,134.0,2111550,234750,0.410552,-0.563387,0.00119069,0.00087931,12.626957,17.31931,2023-08-01
16195,2023-07-26 09:56:00,19950.0,19801.25,7510300,634950,13.25,174.2,1424200,48750,0.354588,-0.599669,0.00112414,0.00080981,12.798937,18.449158,2023-08-01
21449,2023-07-26 09:56:00,20000.0,19801.25,13119050,1503150,7.65,218.55,1480000,78750,0.306754,-0.627632,0.00102618,0.00072893,13.230753,20.067694,2023-08-01
26702,2023-07-26 09:56:00,20050.0,19801.25,4923900,66800,4.25,266.85,617650,1700,0.264048,-0.644994,0.0009287,0.00063893,13.610968,22.528163,2023-08-01
24078,2023-07-26 09:57:00,19550.0,19801.2,386150,4917200,250.6,7.95,34150,575750,,-0.259878,,0.0007468,0.0,16.789624,2023-08-01
18825,2023-07-26 09:57:00,19600.0,19801.2,2006750,9161450,204.3,12.3,332850,960500,,-0.293152,,0.00081884,0.0,16.244905,2023-08-01
13568,2023-07-26 09:57:00,19650.0,19801.2,1757450,6967400,162.05,19.2,270700,907850,0.753473,-0.331832,0.0012327,0.00088686,9.893323,15.82365,2023-08-01
8311,2023-07-26 09:57:00,19700.0,19801.2,8093300,15036950,122.2,30.0,1597500,2072500,0.66779,-0.375888,0.00125487,0.00094123,11.188208,15.588533,2023-08-01
3051,2023-07-26 09:57:00,19750.0,19801.2,7331800,9648750,88.35,45.95,2017750,1552900,0.596884,-0.423716,0.00125563,0.00097473,11.92064,15.534708,2023-08-01
419,2023-07-26 09:57:00,19800.0,19801.2,14486650,8856550,60.9,68.15,4687050,2405450,0.532006,-0.473178,0.00124008,0.00098023,12.398648,15.700567,2023-08-01
5681,2023-07-26 09:57:00,19850.0,19801.2,7829900,2256500,39.05,97.0,2308600,461600,0.4704,-0.521412,0.00122501,0.00095535,12.557066,16.122757,2023-08-01
10940,2023-07-26 09:57:00,19900.0,19801.2,11580200,2847850,23.9,131.75,2150250,318800,0.411713,-0.565786,0.00117607,0.0009073,12.793247,16.769292,2023-08-01
16196,2023-07-26 09:57:00,19950.0,19801.2,7510300,634950,13.5,171.5,1899850,53300,0.355564,-0.604203,0.00111722,0.00084138,12.891594,17.703953,2023-08-01
21450,2023-07-26 09:57:00,20000.0,19801.2,13119050,1503150,7.85,214.8,1754300,91050,0.308085,-0.635936,0.00102038,0.00076873,13.33206,18.889285,2023-08-01
26703,2023-07-26 09:57:00,20050.0,19801.2,4923900,66800,4.35,261.15,828150,1900,0.265171,-0.659357,0.00092557,0.00069028,13.687253,20.538649,2023-08-01
24079,2023-07-26 09:58:00,19550.0,19799.2,386150,4917200,247.45,8.1,23300,649650,,-0.261233,,0.00074941,0.0,16.778631,2023-08-01
18826,2023-07-26 09:58:00,19600.0,19799.2,2006750,9161450,202.3,12.55,166600,1060900,,-0.29477,,0.00082112,0.0,16.243717,2023-08-01
13569,2023-07-26 09:58:00,19650.0,19799.2,1757450,6967400,159.3,19.65,201600,571500,0.763021,-0.333837,0.00127638,0.00088772,9.353512,15.848658,2023-08-01
8312,2023-07-26 09:58:00,19700.0,19799.2,8093300,15036950,120.4,30.8,902750,1096850,0.66607,-0.378263,0.00126424,0.00093901,11.129733,15.6585,2023-08-01
3052,2023-07-26 09:58:00,19750.0,19799.2,7331800,9648750,86.85,46.9,1280550,1090450,0.594646,-0.425879,0.00126157,0.00097273,11.882968,15.585424,2023-08-01
420,2023-07-26 09:58:00,19800.0,19799.2,14486650,8856550,59.4,69.6,2565400,1695450,0.529704,-0.475256,0.00125054,0.00097391,12.302463,15.810205,2023-08-01
5682,2023-07-26 09:58:00,19850.0,19799.2,7829900,2256500,38.15,98.6,1254100,343550,0.467865,-0.523135,0.00122716,0.00094949,12.530894,16.220882,2023-08-01
10941,2023-07-26 09:58:00,19900.0,19799.2,11580200,2847850,23.2,133.4,1319350,209100,0.409044,-0.567277,0.00117824,0.00090291,12.751842,16.842795,2023-08-01
16197,2023-07-26 09:58:00,19950.0,19799.2,7510300,634950,13.05,173.3,912450,20400,0.352923,-0.605363,0.00111747,0.00083687,12.856559,17.788011,2023-08-01
21451,2023-07-26 09:58:00,20000.0,19799.2,13119050,1503150,7.5,218.0,1044250,54000,0.305166,-0.633776,0.00102106,0.0007502,13.269354,19.397251,2023-08-01
26704,2023-07-26 09:58:00,20050.0,19799.2,4923900,66800,4.25,264.9,644900,700,0.263656,-0.655052,0.00092152,0.00066933,13.709619,21.28564,2023-08-01
24080,2023-07-26 09:59:00,19550.0,19796.15,371200,4872500,248.0,8.15,7450,375700,,-0.262126,,0.00075612,0.0,16.66244,2023-08-01
18827,2023-07-26 09:59:00,19600.0,19796.15,1929100,9424750,201.95,12.6,125250,721400,,-0.295736,,0.00082967,0.0,16.103772,2023-08-01
13570,2023-07-26 09:59:00,19650.0,19796.15,1657100,7108200,159.3,19.8,123500,407850,0.728654,-0.335273,0.0011826,0.00089711,10.841233,15.712384,2023-08-01
8313,2023-07-26 09:59:00,19700.0,19796.15,7589050,15243550,120.3,31.0,591300,996250,0.65352,-0.379989,0.00120727,0.00095047,11.823014,15.494564,2023-08-01
3053,2023-07-26 09:59:00,19750.0,19796.15,6727050,9963700,86.95,47.35,799100,828950,0.587457,-0.428211,0.00121634,0.00098391,12.380043,15.428379,2023-08-01
421,2023-07-26 09:59:00,19800.0,19796.15,15308050,10080850,59.5,70.2,1359450,1174750,0.525325,-0.478064,0.00121543,0.00098639,12.670032,15.620015,2023-08-01
5683,2023-07-26 09:59:00,19850.0,19796.15,8283400,2515550,38.1,99.2,842900,257450,0.464967,-0.526615,0.00120205,0.00096518,12.787436,15.95173,2023-08-01
10942,2023-07-26 09:59:00,19900.0,19796.15,11669550,3020000,23.05,134.4,952650,176850,0.406801,-0.571289,0.00116084,0.000916,12.928314,16.57607,2023-08-01
16198,2023-07-26 09:59:00,19950.0,19796.15,7590150,665850,12.95,174.55,816150,24700,0.351182,-0.609856,0.00110323,0.00084853,13.001977,17.491293,2023-08-01
21452,2023-07-26 09:59:00,20000.0,19796.15,13295700,1529150,7.4,218.65,859900,48650,0.303549,-0.640391,0.00101068,0.00076878,13.376878,18.815691,2023-08-01
26705,2023-07-26 09:59:00,20050.0,19796.15,4965000,67850,4.25,265.95,530200,550,0.262987,-0.661258,0.00091129,0.00068231,13.848359,20.74164,2023-08-01
24081,2023-07-26 10:00:00,19550.0,19797.05,371200,4872500,247.3,8.15,11550,402850,,-0.262015,,0.00075378,0.0,16.710519,2023-08-01
18828,2023-07-26 10:00:00,19600.0,19797.05,1929100,9424750,201.85,12.55,143850,617200,,-0.295345,,0.00082749,0.0,16.136577,2023-08-01
13571,2023-07-26 10:00:00,19650.0,19797.05,1657100,7108200,158.9,19.7,173300,416750,0.740951,-0.334726,0.00122131,0.00089494,10.253372,15.740645,2023-08-01
8314,2023-07-26 10:00:00,19700.0,19797.05,7589050,15243550,120.25,30.95,1026300,941200,0.657243,-0.379526,0.00122489,0.00094669,11.606077,15.550805,2023-08-01
3054,2023-07-26 10:00:00,19750.0,19797.05,6727050,9963700,86.7,47.15,1086100,772500,0.589823,-0.427476,0.00123379,0.00098126,12.188482,15.464908,2023-08-01
422,2023-07-26 10:00:00,19800.0,19797.05,15308050,10080850,59.45,70.15,1928550,1213900,0.526586,-0.477261,0.00122556,0.00098066,12.562839,15.709541,2023-08-01
5684,2023-07-26 10:00:00,19850.0,19797.05,8283400,2515550,38.25,99.3,896450,225550,0.465919,-0.525438,0.00120603,0.00095652,12.748053,16.099397,2023-08-01
10943,2023-07-26 10:00:00,19900.0,19797.05,11669550,3020000,23.25,134.55,1503150,147450,0.4078,-0.569561,0.001162,0.00090608,12.923278,16.770827,2023-08-01
16199,2023-07-26 10:00:00,19950.0,19797.05,7590150,665850,13.2,174.7,904600,29450,0.352609,-0.607539,0.00110152,0.00083843,13.041332,17.731592,2023-08-01
21453,2023-07-26 10:00:00,20000.0,19797.05,13295700,1529150,7.6,218.5,1236450,53150,0.305224,-0.638245,0.00100892,0.00076249,13.433225,19.009926,2023-08-01
26706,2023-07-26 10:00:00,20050.0,19797.05,4965000,67850,4.3,266.2,491750,600,0.263791,-0.657794,0.00091274,0.00067287,13.848186,21.11461,2023-08-01
24082,2023-07-26 10:01:00,19550.0,19792.4,371200,4872500,246.45,8.15,6550,291550,,-0.262874,,0.00076539,0.0,16.48966,2023-08-01
18829,2023-07-26 10:01:00,19600.0,19792.4,1929100,9424750,201.0,12.55,95300,536200,0.796709,-0.29647,0.00108121,0.00084208,10.116742,15.889392,2023-08-01
13572,2023-07-26 10:01:00,19650.0,19792.4,1657100,7108200,158.15,19.8,96950,276200,0.708566,-0.336542,0.001127,0.00091169,11.778674,15.488566,2023-08-01
8315,2023-07-26 10:01:00,19700.0,19792.4,7589050,15243550,119.6,31.1,612750,658200,0.642105,-0.381905,0.00116015,0.0009671,12.451295,15.255986,2023-08-01
3055,2023-07-26 10:01:00,19750.0,19792.4,6727050,9963700,86.2,47.5,723250,681800,0.580584,-0.430777,0.00118384,0.00100397,12.771423,15.142286,2023-08-01
423,2023-07-26 10:01:00,19800.0,19792.4,15308050,10080850,59.05,70.55,1299200,926900,0.520411,-0.481553,0.00118647,0.00100788,12.992409,15.298306,2023-08-01
5685,2023-07-26 10:01:00,19850.0,19792.4,8283400,2515550,37.85,99.7,685750,249100,0.46141,-0.531209,0.00117643,0.00098897,13.059021,15.559758,2023-08-01
10944,2023-07-26 10:01:00,19900.0,19792.4,11669550,3020000,23.1,135.0,826300,149450,0.404615,-0.577278,0.00113492,0.00094194,13.209711,16.078324,2023-08-01
16200,2023-07-26 10:01:00,19950.0,19792.4,7590150,665850,13.2,175.55,596500,17100,0.350595,-0.616809,0.00107702,0.00087115,13.314396,16.953316,2023-08-01
21454,2023-07-26 10:01:00,20000.0,19792.4,13295700,1529150,7.55,220.25,1053750,38650,0.303464,-0.64716,0.00099097,0.00078416,13.645256,18.328951,2023-08-01
26707,2023-07-26 10:01:00,20050.0,19792.4,4965000,67850,4.4,267.15,484250,1300,0.263836,-0.669966,0.00089494,0.00070091,14.128831,19.991511,2023-08-01
24083,2023-07-26 10:02:00,19550.0,19794.95,369500,4953600,248.1,8.0,7650,236800,,-0.261506,,0.00076105,0.0,16.538049,2023-08-01
18830,2023-07-26 10:02:00,19600.0,19794.95,1911050,9541900,202.0,12.4,55950,377250,0.85378,-0.295239,0.00110213,0.0008361,8.045889,15.971334,2023-08-01
13573,2023-07-26 10:02:00,19650.0,19794.95,1618700,7197250,159.3,19.55,66750,309700,0.71868,-0.335013,0.00115174,0.00090512,11.333149,15.572234,2023-08-01
8316,2023-07-26 10:02:00,19700.0,19794.95,7553950,15513200,120.3,30.7,377750,583650,0.648863,-0.380052,0.00118533,0.00096017,12.103689,15.34232,2023-08-01
3056,2023-07-26 10:02:00,19750.0,19794.95,6666700,10067750,86.9,46.9,595150,543850,0.584872,-0.428594,0.00120082,0.00099693,12.56106,15.233043,2023-08-01
424,2023-07-26 10:02:00,19800.0,19794.95,15650200,10409050,59.75,69.55,1208000,730200,0.523593,-0.479039,0.00119718,0.00100339,12.8696,15.360857,2023-08-01
5686,2023-07-26 10:02:00,19850.0,19794.95,8460300,2630650,38.25,98.7,570100,114700,0.464007,-0.528391,0.00118817,0.00098134,12.937032,15.687849,2023-08-01
10945,2023-07-26 10:02:00,19900.0,19794.95,11955950,3096750,23.45,133.6,756550,112650,0.406921,-0.574361,0.00114323,0.00093724,13.131335,16.180723,2023-08-01
16201,2023-07-26 10:02:00,19950.0,19794.95,7563550,680300,13.35,174.65,581300,13150,0.352328,-0.6124,0.00108628,0.00085804,13.223418,17.269083,2023-08-01
21455,2023-07-26 10:02:00,20000.0,19794.95,13268500,1537650,7.65,218.0,527200,21900,0.304971,-0.645527,0.00099855,0.00078731,13.570596,18.284512,2023-08-01
26708,2023-07-26 10:02:00,20050.0,19794.95,5034550,68450,4.45,265.0,381000,300,0.265001,-0.668023,0.0009016,0.00070181,14.054976,20.011249,2023-08-01
24084,2023-07-26 10:03:00,19550.0,19797.9,369500,4953600,248.4,8.0,8250,217000,,-0.26104,,0.00075359,0.0,16.68503,2023-08-01
18831,2023-07-26 10:03:00,19600.0,19797.9,1911050,9541900,202.75,12.35,91250,404300,,-0.294372,,0.00082748,0.0,16.114402,2023-08-01
13574,2023-07-26 10:03:00,19650.0,19797.9,1618700,7197250,159.6,19.4,95700,274000,0.742467,-0.333665,0.00122044,0.00089564,10.230743,15.710716,2023-08-01
8317,2023-07-26 10:03:00,19700.0,19797.9,7553950,15513200,120.9,30.7,516450,617900,0.658205,-0.378773,0.00122294,0.00094569,11.613627,15.559621,2023-08-01
3057,2023-07-26 10:03:00,19750.0,19797.9,6666700,10067750,87.3,46.95,725850,422250,0.590721,-0.426805,0.00123098,0.00097854,12.211369,15.50494,2023-08-01
425,2023-07-26 10:03:00,19800.0,19797.9,15650200,10409050,60.0,69.4,1488200,778950,0.52756,-0.476372,0.00122193,0.00098448,12.599678,15.64862,2023-08-01
5687,2023-07-26 10:03:00,19850.0,19797.9,8460300,2630650,38.65,98.45,687750,149950,0.467021,-0.524771,0.00120366,0.00096063,12.777722,16.034324,2023-08-01
10946,2023-07-26 10:03:00,19900.0,19797.9,11955950,3096750,23.75,133.55,967700,75850,0.4094,-0.569224,0.00115556,0.00091121,13.009346,16.680942,2023-08-01
16202,2023-07-26 10:03:00,19950.0,19797.9,7563550,680300,13.65,173.3,541800,19200,0.354826,-0.608135,0.00109421,0.0008477,13.15958,17.532431,2023-08-01
21456,2023-07-26 10:03:00,20000.0,19797.9,13268500,1537650,7.9,218.0,779950,29600,0.307581,-0.637074,0.00100403,0.00076044,13.546205,19.084501,2023-08-01
26709,2023-07-26 10:03:00,20050.0,19797.9,5034550,68450,4.6,262.2,327950,600,0.267297,-0.666799,0.000907,0.00070633,14.03117,19.910439,2023-08-01
24085,2023-07-26 10:04:00,19550.0,19794.05,369500,4953600,247.55,7.95,17200,189450,,-0.261428,,0.00076389,0.0,16.476775,2023-08-01
18832,2023-07-26 10:04:00,19600.0,19794.05,1911050,9541900,201.9,12.35,78650,520300,0.816256,-0.295303,0.00109666,0.00083948,9.378375,15.911138,2023-08-01
13575,2023-07-26 10:04:00,19650.0,19794.05,1618700,7197250,159.6,19.35,77500,476900,0.710109,-0.334767,0.00112225,0.00091145,11.800169,15.461963,2023-08-01
8318,2023-07-26 10:04:00,19700.0,19794.05,7553950,15513200,120.75,30.7,371550,507550,0.6442,-0.380506,0.00115934,0.00096426,12.435392,15.285146,2023-08-01
3058,2023-07-26 10:04:00,19750.0,19794.05,6666700,10067750,87.1,46.85,526450,422500,0.582667,-0.429154,0.00118465,0.00100275,12.74974,15.150896,2023-08-01
426,2023-07-26 10:04:00,19800.0,19794.05,15650200,10409050,59.9,69.4,1102800,640500,0.522342,-0.479848,0.00118469,0.00101171,13.009703,15.238509,2023-08-01
5688,2023-07-26 10:04:00,19850.0,19794.05,8460300,2630650,38.6,98.5,565400,148900,0.463481,-0.52967,0.00117317,0.00099143,13.102905,15.526996,2023-08-01
10947,2023-07-26 10:04:00,19900.0,19794.05,11955950,3096750,23.65,133.55,864300,92700,0.406807,-0.576061,0.00113259,0.00094617,13.255891,16.017352,2023-08-01
16203,2023-07-26 10:04:00,19950.0,19794.05,7563550,680300,13.4,174.1,676500,17950,0.352193,-0.615662,0.00107996,0.00087391,13.301075,16.916278,2023-08-01
21457,2023-07-26 10:04:00,20000.0,19794.05,13268500,1537650,7.8,217.9,713100,18650,0.305753,-0.648561,0.00099067,0.00079722,13.696294,18.004402,2023-08-01
26710,2023-07-26 10:04:00,20050.0,19794.05,5034550,68450,4.5,264.3,191500,450,0.265413,-0.673599,0.00089714,0.0007177,14.13819,19.43856,2023-08-01
24086,2023-07-26 10:05:00,19550.0,19798.45,366200,5032150,250.25,7.9,21700,254350,,-0.260385,,0.00075351,0.0,16.666685,2023-08-01
18833,2023-07-26 10:05:00,19600.0,19798.45,1910550,9517850,204.2,12.3,91600,293100,,-0.294101,,0.00082627,0.0,16.132334,2023-08-01
13576,2023-07-26 10:05:00,19650.0,19798.45,1620300,7336500,161.45,19.25,105400,323700,0.730073,-0.333108,0.00117181,0.00089543,10.914864,15.705221,2023-08-01
8319,2023-07-26 10:05:00,19700.0,19798.45,7492050,15810550,122.4,30.3,570050,667750,0.654939,-0.377844,0.00119398,0.0009485,11.938941,15.503235,2023-08-01
3059,2023-07-26 10:05:00,19750.0,19798.45,6686600,10165400,88.55,46.25,799550,457250,0.589933,-0.425822,0.00121002,0.00098484,12.429679,15.399962,2023-08-01
427,2023-07-26 10:05:00,19800.0,19798.45,15883100,10698900,60.75,68.55,1426500,778350,0.528042,-0.475711,0.00121135,0.00099201,12.709738,15.529474,2023-08-01
5689,2023-07-26 10:05:00,19850.0,19798.45,8513300,2683100,39.25,97.2,712700,194800,0.467966,-0.52466,0.0011949,0.00097283,12.874913,15.834866,2023-08-01
10948,2023-07-26 10:05:00,19900.0,19798.45,11901050,3136600,24.0,132.2,901250,117650,0.41028,-0.569813,0.00115308,0.00092387,13.045186,16.449418,2023-08-01
16204,2023-07-26 10:05:00,19950.0,19798.45,7762950,687000,13.7,171.8,539250,29100,0.355329,-0.609647,0.00109544,0.00086146,13.152481,17.235064,2023-08-01
21458,2023-07-26 10:05:00,20000.0,19798.45,13338250,1540150,7.9,215.95,782500,44700,0.307842,-0.640546,0.00100596,0.00077893,13.526473,18.571651,2023-08-01
26711,2023-07-26 10:05:00,20050.0,19798.45,4953350,68450,4.6,260.7,235150,200,0.267523,-0.669736,0.00090852,0.00071796,14.014829,19.520596,2023-08-01
24087,2023-07-26 10:06:00,19550.0,19807.35,366200,5032150,266.5,7.1,50850,589550,0.794112,-0.253481,0.00082324,0.0007436,13.381266,16.647643,2023-08-01
18834,2023-07-26 10:06:00,19600.0,19807.35,1910550,9517850,218.55,10.75,344850,1272550,0.759602,-0.284714,0.00094091,0.00082259,12.788637,15.953147,2023-08-01
13577,2023-07-26 10:06:00,19650.0,19807.35,1620300,7336500,175.8,16.65,367400,1112100,0.697632,-0.322007,0.00098648,0.00090083,13.678645,15.392083,2023-08-01
8320,2023-07-26 10:06:00,19700.0,19807.35,7492050,15810550,134.65,26.3,1894600,2399000,0.648042,-0.366016,0.00106325,0.00096561,13.499296,15.067691,2023-08-01
3060,2023-07-26 10:06:00,19750.0,19807.35,6686600,10165400,98.65,40.3,2393850,2386050,0.593726,-0.41394,0.00111594,0.0010199,13.441791,14.773614,2023-08-01
428,2023-07-26 10:06:00,19800.0,19807.35,15883100,10698900,69.15,60.4,4236350,3017150,0.536881,-0.465429,0.00113567,0.00104721,13.526853,14.677116,2023-08-01
5690,2023-07-26 10:06:00,19850.0,19807.35,8513300,2683100,45.6,87.15,2061650,770950,0.479947,-0.517744,0.00113987,0.00104411,13.517775,14.761655,2023-08-01
10949,2023-07-26 10:06:00,19900.0,19807.35,11901050,3136600,28.3,120.4,2508300,487500,0.423574,-0.567984,0.00111987,0.00100985,13.522995,15.055124,2023-08-01
16205,2023-07-26 10:06:00,19950.0,19807.35,7762950,687000,16.25,158.55,1688600,75550,0.368307,-0.614771,0.00108253,0.00096005,13.468032,15.400311,2023-08-01
21459,2023-07-26 10:06:00,20000.0,19807.35,13338250,1540150,9.6,201.65,2107850,178200,0.320801,-0.653406,0.0010005,0.00088066,13.837213,16.207007,2023-08-01
26712,2023-07-26 10:06:00,20050.0,19807.35,4953350,68600,5.4,247.0,1073300,6900,0.277378,-0.686524,0.00091687,0.0008039,14.133369,17.05353,2023-08-01
24088,2023-07-26 10:07:00,19550.0,19813.7,366200,5032150,268.65,7.1,22150,521550,,-0.252508,,0.00072863,0.0,16.950727,2023-08-01
18835,2023-07-26 10:07:00,19600.0,19813.7,1910550,9517850,221.4,10.65,252650,1195650,0.823075,-0.282902,0.00100914,0.00080521,9.944513,16.243473,2023-08-01
13578,2023-07-26 10:07:00,19650.0,19813.7,1620300,7336500,176.6,16.3,203800,751500,0.734515,-0.31899,0.00108902,0.00088229,11.639075,15.649814,2023-08-01
8321,2023-07-26 10:07:00,19700.0,19813.7,7492050,15810550,136.05,25.75,1166250,1874700,0.666811,-0.362275,0.00113095,0.000944,12.427627,15.35522,2023-08-01
3061,2023-07-26 10:07:00,19750.0,19813.7,6686600,10165400,100.2,39.25,1573600,1623800,0.60551,-0.408994,0.00116389,0.00099819,12.785853,15.048016,2023-08-01
429,2023-07-26 10:07:00,19800.0,19813.7,15883100,10698900,69.95,59.05,2981500,2527350,0.545754,-0.459555,0.00118378,0.00102137,12.943553,15.023495,2023-08-01
5691,2023-07-26 10:07:00,19850.0,19813.7,8513300,2683100,46.4,85.35,2006300,443350,0.486569,-0.510601,0.00117585,0.001016,13.109755,15.175568,2023-08-01
10950,2023-07-26 10:07:00,19900.0,19813.7,11901050,3136600,28.3,117.95,1757100,320800,0.427978,-0.559533,0.00116227,0.00098314,13.053639,15.513362,2023-08-01
16206,2023-07-26 10:07:00,19950.0,19813.7,7762950,687000,16.35,155.65,1326700,41300,0.371754,-0.604624,0.00111489,0.00093256,13.113279,15.967238,2023-08-01
21460,2023-07-26 10:07:00,20000.0,19813.7,13338250,1540150,9.35,198.8,1647450,93500,0.321703,-0.640523,0.00103409,0.00084853,13.39984,17.037553,2023-08-01
26713,2023-07-26 10:07:00,20050.0,19813.7,4953350,68600,5.3,245.0,678600,1200,0.278145,-0.667342,0.00094121,0.00075862,13.782791,18.515353,2023-08-01
24089,2023-07-26 10:08:00,19550.0,19808.95,345500,4996400,263.45,7.25,8350,400250,,-0.254374,,0.00073742,0.0,16.818725,2023-08-01
18836,2023-07-26 10:08:00,19600.0,19808.95,1840950,9336200,216.2,11.05,97600,1126550,0.84122,-0.285967,0.00103683,0.00081296,9.030067,16.17638,2023-08-01
13579,2023-07-26 10:08:00,19650.0,19808.95,1486800,7067850,172.95,16.95,81500,565550,0.724497,-0.322649,0.00108264,0.00088978,11.930005,15.596579,2023-08-01
8322,2023-07-26 10:08:00,19700.0,19808.95,7013200,16083350,132.05,26.7,511700,1163700,0.662139,-0.366291,0.001143,0.00095152,12.367472,15.295155,2023-08-01
3062,2023-07-26 10:08:00,19750.0,19808.95,5777450,10088300,96.55,41.05,734450,988050,0.600676,-0.413954,0.00117703,0.00099857,12.68835,15.089795,2023-08-01
430,2023-07-26 10:08:00,19800.0,19808.95,15135350,11721050,67.05,61.15,1858800,1596800,0.540278,-0.46439,0.00119137,0.00102364,12.884094,15.012097,2023-08-01
5692,2023-07-26 10:08:00,19850.0,19808.95,8322700,2816050,43.75,88.35,1121750,322450,0.48069,-0.515327,0.0011887,0.0010114,12.964059,15.24328,2023-08-01
10951,2023-07-26 10:08:00,19900.0,19808.95,12046600,3337850,26.95,121.8,1268550,217400,0.422556,-0.563474,0.00115821,0.00097189,13.069152,15.673369,2023-08-01
16207,2023-07-26 10:08:00,19950.0,19808.95,7721900,722550,15.4,159.8,830050,41450,0.366374,-0.607963,0.00111062,0.00092176,13.104961,16.121248,2023-08-01
21461,2023-07-26 10:08:00,20000.0,19808.95,12897000,1612950,8.85,203.35,1308550,59000,0.317257,-0.642677,0.00102567,0.00083614,13.435162,17.258877,2023-08-01
26714,2023-07-26 10:08:00,20050.0,19808.95,5008000,67650,5.0,249.3,519300,2500,0.274184,-0.670141,0.00093259,0.00075268,13.816722,18.604399,2023-08-01
24090,2023-07-26 10:09:00,19550.0,19805.9,345500,4996400,262.25,7.2,8300,267300,,-0.254566,,0.00074532,0.0,16.650455,2023-08-01
18837,2023-07-26 10:09:00,19600.0,19805.9,1840950,9336200,215.95,11.05,102500,583450,0.773002,-0.286666,0.00097566,0.00082198,11.950072,16.020815,2023-08-01
13580,2023-07-26 10:09:00,19650.0,19805.9,1486800,7067850,172.3,16.95,72900,334900,0.707901,-0.323578,0.00103721,0.00090124,12.808865,15.419794,2023-08-01
8323,2023-07-26 10:09:00,19700.0,19805.9,7013200,16083350,132.15,26.9,464650,785250,0.650418,-0.367998,0.00109204,0.00096279,13.114342,15.142442,2023-08-01
3063,2023-07-26 10:09:00,19750.0,19805.9,5777450,10088300,96.6,41.1,664650,683500,0.593678,-0.415819,0.00113712,0.00101575,13.194932,14.852884,2023-08-01
431,2023-07-26 10:09:00,19800.0,19805.9,15135350,11721050,67.0,61.4,1529750,1034450,0.535845,-0.467092,0.00116098,0.001042,13.23831,14.759283,2023-08-01
5693,2023-07-26 10:09:00,19850.0,19805.9,8322700,2816050,43.95,88.7,815250,348700,0.477795,-0.518966,0.00115916,0.00103243,13.29218,14.930076,2023-08-01
10952,2023-07-26 10:09:00,19900.0,19805.9,12046600,3337850,27.15,121.95,1067350,189550,0.420831,-0.568729,0.00113322,0.00100001,13.348496,15.201955,2023-08-01
16208,2023-07-26 10:09:00,19950.0,19805.9,7721900,722550,15.7,160.65,798750,32950,0.365937,-0.613922,0.00108666,0.00094285,13.391432,15.695113,2023-08-01
21462,2023-07-26 10:09:00,20000.0,19805.9,12897000,1612950,8.95,203.95,748550,56950,0.316827,-0.651026,0.00100975,0.00086206,13.642019,16.602305,2023-08-01
26715,2023-07-26 10:09:00,20050.0,19805.9,5008000,67650,5.15,249.5,394050,2800,0.274881,-0.682084,0.00091806,0.00078384,14.055933,17.599271,2023-08-01
24091,2023-07-26 10:10:00,19550.0,19806.5,345500,4996400,261.9,7.3,10500,302300,,-0.255215,,0.00074231,0.0,16.740632,2023-08-01
18838,2023-07-26 10:10:00,19600.0,19806.5,1840950,9336200,215.0,11.05,73350,346150,0.799748,-0.286578,0.0010178,0.00082005,10.648294,16.056676,2023-08-01
13581,2023-07-26 10:10:00,19650.0,19806.5,1486800,7067850,171.5,17.1,52050,633250,0.716684,-0.323948,0.00106829,0.00089644,12.258418,15.510036,2023-08-01
8324,2023-07-26 10:10:00,19700.0,19806.5,7013200,16083350,131.4,26.9,389800,713000,0.654865,-0.367778,0.00111694,0.00095973,12.761858,15.188146,2023-08-01
3064,2023-07-26 10:10:00,19750.0,19806.5,5777450,10088300,96.2,41.2,550850,474650,0.595594,-0.4156,0.0011521,0.0010104,13.008375,14.930117,2023-08-01
432,2023-07-26 10:10:00,19800.0,19806.5,15135350,11721050,66.5,61.65,1140500,868400,0.536939,-0.466676,0.00117636,0.00103351,13.062183,14.879569,2023-08-01
5694,2023-07-26 10:10:00,19850.0,19806.5,8322700,2816050,43.3,88.85,789900,267000,0.47806,-0.51815,0.00117666,0.00102462,13.09527,15.045719,2023-08-01
10953,2023-07-26 10:10:00,19900.0,19806.5,12046600,3337850,26.75,122.4,819150,154550,0.420594,-0.567077,0.00114536,0.0009867,13.205833,15.418543,2023-08-01
16209,2023-07-26 10:10:00,19950.0,19806.5,7721900,722550,15.35,161.05,479600,18650,0.365091,-0.611485,0.00109784,0.00092957,13.245208,15.948792,2023-08-01
21463,2023-07-26 10:10:00,20000.0,19806.5,12897000,1612950,8.85,204.55,749550,52050,0.316496,-0.647079,0.00101464,0.00084596,13.570506,16.987967,2023-08-01
26716,2023-07-26 10:10:00,20050.0,19806.5,5008000,67650,5.0,248.9,301350,900,0.273666,-0.681907,0.00092391,0.00078529,13.936744,17.571252,2023-08-01
24092,2023-07-26 10:11:00,19550.0,19802.05,341800,5378850,262.65,7.4,9300,613400,0.772804,-0.256691,0.00080831,0.0007515,14.435739,16.590442,2023-08-01
18839,2023-07-26 10:11:00,19600.0,19802.05,1839650,9221900,216.4,11.3,111100,354750,0.731392,-0.288827,0.00089064,0.00082967,14.327481,15.933766,2023-08-01
13582,2023-07-26 10:11:00,19650.0,19802.05,1502650,6945900,172.75,17.45,211750,319400,0.685806,-0.326489,0.000965,0.00090808,14.228328,15.364731,2023-08-01
8325,2023-07-26 10:11:00,19700.0,19802.05,6963850,16285650,132.4,27.4,728800,702350,0.637539,-0.370726,0.00103449,0.00097352,14.025946,15.016356,2023-08-01
3065,2023-07-26 10:11:00,19750.0,19802.05,5743550,10296050,97.0,41.7,813200,512600,0.585224,-0.41888,0.0010856,0.00102982,13.893487,14.678492,2023-08-01
433,2023-07-26 10:11:00,19800.0,19802.05,15049550,12138950,67.25,62.2,1723250,1621800,0.530468,-0.470792,0.00111951,0.0010586,13.748281,14.542857,2023-08-01
5695,2023-07-26 10:11:00,19850.0,19802.05,8425900,3041450,44.15,89.15,770250,264650,0.474312,-0.523795,0.00112488,0.00106064,13.694215,14.52799,2023-08-01
10954,2023-07-26 10:11:00,19900.0,19802.05,12191650,3467700,27.35,122.45,628000,199450,0.418681,-0.575508,0.00110409,0.00103384,13.689638,14.662917,2023-08-01
16210,2023-07-26 10:11:00,19950.0,19802.05,7614150,735000,15.75,160.9,552000,30150,0.364372,-0.624261,0.00106493,0.00098701,13.649228,14.874678,2023-08-01
21464,2023-07-26 10:11:00,20000.0,19802.05,12959550,1646450,8.95,204.35,657700,62400,0.315619,-0.664628,0.00099327,0.00090634,13.850049,15.560048,2023-08-01
26717,2023-07-26 10:11:00,20050.0,19802.05,5033700,68250,5.05,248.8,403850,250,0.273095,-0.707188,0.00090763,0.00085071,14.17608,15.639527,2023-08-01
24093,2023-07-26 10:12:00,19550.0,19802.2,341800,5378850,260.3,7.4,12250,192550,0.81427,-0.256712,0.00085967,0.00075104,12.044362,16.602126,2023-08-01
18840,2023-07-26 10:12:00,19600.0,19802.2,1839650,9221900,213.95,11.45,99250,337500,0.752505,-0.289564,0.00094609,0.00082676,12.927645,16.009749,2023-08-01
13583,2023-07-26 10:12:00,19650.0,19802.2,1502650,6945900,170.05,17.8,129650,403900,0.698821,-0.327635,0.00102155,0.00090186,13.193618,15.493392,2023-08-01
8326,2023-07-26 10:12:00,19700.0,19802.2,6963850,16285650,130.35,27.9,649300,891500,0.643279,-0.371725,0.00107476,0.00096487,13.426758,15.164801,2023-08-01
3066,2023-07-26 10:12:00,19750.0,19802.2,5743550,10296050,95.3,42.45,734950,586600,0.58778,-0.419657,0.00111774,0.00101704,13.47532,14.869646,2023-08-01
434,2023-07-26 10:12:00,19800.0,19802.2,15049550,12138950,65.5,63.35,1814950,1890350,0.531334,-0.471033,0.00115263,0.00103929,13.351656,14.814405,2023-08-01
5696,2023-07-26 10:12:00,19850.0,19802.2,8425900,3041450,42.85,90.65,728650,253800,0.473738,-0.522881,0.00115034,0.00103507,13.390519,14.889644,2023-08-01
10955,2023-07-26 10:12:00,19900.0,19802.2,12191650,3467700,26.45,124.4,651550,223200,0.417288,-0.572543,0.00112302,0.00099985,13.449609,15.183584,2023-08-01
16211,2023-07-26 10:12:00,19950.0,19802.2,7614150,735000,15.15,163.1,485650,34100,0.362466,-0.618347,0.00107909,0.00094702,13.446896,15.578205,2023-08-01
21465,2023-07-26 10:12:00,20000.0,19802.2,12959550,1646450,8.65,206.5,496700,63700,0.313967,-0.656005,0.00100112,0.0008676,13.711292,16.414604,2023-08-01
26718,2023-07-26 10:12:00,20050.0,19802.2,5033700,68250,4.95,252.15,239500,2350,0.272227,-0.687687,0.00091058,0.00078981,14.108424,17.340261,2023-08-01
24094,2023-07-26 10:13:00,19550.0,19811.25,341800,5378850,261.05,7.3,15400,219100,,-0.254583,,0.00073088,0.0,16.979289,2023-08-01
18841,2023-07-26 10:13:00,19600.0,19811.25,1839650,9221900,215.35,11.1,92650,490450,,-0.285934,,0.00080488,0.0,16.340714,2023-08-01
13584,2023-07-26 10:13:00,19650.0,19811.25,1502650,6945900,171.35,17.3,179950,485200,0.763994,-0.323348,0.00119414,0.00087524,9.977391,15.872431,2023-08-01
8327,2023-07-26 10:13:00,19700.0,19811.25,6963850,16285650,131.0,27.1,754700,935000,0.676402,-0.366361,0.00121158,0.00093411,11.469933,15.583657,2023-08-01
3067,2023-07-26 10:13:00,19750.0,19811.25,5743550,10296050,95.75,41.6,601300,578100,0.607753,-0.41339,0.00122549,0.00097647,12.12957,15.428992,2023-08-01
435,2023-07-26 10:13:00,19800.0,19811.25,15049550,12138950,66.3,62.3,1565850,997800,0.544242,-0.463015,0.00123063,0.00099016,12.461907,15.517247,2023-08-01
5697,2023-07-26 10:13:00,19850.0,19811.25,8425900,3041450,43.45,89.5,833850,232150,0.482928,-0.512261,0.00121351,0.00097548,12.704315,15.811338,2023-08-01
10956,2023-07-26 10:13:00,19900.0,19811.25,12191650,3467700,26.9,122.75,893000,162600,0.424168,-0.558626,0.00117395,0.0009366,12.906326,16.29729,2023-08-01
16212,2023-07-26 10:13:00,19950.0,19811.25,7614150,735000,15.45,161.7,901400,20350,0.367817,-0.599158,0.00112117,0.00087175,13.000756,17.151516,2023-08-01
21466,2023-07-26 10:13:00,20000.0,19811.25,12959550,1646450,8.8,204.8,802900,51750,0.317969,-0.632187,0.0010362,0.00079404,13.313316,18.35665,2023-08-01
26719,2023-07-26 10:13:00,20050.0,19811.25,5033700,68250,5.05,250.95,389050,2150,0.275479,-0.656831,0.0009385,0.00071165,13.763819,19.985419,2023-08-01
24095,2023-07-26 10:14:00,19550.0,19815.7,339400,5388450,263.9,7.25,18550,488250,,-0.253572,,0.00072134,0.0,17.165012,2023-08-01
18842,2023-07-26 10:14:00,19600.0,19815.7,1811850,9177500,217.85,10.95,178000,589400,,-0.284299,,0.00079423,0.0,16.51169,2023-08-01
13585,2023-07-26 10:14:00,19650.0,19815.7,1475000,6908850,173.7,16.9,196850,679650,0.806632,-0.32077,0.00125263,0.00086505,8.468688,16.003553,2023-08-01
8328,2023-07-26 10:14:00,19700.0,19815.7,6902300,16142250,132.9,26.5,739950,1325150,0.690835,-0.363353,0.00125435,0.00092281,10.864307,15.728203,2023-08-01
3068,2023-07-26 10:14:00,19750.0,19815.7,5600700,10069650,97.3,40.8,1189050,885800,0.616603,-0.409979,0.00125709,0.00096327,11.745027,15.607154,2023-08-01
436,2023-07-26 10:14:00,19800.0,19815.7,14681800,11769400,67.65,60.95,2803400,2194850,0.550582,-0.458933,0.00125287,0.00097946,12.215267,15.668437,2023-08-01
5698,2023-07-26 10:14:00,19850.0,19815.7,8582100,2949500,44.3,87.85,1273050,404300,0.487999,-0.507727,0.00123557,0.00096377,12.481168,16.005277,2023-08-01
10957,2023-07-26 10:14:00,19900.0,19815.7,12301100,3466050,27.7,121.35,1284750,276100,0.428637,-0.553059,0.00118783,0.0009173,12.780292,16.670342,2023-08-01
16213,2023-07-26 10:14:00,19950.0,19815.7,7501200,718500,16.0,159.5,799300,45850,0.371866,-0.593518,0.00113317,0.00085961,12.90677,17.452663,2023-08-01
21467,2023-07-26 10:14:00,20000.0,19815.7,13064200,1628450,9.2,202.7,886750,52850,0.321867,-0.625429,0.00104567,0.00077927,13.258048,18.811786,2023-08-01
26720,2023-07-26 10:14:00,20050.0,19815.7,5045700,69850,5.2,248.7,221950,1050,0.278078,-0.649679,0.00095003,0.00069864,13.657179,20.510368,2023-08-01
24096,2023-07-26 10:15:00,19550.0,19815.1,339400,5388450,262.4,7.4,5250,364150,,-0.254749,,0.0007205,0.0,17.228327,2023-08-01
18843,2023-07-26 10:15:00,19600.0,19815.1,1811850,9177500,216.7,11.1,95550,441100,,-0.285209,,0.00079362,0.0,16.551065,2023-08-01
13586,2023-07-26 10:15:00,19650.0,19815.1,1475000,6908850,172.4,17.2,94250,317550,0.833224,-0.32199,0.00128102,0.00086263,7.546697,16.075144,2023-08-01
8329,2023-07-26 10:15:00,19700.0,19815.1,6902300,16142250,132.25,27.0,537300,950750,0.690846,-0.364689,0.00126002,0.00091813,10.816114,15.829465,2023-08-01
3069,2023-07-26 10:15:00,19750.0,19815.1,5600700,10069650,96.75,41.6,504450,543250,0.616107,-0.411294,0.0012607,0.00095518,11.716947,15.752659,2023-08-01
437,2023-07-26 10:15:00,19800.0,19815.1,14681800,11769400,67.35,61.9,1344050,1121150,0.549786,-0.459835,0.00125202,0.00097022,12.22772,15.82264,2023-08-01
5699,2023-07-26 10:15:00,19850.0,19815.1,8582100,2949500,44.0,88.95,753250,298200,0.487244,-0.50813,0.00123623,0.00095351,12.474893,16.178642,2023-08-01
10958,2023-07-26 10:15:00,19900.0,19815.1,12301100,3466050,27.3,122.35,754450,222700,0.427601,-0.55307,0.00119219,0.0009093,12.728581,16.818392,2023-08-01
16214,2023-07-26 10:15:00,19950.0,19815.1,7501200,718500,15.75,160.2,504450,40700,0.370788,-0.593619,0.00113558,0.00085604,12.868483,17.525911,2023-08-01
21468,2023-07-26 10:15:00,20000.0,19815.1,13064200,1628450,9.1,204.2,717950,48750,0.32113,-0.623739,0.00104535,0.00076754,13.250585,19.12783,2023-08-01
26721,2023-07-26 10:15:00,20050.0,19815.1,5045700,69850,5.15,250.0,238750,850,0.277504,-0.64804,0.00094911,0.00069041,13.657852,20.791499,2023-08-01
24097,2023-07-26 10:16:00,19550.0,19811.7,339400,5388450,261.85,7.35,1600,208450,,-0.254996,,0.00072886,0.0,17.043353,2023-08-01
18844,2023-07-26 10:16:00,19600.0,19811.7,1811850,9177500,215.3,11.1,38450,323200,,-0.285965,,0.00080322,0.0,16.377672,2023-08-01
13587,2023-07-26 10:16:00,19650.0,19811.7,1475000,6908850,171.65,17.25,47800,204700,0.765942,-0.323159,0.00119642,0.00087391,9.914295,15.895133,2023-08-01
8330,2023-07-26 10:16:00,19700.0,19811.7,6902300,16142250,131.3,27.1,229250,416850,0.677097,-0.366265,0.00121168,0.00093156,11.460389,15.627261,2023-08-01
3070,2023-07-26 10:16:00,19750.0,19811.7,5600700,10069650,96.1,41.65,260750,325950,0.608131,-0.413252,0.0012231,0.00097268,12.151699,15.490104,2023-08-01
438,2023-07-26 10:16:00,19800.0,19811.7,14681800,11769400,66.7,62.1,803000,838350,0.544654,-0.462598,0.00122618,0.00098935,12.507437,15.530675,2023-08-01
5700,2023-07-26 10:16:00,19850.0,19811.7,8582100,2949500,43.6,89.25,539550,215050,0.483468,-0.511816,0.0012134,0.00097483,12.70801,15.824664,2023-08-01
10959,2023-07-26 10:16:00,19900.0,19811.7,12301100,3466050,27.1,122.85,600000,165250,0.424858,-0.557785,0.00117184,0.00093084,12.9357,16.405596,2023-08-01
16215,2023-07-26 10:16:00,19950.0,19811.7,7501200,718500,15.65,161.25,421200,33350,0.368788,-0.598905,0.00111812,0.00087298,13.049399,17.13273,2023-08-01
21469,2023-07-26 10:16:00,20000.0,19811.7,13064200,1628450,8.95,204.85,386250,54450,0.31911,-0.63081,0.00103369,0.00078901,13.367774,18.499038,2023-08-01
26722,2023-07-26 10:16:00,20050.0,19811.7,5045700,69850,5.1,251.3,230000,1950,0.276206,-0.654396,0.00093827,0.00070395,13.787104,20.260509,2023-08-01
24098,2023-07-26 10:17:00,19550.0,19808.0,338300,5386150,260.2,7.35,5550,228400,,-0.255642,,0.00073739,0.0,16.872564,2023-08-01
18845,2023-07-26 10:17:00,19600.0,19808.0,1809850,9178300,214.2,11.2,81400,290050,,-0.287289,,0.00081244,0.0,16.231242,2023-08-01
13588,2023-07-26 10:17:00,19650.0,19808.0,1429300,6899550,170.5,17.45,71450,275850,0.735914,-0.324933,0.00112911,0.00088437,11.205222,15.746442,2023-08-01
8331,2023-07-26 10:17:00,19700.0,19808.0,6755650,16101000,130.6,27.4,339450,435000,0.663182,-0.368414,0.00115854,0.00094389,12.193655,15.456751,2023-08-01
3071,2023-07-26 10:17:00,19750.0,19808.0,5390800,10162100,95.2,41.9,384150,401750,0.60055,-0.415672,0.00119035,0.00098975,12.554269,15.247038,2023-08-01
439,2023-07-26 10:17:00,19800.0,19808.0,14814100,12266950,65.9,62.6,1079550,820050,0.539396,-0.465821,0.00120188,0.00100727,12.781283,15.269252,2023-08-01
5701,2023-07-26 10:17:00,19850.0,19808.0,8614000,3175150,43.1,90.05,621500,250500,0.479474,-0.515865,0.00119125,0.00099289,12.941467,15.535186,2023-08-01
10960,2023-07-26 10:17:00,19900.0,19808.0,12242000,3562150,26.75,123.6,612850,229400,0.421739,-0.563029,0.00115354,0.00095336,13.123892,15.989725,2023-08-01
16216,2023-07-26 10:17:00,19950.0,19808.0,7440050,723850,15.45,162.4,509450,25300,0.366356,-0.605049,0.00110199,0.00089296,13.214692,16.684564,2023-08-01
21470,2023-07-26 10:17:00,20000.0,19808.0,13188300,1630750,8.85,206.1,587350,45450,0.317291,-0.637963,0.00101977,0.00080821,13.52087,17.946413,2023-08-01
26723,2023-07-26 10:17:00,20050.0,19808.0,5053800,70050,5.1,252.7,241550,1300,0.275317,-0.662028,0.00092533,0.0007204,13.961153,19.635674,2023-08-01
24099,2023-07-26 10:18:00,19550.0,19806.6,338300,5386150,259.75,7.4,7500,176250,,-0.256262,,0.00073988,0.0,16.839139,2023-08-01
18846,2023-07-26 10:18:00,19600.0,19806.6,1809850,9178300,213.35,11.4,47350,318550,0.876432,-0.288607,0.00102485,0.00081346,7.710941,16.247902,2023-08-01
13589,2023-07-26 10:18:00,19650.0,19806.6,1429300,6899550,170.25,17.6,52050,230900,0.725849,-0.325876,0.00110229,0.00088718,11.696868,15.717046,2023-08-01
8332,2023-07-26 10:18:00,19700.0,19806.6,6755650,16101000,130.1,27.7,287600,521000,0.659302,-0.369638,0.00114587,0.00094578,12.384533,15.444461,2023-08-01
3072,2023-07-26 10:18:00,19750.0,19806.6,5390800,10162100,95.05,42.4,281850,409900,0.597495,-0.417079,0.00117456,0.00099033,12.749964,15.251706,2023-08-01
440,2023-07-26 10:18:00,19800.0,19806.6,14814100,12266950,65.85,63.05,725650,804850,0.537331,-0.467167,0.00118783,0.00101038,12.940608,15.228551,2023-08-01
5702,2023-07-26 10:18:00,19850.0,19806.6,8614000,3175150,43.0,90.6,505800,289150,0.478045,-0.517348,0.00118117,0.00099634,13.051029,15.480935,2023-08-01
10961,2023-07-26 10:18:00,19900.0,19806.6,12242000,3562150,26.7,124.4,590700,255700,0.420726,-0.564519,0.00114489,0.00095486,13.217929,15.956801,2023-08-01
16217,2023-07-26 10:18:00,19950.0,19806.6,7440050,723850,15.5,163.05,326300,72850,0.365884,-0.60707,0.00109294,0.00089789,13.320135,16.571683,2023-08-01
21471,2023-07-26 10:18:00,20000.0,19806.6,13188300,1630750,8.9,206.35,438150,42850,0.317141,-0.641441,0.00101227,0.0008189,13.620081,17.655571,2023-08-01
26724,2023-07-26 10:18:00,20050.0,19806.6,5053800,70050,5.05,252.1,157900,7000,0.274545,-0.668911,0.00092177,0.00074052,13.997511,18.95087,2023-08-01
24100,2023-07-26 10:19:00,19550.0,19800.0,338300,5386150,257.95,7.35,11650,241550,0.816931,-0.257057,0.00086882,0.00075656,11.816902,16.50077,2023-08-01
18847,2023-07-26 10:19:00,19600.0,19800.0,1809850,9178300,212.6,11.35,93300,356300,0.743751,-0.28986,0.00093327,0.00083428,13.354518,15.880903,2023-08-01
13590,2023-07-26 10:19:00,19650.0,19800.0,1429300,6899550,168.6,17.7,121150,293550,0.694079,-0.328223,0.00101419,0.000911,13.389009,15.356751,2023-08-01
8333,2023-07-26 10:19:00,19700.0,19800.0,6755650,16101000,128.45,27.85,368550,549350,0.641246,-0.372752,0.00107997,0.00097525,13.395186,15.024249,2023-08-01
3073,2023-07-26 10:19:00,19750.0,19800.0,5390800,10162100,93.55,42.9,451950,399350,0.585592,-0.421629,0.00112349,0.00102235,13.429647,14.814815,2023-08-01
441,2023-07-26 10:19:00,19800.0,19800.0,14814100,12266950,64.55,63.95,1301400,969750,0.528667,-0.473236,0.00114751,0.00104539,13.424712,14.740996,2023-08-01
5703,2023-07-26 10:19:00,19850.0,19800.0,8614000,3175150,42.2,91.7,704750,290300,0.471381,-0.525262,0.00114379,0.00103751,13.468533,14.856608,2023-08-01
10962,2023-07-26 10:19:00,19900.0,19800.0,12242000,3562150,26.05,125.55,711500,252900,0.415324,-0.575186,0.00111547,0.00100393,13.532972,15.110475,2023-08-01
16218,2023-07-26 10:19:00,19950.0,19800.0,7440050,723850,15.0,164.7,540150,47350,0.36117,-0.620603,0.00106951,0.00094662,13.557557,15.564574,2023-08-01
21472,2023-07-26 10:19:00,20000.0,19800.0,13188300,1630750,8.55,208.2,723100,48600,0.31294,-0.658313,0.00099322,0.00086762,13.807794,16.380773,2023-08-01
26725,2023-07-26 10:19:00,20050.0,19800.0,5053800,70050,4.85,254.15,203650,6700,0.271064,-0.689017,0.00090504,0.00078663,14.171809,17.386935,2023-08-01
24101,2023-07-26 10:20:00,19550.0,19810.9,337200,5491300,260.85,7.35,8200,145700,,-0.255311,,0.00073034,0.0,17.024165,2023-08-01
18848,2023-07-26 10:20:00,19600.0,19810.9,1805700,9198050,214.55,11.2,65000,199950,,-0.286795,,0.00080358,0.0,16.397211,2023-08-01
13591,2023-07-26 10:20:00,19650.0,19810.9,1435100,6901650,170.7,17.4,122000,210300,0.767605,-0.324033,0.00120618,0.00087399,9.797856,15.915529,2023-08-01
8334,2023-07-26 10:20:00,19700.0,19810.9,6682950,16167850,130.9,27.5,333100,450800,0.67477,-0.367535,0.00120503,0.00092867,11.560771,15.698043,2023-08-01
3074,2023-07-26 10:20:00,19750.0,19810.9,5411050,10186400,95.8,42.1,294100,417550,0.60653,-0.414303,0.00121696,0.00096995,12.230143,15.546886,2023-08-01
442,2023-07-26 10:20:00,19800.0,19810.9,14816650,12444950,66.45,62.7,947850,814850,0.543497,-0.463516,0.00122121,0.00098553,12.565755,15.598359,2023-08-01
5704,2023-07-26 10:20:00,19850.0,19810.9,8633850,3173700,43.4,90.05,503700,205300,0.482566,-0.512488,0.00120929,0.00096934,12.753426,15.917677,2023-08-01
10963,2023-07-26 10:20:00,19900.0,19810.9,12330900,3546100,27.0,123.55,481500,143050,0.424205,-0.558325,0.00116728,0.00092771,12.985564,16.46198,2023-08-01
16219,2023-07-26 10:20:00,19950.0,19810.9,7501450,727150,15.6,162.4,462600,33700,0.368351,-0.598607,0.00111381,0.00086492,13.098169,17.300248,2023-08-01
21473,2023-07-26 10:20:00,20000.0,19810.9,13046000,1640850,8.75,205.1,563950,33300,0.317837,-0.632266,0.00103457,0.00079277,13.337396,18.392362,2023-08-01
26726,2023-07-26 10:20:00,20050.0,19810.9,5053450,69600,4.95,251.1,223750,700,0.274767,-0.65732,0.000939,0.0007123,13.744637,19.964566,2023-08-01
24102,2023-07-26 10:21:00,19550.0,19807.6,337200,5491300,258.0,7.35,1250,289100,,-0.255893,,0.00073796,0.0,16.87211,2023-08-01
18849,2023-07-26 10:21:00,19600.0,19807.6,1805700,9198050,211.3,11.3,35100,274150,,-0.288031,,0.00081163,0.0,16.271103,2023-08-01
13592,2023-07-26 10:21:00,19650.0,19807.6,1435100,6901650,168.0,17.7,77650,247650,0.758327,-0.326017,0.00120288,0.00088149,10.040598,15.823228,2023-08-01
8335,2023-07-26 10:21:00,19700.0,19807.6,6682950,16167850,128.4,27.95,244600,381550,0.669981,-0.369823,0.00120612,0.00093695,11.621586,15.594519,2023-08-01
3075,2023-07-26 10:21:00,19750.0,19807.6,5411050,10186400,93.5,42.95,275100,327050,0.602568,-0.417172,0.00122129,0.0009761,12.22273,15.47662,2023-08-01
443,2023-07-26 10:21:00,19800.0,19807.6,14816650,12444950,64.65,64.0,744450,666300,0.539453,-0.466696,0.00122239,0.00098936,12.569728,15.5524,2023-08-01
5705,2023-07-26 10:21:00,19850.0,19807.6,8633850,3173700,42.2,91.9,568900,231300,0.478654,-0.515697,0.00120541,0.00096957,12.791166,15.912923,2023-08-01
10964,2023-07-26 10:21:00,19900.0,19807.6,12330900,3546100,26.1,125.7,551000,140150,0.420456,-0.561438,0.00116389,0.00092745,13.001827,16.450827,2023-08-01
16220,2023-07-26 10:21:00,19950.0,19807.6,7501450,727150,15.05,165.0,313600,24000,0.364941,-0.60122,0.00110842,0.00086165,13.124215,17.339966,2023-08-01
21474,2023-07-26 10:21:00,20000.0,19807.6,13046000,1640850,8.55,208.3,374250,42950,0.315558,-0.633571,0.00102504,0.00078449,13.423469,18.56878,2023-08-01
26727,2023-07-26 10:21:00,20050.0,19807.6,5053450,69600,4.9,254.5,192600,500,0.273502,-0.657853,0.00092878,0.00070395,13.867275,20.194097,2023-08-01
24103,2023-07-26 10:22:00,19550.0,19802.5,337200,5491300,255.15,7.25,5450,122300,,-0.256082,,0.00075163,0.0,16.576935,2023-08-01
18850,2023-07-26 10:22:00,19600.0,19802.5,1805700,9198050,208.75,11.25,111750,176100,,-0.288941,,0.0008277,0.0,15.984116,2023-08-01
13593,2023-07-26 10:22:00,19650.0,19802.5,1435100,6901650,165.25,17.65,76750,295350,0.731952,-0.327405,0.00115125,0.00090148,11.079117,15.503915,2023-08-01
8336,2023-07-26 10:22:00,19700.0,19802.5,6682950,16167850,125.65,28.1,271000,357850,0.658701,-0.372275,0.00118054,0.00095856,12.034082,15.280241,2023-08-01
3076,2023-07-26 10:22:00,19750.0,19802.5,5411050,10186400,91.15,43.45,321400,328050,0.594471,-0.42075,0.00120224,0.00099817,12.485386,15.167561,2023-08-01
444,2023-07-26 10:22:00,19800.0,19802.5,14816650,12444950,62.75,64.9,827550,694200,0.532827,-0.471312,0.00120688,0.00101186,12.754602,15.224995,2023-08-01
5706,2023-07-26 10:22:00,19850.0,19802.5,8633850,3173700,40.45,93.05,501250,232400,0.472684,-0.521397,0.00119833,0.00099453,12.858981,15.508219,2023-08-01
10965,2023-07-26 10:22:00,19900.0,19802.5,12330900,3546100,24.8,127.35,615850,303150,0.414762,-0.568215,0.00115764,0.00095074,13.036545,16.007734,2023-08-01
16221,2023-07-26 10:22:00,19950.0,19802.5,7501450,727150,14.05,166.35,511150,32700,0.359035,-0.610351,0.00110463,0.00089284,13.100341,16.633309,2023-08-01
21475,2023-07-26 10:22:00,20000.0,19802.5,13046000,1640850,8.0,210.55,512800,40300,0.310511,-0.642414,0.00101728,0.00080501,13.436498,17.950876,2023-08-01
26728,2023-07-26 10:22:00,20050.0,19802.5,5053450,69600,4.55,257.25,173950,400,0.268799,-0.666308,0.00092095,0.0007184,13.869167,19.603526,2023-08-01
24104,2023-07-26 10:23:00,19550.0,19810.1,337950,5635500,259.4,7.2,8800,151250,,-0.254536,,0.0007341,0.0,16.913647,2023-08-01
18851,2023-07-26 10:23:00,19600.0,19810.1,1851550,9190250,213.0,11.1,42150,165450,,-0.2866,,0.00080704,0.0,16.324991,2023-08-01
13594,2023-07-26 10:23:00,19650.0,19810.1,1379700,6981950,169.4,17.45,39100,210750,0.77526,-0.324537,0.00123089,0.00087572,9.424137,15.897647,2023-08-01
8337,2023-07-26 10:23:00,19700.0,19810.1,6668650,16177850,129.55,27.55,262650,389900,0.676815,-0.368043,0.00122511,0.00093102,11.34421,15.66877,2023-08-01
3077,2023-07-26 10:23:00,19750.0,19810.1,5429200,10163650,94.45,42.5,292350,343700,0.607056,-0.41527,0.00123549,0.00096815,12.044716,15.587399,2023-08-01
445,2023-07-26 10:23:00,19800.0,19810.1,14908450,12537850,65.4,63.3,782300,669800,0.542872,-0.464418,0.00123374,0.00098195,12.442837,15.66175,2023-08-01
5707,2023-07-26 10:23:00,19850.0,19810.1,8662200,3243050,42.65,91.0,504250,199350,0.481422,-0.513109,0.00121727,0.0009621,12.670816,16.040057,2023-08-01
10966,2023-07-26 10:23:00,19900.0,19810.1,12268350,3546950,26.4,124.8,699450,201350,0.422723,-0.558339,0.00117412,0.0009176,12.903159,16.646856,2023-08-01
16222,2023-07-26 10:23:00,19950.0,19810.1,7539300,716650,15.15,163.35,271100,22250,0.366553,-0.598659,0.00111952,0.00085965,13.013013,17.409263,2023-08-01
21476,2023-07-26 10:23:00,20000.0,19810.1,12959500,1646050,8.55,206.9,423500,31900,0.316502,-0.630165,0.00103571,0.00077841,13.301771,18.770483,2023-08-01
26729,2023-07-26 10:23:00,20050.0,19810.1,5045600,69400,4.8,253.3,174150,2150,0.273246,-0.653542,0.00093994,0.00069574,13.696171,20.528248,2023-08-01
24105,2023-07-26 10:24:00,19550.0,19815.2,337950,5635500,263.6,7.15,6150,153300,,-0.253419,,0.000723,0.0,17.130128,2023-08-01
18852,2023-07-26 10:24:00,19600.0,19815.2,1851550,9190250,216.95,10.85,53200,319200,,-0.284327,,0.00079595,0.0,16.486396,2023-08-01
13595,2023-07-26 10:24:00,19650.0,19815.2,1379700,6981950,172.95,16.75,40600,284850,0.812801,-0.320761,0.00126413,0.00086758,8.230912,15.965926,2023-08-01
8338,2023-07-26 10:24:00,19700.0,19815.2,6668650,16177850,132.65,26.45,379800,525800,0.688684,-0.363723,0.00124713,0.00092401,10.966564,15.722483,2023-08-01
3078,2023-07-26 10:24:00,19750.0,19815.2,5429200,10163650,97.05,40.75,391950,457500,0.615404,-0.410383,0.00125192,0.00096475,11.811338,15.596044,2023-08-01
446,2023-07-26 10:24:00,19800.0,19815.2,14908450,12537850,67.65,60.85,996500,843000,0.549589,-0.459365,0.00124359,0.00098207,12.317579,15.637645,2023-08-01
5708,2023-07-26 10:24:00,19850.0,19815.2,8662200,3243050,44.2,88.1,628600,243650,0.487439,-0.508206,0.00122991,0.00096224,12.54546,16.03982,2023-08-01
10967,2023-07-26 10:24:00,19900.0,19815.2,12268350,3546950,27.45,121.3,612100,154150,0.428056,-0.553755,0.00118691,0.00092029,12.794276,16.621964,2023-08-01
16223,2023-07-26 10:24:00,19950.0,19815.2,7539300,716650,15.8,159.8,388300,25200,0.371267,-0.593886,0.00113266,0.00085874,12.913443,17.476707,2023-08-01
21477,2023-07-26 10:24:00,20000.0,19815.2,12959500,1646050,8.9,203.05,268550,43150,0.320388,-0.6257,0.00104933,0.00077829,13.194235,18.842044,2023-08-01
26730,2023-07-26 10:24:00,20050.0,19815.2,5045600,69400,4.95,249.15,159850,3150,0.276063,-0.649689,0.00095374,0.00069701,13.563684,20.569938,2023-08-01
24106,2023-07-26 10:25:00,19550.0,19811.8,337950,5635500,260.65,7.1,4350,203250,,-0.253651,,0.00073142,0.0,16.945051,2023-08-01
18853,2023-07-26 10:25:00,19600.0,19811.8,1851550,9190250,214.5,10.9,48650,277400,,-0.28533,,0.00080485,0.0,16.335344,2023-08-01
13596,2023-07-26 10:25:00,19650.0,19811.8,1379700,6981950,171.3,17.1,77000,221950,0.771972,-0.322951,0.00121136,0.00087445,9.655184,15.888995,2023-08-01
8339,2023-07-26 10:25:00,19700.0,19811.8,6668650,16177850,131.1,26.95,331350,448400,0.678043,-0.36616,0.00121666,0.00093172,11.405309,15.630875,2023-08-01
3079,2023-07-26 10:25:00,19750.0,19811.8,5429200,10163650,95.7,41.45,416900,297100,0.608931,-0.413127,0.00123106,0.00097322,12.07219,15.488024,2023-08-01
447,2023-07-26 10:25:00,19800.0,19811.8,14908450,12537850,66.45,62.0,989000,573650,0.544864,-0.462552,0.0012298,0.00098827,12.47616,15.555235,2023-08-01
5709,2023-07-26 10:25:00,19850.0,19811.8,8662200,3243050,43.35,89.35,651950,195200,0.483497,-0.51166,0.00121685,0.00097095,12.678389,15.896016,2023-08-01
10968,2023-07-26 10:25:00,19900.0,19811.8,12268350,3546950,26.8,122.85,529800,158850,0.424607,-0.557534,0.00117667,0.0009284,12.887527,16.458393,2023-08-01
16224,2023-07-26 10:25:00,19950.0,19811.8,7539300,716650,15.4,161.35,261650,26400,0.368286,-0.59837,0.00112257,0.0008694,12.998275,17.217634,2023-08-01
21478,2023-07-26 10:25:00,20000.0,19811.8,12959500,1646050,8.75,204.85,355150,43800,0.318354,-0.630349,0.00103762,0.00078699,13.310442,18.56324,2023-08-01
26731,2023-07-26 10:25:00,20050.0,19811.8,5045600,69400,4.9,251.0,132350,450,0.274752,-0.654695,0.00094283,0.00070532,13.691684,20.224934,2023-08-01
24107,2023-07-26 10:26:00,19550.0,19812.4,337700,5632750,265.0,7.05,3600,112350,,-0.253247,,0.00073067,0.0,16.948667,2023-08-01
18854,2023-07-26 10:26:00,19600.0,19812.4,1857500,9300050,218.0,10.75,40300,199300,,-0.284491,,0.00080525,0.0,16.304749,2023-08-01
13597,2023-07-26 10:26:00,19650.0,19812.4,1352950,6982700,174.2,16.75,43200,140050,0.74287,-0.321623,0.00112457,0.00087738,11.1,15.809246,2023-08-01
8340,2023-07-26 10:26:00,19700.0,19812.4,6577450,16229800,133.6,26.4,416400,343250,0.669907,-0.364767,0.00116172,0.00093691,12.067274,15.524894,2023-08-01
3080,2023-07-26 10:26:00,19750.0,19812.4,5402750,10278150,97.95,40.65,308450,261000,0.605973,-0.411845,0.00118843,0.00098119,12.531876,15.351518,2023-08-01
448,2023-07-26 10:26:00,19800.0,19812.4,14851850,12670250,68.25,60.75,730300,455800,0.544601,-0.461547,0.00119828,0.00100169,12.80555,15.34355,2023-08-01
5710,2023-07-26 10:26:00,19850.0,19812.4,8800750,3296850,44.55,87.45,589450,139000,0.484601,-0.511506,0.0011965,0.00099243,12.895731,15.552577,2023-08-01
10969,2023-07-26 10:26:00,19900.0,19812.4,12216400,3610050,27.6,120.45,440500,97700,0.42631,-0.558926,0.00116295,0.00095572,13.05048,15.980068,2023-08-01
16225,2023-07-26 10:26:00,19950.0,19812.4,7605850,712650,15.85,158.45,232400,17000,0.370083,-0.602086,0.00111479,0.00090249,13.110212,16.546296,2023-08-01
21479,2023-07-26 10:26:00,20000.0,19812.4,13073350,1665500,8.9,201.45,252050,31500,0.319471,-0.636932,0.00103616,0.00082356,13.349293,17.633865,2023-08-01
26732,2023-07-26 10:26:00,20050.0,19812.4,5077100,70500,4.95,248.3,129700,1400,0.275435,-0.660664,0.0009434,0.00072948,13.70046,19.426813,2023-08-01
24108,2023-07-26 10:27:00,19550.0,19813.15,337700,5632750,263.85,7.05,15700,111550,,-0.253175,,0.00072885,0.0,16.988724,2023-08-01
18855,2023-07-26 10:27:00,19600.0,19813.15,1857500,9300050,217.0,10.8,101400,210250,,-0.28463,,0.00080221,0.0,16.370652,2023-08-01
13598,2023-07-26 10:27:00,19650.0,19813.15,1352950,6982700,173.4,16.95,58450,232750,0.760891,-0.322132,0.0011735,0.00087151,10.23294,15.926545,2023-08-01
8341,2023-07-26 10:27:00,19700.0,19813.15,6577450,16229800,133.0,26.75,433500,453150,0.675912,-0.365256,0.00119154,0.00092823,11.678053,15.677411,2023-08-01
3081,2023-07-26 10:27:00,19750.0,19813.15,5402750,10278150,97.4,40.95,454350,361900,0.608948,-0.411812,0.00121114,0.00097251,12.271203,15.488525,2023-08-01
449,2023-07-26 10:27:00,19800.0,19813.15,14851850,12670250,67.6,61.0,959850,753100,0.546215,-0.461067,0.00121988,0.00099288,12.573278,15.478225,2023-08-01
5711,2023-07-26 10:27:00,19850.0,19813.15,8800750,3296850,44.15,88.1,665950,200400,0.485235,-0.510474,0.00121126,0.00097723,12.739589,15.795957,2023-08-01
10970,2023-07-26 10:27:00,19900.0,19813.15,12216400,3610050,27.25,121.2,591200,156350,0.426316,-0.556975,0.00117569,0.00093848,12.909386,16.285691,2023-08-01
16226,2023-07-26 10:27:00,19950.0,19813.15,7605850,712650,15.7,159.95,466800,26150,0.370001,-0.597814,0.00112246,0.00087479,13.019873,17.118445,2023-08-01
21480,2023-07-26 10:27:00,20000.0,19813.15,13073350,1665500,8.9,203.05,589800,28100,0.319777,-0.630889,0.00103934,0.00079597,13.313942,18.345963,2023-08-01
26733,2023-07-26 10:27:00,20050.0,19813.15,5077100,70500,5.0,249.1,227150,700,0.276154,-0.65584,0.00094451,0.00071389,13.702085,19.958153,2023-08-01
24109,2023-07-26 10:28:00,19550.0,19816.55,337700,5632750,264.9,7.1,6450,153350,,-0.253041,,0.00072031,0.0,17.183248,2023-08-01
18856,2023-07-26 10:28:00,19600.0,19816.55,1857500,9300050,219.2,10.85,69050,208350,,-0.284218,,0.00079168,0.0,16.574991,2023-08-01
13599,2023-07-26 10:28:00,19650.0,19816.55,1352950,6982700,175.1,16.9,45700,160650,0.790543,-0.321044,0.00122065,0.00086002,9.123806,16.114785,2023-08-01
8342,2023-07-26 10:28:00,19700.0,19816.55,6577450,16229800,134.55,26.6,308750,334250,0.686003,-0.363642,0.00121975,0.00091528,11.256022,15.873663,2023-08-01
3082,2023-07-26 10:28:00,19750.0,19816.55,5402750,10278150,98.9,40.85,361050,511550,0.614918,-0.40985,0.00122719,0.00095537,12.055759,15.746583,2023-08-01
450,2023-07-26 10:28:00,19800.0,19816.55,14851850,12670250,69.0,60.75,790150,597950,0.55074,-0.458316,0.00122867,0.00097396,12.464498,15.766043,2023-08-01
5712,2023-07-26 10:28:00,19850.0,19816.55,8800750,3296850,45.45,87.7,657400,165150,0.489312,-0.50683,0.00121412,0.00095679,12.712285,16.134716,2023-08-01
10971,2023-07-26 10:28:00,19900.0,19816.55,12216400,3610050,28.45,120.75,1042050,115850,0.430604,-0.552183,0.00117329,0.0009156,12.959765,16.718626,2023-08-01
16227,2023-07-26 10:28:00,19950.0,19816.55,7605850,712650,16.35,158.95,350200,26200,0.37381,-0.59244,0.00112607,0.0008569,13.019458,17.532257,2023-08-01
21481,2023-07-26 10:28:00,20000.0,19816.55,13073350,1665500,9.35,201.5,592550,50850,0.323554,-0.625582,0.00104279,0.00078386,13.333281,18.712866,2023-08-01
26734,2023-07-26 10:28:00,20050.0,19816.55,5077100,70500,5.2,246.95,222700,2250,0.278958,-0.651466,0.00095096,0.00070814,13.674959,20.212299,2023-08-01
24110,2023-07-26 10:29:00,19550.0,19819.5,342150,5599300,272.25,6.9,58150,424300,,-0.251199,,0.00071648,0.0,17.207152,2023-08-01
18857,2023-07-26 10:29:00,19600.0,19819.5,1863000,9319300,226.4,10.3,244750,787050,0.858042,-0.28084,0.00098701,0.00079143,8.809277,16.48366,2023-08-01
13600,2023-07-26 10:29:00,19650.0,19819.5,1330750,7011650,182.2,15.85,179750,649500,0.735865,-0.316587,0.00106011,0.00086509,11.936761,15.924839,2023-08-01
8343,2023-07-26 10:29:00,19700.0,19819.5,6446000,16189750,141.0,24.8,981300,1478900,0.671168,-0.358513,0.00110947,0.00092837,12.613698,15.572429,2023-08-01
3083,2023-07-26 10:29:00,19750.0,19819.5,5136400,10152600,104.45,38.25,1127750,1302150,0.611087,-0.404952,0.00114657,0.00097624,12.939337,15.363169,2023-08-01
451,2023-07-26 10:29:00,19800.0,19819.5,14600400,13012950,73.3,57.25,2666100,1982000,0.552219,-0.454296,0.00117254,0.00100351,13.053616,15.283214,2023-08-01
5713,2023-07-26 10:29:00,19850.0,19819.5,8700300,3319200,48.6,83.0,1481900,585350,0.493334,-0.504545,0.00117531,0.0009986,13.133681,15.458991,2023-08-01
10972,2023-07-26 10:29:00,19900.0,19819.5,12004500,3627350,30.6,115.1,1725700,422750,0.435757,-0.552689,0.0011481,0.00096625,13.272175,15.838,2023-08-01
16228,2023-07-26 10:29:00,19950.0,19819.5,7496150,727250,17.85,152.35,1084300,70500,0.379793,-0.596958,0.00110751,0.00091659,13.302013,16.343256,2023-08-01
21482,2023-07-26 10:29:00,20000.0,19819.5,13085450,1677650,10.1,194.85,1268750,99900,0.328629,-0.633128,0.00103685,0.00083872,13.493818,17.372283,2023-08-01
26735,2023-07-26 10:29:00,20050.0,19819.5,5067600,74650,5.6,239.3,520900,6650,0.283356,-0.664901,0.00095048,0.00076963,13.784427,18.320319,2023-08-01
24111,2023-07-26 10:30:00,19550.0,19818.35,342150,5599300,270.1,7.0,12200,318650,,-0.252144,,0.00071753,0.0,17.218005,2023-08-01
18858,2023-07-26 10:30:00,19600.0,19818.35,1863000,9319300,223.2,10.5,95450,456100,,-0.282156,,0.00079156,0.0,16.520052,2023-08-01
13601,2023-07-26 10:30:00,19650.0,19818.35,1330750,7011650,179.3,16.2,99550,385600,0.752946,-0.318191,0.00111893,0.00086375,10.922375,15.985627,2023-08-01
8344,2023-07-26 10:30:00,19700.0,19818.35,6446000,16189750,138.45,25.5,472700,738950,0.676537,-0.360584,0.00115008,0.00092294,12.088256,15.696991,2023-08-01
3084,2023-07-26 10:30:00,19750.0,19818.35,5136400,10152600,102.1,39.15,556150,709450,0.612854,-0.406777,0.00118034,0.00096929,12.554101,15.492421,2023-08-01
452,2023-07-26 10:30:00,19800.0,19818.35,14600400,13012950,71.5,58.2,1405000,1107750,0.551732,-0.455694,0.00119588,0.00099733,12.802333,15.385863,2023-08-01
5714,2023-07-26 10:30:00,19850.0,19818.35,8700300,3319200,46.9,84.25,932500,325900,0.491677,-0.505573,0.00119936,0.00098971,12.87086,15.599104,2023-08-01
10973,2023-07-26 10:30:00,19900.0,19818.35,12004500,3627350,29.4,116.5,903600,208250,0.433307,-0.553198,0.00116501,0.00095667,13.067553,15.995653,2023-08-01
16229,2023-07-26 10:30:00,19950.0,19818.35,7496150,727250,17.05,153.95,673050,37550,0.376913,-0.596715,0.00111926,0.00090538,13.133028,16.550092,2023-08-01
21483,2023-07-26 10:30:00,20000.0,19818.35,13085450,1677650,9.65,197.0,685550,50600,0.325906,-0.631048,0.00104285,0.00082175,13.372488,17.766204,2023-08-01
26736,2023-07-26 10:30:00,20050.0,19818.35,5067600,74650,5.35,242.7,389300,1100,0.280893,-0.657916,0.000953,0.00073894,13.69175,19.235873,2023-08-01
24112,2023-07-26 10:31:00,19550.0,19816.4,342150,5599300,271.05,7.05,12350,137450,,-0.252852,,0.0007211,0.0,17.160809,2023-08-01
18859,2023-07-26 10:31:00,19600.0,19816.4,1863000,9319300,223.75,10.6,50900,283100,0.832024,-0.283111,0.0010023,0.00079544,9.697933,16.468615,2023-08-01
13602,2023-07-26 10:31:00,19650.0,19816.4,1330750,7011650,180.0,16.3,124350,255300,0.727671,-0.319118,0.00105035,0.00086901,12.237539,15.910781,2023-08-01
8345,2023-07-26 10:31:00,19700.0,19816.4,6446000,16189750,138.85,25.6,423250,532650,0.666279,-0.361583,0.00110562,0.00092989,12.735752,15.5969,2023-08-01
3085,2023-07-26 10:31:00,19750.0,19816.4,5136400,10152600,102.6,39.0,400150,346350,0.606896,-0.407653,0.0011429,0.00098195,13.02366,15.303155,2023-08-01
453,2023-07-26 10:31:00,19800.0,19816.4,14600400,13012950,71.6,58.0,792700,751700,0.548513,-0.457113,0.00117234,0.00101319,13.07483,15.153356,2023-08-01
5715,2023-07-26 10:31:00,19850.0,19816.4,8700300,3319200,47.1,84.0,568750,239950,0.489649,-0.507803,0.00117775,0.00100871,13.107425,15.30626,2023-08-01
10974,2023-07-26 10:31:00,19900.0,19816.4,12004500,3627350,29.3,116.25,491450,108200,0.431761,-0.556538,0.00115306,0.00097804,13.196256,15.630353,2023-08-01
16230,2023-07-26 10:31:00,19950.0,19816.4,7496150,727250,16.9,153.95,369550,22550,0.375497,-0.601062,0.00111133,0.00092519,13.213208,16.152635,2023-08-01
21484,2023-07-26 10:31:00,20000.0,19816.4,13085450,1677650,9.5,196.25,427550,66300,0.324432,-0.638644,0.0010376,0.00085214,13.417328,17.01635,2023-08-01
26737,2023-07-26 10:31:00,20050.0,19816.4,5067600,74650,5.25,241.65,175450,1100,0.279519,-0.668332,0.00094857,0.00077147,13.725257,18.207504,2023-08-01
24113,2023-07-26 10:32:00,19550.0,19810.6,347600,5609700,265.45,7.5,10950,258950,,-0.256944,,0.00072779,0.0,17.15245,2023-08-01
18860,2023-07-26 10:32:00,19600.0,19810.6,1821150,9233250,218.6,11.15,58800,376400,0.809389,-0.28712,0.00101128,0.00080375,10.411157,16.413647,2023-08-01
13603,2023-07-26 10:32:00,19650.0,19810.6,1339550,6965550,175.0,17.2,93800,268450,0.72032,-0.323885,0.00105772,0.00087628,12.316604,15.881901,2023-08-01
8346,2023-07-26 10:32:00,19700.0,19810.6,6379800,16208800,134.25,26.9,635050,551400,0.659705,-0.366728,0.00111332,0.00093665,12.748259,15.563554,2023-08-01
3086,2023-07-26 10:32:00,19750.0,19810.6,5124050,10324250,98.2,41.0,446750,405500,0.600981,-0.413396,0.00115706,0.00098507,12.920951,15.310952,2023-08-01
454,2023-07-26 10:32:00,19800.0,19810.6,14489800,13715600,68.4,60.85,1218550,763600,0.541683,-0.4631,0.00117428,0.00101144,13.08329,15.207804,2023-08-01
5716,2023-07-26 10:32:00,19850.0,19810.6,8943100,3497850,44.75,87.6,710100,286450,0.482862,-0.513553,0.00117512,0.00100379,13.133696,15.380716,2023-08-01
10975,2023-07-26 10:32:00,19900.0,19810.6,12159400,3724100,27.7,120.6,589950,191850,0.425312,-0.5617,0.00114668,0.00096932,13.235,15.745908,2023-08-01
16231,2023-07-26 10:32:00,19950.0,19810.6,7517650,750100,16.0,158.7,452800,28450,0.36986,-0.605707,0.00109967,0.00091665,13.293518,16.257353,2023-08-01
21485,2023-07-26 10:32:00,20000.0,19810.6,13279250,1731850,9.05,201.4,599950,46050,0.319935,-0.642433,0.00102306,0.00084261,13.534176,17.152169,2023-08-01
26738,2023-07-26 10:32:00,20050.0,19810.6,5067800,75200,5.1,245.95,263200,5300,0.276685,-0.675532,0.00093206,0.0007772,13.903975,17.919853,2023-08-01
24114,2023-07-26 10:33:00,19550.0,19810.95,347600,5609700,264.75,7.25,8800,243200,,-0.255218,,0.00073048,0.0,17.029902,2023-08-01
18861,2023-07-26 10:33:00,19600.0,19810.95,1821150,9233250,218.45,10.95,74600,493000,0.825066,-0.2861,0.00102275,0.00080561,9.757647,16.348762,2023-08-01
13604,2023-07-26 10:33:00,19650.0,19810.95,1339550,6965550,175.0,17.0,92950,187400,0.722838,-0.323146,0.00106491,0.00087786,12.18009,15.838999,2023-08-01
8347,2023-07-26 10:33:00,19700.0,19810.95,6379800,16208800,134.4,26.65,463150,511600,0.660494,-0.366082,0.00111539,0.00093857,12.71377,15.523209,2023-08-01
3087,2023-07-26 10:33:00,19750.0,19810.95,5124050,10324250,98.4,40.75,414400,411100,0.601423,-0.412915,0.00115719,0.00098655,12.916165,15.284566,2023-08-01
455,2023-07-26 10:33:00,19800.0,19810.95,14489800,13715600,68.35,60.55,1221400,875300,0.542226,-0.462695,0.00117861,0.00101317,13.033916,15.18091,2023-08-01
5717,2023-07-26 10:33:00,19850.0,19810.95,8943100,3497850,44.85,87.1,678700,278450,0.483259,-0.513292,0.00117575,0.00100798,13.127628,15.31759,2023-08-01
10976,2023-07-26 10:33:00,19900.0,19810.95,12159400,3724100,27.75,120.1,569650,197600,0.425649,-0.561632,0.00114772,0.00097311,13.225648,15.68547,2023-08-01
16232,2023-07-26 10:33:00,19950.0,19810.95,7517650,750100,15.95,159.05,352950,28400,0.369901,-0.604192,0.00110254,0.00090773,13.259896,16.435049,2023-08-01
21486,2023-07-26 10:33:00,20000.0,19810.95,13279250,1731850,8.95,201.4,426400,42250,0.31953,-0.641305,0.00102698,0.00083864,13.475818,17.252971,2023-08-01
26739,2023-07-26 10:33:00,20050.0,19810.95,5067800,75200,5.1,247.7,261350,3700,0.276821,-0.667588,0.00093312,0.00074999,13.891992,18.752916,2023-08-01
24115,2023-07-26 10:34:00,19550.0,19818.1,347600,5609700,269.25,7.05,17650,141050,,-0.252728,,0.00071703,0.0,17.255214,2023-08-01
18862,2023-07-26 10:34:00,19600.0,19818.1,1821150,9233250,222.35,10.65,59050,253100,,-0.283148,,0.00078958,0.0,16.593317,2023-08-01
13605,2023-07-26 10:34:00,19650.0,19818.1,1339550,6965550,178.05,16.6,65050,201700,0.765336,-0.319807,0.00115425,0.00085812,10.298268,16.128526,2023-08-01
8348,2023-07-26 10:34:00,19700.0,19818.1,6379800,16208800,137.45,26.05,300550,594450,0.679609,-0.362023,0.00116993,0.0009154,11.838987,15.851745,2023-08-01
3088,2023-07-26 10:34:00,19750.0,19818.1,5124050,10324250,101.45,39.7,321350,356650,0.613424,-0.407699,0.00118988,0.00096204,12.451069,15.621455,2023-08-01
456,2023-07-26 10:34:00,19800.0,19818.1,14489800,13715600,70.75,58.85,704350,646200,0.55185,-0.45626,0.00120736,0.00098897,12.68319,15.52206,2023-08-01
5718,2023-07-26 10:34:00,19850.0,19818.1,8943100,3497850,46.65,85.35,549550,236000,0.491344,-0.50563,0.00120105,0.00097558,12.855502,15.828762,2023-08-01
10977,2023-07-26 10:34:00,19900.0,19818.1,12159400,3724100,29.15,117.6,529650,155500,0.432837,-0.552554,0.00116746,0.00094299,13.040612,16.235142,2023-08-01
16233,2023-07-26 10:34:00,19950.0,19818.1,7517650,750100,16.9,155.45,296400,45150,0.376453,-0.59469,0.00112036,0.00088675,13.118272,16.923291,2023-08-01
21487,2023-07-26 10:34:00,20000.0,19818.1,13279250,1731850,9.6,198.1,341150,57850,0.325705,-0.62904,0.00104217,0.0008097,13.38101,18.066644,2023-08-01
26740,2023-07-26 10:34:00,20050.0,19818.1,5067800,75200,5.35,243.45,163100,1600,0.281015,-0.656386,0.00095147,0.00073217,13.7199,19.450868,2023-08-01
24116,2023-07-26 10:35:00,19550.0,19817.1,333000,5801600,264.75,7.15,19700,183300,,-0.253638,,0.00071775,0.0,17.272202,2023-08-01
18863,2023-07-26 10:35:00,19600.0,19817.1,1811400,9384500,218.1,10.9,79700,250400,,-0.284655,,0.00078859,0.0,16.658127,2023-08-01
13606,2023-07-26 10:35:00,19650.0,19817.1,1304750,6973200,174.3,16.95,119500,332900,0.833675,-0.321318,0.00126782,0.00085635,7.61971,16.195501,2023-08-01
8349,2023-07-26 10:35:00,19700.0,19817.1,6323150,16172450,134.15,26.55,443550,575500,0.690903,-0.363524,0.00124232,0.00091241,10.980557,15.927607,2023-08-01
3089,2023-07-26 10:35:00,19750.0,19817.1,5126000,10327400,98.4,40.85,444100,350300,0.617385,-0.409691,0.00124572,0.00095114,11.858126,15.820959,2023-08-01
457,2023-07-26 10:35:00,19800.0,19817.1,14497050,14016500,68.65,60.75,821350,766950,0.551844,-0.457962,0.00124055,0.00096907,12.34512,15.849742,2023-08-01
5719,2023-07-26 10:35:00,19850.0,19817.1,9003350,3512750,45.05,87.65,654100,241650,0.489802,-0.506248,0.0012256,0.00095208,12.598193,16.220753,2023-08-01
10978,2023-07-26 10:35:00,19900.0,19817.1,12284700,3753750,28.2,120.75,570250,132550,0.430755,-0.551308,0.00118078,0.00090993,12.883108,16.833736,2023-08-01
16234,2023-07-26 10:35:00,19950.0,19817.1,7573350,746850,16.4,159.15,568900,29700,0.37445,-0.59095,0.00112629,0.00084871,13.028668,17.723634,2023-08-01
21488,2023-07-26 10:35:00,20000.0,19817.1,13306900,1737350,9.35,202.05,501950,37500,0.32403,-0.622935,0.00104388,0.00077215,13.332256,19.045624,2023-08-01
26741,2023-07-26 10:35:00,20050.0,19817.1,5012200,74550,5.3,247.5,118150,1800,0.280347,-0.64827,0.00094909,0.00069745,13.740035,20.597883,2023-08-01
24117,2023-07-26 10:36:00,19550.0,19821.7,333000,5801600,269.4,6.9,15700,99000,,-0.251193,,0.00071103,0.0,17.343791,2023-08-01
18864,2023-07-26 10:36:00,19600.0,19821.7,1811400,9384500,223.5,10.45,107300,277600,,-0.281482,,0.00078234,0.0,16.698233,2023-08-01
13607,2023-07-26 10:36:00,19650.0,19821.7,1304750,6973200,179.0,16.2,90500,187400,0.829021,-0.317505,0.00123523,0.00085127,7.959287,16.207814,2023-08-01
8350,2023-07-26 10:36:00,19700.0,19821.7,6323150,16172450,138.0,25.35,434800,522450,0.69674,-0.359165,0.00123265,0.00090968,10.971856,15.906848,2023-08-01
3090,2023-07-26 10:36:00,19750.0,19821.7,5126000,10327400,101.7,39.05,278250,359700,0.623033,-0.405003,0.00123907,0.00095182,11.865672,15.762143,2023-08-01
458,2023-07-26 10:36:00,19800.0,19821.7,14497050,14016500,71.35,58.25,682250,603200,0.557475,-0.453264,0.00123623,0.00097382,12.361926,15.74883,2023-08-01
5720,2023-07-26 10:36:00,19850.0,19821.7,9003350,3512750,47.1,84.6,549750,221900,0.49545,-0.501942,0.00122425,0.00095859,12.613201,16.109662,2023-08-01
10979,2023-07-26 10:36:00,19900.0,19821.7,12284700,3753750,29.55,116.85,727150,201050,0.436114,-0.547834,0.00118448,0.00092239,12.869955,16.621495,2023-08-01
16235,2023-07-26 10:36:00,19950.0,19821.7,7573350,746850,17.1,154.8,579150,17100,0.378983,-0.588453,0.00113629,0.00086242,12.960267,17.464286,2023-08-01
21489,2023-07-26 10:36:00,20000.0,19821.7,13306900,1737350,9.6,197.15,509800,36900,0.327115,-0.621944,0.00105858,0.00078845,13.195895,18.66387,2023-08-01
26742,2023-07-26 10:36:00,20050.0,19821.7,5012200,74550,5.35,243.0,193550,6000,0.282072,-0.646762,0.0009644,0.00070638,13.559658,20.365099,2023-08-01
24118,2023-07-26 10:37:00,19550.0,19822.8,333000,5801600,271.45,6.95,21450,217750,,-0.251432,,0.00070785,0.0,17.430509,2023-08-01
18865,2023-07-26 10:37:00,19600.0,19822.8,1811400,9384500,223.65,10.5,126600,332200,,-0.281563,,0.00077851,0.0,16.78274,2023-08-01
13608,2023-07-26 10:37:00,19650.0,19822.8,1304750,6973200,179.5,16.15,124250,372200,0.872751,-0.317071,0.00121058,0.00084812,6.664642,16.258703,2023-08-01
8351,2023-07-26 10:37:00,19700.0,19822.8,6323150,16172450,138.9,25.3,500750,777450,0.698245,-0.358675,0.00123091,0.00090559,10.962892,15.971114,2023-08-01
3091,2023-07-26 10:37:00,19750.0,19822.8,5126000,10327400,102.15,38.9,595450,487900,0.625235,-0.404257,0.00124584,0.00094803,11.779506,15.817789,2023-08-01
459,2023-07-26 10:37:00,19800.0,19822.8,14497050,14016500,71.75,58.05,1842950,1159950,0.559047,-0.452358,0.00124054,0.00096948,12.311767,15.815063,2023-08-01
5721,2023-07-26 10:37:00,19850.0,19822.8,9003350,3512750,47.4,84.25,1127250,362250,0.496764,-0.500856,0.00122795,0.00095508,12.575611,16.168911,2023-08-01
10980,2023-07-26 10:37:00,19900.0,19822.8,12284700,3753750,29.85,116.35,1142550,361850,0.43737,-0.546648,0.00118578,0.00091976,12.862436,16.674957,2023-08-01
16236,2023-07-26 10:37:00,19950.0,19822.8,7573350,746850,17.35,154.0,726050,52750,0.380324,-0.58749,0.00113659,0.00086269,12.970882,17.468395,2023-08-01
21490,2023-07-26 10:37:00,20000.0,19822.8,13306900,1737350,9.85,196.25,689850,70550,0.328884,-0.621125,0.00105698,0.00078922,13.244664,18.658047,2023-08-01
26743,2023-07-26 10:37:00,20050.0,19822.8,5012200,74550,5.4,242.25,375600,7550,0.282865,-0.64556,0.00096693,0.00070518,13.542381,20.424566,2023-08-01
24119,2023-07-26 10:38:00,19550.0,19812.05,338550,5882800,265.55,7.05,10150,183150,,-0.253869,,0.0007304,0.0,16.988562,2023-08-01
18866,2023-07-26 10:38:00,19600.0,19812.05,1828700,9302750,219.05,10.7,69750,222550,0.847716,-0.284824,0.00102284,0.00080559,8.918309,16.31809,2023-08-01
13609,2023-07-26 10:38:00,19650.0,19812.05,1280950,6938100,175.35,16.45,64050,277250,0.728458,-0.321122,0.00107854,0.00088145,11.907823,15.736898,2023-08-01
8352,2023-07-26 10:38:00,19700.0,19812.05,6252000,16052200,134.35,26.15,379250,486400,0.664865,-0.364702,0.0011337,0.0009401,12.448512,15.481923,2023-08-01
3092,2023-07-26 10:38:00,19750.0,19812.05,5000450,10263900,98.9,40.2,399350,450400,0.602993,-0.411718,0.00115976,0.00098738,12.876918,15.264643,2023-08-01
460,2023-07-26 10:38:00,19800.0,19812.05,14674950,14165850,68.7,59.85,1099150,854250,0.543618,-0.461537,0.00118165,0.00101471,12.998368,15.157057,2023-08-01
5722,2023-07-26 10:38:00,19850.0,19812.05,9080100,3587050,45.15,86.75,846300,342600,0.484506,-0.512094,0.00117751,0.00100295,13.112608,15.399467,2023-08-01
10981,2023-07-26 10:38:00,19900.0,19812.05,12577800,3745800,28.1,119.65,769650,439500,0.427037,-0.5602,0.0011464,0.00096827,13.252635,15.776221,2023-08-01
16237,2023-07-26 10:38:00,19950.0,19812.05,7577450,758500,16.25,157.7,520450,53550,0.37154,-0.604076,0.00110036,0.000915,13.308205,16.309331,2023-08-01
21491,2023-07-26 10:38:00,20000.0,19812.05,13403700,1749600,9.2,200.9,498200,60800,0.321521,-0.639168,0.0010244,0.00083312,13.547896,17.40684,2023-08-01
26744,2023-07-26 10:38:00,20050.0,19812.05,5080150,77400,5.05,247.0,278350,11650,0.27687,-0.665799,0.00093758,0.00074712,13.830185,18.868952,2023-08-01
24120,2023-07-26 10:39:00,19550.0,19812.5,338550,5882800,266.3,7.0,8100,127100,,-0.253487,,0.00073,0.0,16.984985,2023-08-01
18867,2023-07-26 10:39:00,19600.0,19812.5,1828700,9302750,219.9,10.75,48450,311150,0.827898,-0.285026,0.0010175,0.00080341,9.709087,16.368522,2023-08-01
13610,2023-07-26 10:39:00,19650.0,19812.5,1280950,6938100,175.6,16.65,28750,206750,0.730106,-0.321727,0.00108162,0.00087659,11.838337,15.837029,2023-08-01
8353,2023-07-26 10:39:00,19700.0,19812.5,6252000,16052200,134.95,26.25,177300,398900,0.664425,-0.364772,0.00112708,0.00093638,12.528463,15.544949,2023-08-01
3093,2023-07-26 10:39:00,19750.0,19812.5,5000450,10263900,99.15,40.25,233350,298700,0.603589,-0.411547,0.0011602,0.0009839,12.867185,15.3177,2023-08-01
461,2023-07-26 10:39:00,19800.0,19812.5,14674950,14165850,68.95,59.95,573250,882900,0.544136,-0.461226,0.0011811,0.0010099,13.002929,15.228663,2023-08-01
5723,2023-07-26 10:39:00,19850.0,19812.5,9080100,3587050,45.4,86.65,655850,236250,0.485062,-0.511597,0.001176,0.00100049,13.130609,15.438334,2023-08-01
10982,2023-07-26 10:39:00,19900.0,19812.5,12577800,3745800,28.25,119.6,421800,165800,0.427595,-0.559492,0.00114602,0.00096457,13.260921,15.841645,2023-08-01
16238,2023-07-26 10:39:00,19950.0,19812.5,7577450,758500,16.35,157.85,273350,19450,0.372103,-0.602728,0.00110027,0.00090798,13.316194,16.451167,2023-08-01
21492,2023-07-26 10:39:00,20000.0,19812.5,13403700,1749600,9.25,200.6,249400,34200,0.321996,-0.638587,0.00102491,0.00083234,13.54993,17.433349,2023-08-01
26745,2023-07-26 10:39:00,20050.0,19812.5,5080150,77400,5.15,247.2,163100,900,0.277968,-0.663488,0.00093626,0.00074014,13.877029,19.099025,2023-08-01
24121,2023-07-26 10:40:00,19550.0,19809.45,338550,5882800,261.3,7.2,8350,104200,,-0.25544,,0.00073406,0.0,16.96255,2023-08-01
18868,2023-07-26 10:40:00,19600.0,19809.45,1828700,9302750,215.0,11.0,61400,214150,,-0.286965,,0.0008084,0.0,16.32335,2023-08-01
13611,2023-07-26 10:40:00,19650.0,19809.45,1280950,6938100,170.85,17.15,34300,183650,0.745137,-0.324338,0.00115069,0.00088005,10.808128,15.830938,2023-08-01
8354,2023-07-26 10:40:00,19700.0,19809.45,6252000,16052200,130.5,27.15,271300,462600,0.668687,-0.367943,0.00118103,0.0009368,11.898531,15.586011,2023-08-01
3094,2023-07-26 10:40:00,19750.0,19809.45,5000450,10263900,95.4,41.7,316950,352700,0.60304,-0.415028,0.00119885,0.00097984,12.459593,15.414511,2023-08-01
462,2023-07-26 10:40:00,19800.0,19809.45,14674950,14165850,66.05,61.85,804000,859700,0.541241,-0.464517,0.00120716,0.00100328,12.734836,15.34415,2023-08-01
5724,2023-07-26 10:40:00,19850.0,19809.45,9080100,3587050,43.15,89.5,562100,265450,0.481044,-0.514286,0.00119562,0.00098439,12.912332,15.690696,2023-08-01
10983,2023-07-26 10:40:00,19900.0,19809.45,12577800,3745800,26.75,122.9,579200,201400,0.423152,-0.5611,0.00115701,0.00094577,13.109679,16.149782,2023-08-01
16239,2023-07-26 10:40:00,19950.0,19809.45,7577450,758500,15.35,161.95,397950,32450,0.36743,-0.60217,0.0011068,0.00088135,13.185976,16.958134,2023-08-01
21493,2023-07-26 10:40:00,20000.0,19809.45,13403700,1749600,8.65,204.95,427950,61500,0.31756,-0.636199,0.00102681,0.0008058,13.449336,18.051541,2023-08-01
26746,2023-07-26 10:40:00,20050.0,19809.45,5080150,77400,4.8,250.0,184100,3200,0.2739,-0.665077,0.00093516,0.0007359,13.796001,19.17778,2023-08-01
24122,2023-07-26 10:41:00,19550.0,19814.45,332250,5874250,266.0,7.15,5600,93900,,-0.254339,,0.00072318,0.0,17.175535,2023-08-01
18869,2023-07-26 10:41:00,19600.0,19814.45,1779450,9256600,219.0,10.85,45850,223350,,-0.285209,,0.00079608,0.0,16.524539,2023-08-01
13612,2023-07-26 10:41:00,19650.0,19814.45,1269050,6925800,175.15,16.75,26800,241900,0.754064,-0.321596,0.00114615,0.00086775,10.645674,15.995968,2023-08-01
8355,2023-07-26 10:41:00,19700.0,19814.45,6208650,16193700,134.45,26.35,210100,439600,0.674979,-0.364285,0.00117468,0.00092581,11.868165,15.71566,2023-08-01
3095,2023-07-26 10:41:00,19750.0,19814.45,4903800,10386450,98.8,40.4,255050,386200,0.609062,-0.410691,0.00119403,0.00097049,12.454918,15.521931,2023-08-01
463,2023-07-26 10:41:00,19800.0,19814.45,14471000,14596750,68.7,60.0,708800,791250,0.547336,-0.459714,0.00120682,0.00099546,12.714205,15.443869,2023-08-01
5725,2023-07-26 10:41:00,19850.0,19814.45,8851750,3742250,45.2,86.95,811550,284350,0.487014,-0.50929,0.0011964,0.00098024,12.909121,15.759867,2023-08-01
10984,2023-07-26 10:41:00,19900.0,19814.45,12542850,3774800,27.9,119.8,970350,175900,0.428483,-0.556121,0.00116657,0.00094363,13.032794,16.213524,2023-08-01
16240,2023-07-26 10:41:00,19950.0,19814.45,7589900,756250,16.15,157.8,285800,22050,0.372506,-0.598419,0.0011155,0.00088889,13.13914,16.852475,2023-08-01
21494,2023-07-26 10:41:00,20000.0,19814.45,13368750,1766050,9.0,201.0,318250,38250,0.32137,-0.631909,0.00103976,0.00080723,13.345796,18.086597,2023-08-01
26747,2023-07-26 10:41:00,20050.0,19814.45,5165900,77400,4.95,247.35,163050,1550,0.276679,-0.656441,0.00094845,0.00072024,13.667782,19.7833,2023-08-01
24123,2023-07-26 10:42:00,19550.0,19815.5,332250,5874250,265.9,7.15,1750,49500,,-0.254221,,0.00072071,0.0,17.230104,2023-08-01
18870,2023-07-26 10:42:00,19600.0,19815.5,1779450,9256600,219.55,10.85,31650,206350,,-0.285035,,0.00079299,0.0,16.584195,2023-08-01
13613,2023-07-26 10:42:00,19650.0,19815.5,1269050,6925800,175.6,16.8,19250,161400,0.761904,-0.32151,0.00116153,0.00086313,10.32184,16.079927,2023-08-01
8356,2023-07-26 10:42:00,19700.0,19815.5,6208650,16193700,135.0,26.5,194350,319650,0.677551,-0.364233,0.00118069,0.00091884,11.769208,15.834054,2023-08-01
3096,2023-07-26 10:42:00,19750.0,19815.5,4903800,10386450,99.4,40.45,238600,297550,0.610549,-0.410199,0.00119547,0.00096387,12.426576,15.624054,2023-08-01
464,2023-07-26 10:42:00,19800.0,19815.5,14471000,14596750,69.35,60.25,593350,500450,0.548543,-0.45902,0.00120469,0.00098479,12.732064,15.608577,2023-08-01
5726,2023-07-26 10:42:00,19850.0,19815.5,8851750,3742250,45.45,86.9,446250,172900,0.488209,-0.508135,0.00120022,0.00097262,12.86927,15.884327,2023-08-01
10985,2023-07-26 10:42:00,19900.0,19815.5,12542850,3774800,28.15,119.55,485750,95500,0.429629,-0.554705,0.00116829,0.00093766,13.020479,16.32492,2023-08-01
16241,2023-07-26 10:42:00,19950.0,19815.5,7589900,756250,16.25,157.55,182450,7150,0.373377,-0.596573,0.00111886,0.00088207,13.109433,17.002843,2023-08-01
21495,2023-07-26 10:42:00,20000.0,19815.5,13368750,1766050,9.1,200.75,219100,24950,0.322349,-0.629643,0.0010417,0.00080031,13.337863,18.2796,2023-08-01
26748,2023-07-26 10:42:00,20050.0,19815.5,5165900,76800,5.0,246.0,117850,1150,0.277477,-0.657022,0.00095065,0.00072587,13.655358,19.617418,2023-08-01
24124,2023-07-26 10:43:00,19550.0,19813.95,332250,5874250,266.3,7.2,1000,102850,,-0.254863,,0.00072341,0.0,17.190815,2023-08-01
18871,2023-07-26 10:43:00,19600.0,19813.95,1779450,9256600,219.6,10.8,32950,100850,,-0.285148,,0.00079801,0.0,16.48512,2023-08-01
13614,2023-07-26 10:43:00,19650.0,19813.95,1269050,6925800,175.45,16.85,17250,107750,0.744825,-0.322151,0.00112144,0.00086775,11.096517,16.009663,2023-08-01
8357,2023-07-26 10:43:00,19700.0,19813.95,6208650,16193700,134.8,26.55,75700,157000,0.671059,-0.36497,0.00115552,0.00092476,12.125581,15.745441,2023-08-01
3097,2023-07-26 10:43:00,19750.0,19813.95,4903800,10386450,98.85,40.5,105550,146650,0.607617,-0.411128,0.00118519,0.00097141,12.562569,15.513239,2023-08-01
465,2023-07-26 10:43:00,19800.0,19813.95,14471000,14596750,68.8,60.15,245300,280300,0.546441,-0.460196,0.00119855,0.00099628,12.807075,15.435234,2023-08-01
5727,2023-07-26 10:43:00,19850.0,19813.95,8851750,3742250,45.15,86.95,184300,92500,0.486477,-0.50985,0.0011924,0.00098376,12.953583,15.70509,2023-08-01
10986,2023-07-26 10:43:00,19900.0,19813.95,12542850,3774800,27.85,119.8,202950,66700,0.428084,-0.556893,0.00116355,0.00094771,13.066063,16.141363,2023-08-01
16242,2023-07-26 10:43:00,19950.0,19813.95,7589900,756250,16.05,157.95,137000,12650,0.372001,-0.599216,0.00111455,0.00089139,13.146444,16.79878,2023-08-01
21496,2023-07-26 10:43:00,20000.0,19813.95,13368750,1766050,8.95,200.95,217600,19350,0.32099,-0.633372,0.00103841,0.00081244,13.358423,17.949432,2023-08-01
26749,2023-07-26 10:43:00,20050.0,19813.95,5165900,76800,4.95,246.0,112000,0,0.276646,-0.658157,0.00094635,0.00072506,13.699133,19.617418,2023-08-01
24125,2023-07-26 10:44:00,19550.0,19808.9,331450,5879650,263.7,7.2,2150,124750,,-0.255717,,0.00073498,0.0,16.955257,2023-08-01
18872,2023-07-26 10:44:00,19600.0,19808.9,1780300,9255050,217.15,10.95,35900,208700,0.801105,-0.287004,0.0010092,0.0008103,10.714271,16.290367,2023-08-01
13615,2023-07-26 10:44:00,19650.0,19808.9,1271300,6987900,173.25,17.1,20300,164350,0.719401,-0.324475,0.0010646,0.00088224,12.265807,15.798376,2023-08-01
8358,2023-07-26 10:44:00,19700.0,19808.9,6202450,16234500,132.5,26.9,189500,325600,0.658654,-0.367749,0.00112155,0.00094232,12.679148,15.495881,2023-08-01
3098,2023-07-26 10:44:00,19750.0,19808.9,4878950,10385250,97.25,41.15,273350,331500,0.598341,-0.414769,0.00115098,0.00099022,13.021529,15.25457,2023-08-01
466,2023-07-26 10:44:00,19800.0,19808.9,14555150,14645900,67.35,61.15,555750,692550,0.539615,-0.464725,0.0011737,0.00101653,13.106698,15.14871,2023-08-01
5728,2023-07-26 10:44:00,19850.0,19808.9,8858550,3796150,44.05,88.15,501500,211550,0.480912,-0.515378,0.00117128,0.00100756,13.183725,15.332211,2023-08-01
10987,2023-07-26 10:44:00,19900.0,19808.9,12327550,3783800,27.1,121.4,518500,144900,0.423412,-0.563602,0.00114457,0.00097176,13.257209,15.70624,2023-08-01
16243,2023-07-26 10:44:00,19950.0,19808.9,7592550,761100,15.55,159.9,350450,21500,0.367948,-0.607236,0.00109799,0.0009153,13.301324,16.276192,2023-08-01
21497,2023-07-26 10:44:00,20000.0,19808.9,13442500,1783450,8.65,202.65,334200,37800,0.317535,-0.64403,0.0010236,0.00084217,13.494482,17.147117,2023-08-01
26750,2023-07-26 10:44:00,20050.0,19808.9,5265650,76800,4.7,248.9,176550,950,0.272963,-0.67088,0.00093547,0.00075484,13.771486,18.571821,2023-08-01
24126,2023-07-26 10:45:00,19550.0,19804.05,331450,5879650,259.0,7.3,8400,263600,,-0.257252,,0.00074494,0.0,16.785911,2023-08-01
18873,2023-07-26 10:45:00,19600.0,19804.05,1780300,9255050,212.95,11.25,48950,272550,0.786874,-0.28957,0.00100981,0.00082009,11.159151,16.168369,2023-08-01
13616,2023-07-26 10:45:00,19650.0,19804.05,1271300,6987900,168.65,17.55,56500,239950,0.716354,-0.327432,0.0010827,0.00089347,12.127235,15.662308,2023-08-01
8359,2023-07-26 10:45:00,19700.0,19804.05,6202450,16234500,128.8,27.65,430000,504350,0.652796,-0.371332,0.00112577,0.00095371,12.716252,15.363931,2023-08-01
3099,2023-07-26 10:45:00,19750.0,19804.05,4878950,10385250,93.7,42.35,444300,449150,0.59322,-0.419009,0.00116144,0.00100066,12.949491,15.134457,2023-08-01
467,2023-07-26 10:45:00,19800.0,19804.05,14555150,14645900,64.4,62.85,1041950,1013300,0.534068,-0.469477,0.00118216,0.00102613,13.033577,15.026339,2023-08-01
5729,2023-07-26 10:45:00,19850.0,19804.05,8858550,3796150,41.7,90.25,897850,334600,0.475022,-0.520565,0.0011783,0.00101791,13.098487,15.171998,2023-08-01
10988,2023-07-26 10:45:00,19900.0,19804.05,12327550,3783800,25.25,123.95,762150,222600,0.417052,-0.569242,0.0011517,0.00098158,13.136026,15.516588,2023-08-01
16244,2023-07-26 10:45:00,19950.0,19804.05,7592550,761100,14.35,162.9,582550,50300,0.361581,-0.6132,0.00110015,0.00092349,13.201597,16.066671,2023-08-01
21498,2023-07-26 10:45:00,20000.0,19804.05,13442500,1783450,8.0,206.65,565900,49950,0.311989,-0.648151,0.00101954,0.00083912,13.450527,17.143294,2023-08-01
26751,2023-07-26 10:45:00,20050.0,19804.05,5265650,76800,4.35,253.5,339900,3550,0.268197,-0.67301,0.00092859,0.00074636,13.756175,18.739131,2023-08-01
24127,2023-07-26 10:46:00,19550.0,19806.05,331450,5879650,261.5,7.2,2700,96100,,-0.256274,,0.00074154,0.0,16.828657,2023-08-01
18874,2023-07-26 10:46:00,19600.0,19806.05,1780300,9255050,215.3,11.15,31200,181100,0.781028,-0.288689,0.00099065,0.00081547,11.554172,16.235962,2023-08-01
13617,2023-07-26 10:46:00,19650.0,19806.05,1271300,6987900,171.3,17.3,33100,254900,0.712521,-0.326048,0.00105531,0.00088956,12.521186,15.703498,2023-08-01
8360,2023-07-26 10:46:00,19700.0,19806.05,6202450,16234500,130.8,27.3,209950,417000,0.653565,-0.369807,0.00111295,0.0009493,12.851629,15.414088,2023-08-01
3100,2023-07-26 10:46:00,19750.0,19806.05,4878950,10385250,95.4,41.6,244850,379950,0.594912,-0.416988,0.00115178,0.0009998,13.044002,15.130587,2023-08-01
468,2023-07-26 10:46:00,19800.0,19806.05,14555150,14645900,65.75,62.05,715900,792650,0.536278,-0.467485,0.00117545,0.00102325,13.100976,15.0619,2023-08-01
5730,2023-07-26 10:46:00,19850.0,19806.05,8858550,3796150,42.8,89.35,531550,230750,0.477537,-0.518419,0.00117218,0.00101374,13.171205,15.23763,2023-08-01
10989,2023-07-26 10:46:00,19900.0,19806.05,12327550,3783800,26.1,122.65,438800,142950,0.419877,-0.56717,0.00114631,0.00098091,13.216859,15.540521,2023-08-01
16245,2023-07-26 10:46:00,19950.0,19806.05,7592550,761100,14.8,161.55,447900,34150,0.36413,-0.610916,0.00109986,0.00092149,13.236011,16.128213,2023-08-01
21499,2023-07-26 10:46:00,20000.0,19806.05,13442500,1783450,8.15,204.3,338900,30500,0.313636,-0.648555,0.001024,0.0008505,13.421764,16.906108,2023-08-01
26752,2023-07-26 10:46:00,20050.0,19806.05,5265650,76800,4.45,250.5,249950,1300,0.269793,-0.676348,0.00093244,0.00076444,13.739653,18.218615,2023-08-01
24128,2023-07-26 10:47:00,19550.0,19804.9,328600,5952050,260.95,7.25,4600,129000,,-0.256859,,0.00074345,0.0,16.807254,2023-08-01
18875,2023-07-26 10:47:00,19600.0,19804.9,1797000,9238350,214.8,11.1,26050,163900,0.771039,-0.288735,0.00097647,0.00081958,12.024247,16.157547,2023-08-01
13618,2023-07-26 10:47:00,19650.0,19804.9,1275200,6994250,171.2,17.45,16750,179000,0.705808,-0.326922,0.00103521,0.00089146,12.904187,15.688874,2023-08-01
8361,2023-07-26 10:47:00,19700.0,19804.9,6097550,16392400,130.95,27.35,138750,393450,0.648984,-0.370413,0.00109179,0.00095383,13.165477,15.350856,2023-08-01
3101,2023-07-26 10:47:00,19750.0,19804.9,4852200,10510450,95.6,41.95,182600,336800,0.59207,-0.418087,0.00113335,0.00100118,13.280574,15.120299,2023-08-01
469,2023-07-26 10:47:00,19800.0,19804.9,14523000,14695000,65.8,62.15,461350,504150,0.534605,-0.468516,0.00116259,0.00102999,13.252391,14.968162,2023-08-01
5731,2023-07-26 10:47:00,19850.0,19804.9,8922550,3821150,42.6,89.45,472950,141700,0.476332,-0.519818,0.00116646,0.00102213,13.235018,15.111777,2023-08-01
10990,2023-07-26 10:47:00,19900.0,19804.9,12340200,3799100,25.95,122.55,372500,84750,0.418875,-0.569388,0.00114158,0.00099413,13.266176,15.320713,2023-08-01
16246,2023-07-26 10:47:00,19950.0,19804.9,7565900,762100,14.65,161.15,208950,10000,0.363101,-0.614774,0.00109698,0.00094088,13.259567,15.752078,2023-08-01
21500,2023-07-26 10:47:00,20000.0,19804.9,13431150,1782450,8.1,204.9,261200,23800,0.312982,-0.650657,0.00102015,0.00085503,13.461913,16.781814,2023-08-01
26753,2023-07-26 10:47:00,20050.0,19804.9,5295850,78150,4.4,250.75,131350,2850,0.269034,-0.680333,0.00092977,0.00077419,13.76112,17.898783,2023-08-01
24129,2023-07-26 10:48:00,19550.0,19807.2,328600,5952050,262.0,7.2,5000,73950,,-0.256182,,0.00073861,0.0,16.893033,2023-08-01
18876,2023-07-26 10:48:00,19600.0,19807.2,1797000,9238350,216.15,11.0,32100,190850,0.786087,-0.287787,0.00099442,0.00081409,11.356359,16.240458,2023-08-01
13619,2023-07-26 10:48:00,19650.0,19807.2,1275200,6994250,172.25,17.15,16200,146350,0.713972,-0.325282,0.00105409,0.00088722,12.506262,15.730663,2023-08-01
8362,2023-07-26 10:48:00,19700.0,19807.2,6097550,16392400,131.9,26.9,106700,546500,0.6541,-0.36855,0.00110641,0.00094955,12.920904,15.39381,2023-08-01
3102,2023-07-26 10:48:00,19750.0,19807.2,4852200,10510450,96.35,41.4,224050,496750,0.595883,-0.41612,0.00114646,0.0009956,13.09731,15.188065,2023-08-01
470,2023-07-26 10:48:00,19800.0,19807.2,14523000,14695000,66.45,61.45,456650,504750,0.537565,-0.4663,0.00117275,0.00102345,13.127874,15.056063,2023-08-01
5732,2023-07-26 10:48:00,19850.0,19807.2,8922550,3821150,43.45,88.45,313100,150650,0.478983,-0.517334,0.001168,0.00101686,13.221689,15.193554,2023-08-01
10991,2023-07-26 10:48:00,19900.0,19807.2,12340200,3799100,26.55,121.8,375500,83150,0.421439,-0.566089,0.00114377,0.00098187,13.257503,15.53332,2023-08-01
16247,2023-07-26 10:48:00,19950.0,19807.2,7565900,762100,15.1,160.35,224450,10100,0.365762,-0.610472,0.00109843,0.00092664,13.273869,16.044643,2023-08-01
21501,2023-07-26 10:48:00,20000.0,19807.2,13431150,1782450,8.35,203.45,286300,25500,0.315333,-0.647199,0.00102329,0.00084945,13.462912,16.951424,2023-08-01
26754,2023-07-26 10:48:00,20050.0,19807.2,5295850,78150,4.55,249.2,146800,1450,0.271213,-0.676609,0.00093325,0.00076919,13.764441,18.101033,2023-08-01
24130,2023-07-26 10:49:00,19550.0,19808.9,328600,5952050,263.35,7.05,1450,62050,,-0.254894,,0.00073674,0.0,16.891045,2023-08-01
18877,2023-07-26 10:49:00,19600.0,19808.9,1797000,9238350,217.75,10.95,23850,106800,0.788031,-0.287218,0.00099018,0.00080968,11.343998,16.313012,2023-08-01
13620,2023-07-26 10:49:00,19650.0,19808.9,1275200,6994250,173.4,17.0,15350,104400,0.71801,-0.32432,0.00105943,0.000883,12.358562,15.78605,2023-08-01
8363,2023-07-26 10:49:00,19700.0,19808.9,6097550,16392400,133.3,26.7,169850,215050,0.655714,-0.367464,0.00110234,0.00094441,12.945621,15.461939,2023-08-01
3103,2023-07-26 10:49:00,19750.0,19808.9,4852200,10510450,97.55,41.0,134600,179950,0.5977,-0.414685,0.00114341,0.00099144,13.116763,15.239435,2023-08-01
471,2023-07-26 10:49:00,19800.0,19808.9,14523000,14695000,67.45,60.8,400900,313500,0.539501,-0.464625,0.00117017,0.00102068,13.150225,15.091009,2023-08-01
5733,2023-07-26 10:49:00,19850.0,19808.9,8922550,3821150,44.25,87.65,272000,83600,0.48102,-0.515539,0.00116577,0.00101397,13.249987,15.239306,2023-08-01
10992,2023-07-26 10:49:00,19900.0,19808.9,12340200,3799100,27.2,120.75,228100,67200,0.423663,-0.564278,0.00114103,0.00098057,13.303669,15.565207,2023-08-01
16248,2023-07-26 10:49:00,19950.0,19808.9,7565900,762100,15.5,159.2,190500,10100,0.367939,-0.608554,0.00109795,0.00092505,13.305432,16.094173,2023-08-01
21502,2023-07-26 10:49:00,20000.0,19808.9,13431150,1782450,8.65,202.45,282100,14450,0.317741,-0.644503,0.00102261,0.00084444,13.515054,17.097727,2023-08-01
26755,2023-07-26 10:49:00,20050.0,19808.9,5295850,78150,4.6,248.75,81250,100,0.272196,-0.671307,0.00093758,0.00075631,13.725122,18.531144,2023-08-01
24131,2023-07-26 10:50:00,19550.0,19811.4,329350,5974350,266.25,6.9,5400,124000,,-0.253464,,0.00073302,0.0,16.925438,2023-08-01
18878,2023-07-26 10:50:00,19600.0,19811.4,1792150,9294600,220.0,10.5,62200,277750,0.793068,-0.284452,0.00098718,0.00080911,11.21784,16.248461,2023-08-01
13621,2023-07-26 10:50:00,19650.0,19811.4,1273850,7034900,175.95,16.4,41200,208800,0.718229,-0.321575,0.00104552,0.00088281,12.517443,15.733018,2023-08-01
8364,2023-07-26 10:50:00,19700.0,19811.4,6095600,16490000,135.1,25.75,242900,581600,0.659003,-0.36442,0.00110234,0.00094699,12.897821,15.376181,2023-08-01
3104,2023-07-26 10:50:00,19750.0,19811.4,4835800,10452800,99.1,39.5,266600,433950,0.600762,-0.411441,0.00114359,0.00099918,13.087644,15.09264,2023-08-01
472,2023-07-26 10:50:00,19800.0,19811.4,14517600,14743850,68.85,58.8,677250,832050,0.542392,-0.461702,0.00116814,0.0010326,13.162346,14.905626,2023-08-01
5734,2023-07-26 10:50:00,19850.0,19811.4,8927750,3826050,45.15,85.5,586500,220200,0.483885,-0.513224,0.00116836,0.00102463,13.223844,15.082889,2023-08-01
10993,2023-07-26 10:50:00,19900.0,19811.4,12387400,3820000,27.8,118.4,521750,198550,0.426336,-0.562535,0.00114493,0.00099114,13.274567,15.408939,2023-08-01
16249,2023-07-26 10:50:00,19950.0,19811.4,7550200,763150,15.85,156.05,294800,18750,0.370316,-0.608742,0.00110321,0.00094553,13.268993,15.742297,2023-08-01
21503,2023-07-26 10:50:00,20000.0,19811.4,13588750,1783250,8.75,199.55,200200,31650,0.319229,-0.644831,0.00103082,0.00085833,13.432834,16.814422,2023-08-01
26756,2023-07-26 10:50:00,20050.0,19811.4,5332100,78550,4.75,245.0,115800,1150,0.274382,-0.67548,0.00094192,0.00077964,13.715168,17.882089,2023-08-01
24132,2023-07-26 10:51:00,19550.0,19811.45,329350,5974350,266.0,6.9,7550,98550,,-0.253504,,0.00073281,0.0,16.93255,2023-08-01
18879,2023-07-26 10:51:00,19600.0,19811.45,1792150,9294600,220.3,10.55,46300,195750,0.788164,-0.284743,0.00097942,0.00080807,11.464306,16.278154,2023-08-01
13622,2023-07-26 10:51:00,19650.0,19811.45,1273850,7034900,175.85,16.5,46200,217850,0.719202,-0.321947,0.00104886,0.00088093,12.457436,15.775042,2023-08-01
8365,2023-07-26 10:51:00,19700.0,19811.45,6095600,16490000,135.2,25.85,232100,448250,0.658804,-0.364652,0.00110066,0.00094505,12.921067,15.411766,2023-08-01
3105,2023-07-26 10:51:00,19750.0,19811.45,4835800,10452800,99.3,39.6,326600,333450,0.600504,-0.411558,0.0011399,0.00099717,13.132955,15.124823,2023-08-01
473,2023-07-26 10:51:00,19800.0,19811.45,14517600,14743850,68.85,59.1,780550,731900,0.542454,-0.461805,0.00116834,0.00102745,13.160509,14.981427,2023-08-01
5735,2023-07-26 10:51:00,19850.0,19811.45,8927750,3826050,44.9,85.5,538950,253050,0.48384,-0.513162,0.00117348,0.00102398,13.16678,15.093229,2023-08-01
10994,2023-07-26 10:51:00,19900.0,19811.45,12387400,3820000,27.7,118.6,524350,168600,0.426235,-0.562214,0.00114712,0.00098738,13.249329,15.470413,2023-08-01
16250,2023-07-26 10:51:00,19950.0,19811.45,7550200,763150,15.85,156.6,278050,31850,0.370371,-0.607461,0.00110324,0.00093612,13.269984,15.915848,2023-08-01
21504,2023-07-26 10:51:00,20000.0,19811.45,13588750,1783250,8.8,199.65,282600,30700,0.319576,-0.644341,0.00102952,0.00085611,13.456642,16.867092,2023-08-01
26757,2023-07-26 10:51:00,20050.0,19811.45,5332100,78550,4.75,246.2,224800,2700,0.274443,-0.670599,0.00094195,0.00076238,13.717033,18.399271,2023-08-01
24133,2023-07-26 10:52:00,19550.0,19809.15,329350,5974350,263.7,7.0,700,46650,,-0.254639,,0.00073661,0.0,16.887608,2023-08-01
18880,2023-07-26 10:52:00,19600.0,19809.15,1792150,9294600,217.25,10.7,30100,118400,0.803606,-0.286036,0.00101132,0.00081242,10.614948,16.228901,2023-08-01
13623,2023-07-26 10:52:00,19650.0,19809.15,1273850,7034900,172.95,16.8,16050,90350,0.722864,-0.323677,0.00107608,0.00088468,12.067004,15.745621,2023-08-01
8366,2023-07-26 10:52:00,19700.0,19809.15,6095600,16490000,132.55,26.55,108850,254900,0.659076,-0.367127,0.00112228,0.00094496,12.670524,15.450662,2023-08-01
3106,2023-07-26 10:52:00,19750.0,19809.15,4835800,10452800,97.1,40.7,163000,232750,0.598943,-0.414238,0.00115482,0.00099384,12.97883,15.201154,2023-08-01
474,2023-07-26 10:52:00,19800.0,19809.15,14517600,14743850,67.0,60.45,419550,424600,0.540087,-0.464299,0.00118074,0.00102348,13.032646,15.050878,2023-08-01
5736,2023-07-26 10:52:00,19850.0,19809.15,8927750,3826050,43.7,87.45,304100,126550,0.481034,-0.515298,0.00117801,0.0010142,13.1144,15.238566,2023-08-01
10995,2023-07-26 10:52:00,19900.0,19809.15,12387400,3820000,26.85,120.55,230500,82150,0.423327,-0.564033,0.00114938,0.00098055,13.206978,15.569564,2023-08-01
16251,2023-07-26 10:52:00,19950.0,19809.15,7550200,763150,15.3,159.0,188300,16700,0.367491,-0.608284,0.00110338,0.00092484,13.236738,16.103325,2023-08-01
21505,2023-07-26 10:52:00,20000.0,19809.15,13588750,1783250,8.55,202.15,210150,24200,0.317361,-0.644498,0.00102574,0.00084559,13.469029,17.077195,2023-08-01
26758,2023-07-26 10:52:00,20050.0,19809.15,5332100,78550,4.7,246.2,115250,0,0.273415,-0.672362,0.00093516,0.00076086,13.793439,18.399271,2023-08-01
24134,2023-07-26 10:53:00,19550.0,19804.0,328650,5970400,260.7,7.05,3750,48450,0.867125,-0.255877,0.00085651,0.00074808,9.724019,16.67617,2023-08-01
18881,2023-07-26 10:53:00,19600.0,19804.0,1793750,9267950,214.05,10.95,47450,193300,0.76827,-0.288442,0.00097473,0.00082391,12.131574,16.071094,2023-08-01
13624,2023-07-26 10:53:00,19650.0,19804.0,1273150,7020700,170.2,17.25,28750,113350,0.705759,-0.326741,0.00104051,0.00089708,12.844386,15.592985,2023-08-01
8367,2023-07-26 10:53:00,19700.0,19804.0,6088550,16515650,130.0,27.15,212350,404300,0.648507,-0.370536,0.00109661,0.00096011,13.11906,15.25785,2023-08-01
3107,2023-07-26 10:53:00,19750.0,19804.0,4793750,10431300,94.65,41.85,270700,318250,0.591431,-0.418616,0.0011393,0.00100687,13.221385,15.044767,2023-08-01
475,2023-07-26 10:53:00,19800.0,19804.0,14615950,14866500,65.0,62.15,790050,900300,0.533643,-0.469342,0.00116731,0.00103544,13.20655,14.897503,2023-08-01
5737,2023-07-26 10:53:00,19850.0,19804.0,8974950,3825550,42.25,89.4,576850,235150,0.47532,-0.520968,0.00116433,0.00102975,13.26224,15.003418,2023-08-01
10996,2023-07-26 10:53:00,19900.0,19804.0,12437100,3822100,25.75,123.05,508350,176700,0.418053,-0.570367,0.00113825,0.00099464,13.304373,15.312054,2023-08-01
16252,2023-07-26 10:53:00,19950.0,19804.0,7537500,763000,14.7,162.2,395500,39200,0.363048,-0.61472,0.00108947,0.0009338,13.355459,15.878111,2023-08-01
21506,2023-07-26 10:53:00,20000.0,19804.0,13601200,1800700,8.3,205.55,444700,52600,0.314164,-0.651626,0.00100983,0.00085525,13.626645,16.766826,2023-08-01
26759,2023-07-26 10:53:00,20050.0,19804.0,5434250,78550,4.5,249.6,194800,1700,0.27016,-0.689924,0.000923,0.00080297,13.896449,17.040476,2023-08-01
24135,2023-07-26 10:54:00,19550.0,19802.4,328650,5970400,257.65,7.05,4700,80750,,-0.256187,,0.0007519,0.0,16.604314,2023-08-01
18882,2023-07-26 10:54:00,19600.0,19802.4,1793750,9267950,213.0,11.05,72300,205650,0.761089,-0.289331,0.00096599,0.00082713,12.451042,16.033951,2023-08-01
13625,2023-07-26 10:54:00,19650.0,19802.4,1273150,7020700,169.1,17.25,39700,167600,0.702435,-0.327254,0.00103635,0.00090314,12.964507,15.500298,2023-08-01
8368,2023-07-26 10:54:00,19700.0,19802.4,6088550,16515650,129.1,27.35,232600,499050,0.645726,-0.371651,0.00109139,0.00096464,13.22089,15.203054,2023-08-01
3108,2023-07-26 10:54:00,19750.0,19802.4,4793750,10431300,93.7,41.95,384750,562850,0.589434,-0.41971,0.00113834,0.00101491,13.2499,14.936177,2023-08-01
476,2023-07-26 10:54:00,19800.0,19802.4,14615950,14866500,64.25,62.4,940800,1011350,0.531726,-0.470843,0.00116572,0.00104354,13.231625,14.788119,2023-08-01
5738,2023-07-26 10:54:00,19850.0,19802.4,8974950,3825550,41.65,89.95,588450,324450,0.473482,-0.522797,0.00116311,0.00103562,13.274049,14.91672,2023-08-01
10997,2023-07-26 10:54:00,19900.0,19802.4,12437100,3822100,25.35,123.7,775750,222850,0.416327,-0.572558,0.00113605,0.00100124,13.319592,15.197777,2023-08-01
16253,2023-07-26 10:54:00,19950.0,19802.4,7537500,763000,14.45,162.6,449650,39700,0.361465,-0.618166,0.00108668,0.00094645,13.371707,15.626196,2023-08-01
21507,2023-07-26 10:54:00,20000.0,19802.4,13601200,1800700,8.1,206.25,584100,57250,0.312449,-0.655155,0.0010081,0.00086412,13.619869,16.534476,2023-08-01
26760,2023-07-26 10:54:00,20050.0,19802.4,5434250,77800,4.45,252.4,163050,950,0.269303,-0.684536,0.00091888,0.00077978,13.938464,17.680417,2023-08-01
24136,2023-07-26 10:55:00,19550.0,19804.1,328650,5970400,259.1,7.1,6750,124150,,-0.256313,,0.00074689,0.0,16.719515,2023-08-01
18883,2023-07-26 10:55:00,19600.0,19804.1,1793750,9267950,213.4,11.05,54850,213350,0.778909,-0.289003,0.00099552,0.00082179,11.568308,16.129108,2023-08-01
13626,2023-07-26 10:55:00,19650.0,19804.1,1273150,7020700,169.6,17.3,21450,229600,0.70984,-0.32695,0.0010566,0.0008956,12.568218,15.624539,2023-08-01
8369,2023-07-26 10:55:00,19700.0,19804.1,6088550,16515650,129.3,27.3,259500,409050,0.65093,-0.370864,0.00111263,0.00095695,12.899081,15.314206,2023-08-01
3109,2023-07-26 10:55:00,19750.0,19804.1,4793750,10431300,94.05,41.9,297100,415300,0.592515,-0.41865,0.00115189,0.0010051,13.06971,15.073211,2023-08-01
477,2023-07-26 10:55:00,19800.0,19804.1,14615950,14866500,64.55,62.5,632250,724400,0.533968,-0.469388,0.00117655,0.00102892,13.103373,14.993629,2023-08-01
5739,2023-07-26 10:55:00,19850.0,19804.1,8974950,3825550,41.75,90.0,495050,238150,0.475152,-0.520576,0.00117463,0.00101921,13.146943,15.160963,2023-08-01
10998,2023-07-26 10:55:00,19900.0,19804.1,12437100,3822100,25.4,123.75,465150,123350,0.417547,-0.569275,0.00114593,0.0009823,13.213004,15.513552,2023-08-01
16254,2023-07-26 10:55:00,19950.0,19804.1,7537500,763000,14.45,162.85,312600,25450,0.362282,-0.612987,0.00109555,0.00092216,13.273185,16.101412,2023-08-01
21508,2023-07-26 10:55:00,20000.0,19804.1,13601200,1800700,8.05,206.2,285550,31200,0.312741,-0.649142,0.00101648,0.00084395,13.512653,17.037309,2023-08-01
26761,2023-07-26 10:55:00,20050.0,19804.1,5434250,77800,4.45,252.4,157950,1950,0.269762,-0.67681,0.00092447,0.00075948,13.865654,18.337683,2023-08-01
24137,2023-07-26 10:56:00,19550.0,19801.2,330300,6003850,255.85,7.2,11550,215900,,-0.257544,,0.00075235,0.0,16.643036,2023-08-01
18884,2023-07-26 10:56:00,19600.0,19801.2,1748300,9263000,209.4,11.25,106000,270850,0.799532,-0.290663,0.00104257,0.00082744,10.431598,16.065314,2023-08-01
13627,2023-07-26 10:56:00,19650.0,19801.2,1269750,7061250,165.25,17.75,86400,377050,0.718714,-0.329336,0.0011104,0.00089965,11.786277,15.603066,2023-08-01
8370,2023-07-26 10:56:00,19700.0,19801.2,6100500,16577300,125.65,28.15,460800,782700,0.652107,-0.373849,0.00114792,0.00095785,12.489592,15.342378,2023-08-01
3110,2023-07-26 10:56:00,19750.0,19801.2,4761250,10502600,90.55,43.2,650650,713300,0.591592,-0.421853,0.00118716,0.00100281,12.691094,15.135651,2023-08-01
478,2023-07-26 10:56:00,19800.0,19801.2,14387600,14935800,61.75,64.1,1607100,1460550,0.53107,-0.472443,0.00120308,0.00102614,12.824636,15.045776,2023-08-01
5740,2023-07-26 10:56:00,19850.0,19801.2,8870650,3764700,39.45,92.4,1179350,434250,0.471026,-0.523208,0.00119805,0.00100844,12.883531,15.320505,2023-08-01
10999,2023-07-26 10:56:00,19900.0,19801.2,12380150,3855650,23.9,126.55,1186400,353000,0.412922,-0.571109,0.00115954,0.00096907,13.027469,15.715654,2023-08-01
16255,2023-07-26 10:56:00,19950.0,19801.2,7505500,761100,13.4,165.4,682000,53150,0.357122,-0.614988,0.00110563,0.00091575,13.089864,16.192823,2023-08-01
21509,2023-07-26 10:56:00,20000.0,19801.2,13715450,1792200,7.45,210.0,623300,68150,0.307947,-0.6473,0.00102013,0.00082192,13.376759,17.530583,2023-08-01
26762,2023-07-26 10:56:00,20050.0,19801.2,5413800,76000,4.05,257.0,519600,6100,0.264757,-0.671051,0.00092607,0.0007305,13.714266,19.206842,2023-08-01
24138,2023-07-26 10:57:00,19550.0,19799.0,330300,6003850,251.85,7.3,4650,204750,,-0.258657,,0.00075615,0.0,16.599057,2023-08-01
18885,2023-07-26 10:57:00,19600.0,19799.0,1748300,9263000,206.1,11.4,65150,249950,0.835892,-0.291922,0.00108389,0.0008318,8.854606,16.015928,2023-08-01
13628,2023-07-26 10:57:00,19650.0,19799.0,1269750,7061250,163.05,18.05,44100,318350,0.718065,-0.331009,0.0011224,0.00090344,11.675194,15.571863,2023-08-01
8371,2023-07-26 10:57:00,19700.0,19799.0,6100500,16577300,123.1,28.65,329300,570300,0.652304,-0.37581,0.00117081,0.00096082,12.244907,15.322822,2023-08-01
3111,2023-07-26 10:57:00,19750.0,19799.0,4761250,10502600,88.7,43.9,372000,618850,0.589583,-0.423961,0.00119761,0.00100548,12.597308,15.113695,2023-08-01
479,2023-07-26 10:57:00,19800.0,19799.0,14387600,14935800,60.0,65.2,1177350,1186250,0.528645,-0.474717,0.00121621,0.00102586,12.694054,15.058099,2023-08-01
5741,2023-07-26 10:57:00,19850.0,19799.0,8870650,3764700,38.2,93.6,865400,334550,0.468118,-0.525479,0.00120599,0.00100971,12.79372,15.298402,2023-08-01
11000,2023-07-26 10:57:00,19900.0,19799.0,12380150,3855650,22.95,128.45,781800,267700,0.409662,-0.572756,0.00116614,0.00096259,12.931539,15.812043,2023-08-01
16256,2023-07-26 10:57:00,19950.0,19799.0,7505500,761100,12.85,168.05,450900,43850,0.354014,-0.614919,0.00110748,0.00090023,13.029872,16.475662,2023-08-01
21510,2023-07-26 10:57:00,20000.0,19799.0,13715450,1792200,7.1,211.95,563400,52250,0.304882,-0.648725,0.00102028,0.00081872,13.318098,17.576303,2023-08-01
26763,2023-07-26 10:57:00,20050.0,19799.0,5413800,76000,3.9,259.2,297100,2400,0.26256,-0.671563,0.00092294,0.00072544,13.704652,19.332005,2023-08-01
24139,2023-07-26 10:58:00,19550.0,19798.65,330300,6003850,255.0,7.35,5100,112350,,-0.25911,,0.00075616,0.0,16.615289,2023-08-01
18886,2023-07-26 10:58:00,19600.0,19798.65,1748300,9263000,207.65,11.4,94750,227600,0.78271,-0.292042,0.0010277,0.00083277,11.099904,16.001539,2023-08-01
13629,2023-07-26 10:58:00,19650.0,19798.65,1269750,7061250,164.45,18.0,29700,234550,0.706332,-0.330992,0.00107637,0.00090545,12.412098,15.538149,2023-08-01
8372,2023-07-26 10:58:00,19700.0,19798.65,6100500,16577300,124.55,28.45,243000,502850,0.646349,-0.375593,0.00113099,0.00096542,12.755287,15.248157,2023-08-01
3112,2023-07-26 10:58:00,19750.0,19798.65,4761250,10502600,89.7,43.55,255250,550900,0.587289,-0.423828,0.00117157,0.00101275,12.895214,15.005404,2023-08-01
480,2023-07-26 10:58:00,19800.0,19798.65,14387600,14935800,61.1,64.85,731400,944000,0.527739,-0.47495,0.00118947,0.00103362,12.982495,14.946649,2023-08-01
5742,2023-07-26 10:58:00,19850.0,19798.65,8870650,3764700,39.0,93.0,501850,257650,0.468351,-0.526242,0.00118567,0.0010218,13.014541,15.116633,2023-08-01
11001,2023-07-26 10:58:00,19900.0,19798.65,12380150,3855650,23.4,127.7,552500,169350,0.410354,-0.574389,0.0011532,0.00097737,13.082906,15.562065,2023-08-01
16257,2023-07-26 10:58:00,19950.0,19798.65,7505500,761100,13.05,167.05,275250,17450,0.354681,-0.618065,0.00110022,0.00091923,13.125643,16.097008,2023-08-01
21511,2023-07-26 10:58:00,20000.0,19798.65,13715450,1792200,7.25,211.0,391300,33600,0.305854,-0.652899,0.0010144,0.00083629,13.415199,17.133381,2023-08-01
26764,2023-07-26 10:58:00,20050.0,19798.65,5413800,76000,3.95,258.4,208100,200,0.263111,-0.675908,0.00092015,0.00073895,13.761976,18.877303,2023-08-01
24140,2023-07-26 10:59:00,19550.0,19800.45,331750,5958550,253.05,7.3,4450,162650,,-0.25851,,0.00075236,0.0,16.678392,2023-08-01
18887,2023-07-26 10:59:00,19600.0,19800.45,1730750,9312750,209.8,11.35,52350,469150,0.777092,-0.291443,0.00100869,0.00082781,11.475437,16.081528,2023-08-01
13630,2023-07-26 10:59:00,19650.0,19800.45,1267750,7052200,166.0,17.85,36900,211400,0.708283,-0.329995,0.00107307,0.00090054,12.41144,15.603363,2023-08-01
8373,2023-07-26 10:59:00,19700.0,19800.45,6141000,16796250,126.8,28.15,204950,499600,0.645722,-0.374249,0.00110937,0.00096095,13.011589,15.301209,2023-08-01
3113,2023-07-26 10:59:00,19750.0,19800.45,4713500,10525500,91.5,43.0,281100,560100,0.588433,-0.422147,0.00115688,0.00100979,13.05004,15.036243,2023-08-01
481,2023-07-26 10:59:00,19800.0,19800.45,14446550,14907600,62.45,63.85,692700,886600,0.529707,-0.47306,0.00118018,0.00103497,13.079582,14.922056,2023-08-01
5743,2023-07-26 10:59:00,19850.0,19800.45,8871250,3792550,40.0,91.75,378950,201000,0.47069,-0.524482,0.00117932,0.00102443,13.090107,15.081561,2023-08-01
11002,2023-07-26 10:59:00,19900.0,19800.45,12430600,3835300,23.9,126.0,491300,175000,0.412499,-0.573191,0.00115365,0.00098469,13.093576,15.454531,2023-08-01
16258,2023-07-26 10:59:00,19950.0,19800.45,7499800,748300,13.35,165.15,306000,18250,0.35669,-0.617509,0.00110209,0.00092789,13.129048,15.953199,2023-08-01
21512,2023-07-26 10:59:00,20000.0,19800.45,13589900,1770000,7.3,209.3,418400,31650,0.306819,-0.651979,0.0010205,0.00084024,13.353052,17.06878,2023-08-01
26765,2023-07-26 10:59:00,20050.0,19800.45,5448450,75600,3.9,258.5,156750,1150,0.263,-0.668526,0.00092756,0.00071951,13.648588,19.564245,2023-08-01
24141,2023-07-26 11:00:00,19550.0,19802.5,331750,5958550,257.95,7.1,7050,233750,,-0.256813,,0.00075031,0.0,16.666286,2023-08-01
18888,2023-07-26 11:00:00,19600.0,19802.5,1730750,9312750,211.5,11.1,86400,346350,0.783074,-0.289813,0.00101045,0.00082527,11.277486,16.087957,2023-08-01
13631,2023-07-26 11:00:00,19650.0,19802.5,1267750,7052200,168.05,17.4,55350,250600,0.708773,-0.32794,0.00106221,0.00089943,12.527836,15.582635,2023-08-01
8374,2023-07-26 11:00:00,19700.0,19802.5,6141000,16796250,128.0,27.45,380300,694600,0.649112,-0.371983,0.00111464,0.00096148,12.904843,15.26241,2023-08-01
3114,2023-07-26 11:00:00,19750.0,19802.5,4713500,10525500,92.8,42.05,467400,624450,0.59084,-0.419869,0.00115569,0.00101151,13.044486,14.992583,2023-08-01
482,2023-07-26 11:00:00,19800.0,19802.5,14446550,14907600,63.35,62.5,1139850,1095100,0.53219,-0.470829,0.00118262,0.00103992,13.045624,14.844461,2023-08-01
5744,2023-07-26 11:00:00,19850.0,19802.5,8871250,3792550,40.75,90.3,546200,301950,0.473085,-0.522482,0.0011804,0.00102798,13.083063,15.033248,2023-08-01
11003,2023-07-26 11:00:00,19900.0,19802.5,12430600,3835300,24.75,124.25,791850,214950,0.415434,-0.571568,0.00114811,0.00099029,13.177615,15.377957,2023-08-01
16259,2023-07-26 11:00:00,19950.0,19802.5,7499800,748300,13.95,163.3,382050,27800,0.359906,-0.616144,0.00109794,0.00093292,13.219278,15.883187,2023-08-01
21513,2023-07-26 11:00:00,20000.0,19802.5,13589900,1770000,7.75,207.25,534050,51950,0.310518,-0.651297,0.00101672,0.00084655,13.472696,16.95295,2023-08-01
26766,2023-07-26 11:00:00,20050.0,19802.5,5448450,75600,4.2,253.55,241400,3100,0.266943,-0.678919,0.00092551,0.00076133,13.781935,18.250081,2023-08-01
24142,2023-07-26 11:01:00,19550.0,19798.6,331750,5958550,254.1,7.25,10100,134650,,-0.258565,,0.00075753,0.0,16.569823,2023-08-01
18889,2023-07-26 11:01:00,19600.0,19798.6,1730750,9312750,208.25,11.3,66750,234100,0.772056,-0.291697,0.00100715,0.00083413,11.641679,15.96946,2023-08-01
13632,2023-07-26 11:01:00,19650.0,19798.6,1267750,7052200,164.9,17.85,36350,197750,0.703189,-0.330631,0.00106331,0.00090753,12.628417,15.498414,2023-08-01
8375,2023-07-26 11:01:00,19700.0,19798.6,6141000,16796250,124.95,28.4,341200,539300,0.644849,-0.375597,0.00112052,0.00096587,12.896085,15.243685,2023-08-01
3115,2023-07-26 11:01:00,19750.0,19798.6,4713500,10525500,90.3,43.55,327850,552250,0.586239,-0.42391,0.00115775,0.00101243,13.059176,15.013233,2023-08-01
483,2023-07-26 11:01:00,19800.0,19798.6,14446550,14907600,61.55,64.75,910700,1241650,0.527486,-0.474988,0.00117898,0.0010349,13.10088,14.930915,2023-08-01
5745,2023-07-26 11:01:00,19850.0,19798.6,8871250,3792550,39.6,93.0,581450,382400,0.468732,-0.526295,0.0011719,0.00102165,13.170731,15.121411,2023-08-01
11004,2023-07-26 11:01:00,19900.0,19798.6,12430600,3835300,23.95,127.55,694350,231700,0.411454,-0.574647,0.00113976,0.00097967,13.247959,15.526225,2023-08-01
16260,2023-07-26 11:01:00,19950.0,19798.6,7499800,748300,13.5,167.0,378850,44000,0.356496,-0.618258,0.00108796,0.00092014,13.299728,16.081338,2023-08-01
21514,2023-07-26 11:01:00,20000.0,19798.6,13589900,1770000,7.45,210.4,370400,62350,0.307324,-0.655007,0.00100812,0.00084562,13.529612,16.908909,2023-08-01
26767,2023-07-26 11:01:00,20050.0,19798.6,5448450,75600,4.05,257.4,254900,4200,0.264397,-0.680058,0.00091665,0.00075253,13.85135,18.440918,2023-08-01
24143,2023-07-26 11:02:00,19550.0,19803.9,338250,6033050,259.05,7.05,2250,66800,,-0.256323,,0.00074747,0.0,16.713624,2023-08-01
18890,2023-07-26 11:02:00,19600.0,19803.9,1762400,9319200,213.25,11.0,65650,230800,0.777315,-0.289099,0.00099348,0.0008223,11.644484,16.128148,2023-08-01
13633,2023-07-26 11:02:00,19650.0,19803.9,1278450,7069450,169.25,17.15,26250,119300,0.710256,-0.326763,0.00105962,0.00089762,12.529083,15.592042,2023-08-01
8376,2023-07-26 11:02:00,19700.0,19803.9,6162800,16773800,129.0,27.2,301750,396350,0.650854,-0.370934,0.00111407,0.00095815,12.888583,15.302156,2023-08-01
3116,2023-07-26 11:02:00,19750.0,19803.9,4654500,10556200,93.85,41.8,257850,356250,0.592205,-0.418781,0.0011513,0.00100638,13.084216,15.061087,2023-08-01
484,2023-07-26 11:02:00,19800.0,19803.9,14601850,14930600,64.4,62.2,804800,779400,0.533682,-0.469512,0.00117529,0.00103349,13.123473,14.933688,2023-08-01
5746,2023-07-26 11:02:00,19850.0,19803.9,8956900,3800000,41.6,90.0,521650,178050,0.474916,-0.520807,0.0011739,0.00101955,13.160009,15.161574,2023-08-01
11005,2023-07-26 11:02:00,19900.0,19803.9,12507650,3877850,25.3,123.65,461350,190650,0.417378,-0.569683,0.00114481,0.00098462,13.23012,15.480431,2023-08-01
16261,2023-07-26 11:02:00,19950.0,19803.9,7532600,749150,14.25,162.6,362300,16750,0.361705,-0.613924,0.00109765,0.00092726,13.245992,16.007936,2023-08-01
21515,2023-07-26 11:02:00,20000.0,19803.9,13562850,1749100,7.9,205.95,264650,33100,0.312026,-0.650474,0.00101828,0.00084923,13.480817,16.914721,2023-08-01
26768,2023-07-26 11:02:00,20050.0,19803.9,5530300,72400,4.2,251.45,231150,1600,0.267378,-0.681504,0.00093,0.00077465,13.727306,17.876432,2023-08-01
24144,2023-07-26 11:03:00,19550.0,19807.45,338250,6033050,263.4,6.85,6900,121450,,-0.254352,,0.00074188,0.0,16.769522,2023-08-01
18891,2023-07-26 11:03:00,19600.0,19807.45,1762400,9319200,217.7,10.45,77300,194350,0.765315,-0.285589,0.00095366,0.00082007,12.491981,16.076851,2023-08-01
13634,2023-07-26 11:03:00,19650.0,19807.45,1278450,7069450,173.6,16.4,44400,197600,0.706334,-0.323189,0.00102253,0.00089567,13.06353,15.553736,2023-08-01
8377,2023-07-26 11:03:00,19700.0,19807.45,6162800,16773800,133.1,25.8,289000,420250,0.650536,-0.36649,0.00108052,0.00096255,13.291552,15.17028,2023-08-01
3117,2023-07-26 11:03:00,19750.0,19807.45,4654500,10556200,97.1,39.75,344000,550250,0.594825,-0.414272,0.00113016,0.00101623,13.306006,14.877059,2023-08-01
485,2023-07-26 11:03:00,19800.0,19807.45,14601850,14930600,67.0,59.3,874950,852600,0.537476,-0.465358,0.00115988,0.00105155,13.284852,14.662897,2023-08-01
5747,2023-07-26 11:03:00,19850.0,19807.45,8956900,3800000,43.65,86.3,583650,239500,0.479387,-0.517805,0.0011615,0.00104488,13.307355,14.797726,2023-08-01
11006,2023-07-26 11:03:00,19900.0,19807.45,12507650,3877850,26.75,119.55,612150,209750,0.422217,-0.568186,0.00113695,0.00101194,13.353388,15.070686,2023-08-01
16262,2023-07-26 11:03:00,19950.0,19807.45,7532600,749150,15.25,157.7,297450,17700,0.366857,-0.615392,0.00109253,0.00096428,13.369961,15.374291,2023-08-01
21516,2023-07-26 11:03:00,20000.0,19807.45,13562850,1749100,8.35,200.85,385700,28650,0.316043,-0.654511,0.00102141,0.00088575,13.511819,16.146015,2023-08-01
26769,2023-07-26 11:03:00,20050.0,19807.45,5530300,72400,4.45,247.05,189650,4150,0.270975,-0.684436,0.0009348,0.00079671,13.747085,17.311367,2023-08-01
24145,2023-07-26 11:04:00,19550.0,19808.85,338250,6033050,263.15,6.8,8100,185150,,-0.253811,,0.00073922,0.0,16.810862,2023-08-01
18892,2023-07-26 11:04:00,19600.0,19808.85,1762400,9319200,217.0,10.5,182750,243050,0.800623,-0.285595,0.00100901,0.00081495,10.743976,16.177786,2023-08-01
13635,2023-07-26 11:04:00,19650.0,19808.85,1278450,7069450,173.3,16.4,50400,219950,0.717294,-0.322823,0.00105723,0.00089019,12.409866,15.641912,2023-08-01
8378,2023-07-26 11:04:00,19700.0,19808.85,6162800,16773800,132.65,26.05,395200,496600,0.657016,-0.366506,0.00111167,0.00095179,12.829545,15.341806,2023-08-01
3118,2023-07-26 11:04:00,19750.0,19808.85,4654500,10556200,96.85,40.0,471700,477300,0.598338,-0.413788,0.0011524,0.00100373,13.020046,15.05804,2023-08-01
486,2023-07-26 11:04:00,19800.0,19808.85,14601850,14930600,66.7,59.85,1210950,956650,0.539669,-0.464403,0.00117981,0.00103221,13.053239,14.93423,2023-08-01
5748,2023-07-26 11:04:00,19850.0,19808.85,8956900,3800000,43.35,86.9,769850,264450,0.480626,-0.515828,0.0011789,0.00102265,13.112845,15.12229,2023-08-01
11007,2023-07-26 11:04:00,19900.0,19808.85,12507650,3877850,26.55,120.3,787150,217450,0.422856,-0.56471,0.00115041,0.00098514,13.201121,15.503344,2023-08-01
16263,2023-07-26 11:04:00,19950.0,19808.85,7532600,749150,14.9,158.7,377950,29450,0.366376,-0.609434,0.00110845,0.00093096,13.171914,15.995345,2023-08-01
21517,2023-07-26 11:04:00,20000.0,19808.85,13562850,1749100,8.25,201.85,367850,64350,0.315955,-0.646127,0.00103005,0.00085202,13.396609,16.93247,2023-08-01
26770,2023-07-26 11:04:00,20050.0,19808.85,5530300,72400,4.35,247.95,153150,1300,0.270312,-0.674187,0.00094249,0.00076618,13.618038,18.242575,2023-08-01
24146,2023-07-26 11:05:00,19550.0,19811.5,332400,6005550,267.0,6.6,5300,183050,,-0.251954,,0.00073593,0.0,16.819637,2023-08-01
18893,2023-07-26 11:05:00,19600.0,19811.5,1670700,9310650,219.95,10.15,77150,317800,0.794201,-0.283253,0.00098857,0.00081246,11.175021,16.162335,2023-08-01
13636,2023-07-26 11:05:00,19650.0,19811.5,1270600,7056250,176.05,15.9,53300,277450,0.717211,-0.320333,0.00104134,0.00088797,12.599964,15.629386,2023-08-01
8379,2023-07-26 11:05:00,19700.0,19811.5,6149300,16782650,134.95,25.25,265650,472500,0.659201,-0.363695,0.00110307,0.00095148,12.897239,15.306137,2023-08-01
3119,2023-07-26 11:05:00,19750.0,19811.5,4645950,10500450,98.65,38.75,344400,403250,0.601346,-0.410721,0.00114949,0.001007,13.026379,14.981661,2023-08-01
487,2023-07-26 11:05:00,19800.0,19811.5,14723850,14946750,68.35,58.2,862450,779250,0.542657,-0.461478,0.00117435,0.00103788,13.102793,14.841334,2023-08-01
5749,2023-07-26 11:05:00,19850.0,19811.5,9008850,3864800,44.5,84.55,558350,207150,0.483776,-0.513377,0.00117767,0.00103528,13.130089,14.940001,2023-08-01
11008,2023-07-26 11:05:00,19900.0,19811.5,12614650,3861550,27.45,117.35,468000,147400,0.426131,-0.563382,0.00114882,0.00100371,13.239448,15.223511,2023-08-01
16264,2023-07-26 11:05:00,19950.0,19811.5,7546500,754100,15.55,155.4,277350,25450,0.369856,-0.609585,0.00110721,0.00095245,13.226814,15.6315,2023-08-01
21518,2023-07-26 11:05:00,20000.0,19811.5,13637100,1750900,8.55,198.6,353650,29200,0.318711,-0.647079,0.00103356,0.00086987,13.399229,16.567618,2023-08-01
26771,2023-07-26 11:05:00,20050.0,19811.5,5601100,73100,4.5,244.5,187300,1900,0.272604,-0.676721,0.00094729,0.00078425,13.604997,17.76383,2023-08-01
24147,2023-07-26 11:06:00,19550.0,19810.95,332400,6005550,265.0,6.75,5000,93100,,-0.253207,,0.00073485,0.0,16.889893,2023-08-01
18894,2023-07-26 11:06:00,19600.0,19810.95,1670700,9310650,217.85,10.35,59500,382600,0.845803,-0.284465,0.00102832,0.00081082,8.959075,16.229535,2023-08-01
13637,2023-07-26 11:06:00,19650.0,19810.95,1270600,7056250,173.65,16.3,25200,188050,0.730991,-0.321949,0.00109445,0.00088358,11.698931,15.741335,2023-08-01
8380,2023-07-26 11:06:00,19700.0,19810.95,6149300,16782650,133.3,25.75,184550,327800,0.66289,-0.365064,0.00113139,0.00094617,12.522917,15.412747,2023-08-01
3120,2023-07-26 11:06:00,19750.0,19810.95,4645950,10500450,97.5,39.75,287350,325900,0.602063,-0.41232,0.00116585,0.00099477,12.838451,15.181156,2023-08-01
488,2023-07-26 11:06:00,19800.0,19810.95,14723850,14946750,67.35,59.6,680850,510050,0.542423,-0.46257,0.0011883,0.00102031,12.950821,15.1021,2023-08-01
5750,2023-07-26 11:06:00,19850.0,19810.95,9008850,3864800,43.85,86.5,442800,159150,0.482958,-0.513419,0.00118596,0.00101012,13.038358,15.313402,2023-08-01
11009,2023-07-26 11:06:00,19900.0,19810.95,12614650,3861550,27.0,119.7,495700,111750,0.425061,-0.5617,0.00115448,0.00097294,13.168891,15.716935,2023-08-01
16265,2023-07-26 11:06:00,19950.0,19810.95,7546500,754100,15.3,158.0,252950,14250,0.368798,-0.605612,0.00110993,0.00091794,13.183077,16.266341,2023-08-01
21519,2023-07-26 11:06:00,20000.0,19810.95,13637100,1750900,8.45,201.55,241800,15500,0.317968,-0.640134,0.00103359,0.00083235,13.386797,17.435036,2023-08-01
26772,2023-07-26 11:06:00,20050.0,19810.95,5601100,73100,4.5,245.65,137500,50,0.272515,-0.674389,0.00094518,0.00077407,13.634321,18.052151,2023-08-01
24148,2023-07-26 11:07:00,19550.0,19810.65,332400,6005550,263.8,6.75,800,86900,,-0.253302,,0.00073546,0.0,16.880433,2023-08-01
18895,2023-07-26 11:07:00,19600.0,19810.65,1670700,9310650,217.5,10.4,22250,129450,0.84868,-0.284831,0.0010292,0.0008108,8.840877,16.241067,2023-08-01
13638,2023-07-26 11:07:00,19650.0,19810.65,1270600,7056250,173.2,16.35,21650,136750,0.732131,-0.322247,0.00110025,0.00088376,11.613217,15.745269,2023-08-01
8381,2023-07-26 11:07:00,19700.0,19810.65,6149300,16782650,132.6,26.0,104050,243150,0.664232,-0.365764,0.00114258,0.00094358,12.381948,15.466134,2023-08-01
3121,2023-07-26 11:07:00,19750.0,19810.65,4645950,10500450,97.2,39.85,153700,206700,0.601856,-0.412633,0.00116786,0.0009948,12.819064,15.184417,2023-08-01
489,2023-07-26 11:07:00,19800.0,19810.65,14723850,14946750,66.9,59.65,423950,329050,0.542228,-0.462847,0.00119395,0.0010215,12.891159,15.086609,2023-08-01
5751,2023-07-26 11:07:00,19850.0,19810.65,9008850,3864800,43.8,86.5,309500,111250,0.482637,-0.513775,0.00118409,0.00101246,13.059392,15.278494,2023-08-01
11010,2023-07-26 11:07:00,19900.0,19810.65,12614650,3861550,26.8,119.7,305650,71950,0.424552,-0.562204,0.00115648,0.00097569,13.143791,15.670606,2023-08-01
16266,2023-07-26 11:07:00,19950.0,19810.65,7546500,754100,15.3,158.45,184450,18450,0.368683,-0.605436,0.00110799,0.00091433,13.205731,16.333769,2023-08-01
21520,2023-07-26 11:07:00,20000.0,19810.65,13637100,1750900,8.45,202.2,162400,12700,0.317906,-0.639249,0.00103205,0.00082645,13.406689,17.575716,2023-08-01
26773,2023-07-26 11:07:00,20050.0,19810.65,5601100,73100,4.55,247.5,79650,100,0.273005,-0.668566,0.00094249,0.00075223,13.686349,18.711077,2023-08-01
24149,2023-07-26 11:08:00,19550.0,19808.85,333150,6019800,262.65,6.75,950,88250,,-0.253636,,0.00073961,0.0,16.7997,2023-08-01
18896,2023-07-26 11:08:00,19600.0,19808.85,1657100,9233500,215.5,10.5,21700,84150,0.864203,-0.28577,0.00102912,0.00081445,8.219714,16.195985,2023-08-01
13639,2023-07-26 11:08:00,19650.0,19808.85,1268700,7053050,171.4,16.55,20000,143750,0.731626,-0.323494,0.00110966,0.00088722,11.527364,15.711395,2023-08-01
8382,2023-07-26 11:08:00,19700.0,19808.85,6126400,16784600,131.1,26.3,120200,311500,0.662355,-0.367166,0.0011466,0.00094723,12.367047,15.428364,2023-08-01
3122,2023-07-26 11:08:00,19750.0,19808.85,4699250,10554300,95.8,40.5,161750,277100,0.600039,-0.414472,0.0011731,0.00099533,12.779116,15.194305,2023-08-01
490,2023-07-26 11:08:00,19800.0,19808.85,14806500,15073550,65.95,60.75,486600,397550,0.540048,-0.464804,0.00119374,0.00101775,12.902634,15.151227,2023-08-01
5752,2023-07-26 11:08:00,19850.0,19808.85,9089400,3868400,42.95,87.95,351850,123200,0.480459,-0.515452,0.00118588,0.00100603,13.03828,15.376139,2023-08-01
11011,2023-07-26 11:08:00,19900.0,19808.85,12668500,3916450,26.25,121.65,343650,89800,0.422437,-0.563135,0.00115582,0.00096414,13.139478,15.854782,2023-08-01
16267,2023-07-26 11:08:00,19950.0,19808.85,7585650,765650,15.0,159.4,257400,15100,0.366842,-0.607917,0.001105,0.00091958,13.221587,16.21456,2023-08-01
21521,2023-07-26 11:08:00,20000.0,19808.85,13661400,1751450,8.35,203.7,255100,23000,0.316729,-0.640649,0.00102655,0.00082491,13.459357,17.587557,2023-08-01
26774,2023-07-26 11:08:00,20050.0,19808.85,5624800,73100,4.5,249.0,135500,50,0.27209,-0.670092,0.00093748,0.00075168,13.738725,18.693101,2023-08-01
24150,2023-07-26 11:09:00,19550.0,19809.6,333150,6019800,264.0,6.7,300,60450,,-0.253195,,0.00073851,0.0,16.809768,2023-08-01
18897,2023-07-26 11:09:00,19600.0,19809.6,1657100,9233500,216.3,10.4,32050,133750,0.85924,-0.285138,0.00102945,0.00081366,8.420779,16.194872,2023-08-01
13640,2023-07-26 11:09:00,19650.0,19809.6,1268700,7053050,172.25,16.5,16150,96200,0.730862,-0.323144,0.00110233,0.00088503,11.620761,15.743434,2023-08-01
8383,2023-07-26 11:09:00,19700.0,19809.6,6126400,16784600,131.95,26.25,97350,251150,0.662224,-0.366786,0.00113908,0.0009443,12.450862,15.471204,2023-08-01
3123,2023-07-26 11:09:00,19750.0,19809.6,4699250,10554300,96.25,40.4,137400,212200,0.600993,-0.413942,0.00117329,0.00099225,12.769163,15.237267,2023-08-01
491,2023-07-26 11:09:00,19800.0,19809.6,14806500,15073550,66.35,60.5,376250,433150,0.540936,-0.464089,0.00119327,0.00101589,12.905046,15.176824,2023-08-01
5753,2023-07-26 11:09:00,19850.0,19809.6,9089400,3868400,43.3,87.7,214800,114450,0.481371,-0.514634,0.00118476,0.00100316,13.052312,15.421521,2023-08-01
11012,2023-07-26 11:09:00,19900.0,19809.6,12668500,3916450,26.5,121.05,379850,83400,0.42338,-0.5625,0.00115521,0.00096552,13.15282,15.836413,2023-08-01
16268,2023-07-26 11:09:00,19950.0,19809.6,7585650,765650,14.95,159.55,268250,8200,0.367065,-0.605772,0.00111017,0.00090904,13.162957,16.427609,2023-08-01
21522,2023-07-26 11:09:00,20000.0,19809.6,13661400,1751450,8.4,202.8,200050,18000,0.317328,-0.640794,0.00102832,0.00082917,13.447203,17.495111,2023-08-01
26775,2023-07-26 11:09:00,20050.0,19809.6,5624800,74050,4.5,249.0,116800,2150,0.272326,-0.667186,0.00093995,0.00074376,13.708634,18.958602,2023-08-01
24151,2023-07-26 11:10:00,19550.0,19809.5,333150,6019800,262.0,6.7,7350,74200,,-0.253259,,0.00073865,0.0,16.809783,2023-08-01
18898,2023-07-26 11:10:00,19600.0,19809.5,1657100,9233500,216.3,10.4,24550,174450,0.851073,-0.285203,0.00103378,0.00081384,8.71066,16.19416,2023-08-01
13641,2023-07-26 11:10:00,19650.0,19809.5,1268700,7053050,172.0,16.45,20250,107750,0.732057,-0.323036,0.00110715,0.00088603,11.545112,15.724469,2023-08-01
8384,2023-07-26 11:10:00,19700.0,19809.5,6126400,16784600,131.25,26.25,145700,264950,0.664409,-0.366855,0.00115403,0.00094458,12.259357,15.468492,2023-08-01
3124,2023-07-26 11:10:00,19750.0,19809.5,4699250,10554300,95.85,40.35,197550,295900,0.601445,-0.413957,0.00118022,0.00099337,12.691249,15.221065,2023-08-01
492,2023-07-26 11:10:00,19800.0,19809.5,14806500,15073550,66.0,60.7,508350,441350,0.540979,-0.464261,0.00119908,0.00101342,12.843131,15.215298,2023-08-01
5754,2023-07-26 11:10:00,19850.0,19809.5,9089400,3868400,43.1,87.75,334150,131850,0.481185,-0.514735,0.00118773,0.00100306,13.020194,15.423842,2023-08-01
11013,2023-07-26 11:10:00,19900.0,19809.5,12668500,3916450,26.3,121.2,327400,95700,0.423002,-0.562495,0.00115864,0.0009641,13.112309,15.860781,2023-08-01
16269,2023-07-26 11:10:00,19950.0,19809.5,7585650,765650,14.95,159.9,235150,17750,0.367048,-0.605313,0.00110936,0.00090484,13.173211,16.510246,2023-08-01
21523,2023-07-26 11:10:00,20000.0,19809.5,13661400,1751450,8.35,203.35,201000,22150,0.317035,-0.639562,0.00102902,0.00082253,13.433596,17.658093,2023-08-01
26776,2023-07-26 11:10:00,20050.0,19809.5,5624800,74050,4.45,245.9,111400,100,0.271829,-0.67967,0.00094092,0.00078752,13.682971,17.629789,2023-08-01
24152,2023-07-26 11:11:00,19550.0,19808.35,333150,6031950,261.05,6.7,2050,67850,,-0.253489,,0.00074129,0.0,16.759902,2023-08-01
18899,2023-07-26 11:11:00,19600.0,19808.35,1659600,9243450,215.0,10.4,28150,127750,0.862913,-0.285488,0.00103248,0.00081715,8.247708,16.138016,2023-08-01
13642,2023-07-26 11:11:00,19650.0,19808.35,1270850,7065700,171.0,16.5,23250,109900,0.730407,-0.323576,0.00110854,0.00088941,11.567505,15.677215,2023-08-01
8385,2023-07-26 11:11:00,19700.0,19808.35,6096000,16790800,130.7,26.25,171250,245850,0.661641,-0.367345,0.00114653,0.00094979,12.380282,15.392215,2023-08-01
3125,2023-07-26 11:11:00,19750.0,19808.35,4673100,10470100,95.0,40.5,171350,187850,0.600184,-0.414817,0.00118256,0.00099765,12.67814,15.164797,2023-08-01
493,2023-07-26 11:11:00,19800.0,19808.35,14872050,15175750,65.45,60.75,541700,426550,0.539545,-0.465245,0.00119769,0.00102071,12.864195,15.111651,2023-08-01
5755,2023-07-26 11:11:00,19850.0,19808.35,9083800,3869150,42.5,88.15,304200,143500,0.479762,-0.515979,0.00119001,0.0010067,12.994469,15.367986,2023-08-01
11014,2023-07-26 11:11:00,19900.0,19808.35,12692250,3924650,26.05,121.6,344950,101050,0.42182,-0.564021,0.00115592,0.00096918,13.136821,15.769675,2023-08-01
16270,2023-07-26 11:11:00,19950.0,19808.35,7589550,765250,14.8,160.55,201000,15400,0.366016,-0.606782,0.00110637,0.0009074,13.197929,16.448535,2023-08-01
21524,2023-07-26 11:11:00,20000.0,19808.35,13635050,1766750,8.15,203.75,293450,44650,0.315465,-0.642006,0.00102915,0.00082923,13.40514,17.476226,2023-08-01
26777,2023-07-26 11:11:00,20050.0,19808.35,5657250,74050,4.35,251.0,126550,1250,0.270537,-0.664885,0.00093969,0.0007314,13.670017,19.334787,2023-08-01
24153,2023-07-26 11:12:00,19550.0,19808.55,331800,6031950,261.3,6.7,200,48600,,-0.253506,,0.00074072,0.0,16.774166,2023-08-01
18900,2023-07-26 11:12:00,19600.0,19808.55,1659600,9243450,214.65,10.4,10550,115900,,-0.28549,,0.00081643,0.0,16.153133,2023-08-01
13643,2023-07-26 11:12:00,19650.0,19808.55,1270850,7065700,171.05,16.45,8500,78350,0.731673,-0.323382,0.00111177,0.00088929,11.50726,15.676268,2023-08-01
8386,2023-07-26 11:12:00,19700.0,19808.55,6096000,16790800,130.55,26.2,86200,196050,0.662985,-0.367185,0.00115348,0.00094943,12.287414,15.396585,2023-08-01
3126,2023-07-26 11:12:00,19750.0,19808.55,4673100,10470100,95.05,40.35,113950,156550,0.600544,-0.41454,0.0011839,0.00099853,12.661386,15.149773,2023-08-01
494,2023-07-26 11:12:00,19800.0,19808.55,14872050,15175750,65.4,60.6,278700,266700,0.539864,-0.465026,0.00120056,0.0010213,12.832956,15.102896,2023-08-01
5756,2023-07-26 11:12:00,19850.0,19808.55,9083800,3869150,42.65,88.0,182750,80500,0.480036,-0.515787,0.00118828,0.00100702,13.014362,15.364232,2023-08-01
11015,2023-07-26 11:12:00,19900.0,19808.55,12692250,3924650,26.05,121.7,220050,48300,0.421975,-0.56355,0.00115701,0.00096556,13.126081,15.832523,2023-08-01
16271,2023-07-26 11:12:00,19950.0,19808.55,7589550,765250,14.75,160.75,196750,4850,0.365972,-0.605891,0.00110847,0.00090221,13.173041,16.554334,2023-08-01
21525,2023-07-26 11:12:00,20000.0,19808.55,13635050,1766750,8.15,203.9,142350,10700,0.315576,-0.640932,0.00102983,0.00082486,13.398843,17.588075,2023-08-01
26778,2023-07-26 11:12:00,20050.0,19808.55,5657250,72300,4.3,249.2,82650,1100,0.2701,-0.670433,0.00094173,0.00075186,13.629964,18.685333,2023-08-01
24154,2023-07-26 11:13:00,19550.0,19807.1,331800,6031950,259.65,6.65,2950,34650,,-0.253412,,0.00074487,0.0,16.679586,2023-08-01
18901,2023-07-26 11:13:00,19600.0,19807.1,1659600,9243450,212.8,10.4,21700,124050,,-0.28584,,0.00082067,0.0,16.081029,2023-08-01
13644,2023-07-26 11:13:00,19650.0,19807.1,1270850,7065700,169.7,16.55,10800,99150,0.73038,-0.324185,0.00111636,0.00089306,11.489098,15.628102,2023-08-01
8387,2023-07-26 11:13:00,19700.0,19807.1,6096000,16790800,129.15,26.5,124150,224950,0.66218,-0.368448,0.00116151,0.00095151,12.215304,15.38232,2023-08-01
3127,2023-07-26 11:13:00,19750.0,19807.1,4673100,10470100,93.7,40.85,160650,256700,0.599455,-0.415995,0.0011931,0.00099934,12.574317,15.151612,2023-08-01
495,2023-07-26 11:13:00,19800.0,19807.1,14872050,15175750,64.15,61.75,400550,391500,0.538368,-0.466694,0.0012106,0.00101439,12.7329,15.213292,2023-08-01
5757,2023-07-26 11:13:00,19850.0,19807.1,9083800,3869150,41.7,89.1,301450,128950,0.478135,-0.517148,0.0011954,0.0010029,12.935305,15.427137,2023-08-01
11016,2023-07-26 11:13:00,19900.0,19807.1,12692250,3924650,25.4,123.35,300750,103800,0.419903,-0.564191,0.00116118,0.00095525,13.066847,16.001239,2023-08-01
16272,2023-07-26 11:13:00,19950.0,19807.1,7589550,765250,14.5,161.95,168400,23300,0.364446,-0.607,0.00110633,0.00089996,13.181775,16.584824,2023-08-01
21526,2023-07-26 11:13:00,20000.0,19807.1,13635050,1766750,7.95,205.45,179900,17100,0.31388,-0.641108,0.0010287,0.00081895,13.384472,17.714255,2023-08-01
26779,2023-07-26 11:13:00,20050.0,19807.1,5657250,72300,4.2,250.75,103050,2450,0.268705,-0.670406,0.00093949,0.00074697,13.628866,18.810516,2023-08-01
24155,2023-07-26 11:14:00,19550.0,19804.4,334450,6072500,258.9,6.7,6400,133350,,-0.254266,,0.00075054,0.0,16.586002,2023-08-01
18902,2023-07-26 11:14:00,19600.0,19804.4,1658950,9238450,212.35,10.5,22150,104850,0.803501,-0.286977,0.00103299,0.00082719,10.410996,15.987436,2023-08-01
13645,2023-07-26 11:14:00,19650.0,19804.4,1269150,7051800,169.05,16.7,27300,169700,0.714101,-0.325527,0.00107209,0.00090091,12.313429,15.52108,2023-08-01
8388,2023-07-26 11:14:00,19700.0,19804.4,6083550,16793050,128.25,26.7,166400,354750,0.654607,-0.37001,0.00113566,0.00096121,12.601415,15.25104,2023-08-01
3128,2023-07-26 11:14:00,19750.0,19804.4,4688500,10490750,93.2,41.1,236650,260150,0.594016,-0.417895,0.00116729,0.00101157,12.899126,14.98649,2023-08-01
496,2023-07-26 11:14:00,19800.0,19804.4,14874450,15192850,63.7,61.8,558000,557300,0.534601,-0.469028,0.0011907,0.00103328,12.959494,14.945136,2023-08-01
5758,2023-07-26 11:14:00,19850.0,19804.4,9060450,3898900,41.3,89.5,332200,212200,0.475293,-0.520345,0.0011805,0.00102024,13.09569,15.162056,2023-08-01
11017,2023-07-26 11:14:00,19900.0,19804.4,12692000,3895350,25.2,123.6,389150,121500,0.41777,-0.568674,0.00114694,0.00097801,13.216855,15.602166,2023-08-01
16273,2023-07-26 11:14:00,19950.0,19804.4,7600500,762950,14.25,162.75,235250,17550,0.362329,-0.61206,0.00109742,0.00091735,13.265188,16.214057,2023-08-01
21527,2023-07-26 11:14:00,20000.0,19804.4,13575600,1765350,7.85,205.75,213350,29500,0.312386,-0.649071,0.00101944,0.0008448,13.480946,17.039292,2023-08-01
26780,2023-07-26 11:14:00,20050.0,19804.4,5704650,72300,4.15,252.5,130200,4350,0.267549,-0.674658,0.00093146,0.00075294,13.719075,18.567009,2023-08-01
24156,2023-07-26 11:15:00,19550.0,19803.9,334450,6072500,258.5,6.75,3800,55950,,-0.254767,,0.00075088,0.0,16.596935,2023-08-01
18903,2023-07-26 11:15:00,19600.0,19803.9,1658950,9238450,211.85,10.6,26850,129950,0.803284,-0.287643,0.00103505,0.000827,10.398053,16.010083,2023-08-01
13646,2023-07-26 11:15:00,19650.0,19803.9,1269150,7051800,168.05,16.8,24400,131650,0.717343,-0.326054,0.00108797,0.0009011,12.068695,15.529382,2023-08-01
8389,2023-07-26 11:15:00,19700.0,19803.9,6083550,16793050,127.65,26.85,120000,292750,0.654698,-0.370564,0.00114094,0.00096112,12.542888,15.261076,2023-08-01
3129,2023-07-26 11:15:00,19750.0,19803.9,4688500,10490750,92.8,41.55,165300,267100,0.593515,-0.418731,0.00116885,0.00100749,12.886891,15.055067,2023-08-01
497,2023-07-26 11:15:00,19800.0,19803.9,14874450,15192850,63.35,62.2,355950,514850,0.534035,-0.469607,0.00119229,0.00103068,12.944794,14.985627,2023-08-01
5759,2023-07-26 11:15:00,19850.0,19803.9,9060450,3898900,41.05,90.2,265800,132400,0.474679,-0.520678,0.00118118,0.00101382,13.087886,15.258687,2023-08-01
11018,2023-07-26 11:15:00,19900.0,19803.9,12692000,3895350,25.15,124.1,297650,99700,0.417372,-0.56896,0.0011444,0.00097529,13.244405,15.644981,2023-08-01
16274,2023-07-26 11:15:00,19950.0,19803.9,7600500,762950,14.25,163.2,137850,14850,0.36213,-0.612365,0.00109446,0.00091595,13.299649,16.236456,2023-08-01
21528,2023-07-26 11:15:00,20000.0,19803.9,13575600,1765350,7.95,207.05,147650,14500,0.312898,-0.646734,0.00101438,0.00083134,13.558835,17.358098,2023-08-01
26781,2023-07-26 11:15:00,20050.0,19803.9,5704650,75800,4.25,251.5,101400,250,0.268577,-0.680956,0.00092666,0.0007727,13.818025,17.947642,2023-08-01
24157,2023-07-26 11:16:00,19550.0,19801.7,334450,6072500,256.85,6.7,1800,76500,,-0.254799,,0.00075701,0.0,16.466447,2023-08-01
18904,2023-07-26 11:16:00,19600.0,19801.7,1658950,9238450,211.05,10.6,30650,192350,0.775423,-0.288162,0.00099988,0.00083371,11.63608,15.897303,2023-08-01
13647,2023-07-26 11:16:00,19650.0,19801.7,1269150,7051800,167.3,16.95,15800,162300,0.7072,-0.327255,0.00106095,0.00090717,12.586111,15.451106,2023-08-01
8390,2023-07-26 11:16:00,19700.0,19801.7,6083550,16793050,126.75,26.95,119700,280350,0.649483,-0.371723,0.00112505,0.0009702,12.792554,15.136036,2023-08-01
3130,2023-07-26 11:16:00,19750.0,19801.7,4688500,10490750,92.1,41.7,180650,276300,0.589764,-0.420245,0.00115498,0.00101853,13.073104,14.9062,2023-08-01
498,2023-07-26 11:16:00,19800.0,19801.7,14874450,15192850,62.8,62.6,502250,537900,0.531146,-0.471684,0.00118042,0.00104103,13.084984,14.844855,2023-08-01
5760,2023-07-26 11:16:00,19850.0,19801.7,9060450,3898900,40.7,90.45,387150,168200,0.4724,-0.523398,0.00116992,0.00102965,13.211065,15.020964,2023-08-01
11019,2023-07-26 11:16:00,19900.0,19801.7,12692000,3895350,24.7,124.85,305250,114900,0.415152,-0.572099,0.00113939,0.00098636,13.288935,15.450015,2023-08-01
16275,2023-07-26 11:16:00,19950.0,19801.7,7600500,762950,13.95,163.95,209600,17000,0.360071,-0.616521,0.00108974,0.00092957,13.333392,15.950814,2023-08-01
21529,2023-07-26 11:16:00,20000.0,19801.7,13575600,1765350,7.7,207.75,223850,29450,0.310622,-0.652158,0.00101155,0.00084665,13.556222,16.951513,2023-08-01
26782,2023-07-26 11:16:00,20050.0,19801.7,5704650,75800,4.15,253.3,155250,1900,0.267005,-0.683249,0.00092198,0.00077301,13.849348,17.888915,2023-08-01
24158,2023-07-26 11:17:00,19550.0,19800.6,337000,6097800,256.5,6.7,9550,123750,,-0.255027,,0.00075966,0.0,16.418499,2023-08-01
18905,2023-07-26 11:17:00,19600.0,19800.6,1675250,9297400,210.3,10.65,37850,212900,0.770004,-0.288702,0.00099384,0.00083623,11.866535,15.865204,2023-08-01
13648,2023-07-26 11:17:00,19650.0,19800.6,1275050,7073200,166.75,16.95,37600,230050,0.703586,-0.327621,0.00105265,0.00091139,12.758707,15.38834,2023-08-01
8391,2023-07-26 11:17:00,19700.0,19800.6,6062550,16830600,126.75,27.05,188150,433250,0.645609,-0.372426,0.00110756,0.00097393,13.047408,15.088918,2023-08-01
3131,2023-07-26 11:17:00,19750.0,19800.6,4694500,10529550,91.75,41.95,281550,379200,0.587925,-0.421216,0.00114814,0.00102131,13.16643,14.874686,2023-08-01
499,2023-07-26 11:17:00,19800.0,19800.6,14797200,15306900,62.6,62.85,775550,731350,0.529692,-0.472754,0.001173,0.00104544,13.172834,14.786677,2023-08-01
5761,2023-07-26 11:17:00,19850.0,19800.6,9053200,3900200,40.4,90.65,545000,286750,0.471199,-0.524754,0.0011668,0.00103655,13.245029,14.919618,2023-08-01
11020,2023-07-26 11:17:00,19900.0,19800.6,12675750,3897650,24.65,125.25,461350,172100,0.414375,-0.573668,0.001133,0.00099161,13.35965,15.358627,2023-08-01
16276,2023-07-26 11:17:00,19950.0,19800.6,7596350,761050,13.8,164.05,297850,21500,0.359055,-0.619333,0.00108731,0.00094117,13.351557,15.721067,2023-08-01
21530,2023-07-26 11:17:00,20000.0,19800.6,13540150,1758800,7.6,208.0,377400,28400,0.309656,-0.655367,0.0010094,0.00085632,13.568116,16.704274,2023-08-01
26783,2023-07-26 11:17:00,20050.0,19800.6,5732700,75800,4.05,255.5,281400,1000,0.265676,-0.67874,0.00092108,0.00075443,13.829557,18.440693,2023-08-01
24159,2023-07-26 11:18:00,19550.0,19794.1,337000,6097800,251.25,6.95,10300,262900,0.832512,-0.257994,0.00089721,0.00077209,10.854323,16.258099,2023-08-01
18906,2023-07-26 11:18:00,19600.0,19794.1,1675250,9297400,204.9,11.1,83350,362950,0.755096,-0.292454,0.00098952,0.0008496,12.341243,15.716138,2023-08-01
13649,2023-07-26 11:18:00,19650.0,19794.1,1275050,7073200,161.05,17.8,85550,306200,0.697239,-0.332473,0.00106642,0.00092383,12.720377,15.276729,2023-08-01
8392,2023-07-26 11:18:00,19700.0,19794.1,6062550,16830600,121.7,28.5,461350,856350,0.638608,-0.378225,0.00111753,0.00098392,13.024616,15.014282,2023-08-01
3132,2023-07-26 11:18:00,19750.0,19794.1,4694500,10529550,87.65,44.0,526000,841200,0.580316,-0.42751,0.00115127,0.00103054,13.19016,14.792316,2023-08-01
500,2023-07-26 11:18:00,19800.0,19794.1,14797200,15306900,59.45,65.85,1560650,1855750,0.52201,-0.479524,0.00117107,0.00104949,13.2162,14.750235,2023-08-01
5762,2023-07-26 11:18:00,19850.0,19794.1,9053200,3900200,38.1,94.7,838600,590700,0.463756,-0.53142,0.00116165,0.00103376,13.28861,14.947895,2023-08-01
11021,2023-07-26 11:18:00,19900.0,19794.1,12675750,3897650,23.15,129.8,881500,347350,0.407464,-0.580182,0.00112376,0.0009896,13.420893,15.346207,2023-08-01
16277,2023-07-26 11:18:00,19950.0,19794.1,7596350,761050,13.1,169.2,507050,47650,0.353564,-0.625444,0.00107038,0.00093681,13.494629,15.721325,2023-08-01
21531,2023-07-26 11:18:00,20000.0,19794.1,13540150,1758800,7.3,213.6,619650,70100,0.305641,-0.66061,0.00099041,0.00084999,13.754524,16.737626,2023-08-01
26784,2023-07-26 11:18:00,20050.0,19794.1,5732700,76100,3.9,259.7,238700,4900,0.262503,-0.690714,0.00090392,0.00077216,14.011438,17.734398,2023-08-01
24160,2023-07-26 11:19:00,19550.0,19794.45,337000,6097800,252.6,6.85,5100,148050,0.802644,-0.257252,0.00087458,0.00077272,12.338731,16.221182,2023-08-01
18907,2023-07-26 11:19:00,19600.0,19794.45,1675250,9297400,206.0,11.0,39750,216400,0.747312,-0.291922,0.00096791,0.00084998,12.829255,15.696407,2023-08-01
13650,2023-07-26 11:19:00,19650.0,19794.45,1275050,7073200,162.25,17.7,26150,177050,0.692879,-0.332074,0.00104424,0.00092385,13.073795,15.269692,2023-08-01
8393,2023-07-26 11:19:00,19700.0,19794.45,6062550,16830600,122.6,28.3,245100,484650,0.637229,-0.377701,0.00110339,0.00098509,13.209224,14.990498,2023-08-01
3133,2023-07-26 11:19:00,19750.0,19794.45,4694500,10529550,88.35,43.85,338750,459600,0.580075,-0.427148,0.00114128,0.00103041,13.307823,14.79225,2023-08-01
501,2023-07-26 11:19:00,19800.0,19794.45,14797200,15306900,59.95,65.6,814550,769500,0.522328,-0.479147,0.00116431,0.00105041,13.292836,14.737178,2023-08-01
5763,2023-07-26 11:19:00,19850.0,19794.45,9053200,3900200,38.65,94.2,457600,231950,0.464485,-0.531225,0.00115295,0.00103818,13.391636,14.885394,2023-08-01
11022,2023-07-26 11:19:00,19900.0,19794.45,12675750,3897650,23.55,129.35,378550,153200,0.408496,-0.580118,0.00111702,0.00099281,13.510669,15.29763,2023-08-01
16278,2023-07-26 11:19:00,19950.0,19794.45,7596350,761050,13.25,169.15,192750,24100,0.354332,-0.624503,0.00106828,0.00093306,13.532086,15.797669,2023-08-01
21532,2023-07-26 11:19:00,20000.0,19794.45,13540150,1758800,7.4,212.6,200050,38100,0.306469,-0.662935,0.00098897,0.00086169,13.791525,16.467252,2023-08-01
26785,2023-07-26 11:19:00,20050.0,19794.45,5732700,76100,3.95,259.3,135700,750,0.263214,-0.690856,0.00090347,0.00077372,14.038363,17.695794,2023-08-01
24161,2023-07-26 11:20:00,19550.0,19797.3,340000,6123800,253.4,6.8,1700,76300,,-0.256457,,0.00076609,0.0,16.333679,2023-08-01
18908,2023-07-26 11:20:00,19600.0,19797.3,1679550,9273050,207.05,10.9,47100,190600,0.76844,-0.290826,0.00100573,0.00084225,11.774606,15.81135,2023-08-01
13651,2023-07-26 11:20:00,19650.0,19797.3,1273900,7118450,163.5,17.45,26900,186000,0.70219,-0.330407,0.00106762,0.00091607,12.6111,15.367146,2023-08-01
8394,2023-07-26 11:20:00,19700.0,19797.3,6065250,16909000,124.0,27.9,185150,440650,0.642464,-0.375675,0.00111572,0.00097658,12.99685,15.094552,2023-08-01
3134,2023-07-26 11:20:00,19750.0,19797.3,4794650,10543300,89.45,43.2,189250,441200,0.584285,-0.424676,0.00115311,0.00102202,13.140697,14.894811,2023-08-01
502,2023-07-26 11:20:00,19800.0,19797.3,14902400,15200500,61.0,64.8,692650,1025950,0.525763,-0.476307,0.00117102,0.00104009,13.208653,14.876222,2023-08-01
5764,2023-07-26 11:20:00,19850.0,19797.3,9033650,3810950,39.45,93.2,345250,233400,0.467591,-0.527852,0.0011588,0.00102665,13.331723,15.060769,2023-08-01
11023,2023-07-26 11:20:00,19900.0,19797.3,12742200,3903950,24.0,127.7,348800,137200,0.411143,-0.576728,0.001125,0.00098774,13.434472,15.401115,2023-08-01
16279,2023-07-26 11:20:00,19950.0,19797.3,7630350,754800,13.55,167.05,169950,15750,0.356753,-0.621409,0.00107539,0.00093208,13.473816,15.853335,2023-08-01
21533,2023-07-26 11:20:00,20000.0,19797.3,13614600,1745400,7.45,210.05,166200,27800,0.307741,-0.660877,0.00099909,0.00086576,13.675535,16.427105,2023-08-01
26786,2023-07-26 11:20:00,20050.0,19797.3,5810950,73700,4.0,256.9,178950,2100,0.264491,-0.687942,0.00091116,0.00077376,13.953074,17.76573,2023-08-01
24162,2023-07-26 11:21:00,19550.0,19799.0,340000,6123800,255.65,6.6,1150,94650,0.860533,-0.25473,0.00087741,0.00076493,9.83005,16.300441,2023-08-01
18909,2023-07-26 11:21:00,19600.0,19799.0,1679550,9273050,208.95,10.55,37850,115650,0.76593,-0.288713,0.00099239,0.00084245,12.004299,15.753153,2023-08-01
13652,2023-07-26 11:21:00,19650.0,19799.0,1273900,7118450,165.0,17.0,16800,115300,0.703756,-0.328421,0.00106351,0.00091636,12.628915,15.324665,2023-08-01
8395,2023-07-26 11:21:00,19700.0,19799.0,6065250,16909000,125.65,27.25,153900,273550,0.643296,-0.373638,0.00110573,0.00097807,13.103144,15.045297,2023-08-01
3135,2023-07-26 11:21:00,19750.0,19799.0,4794650,10543300,91.0,42.15,234200,262600,0.585579,-0.422497,0.00114244,0.00102747,13.253672,14.799571,2023-08-01
503,2023-07-26 11:21:00,19800.0,19799.0,14902400,15200500,61.95,63.3,502200,565250,0.527717,-0.474364,0.0011687,0.00105005,13.230163,14.730211,2023-08-01
5765,2023-07-26 11:21:00,19850.0,19799.0,9033650,3810950,40.05,91.7,271750,168950,0.469536,-0.526349,0.00115985,0.00103411,13.324399,14.955469,2023-08-01
11024,2023-07-26 11:21:00,19900.0,19799.0,12742200,3903950,24.45,125.9,376500,122650,0.413076,-0.575866,0.00112587,0.0009979,13.438516,15.250337,2023-08-01
16280,2023-07-26 11:21:00,19950.0,19799.0,7630350,754800,13.85,165.8,158100,10050,0.358657,-0.619575,0.00107672,0.00093149,13.481878,15.886292,2023-08-01
21534,2023-07-26 11:21:00,20000.0,19799.0,13614600,1745400,7.65,209.0,214600,18850,0.309644,-0.657911,0.00100058,0.00086038,13.69174,16.584302,2023-08-01
26787,2023-07-26 11:21:00,20050.0,19799.0,5810950,73700,4.05,256.7,124650,400,0.265505,-0.680708,0.00091517,0.00075579,13.91852,18.365964,2023-08-01
24163,2023-07-26 11:22:00,19550.0,19801.6,340000,6123800,257.4,6.55,800,146450,,-0.253977,,0.00075909,0.0,16.399106,2023-08-01
18910,2023-07-26 11:22:00,19600.0,19801.6,1679550,9273050,210.75,10.35,51800,184000,0.77789,-0.287149,0.0010052,0.00083736,11.505916,15.807135,2023-08-01
13653,2023-07-26 11:22:00,19650.0,19801.6,1273900,7118450,167.1,16.55,26000,152100,0.707386,-0.326134,0.00106243,0.00091311,12.569066,15.334424,2023-08-01
8396,2023-07-26 11:22:00,19700.0,19801.6,6065250,16909000,126.95,26.75,177200,330700,0.648237,-0.371512,0.00111725,0.00097272,12.90278,15.099241,2023-08-01
3136,2023-07-26 11:22:00,19750.0,19801.6,4794650,10543300,92.0,41.4,232700,317400,0.589544,-0.420073,0.00115389,0.00102258,13.091531,14.850806,2023-08-01
504,2023-07-26 11:22:00,19800.0,19801.6,14902400,15200500,63.0,62.25,668100,658900,0.530867,-0.471706,0.0011735,0.00104598,13.167305,14.779772,2023-08-01
5766,2023-07-26 11:22:00,19850.0,19801.6,9033650,3810950,40.8,90.25,326550,132250,0.472404,-0.523603,0.00116523,0.00103246,13.268846,14.984748,2023-08-01
11025,2023-07-26 11:22:00,19900.0,19801.6,12742200,3903950,24.85,124.5,266050,121450,0.415484,-0.572675,0.00113377,0.00099185,13.361803,15.365621,2023-08-01
16281,2023-07-26 11:22:00,19950.0,19801.6,7630350,754800,14.15,163.85,220400,15400,0.36095,-0.616907,0.00108287,0.00093144,13.433769,15.919434,2023-08-01
21535,2023-07-26 11:22:00,20000.0,19801.6,13614600,1745400,7.75,207.3,223450,29350,0.311172,-0.653894,0.0010086,0.00085416,13.610949,16.777045,2023-08-01
26788,2023-07-26 11:22:00,20050.0,19801.6,5810950,73700,4.15,254.3,170800,600,0.267285,-0.6792,0.00092079,0.00075916,13.879474,18.319042,2023-08-01
24164,2023-07-26 11:23:00,19550.0,19805.3,342100,6177350,260.9,6.25,4200,234950,,-0.251108,,0.00075467,0.0,16.39445,2023-08-01
18911,2023-07-26 11:23:00,19600.0,19805.3,1681750,9242750,214.6,9.9,64150,393200,0.775999,-0.283999,0.00098495,0.0008331,11.797746,15.802744,2023-08-01
13654,2023-07-26 11:23:00,19650.0,19805.3,1270700,7136900,170.65,15.8,39750,305950,0.709228,-0.322424,0.00104724,0.00091062,12.712246,15.302232,2023-08-01
8397,2023-07-26 11:23:00,19700.0,19805.3,6070150,16841050,130.3,25.5,281150,549100,0.650804,-0.367279,0.00110158,0.0009741,13.049927,15.019585,2023-08-01
3137,2023-07-26 11:23:00,19750.0,19805.3,4739350,10414950,94.7,39.75,317350,586900,0.593369,-0.415917,0.00114518,0.0010253,13.159437,14.776986,2023-08-01
505,2023-07-26 11:23:00,19800.0,19805.3,14909450,15160550,65.0,60.0,877400,987250,0.535174,-0.467661,0.00117098,0.00105262,13.182097,14.673215,2023-08-01
5767,2023-07-26 11:23:00,19850.0,19805.3,9014550,3753700,42.2,87.5,444650,257050,0.476689,-0.520015,0.00116676,0.00104143,13.258754,14.86104,2023-08-01
11026,2023-07-26 11:23:00,19900.0,19805.3,12793500,3881450,25.85,120.95,452250,178550,0.41967,-0.57023,0.00113623,0.00100878,13.360853,15.122823,2023-08-01
16282,2023-07-26 11:23:00,19950.0,19805.3,7633150,744800,14.65,159.8,375550,31050,0.364448,-0.616087,0.00109032,0.0009526,13.384092,15.573635,2023-08-01
21536,2023-07-26 11:23:00,20000.0,19805.3,13619200,1730550,8.1,203.2,357500,42650,0.31464,-0.654054,0.00101478,0.00087264,13.590973,16.416833,2023-08-01
26789,2023-07-26 11:23:00,20050.0,19805.3,5885350,73350,4.3,249.3,225100,2000,0.269858,-0.684013,0.0009288,0.00078765,13.824261,17.542201,2023-08-01
24165,2023-07-26 11:24:00,19550.0,19807.15,342100,6177350,262.0,6.15,900,173900,,-0.250071,,0.00075166,0.0,16.423471,2023-08-01
18912,2023-07-26 11:24:00,19600.0,19807.15,1681750,9242750,215.75,9.85,52050,312800,0.788155,-0.283383,0.00099845,0.00082807,11.269333,15.881507,2023-08-01
13655,2023-07-26 11:24:00,19650.0,19807.15,1270700,7136900,171.5,15.7,32900,247950,0.716144,-0.321565,0.00106335,0.00090485,12.377451,15.382264,2023-08-01
8398,2023-07-26 11:24:00,19700.0,19807.15,6070150,16841050,130.9,25.45,235750,453750,0.655583,-0.366443,0.00111757,0.0009656,12.797272,15.13976,2023-08-01
3138,2023-07-26 11:24:00,19750.0,19807.15,4739350,10414950,95.1,39.45,287550,347250,0.596831,-0.414478,0.00116031,0.00101837,12.959472,14.865252,2023-08-01
506,2023-07-26 11:24:00,19800.0,19807.15,14909450,15160550,65.6,59.65,756400,746800,0.537532,-0.46593,0.00117775,0.00104369,13.098817,14.792801,2023-08-01
5768,2023-07-26 11:24:00,19850.0,19807.15,9014550,3753700,42.8,86.85,489400,202350,0.478782,-0.517913,0.00116961,0.00103445,13.229851,14.964605,2023-08-01
11027,2023-07-26 11:24:00,19900.0,19807.15,12793500,3881450,26.2,120.5,464800,108650,0.421508,-0.56731,0.00114075,0.00099585,13.320045,15.338226,2023-08-01
16283,2023-07-26 11:24:00,19950.0,19807.15,7633150,744800,14.85,159.3,367500,15150,0.366034,-0.612175,0.00109528,0.00093808,13.342362,15.861169,2023-08-01
21537,2023-07-26 11:24:00,20000.0,19807.15,13619200,1730550,8.05,203.1,590950,31500,0.314992,-0.647619,0.00102397,0.00085081,13.47498,16.95127,2023-08-01
26790,2023-07-26 11:24:00,20050.0,19807.15,5885350,73350,4.3,248.25,110800,400,0.270358,-0.679912,0.00093504,0.00078009,13.744266,17.808068,2023-08-01
24166,2023-07-26 11:25:00,19550.0,19804.5,342100,6177350,260.75,6.15,3600,133000,,-0.250536,,0.0007581,0.0,16.303114,2023-08-01
18913,2023-07-26 11:25:00,19600.0,19804.5,1681750,9242750,215.0,9.85,78250,300550,0.759712,-0.283984,0.00095405,0.00083618,12.66712,15.746452,2023-08-01
13656,2023-07-26 11:25:00,19650.0,19804.5,1270700,7136900,170.4,15.95,34650,160400,0.70558,-0.323274,0.00103723,0.00091098,12.911562,15.315242,2023-08-01
8399,2023-07-26 11:25:00,19700.0,19804.5,6070150,16841050,130.05,25.7,270900,473600,0.648683,-0.368112,0.00109407,0.00097447,13.170468,15.027365,2023-08-01
3139,2023-07-26 11:25:00,19750.0,19804.5,4739350,10414950,94.55,40.1,295750,328650,0.591812,-0.416856,0.00113765,0.00102431,13.261018,14.801076,2023-08-01
507,2023-07-26 11:25:00,19800.0,19804.5,14909450,15160550,65.0,60.3,928300,688250,0.534021,-0.46849,0.00116228,0.00105363,13.286197,14.663893,2023-08-01
5769,2023-07-26 11:25:00,19850.0,19804.5,9014550,3753700,42.4,87.8,475050,159150,0.476045,-0.520917,0.00115563,0.0010437,13.387267,14.829321,2023-08-01
11028,2023-07-26 11:25:00,19900.0,19804.5,12793500,3881450,26.05,121.4,569400,153600,0.419525,-0.571154,0.00112614,0.00100985,13.481653,15.102785,2023-08-01
16284,2023-07-26 11:25:00,19950.0,19804.5,7633150,744800,14.8,160.2,425650,18350,0.364659,-0.617352,0.00108194,0.00095562,13.492365,15.511565,2023-08-01
21538,2023-07-26 11:25:00,20000.0,19804.5,13619200,1730550,8.05,203.9,442550,26500,0.31415,-0.654619,0.00101229,0.00087138,13.617438,16.433181,2023-08-01
26791,2023-07-26 11:25:00,20050.0,19804.5,5885350,73350,4.35,250.0,162050,3000,0.270301,-0.68463,0.00092432,0.00078695,13.904827,17.545807,2023-08-01
24167,2023-07-26 11:26:00,19550.0,19805.2,340850,6236800,261.75,6.2,1450,160750,0.86799,-0.250875,0.00085228,0.00075545,9.745798,16.372369,2023-08-01
18914,2023-07-26 11:26:00,19600.0,19805.2,1718900,9128600,215.3,9.9,46400,235000,0.76456,-0.284154,0.00096189,0.00083303,12.424587,15.810939,2023-08-01
13657,2023-07-26 11:26:00,19650.0,19805.2,1270300,7180200,171.15,15.85,21050,176100,0.705411,-0.322748,0.00103236,0.0009097,12.976172,15.326699,2023-08-01
8400,2023-07-26 11:26:00,19700.0,19805.2,6053150,17020250,130.6,25.65,176100,248150,0.649383,-0.367742,0.00109273,0.00097161,13.177288,15.067015,2023-08-01
3140,2023-07-26 11:26:00,19750.0,19805.2,4712850,10468450,95.0,39.8,174900,174950,0.592601,-0.416095,0.00113701,0.00102449,13.262421,14.792696,2023-08-01
508,2023-07-26 11:26:00,19800.0,19805.2,15014750,15250550,65.45,60.15,574800,374450,0.534787,-0.467828,0.0011602,0.00105034,13.308082,14.708168,2023-08-01
5770,2023-07-26 11:26:00,19850.0,19805.2,9068300,3755250,42.75,87.4,326800,113150,0.476896,-0.520178,0.00115403,0.00104333,13.407805,14.836272,2023-08-01
11029,2023-07-26 11:26:00,19900.0,19805.2,12913700,3870800,26.1,120.85,379900,78450,0.420087,-0.570515,0.00112937,0.00101096,13.447248,15.090903,2023-08-01
16285,2023-07-26 11:26:00,19950.0,19805.2,7612950,738950,14.85,159.55,256900,7800,0.365187,-0.616903,0.00108424,0.00095764,13.470594,15.484656,2023-08-01
21539,2023-07-26 11:26:00,20000.0,19805.2,13414050,1739500,8.1,202.95,264450,26400,0.314735,-0.655255,0.00101375,0.00087778,13.608884,16.302362,2023-08-01
26792,2023-07-26 11:26:00,20050.0,19805.2,5859450,73350,4.35,250.0,63850,0,0.27052,-0.684091,0.00092656,0.00078754,13.877193,17.545807,2023-08-01
24168,2023-07-26 11:27:00,19550.0,19802.65,340850,6236800,258.45,6.35,3400,171900,,-0.252511,,0.00075924,0.0,16.349792,2023-08-01
18915,2023-07-26 11:27:00,19600.0,19802.65,1718900,9128600,211.2,10.1,66750,314800,0.788084,-0.28582,0.00101871,0.00083756,11.051794,15.772226,2023-08-01
13658,2023-07-26 11:27:00,19650.0,19802.65,1270300,7180200,167.35,16.4,41150,250400,0.712412,-0.325487,0.00107648,0.00091057,12.307535,15.368235,2023-08-01
8401,2023-07-26 11:27:00,19700.0,19802.65,6053150,17020250,127.15,26.45,210750,419300,0.651143,-0.370573,0.00112815,0.00097129,12.742593,15.11259,2023-08-01
3141,2023-07-26 11:27:00,19750.0,19802.65,4712850,10468450,92.35,41.25,268350,458800,0.591144,-0.419355,0.00115838,0.0010173,13.031557,14.925873,2023-08-01
509,2023-07-26 11:27:00,19800.0,19802.65,15014750,15250550,63.15,62.05,833850,841700,0.532223,-0.470742,0.00117955,0.00103987,13.099257,14.867317,2023-08-01
5771,2023-07-26 11:27:00,19850.0,19802.65,9068300,3755250,41.15,89.85,511500,196950,0.473622,-0.522396,0.00116511,0.00102797,13.276006,15.056298,2023-08-01
11030,2023-07-26 11:27:00,19900.0,19802.65,12913700,3870800,25.2,124.15,576250,130750,0.41689,-0.571067,0.00113165,0.00098524,13.400098,15.483689,2023-08-01
16286,2023-07-26 11:27:00,19950.0,19802.65,7612950,738950,14.4,163.15,305450,14900,0.362484,-0.615549,0.00108119,0.00092934,13.477315,15.975813,2023-08-01
21540,2023-07-26 11:27:00,20000.0,19802.65,13414050,1739500,7.9,207.3,379300,28800,0.312688,-0.649963,0.00100803,0.00084068,13.650364,17.120934,2023-08-01
26793,2023-07-26 11:27:00,20050.0,19802.65,5859450,72900,4.2,252.45,206550,1650,0.268339,-0.682285,0.00092213,0.00077288,13.889841,17.925277,2023-08-01
24169,2023-07-26 11:28:00,19550.0,19799.95,340850,6236800,257.45,6.4,1450,84850,0.818752,-0.253384,0.00087081,0.00076512,11.76195,16.256706,2023-08-01
18916,2023-07-26 11:28:00,19600.0,19799.95,1718900,9128600,211.0,10.25,19150,233750,0.752585,-0.287244,0.00095687,0.00084351,12.835701,15.701023,2023-08-01
13659,2023-07-26 11:28:00,19650.0,19799.95,1270300,7180200,167.0,16.6,21150,131900,0.697761,-0.327024,0.00103173,0.00091795,13.141351,15.27689,2023-08-01
8402,2023-07-26 11:28:00,19700.0,19799.95,6053150,17020250,126.85,26.75,159900,296300,0.642688,-0.37238,0.00109256,0.0009799,13.273659,15.006245,2023-08-01
3142,2023-07-26 11:28:00,19750.0,19799.95,4712850,10468450,92.1,41.6,186850,237550,0.585806,-0.421419,0.00113005,0.00102861,13.401903,14.780149,2023-08-01
510,2023-07-26 11:28:00,19800.0,19799.95,15014750,15250550,63.0,62.75,522100,540150,0.528562,-0.473387,0.00115533,0.0010497,13.385868,14.737808,2023-08-01
5772,2023-07-26 11:28:00,19850.0,19799.95,9068300,3755250,41.15,90.7,261400,119950,0.471144,-0.525556,0.00114334,0.00103958,13.525539,14.883845,2023-08-01
11031,2023-07-26 11:28:00,19900.0,19799.95,12913700,3870800,25.35,125.0,449650,88100,0.415459,-0.575141,0.00111089,0.00100073,13.642507,15.217924,2023-08-01
16287,2023-07-26 11:28:00,19950.0,19799.95,7612950,738950,14.4,164.25,214650,7550,0.3613,-0.620491,0.00106686,0.00094428,13.645635,15.664994,2023-08-01
21541,2023-07-26 11:28:00,20000.0,19799.95,13414050,1739500,7.95,207.45,323900,12150,0.312172,-0.65966,0.00099522,0.00087267,13.818852,16.324441,2023-08-01
26794,2023-07-26 11:28:00,20050.0,19799.95,5859450,72900,4.35,253.6,82850,400,0.26937,-0.690325,0.0009087,0.00079008,14.125118,17.34625,2023-08-01
24170,2023-07-26 11:29:00,19550.0,19797.25,346350,6220700,253.25,6.5,13550,75400,,-0.254644,,0.00077027,0.0,16.193294,2023-08-01
18917,2023-07-26 11:29:00,19600.0,19797.25,1731450,9122800,206.8,10.4,48200,128800,0.770314,-0.288668,0.0010101,0.00084957,11.676521,15.628314,2023-08-01
13660,2023-07-26 11:29:00,19650.0,19797.25,1288650,7156100,163.3,17.0,36350,151900,0.702464,-0.329247,0.00106928,0.00092217,12.59269,15.251633,2023-08-01
8403,2023-07-26 11:29:00,19700.0,19797.25,6039850,16982200,124.05,27.55,227700,333450,0.641777,-0.375233,0.00111125,0.00098066,13.064478,15.033875,2023-08-01
3143,2023-07-26 11:29:00,19750.0,19797.25,4820150,10414950,89.45,42.85,336600,283700,0.583963,-0.42449,0.0011497,0.00102591,13.18872,14.844599,2023-08-01
511,2023-07-26 11:29:00,19800.0,19797.25,14843600,14962400,60.95,64.4,961100,871600,0.52564,-0.47631,0.00116866,0.00104476,13.24235,14.817182,2023-08-01
5773,2023-07-26 11:29:00,19850.0,19797.25,9167350,3743100,39.5,93.0,382650,183000,0.467649,-0.527986,0.00115465,0.00102838,13.386556,15.042739,2023-08-01
11032,2023-07-26 11:29:00,19900.0,19797.25,12899650,3863400,24.2,127.85,393750,137050,0.411688,-0.576492,0.00111789,0.00098423,13.531101,15.465815,2023-08-01
16288,2023-07-26 11:29:00,19950.0,19797.25,7582150,731050,13.75,167.35,201050,18600,0.357785,-0.620635,0.00106816,0.00092641,13.585661,15.968389,2023-08-01
21542,2023-07-26 11:29:00,20000.0,19797.25,13379900,1734850,7.6,211.5,270250,23250,0.309112,-0.655616,0.00099316,0.00084192,13.791132,16.99983,2023-08-01
26795,2023-07-26 11:29:00,20050.0,19797.25,5886200,71250,4.2,257.8,143200,2600,0.267175,-0.68377,0.00090399,0.00076012,14.143065,18.196999,2023-08-01
24171,2023-07-26 11:30:00,19550.0,19794.45,346350,6220700,250.6,6.55,10150,124800,,-0.255537,,0.00077661,0.0,16.093722,2023-08-01
18918,2023-07-26 11:30:00,19600.0,19794.45,1731450,9122800,206.15,10.6,57200,232500,0.744952,-0.290372,0.00096172,0.00085524,12.982905,15.570743,2023-08-01
13661,2023-07-26 11:30:00,19650.0,19794.45,1288650,7156100,162.2,17.25,39350,251900,0.692474,-0.330988,0.00104255,0.00092946,13.110733,15.167055,2023-08-01
8404,2023-07-26 11:30:00,19700.0,19794.45,6039850,16982200,123.1,28.05,228500,567150,0.635471,-0.3775,0.00108994,0.00098695,13.402357,14.969165,2023-08-01
3144,2023-07-26 11:30:00,19750.0,19794.45,4820150,10414950,88.75,43.5,398650,612400,0.579312,-0.426971,0.00113015,0.00103359,13.452532,14.754611,2023-08-01
512,2023-07-26 11:30:00,19800.0,19794.45,14843600,14962400,60.6,65.5,1021250,1215050,0.522086,-0.479186,0.00114834,0.00104956,13.486525,14.75831,2023-08-01
5774,2023-07-26 11:30:00,19850.0,19794.45,9167350,3743100,39.35,94.3,474400,374700,0.465091,-0.531105,0.00113579,0.00103426,13.604114,14.951417,2023-08-01
11033,2023-07-26 11:30:00,19900.0,19794.45,12899650,3863400,24.05,129.05,482450,261200,0.409715,-0.58041,0.00110341,0.00099569,13.695659,15.260524,2023-08-01
16289,2023-07-26 11:30:00,19950.0,19794.45,7582150,731050,13.65,168.5,274800,42300,0.356232,-0.625969,0.00105614,0.00094239,13.722042,15.631615,2023-08-01
21543,2023-07-26 11:30:00,20000.0,19794.45,13379900,1734850,7.6,212.85,245350,67050,0.308281,-0.661712,0.00098164,0.00085625,13.93918,16.605553,2023-08-01
26796,2023-07-26 11:30:00,20050.0,19794.45,5886200,71250,4.15,259.7,157500,3250,0.266035,-0.688608,0.00089627,0.0007666,14.236933,17.927697,2023-08-01
24172,2023-07-26 11:31:00,19550.0,19798.55,346350,6220700,254.75,6.4,5450,92800,,-0.253758,,0.0007684,0.0,16.203807,2023-08-01
18919,2023-07-26 11:31:00,19600.0,19798.55,1731450,9122800,208.6,10.35,36600,315200,0.763559,-0.288209,0.00098925,0.00084593,12.116678,15.684538,2023-08-01
13662,2023-07-26 11:31:00,19650.0,19798.55,1288650,7156100,165.4,16.75,39200,155100,0.698245,-0.328074,0.00104258,0.00092067,12.998345,15.25534,2023-08-01
8405,2023-07-26 11:31:00,19700.0,19798.55,6039850,16982200,125.45,27.15,198600,429800,0.641966,-0.373903,0.00110035,0.00098002,13.192075,15.027485,2023-08-01
3145,2023-07-26 11:31:00,19750.0,19798.55,4820150,10414950,91.0,42.45,434750,391650,0.584417,-0.42328,0.001134,0.00102345,13.368674,14.872081,2023-08-01
513,2023-07-26 11:31:00,19800.0,19798.55,14843600,14962400,62.15,63.9,717150,747250,0.526962,-0.475,0.00115725,0.00104192,13.370631,14.855345,2023-08-01
5775,2023-07-26 11:31:00,19850.0,19798.55,9167350,3743100,40.45,92.05,428700,194900,0.469462,-0.526727,0.00114529,0.0010307,13.501403,15.012802,2023-08-01
11034,2023-07-26 11:31:00,19900.0,19798.55,12899650,3863400,24.9,126.75,327450,139750,0.413837,-0.575433,0.00111069,0.00098727,13.636051,15.426928,2023-08-01
16290,2023-07-26 11:31:00,19950.0,19798.55,7582150,731050,14.1,165.35,232250,20650,0.359707,-0.621775,0.00106602,0.00094303,13.63895,15.67313,2023-08-01
21544,2023-07-26 11:31:00,20000.0,19798.55,13379900,1734850,7.8,209.85,200300,26550,0.310905,-0.656382,0.00099282,0.00085127,13.831298,16.799759,2023-08-01
26797,2023-07-26 11:31:00,20050.0,19798.55,5886200,71250,4.25,256.0,126550,3600,0.268123,-0.6857,0.00090652,0.00077054,14.129534,17.904909,2023-08-01
24173,2023-07-26 11:32:00,19550.0,19794.85,342350,6210300,252.4,6.45,1450,72100,0.81603,-0.2548,0.00088579,0.00077705,11.676791,16.06175,2023-08-01
18920,2023-07-26 11:32:00,19600.0,19794.85,1735550,9222450,207.5,10.3,25650,262400,0.736588,-0.288805,0.00093678,0.00085881,13.554035,15.468242,2023-08-01
13663,2023-07-26 11:32:00,19650.0,19794.85,1276850,7128700,163.7,16.85,23400,111550,0.687233,-0.329586,0.00101565,0.0009342,13.55863,15.06594,2023-08-01
8406,2023-07-26 11:32:00,19700.0,19794.85,6049800,16904000,124.0,27.35,132950,230600,0.634286,-0.375957,0.00107689,0.00099586,13.580718,14.817613,2023-08-01
3146,2023-07-26 11:32:00,19750.0,19794.85,4886100,10415950,89.75,42.75,145950,278900,0.578785,-0.425963,0.0011151,0.0010426,13.639007,14.621578,2023-08-01
514,2023-07-26 11:32:00,19800.0,19794.85,14894800,14716950,61.25,64.45,493000,522300,0.522416,-0.478599,0.00113915,0.00106275,13.595897,14.57539,2023-08-01
5776,2023-07-26 11:32:00,19850.0,19794.85,9225000,3682150,39.8,92.95,286950,149950,0.465775,-0.531353,0.00112948,0.00105192,13.683513,14.701063,2023-08-01
11035,2023-07-26 11:32:00,19900.0,19794.85,12957550,3842800,24.45,127.8,254550,100650,0.410761,-0.581453,0.00109699,0.00101164,13.78552,15.013105,2023-08-01
16291,2023-07-26 11:32:00,19950.0,19794.85,7637150,738100,13.9,167.0,157800,12450,0.3574,-0.628762,0.00105182,0.00096322,13.795571,15.258396,2023-08-01
21545,2023-07-26 11:32:00,20000.0,19794.85,13435650,1739600,7.75,211.0,204150,38800,0.309466,-0.667349,0.00097898,0.00088249,14.001912,16.007647,2023-08-01
26798,2023-07-26 11:32:00,20050.0,19794.85,5892650,69400,4.2,257.2,79700,200,0.266778,-0.699681,0.00089586,0.00080202,14.264801,16.864909,2023-08-01
24174,2023-07-26 11:33:00,19550.0,19796.4,342350,6210300,254.5,6.3,2750,92700,0.802061,-0.253423,0.00086759,0.00077545,12.468993,16.048905,2023-08-01
18921,2023-07-26 11:33:00,19600.0,19796.4,1735550,9222450,208.4,10.1,16550,181500,0.742341,-0.287441,0.00094595,0.00085699,13.270538,15.466031,2023-08-01
13664,2023-07-26 11:33:00,19650.0,19796.4,1276850,7128700,164.6,16.5,18200,126150,0.690668,-0.327938,0.00102196,0.00093347,13.410148,15.046888,2023-08-01
8407,2023-07-26 11:33:00,19700.0,19796.4,6049800,16904000,124.75,26.85,104050,281300,0.636992,-0.374263,0.00108314,0.00099571,13.468408,14.798437,2023-08-01
3147,2023-07-26 11:33:00,19750.0,19796.4,4886100,10415950,90.2,42.0,158400,268550,0.581172,-0.424179,0.00112381,0.00104427,13.516315,14.585218,2023-08-01
515,2023-07-26 11:33:00,19800.0,19796.4,14894800,14716950,61.6,63.55,431450,512200,0.524298,-0.476926,0.00114667,0.0010644,13.502779,14.549065,2023-08-01
5777,2023-07-26 11:33:00,19850.0,19796.4,9225000,3682150,40.05,91.9,246200,124100,0.467305,-0.529777,0.00113601,0.00105361,13.60888,14.681674,2023-08-01
11036,2023-07-26 11:33:00,19900.0,19796.4,12957550,3842800,24.55,126.55,206800,128050,0.41191,-0.580078,0.00110411,0.00101453,13.705413,14.980779,2023-08-01
16292,2023-07-26 11:33:00,19950.0,19796.4,7637150,738100,14.0,165.9,154100,16350,0.35847,-0.626841,0.00105699,0.00096156,13.742091,15.309656,2023-08-01
21546,2023-07-26 11:33:00,20000.0,19796.4,13435650,1739600,7.75,209.25,150250,17750,0.309993,-0.667694,0.000985,0.0008913,13.926388,15.842556,2023-08-01
26799,2023-07-26 11:33:00,20050.0,19796.4,5892650,69400,4.25,254.85,83750,650,0.267728,-0.704237,0.00089928,0.00082097,14.235848,16.36097,2023-08-01
24175,2023-07-26 11:34:00,19550.0,19794.0,342350,6210300,252.15,6.55,1600,119050,0.800542,-0.255808,0.00087386,0.00077738,12.438874,16.090523,2023-08-01
18922,2023-07-26 11:34:00,19600.0,19794.0,1735550,9222450,205.95,10.5,33150,156000,0.742237,-0.290131,0.00095641,0.00085791,13.13049,15.520087,2023-08-01
13665,2023-07-26 11:34:00,19650.0,19794.0,1276850,7128700,162.4,17.15,15600,155700,0.688953,-0.330939,0.00102911,0.00093236,13.351504,15.122791,2023-08-01
8408,2023-07-26 11:34:00,19700.0,19794.0,6049800,16904000,123.0,27.85,109700,320000,0.634212,-0.377407,0.00108451,0.00099177,13.488309,14.898984,2023-08-01
3148,2023-07-26 11:34:00,19750.0,19794.0,4886100,10415950,88.9,43.3,154850,251350,0.578174,-0.427122,0.00112096,0.00103891,13.574043,14.683768,2023-08-01
516,2023-07-26 11:34:00,19800.0,19794.0,14894800,14716950,60.6,65.1,531700,492050,0.521487,-0.479558,0.00114291,0.00105877,13.555056,14.634358,2023-08-01
5778,2023-07-26 11:34:00,19850.0,19794.0,9225000,3682150,39.25,93.9,259600,109100,0.464664,-0.531968,0.00113316,0.00104431,13.637826,14.80866,2023-08-01
11037,2023-07-26 11:34:00,19900.0,19794.0,12957550,3842800,24.0,129.05,224500,109900,0.409437,-0.581293,0.00110062,0.00100009,13.731565,15.190147,2023-08-01
16293,2023-07-26 11:34:00,19950.0,19794.0,7637150,738100,13.65,168.7,196200,13450,0.356178,-0.626739,0.00105296,0.00094424,13.766202,15.594674,2023-08-01
21547,2023-07-26 11:34:00,20000.0,19794.0,13435650,1739600,7.6,212.55,193600,15800,0.308319,-0.664682,0.0009791,0.00086704,13.979676,16.346802,2023-08-01
26800,2023-07-26 11:34:00,20050.0,19794.0,5892650,69400,4.15,258.0,138800,5150,0.266138,-0.70013,0.00089428,0.00080052,14.274907,16.887768,2023-08-01
24176,2023-07-26 11:35:00,19550.0,19794.35,342350,6214000,254.15,6.55,150,60200,0.77334,-0.255799,0.00083373,0.00077636,14.048353,16.111999,2023-08-01
18923,2023-07-26 11:35:00,19600.0,19794.35,1744400,9258450,205.35,10.5,19400,158150,0.751446,-0.290096,0.00097932,0.00085661,12.58085,15.543398,2023-08-01
13666,2023-07-26 11:35:00,19650.0,19794.35,1274550,7134250,162.15,17.1,31650,91600,0.691899,-0.330699,0.00104061,0.00093156,13.149722,15.131987,2023-08-01
8409,2023-07-26 11:35:00,19700.0,19794.35,6065900,16932150,122.55,27.9,81450,236800,0.636408,-0.37738,0.00109834,0.00098891,13.29209,14.942298,2023-08-01
3149,2023-07-26 11:35:00,19750.0,19794.35,4934500,10455450,88.4,43.4,123800,239150,0.579447,-0.427016,0.00113421,0.00103476,13.40725,14.742491,2023-08-01
517,2023-07-26 11:35:00,19800.0,19794.35,14974700,14770550,60.25,65.5,358100,489850,0.522011,-0.479308,0.00115253,0.00104926,13.441531,14.767069,2023-08-01
5779,2023-07-26 11:35:00,19850.0,19794.35,9260850,3674850,39.05,94.4,205100,151800,0.464828,-0.531158,0.00113941,0.00103257,13.564068,14.98002,2023-08-01
11038,2023-07-26 11:35:00,19900.0,19794.35,12953200,3854800,23.9,129.3,258800,95650,0.409477,-0.580169,0.00110458,0.00099179,13.683235,15.326847,2023-08-01
16294,2023-07-26 11:35:00,19950.0,19794.35,7696150,742700,13.6,169.0,128700,13300,0.356175,-0.624857,0.00105564,0.00093441,13.731746,15.784349,2023-08-01
21548,2023-07-26 11:35:00,20000.0,19794.35,13432050,1739900,7.55,213.0,135700,15350,0.308143,-0.661432,0.0009816,0.00085451,13.941017,16.649274,2023-08-01
26801,2023-07-26 11:35:00,20050.0,19794.35,5901300,69400,4.15,257.9,65250,250,0.266269,-0.698557,0.00089525,0.00079693,14.263531,17.00458,2023-08-01
24177,2023-07-26 11:36:00,19550.0,19795.2,342300,6214000,253.2,6.45,10950,79800,0.803757,-0.254939,0.00087341,0.00077573,12.324293,16.097013,2023-08-01
18924,2023-07-26 11:36:00,19600.0,19795.2,1744400,9258450,207.7,10.35,53450,167050,0.737573,-0.289167,0.00093807,0.00085624,13.512325,15.527019,2023-08-01
13667,2023-07-26 11:36:00,19650.0,19795.2,1274550,7134250,163.95,16.75,40500,169000,0.687565,-0.329283,0.00101509,0.00093375,13.56277,15.070775,2023-08-01
8410,2023-07-26 11:36:00,19700.0,19795.2,6065900,16932150,124.05,27.3,290950,426950,0.635047,-0.37581,0.00107958,0.00099403,13.540272,14.846154,2023-08-01
3150,2023-07-26 11:36:00,19750.0,19795.2,4934500,10455450,89.7,42.55,220000,400500,0.579422,-0.425593,0.00111875,0.00104264,13.592905,14.621469,2023-08-01
518,2023-07-26 11:36:00,19800.0,19795.2,14974700,14770550,61.3,64.2,702600,799650,0.52282,-0.478233,0.00114021,0.00106303,13.585382,14.573893,2023-08-01
5780,2023-07-26 11:36:00,19850.0,19795.2,9260850,3674850,39.6,92.8,343050,259750,0.465969,-0.530924,0.00113478,0.00105004,13.622958,14.731671,2023-08-01
11039,2023-07-26 11:36:00,19900.0,19795.2,12953200,3854800,24.4,127.55,330850,168150,0.410966,-0.581038,0.00109906,0.00101103,13.764097,15.028621,2023-08-01
16295,2023-07-26 11:36:00,19950.0,19795.2,7696150,742700,13.8,167.1,221600,37400,0.357319,-0.627283,0.00105495,0.00095599,13.756445,15.396611,2023-08-01
21549,2023-07-26 11:36:00,20000.0,19795.2,13432050,1739900,7.65,211.3,193350,33300,0.309105,-0.664465,0.00098221,0.0008716,13.951692,16.266268,2023-08-01
26802,2023-07-26 11:36:00,20050.0,19795.2,5901300,69950,4.2,257.7,73000,5400,0.267063,-0.694687,0.00089641,0.00078791,14.266667,17.297904,2023-08-01
24178,2023-07-26 11:37:00,19550.0,19797.7,342300,6214000,253.35,6.3,3500,116550,,-0.253409,,0.00077167,0.0,16.129505,2023-08-01
18925,2023-07-26 11:37:00,19600.0,19797.7,1744400,9258450,209.65,10.1,38600,263250,0.74271,-0.287333,0.00094128,0.00085217,13.328682,15.553236,2023-08-01
13668,2023-07-26 11:37:00,19650.0,19797.7,1274550,7134250,165.85,16.35,36900,195800,0.691051,-0.327167,0.00101574,0.00092992,13.48717,15.092351,2023-08-01
8411,2023-07-26 11:37:00,19700.0,19797.7,6065900,16932150,125.95,26.5,230050,567300,0.637657,-0.373068,0.00107612,0.00099387,13.549964,14.813253,2023-08-01
3151,2023-07-26 11:37:00,19750.0,19797.7,4934500,10455450,91.2,41.5,340850,578450,0.582315,-0.422871,0.00111844,0.00104294,13.575139,14.596829,2023-08-01
519,2023-07-26 11:37:00,19800.0,19797.7,14974700,14770550,62.55,62.8,797200,849300,0.525668,-0.475537,0.00113967,0.00106505,13.584949,14.539446,2023-08-01
5781,2023-07-26 11:37:00,19850.0,19797.7,9260850,3674850,40.55,91.05,380050,268050,0.468815,-0.52842,0.00113499,0.00105389,13.627503,14.683791,2023-08-01
11040,2023-07-26 11:37:00,19900.0,19797.7,12953200,3854800,24.85,125.5,437050,166550,0.413348,-0.578882,0.00110478,0.00101643,13.710408,14.964382,2023-08-01
16296,2023-07-26 11:37:00,19950.0,19797.7,7696150,742700,14.15,165.0,368050,25250,0.359716,-0.625125,0.00105908,0.00095935,13.733671,15.369724,2023-08-01
21550,2023-07-26 11:37:00,20000.0,19797.7,13432050,1739900,7.85,208.2,260200,42550,0.311216,-0.66613,0.00098689,0.00089065,13.925768,15.886157,2023-08-01
26803,2023-07-26 11:37:00,20050.0,19797.7,5901300,69950,4.25,257.0,132350,2150,0.268232,-0.685051,0.0009029,0.00076564,14.194498,18.042321,2023-08-01
24179,2023-07-26 11:38:00,19550.0,19800.7,342300,6226050,259.8,6.2,13500,78000,0.783713,-0.252183,0.00083022,0.00076557,13.732835,16.215022,2023-08-01
18926,2023-07-26 11:38:00,19600.0,19800.7,1749750,9289700,211.85,9.85,47300,199350,0.750808,-0.285374,0.00094927,0.00084659,12.994849,15.603467,2023-08-01
13669,2023-07-26 11:38:00,19650.0,19800.7,1274300,7165350,168.2,15.9,32300,167650,0.695043,-0.324704,0.00101539,0.00092503,13.413434,15.124016,2023-08-01
8412,2023-07-26 11:38:00,19700.0,19800.7,6089250,16930200,128.0,25.75,179300,340850,0.641462,-0.370186,0.00107694,0.00099046,13.489255,14.825761,2023-08-01
3152,2023-07-26 11:38:00,19750.0,19800.7,4922000,10344500,92.75,40.25,277400,337450,0.586173,-0.419581,0.00112325,0.00104345,13.487287,14.563885,2023-08-01
520,2023-07-26 11:38:00,19800.0,19800.7,15078850,14715650,63.65,61.05,709150,557850,0.529241,-0.472258,0.00114697,0.00106897,13.488776,14.476997,2023-08-01
5782,2023-07-26 11:38:00,19850.0,19800.7,9286500,3564250,41.45,88.85,445050,152300,0.472071,-0.525454,0.00114027,0.00106048,13.571255,14.598421,2023-08-01
11041,2023-07-26 11:38:00,19900.0,19800.7,12936450,3816600,25.25,122.85,372600,109350,0.415961,-0.576564,0.00111493,0.00102647,13.603976,14.8338,2023-08-01
16297,2023-07-26 11:38:00,19950.0,19800.7,7622750,740500,14.4,161.7,281800,23250,0.361969,-0.624622,0.00106831,0.00097775,13.643005,15.085479,2023-08-01
21551,2023-07-26 11:38:00,20000.0,19800.7,13482450,1731100,7.9,205.5,271200,26300,0.312533,-0.663907,0.00099769,0.00089532,13.798806,15.842859,2023-08-01
26804,2023-07-26 11:38:00,20050.0,19800.7,5907800,68050,4.3,250.85,96350,1350,0.269522,-0.701189,0.00091113,0.00082673,14.098722,16.324274,2023-08-01
24180,2023-07-26 11:39:00,19550.0,19799.95,342300,6226050,256.0,6.35,2200,71300,,-0.253537,,0.00076487,0.0,16.277275,2023-08-01
18927,2023-07-26 11:39:00,19600.0,19799.95,1749750,9289700,209.85,10.05,52750,158050,0.764936,-0.286665,0.00098606,0.00084545,12.121388,15.659607,2023-08-01
13670,2023-07-26 11:39:00,19650.0,19799.95,1274300,7165350,165.75,16.3,43100,168100,0.704023,-0.326388,0.00105891,0.00092115,12.690777,15.221316,2023-08-01
8413,2023-07-26 11:39:00,19700.0,19799.95,6089250,16930200,126.0,26.5,161650,256800,0.644684,-0.37216,0.0011074,0.00098179,13.077967,14.983692,2023-08-01
3153,2023-07-26 11:39:00,19750.0,19799.95,4922000,10344500,91.15,41.45,257200,319300,0.586876,-0.421447,0.00114537,0.00102863,13.222932,14.789349,2023-08-01
521,2023-07-26 11:39:00,19800.0,19799.95,15078850,14715650,62.15,62.65,680700,461550,0.528776,-0.473431,0.00116842,0.00104884,13.243605,14.759236,2023-08-01
5783,2023-07-26 11:39:00,19850.0,19799.95,9286500,3564250,40.5,91.0,348800,120450,0.470814,-0.525355,0.00115283,0.00103244,13.421683,14.996548,2023-08-01
11042,2023-07-26 11:39:00,19900.0,19799.95,12936450,3816600,24.75,125.3,382850,74900,0.414609,-0.574575,0.00112047,0.00099376,13.527943,15.338299,2023-08-01
16298,2023-07-26 11:39:00,19950.0,19799.95,7622750,740500,14.05,164.5,235700,9200,0.360418,-0.619653,0.00107249,0.00093837,13.571091,15.784059,2023-08-01
21552,2023-07-26 11:39:00,20000.0,19799.95,13482450,1731100,7.7,208.0,202450,24250,0.31106,-0.657359,0.0009997,0.00086212,13.744307,16.577019,2023-08-01
26805,2023-07-26 11:39:00,20050.0,19799.95,5907800,68050,4.25,254.0,84400,250,0.268858,-0.688041,0.00090995,0.00078265,14.100988,17.577808,2023-08-01
24181,2023-07-26 11:40:00,19550.0,19800.6,342300,6226050,256.25,6.35,300,63000,,-0.253482,,0.00076312,0.0,16.313041,2023-08-01
18928,2023-07-26 11:40:00,19600.0,19800.6,1749750,9289700,210.0,10.05,58000,120350,0.771881,-0.28657,0.00099801,0.00084323,11.778017,15.698764,2023-08-01
13671,2023-07-26 11:40:00,19650.0,19800.6,1274300,7165350,165.75,16.3,23900,127900,0.708081,-0.326232,0.0010719,0.00091833,12.457501,15.265324,2023-08-01
8414,2023-07-26 11:40:00,19700.0,19800.6,6089250,16930200,125.65,26.5,146650,229950,0.647957,-0.371913,0.00112503,0.00097828,12.830907,15.034631,2023-08-01
3154,2023-07-26 11:40:00,19750.0,19800.6,4922000,10344500,91.0,41.45,186550,237550,0.588439,-0.421065,0.00115613,0.00102425,13.088544,14.849946,2023-08-01
522,2023-07-26 11:40:00,19800.0,19800.6,15078850,14715650,62.25,62.75,502900,435850,0.529618,-0.472879,0.0011726,0.00104192,13.194604,14.856226,2023-08-01
5784,2023-07-26 11:40:00,19850.0,19800.6,9286500,3564250,40.3,91.05,292700,118550,0.47129,-0.52446,0.00116173,0.00102536,13.32035,15.102599,2023-08-01
11043,2023-07-26 11:40:00,19900.0,19800.6,12936450,3816600,24.65,125.35,285550,68450,0.414858,-0.573226,0.00112651,0.0009857,13.457637,15.474004,2023-08-01
16299,2023-07-26 11:40:00,19950.0,19800.6,7622750,740500,14.0,164.95,186100,9650,0.360561,-0.616742,0.00107683,0.00092295,13.518496,16.085113,2023-08-01
21553,2023-07-26 11:40:00,20000.0,19800.6,13482450,1731100,7.65,208.25,236700,21550,0.310988,-0.65395,0.00100356,0.00084955,13.690359,16.885109,2023-08-01
26806,2023-07-26 11:40:00,20050.0,19800.6,5907800,68050,4.25,256.35,80850,50,0.269062,-0.674709,0.00091195,0.00074072,14.075782,18.903466,2023-08-01
24182,2023-07-26 11:41:00,19550.0,19799.7,343400,6225850,253.55,6.25,1450,72450,,-0.25289,,0.00076698,0.0,16.212622,2023-08-01
18929,2023-07-26 11:41:00,19600.0,19799.7,1723100,9256800,207.7,10.2,22000,144850,0.797639,-0.28761,0.00104759,0.00084344,10.467534,15.7234,2023-08-01
13672,2023-07-26 11:41:00,19650.0,19799.7,1285500,7153450,163.75,16.55,19050,101900,0.715102,-0.32741,0.00110655,0.00091765,11.931016,15.300764,2023-08-01
8415,2023-07-26 11:41:00,19700.0,19799.7,6090900,16902450,124.15,27.0,125500,185200,0.649446,-0.373379,0.00114439,0.00097461,12.595775,15.111749,2023-08-01
3155,2023-07-26 11:41:00,19750.0,19799.7,4964050,10290000,89.45,42.1,152400,189850,0.588814,-0.422361,0.00117659,0.00101949,12.859468,14.930629,2023-08-01
523,2023-07-26 11:41:00,19800.0,19799.7,15189350,14657850,61.05,63.8,485050,377250,0.528828,-0.473993,0.00118733,0.00103232,13.034158,14.998643,2023-08-01
5785,2023-07-26 11:41:00,19850.0,19799.7,9364550,3528850,39.65,92.1,286150,127200,0.470056,-0.52512,0.00116741,0.00101712,13.253796,15.224936,2023-08-01
11044,2023-07-26 11:41:00,19900.0,19799.7,13058300,3795400,24.2,127.05,291350,55850,0.413478,-0.572675,0.00113016,0.00096852,13.405145,15.754202,2023-08-01
16300,2023-07-26 11:41:00,19950.0,19799.7,7651850,737050,13.75,166.25,155250,7150,0.359278,-0.616186,0.00107794,0.00091289,13.489438,16.270959,2023-08-01
21554,2023-07-26 11:41:00,20000.0,19799.7,13447900,1706750,7.6,210.75,153500,24950,0.310418,-0.648978,0.00100095,0.00082252,13.716493,17.533354,2023-08-01
26807,2023-07-26 11:41:00,20050.0,19799.7,5897900,68050,4.2,256.45,60150,250,0.268359,-0.678119,0.00091027,0.00074929,14.08457,18.608086,2023-08-01
24183,2023-07-26 11:42:00,19550.0,19800.1,343400,6225850,252.65,6.3,1100,47850,,-0.25327,,0.00076503,0.0,16.267526,2023-08-01
18930,2023-07-26 11:42:00,19600.0,19800.1,1723100,9256800,206.2,10.25,6050,98500,,-0.287832,,0.00084118,0.0,15.771974,2023-08-01
13673,2023-07-26 11:42:00,19650.0,19800.1,1285500,7153450,163.0,16.7,21700,69800,0.723875,-0.327845,0.00113854,0.00091337,11.42198,15.381134,2023-08-01
8416,2023-07-26 11:42:00,19700.0,19800.1,6090900,16902450,123.15,27.1,96400,191800,0.654299,-0.373446,0.00117524,0.00097081,12.202878,15.172388,2023-08-01
3156,2023-07-26 11:42:00,19750.0,19800.1,4964050,10290000,88.7,42.35,110100,162400,0.590845,-0.422408,0.00119776,0.00101286,12.617589,15.029242,2023-08-01
524,2023-07-26 11:42:00,19800.0,19800.1,15189350,14657850,60.4,64.05,304400,253400,0.529633,-0.473709,0.00120462,0.00102521,12.845607,15.102465,2023-08-01
5786,2023-07-26 11:42:00,19850.0,19800.1,9364550,3528850,38.95,92.8,216050,77650,0.469974,-0.524249,0.00118496,0.00100268,13.057762,15.446929,2023-08-01
11045,2023-07-26 11:42:00,19900.0,19800.1,13058300,3795400,23.8,127.6,178550,44600,0.412998,-0.571208,0.00114131,0.00095598,13.271086,15.972233,2023-08-01
16301,2023-07-26 11:42:00,19950.0,19800.1,7651850,737050,13.5,167.35,137950,3850,0.35856,-0.612702,0.00108594,0.00089166,13.381201,16.703225,2023-08-01
21555,2023-07-26 11:42:00,20000.0,19800.1,13447900,1706750,7.45,211.55,105000,12150,0.309602,-0.64521,0.00100651,0.00080676,13.625562,17.944971,2023-08-01
26808,2023-07-26 11:42:00,20050.0,19800.1,5897900,67800,4.15,257.2,23850,2400,0.267954,-0.673425,0.00091289,0.00073479,14.033975,19.089222,2023-08-01
24184,2023-07-26 11:43:00,19550.0,19798.25,343400,6225850,253.05,6.25,1700,57250,,-0.253223,,0.00077051,0.0,16.152711,2023-08-01
18931,2023-07-26 11:43:00,19600.0,19798.25,1723100,9256800,207.95,10.1,16950,144850,0.766911,-0.28748,0.00099824,0.00084957,11.921355,15.609434,2023-08-01
13674,2023-07-26 11:43:00,19650.0,19798.25,1285500,7153450,164.45,16.45,14400,131450,0.700986,-0.327574,0.00105666,0.00092493,12.781287,15.186183,2023-08-01
8417,2023-07-26 11:43:00,19700.0,19798.25,6090900,16902450,124.2,26.7,61600,188950,0.644087,-0.373426,0.00111922,0.0009865,12.951646,14.93298,2023-08-01
3157,2023-07-26 11:43:00,19750.0,19798.25,4964050,10290000,89.55,41.75,90300,210350,0.585533,-0.42291,0.00115551,0.00103394,13.12082,14.728752,2023-08-01
525,2023-07-26 11:43:00,19800.0,19798.25,15189350,14657850,61.0,63.15,363800,342550,0.526848,-0.475154,0.00117305,0.00105353,13.199865,14.702174,2023-08-01
5787,2023-07-26 11:43:00,19850.0,19798.25,9364550,3528850,39.35,91.7,217300,81750,0.468551,-0.527267,0.00116128,0.00103659,13.322414,14.936529,2023-08-01
11046,2023-07-26 11:43:00,19900.0,19798.25,13058300,3795400,24.0,126.35,237000,54050,0.412235,-0.576425,0.00112462,0.00099477,13.4643,15.313773,2023-08-01
16302,2023-07-26 11:43:00,19950.0,19798.25,7651850,737050,13.55,165.65,132150,4800,0.35796,-0.621656,0.00107476,0.00093992,13.514534,15.737474,2023-08-01
21556,2023-07-26 11:43:00,20000.0,19798.25,13447900,1706750,7.45,210.05,173100,17050,0.309057,-0.656539,0.00099859,0.00085047,13.72512,16.824448,2023-08-01
26809,2023-07-26 11:43:00,20050.0,19798.25,5897900,67800,4.2,257.15,93400,100,0.268124,-0.681609,0.00090524,0.00075617,14.159282,18.358276,2023-08-01
24185,2023-07-26 11:44:00,19550.0,19795.9,344350,6261750,251.75,6.45,7050,133750,,-0.255219,,0.0007731,0.0,16.16785,2023-08-01
18932,2023-07-26 11:44:00,19600.0,19795.9,1729350,9193600,204.65,10.5,39600,227550,0.78122,-0.290147,0.00103864,0.00085028,11.056376,15.667265,2023-08-01
13675,2023-07-26 11:44:00,19650.0,19795.9,1296000,7130300,161.5,17.15,35250,277700,0.703765,-0.330718,0.001084,0.00092272,12.408096,15.283772,2023-08-01
8418,2023-07-26 11:44:00,19700.0,19795.9,6097800,17045350,121.7,27.85,129900,528650,0.643482,-0.376844,0.00113765,0.00097985,12.751604,15.080248,2023-08-01
3158,2023-07-26 11:44:00,19750.0,19795.9,5042400,10240600,87.35,43.35,230450,325250,0.583745,-0.426125,0.00117117,0.00102347,12.960317,14.905267,2023-08-01
526,2023-07-26 11:44:00,19800.0,19795.9,15436950,14603600,59.3,65.05,652900,521050,0.524232,-0.477803,0.00118344,0.00104192,13.091746,14.874435,2023-08-01
5788,2023-07-26 11:44:00,19850.0,19795.9,9551100,3499700,38.1,94.2,420700,139850,0.465567,-0.529081,0.00116787,0.00101909,13.241349,15.190744,2023-08-01
11047,2023-07-26 11:44:00,19900.0,19795.9,13114200,3756800,23.25,129.3,406500,130000,0.40935,-0.57691,0.00112571,0.00097311,13.43115,15.653534,2023-08-01
16303,2023-07-26 11:44:00,19950.0,19795.9,7629200,735750,13.05,169.0,251950,8800,0.355056,-0.620161,0.00107462,0.00091391,13.480029,16.207766,2023-08-01
21557,2023-07-26 11:44:00,20000.0,19795.9,13441850,1704900,7.2,212.9,190050,27950,0.306677,-0.655494,0.00099552,0.00083517,13.72326,17.155244,2023-08-01
26810,2023-07-26 11:44:00,20050.0,19795.9,5921500,67800,4.05,259.0,162600,3150,0.265972,-0.684378,0.00090178,0.00075766,14.158294,18.257662,2023-08-01
24186,2023-07-26 11:45:00,19550.0,19790.45,344350,6261750,246.5,6.7,8950,104800,,-0.258076,,0.00078311,0.0,16.05929,2023-08-01
18933,2023-07-26 11:45:00,19600.0,19790.45,1729350,9193600,200.25,10.9,73400,274700,0.764001,-0.293457,0.00102889,0.00086144,11.65183,15.5513,2023-08-01
13676,2023-07-26 11:45:00,19650.0,19790.45,1296000,7130300,156.85,17.8,82800,274900,0.697506,-0.334599,0.00109263,0.00093459,12.431517,15.164556,2023-08-01
8419,2023-07-26 11:45:00,19700.0,19790.45,6097800,17045350,118.0,28.9,454800,822450,0.636004,-0.381367,0.00113467,0.00099137,12.881132,14.96456,2023-08-01
3159,2023-07-26 11:45:00,19750.0,19790.45,5042400,10240600,84.2,44.9,700450,921100,0.57693,-0.431224,0.0011686,0.00103451,13.039116,14.785618,2023-08-01
527,2023-07-26 11:45:00,19800.0,19790.45,15436950,14603600,56.6,67.4,1932800,1590700,0.517767,-0.483439,0.00118395,0.00104862,13.101678,14.794495,2023-08-01
5789,2023-07-26 11:45:00,19850.0,19790.45,9551100,3499700,36.3,97.2,946150,432400,0.45939,-0.534862,0.00116189,0.00102362,13.294387,15.110943,2023-08-01
11048,2023-07-26 11:45:00,19900.0,19790.45,13114200,3756800,22.0,133.0,1058350,386450,0.403521,-0.582498,0.00111871,0.00097374,13.471575,15.60376,2023-08-01
16304,2023-07-26 11:45:00,19950.0,19790.45,7629200,735750,12.25,172.85,604250,45500,0.349553,-0.626363,0.00106647,0.00091816,13.511414,16.055608,2023-08-01
21558,2023-07-26 11:45:00,20000.0,19790.45,13441850,1704900,6.75,218.0,682750,93600,0.30188,-0.658345,0.0009856,0.00082395,13.768846,17.340133,2023-08-01
26811,2023-07-26 11:45:00,20050.0,19790.45,5921500,67300,3.75,263.9,208500,4650,0.261313,-0.688192,0.00089295,0.00075266,14.174678,18.289395,2023-08-01
24187,2023-07-26 11:46:00,19550.0,19791.6,344350,6261750,249.25,6.65,4100,126550,0.810583,-0.257556,0.00089243,0.00078079,11.812447,16.09004,2023-08-01
18934,2023-07-26 11:46:00,19600.0,19791.6,1729350,9193600,204.7,10.65,52500,263700,0.731309,-0.291971,0.00093599,0.00086173,13.715624,15.509413,2023-08-01
13677,2023-07-26 11:46:00,19650.0,19791.6,1296000,7130300,161.0,17.25,34300,264600,0.683014,-0.332465,0.0010162,0.00093882,13.642112,15.058266,2023-08-01
8420,2023-07-26 11:46:00,19700.0,19791.6,6097800,17045350,121.2,27.95,275100,484600,0.631165,-0.37901,0.00108391,0.00100055,13.543627,14.799293,2023-08-01
3160,2023-07-26 11:46:00,19750.0,19791.6,5042400,10240600,87.15,43.25,312150,637050,0.575503,-0.428842,0.00112348,0.00105334,13.572298,14.505733,2023-08-01
528,2023-07-26 11:46:00,19800.0,19791.6,15436950,14603600,58.85,65.15,750700,898750,0.518779,-0.481972,0.00115019,0.00107547,13.484614,14.422731,2023-08-01
5790,2023-07-26 11:46:00,19850.0,19791.6,9551100,3499700,37.75,94.15,454350,211050,0.461574,-0.535241,0.00114098,0.00106203,13.545447,14.563146,2023-08-01
11049,2023-07-26 11:46:00,19900.0,19791.6,13114200,3756800,22.95,129.3,614450,153900,0.406204,-0.585935,0.00110488,0.00102224,13.662979,14.835498,2023-08-01
16305,2023-07-26 11:46:00,19950.0,19791.6,7629200,735750,12.8,169.45,333000,23050,0.352306,-0.632115,0.00105845,0.00096191,13.652462,15.248454,2023-08-01
21559,2023-07-26 11:46:00,20000.0,19791.6,13441850,1704900,6.95,213.75,288450,39150,0.303706,-0.670165,0.00098454,0.00087924,13.82102,16.027674,2023-08-01
26812,2023-07-26 11:46:00,20050.0,19791.6,5921500,67300,3.8,260.6,134000,8700,0.262217,-0.699224,0.00089499,0.00078981,14.167411,17.153755,2023-08-01
24188,2023-07-26 11:47:00,19550.0,19792.2,342250,6268300,249.9,6.6,2100,85350,0.809162,-0.257127,0.00088906,0.00077995,11.912132,16.093883,2023-08-01
18935,2023-07-26 11:47:00,19600.0,19792.2,1759850,9233150,203.9,10.6,47650,126400,0.743084,-0.291623,0.00096711,0.00086044,12.973775,15.524514,2023-08-01
13678,2023-07-26 11:47:00,19650.0,19792.2,1282000,7149150,160.65,17.15,31700,210900,0.687428,-0.331979,0.00103362,0.00093778,13.332313,15.066548,2023-08-01
8421,2023-07-26 11:47:00,19700.0,19792.2,6101600,16996200,120.9,27.85,206450,333150,0.633663,-0.378566,0.0010981,0.00099876,13.339079,14.82083,2023-08-01
3161,2023-07-26 11:47:00,19750.0,19792.2,5042800,10320300,86.75,43.35,296400,415700,0.577095,-0.428565,0.00113769,0.00104735,13.392639,14.587246,2023-08-01
529,2023-07-26 11:47:00,19800.0,19792.2,15353250,14497850,58.65,65.2,637050,584400,0.519568,-0.481393,0.00115937,0.00106927,13.376962,14.505839,2023-08-01
5791,2023-07-26 11:47:00,19850.0,19792.2,9484800,3448400,37.65,94.5,304550,155400,0.462016,-0.534109,0.00114722,0.00104971,13.473479,14.738109,2023-08-01
11050,2023-07-26 11:47:00,19900.0,19792.2,13311200,3727950,22.9,129.7,369500,126050,0.406481,-0.583931,0.00110934,0.00100777,13.610666,15.065516,2023-08-01
16306,2023-07-26 11:47:00,19950.0,19792.2,7613050,739750,12.75,169.35,261250,22450,0.352395,-0.630395,0.00106243,0.00095514,13.602888,15.380541,2023-08-01
21560,2023-07-26 11:47:00,20000.0,19792.2,13364450,1683850,6.95,213.85,190850,31300,0.303933,-0.666962,0.00098675,0.00086845,13.794948,16.289973,2023-08-01
26813,2023-07-26 11:47:00,20050.0,19792.2,5919200,67300,3.85,259.8,47700,900,0.262994,-0.700242,0.00089531,0.0007948,14.184276,17.020555,2023-08-01
24189,2023-07-26 11:48:00,19550.0,19795.7,342250,6268300,252.8,6.35,3500,79750,0.82847,-0.254673,0.0008905,0.00077491,11.122644,16.115656,2023-08-01
18936,2023-07-26 11:48:00,19600.0,19795.7,1759850,9233150,207.4,10.15,47750,123150,0.74368,-0.288529,0.00095286,0.00085642,13.150288,15.517606,2023-08-01
13679,2023-07-26 11:48:00,19650.0,19795.7,1282000,7149150,162.6,16.45,15150,155900,0.696115,-0.328537,0.00105142,0.00093474,12.944061,15.05088,2023-08-01
8422,2023-07-26 11:48:00,19700.0,19795.7,6101600,16996200,123.25,26.85,149200,347850,0.638219,-0.374989,0.00109959,0.00099642,13.263372,14.80997,2023-08-01
3162,2023-07-26 11:48:00,19750.0,19795.7,5042800,10320300,88.6,41.75,216250,302550,0.581532,-0.424613,0.00114208,0.00104978,13.309302,14.524648,2023-08-01
530,2023-07-26 11:48:00,19800.0,19795.7,15353250,14497850,60.15,63.1,571850,533450,0.523689,-0.477574,0.00116323,0.00107428,13.323475,14.429258,2023-08-01
5792,2023-07-26 11:48:00,19850.0,19795.7,9484800,3448400,38.65,91.6,338250,136900,0.465824,-0.530881,0.0011538,0.00106251,13.406675,14.568458,2023-08-01
11051,2023-07-26 11:48:00,19900.0,19795.7,13311200,3727950,23.3,126.5,322750,86750,0.409416,-0.581433,0.00112222,0.0010209,13.47663,14.889849,2023-08-01
16307,2023-07-26 11:48:00,19950.0,19795.7,7613050,739750,12.95,166.6,176800,12900,0.354719,-0.626822,0.00107509,0.00095626,13.472737,15.408333,2023-08-01
21561,2023-07-26 11:48:00,20000.0,19795.7,13364450,1683850,7.1,210.0,178200,19300,0.306105,-0.667342,0.00099667,0.00088627,13.699314,15.953183,2023-08-01
26814,2023-07-26 11:48:00,20050.0,19795.7,5919200,66750,3.8,257.05,67650,250,0.263243,-0.695095,0.00090789,0.00079072,13.992794,17.237386,2023-08-01
24190,2023-07-26 11:49:00,19550.0,19800.0,342250,6268300,257.4,6.35,5600,109800,0.818248,-0.254025,0.00087046,0.00076375,11.801021,16.326784,2023-08-01
18937,2023-07-26 11:49:00,19600.0,19800.0,1759850,9233150,211.6,10.0,87300,266850,0.745345,-0.286832,0.00093841,0.00084482,13.30526,15.684445,2023-08-01
13680,2023-07-26 11:49:00,19650.0,19800.0,1282000,7149150,167.65,16.15,64600,349750,0.693432,-0.326221,0.00101264,0.00092181,13.490098,15.215819,2023-08-01
8423,2023-07-26 11:49:00,19700.0,19800.0,6101600,16996200,127.05,26.15,366350,570850,0.641402,-0.371673,0.00108312,0.00098529,13.421944,14.932687,2023-08-01
3163,2023-07-26 11:49:00,19750.0,19800.0,5042800,10320300,92.0,40.8,625050,580500,0.585523,-0.420856,0.00112612,0.0010366,13.466631,14.679393,2023-08-01
531,2023-07-26 11:49:00,19800.0,19800.0,15353250,14497850,62.8,61.55,1353700,854650,0.528517,-0.47313,0.00115303,0.00106395,13.428478,14.556971,2023-08-01
5793,2023-07-26 11:49:00,19850.0,19800.0,9484800,3448400,40.4,89.55,513150,203200,0.470865,-0.526,0.00115214,0.00105335,13.437414,14.705573,2023-08-01
11052,2023-07-26 11:49:00,19900.0,19800.0,13311200,3727950,24.6,123.45,733650,185200,0.414579,-0.576978,0.00112117,0.00102224,13.526845,14.901845,2023-08-01
16308,2023-07-26 11:49:00,19950.0,19800.0,7613050,739750,13.8,162.7,375600,25750,0.359869,-0.623893,0.00107633,0.00096743,13.523192,15.265718,2023-08-01
21562,2023-07-26 11:49:00,20000.0,19800.0,13364450,1683850,7.5,206.1,214400,30000,0.310212,-0.664282,0.00100335,0.00089345,13.685749,15.879613,2023-08-01
26815,2023-07-26 11:49:00,20050.0,19800.0,5919200,66750,3.95,253.2,201650,1750,0.266038,-0.69161,0.00091745,0.00079418,13.919346,17.245757,2023-08-01
24191,2023-07-26 11:50:00,19550.0,19804.25,343700,6268600,260.1,6.25,5700,89800,,-0.252614,,0.00075467,0.0,16.47229,2023-08-01
18938,2023-07-26 11:50:00,19600.0,19804.25,1727050,9304500,212.85,9.9,183800,389400,0.784492,-0.28543,0.00100554,0.0008329,11.320431,15.869495,2023-08-01
13681,2023-07-26 11:50:00,19650.0,19804.25,1282700,7189800,168.7,16.0,94250,265550,0.712895,-0.324475,0.00106877,0.00090706,12.401554,15.426791,2023-08-01
8424,2023-07-26 11:50:00,19700.0,19804.25,6119450,17145100,128.55,25.85,504400,612500,0.651395,-0.369274,0.0011157,0.00096847,12.897044,15.157626,2023-08-01
3164,2023-07-26 11:50:00,19750.0,19804.25,5034000,10306850,93.2,40.15,525300,634650,0.592697,-0.417536,0.001154,0.00101969,13.084719,14.89461,2023-08-01
532,2023-07-26 11:50:00,19800.0,19804.25,15478700,14552700,63.55,60.45,1581250,1113500,0.534079,-0.468956,0.0011805,0.00104757,13.099518,14.770987,2023-08-01
5794,2023-07-26 11:50:00,19850.0,19804.25,9466700,3443150,41.3,88.15,790900,289000,0.47535,-0.521002,0.00116797,0.00103505,13.263258,14.974335,2023-08-01
11053,2023-07-26 11:50:00,19900.0,19804.25,13312100,3726400,25.15,122.25,709350,203350,0.41831,-0.570198,0.00113668,0.00099393,13.367092,15.373055,2023-08-01
16309,2023-07-26 11:50:00,19950.0,19804.25,7620200,734850,14.15,160.7,394350,33200,0.363094,-0.616368,0.00109009,0.00094631,13.391104,15.698425,2023-08-01
21563,2023-07-26 11:50:00,20000.0,19804.25,13364650,1675800,7.65,204.8,310950,37400,0.312614,-0.651856,0.0010171,0.00085686,13.543787,16.784843,2023-08-01
26816,2023-07-26 11:50:00,20050.0,19804.25,5997650,63850,4.15,249.05,188900,6350,0.269347,-0.69002,0.00092565,0.00080366,13.880047,17.077897,2023-08-01
24192,2023-07-26 11:51:00,19550.0,19805.7,343700,6268600,260.6,6.2,1600,60200,,-0.252041,,0.00075182,0.0,16.514577,2023-08-01
18939,2023-07-26 11:51:00,19600.0,19805.7,1727050,9304500,213.6,9.8,112050,155800,0.79942,-0.284626,0.0010221,0.00082993,10.674666,15.904527,2023-08-01
13682,2023-07-26 11:51:00,19650.0,19805.7,1282700,7189800,170.05,15.8,43900,163350,0.713872,-0.323377,0.00106372,0.0009045,12.440065,15.448617,2023-08-01
8425,2023-07-26 11:51:00,19700.0,19805.7,6119450,17145100,129.5,25.6,294000,362800,0.653578,-0.36816,0.00111759,0.00096513,12.845165,15.194826,2023-08-01
3165,2023-07-26 11:51:00,19750.0,19805.7,5034000,10306850,94.3,39.85,307000,380150,0.59412,-0.416337,0.00114962,0.00101521,13.123004,14.95045,2023-08-01
533,2023-07-26 11:51:00,19800.0,19805.7,15478700,14552700,64.7,60.25,992650,619600,0.535591,-0.467627,0.00117204,0.00103931,13.189464,14.884189,2023-08-01
5795,2023-07-26 11:51:00,19850.0,19805.7,9466700,3443150,42.2,87.8,554900,149500,0.477217,-0.519287,0.00116132,0.00102697,13.342712,15.095142,2023-08-01
11054,2023-07-26 11:51:00,19900.0,19805.7,13312100,3726400,25.8,121.4,513600,100750,0.420402,-0.568542,0.00113192,0.00099176,13.437737,15.417848,2023-08-01
16310,2023-07-26 11:51:00,19950.0,19805.7,7620200,734850,14.55,160.4,270800,14600,0.365204,-0.613063,0.0010879,0.0009333,13.444148,15.957176,2023-08-01
21564,2023-07-26 11:51:00,20000.0,19805.7,13364650,1675800,7.9,203.75,226450,25150,0.314734,-0.650024,0.00101628,0.00085509,13.593817,16.851599,2023-08-01
26817,2023-07-26 11:51:00,20050.0,19805.7,5997650,63850,4.25,249.75,92950,950,0.270839,-0.679357,0.00092747,0.00077303,13.890894,18.012345,2023-08-01
24193,2023-07-26 11:52:00,19550.0,19804.65,343700,6268600,258.2,6.25,1350,63200,,-0.252651,,0.00075349,0.0,16.500954,2023-08-01
18940,2023-07-26 11:52:00,19600.0,19804.65,1727050,9304500,211.95,9.85,80200,139700,0.81655,-0.285164,0.00104615,0.00083223,9.875726,15.876689,2023-08-01
13683,2023-07-26 11:52:00,19650.0,19804.65,1282700,7189800,167.65,16.05,30850,165900,0.723435,-0.324613,0.00110713,0.00090433,11.759065,15.477511,2023-08-01
8426,2023-07-26 11:52:00,19700.0,19804.65,6119450,17145100,127.85,26.0,295550,342600,0.655154,-0.369496,0.00113794,0.00096372,12.595483,15.236797,2023-08-01
3166,2023-07-26 11:52:00,19750.0,19804.65,5034000,10306850,92.4,40.55,234150,362800,0.594841,-0.417811,0.0011754,0.00101049,12.830915,15.033792,2023-08-01
534,2023-07-26 11:52:00,19800.0,19804.65,15478700,14552700,63.05,61.2,781200,434050,0.534874,-0.468888,0.00119429,0.00103227,12.947301,14.991198,2023-08-01
5796,2023-07-26 11:52:00,19850.0,19804.65,9466700,3443150,41.1,89.05,446250,138850,0.475632,-0.520092,0.00117476,0.00101687,13.188314,15.245201,2023-08-01
11055,2023-07-26 11:52:00,19900.0,19804.65,13312100,3726400,25.1,123.25,355450,95450,0.418524,-0.568165,0.00113986,0.00097364,13.33258,15.709119,2023-08-01
16311,2023-07-26 11:52:00,19950.0,19804.65,7620200,734850,14.2,162.35,251400,7050,0.363523,-0.611525,0.00109052,0.00091464,13.392456,16.303232,2023-08-01
21565,2023-07-26 11:52:00,20000.0,19804.65,13364650,1675800,7.7,205.8,190950,35750,0.313157,-0.647134,0.00101704,0.0008363,13.555969,17.283403,2023-08-01
26818,2023-07-26 11:52:00,20050.0,19804.65,5997650,63850,4.2,252.6,61200,400,0.270094,-0.67223,0.00092522,0.00074507,13.907047,18.860154,2023-08-01
24194,2023-07-26 11:53:00,19550.0,19803.7,342750,6320000,258.3,6.2,2800,67450,,-0.252456,,0.00075657,0.0,16.428815,2023-08-01
18941,2023-07-26 11:53:00,19600.0,19803.7,1672000,9225200,211.1,9.85,20650,125600,0.812892,-0.28541,0.00104722,0.00083507,9.988368,15.830747,2023-08-01
13684,2023-07-26 11:53:00,19650.0,19803.7,1289750,7228750,167.15,15.9,17250,143000,0.719637,-0.324392,0.00109873,0.00091041,11.929227,15.371466,2023-08-01
8427,2023-07-26 11:53:00,19700.0,19803.7,6024400,17115550,127.35,25.95,121050,239550,0.653185,-0.369807,0.00113322,0.00096902,12.676128,15.159286,2023-08-01
3167,2023-07-26 11:53:00,19750.0,19803.7,5128950,10268300,92.25,40.55,213900,179700,0.592912,-0.418394,0.0011657,0.00101615,12.954238,14.956265,2023-08-01
535,2023-07-26 11:53:00,19800.0,19803.7,15642050,14558500,62.8,61.25,544150,343600,0.53361,-0.46974,0.00118907,0.00103851,13.009015,14.905018,2023-08-01
5797,2023-07-26 11:53:00,19850.0,19803.7,9723400,3446400,40.8,89.35,336500,107700,0.474565,-0.521169,0.00117274,0.00102061,13.210275,15.188845,2023-08-01
11056,2023-07-26 11:53:00,19900.0,19803.7,13546300,3771350,25.0,123.35,328250,86150,0.417749,-0.569782,0.00113544,0.00098177,13.380341,15.56946,2023-08-01
16312,2023-07-26 11:53:00,19950.0,19803.7,7686300,731150,14.1,162.5,203300,5450,0.362763,-0.613671,0.00108761,0.00092313,13.420207,16.129032,2023-08-01
21566,2023-07-26 11:53:00,20000.0,19803.7,13441750,1677400,7.75,206.0,144750,25500,0.31321,-0.649802,0.00101138,0.00084452,13.634248,17.070012,2023-08-01
26819,2023-07-26 11:53:00,20050.0,19803.7,5993300,63850,4.15,253.15,82200,1950,0.26937,-0.673992,0.00092333,0.00074807,13.918226,18.745384,2023-08-01
24195,2023-07-26 11:54:00,19550.0,19804.2,342750,6320000,257.65,6.1,550,89200,,-0.251628,,0.00075689,0.0,16.393865,2023-08-01
18942,2023-07-26 11:54:00,19600.0,19804.2,1672000,9225200,211.05,9.75,22750,143250,0.835124,-0.284802,0.0010591,0.00083506,9.116156,15.815289,2023-08-01
13685,2023-07-26 11:54:00,19650.0,19804.2,1289750,7228750,166.4,15.85,26450,156800,0.729907,-0.324106,0.00113403,0.00090909,11.347862,15.388632,2023-08-01
8428,2023-07-26 11:54:00,19700.0,19804.2,6024400,17115550,126.5,25.9,132050,220300,0.658087,-0.369521,0.00116219,0.00096714,12.29476,15.185294,2023-08-01
3168,2023-07-26 11:54:00,19750.0,19804.2,5128950,10268300,91.6,40.35,175450,287250,0.595093,-0.417879,0.00118598,0.00101597,12.716186,14.955262,2023-08-01
536,2023-07-26 11:54:00,19800.0,19804.2,15642050,14558500,62.25,61.0,656000,349200,0.534588,-0.469224,0.00120553,0.00103836,12.829132,14.906153,2023-08-01
5798,2023-07-26 11:54:00,19850.0,19804.2,9723400,3446400,40.5,89.35,320900,108100,0.474876,-0.520528,0.00118285,0.00101588,13.098401,15.261361,2023-08-01
11057,2023-07-26 11:54:00,19900.0,19804.2,13546300,3771350,24.75,123.2,381250,67400,0.41765,-0.569029,0.00114399,0.00097868,13.280135,15.624353,2023-08-01
16313,2023-07-26 11:54:00,19950.0,19804.2,7686300,731150,13.9,162.95,231500,5050,0.362305,-0.611358,0.00109501,0.00091022,13.32423,16.386718,2023-08-01
21567,2023-07-26 11:54:00,20000.0,19804.2,13441750,1677400,7.5,206.95,230150,23550,0.311793,-0.645093,0.00102026,0.00082444,13.4896,17.570531,2023-08-01
26820,2023-07-26 11:54:00,20050.0,19804.2,5993300,63050,4.1,252.0,73100,200,0.268986,-0.676464,0.00092638,0.00075815,13.862934,18.439074,2023-08-01
24196,2023-07-26 11:55:00,19550.0,19802.9,342750,6320000,258.15,6.1,2500,84950,,-0.251883,,0.00076004,0.0,16.33672,2023-08-01
18943,2023-07-26 11:55:00,19600.0,19802.9,1672000,9225200,211.2,9.75,36500,230200,0.789507,-0.285122,0.00102021,0.00083904,11.009269,15.750758,2023-08-01
13686,2023-07-26 11:55:00,19650.0,19802.9,1289750,7228750,167.0,15.75,34600,169900,0.714582,-0.324162,0.00108402,0.0009158,12.197149,15.278825,2023-08-01
8429,2023-07-26 11:55:00,19700.0,19802.9,6024400,17115550,127.1,25.75,229900,344400,0.650943,-0.369759,0.00112506,0.00097586,12.800347,15.054684,2023-08-01
3169,2023-07-26 11:55:00,19750.0,19802.9,5128950,10268300,92.0,40.45,337000,265400,0.591483,-0.418793,0.00115993,0.00102231,13.03195,14.87152,2023-08-01
537,2023-07-26 11:55:00,19800.0,19802.9,15642050,14558500,62.6,61.1,790800,539650,0.532539,-0.47041,0.00118415,0.00104665,13.068,14.793371,2023-08-01
5799,2023-07-26 11:55:00,19850.0,19802.9,9723400,3446400,40.75,89.35,586350,164000,0.473794,-0.522196,0.00116654,0.00102752,13.280869,15.086902,2023-08-01
11058,2023-07-26 11:55:00,19900.0,19802.9,13546300,3771350,24.8,123.65,426050,93050,0.416916,-0.570874,0.00113395,0.00098514,13.394041,15.510892,2023-08-01
16314,2023-07-26 11:55:00,19950.0,19802.9,7686300,731150,14.0,163.3,246900,13300,0.362106,-0.613975,0.00108528,0.00091957,13.442807,16.190387,2023-08-01
21568,2023-07-26 11:55:00,20000.0,19802.9,13441750,1677400,7.65,206.55,285700,23600,0.312393,-0.65083,0.0010103,0.00084559,13.63554,17.032772,2023-08-01
26821,2023-07-26 11:55:00,20050.0,19802.9,5993300,63050,4.15,254.05,126950,5350,0.269283,-0.673742,0.00092033,0.00074462,13.9635,18.84093,2023-08-01
24197,2023-07-26 11:56:00,19550.0,19802.9,347300,6293800,257.65,5.85,21700,305250,,-0.249883,,0.00076419,0.0,16.180518,2023-08-01
18944,2023-07-26 11:56:00,19600.0,19802.9,1679350,9213000,211.8,9.45,95850,669700,0.778297,-0.283493,0.00100044,0.00084409,11.569995,15.614451,2023-08-01
13687,2023-07-26 11:56:00,19650.0,19802.9,1279600,7197450,167.0,15.45,111700,701500,0.714511,-0.323105,0.00108375,0.00092075,12.202327,15.177085,2023-08-01
8430,2023-07-26 11:56:00,19700.0,19802.9,6035800,16894750,126.95,25.45,538500,1404000,0.651388,-0.369124,0.0011282,0.00098057,12.759435,14.974798,2023-08-01
3170,2023-07-26 11:56:00,19750.0,19802.9,5155200,10171950,92.0,40.3,680650,1231250,0.591456,-0.418635,0.00115961,0.00102449,13.036496,14.839538,2023-08-01
538,2023-07-26 11:56:00,19800.0,19802.9,15748550,14624500,62.45,61.2,1788300,1565700,0.532596,-0.470451,0.00118688,0.00104483,13.038474,14.820038,2023-08-01
5800,2023-07-26 11:56:00,19850.0,19802.9,9639000,3389600,40.55,89.05,826500,579050,0.473683,-0.522331,0.00117033,0.00103205,13.238381,15.021271,2023-08-01
11059,2023-07-26 11:56:00,19900.0,19802.9,13525900,3734700,24.9,123.5,843250,339800,0.417115,-0.571056,0.00113148,0.00098733,13.425455,15.476104,2023-08-01
16315,2023-07-26 11:56:00,19950.0,19802.9,7674950,720350,14.05,162.7,517850,69950,0.36232,-0.615315,0.0010838,0.00092898,13.464566,16.010861,2023-08-01
21569,2023-07-26 11:56:00,20000.0,19802.9,13460200,1667900,7.7,206.8,610650,87500,0.31276,-0.649985,0.00100873,0.00084162,13.664446,17.129349,2023-08-01
26822,2023-07-26 11:56:00,20050.0,19802.9,5965650,64250,4.25,251.5,300950,4700,0.270426,-0.684705,0.00091724,0.0007815,14.04113,17.69859,2023-08-01
24198,2023-07-26 11:57:00,19550.0,19802.2,347300,6293800,258.4,5.8,2050,139050,0.907072,-0.249624,0.00079537,0.00076673,8.13791,16.119499,2023-08-01
18945,2023-07-26 11:57:00,19600.0,19802.2,1679350,9213000,211.6,9.35,30850,231150,0.770313,-0.283117,0.0009877,0.00084797,11.95732,15.534583,2023-08-01
13688,2023-07-26 11:57:00,19650.0,19802.2,1279600,7197450,167.0,15.25,33050,244500,0.709574,-0.322605,0.00106823,0.00092691,12.481348,15.067982,2023-08-01
8431,2023-07-26 11:57:00,19700.0,19802.2,6035800,16894750,127.1,25.2,174650,353300,0.648327,-0.368885,0.00111313,0.0009881,12.974593,14.858837,2023-08-01
3171,2023-07-26 11:57:00,19750.0,19802.2,5155200,10171950,91.9,39.95,198950,274500,0.590061,-0.418661,0.00115244,0.0010344,13.129628,14.69885,2023-08-01
539,2023-07-26 11:57:00,19800.0,19802.2,15748550,14624500,62.8,60.9,585850,437550,0.531449,-0.470983,0.00117228,0.00105494,13.205222,14.680795,2023-08-01
5801,2023-07-26 11:57:00,19850.0,19802.2,9639000,3389600,40.8,88.65,316500,157450,0.473182,-0.523443,0.00115919,0.00104492,13.365603,14.835188,2023-08-01
11060,2023-07-26 11:57:00,19900.0,19802.2,13525900,3734700,25.05,123.15,303900,82350,0.416954,-0.572861,0.0011234,0.00100046,13.522174,15.261783,2023-08-01
16316,2023-07-26 11:57:00,19950.0,19802.2,7674950,720350,14.15,161.9,253950,13700,0.362395,-0.619177,0.00107741,0.00095092,13.546587,15.595781,2023-08-01
21570,2023-07-26 11:57:00,20000.0,19802.2,13460200,1667900,7.75,205.75,194250,20300,0.312898,-0.656205,0.00100421,0.00086728,13.729841,16.514114,2023-08-01
26823,2023-07-26 11:57:00,20050.0,19802.2,5965650,64250,4.15,250.6,137400,300,0.269221,-0.693038,0.00091768,0.00080622,14.004253,16.959287,2023-08-01
24199,2023-07-26 11:58:00,19550.0,19806.25,347300,6293800,260.25,5.85,1600,134150,,-0.249464,,0.00075562,0.0,16.348536,2023-08-01
18946,2023-07-26 11:58:00,19600.0,19806.25,1679350,9213000,214.1,9.2,50050,200650,0.79969,-0.281457,0.00102004,0.00083756,10.691497,15.680971,2023-08-01
13689,2023-07-26 11:58:00,19650.0,19806.25,1279600,7197450,170.05,15.0,41450,202050,0.717339,-0.320536,0.00107396,0.00091466,12.254446,15.226753,2023-08-01
8432,2023-07-26 11:58:00,19700.0,19806.25,6035800,16894750,129.6,24.8,204450,391300,0.654988,-0.366343,0.00112236,0.00097399,12.77588,15.037475,2023-08-01
3172,2023-07-26 11:58:00,19750.0,19806.25,5155200,10171950,94.1,39.0,197700,287100,0.595487,-0.415105,0.00115864,0.0010238,13.01456,14.820478,2023-08-01
540,2023-07-26 11:58:00,19800.0,19806.25,15748550,14624500,64.35,59.65,742100,419050,0.536485,-0.466981,0.00118254,0.00104297,13.074587,14.835403,2023-08-01
5802,2023-07-26 11:58:00,19850.0,19806.25,9639000,3389600,41.95,86.95,416250,135350,0.477651,-0.518916,0.00116873,0.0010338,13.263799,15.0016,2023-08-01
11061,2023-07-26 11:58:00,19900.0,19806.25,13525900,3734700,25.75,120.85,403200,84400,0.420819,-0.568118,0.00113462,0.0009933,13.413569,15.402521,2023-08-01
16317,2023-07-26 11:58:00,19950.0,19806.25,7674950,720350,14.65,159.55,207900,8700,0.366036,-0.613357,0.00108667,0.00093936,13.474487,15.856594,2023-08-01
21571,2023-07-26 11:58:00,20000.0,19806.25,13460200,1667900,8.05,203.55,304150,27300,0.316157,-0.64853,0.00101315,0.00085049,13.667126,16.975215,2023-08-01
26824,2023-07-26 11:58:00,20050.0,19806.25,5965650,64250,4.3,250.2,103850,700,0.271869,-0.674825,0.00092681,0.00075924,13.932282,18.452991,2023-08-01
24200,2023-07-26 11:59:00,19550.0,19806.2,347300,6258050,261.05,5.8,700,65300,,-0.249105,,0.00075649,0.0,16.318114,2023-08-01
18947,2023-07-26 11:59:00,19600.0,19806.2,1684700,9151650,214.45,9.1,16650,112500,0.790482,-0.280932,0.0010068,0.00083933,11.126152,15.634619,2023-08-01
13690,2023-07-26 11:59:00,19650.0,19806.2,1282650,7246000,170.15,14.95,20100,122000,0.716188,-0.320399,0.00106983,0.00091556,12.326476,15.210073,2023-08-01
8433,2023-07-26 11:59:00,19700.0,19806.2,6044650,17030500,129.85,24.55,149850,269250,0.653904,-0.365817,0.0011155,0.00097817,12.87031,14.967044,2023-08-01
3173,2023-07-26 11:59:00,19750.0,19806.2,5163350,10268700,94.15,38.9,153950,172650,0.595262,-0.415029,0.00115663,0.00102551,13.039839,14.796071,2023-08-01
541,2023-07-26 11:59:00,19800.0,19806.2,15763650,14698000,64.4,59.3,492900,276700,0.536376,-0.466896,0.00118066,0.00104871,13.096408,14.754904,2023-08-01
5803,2023-07-26 11:59:00,19850.0,19806.2,9735300,3389450,42.0,87.05,359600,71700,0.477634,-0.518935,0.00116697,0.00103246,13.284489,15.02197,2023-08-01
11062,2023-07-26 11:59:00,19900.0,19806.2,13630150,3751350,25.8,120.95,267600,60700,0.42089,-0.568073,0.00113292,0.00099204,13.435035,15.423273,2023-08-01
16318,2023-07-26 11:59:00,19950.0,19806.2,7759400,721700,14.55,159.4,164250,5100,0.365701,-0.613815,0.00108857,0.00094229,13.447631,15.802835,2023-08-01
21572,2023-07-26 11:59:00,20000.0,19806.2,13573100,1669200,7.95,202.95,184450,17200,0.315562,-0.650666,0.00101544,0.00086048,13.626109,16.741993,2023-08-01
26825,2023-07-26 11:59:00,20050.0,19806.2,5986000,64750,4.25,249.0,60550,3850,0.271371,-0.680125,0.00092797,0.00077728,13.902919,17.903655,2023-08-01
24201,2023-07-26 12:00:00,19550.0,19806.0,346950,6258050,260.6,5.75,4050,87200,,-0.248765,,0.00075774,0.0,16.28046,2023-08-01
18948,2023-07-26 12:00:00,19600.0,19806.0,1684700,9151650,214.45,9.05,19800,186300,0.786329,-0.280727,0.00100093,0.00084072,11.321558,15.604437,2023-08-01
13691,2023-07-26 12:00:00,19650.0,19806.0,1282650,7246000,170.55,14.85,35950,178250,0.711983,-0.320114,0.00105457,0.00091792,12.593383,15.166267,2023-08-01
8434,2023-07-26 12:00:00,19700.0,19806.0,6044650,17030500,130.0,24.5,165800,352950,0.652615,-0.365812,0.00110854,0.00097981,12.969766,14.942945,2023-08-01
3174,2023-07-26 12:00:00,19750.0,19806.0,5163350,10268700,94.2,38.7,206950,229050,0.594701,-0.414915,0.00115268,0.0010298,13.089969,14.734547,2023-08-01
542,2023-07-26 12:00:00,19800.0,19806.0,15763650,14698000,64.55,59.15,564250,420600,0.535999,-0.467019,0.00117522,0.00105245,13.159115,14.703759,2023-08-01
5804,2023-07-26 12:00:00,19850.0,19806.0,9735300,3389450,42.15,86.65,324700,166550,0.477524,-0.519355,0.00116196,0.0010405,13.342521,14.906162,2023-08-01
11063,2023-07-26 12:00:00,19900.0,19806.0,13630150,3751350,25.95,120.7,422400,78900,0.421031,-0.56875,0.00112808,0.00099802,13.494513,15.327322,2023-08-01
16319,2023-07-26 12:00:00,19950.0,19806.0,7759400,721700,14.7,159.85,250150,16150,0.366157,-0.613314,0.00108361,0.00093716,13.515714,15.896349,2023-08-01
21573,2023-07-26 12:00:00,20000.0,19806.0,13573100,1669200,8.0,203.0,221100,25250,0.315851,-0.651213,0.00101302,0.00086212,13.665005,16.701731,2023-08-01
26826,2023-07-26 12:00:00,20050.0,19806.0,5986000,64750,4.25,250.0,113850,550,0.271374,-0.676689,0.00092713,0.00076483,13.916495,18.27723,2023-08-01
24202,2023-07-26 12:01:00,19550.0,19807.0,346950,6258050,262.3,5.75,1300,57450,,-0.248663,,0.00075517,0.0,16.332418,2023-08-01
18949,2023-07-26 12:01:00,19600.0,19807.0,1684700,9151650,215.25,9.0,21450,206650,0.79033,-0.280274,0.001003,0.00083831,11.173854,15.637093,2023-08-01
13692,2023-07-26 12:01:00,19650.0,19807.0,1282650,7246000,171.15,14.65,29500,169350,0.714856,-0.319101,0.00105981,0.00091722,12.471764,15.157824,2023-08-01
8435,2023-07-26 12:01:00,19700.0,19807.0,6044650,17030500,130.05,24.15,185750,406050,0.656176,-0.36462,0.00112368,0.00098041,12.746107,14.917544,2023-08-01
3175,2023-07-26 12:01:00,19750.0,19807.0,5163350,10268700,94.5,38.25,185850,279600,0.596442,-0.413776,0.00115915,0.00103059,13.002787,14.71404,2023-08-01
543,2023-07-26 12:01:00,19800.0,19807.0,15763650,14698000,65.0,58.6,786650,493150,0.537208,-0.465942,0.00117625,0.00105327,13.144006,14.689062,2023-08-01
5805,2023-07-26 12:01:00,19850.0,19807.0,9735300,3389450,42.3,85.95,308900,99850,0.478567,-0.518357,0.00116688,0.00104217,13.288209,14.884118,2023-08-01
11064,2023-07-26 12:01:00,19900.0,19807.0,13630150,3751350,25.95,119.65,534650,66700,0.421711,-0.568188,0.00113442,0.001004,13.423741,15.239895,2023-08-01
16320,2023-07-26 12:01:00,19950.0,19807.0,7759400,721700,14.6,158.25,158800,7350,0.366312,-0.614228,0.00109119,0.00095125,13.42385,15.650129,2023-08-01
21574,2023-07-26 12:01:00,20000.0,19807.0,13573100,1669200,7.9,201.5,249250,17000,0.315603,-0.652587,0.00101988,0.00087357,13.568577,16.458928,2023-08-01
26827,2023-07-26 12:01:00,20050.0,19807.0,5986000,64750,4.25,249.05,104750,1750,0.271667,-0.676204,0.00093042,0.0007665,13.874906,18.248878,2023-08-01
24203,2023-07-26 12:02:00,19550.0,19806.5,344150,6243950,260.95,5.65,1350,103500,,-0.247939,,0.00075802,0.0,16.247123,2023-08-01
18950,2023-07-26 12:02:00,19600.0,19806.5,1683200,9101000,214.65,8.9,49800,266350,0.792235,-0.27983,0.00100822,0.00084153,11.057343,15.566625,2023-08-01
13693,2023-07-26 12:02:00,19650.0,19806.5,1279450,7228100,170.6,14.65,46950,169700,0.715002,-0.319282,0.00106343,0.00091906,12.427297,15.132291,2023-08-01
8436,2023-07-26 12:02:00,19700.0,19806.5,6048000,16977000,129.65,24.1,258350,435450,0.655585,-0.364733,0.00112422,0.00098357,12.749246,14.87232,2023-08-01
3176,2023-07-26 12:02:00,19750.0,19806.5,5167150,10286600,94.2,38.35,291800,345050,0.595774,-0.414216,0.00115855,0.0010319,13.0161,14.700125,2023-08-01
544,2023-07-26 12:02:00,19800.0,19806.5,15769250,14705050,64.4,58.7,830950,669100,0.536779,-0.466423,0.00118283,0.00105535,13.073202,14.662881,2023-08-01
5806,2023-07-26 12:02:00,19850.0,19806.5,9685750,3400500,42.0,86.45,473250,228950,0.477938,-0.518789,0.00116852,0.00103858,13.269555,14.935942,2023-08-01
11065,2023-07-26 12:02:00,19900.0,19806.5,13648050,3777450,25.65,119.9,509900,104550,0.420894,-0.568802,0.00113729,0.0010052,13.385428,15.218764,2023-08-01
16321,2023-07-26 12:02:00,19950.0,19806.5,7769800,719400,14.5,158.95,287500,26250,0.365767,-0.613966,0.00109065,0.00094557,13.42483,15.748572,2023-08-01
21575,2023-07-26 12:02:00,20000.0,19806.5,13664350,1670500,7.85,202.5,310100,38050,0.315165,-0.651001,0.00101887,0.00086351,13.575041,16.679949,2023-08-01
26828,2023-07-26 12:02:00,20050.0,19806.5,5975250,64750,4.25,249.0,97550,450,0.271598,-0.678649,0.00092854,0.00077323,13.902288,18.034936,2023-08-01
24204,2023-07-26 12:03:00,19550.0,19810.7,344150,6243950,265.0,5.5,1850,126850,,-0.246055,,0.00075016,0.0,16.347819,2023-08-01
18951,2023-07-26 12:03:00,19600.0,19810.7,1683200,9101000,217.9,8.55,21800,274350,0.818709,-0.276911,0.00102043,0.00083443,10.053241,15.616459,2023-08-01
13694,2023-07-26 12:03:00,19650.0,19810.7,1279450,7228100,173.15,14.05,21500,220450,0.728554,-0.315781,0.00108826,0.00091265,11.856793,15.165263,2023-08-01
8437,2023-07-26 12:03:00,19700.0,19810.7,6048000,16977000,132.55,23.2,328900,379550,0.661837,-0.360923,0.00112806,0.00097746,12.615676,14.909731,2023-08-01
3177,2023-07-26 12:03:00,19750.0,19810.7,5167150,10286600,96.7,36.85,185250,359000,0.601201,-0.409833,0.00116143,0.00102983,12.936399,14.690459,2023-08-01
545,2023-07-26 12:03:00,19800.0,19810.7,15769250,14705050,66.5,56.7,664150,493900,0.541839,-0.461975,0.00118441,0.0010548,13.037348,14.653469,2023-08-01
5807,2023-07-26 12:03:00,19850.0,19810.7,9685750,3400500,43.35,83.75,392250,114300,0.482699,-0.514512,0.00117602,0.00104269,13.19061,14.881437,2023-08-01
11066,2023-07-26 12:03:00,19900.0,19810.7,13648050,3777450,26.55,117.05,307950,82100,0.425224,-0.564502,0.00114588,0.00100574,13.311627,15.236172,2023-08-01
16322,2023-07-26 12:03:00,19950.0,19810.7,7769800,719400,15.0,155.7,176100,11350,0.369487,-0.609928,0.00110128,0.00094768,13.337723,15.758189,2023-08-01
21576,2023-07-26 12:03:00,20000.0,19810.7,13664350,1670500,8.15,198.9,188150,19650,0.318488,-0.647589,0.00102888,0.00086766,13.500812,16.656336,2023-08-01
26829,2023-07-26 12:03:00,20050.0,19810.7,5975250,66350,4.3,244.4,65350,1100,0.273214,-0.679335,0.00094152,0.00079011,13.748957,17.631156,2023-08-01
24205,2023-07-26 12:04:00,19550.0,19814.4,344150,6243950,265.05,5.35,7950,164100,,-0.244231,,0.0007437,0.0,16.421809,2023-08-01
18952,2023-07-26 12:04:00,19600.0,19814.4,1683200,9101000,218.5,8.4,73050,402800,,-0.275299,,0.0008256,0.0,15.736358,2023-08-01
13695,2023-07-26 12:04:00,19650.0,19814.4,1279450,7228100,173.5,13.75,67250,292150,0.767831,-0.313597,0.0011854,0.00090331,10.020834,15.274792,2023-08-01
8438,2023-07-26 12:04:00,19700.0,19814.4,6048000,16977000,132.95,22.95,327400,733650,0.677019,-0.358906,0.00118905,0.00096339,11.749157,15.09634,2023-08-01
3178,2023-07-26 12:04:00,19750.0,19814.4,5167150,10286600,96.95,36.6,376250,626950,0.610055,-0.407443,0.00120866,0.00101105,12.352851,14.940247,2023-08-01
546,2023-07-26 12:04:00,19800.0,19814.4,15769250,14705050,66.55,56.35,1088350,799200,0.547633,-0.458773,0.00122476,0.00103227,12.585481,14.959351,2023-08-01
5808,2023-07-26 12:04:00,19850.0,19814.4,9685750,3400500,43.6,83.55,702700,213250,0.486598,-0.510121,0.0012031,0.00101265,12.896858,15.326213,2023-08-01
11067,2023-07-26 12:04:00,19900.0,19814.4,13648050,3777450,26.85,117.0,730150,143700,0.428292,-0.558094,0.0011649,0.00096842,13.111422,15.860977,2023-08-01
16323,2023-07-26 12:04:00,19950.0,19814.4,7769800,719400,15.3,155.45,371850,33500,0.372311,-0.601237,0.00111456,0.00090919,13.209534,16.522905,2023-08-01
21577,2023-07-26 12:04:00,20000.0,19814.4,13664350,1670500,8.3,198.15,420450,31700,0.320719,-0.637466,0.00104122,0.00083485,13.378195,17.481034,2023-08-01
26830,2023-07-26 12:04:00,20050.0,19814.4,5975250,66350,4.4,245.6,110750,7950,0.275252,-0.659779,0.00095154,0.00073196,13.652422,19.485399,2023-08-01
24206,2023-07-26 12:05:00,19550.0,19817.8,340800,6192300,265.6,5.35,4300,90300,,-0.243786,,0.00073559,0.0,16.58464,2023-08-01
18953,2023-07-26 12:05:00,19600.0,19817.8,1682600,9049450,218.4,8.45,58550,389950,,-0.274997,,0.00081444,0.0,15.941628,2023-08-01
13696,2023-07-26 12:05:00,19650.0,19817.8,1283950,7222550,173.55,13.8,41550,279850,,-0.312935,,0.00088942,0.0,15.497366,2023-08-01
8439,2023-07-26 12:05:00,19700.0,19817.8,6085750,16834500,132.95,23.0,305600,505050,0.696822,-0.357781,0.00127016,0.0009464,10.702021,15.348821,2023-08-01
3179,2023-07-26 12:05:00,19750.0,19817.8,5127950,10133000,97.0,36.8,295800,342150,0.619638,-0.4059,0.00126242,0.00098789,11.739237,15.274312,2023-08-01
547,2023-07-26 12:05:00,19800.0,19817.8,15713750,14854250,66.9,56.5,1120350,646950,0.553109,-0.456186,0.00125811,0.00100561,12.229022,15.343478,2023-08-01
5809,2023-07-26 12:05:00,19850.0,19817.8,9743050,3502550,43.75,83.7,652450,194650,0.490315,-0.506238,0.00123127,0.00098223,12.60379,15.802061,2023-08-01
11068,2023-07-26 12:05:00,19900.0,19817.8,13603250,3796150,27.05,116.95,687800,116950,0.431069,-0.552691,0.0011849,0.00093747,12.904788,16.414077,2023-08-01
16324,2023-07-26 12:05:00,19950.0,19817.8,7758250,718500,15.35,155.45,470350,11950,0.374209,-0.593727,0.00113294,0.00087487,13.014827,17.251411,2023-08-01
21578,2023-07-26 12:05:00,20000.0,19817.8,13721350,1673900,8.45,198.6,348900,23000,0.32286,-0.626616,0.00105255,0.00079417,13.269261,18.553667,2023-08-01
26831,2023-07-26 12:05:00,20050.0,19817.8,5986100,62650,4.4,243.9,170950,750,0.276172,-0.65364,0.00096386,0.00071983,13.498535,19.945358,2023-08-01
24207,2023-07-26 12:06:00,19550.0,19815.75,340800,6192300,263.9,5.4,1550,62000,,-0.244581,,0.00073948,0.0,16.529108,2023-08-01
18954,2023-07-26 12:06:00,19600.0,19815.75,1682600,9049450,216.95,8.6,29400,279450,,-0.276363,,0.00081782,0.0,15.916888,2023-08-01
13697,2023-07-26 12:06:00,19650.0,19815.75,1283950,7222550,172.55,14.05,27600,219150,0.83167,-0.314531,0.00127772,0.00089272,7.658905,15.476336,2023-08-01
8440,2023-07-26 12:06:00,19700.0,19815.75,6085750,16834500,131.55,23.4,158400,299950,0.69203,-0.359566,0.00126308,0.00094932,10.838897,15.330414,2023-08-01
3180,2023-07-26 12:06:00,19750.0,19815.75,5127950,10133000,95.5,37.35,196850,239350,0.6171,-0.407774,0.00126574,0.00099098,11.733881,15.246516,2023-08-01
548,2023-07-26 12:06:00,19800.0,19815.75,15713750,14854250,65.8,57.6,547100,384200,0.550459,-0.458353,0.00125743,0.00100326,12.248301,15.390805,2023-08-01
5810,2023-07-26 12:06:00,19850.0,19815.75,9743050,3502550,43.2,84.95,389350,159350,0.487903,-0.508226,0.00122367,0.00098057,12.681962,15.829969,2023-08-01
11069,2023-07-26 12:06:00,19900.0,19815.75,13603250,3796150,26.7,118.7,354950,121600,0.429061,-0.554232,0.00117747,0.00093136,12.976621,16.515629,2023-08-01
16325,2023-07-26 12:06:00,19950.0,19815.75,7758250,718500,15.2,156.95,212950,8150,0.372719,-0.595545,0.00112437,0.00087418,13.09946,17.248522,2023-08-01
21579,2023-07-26 12:06:00,20000.0,19815.75,13721350,1673900,8.35,200.2,297750,26450,0.321579,-0.628326,0.0010456,0.00079356,13.337618,18.543436,2023-08-01
26832,2023-07-26 12:06:00,20050.0,19815.75,5986100,62650,4.45,243.9,105150,0,0.276219,-0.655125,0.00095458,0.0007188,13.633026,19.945358,2023-08-01
24208,2023-07-26 12:07:00,19550.0,19815.1,340800,6192300,263.1,5.45,3650,117400,,-0.245169,,0.00074009,0.0,16.538349,2023-08-01
18955,2023-07-26 12:07:00,19600.0,19815.1,1682600,9049450,215.7,8.65,37500,202350,,-0.276841,,0.00081878,0.0,15.913158,2023-08-01
13698,2023-07-26 12:07:00,19650.0,19815.1,1283950,7222550,171.25,14.2,19550,244400,0.936411,-0.315343,0.00101226,0.00089248,4.792715,15.498953,2023-08-01
8441,2023-07-26 12:07:00,19700.0,19815.1,6085750,16834500,130.55,23.75,176350,337550,0.693893,-0.360689,0.00127959,0.00094659,10.671369,15.392585,2023-08-01
3181,2023-07-26 12:07:00,19750.0,19815.1,5127950,10133000,94.7,37.8,205650,258550,0.617061,-0.408749,0.00127512,0.00098763,11.648928,15.308536,2023-08-01
549,2023-07-26 12:07:00,19800.0,19815.1,15713750,14854250,64.95,58.05,615350,481600,0.550019,-0.459092,0.00126875,0.00100091,12.141808,15.431353,2023-08-01
5811,2023-07-26 12:07:00,19850.0,19815.1,9743050,3502550,42.5,85.45,360350,208050,0.486958,-0.508829,0.00123284,0.00097846,12.587816,15.865093,2023-08-01
11070,2023-07-26 12:07:00,19900.0,19815.1,13603250,3796150,26.25,119.2,403750,116600,0.427907,-0.554762,0.00118275,0.00093007,12.91304,16.537008,2023-08-01
16326,2023-07-26 12:07:00,19950.0,19815.1,7758250,718500,15.0,157.7,296150,22400,0.371767,-0.595651,0.00112538,0.00087021,13.078198,17.327631,2023-08-01
21580,2023-07-26 12:07:00,20000.0,19815.1,13721350,1673900,8.25,201.75,229550,20550,0.320793,-0.626454,0.0010452,0.00078065,13.330321,18.882247,2023-08-01
26833,2023-07-26 12:07:00,20050.0,19815.1,5986100,62650,4.4,246.9,96850,150,0.275582,-0.653413,0.0009536,0.00071016,13.632838,20.227033,2023-08-01
24209,2023-07-26 12:08:00,19550.0,19814.15,339950,6142250,261.2,5.55,3100,83250,,-0.246234,,0.00074058,0.0,16.567616,2023-08-01
18956,2023-07-26 12:08:00,19600.0,19814.15,1686700,8940700,214.15,8.75,20850,215100,,-0.277678,,0.00081978,0.0,15.9188,2023-08-01
13699,2023-07-26 12:08:00,19650.0,19814.15,1281700,7266350,169.85,14.35,24300,104550,,-0.316232,,0.00089338,0.0,15.503451,2023-08-01
8442,2023-07-26 12:08:00,19700.0,19814.15,6075950,16863900,129.3,24.0,151550,337650,0.695411,-0.361678,0.00129719,0.00094687,10.504528,15.40415,2023-08-01
3182,2023-07-26 12:08:00,19750.0,19814.15,5118500,10174150,93.9,38.25,166850,213800,0.616117,-0.409878,0.00127935,0.00098603,11.620085,15.345126,2023-08-01
550,2023-07-26 12:08:00,19800.0,19814.15,15614300,14939400,64.25,58.7,590850,382450,0.54893,-0.460157,0.00127285,0.00099773,12.108125,15.486444,2023-08-01
5812,2023-07-26 12:08:00,19850.0,19814.15,9714150,3501500,42.0,86.35,400350,150200,0.485751,-0.509663,0.00123476,0.00097312,12.568334,15.95295,2023-08-01
11071,2023-07-26 12:08:00,19900.0,19814.15,13659100,3825700,25.7,120.45,286550,73800,0.426359,-0.555049,0.00118825,0.00092129,12.845255,16.694679,2023-08-01
16327,2023-07-26 12:08:00,19950.0,19814.15,7710050,716900,14.65,159.15,231250,11100,0.370151,-0.595228,0.00112852,0.00085994,13.024813,17.540969,2023-08-01
21581,2023-07-26 12:08:00,20000.0,19814.15,13773850,1680800,8.1,202.95,196900,20300,0.319591,-0.626186,0.00104486,0.00077489,13.315157,19.028997,2023-08-01
26834,2023-07-26 12:08:00,20050.0,19814.15,6020050,62650,4.3,248.4,57750,1450,0.274333,-0.652063,0.0009531,0.00070198,13.610958,20.494236,2023-08-01
24210,2023-07-26 12:09:00,19550.0,19811.0,339950,6142250,260.85,5.6,1600,85850,,-0.247187,,0.00074718,0.0,16.458746,2023-08-01
18957,2023-07-26 12:09:00,19600.0,19811.0,1686700,8940700,213.75,8.8,25000,109900,,-0.27865,,0.00082835,0.0,15.784405,2023-08-01
13700,2023-07-26 12:09:00,19650.0,19811.0,1281700,7266350,169.3,14.45,20200,131350,0.781432,-0.317525,0.00124081,0.00090359,9.255774,15.35817,2023-08-01
8443,2023-07-26 12:09:00,19700.0,19811.0,6075950,16863900,129.0,24.15,119550,273850,0.678173,-0.36328,0.00122731,0.00095919,11.371249,15.232505,2023-08-01
3183,2023-07-26 12:09:00,19750.0,19811.0,5118500,10174150,93.5,38.4,201450,234700,0.608024,-0.411838,0.00123679,0.00100191,12.095155,15.122437,2023-08-01
551,2023-07-26 12:09:00,19800.0,19811.0,15614300,14939400,63.95,59.05,509150,439550,0.543879,-0.462847,0.00124056,0.00101445,12.444445,15.244315,2023-08-01
5813,2023-07-26 12:09:00,19850.0,19811.0,9714150,3501500,41.65,86.75,311450,132050,0.482291,-0.513153,0.00121287,0.00099274,12.793388,15.637176,2023-08-01
11072,2023-07-26 12:09:00,19900.0,19811.0,13659100,3825700,25.5,120.85,488250,91000,0.423828,-0.559666,0.00116967,0.00094379,13.036189,16.272664,2023-08-01
16328,2023-07-26 12:09:00,19950.0,19811.0,7710050,716900,14.5,159.95,190500,14600,0.36813,-0.60064,0.00111388,0.00087926,13.17525,17.099824,2023-08-01
21582,2023-07-26 12:09:00,20000.0,19811.0,13773850,1680800,7.95,203.25,210650,15450,0.317617,-0.633976,0.00103455,0.0008007,13.415748,18.293732,2023-08-01
26835,2023-07-26 12:09:00,20050.0,19811.0,6020050,62900,4.25,249.7,118250,1050,0.273059,-0.658297,0.00094318,0.00071538,13.725442,19.979058,2023-08-01
24211,2023-07-26 12:10:00,19550.0,19808.9,339950,6142250,259.45,5.55,1350,103250,,-0.247122,,0.00075304,0.0,16.330963,2023-08-01
18958,2023-07-26 12:10:00,19600.0,19808.9,1686700,8940700,211.55,8.9,19900,160800,,-0.279715,,0.00083296,0.0,15.72875,2023-08-01
13701,2023-07-26 12:10:00,19650.0,19808.9,1281700,7266350,167.5,14.7,11650,107350,0.774906,-0.319117,0.00124012,0.00090734,9.419405,15.329418,2023-08-01
8444,2023-07-26 12:10:00,19700.0,19808.9,6075950,16863900,127.25,24.5,118000,190750,0.675635,-0.364954,0.00123179,0.00096349,11.368536,15.190472,2023-08-01
3184,2023-07-26 12:10:00,19750.0,19808.9,5118500,10174150,92.1,39.0,113100,216600,0.605288,-0.413809,0.0012376,0.00100491,12.112428,15.096435,2023-08-01
552,2023-07-26 12:10:00,19800.0,19808.9,15614300,14939400,62.8,59.8,362100,373750,0.541259,-0.464898,0.00124119,0.0010181,12.44889,15.199313,2023-08-01
5814,2023-07-26 12:10:00,19850.0,19808.9,9714150,3501500,40.9,87.85,286850,144600,0.4798,-0.515273,0.00121,0.00099404,12.822065,15.616238,2023-08-01
11073,2023-07-26 12:10:00,19900.0,19808.9,13659100,3825700,25.05,122.05,301750,87100,0.421639,-0.561876,0.00116479,0.00094615,13.078763,16.220861,2023-08-01
16329,2023-07-26 12:10:00,19950.0,19808.9,7710050,716900,14.2,161.0,129950,8300,0.366111,-0.603478,0.00110934,0.00088568,13.207267,16.946418,2023-08-01
21583,2023-07-26 12:10:00,20000.0,19808.9,13773850,1680800,7.85,204.85,139150,17900,0.31632,-0.635924,0.00102776,0.00080088,13.483122,18.259846,2023-08-01
26836,2023-07-26 12:10:00,20050.0,19808.9,6020050,62900,4.15,250.6,125050,500,0.271503,-0.662651,0.00093869,0.00072463,13.75422,19.630623,2023-08-01
24212,2023-07-26 12:11:00,19550.0,19808.85,339250,6084000,258.15,5.6,1900,123550,,-0.247613,,0.00075222,0.0,16.367257,2023-08-01
18959,2023-07-26 12:11:00,19600.0,19808.85,1683900,8967300,211.05,8.95,28800,155150,,-0.280068,,0.00083211,0.0,15.75534,2023-08-01
13702,2023-07-26 12:11:00,19650.0,19808.85,1278950,7282800,166.9,14.8,23450,150000,0.78637,-0.319554,0.0012666,0.00090567,8.950115,15.367503,2023-08-01
8445,2023-07-26 12:11:00,19700.0,19808.85,6069950,16849150,126.7,24.65,190250,304500,0.67802,-0.365351,0.00124706,0.00096111,11.195824,15.23443,2023-08-01
3185,2023-07-26 12:11:00,19750.0,19808.85,5096750,10178350,91.5,39.25,248250,305600,0.606362,-0.414169,0.00125125,0.00100111,11.972112,15.157681,2023-08-01
553,2023-07-26 12:11:00,19800.0,19808.85,15566950,14970100,62.3,60.3,597050,543800,0.541487,-0.46515,0.0012516,0.00101072,12.345337,15.312081,2023-08-01
5815,2023-07-26 12:11:00,19850.0,19808.85,9718800,3468750,40.5,88.55,421250,168350,0.479557,-0.51509,0.00121805,0.00098408,12.737679,15.775537,2023-08-01
11074,2023-07-26 12:11:00,19900.0,19808.85,13522150,3812350,24.65,122.95,376200,136900,0.42093,-0.560983,0.00117336,0.00093371,12.979282,16.443757,2023-08-01
16330,2023-07-26 12:11:00,19950.0,19808.85,7700050,713950,13.95,161.8,292300,15350,0.365231,-0.602085,0.00111519,0.00087489,13.128187,17.172531,2023-08-01
21584,2023-07-26 12:11:00,20000.0,19808.85,13824550,1680150,7.65,205.65,248000,26250,0.31507,-0.633996,0.00103299,0.00079098,13.393014,18.522149,2023-08-01
26837,2023-07-26 12:11:00,20050.0,19808.85,6010050,62900,4.05,250.85,116400,700,0.270429,-0.661975,0.00094146,0.00072201,13.687354,19.718257,2023-08-01
24213,2023-07-26 12:12:00,19550.0,19809.05,339250,6084000,260.6,5.6,1600,55250,,-0.247635,,0.00075163,0.0,16.381494,2023-08-01
18960,2023-07-26 12:12:00,19600.0,19809.05,1683900,8967300,214.15,8.85,20850,136550,,-0.279481,,0.00083312,0.0,15.721125,2023-08-01
13703,2023-07-26 12:12:00,19650.0,19809.05,1278950,7282800,169.55,14.6,25550,95850,0.746716,-0.318769,0.00115976,0.00090814,10.744455,15.310563,2023-08-01
8446,2023-07-26 12:12:00,19700.0,19809.05,6069950,16849150,128.95,24.2,132350,250800,0.668543,-0.364257,0.00118588,0.00096725,11.913701,15.123317,2023-08-01
3186,2023-07-26 12:12:00,19750.0,19809.05,5096750,10178350,93.7,38.55,221150,255050,0.602454,-0.413195,0.00120145,0.00101063,12.502432,15.007407,2023-08-01
554,2023-07-26 12:12:00,19800.0,19809.05,15566950,14970100,64.35,59.15,508750,479350,0.540508,-0.464523,0.00120823,0.00102648,12.79234,15.075579,2023-08-01
5816,2023-07-26 12:12:00,19850.0,19809.05,9718800,3468750,41.9,86.9,329400,188400,0.480438,-0.515418,0.00118911,0.00100645,13.049693,15.425199,2023-08-01
11075,2023-07-26 12:12:00,19900.0,19809.05,13522150,3812350,25.7,121.05,269950,92000,0.422883,-0.562696,0.00115056,0.00095887,13.250072,16.002119,2023-08-01
16331,2023-07-26 12:12:00,19950.0,19809.05,7700050,713950,14.6,159.95,208650,8150,0.36764,-0.605103,0.00109962,0.00089888,13.34379,16.680725,2023-08-01
21585,2023-07-26 12:12:00,20000.0,19809.05,13824550,1680150,8.0,203.65,406700,18200,0.317396,-0.638636,0.00102382,0.00081509,13.555914,17.897885,2023-08-01
26838,2023-07-26 12:12:00,20050.0,19809.05,6010050,63000,4.25,250.4,137450,350,0.272734,-0.662724,0.00093583,0.00072536,13.828667,19.611304,2023-08-01
24214,2023-07-26 12:13:00,19550.0,19812.05,339250,6084000,263.85,5.6,2400,50500,,-0.247235,,0.00074428,0.0,16.527521,2023-08-01
18961,2023-07-26 12:13:00,19600.0,19812.05,1683900,8967300,215.95,8.8,36900,146350,,-0.278628,,0.00082464,0.0,15.857695,2023-08-01
13704,2023-07-26 12:13:00,19650.0,19812.05,1278950,7282800,171.75,14.3,35000,146250,0.757395,-0.316808,0.00117245,0.00090144,10.385611,15.382718,2023-08-01
8447,2023-07-26 12:13:00,19700.0,19812.05,6069950,16849150,131.0,23.75,193550,312000,0.673801,-0.362047,0.00119107,0.00095984,11.784503,15.20713,2023-08-01
3187,2023-07-26 12:13:00,19750.0,19812.05,5096750,10178350,95.1,37.9,255400,241200,0.60736,-0.410684,0.0012133,0.00100259,12.337208,15.10463,2023-08-01
555,2023-07-26 12:13:00,19800.0,19812.05,15566950,14970100,65.4,58.05,677800,526750,0.54452,-0.461581,0.00121937,0.00102114,12.660536,15.142563,2023-08-01
5817,2023-07-26 12:13:00,19850.0,19812.05,9718800,3468750,42.85,85.4,382300,134900,0.483895,-0.512328,0.00119504,0.00100295,12.988809,15.481646,2023-08-01
11076,2023-07-26 12:13:00,19900.0,19812.05,13522150,3812350,26.3,119.25,318300,95150,0.425942,-0.559555,0.00115779,0.00095614,13.185688,16.065979,2023-08-01
16332,2023-07-26 12:13:00,19950.0,19812.05,7700050,713950,14.95,157.95,192850,9350,0.370295,-0.601843,0.00110748,0.00089606,13.279042,16.768769,2023-08-01
21586,2023-07-26 12:13:00,20000.0,19812.05,13824550,1680150,8.15,201.45,307350,19950,0.319384,-0.635472,0.00103281,0.00081318,13.47205,17.991457,2023-08-01
26839,2023-07-26 12:13:00,20050.0,19812.05,6010050,63000,4.35,247.05,86450,600,0.274596,-0.663117,0.0009432,0.00073652,13.76558,19.303595,2023-08-01
24215,2023-07-26 12:14:00,19550.0,19812.4,340600,6069600,262.95,5.5,2250,54600,,-0.246369,,0.00074503,0.0,16.480506,2023-08-01
18962,2023-07-26 12:14:00,19600.0,19812.4,1693950,8932800,216.0,8.7,26150,112350,,-0.278005,,0.00082518,0.0,15.830573,2023-08-01
13705,2023-07-26 12:14:00,19650.0,19812.4,1282400,7308050,171.55,14.25,30650,91150,0.765512,-0.316556,0.00119255,0.00090079,10.022455,15.389313,2023-08-01
8448,2023-07-26 12:14:00,19700.0,19812.4,6057650,16837050,130.9,23.65,127900,236300,0.675968,-0.361703,0.00120106,0.00095959,11.655094,15.206714,2023-08-01
3188,2023-07-26 12:14:00,19750.0,19812.4,5051450,10141300,94.95,37.8,162800,218950,0.60857,-0.410379,0.0012219,0.00100186,12.240287,15.113565,2023-08-01
556,2023-07-26 12:14:00,19800.0,19812.4,15474000,15018750,65.25,58.1,405450,314050,0.545172,-0.46133,0.0012264,0.00101762,12.586188,15.194529,2023-08-01
5818,2023-07-26 12:14:00,19850.0,19812.4,9670100,3491000,42.7,85.35,305050,109300,0.484198,-0.51193,0.00120105,0.00100051,12.924658,15.520444,2023-08-01
11077,2023-07-26 12:14:00,19900.0,19812.4,13566650,3811550,26.3,119.25,224150,46200,0.426204,-0.558963,0.00115996,0.00095262,13.163211,16.129582,2023-08-01
16333,2023-07-26 12:14:00,19950.0,19812.4,7673050,716200,14.95,157.85,148950,9250,0.370497,-0.601203,0.0011092,0.00089369,13.261315,16.821053,2023-08-01
21587,2023-07-26 12:14:00,20000.0,19812.4,13955850,1681950,8.1,201.35,126100,9800,0.319242,-0.634678,0.00103558,0.00081075,13.434091,18.059158,2023-08-01
26840,2023-07-26 12:14:00,20050.0,19812.4,6017650,63000,4.3,246.05,97550,150,0.274203,-0.665258,0.00094583,0.00074552,13.718179,19.023791,2023-08-01
24216,2023-07-26 12:15:00,19550.0,19814.5,340600,6069600,264.0,5.45,10250,105100,,-0.245672,,0.00074077,0.0,16.549274,2023-08-01
18963,2023-07-26 12:15:00,19600.0,19814.5,1693950,8932800,217.25,8.55,30100,215950,,-0.276726,,0.0008213,0.0,15.868666,2023-08-01
13706,2023-07-26 12:15:00,19650.0,19814.5,1282400,7308050,173.15,14.05,27300,196350,0.774348,-0.315232,0.00120105,0.00089601,9.73948,15.443074,2023-08-01
8449,2023-07-26 12:15:00,19700.0,19814.5,6057650,16837050,132.1,23.35,577100,273050,0.681078,-0.360203,0.00121232,0.00095427,11.470176,15.268982,2023-08-01
3189,2023-07-26 12:15:00,19750.0,19814.5,5051450,10141300,96.0,37.15,184000,235850,0.612012,-0.408375,0.00122922,0.00099941,12.136252,15.132048,2023-08-01
557,2023-07-26 12:15:00,19800.0,19814.5,15474000,15018750,65.95,57.3,554200,443900,0.548087,-0.459277,0.00123546,0.00101449,12.48251,15.232815,2023-08-01
5819,2023-07-26 12:15:00,19850.0,19814.5,9670100,3491000,42.9,84.4,600800,147650,0.486479,-0.509764,0.00121557,0.00099674,12.772388,15.580775,2023-08-01
11078,2023-07-26 12:15:00,19900.0,19814.5,13566650,3811550,26.4,117.8,322150,71300,0.42786,-0.556989,0.00117244,0.00095359,13.032609,16.124153,2023-08-01
16334,2023-07-26 12:15:00,19950.0,19814.5,7673050,716200,14.95,156.4,214850,23750,0.371559,-0.599058,0.001121,0.00089257,13.133216,16.864996,2023-08-01
21588,2023-07-26 12:15:00,20000.0,19814.5,13955850,1681950,8.15,199.5,190950,18550,0.320321,-0.633307,0.00104353,0.00081364,13.349842,18.016514,2023-08-01
26841,2023-07-26 12:15:00,20050.0,19814.5,6017650,63400,4.35,246.2,93650,1550,0.275313,-0.657238,0.00095168,0.00072265,13.660382,19.804526,2023-08-01
24217,2023-07-26 12:16:00,19550.0,19812.95,340600,6069600,262.05,5.5,2500,70350,,-0.24639,,0.00074353,0.0,16.516041,2023-08-01
18964,2023-07-26 12:16:00,19600.0,19812.95,1693950,8932800,215.15,8.7,35600,102250,,-0.27799,,0.00082326,0.0,15.868519,2023-08-01
13707,2023-07-26 12:16:00,19650.0,19812.95,1282400,7308050,171.1,14.3,23750,122650,0.784063,-0.316684,0.00123334,0.0008975,9.249661,15.449628,2023-08-01
8450,2023-07-26 12:16:00,19700.0,19812.95,6057650,16837050,130.5,23.8,210800,287350,0.680727,-0.361913,0.00122451,0.00095416,11.362726,15.297647,2023-08-01
3190,2023-07-26 12:16:00,19750.0,19812.95,5051450,10141300,94.5,37.8,197550,280550,0.610978,-0.410115,0.0012409,0.00099818,12.03287,15.168259,2023-08-01
558,2023-07-26 12:16:00,19800.0,19812.95,15474000,15018750,64.85,58.15,502500,390900,0.546327,-0.460929,0.00124118,0.00101248,12.43317,15.271472,2023-08-01
5820,2023-07-26 12:16:00,19850.0,19812.95,9670100,3491000,42.4,85.75,455950,111400,0.484657,-0.511173,0.0012119,0.00098963,12.810644,15.69336,2023-08-01
11079,2023-07-26 12:16:00,19900.0,19812.95,13566650,3811550,26.05,119.45,386000,98900,0.426225,-0.557833,0.00116892,0.00094423,13.063528,16.281144,2023-08-01
16335,2023-07-26 12:16:00,19950.0,19812.95,7673050,716200,14.8,158.25,212850,11900,0.370327,-0.599196,0.00111558,0.00088215,13.184678,17.065077,2023-08-01
21589,2023-07-26 12:16:00,20000.0,19812.95,13955850,1681950,8.15,201.65,181600,24050,0.319825,-0.632281,0.00103624,0.00080099,13.436965,18.320585,2023-08-01
26842,2023-07-26 12:16:00,20050.0,19812.95,6017650,63400,4.35,247.45,120500,550,0.274975,-0.658545,0.00094593,0.00072251,13.736877,19.782468,2023-08-01
24218,2023-07-26 12:17:00,19550.0,19813.8,339650,6042400,265.0,5.45,1100,41450,,-0.245879,,0.00074225,0.0,16.526269,2023-08-01
18965,2023-07-26 12:17:00,19600.0,19813.8,1684350,9010600,217.5,8.6,19050,114850,,-0.277264,,0.00082229,0.0,15.866984,2023-08-01
13708,2023-07-26 12:17:00,19650.0,19813.8,1282700,7311050,173.35,14.05,21050,111700,0.759427,-0.315502,0.00116699,0.00089835,10.388097,15.410687,2023-08-01
8451,2023-07-26 12:17:00,19700.0,19813.8,5816950,16859550,132.5,23.45,146400,229850,0.675362,-0.360776,0.00118481,0.00095558,11.825149,15.25866,2023-08-01
3191,2023-07-26 12:17:00,19750.0,19813.8,5014850,10221200,96.45,37.3,164500,214250,0.609067,-0.409003,0.00120687,0.00100075,12.389603,15.119648,2023-08-01
559,2023-07-26 12:17:00,19800.0,19813.8,15411750,15157050,66.2,57.05,322350,333000,0.54672,-0.459732,0.0012209,0.00102287,12.638401,15.112099,2023-08-01
5821,2023-07-26 12:17:00,19850.0,19813.8,9683200,3514450,43.15,84.3,246150,109950,0.485839,-0.510595,0.00120302,0.00100365,12.906807,15.474944,2023-08-01
11080,2023-07-26 12:17:00,19900.0,19813.8,13594450,3843150,26.6,117.55,240600,50400,0.427715,-0.558374,0.00116226,0.00096351,13.147799,15.952361,2023-08-01
16336,2023-07-26 12:17:00,19950.0,19813.8,7678250,724750,15.05,156.0,114700,5300,0.37161,-0.601356,0.0011139,0.0009053,13.219504,16.605232,2023-08-01
21590,2023-07-26 12:17:00,20000.0,19813.8,13968950,1681950,8.2,199.7,87800,11950,0.320466,-0.634792,0.00103848,0.00081796,13.419343,17.899782,2023-08-01
26843,2023-07-26 12:17:00,20050.0,19813.8,6016900,63400,4.3,245.0,33400,300,0.274708,-0.663589,0.00095038,0.00074404,13.666255,19.100509,2023-08-01
24219,2023-07-26 12:18:00,19550.0,19814.3,339650,6042400,263.85,5.5,2550,40400,,-0.246294,,0.00074013,0.0,16.589151,2023-08-01
18966,2023-07-26 12:18:00,19600.0,19814.3,1684350,9010600,216.65,8.65,30400,114600,,-0.277517,,0.0008198,0.0,15.922934,2023-08-01
13709,2023-07-26 12:18:00,19650.0,19814.3,1282700,7311050,172.4,14.2,18250,74500,0.785126,-0.316004,0.00122654,0.00089374,9.274817,15.501251,2023-08-01
8452,2023-07-26 12:18:00,19700.0,19814.3,5816950,16859550,132.0,23.5,158250,219600,0.680324,-0.360738,0.00120978,0.00095222,11.507741,15.312479,2023-08-01
3192,2023-07-26 12:18:00,19750.0,19814.3,5014850,10221200,95.95,37.4,163150,293200,0.611464,-0.408884,0.00122623,0.00099604,12.173066,15.190498,2023-08-01
560,2023-07-26 12:18:00,19800.0,19814.3,15411750,15157050,65.9,57.4,398750,260800,0.547748,-0.459514,0.00123312,0.00101373,12.509692,15.24794,2023-08-01
5822,2023-07-26 12:18:00,19850.0,19814.3,9683200,3514450,42.85,84.6,230100,108700,0.486257,-0.509935,0.0012138,0.00099481,12.793045,15.613582,2023-08-01
11081,2023-07-26 12:18:00,19900.0,19814.3,13594450,3843150,26.4,118.3,200850,60350,0.427773,-0.556779,0.00117006,0.0009477,13.060864,16.22857,2023-08-01
16337,2023-07-26 12:18:00,19950.0,19814.3,7678250,724750,14.85,156.8,132750,7600,0.371223,-0.598733,0.00112158,0.00088846,13.125015,16.949617,2023-08-01
21591,2023-07-26 12:18:00,20000.0,19814.3,13968950,1690450,8.1,200.25,157900,12000,0.320075,-0.631909,0.00104338,0.00080538,13.34988,18.227611,2023-08-01
26844,2023-07-26 12:18:00,20050.0,19814.3,6016900,63800,4.3,247.75,66650,250,0.274885,-0.653171,0.00095203,0.00070659,13.647366,20.347839,2023-08-01
24220,2023-07-26 12:19:00,19550.0,19817.5,339650,6042400,268.55,5.25,9350,154600,,-0.243659,,0.0007367,0.0,16.568474,2023-08-01
18967,2023-07-26 12:19:00,19600.0,19817.5,1684350,9010600,221.3,8.15,78600,479750,,-0.273837,,0.00081881,0.0,15.836255,2023-08-01
13710,2023-07-26 12:19:00,19650.0,19817.5,1282700,7311050,176.5,13.3,69750,398400,0.768317,-0.311522,0.00116713,0.00089689,10.1728,15.350661,2023-08-01
8453,2023-07-26 12:19:00,19700.0,19817.5,5816950,16859550,135.6,22.15,336350,871200,0.679403,-0.356195,0.0011761,0.00095895,11.850268,15.136451,2023-08-01
3193,2023-07-26 12:19:00,19750.0,19817.5,5014850,10221200,99.0,35.2,364700,880350,0.613556,-0.404096,0.00120309,0.00101177,12.386524,14.909239,2023-08-01
561,2023-07-26 12:19:00,19800.0,19817.5,15411750,15157050,67.95,54.5,1046200,1253700,0.551475,-0.455472,0.00122564,0.00103517,12.569948,14.914364,2023-08-01
5823,2023-07-26 12:19:00,19850.0,19817.5,9683200,3514450,44.45,80.95,581050,431950,0.490216,-0.507162,0.00120825,0.00102239,12.854176,15.193111,2023-08-01
11082,2023-07-26 12:19:00,19900.0,19817.5,13594450,3843150,27.3,114.0,582100,262250,0.431467,-0.555851,0.00117262,0.00098024,13.052762,15.693424,2023-08-01
16338,2023-07-26 12:19:00,19950.0,19817.5,7678250,724750,15.4,152.2,316650,42800,0.374657,-0.59981,0.00112608,0.00092173,13.109593,16.324727,2023-08-01
21592,2023-07-26 12:19:00,20000.0,19817.5,13968950,1690450,8.35,195.15,300500,52250,0.322757,-0.635773,0.0010509,0.00084129,13.299055,17.386622,2023-08-01
26845,2023-07-26 12:19:00,20050.0,19817.5,6016900,63800,4.3,241.0,122050,2300,0.275751,-0.663623,0.00096362,0.00075679,13.502717,18.776625,2023-08-01
24221,2023-07-26 12:20:00,19550.0,19819.05,344350,6027400,267.5,5.15,2650,140300,,-0.242577,,0.00073467,0.0,16.573805,2023-08-01
18968,2023-07-26 12:20:00,19600.0,19819.05,1676200,9009550,220.1,8.25,48900,183700,,-0.274223,,0.00081235,0.0,15.972807,2023-08-01
13711,2023-07-26 12:20:00,19650.0,19819.05,1276600,7308150,175.9,13.45,40900,188950,0.825817,-0.311784,0.00125225,0.00088834,7.99231,15.503743,2023-08-01
8454,2023-07-26 12:20:00,19700.0,19819.05,5776650,16864400,134.75,22.35,274050,448600,0.692821,-0.356167,0.0012375,0.00094824,11.05732,15.306756,2023-08-01
3194,2023-07-26 12:20:00,19750.0,19819.05,4998300,10068150,98.3,35.8,265900,435350,0.619644,-0.40416,0.00124508,0.00099299,11.91201,15.191382,2023-08-01
562,2023-07-26 12:20:00,19800.0,19819.05,15315050,15174550,67.7,55.35,852450,635850,0.554352,-0.454758,0.0012501,0.0010108,12.311877,15.270504,2023-08-01
5824,2023-07-26 12:20:00,19850.0,19819.05,9693850,3530700,44.25,82.0,595200,216600,0.491861,-0.505197,0.00122699,0.00099343,12.658765,15.636857,2023-08-01
11083,2023-07-26 12:20:00,19900.0,19819.05,13520900,3862900,27.15,115.0,541700,133550,0.432398,-0.552385,0.00118727,0.00095058,12.896707,16.20192,2023-08-01
16339,2023-07-26 12:20:00,19950.0,19819.05,7628500,731450,15.35,153.2,252150,18700,0.375315,-0.59454,0.00113633,0.00089085,12.998303,16.946904,2023-08-01
21593,2023-07-26 12:20:00,20000.0,19819.05,13928450,1690150,8.3,196.5,257100,39250,0.323057,-0.627819,0.00105944,0.00080648,13.196671,18.265838,2023-08-01
26846,2023-07-26 12:20:00,20050.0,19819.05,6061500,64700,4.35,242.35,86500,300,0.276734,-0.653789,0.00096764,0.00072444,13.469784,19.830974,2023-08-01
24222,2023-07-26 12:21:00,19550.0,19815.25,344350,6027400,265.7,5.15,1200,106650,,-0.243176,,0.00074353,0.0,16.402346,2023-08-01
18969,2023-07-26 12:21:00,19600.0,19815.25,1676200,9009550,218.6,8.2,26600,186750,,-0.274684,,0.00082443,0.0,15.755743,2023-08-01
13712,2023-07-26 12:21:00,19650.0,19815.25,1276600,7308150,174.05,13.5,32050,203300,0.771059,-0.313035,0.00118829,0.00090166,9.92763,15.304983,2023-08-01
8455,2023-07-26 12:21:00,19700.0,19815.25,5776650,16864400,133.4,22.6,293800,289350,0.678258,-0.35825,0.00118918,0.00096182,11.74001,15.125292,2023-08-01
3195,2023-07-26 12:21:00,19750.0,19815.25,4998300,10068150,96.9,36.25,199650,406200,0.6119,-0.406856,0.00121725,0.00100787,12.260366,14.995785,2023-08-01
563,2023-07-26 12:21:00,19800.0,19815.25,15315050,15174550,66.6,56.05,499550,446550,0.548745,-0.45811,0.00122786,0.00102688,12.560966,15.049098,2023-08-01
5825,2023-07-26 12:21:00,19850.0,19815.25,9693850,3530700,43.45,82.9,454600,190900,0.487487,-0.509283,0.00120845,0.00101149,12.85251,15.35866,2023-08-01
11084,2023-07-26 12:21:00,19900.0,19815.25,13520900,3862900,26.75,116.4,414800,130750,0.429049,-0.55711,0.00116807,0.00096575,13.092485,15.925302,2023-08-01
16340,2023-07-26 12:21:00,19950.0,19815.25,7628500,731450,15.2,154.7,167300,12150,0.372946,-0.600341,0.00111743,0.00090831,13.194979,16.563887,2023-08-01
21594,2023-07-26 12:21:00,20000.0,19815.25,13928450,1690150,8.25,198.0,172550,29650,0.321448,-0.63487,0.00104285,0.00082534,13.382248,17.741326,2023-08-01
26847,2023-07-26 12:21:00,20050.0,19815.25,6061500,64700,4.35,243.2,69700,650,0.275812,-0.664332,0.00095343,0.00075167,13.651584,18.893183,2023-08-01
24223,2023-07-26 12:22:00,19550.0,19812.8,344350,6027400,264.35,5.2,11850,69150,,-0.244045,,0.00074846,0.0,16.328765,2023-08-01
18970,2023-07-26 12:22:00,19600.0,19812.8,1676200,9009550,217.25,8.3,24550,171000,,-0.27584,,0.00083,0.0,15.685378,2023-08-01
13713,2023-07-26 12:22:00,19650.0,19812.8,1276600,7308150,172.25,13.75,26850,143300,0.760139,-0.314764,0.00117548,0.00090659,10.299873,15.260533,2023-08-01
8456,2023-07-26 12:22:00,19700.0,19812.8,5776650,16864400,131.55,23.2,135550,263400,0.674487,-0.360708,0.00118864,0.00096348,11.804033,15.137681,2023-08-01
3196,2023-07-26 12:22:00,19750.0,19812.8,4998300,10068150,95.65,37.0,146850,260400,0.60791,-0.409257,0.00120872,0.00101036,12.384969,14.983121,2023-08-01
564,2023-07-26 12:22:00,19800.0,19812.8,15315050,15174550,65.65,57.1,482150,441650,0.545423,-0.460611,0.00121952,0.00102825,12.661751,15.041316,2023-08-01
5826,2023-07-26 12:22:00,19850.0,19812.8,9693850,3530700,42.7,84.2,417300,160750,0.484639,-0.511786,0.00120199,0.00101262,12.920668,15.34164,2023-08-01
11085,2023-07-26 12:22:00,19900.0,19812.8,13520900,3862900,26.25,117.75,313350,85450,0.426553,-0.559784,0.00116148,0.0009693,13.153849,15.85396,2023-08-01
16341,2023-07-26 12:22:00,19950.0,19812.8,7628500,731450,14.9,156.45,183150,11200,0.370784,-0.602756,0.0011106,0.00090854,13.253632,16.535985,2023-08-01
21595,2023-07-26 12:22:00,20000.0,19812.8,13928450,1690150,8.1,199.6,181300,28400,0.319728,-0.637983,0.00103567,0.00082947,13.44729,17.605089,2023-08-01
26848,2023-07-26 12:22:00,20050.0,19812.8,6061500,64700,4.2,246.0,47200,1150,0.273637,-0.663708,0.0009491,0.0007411,13.662844,19.180189,2023-08-01
24224,2023-07-26 12:23:00,19550.0,19813.7,340450,5965100,263.4,5.3,2000,77050,,-0.244873,,0.00074448,0.0,16.446223,2023-08-01
18971,2023-07-26 12:23:00,19600.0,19813.7,1672350,9015800,215.6,8.4,19450,143350,,-0.276337,,0.00082534,0.0,15.787948,2023-08-01
13714,2023-07-26 12:23:00,19650.0,19813.7,1268400,7272000,171.4,13.95,16500,155300,0.794129,-0.315372,0.00124825,0.00089948,8.890117,15.394018,2023-08-01
8457,2023-07-26 12:23:00,19700.0,19813.7,5748200,16910200,130.75,23.4,152750,238000,0.683181,-0.360883,0.00123213,0.0009557,11.25977,15.26352,2023-08-01
3197,2023-07-26 12:23:00,19750.0,19813.7,5007500,10076300,94.85,37.4,187450,198100,0.612059,-0.409319,0.00124193,0.00099848,12.017574,15.162111,2023-08-01
565,2023-07-26 12:23:00,19800.0,19813.7,15257200,15290750,65.05,57.6,495200,359100,0.547319,-0.460137,0.00124327,0.00101386,12.413063,15.253263,2023-08-01
5827,2023-07-26 12:23:00,19850.0,19813.7,9798600,3577200,42.35,84.95,377100,155900,0.485447,-0.510521,0.00121756,0.00099357,12.756547,15.637336,2023-08-01
11086,2023-07-26 12:23:00,19900.0,19813.7,13578250,3933200,26.0,118.8,318500,92950,0.426804,-0.557192,0.00117332,0.00094516,13.02276,16.274847,2023-08-01
16342,2023-07-26 12:23:00,19950.0,19813.7,7639750,730900,14.85,157.15,226950,17850,0.371089,-0.599354,0.00111676,0.00088878,13.184251,16.942003,2023-08-01
21596,2023-07-26 12:23:00,20000.0,19813.7,13904350,1704100,8.0,201.0,231950,27200,0.319469,-0.631613,0.0010424,0.00080096,13.356103,18.338754,2023-08-01
26849,2023-07-26 12:23:00,20050.0,19813.7,6054750,64700,4.2,247.5,129250,150,0.273914,-0.655692,0.00095219,0.00071417,13.625468,20.083496,2023-08-01
24225,2023-07-26 12:24:00,19550.0,19812.4,340450,5965100,261.45,5.35,900,100900,,-0.245564,,0.00074665,0.0,16.425304,2023-08-01
18972,2023-07-26 12:24:00,19600.0,19812.4,1672350,9015800,214.35,8.6,10600,141850,,-0.277871,,0.00082565,0.0,15.826764,2023-08-01
13715,2023-07-26 12:24:00,19650.0,19812.4,1268400,7272000,170.4,14.15,15050,109450,0.786261,-0.316565,0.00124184,0.00090087,9.136335,15.396795,2023-08-01
8458,2023-07-26 12:24:00,19700.0,19812.4,5748200,16910200,130.0,23.75,274500,200950,0.679802,-0.362257,0.00122431,0.00095603,11.383877,15.28004,2023-08-01
3198,2023-07-26 12:24:00,19750.0,19812.4,5007500,10076300,93.85,37.7,142100,175800,0.610606,-0.410456,0.00124537,0.00100125,11.99872,15.131986,2023-08-01
566,2023-07-26 12:24:00,19800.0,19812.4,15257200,15290750,64.4,58.15,359450,419600,0.545634,-0.461447,0.00124191,0.00101461,12.434412,15.248683,2023-08-01
5828,2023-07-26 12:24:00,19850.0,19812.4,9798600,3577200,41.8,85.8,486300,132300,0.483863,-0.511779,0.00121736,0.00099172,12.758306,15.667086,2023-08-01
11087,2023-07-26 12:24:00,19900.0,19812.4,13578250,3933200,25.65,119.45,252500,90850,0.425339,-0.558639,0.00117167,0.00094779,13.033697,16.223008,2023-08-01
16343,2023-07-26 12:24:00,19950.0,19812.4,7639750,730900,14.5,158.4,170700,5200,0.3693,-0.600004,0.00111791,0.00088424,13.151621,17.023798,2023-08-01
21597,2023-07-26 12:24:00,20000.0,19812.4,13904350,1704100,7.95,202.05,158500,18050,0.318753,-0.632643,0.00103767,0.0008002,13.405928,18.341489,2023-08-01
26850,2023-07-26 12:24:00,20050.0,19812.4,6054750,64600,4.15,246.25,64650,100,0.273094,-0.664277,0.00094892,0.00074184,13.653864,19.150784,2023-08-01
24226,2023-07-26 12:25:00,19550.0,19810.4,340450,5965100,259.5,5.4,2700,51700,,-0.246358,,0.00075053,0.0,16.371103,2023-08-01
18973,2023-07-26 12:25:00,19600.0,19810.4,1672350,9015800,212.75,8.6,26950,131750,,-0.278315,,0.00083167,0.0,15.727035,2023-08-01
13716,2023-07-26 12:25:00,19650.0,19810.4,1268400,7272000,168.0,14.35,30550,189600,0.796068,-0.317943,0.00127473,0.00090502,8.658977,15.356887,2023-08-01
8459,2023-07-26 12:25:00,19700.0,19810.4,5748200,16910200,128.25,24.0,372600,442300,0.677766,-0.363658,0.00123089,0.00096138,11.354654,15.217227,2023-08-01
3199,2023-07-26 12:25:00,19750.0,19810.4,5007500,10076300,92.4,38.4,214050,292300,0.608201,-0.412503,0.00124881,0.00100201,11.98841,15.14077,2023-08-01
567,2023-07-26 12:25:00,19800.0,19810.4,15257200,15290750,62.85,59.0,674600,554700,0.543439,-0.463458,0.00125273,0.00101594,12.336554,15.238441,2023-08-01
5829,2023-07-26 12:25:00,19850.0,19810.4,9798600,3577200,40.85,87.1,475200,217550,0.481373,-0.51371,0.00121971,0.00098919,12.732252,15.707168,2023-08-01
11088,2023-07-26 12:25:00,19900.0,19810.4,13578250,3933200,24.9,121.2,352800,125700,0.422708,-0.560099,0.00117434,0.00094131,12.989386,16.328168,2023-08-01
16344,2023-07-26 12:25:00,19950.0,19810.4,7639750,730900,14.1,160.45,308900,15850,0.366974,-0.600774,0.00111645,0.00087571,13.143577,17.183741,2023-08-01
21598,2023-07-26 12:25:00,20000.0,19810.4,13904350,1704100,7.65,203.65,225450,26200,0.316214,-0.634291,0.001037,0.00079935,13.371464,18.336423,2023-08-01
26851,2023-07-26 12:25:00,20050.0,19810.4,6054750,64600,4.05,250.0,79600,1100,0.271539,-0.658941,0.00094477,0.00071573,13.677201,19.973749,2023-08-01
24227,2023-07-26 12:26:00,19550.0,19812.65,340450,5939350,260.25,5.4,2100,75950,,-0.246076,,0.000745,0.0,16.481653,2023-08-01
18974,2023-07-26 12:26:00,19600.0,19812.65,1670450,9002650,213.95,8.55,20000,119300,,-0.277612,,0.00082551,0.0,15.823813,2023-08-01
13717,2023-07-26 12:26:00,19650.0,19812.65,1273800,7260400,169.8,14.15,20400,90450,0.810826,-0.316578,0.00128145,0.00089958,8.2298,15.420693,2023-08-01
8460,2023-07-26 12:26:00,19700.0,19812.65,5630650,16937150,129.35,23.65,116750,281850,0.684522,-0.361984,0.00124991,0.00095607,11.082119,15.277085,2023-08-01
3200,2023-07-26 12:26:00,19750.0,19812.65,5030700,10072650,93.5,37.8,136050,211350,0.612027,-0.41049,0.00125766,0.00099778,11.870197,15.186496,2023-08-01
568,2023-07-26 12:26:00,19800.0,19812.65,15236450,15337600,63.8,58.15,394450,424250,0.54646,-0.461264,0.00125804,0.00101237,12.273162,15.283294,2023-08-01
5830,2023-07-26 12:26:00,19850.0,19812.65,9869450,3621750,41.3,85.7,415800,149150,0.483925,-0.511515,0.00123023,0.00099067,12.626215,15.685568,2023-08-01
11089,2023-07-26 12:26:00,19900.0,19812.65,13649900,3928900,25.1,119.8,379450,91800,0.424639,-0.55785,0.0011857,0.0009401,12.876347,16.362082,2023-08-01
16345,2023-07-26 12:26:00,19950.0,19812.65,7588800,730900,14.05,159.25,334250,8850,0.36792,-0.597909,0.00113052,0.0008698,12.990235,17.331863,2023-08-01
21599,2023-07-26 12:26:00,20000.0,19812.65,13862050,1705200,7.45,202.65,499250,29650,0.315725,-0.630418,0.00105299,0.00078987,13.158935,18.620112,2023-08-01
26852,2023-07-26 12:26:00,20050.0,19812.65,6063100,64600,3.85,249.6,156500,500,0.269849,-0.652795,0.00095922,0.0006999,13.428396,20.561626,2023-08-01
24228,2023-07-26 12:27:00,19550.0,19814.9,338050,5939350,266.2,5.2,2000,104700,,-0.244001,,0.00074295,0.0,16.450997,2023-08-01
18975,2023-07-26 12:27:00,19600.0,19814.9,1670450,9002650,219.45,8.3,28350,131550,,-0.27567,,0.00082297,0.0,15.817375,2023-08-01
13718,2023-07-26 12:27:00,19650.0,19814.9,1273800,7260400,174.5,13.55,43750,199200,0.757882,-0.313583,0.00115584,0.00090116,10.530189,15.33051,2023-08-01
8461,2023-07-26 12:27:00,19700.0,19814.9,5630650,16937150,133.75,22.65,243300,352300,0.674498,-0.358702,0.00117012,0.0009615,11.992776,15.142384,2023-08-01
3201,2023-07-26 12:27:00,19750.0,19814.9,5030700,10072650,97.2,35.9,294050,344500,0.610093,-0.406686,0.00120268,0.00101427,12.429822,14.904914,2023-08-01
569,2023-07-26 12:27:00,19800.0,19814.9,15236450,15337600,66.7,55.6,696100,653100,0.548,-0.458217,0.00121941,0.0010351,12.655449,14.935255,2023-08-01
5831,2023-07-26 12:27:00,19850.0,19814.9,9869450,3621750,43.25,82.25,434350,249650,0.48706,-0.509854,0.00120756,0.00102317,12.866217,15.188264,2023-08-01
11090,2023-07-26 12:27:00,19900.0,19814.9,13649900,3928900,26.35,115.6,421400,136350,0.428286,-0.55846,0.00117277,0.00098007,13.040044,15.690405,2023-08-01
16346,2023-07-26 12:27:00,19950.0,19814.9,7588800,727800,14.85,154.0,256150,22900,0.37181,-0.602384,0.00112264,0.00092165,13.125518,16.307754,2023-08-01
21600,2023-07-26 12:27:00,20000.0,19814.9,13862050,1705200,7.95,197.3,322600,26750,0.319752,-0.637715,0.00104851,0.00083832,13.285427,17.426711,2023-08-01
26853,2023-07-26 12:27:00,20050.0,19814.9,6063100,64050,4.05,244.25,134350,1500,0.272762,-0.661829,0.00096075,0.00074111,13.478167,19.224794,2023-08-01
24229,2023-07-26 12:28:00,19550.0,19813.1,338050,5939350,264.3,5.3,800,64900,,-0.245222,,0.00074545,0.0,16.442575,2023-08-01
18976,2023-07-26 12:28:00,19600.0,19813.1,1670450,9002650,216.95,8.4,11500,72000,,-0.276693,,0.00082653,0.0,15.780102,2023-08-01
13719,2023-07-26 12:28:00,19650.0,19813.1,1273800,7260400,172.5,13.85,15500,84400,0.760281,-0.315335,0.00117402,0.0009027,10.312631,15.343128,2023-08-01
8462,2023-07-26 12:28:00,19700.0,19813.1,5630650,16937150,131.3,23.1,113700,169000,0.676848,-0.360538,0.00120028,0.00096251,11.658373,15.155441,2023-08-01
3202,2023-07-26 12:28:00,19750.0,19813.1,5030700,10072650,95.6,36.9,140850,186250,0.608612,-0.409082,0.00121244,0.00100883,12.344785,15.009117,2023-08-01
570,2023-07-26 12:28:00,19800.0,19813.1,15236450,15337600,65.1,57.05,433250,285350,0.546217,-0.460402,0.00123313,0.00102546,12.523141,15.086421,2023-08-01
5832,2023-07-26 12:28:00,19850.0,19813.1,9869450,3621750,42.25,84.0,333500,138650,0.484792,-0.51148,0.00121252,0.00101174,12.812832,15.360324,2023-08-01
11091,2023-07-26 12:28:00,19900.0,19813.1,13649900,3928900,25.75,117.65,224950,49850,0.42607,-0.559313,0.00117318,0.00096665,13.023911,15.90536,2023-08-01
16347,2023-07-26 12:28:00,19950.0,19813.1,7588800,727800,14.5,156.4,153900,6300,0.369773,-0.602026,0.00112088,0.00090503,13.124762,16.613694,2023-08-01
21601,2023-07-26 12:28:00,20000.0,19813.1,13862050,1705200,7.75,200.15,155650,11550,0.317912,-0.635419,0.00104577,0.00081771,13.289811,17.90678,2023-08-01
26854,2023-07-26 12:28:00,20050.0,19813.1,6063100,64050,4.1,245.35,131450,200,0.272923,-0.664692,0.00095239,0.00074567,13.602436,19.046875,2023-08-01
24230,2023-07-26 12:29:00,19550.0,19814.35,336350,5955950,264.45,5.3,2000,51250,,-0.245092,,0.00074236,0.0,16.505998,2023-08-01
18977,2023-07-26 12:29:00,19600.0,19814.35,1673700,9014900,217.3,8.35,18750,125300,,-0.276186,,0.00082349,0.0,15.824015,2023-08-01
13720,2023-07-26 12:29:00,19650.0,19814.35,1266150,7319900,173.0,13.75,8300,59850,0.772597,-0.314634,0.00119803,0.00089946,9.814565,15.383579,2023-08-01
8463,2023-07-26 12:29:00,19700.0,19814.35,5603500,16996700,132.55,22.95,75050,142700,0.677235,-0.359724,0.00119133,0.00095879,11.740099,15.202274,2023-08-01
3203,2023-07-26 12:29:00,19750.0,19814.35,5022150,10101250,96.1,36.6,84400,101350,0.610896,-0.408006,0.0012196,0.00100591,12.251952,15.042954,2023-08-01
571,2023-07-26 12:29:00,19800.0,19814.35,15193050,15355600,65.85,56.55,236100,250000,0.547704,-0.459163,0.00123098,0.00102385,12.53941,15.105259,2023-08-01
5833,2023-07-26 12:29:00,19850.0,19814.35,9904150,3666350,42.7,83.5,188300,70350,0.486284,-0.510157,0.00121384,0.00100834,12.800627,15.413396,2023-08-01
11092,2023-07-26 12:29:00,19900.0,19814.35,13744050,3918450,26.1,117.25,205600,44550,0.427536,-0.557635,0.00117389,0.00096026,13.025004,16.021183,2023-08-01
16348,2023-07-26 12:29:00,19950.0,19814.35,7576200,726300,14.65,155.2,108550,6700,0.37093,-0.601348,0.00112402,0.0009092,13.101259,16.544881,2023-08-01
21602,2023-07-26 12:29:00,20000.0,19814.35,13737300,1713350,7.9,199.0,148000,17150,0.319336,-0.634712,0.00104697,0.00082005,13.299572,17.867234,2023-08-01
26855,2023-07-26 12:29:00,20050.0,19814.35,6080200,64050,4.1,245.35,62050,600,0.273288,-0.660078,0.00095678,0.00073271,13.548905,19.486431,2023-08-01
24231,2023-07-26 12:30:00,19550.0,19812.85,336350,5955950,263.25,5.25,1250,68700,,-0.244913,,0.00074672,0.0,16.40539,2023-08-01
18978,2023-07-26 12:30:00,19600.0,19812.85,1673700,9014900,216.45,8.4,17500,143600,,-0.276838,,0.00082704,0.0,15.776443,2023-08-01
13721,2023-07-26 12:30:00,19650.0,19812.85,1266150,7319900,172.1,13.9,12200,128100,0.762253,-0.315687,0.0011811,0.00090247,10.205897,15.356282,2023-08-01
8464,2023-07-26 12:30:00,19700.0,19812.85,5603500,16996700,131.25,23.1,66450,169850,0.675688,-0.360698,0.00119562,0.00096332,11.722616,15.146865,2023-08-01
3204,2023-07-26 12:30:00,19750.0,19812.85,5022150,10101250,95.15,37.0,126550,168750,0.608823,-0.409399,0.00121861,0.0010083,12.282005,15.02172,2023-08-01
572,2023-07-26 12:30:00,19800.0,19812.85,15193050,15355600,65.1,57.15,401200,330700,0.54578,-0.460672,0.00122945,0.00102528,12.563847,15.091926,2023-08-01
5834,2023-07-26 12:30:00,19850.0,19812.85,9904150,3666350,42.15,84.25,202250,107050,0.484497,-0.511698,0.00121174,0.00100966,12.822323,15.393646,2023-08-01
11093,2023-07-26 12:30:00,19900.0,19812.85,13744050,3918450,25.85,117.9,173900,68000,0.426095,-0.559445,0.00116846,0.00096497,13.078352,15.934363,2023-08-01
16349,2023-07-26 12:30:00,19950.0,19812.85,7576200,726300,14.45,156.5,167800,7800,0.369545,-0.602386,0.00112018,0.0009059,13.131987,16.595801,2023-08-01
21603,2023-07-26 12:30:00,20000.0,19812.85,13737300,1713350,7.7,200.05,180800,11750,0.317595,-0.636394,0.00104565,0.0008215,13.287494,17.810489,2023-08-01
26856,2023-07-26 12:30:00,20050.0,19812.85,6080200,64250,4.05,244.6,66150,1150,0.272407,-0.668367,0.00095277,0.00075825,13.585984,18.652062,2023-08-01
24232,2023-07-26 12:31:00,19550.0,19810.3,336350,5955950,260.0,5.4,1650,62250,,-0.246686,,0.00075021,0.0,16.395634,2023-08-01
18979,2023-07-26 12:31:00,19600.0,19810.3,1673700,9014900,214.25,8.5,24250,113250,,-0.278007,,0.00083298,0.0,15.699139,2023-08-01
13722,2023-07-26 12:31:00,19650.0,19810.3,1266150,7319900,169.7,14.1,20450,142800,0.759408,-0.317225,0.00118996,0.00090875,10.197904,15.284439,2023-08-01
8465,2023-07-26 12:31:00,19700.0,19810.3,5603500,16996700,129.45,23.65,154700,220350,0.67125,-0.363052,0.00119177,0.00096642,11.827864,15.134576,2023-08-01
3205,2023-07-26 12:31:00,19750.0,19810.3,5022150,10101250,93.5,37.7,167950,226900,0.605439,-0.411777,0.0012183,0.00101235,12.316827,14.985118,2023-08-01
573,2023-07-26 12:31:00,19800.0,19810.3,15193050,15355600,63.65,58.25,404950,452050,0.542658,-0.463269,0.00123126,0.0010268,12.558632,15.081842,2023-08-01
5835,2023-07-26 12:31:00,19850.0,19810.3,9904150,3666350,41.2,85.7,334650,180650,0.481456,-0.514274,0.00120901,0.00100957,12.849532,15.39475,2023-08-01
11094,2023-07-26 12:31:00,19900.0,19810.3,13744050,3918450,25.1,119.5,328350,84950,0.423099,-0.562038,0.00116713,0.00096594,13.076601,15.905301,2023-08-01
16350,2023-07-26 12:31:00,19950.0,19810.3,7576200,726300,14.0,159.2,358350,8400,0.366772,-0.603211,0.00111686,0.00089336,13.140861,16.822514,2023-08-01
21604,2023-07-26 12:31:00,20000.0,19810.3,13737300,1713350,7.45,202.7,315700,11100,0.315144,-0.63694,0.00104109,0.0008122,13.304268,18.008604,2023-08-01
26857,2023-07-26 12:31:00,20050.0,19810.3,6080200,64250,3.85,249.2,143750,150,0.269534,-0.661713,0.00094989,0.00072553,13.557756,19.649168,2023-08-01
24233,2023-07-26 12:32:00,19550.0,19808.9,335750,5968100,259.25,5.4,2750,42650,,-0.246948,,0.00075353,0.0,16.334559,2023-08-01
18980,2023-07-26 12:32:00,19600.0,19808.9,1670050,9041000,211.7,8.65,25150,130050,,-0.279251,,0.00083453,0.0,15.706184,2023-08-01
13723,2023-07-26 12:32:00,19650.0,19808.9,1269200,7288500,167.5,14.4,19300,163750,0.772161,-0.318836,0.00123367,0.00090887,9.545539,15.317165,2023-08-01
8466,2023-07-26 12:32:00,19700.0,19808.9,5615500,16951050,127.4,24.15,129800,348700,0.673663,-0.364818,0.00122001,0.00096485,11.521098,15.186017,2023-08-01
3206,2023-07-26 12:32:00,19750.0,19808.9,5095900,10050650,91.85,38.55,166800,263450,0.605084,-0.413686,0.00123602,0.00100715,12.144771,15.080617,2023-08-01
574,2023-07-26 12:32:00,19800.0,19808.9,15197250,15377850,62.55,59.45,509900,538700,0.541132,-0.464944,0.00123907,0.00101844,12.486167,15.213276,2023-08-01
5836,2023-07-26 12:32:00,19850.0,19808.9,10011650,3669000,40.45,87.4,333300,214500,0.479678,-0.515371,0.00121253,0.00099592,12.811049,15.606128,2023-08-01
11095,2023-07-26 12:32:00,19900.0,19808.9,13825600,3944150,24.7,121.75,309550,131600,0.421473,-0.561932,0.00116612,0.0009462,13.078957,16.239898,2023-08-01
16351,2023-07-26 12:32:00,19950.0,19808.9,7592550,722900,13.85,160.9,242050,22550,0.365603,-0.603232,0.0011125,0.00088346,13.179961,17.013037,2023-08-01
21605,2023-07-26 12:32:00,20000.0,19808.9,13838600,1711950,7.4,204.5,377800,29350,0.314386,-0.636299,0.00103601,0.00080251,13.357498,18.239163,2023-08-01
26858,2023-07-26 12:32:00,20050.0,19808.9,6060300,64250,3.95,249.8,116850,2350,0.270407,-0.664763,0.00094152,0.00073208,13.702251,19.407397,2023-08-01
24234,2023-07-26 12:33:00,19550.0,19808.55,335750,5968100,257.05,5.35,4150,95150,,-0.246607,,0.00075517,0.0,16.288247,2023-08-01
18981,2023-07-26 12:33:00,19600.0,19808.55,1670050,9041000,210.1,8.65,61250,172350,,-0.279369,,0.00083549,0.0,15.692467,2023-08-01
13724,2023-07-26 12:33:00,19650.0,19808.55,1269200,7288500,165.4,14.4,60800,274600,0.821477,-0.318974,0.00132279,0.00091008,7.694615,15.300651,2023-08-01
8467,2023-07-26 12:33:00,19700.0,19808.55,5615500,16951050,125.7,24.45,567300,619650,0.680209,-0.365685,0.00126399,0.00096147,11.028388,15.252643,2023-08-01
3207,2023-07-26 12:33:00,19750.0,19808.55,5095900,10050650,90.35,39.2,499100,493450,0.607259,-0.414718,0.00126767,0.00099888,11.82447,15.215303,2023-08-01
575,2023-07-26 12:33:00,19800.0,19808.55,15197250,15377850,61.15,60.15,1258500,1159850,0.541462,-0.465524,0.00126678,0.00101018,12.212846,15.340822,2023-08-01
5837,2023-07-26 12:33:00,19850.0,19808.55,10011650,3669000,39.4,88.6,841600,382000,0.478796,-0.515368,0.00123265,0.00098113,12.60143,15.84254,2023-08-01
11096,2023-07-26 12:33:00,19900.0,19808.55,13825600,3944150,23.95,122.95,680750,261000,0.419924,-0.561209,0.00118092,0.00093223,12.905814,16.489122,2023-08-01
16352,2023-07-26 12:33:00,19950.0,19808.55,7592550,722900,13.35,162.65,541850,35300,0.363639,-0.600786,0.00112337,0.00086271,13.029883,17.451972,2023-08-01
21606,2023-07-26 12:33:00,20000.0,19808.55,13838600,1711950,7.15,206.2,576200,59550,0.312631,-0.632924,0.00104162,0.00078402,13.254598,18.728396,2023-08-01
26859,2023-07-26 12:33:00,20050.0,19808.55,6060300,64800,3.85,253.15,127600,3100,0.269215,-0.655219,0.00094333,0.00069621,13.646699,20.629226,2023-08-01
24235,2023-07-26 12:34:00,19550.0,19809.05,335750,5968100,260.0,5.3,400,49850,,-0.246136,,0.00075472,0.0,16.281771,2023-08-01
18982,2023-07-26 12:34:00,19600.0,19809.05,1670050,9041000,212.15,8.55,23850,101200,,-0.278706,,0.00083559,0.0,15.672997,2023-08-01
13725,2023-07-26 12:34:00,19650.0,19809.05,1269200,7288500,167.75,14.25,13500,132200,0.770126,-0.318287,0.00122749,0.00091055,9.642659,15.279301,2023-08-01
8468,2023-07-26 12:34:00,19700.0,19809.05,5615500,16951050,127.15,24.0,153200,291200,0.675519,-0.364469,0.00123019,0.00096618,11.400413,15.161862,2023-08-01
3208,2023-07-26 12:34:00,19750.0,19809.05,5095900,10050650,92.2,38.35,195450,231100,0.604702,-0.413387,0.00122916,0.00100896,12.217122,15.052697,2023-08-01
576,2023-07-26 12:34:00,19800.0,19809.05,15197250,15377850,62.75,58.9,446900,488850,0.541216,-0.46461,0.00123563,0.00102532,12.521986,15.1117,2023-08-01
5838,2023-07-26 12:34:00,19850.0,19809.05,10011650,3669000,40.3,86.85,247550,111150,0.479766,-0.515378,0.00121655,0.00100239,12.770187,15.506938,2023-08-01
11097,2023-07-26 12:34:00,19900.0,19809.05,13825600,3944150,24.5,120.85,233800,95250,0.421266,-0.562647,0.00117122,0.00095752,13.022055,16.045009,2023-08-01
16353,2023-07-26 12:34:00,19950.0,19809.05,7592550,722900,13.7,160.85,145950,12650,0.365199,-0.602938,0.00111673,0.00088229,13.126686,17.040799,2023-08-01
21607,2023-07-26 12:34:00,20000.0,19809.05,13838600,1711950,7.3,204.35,157800,14150,0.31386,-0.636201,0.0010392,0.00080268,13.308268,18.238902,2023-08-01
26860,2023-07-26 12:34:00,20050.0,19809.05,6060300,64800,3.8,249.8,55850,1150,0.2688,-0.664147,0.00094658,0.00073033,13.589788,19.469982,2023-08-01
24236,2023-07-26 12:35:00,19550.0,19804.65,335750,5991000,255.6,5.4,850,50350,,-0.247745,,0.00076383,0.0,16.148405,2023-08-01
18983,2023-07-26 12:35:00,19600.0,19804.65,1672800,9039850,208.9,8.75,28300,117500,,-0.280858,,0.00084578,0.0,15.546263,2023-08-01
13726,2023-07-26 12:35:00,19650.0,19804.65,1268750,7318700,165.1,14.65,14300,140300,0.744163,-0.321122,0.00118119,0.00092099,10.621212,15.166619,2023-08-01
8469,2023-07-26 12:35:00,19700.0,19804.65,5557450,17039950,124.85,24.65,160550,326450,0.664367,-0.36777,0.00120108,0.00097713,11.839252,15.041222,2023-08-01
3209,2023-07-26 12:35:00,19750.0,19804.65,5050050,10037650,90.05,39.5,182300,292900,0.597677,-0.417384,0.00121344,0.00101761,12.436676,14.961577,2023-08-01
577,2023-07-26 12:35:00,19800.0,19804.65,15186450,15474000,60.95,60.65,492400,656950,0.535462,-0.469024,0.00122448,0.00103104,12.657124,15.045945,2023-08-01
5839,2023-07-26 12:35:00,19850.0,19804.65,10039100,3633550,39.2,89.05,298350,199350,0.474803,-0.51994,0.00120117,0.00100754,12.928144,15.42427,2023-08-01
11098,2023-07-26 12:35:00,19900.0,19804.65,13843950,3916050,23.85,123.95,281600,124500,0.417171,-0.566753,0.00115516,0.00095474,13.17853,16.068877,2023-08-01
16354,2023-07-26 12:35:00,19950.0,19804.65,7628900,722900,13.25,163.4,177500,13850,0.361514,-0.608446,0.00110346,0.00089181,13.242616,16.798848,2023-08-01
21608,2023-07-26 12:35:00,20000.0,19804.65,13836850,1714850,7.05,207.1,196750,33350,0.310744,-0.642158,0.00102673,0.00081193,13.41576,17.934178,2023-08-01
26861,2023-07-26 12:35:00,20050.0,19804.65,6086350,64800,3.8,252.95,61950,550,0.2678,-0.669713,0.00093099,0.00073598,13.795306,19.198587,2023-08-01
24237,2023-07-26 12:36:00,19550.0,19802.25,335450,5991000,254.85,5.45,1000,70450,,-0.248607,,0.00076894,0.0,16.073709,2023-08-01
18984,2023-07-26 12:36:00,19600.0,19802.25,1672800,9039850,208.0,8.9,37300,152550,,-0.282296,,0.00085068,0.0,15.497735,2023-08-01
13727,2023-07-26 12:36:00,19650.0,19802.25,1268750,7318700,163.5,14.8,33950,250450,0.734889,-0.322425,0.0011657,0.000928,10.96356,15.080099,2023-08-01
8470,2023-07-26 12:36:00,19700.0,19802.25,5557450,17039950,123.95,25.0,263750,501400,0.657449,-0.369578,0.00117751,0.00098332,12.173425,14.973288,2023-08-01
3210,2023-07-26 12:36:00,19750.0,19802.25,5050050,10037650,88.75,39.9,258100,377150,0.594198,-0.419311,0.00120837,0.00102616,12.518352,14.854632,2023-08-01
578,2023-07-26 12:36:00,19800.0,19802.25,15186450,15474000,60.05,61.15,735450,891500,0.53234,-0.471303,0.00121698,0.00104152,12.745956,14.9036,2023-08-01
5840,2023-07-26 12:36:00,19850.0,19802.25,10039100,3633550,38.4,89.6,486200,267400,0.472013,-0.522762,0.00119746,0.00102063,12.964483,15.223258,2023-08-01
11099,2023-07-26 12:36:00,19900.0,19802.25,13843950,3916050,23.15,124.6,468600,165200,0.414312,-0.570312,0.00115459,0.00096916,13.166818,15.807857,2023-08-01
16355,2023-07-26 12:36:00,19950.0,19802.25,7628900,719800,12.9,164.1,285350,37250,0.359119,-0.61307,0.00109911,0.00090795,13.267041,16.447302,2023-08-01
21609,2023-07-26 12:36:00,20000.0,19802.25,13836850,1714850,6.9,207.95,345100,31750,0.308965,-0.647582,0.00102045,0.00082688,13.466969,17.518074,2023-08-01
26862,2023-07-26 12:36:00,20050.0,19802.25,6086350,63950,3.75,255.55,138350,3200,0.266695,-0.669524,0.00092421,0.00072775,13.870019,19.423529,2023-08-01
24238,2023-07-26 12:37:00,19550.0,19802.75,335450,5991000,255.15,5.5,1700,75800,,-0.249022,,0.00076666,0.0,16.136268,2023-08-01
18985,2023-07-26 12:37:00,19600.0,19802.75,1672800,9039850,207.95,8.9,34100,94250,,-0.28224,,0.00084892,0.0,15.528881,2023-08-01
13728,2023-07-26 12:37:00,19650.0,19802.75,1268750,7318700,164.15,14.8,17300,114250,0.733429,-0.322321,0.0011571,0.00092576,11.076172,15.114984,2023-08-01
8471,2023-07-26 12:37:00,19700.0,19802.75,5557450,17039950,124.1,24.95,104950,255550,0.658926,-0.36929,0.00118284,0.00098138,12.099086,14.99943,2023-08-01
3211,2023-07-26 12:37:00,19750.0,19802.75,5050050,10037650,89.35,39.9,132200,265550,0.594312,-0.41903,0.00120148,0.00102274,12.589736,14.902616,2023-08-01
579,2023-07-26 12:37:00,19800.0,19802.75,15186450,15474000,60.35,61.3,421600,625950,0.53292,-0.470917,0.00121564,0.00103501,12.758846,14.996774,2023-08-01
5841,2023-07-26 12:37:00,19850.0,19802.75,10039100,3633550,38.6,89.65,229350,131000,0.472622,-0.522086,0.00119708,0.00101503,12.970394,15.309325,2023-08-01
11100,2023-07-26 12:37:00,19900.0,19802.75,13843950,3916050,23.4,124.35,214800,85650,0.415134,-0.569687,0.00115192,0.00096762,13.203786,15.838068,2023-08-01
16356,2023-07-26 12:37:00,19950.0,19802.75,7628900,719800,13.05,163.8,178600,19450,0.359958,-0.612395,0.00109769,0.00090667,13.295405,16.479401,2023-08-01
21610,2023-07-26 12:37:00,20000.0,19802.75,13836850,1714850,7.0,207.6,273850,21700,0.309873,-0.646927,0.00101948,0.00082605,13.497479,17.547879,2023-08-01
26863,2023-07-26 12:37:00,20050.0,19802.75,6086350,63950,3.75,253.9,100650,250,0.266865,-0.673807,0.00092576,0.00074403,13.851716,18.899374,2023-08-01
24239,2023-07-26 12:38:00,19550.0,19800.0,333000,5991000,253.2,5.55,6450,45950,,-0.249935,,0.00077272,0.0,16.043949,2023-08-01
18986,2023-07-26 12:38:00,19600.0,19800.0,1668650,9039850,206.6,8.95,30000,167100,0.836913,-0.283155,0.00108039,0.00085687,8.897515,15.411703,2023-08-01
13729,2023-07-26 12:38:00,19650.0,19800.0,1272600,7318700,162.75,14.95,33300,166200,0.72072,-0.323729,0.00112786,0.00093435,11.631112,15.005978,2023-08-01
8472,2023-07-26 12:38:00,19700.0,19800.0,5521850,17039950,122.95,25.1,163300,341700,0.651934,-0.370801,0.00116071,0.00099292,12.426235,14.847754,2023-08-01
3212,2023-07-26 12:38:00,19750.0,19800.0,5151500,10037650,88.1,40.05,242700,348850,0.590049,-0.420894,0.00119091,0.00103789,12.736481,14.702138,2023-08-01
580,2023-07-26 12:38:00,19800.0,19800.0,15425350,15474000,59.5,61.45,682550,669250,0.529328,-0.473434,0.00120364,0.0010542,12.897639,14.733142,2023-08-01
5842,2023-07-26 12:38:00,19850.0,19800.0,10119700,3633550,37.85,90.25,431750,192050,0.469548,-0.525408,0.00118952,0.00103108,13.048003,15.066462,2023-08-01
11101,2023-07-26 12:38:00,19900.0,19800.0,13806600,3916050,22.8,124.9,490400,139350,0.412237,-0.574204,0.00114688,0.00098827,13.242911,15.477745,2023-08-01
16357,2023-07-26 12:38:00,19950.0,19800.0,7646200,719800,12.7,165.0,222050,21600,0.357402,-0.617073,0.0010916,0.00092006,13.339074,16.184832,2023-08-01
21611,2023-07-26 12:38:00,20000.0,19800.0,13776300,1714850,6.8,209.3,263300,31150,0.307631,-0.651163,0.00101329,0.00083332,13.539483,17.322304,2023-08-01
26864,2023-07-26 12:38:00,20050.0,19800.0,6073800,63950,3.7,256.85,95500,950,0.26568,-0.673645,0.0009179,0.00073479,13.94162,19.144618,2023-08-01
24240,2023-07-26 12:39:00,19550.0,19799.6,333000,5965400,253.5,5.55,600,82300,,-0.25005,,0.00077366,0.0,16.029664,2023-08-01
18987,2023-07-26 12:39:00,19600.0,19799.6,1668650,9007550,206.45,9.1,20950,211000,0.82398,-0.284168,0.00107669,0.00085529,9.376862,15.467704,2023-08-01
13730,2023-07-26 12:39:00,19650.0,19799.6,1272600,7278400,162.0,15.1,17000,233350,0.723423,-0.324451,0.00114111,0.00093317,11.442496,15.039952,2023-08-01
8473,2023-07-26 12:39:00,19700.0,19799.6,5521850,16979800,123.0,25.3,110900,303400,0.650186,-0.371445,0.00115207,0.00099142,12.543341,14.879737,2023-08-01
3213,2023-07-26 12:39:00,19750.0,19799.6,5151500,9983250,88.15,40.5,175650,349750,0.589052,-0.42168,0.00118406,0.00103288,12.818562,14.780461,2023-08-01
581,2023-07-26 12:39:00,19800.0,19799.6,15425350,15431750,59.45,62.0,486100,746750,0.528775,-0.473964,0.0012001,0.00104828,12.938065,14.818866,2023-08-01
5843,2023-07-26 12:39:00,19850.0,19799.6,10119700,3555400,38.05,90.7,317600,165500,0.469321,-0.525706,0.00118152,0.00102746,13.136753,15.119974,2023-08-01
11102,2023-07-26 12:39:00,19900.0,19799.6,13806600,3858700,22.95,125.75,305900,103450,0.412302,-0.573798,0.00114048,0.00097876,13.31871,15.632343,2023-08-01
16358,2023-07-26 12:39:00,19950.0,19799.6,7646200,720450,12.75,165.4,161750,17650,0.357457,-0.617219,0.00108791,0.00091829,13.386082,16.215533,2023-08-01
21612,2023-07-26 12:39:00,20000.0,19799.6,13776300,1707300,6.8,209.55,251300,33650,0.307551,-0.651766,0.00101138,0.00083427,13.564529,17.292917,2023-08-01
26865,2023-07-26 12:39:00,20050.0,19799.6,6073800,61950,3.65,255.8,81000,300,0.265034,-0.679765,0.00091798,0.00075398,13.924175,18.513666,2023-08-01
24241,2023-07-26 12:40:00,19550.0,19799.5,333000,5965400,253.0,5.65,2500,70350,,-0.250982,,0.00077201,0.0,16.096616,2023-08-01
18988,2023-07-26 12:40:00,19600.0,19799.5,1668650,9007550,206.65,9.2,20800,141200,0.812166,-0.284816,0.00106721,0.00085366,9.85308,15.515172,2023-08-01
13731,2023-07-26 12:40:00,19650.0,19799.5,1272600,7278400,162.65,15.35,11650,150900,0.717309,-0.32545,0.0011177,0.00092896,11.807489,15.127948,2023-08-01
8474,2023-07-26 12:40:00,19700.0,19799.5,5521850,16979800,122.95,25.6,82450,300200,0.649929,-0.372179,0.00115122,0.00098668,12.55678,14.961652,2023-08-01
3214,2023-07-26 12:40:00,19750.0,19799.5,5151500,9983250,88.1,40.8,164450,349650,0.588882,-0.422102,0.00118347,0.00102841,12.826998,14.848748,2023-08-01
582,2023-07-26 12:40:00,19800.0,19799.5,15425350,15431750,59.45,62.4,388500,549650,0.528626,-0.474174,0.00119869,0.00104242,12.954368,14.903519,2023-08-01
5844,2023-07-26 12:40:00,19850.0,19799.5,10119700,3555400,38.15,91.15,188250,174600,0.469305,-0.525601,0.00117823,0.00102103,13.174247,15.216379,2023-08-01
11103,2023-07-26 12:40:00,19900.0,19799.5,13806600,3858700,23.05,126.15,272300,96000,0.412457,-0.573432,0.00113726,0.0009733,13.358526,15.723808,2023-08-01
16359,2023-07-26 12:40:00,19950.0,19799.5,7646200,720450,12.85,165.85,141750,11700,0.357841,-0.616416,0.00108456,0.0009121,13.433317,16.336692,2023-08-01
21613,2023-07-26 12:40:00,20000.0,19799.5,13776300,1707300,6.95,209.95,170200,15500,0.308628,-0.650768,0.00100642,0.00082922,13.653235,17.417499,2023-08-01
26866,2023-07-26 12:40:00,20050.0,19799.5,6073800,61950,3.7,255.85,77850,600,0.265673,-0.679982,0.00091593,0.00075437,13.973335,18.499999,2023-08-01
24242,2023-07-26 12:41:00,19550.0,19802.6,334000,5965400,255.4,5.65,4050,58850,,-0.250553,,0.00076397,0.0,16.249704,2023-08-01
18989,2023-07-26 12:41:00,19600.0,19802.6,1657200,9007550,209.45,9.0,23100,175200,0.823856,-0.28305,0.00106203,0.00084704,9.510142,15.588397,2023-08-01
13732,2023-07-26 12:41:00,19650.0,19802.6,1263550,7278400,165.35,15.0,17050,167450,0.721134,-0.323282,0.00111235,0.00092215,11.785169,15.196442,2023-08-01
8475,2023-07-26 12:41:00,19700.0,19802.6,5503200,16979800,125.1,24.95,124750,403400,0.654423,-0.369473,0.00115324,0.00098133,12.474007,15.006151,2023-08-01
3215,2023-07-26 12:41:00,19750.0,19802.6,5179550,9983250,90.2,39.65,217600,453050,0.592425,-0.4189,0.00117916,0.00102684,12.845713,14.845556,2023-08-01
583,2023-07-26 12:41:00,19800.0,19802.6,15401900,15431750,60.9,60.6,490350,754050,0.532406,-0.470849,0.00120082,0.00104639,12.920699,14.836937,2023-08-01
5845,2023-07-26 12:41:00,19850.0,19802.6,10067250,3555400,39.2,89.1,243050,215750,0.472877,-0.522521,0.00118153,0.00102415,13.144685,15.175582,2023-08-01
11104,2023-07-26 12:41:00,19900.0,19802.6,13797850,3858700,23.75,123.35,302550,128400,0.415784,-0.571212,0.00114172,0.00098415,13.329584,15.564884,2023-08-01
16360,2023-07-26 12:41:00,19950.0,19802.6,7654700,720450,13.1,163.1,270900,16150,0.360223,-0.61428,0.00109454,0.00091879,13.340142,16.242715,2023-08-01
21614,2023-07-26 12:41:00,20000.0,19802.6,13765500,1707300,7.0,206.75,187850,35700,0.310009,-0.650103,0.001018,0.00084026,13.52283,17.198852,2023-08-01
26867,2023-07-26 12:41:00,20050.0,19802.6,6057700,61950,3.75,255.0,152550,150,0.267045,-0.670043,0.00092464,0.0007306,13.876449,19.340842,2023-08-01
24243,2023-07-26 12:42:00,19550.0,19801.85,334000,5955900,257.4,5.55,3650,88050,,-0.249858,,0.00076756,0.0,16.151448,2023-08-01
18990,2023-07-26 12:42:00,19600.0,19801.85,1657200,8971550,210.25,9.0,51000,306000,0.781364,-0.283253,0.00101147,0.00084934,11.383018,15.55308,2023-08-01
13733,2023-07-26 12:42:00,19650.0,19801.85,1263550,7222350,165.65,14.8,32750,266500,0.713011,-0.32278,0.00108512,0.00092861,12.249847,15.082417,2023-08-01
8476,2023-07-26 12:42:00,19700.0,19801.85,5503200,16932200,125.85,24.7,274000,567300,0.648987,-0.369246,0.00112208,0.00098922,12.895366,14.884962,2023-08-01
3216,2023-07-26 12:42:00,19750.0,19801.85,5179550,9990150,90.45,39.2,311850,512900,0.590322,-0.418831,0.00116348,0.0010389,13.03636,14.674163,2023-08-01
584,2023-07-26 12:42:00,19800.0,19801.85,15401900,15347050,61.45,60.1,967000,956600,0.531088,-0.471363,0.00118107,0.00106035,13.141488,14.644374,2023-08-01
5846,2023-07-26 12:42:00,19850.0,19801.85,10067250,3603450,39.45,88.5,492800,273150,0.472336,-0.523799,0.00116967,0.00104074,13.278055,14.932268,2023-08-01
11105,2023-07-26 12:42:00,19900.0,19801.85,13797850,3849700,24.0,122.95,604550,163950,0.415791,-0.5732,0.00113086,0.00099881,13.459013,15.323743,2023-08-01
16361,2023-07-26 12:42:00,19950.0,19801.85,7654700,712550,13.3,162.4,381150,21250,0.360679,-0.618015,0.00108514,0.00093951,13.462844,15.840328,2023-08-01
21615,2023-07-26 12:42:00,20000.0,19801.85,13765500,1698150,7.2,206.25,288500,27250,0.311189,-0.654649,0.00100882,0.0008579,13.669756,16.765796,2023-08-01
26868,2023-07-26 12:42:00,20050.0,19801.85,6057700,61650,3.85,252.2,88050,1450,0.268106,-0.685441,0.00091882,0.00078002,13.993635,17.761711,2023-08-01
24244,2023-07-26 12:43:00,19550.0,19795.35,334000,5955900,247.65,5.85,5900,107200,,-0.253484,,0.00077894,0.0,16.043193,2023-08-01
18991,2023-07-26 12:43:00,19600.0,19795.35,1657200,8971550,201.7,9.6,57150,234700,0.852692,-0.28811,0.00110254,0.00085975,8.15641,15.495378,2023-08-01
13734,2023-07-26 12:43:00,19650.0,19795.35,1263550,7222350,157.65,15.95,68350,264750,0.722886,-0.328979,0.00116863,0.00093533,11.188618,15.096697,2023-08-01
8477,2023-07-26 12:43:00,19700.0,19795.35,5503200,16932200,118.55,26.65,341250,731200,0.648891,-0.376289,0.00118545,0.00099032,12.211955,14.964268,2023-08-01
3217,2023-07-26 12:43:00,19750.0,19795.35,5179550,9990150,84.35,42.6,500650,639650,0.585453,-0.426709,0.00120932,0.00102579,12.582011,14.925838,2023-08-01
585,2023-07-26 12:43:00,19800.0,19795.35,15401900,15347050,56.65,64.6,1240150,1314950,0.523831,-0.478554,0.0012134,0.00103995,12.812389,14.954428,2023-08-01
5847,2023-07-26 12:43:00,19850.0,19795.35,10067250,3603450,36.1,94.3,690000,388950,0.464058,-0.529454,0.00118693,0.00100998,13.068202,15.378337,2023-08-01
11106,2023-07-26 12:43:00,19900.0,19795.35,13797850,3849700,21.85,129.7,708000,237650,0.407533,-0.576563,0.00113658,0.00096155,13.33311,15.897938,2023-08-01
16362,2023-07-26 12:43:00,19950.0,19795.35,7654700,712550,12.15,169.9,427200,41400,0.35334,-0.61829,0.00107995,0.00089699,13.435506,16.593937,2023-08-01
21616,2023-07-26 12:43:00,20000.0,19795.35,13765500,1698150,6.65,214.3,410900,51500,0.305336,-0.651302,0.00099712,0.00081338,13.720685,17.753599,2023-08-01
26869,2023-07-26 12:43:00,20050.0,19795.35,6057700,61650,3.65,261.9,117250,3400,0.264288,-0.673041,0.00090341,0.00071855,14.134835,19.602203,2023-08-01
24245,2023-07-26 12:44:00,19550.0,19796.45,334000,5955900,249.3,5.8,6800,94400,,-0.252943,,0.00077684,0.0,16.068457,2023-08-01
18992,2023-07-26 12:44:00,19600.0,19796.45,1654100,8971550,201.5,9.5,57450,320600,,-0.28736,,0.00085775,0.0,15.512485,2023-08-01
13735,2023-07-26 12:44:00,19650.0,19796.45,1266700,7222350,158.25,15.8,43200,265550,0.727521,-0.32815,0.00117897,0.00093313,10.998661,15.116925,2023-08-01
8478,2023-07-26 12:44:00,19700.0,19796.45,5490600,16932200,119.05,26.45,203750,539400,0.651394,-0.375423,0.00119268,0.00098763,12.106339,14.994222,2023-08-01
3218,2023-07-26 12:44:00,19750.0,19796.45,5075900,9990150,84.65,42.1,460900,583650,0.587401,-0.425503,0.00121743,0.00102639,12.484516,14.908623,2023-08-01
586,2023-07-26 12:44:00,19800.0,19796.45,15527850,15347050,56.8,64.3,755600,1157100,0.525293,-0.477471,0.00122161,0.00103565,12.723411,15.014317,2023-08-01
5848,2023-07-26 12:44:00,19850.0,19796.45,10149350,3603450,36.2,93.95,392150,245300,0.465137,-0.528158,0.0011936,0.00100494,12.998367,15.459117,2023-08-01
11107,2023-07-26 12:44:00,19900.0,19796.45,14001600,3849700,21.95,129.25,531100,178450,0.40844,-0.575032,0.00114116,0.00095667,13.286742,15.990912,2023-08-01
16363,2023-07-26 12:44:00,19950.0,19796.45,7726450,712550,12.1,170.05,276750,19950,0.353644,-0.614965,0.00108678,0.00088204,13.35515,16.918773,2023-08-01
21617,2023-07-26 12:44:00,20000.0,19796.45,13733100,1698150,6.55,214.35,263150,48600,0.304988,-0.6473,0.0010044,0.00079999,13.614459,18.125618,2023-08-01
26870,2023-07-26 12:44:00,20050.0,19796.45,6018950,61650,3.65,260.15,78650,1950,0.264589,-0.675314,0.00090684,0.00072938,14.089565,19.256237,2023-08-01
24246,2023-07-26 12:45:00,19550.0,19796.5,335800,5936100,248.8,5.75,10550,104700,,-0.252565,,0.00077751,0.0,16.042873,2023-08-01
18993,2023-07-26 12:45:00,19600.0,19796.5,1654100,8875250,203.85,9.35,67500,202700,0.804532,-0.286548,0.00107334,0.00086018,10.043115,15.448712,2023-08-01
13736,2023-07-26 12:45:00,19650.0,19796.5,1266700,7238000,160.0,15.6,32900,169900,0.713547,-0.327452,0.00112263,0.00093628,11.835259,15.053783,2023-08-01
8479,2023-07-26 12:45:00,19700.0,19796.5,5490600,16721450,120.35,26.1,208100,477550,0.647113,-0.374687,0.00116042,0.00099302,12.498744,14.904353,2023-08-01
3219,2023-07-26 12:45:00,19750.0,19796.5,5075900,9913650,86.0,41.7,289250,547250,0.585414,-0.425058,0.00118752,0.00103231,12.813924,14.82072,2023-08-01
587,2023-07-26 12:45:00,19800.0,19796.5,15527850,15175000,57.75,63.5,784050,910100,0.52504,-0.477247,0.0012013,0.00104777,12.939711,14.840862,2023-08-01
5849,2023-07-26 12:45:00,19850.0,19796.5,10149350,3528050,36.9,92.75,396700,254950,0.465724,-0.528762,0.00117848,0.00102304,13.167495,15.184803,2023-08-01
11108,2023-07-26 12:45:00,19900.0,19796.5,14001600,3778750,22.3,128.05,465750,156750,0.409215,-0.576599,0.00113317,0.00097472,13.387407,15.683645,2023-08-01
16364,2023-07-26 12:45:00,19950.0,19796.5,7726450,711900,12.4,168.5,349800,28600,0.354928,-0.618371,0.001079,0.00090503,13.469556,16.44636,2023-08-01
21618,2023-07-26 12:45:00,20000.0,19796.5,13733100,1694450,6.65,212.45,367200,46350,0.305783,-0.653245,0.00100149,0.00082708,13.670529,17.424446,2023-08-01
26871,2023-07-26 12:45:00,20050.0,19796.5,6018950,62500,3.7,259.5,117900,3850,0.265262,-0.677745,0.00090531,0.00073754,14.132319,18.985384,2023-08-01
24247,2023-07-26 12:46:00,19550.0,19797.75,335800,5936100,254.0,5.6,7400,53650,0.863145,-0.251138,0.00088056,0.00077686,9.716682,16.008305,2023-08-01
18994,2023-07-26 12:46:00,19600.0,19797.75,1654100,8875250,207.0,9.05,41500,177600,0.766458,-0.284595,0.00100026,0.0008614,11.952911,15.376667,2023-08-01
13737,2023-07-26 12:46:00,19650.0,19797.75,1266700,7238000,163.1,15.0,31850,167100,0.701648,-0.324898,0.00106371,0.00094158,12.729409,14.921256,2023-08-01
8480,2023-07-26 12:46:00,19700.0,19797.75,5490600,16721450,123.3,25.2,212550,340800,0.642305,-0.372216,0.00111221,0.0010015,13.103106,14.746972,2023-08-01
3220,2023-07-26 12:46:00,19750.0,19797.75,5075900,9913650,88.45,40.3,261100,416050,0.584459,-0.422729,0.00115143,0.0010469,13.222434,14.597383,2023-08-01
588,2023-07-26 12:46:00,19800.0,19797.75,15527850,15175000,59.75,61.9,778300,729250,0.526067,-0.47569,0.00117239,0.00106344,13.256496,14.618814,2023-08-01
5850,2023-07-26 12:46:00,19850.0,19797.75,10149350,3528050,38.3,90.7,337900,172450,0.467868,-0.528203,0.00115886,0.00104394,13.396418,14.882176,2023-08-01
11109,2023-07-26 12:46:00,19900.0,19797.75,14001600,3778750,23.2,125.6,397000,123200,0.4118,-0.577623,0.00112077,0.00100068,13.555763,15.268889,2023-08-01
16365,2023-07-26 12:46:00,19950.0,19797.75,7726450,711900,12.9,165.35,220750,13350,0.357485,-0.622575,0.00107257,0.00094151,13.584521,15.755588,2023-08-01
21619,2023-07-26 12:46:00,20000.0,19797.75,13733100,1694450,6.95,209.25,172750,36300,0.308359,-0.659956,0.00099788,0.00086276,13.770696,16.581267,2023-08-01
26872,2023-07-26 12:46:00,20050.0,19797.75,6018950,62500,3.7,256.15,57900,1700,0.265598,-0.687057,0.00090925,0.0007717,14.080077,17.921359,2023-08-01
24248,2023-07-26 12:47:00,19550.0,19801.35,333200,5936100,255.95,5.55,3000,45600,,-0.250198,,0.00076833,0.0,16.151829,2023-08-01
18995,2023-07-26 12:47:00,19600.0,19801.35,1652750,8875250,209.0,8.95,30600,125050,0.796672,-0.283299,0.00103909,0.00085119,10.62198,15.525162,2023-08-01
13738,2023-07-26 12:47:00,19650.0,19801.35,1260650,7238000,165.0,14.85,18900,120350,0.713575,-0.323316,0.00109068,0.00092892,12.179752,15.092396,2023-08-01
8481,2023-07-26 12:47:00,19700.0,19801.35,5513000,16721450,125.0,24.9,174150,327450,0.649693,-0.370059,0.00113192,0.00098739,12.777927,14.927837,2023-08-01
3221,2023-07-26 12:47:00,19750.0,19801.35,5034850,9913650,89.9,39.75,269350,362000,0.589948,-0.419888,0.00116693,0.00103192,13.004751,14.786092,2023-08-01
589,2023-07-26 12:47:00,19800.0,19801.35,15604250,15175000,60.9,60.8,736050,546450,0.530568,-0.472076,0.00118548,0.00105174,13.097941,14.770756,2023-08-01
5851,2023-07-26 12:47:00,19850.0,19801.35,10188850,3528050,39.2,89.2,329550,156450,0.47175,-0.524095,0.00116912,0.00103304,13.286977,15.047513,2023-08-01
11110,2023-07-26 12:47:00,19900.0,19801.35,13905200,3778750,23.7,123.7,407900,144350,0.415025,-0.573078,0.00113275,0.00099105,13.435053,15.449452,2023-08-01
16366,2023-07-26 12:47:00,19950.0,19801.35,7775800,711900,13.15,163.2,156700,17800,0.360066,-0.617389,0.00108497,0.00093152,13.461173,15.988922,2023-08-01
21620,2023-07-26 12:47:00,20000.0,19801.35,13766550,1694450,7.1,207.45,158250,45450,0.310578,-0.652207,0.00100852,0.00084421,13.666461,17.087439,2023-08-01
26873,2023-07-26 12:47:00,20050.0,19801.35,6018950,62500,3.7,253.85,61800,2200,0.266477,-0.680013,0.00092108,0.00076038,13.920745,18.358595,2023-08-01
24249,2023-07-26 12:48:00,19550.0,19803.85,333200,5935000,255.95,5.5,2850,73150,,-0.249431,,0.00076277,0.0,16.242026,2023-08-01
18996,2023-07-26 12:48:00,19600.0,19803.85,1652750,8850550,209.15,8.9,46000,217750,,-0.282535,,0.00084387,0.0,15.638446,2023-08-01
13739,2023-07-26 12:48:00,19650.0,19803.85,1260650,7243550,165.6,14.85,45850,199550,0.729431,-0.322637,0.00113545,0.00091848,11.378565,15.249688,2023-08-01
8482,2023-07-26 12:48:00,19700.0,19803.85,5513000,16761000,125.65,24.8,236700,322000,0.65711,-0.368835,0.00116008,0.00097603,12.368329,15.084181,2023-08-01
3222,2023-07-26 12:48:00,19750.0,19803.85,5034850,10025500,90.4,39.55,254900,343700,0.594764,-0.418171,0.00118958,0.00101891,12.719354,14.960414,2023-08-01
590,2023-07-26 12:48:00,19800.0,19803.85,15604250,15185650,61.35,60.45,833200,635500,0.533932,-0.46975,0.0012024,0.00103733,12.903934,14.968543,2023-08-01
5852,2023-07-26 12:48:00,19850.0,19803.85,10188850,3513500,39.4,88.7,395750,186750,0.474229,-0.521059,0.00118557,0.00101729,13.107287,15.286007,2023-08-01
11111,2023-07-26 12:48:00,19900.0,19803.85,13905200,3768950,23.95,123.5,365600,91050,0.417113,-0.568577,0.0011435,0.00096712,13.322951,15.862953,2023-08-01
16367,2023-07-26 12:48:00,19950.0,19803.85,7775800,709800,13.35,163.05,213850,9050,0.36198,-0.610934,0.0010931,0.00090381,13.384509,16.558883,2023-08-01
21621,2023-07-26 12:48:00,20000.0,19803.85,13766550,1692000,7.15,206.55,227150,25250,0.311768,-0.64614,0.0010176,0.00082722,13.566057,17.546953,2023-08-01
26874,2023-07-26 12:48:00,20050.0,19803.85,6011950,61000,3.8,251.85,110750,3150,0.268309,-0.677181,0.00092624,0.00075901,13.89007,18.458084,2023-08-01
24250,2023-07-26 12:49:00,19550.0,19805.85,333200,5935000,257.6,5.5,3500,62150,,-0.24918,,0.00075765,0.0,16.342195,2023-08-01
18997,2023-07-26 12:49:00,19600.0,19805.85,1652750,8850550,210.85,8.85,37100,148850,,-0.281877,,0.00083827,0.0,15.724685,2023-08-01
13740,2023-07-26 12:49:00,19650.0,19805.85,1260650,7243550,166.75,14.85,18950,116300,0.738155,-0.322109,0.00115315,0.00091026,11.019064,15.376178,2023-08-01
8483,2023-07-26 12:49:00,19700.0,19805.85,5513000,16761000,126.45,24.65,129550,213000,0.66246,-0.367715,0.00117722,0.00096827,12.114757,15.189216,2023-08-01
3223,2023-07-26 12:49:00,19750.0,19805.85,5034850,10025500,91.05,39.35,226300,251100,0.598354,-0.416775,0.001203,0.00100939,12.548357,15.089619,2023-08-01
591,2023-07-26 12:49:00,19800.0,19805.85,15604250,15185650,62.2,60.2,662850,481450,0.536438,-0.467942,0.00120587,0.00102569,12.859083,15.132341,2023-08-01
5853,2023-07-26 12:49:00,19850.0,19805.85,10188850,3513500,39.95,88.15,423600,128400,0.476476,-0.518762,0.00119065,0.00100748,13.055249,15.438697,2023-08-01
11112,2023-07-26 12:49:00,19900.0,19805.85,13905200,3768950,24.35,122.35,313300,73550,0.419165,-0.56634,0.00114772,0.00096399,13.287796,15.929267,2023-08-01
16368,2023-07-26 12:49:00,19950.0,19805.85,7775800,709800,13.65,161.7,218000,8350,0.364037,-0.608678,0.00109612,0.00090165,13.372721,16.625086,2023-08-01
21622,2023-07-26 12:49:00,20000.0,19805.85,13766550,1692000,7.35,205.35,157600,17450,0.313812,-0.643035,0.00102031,0.00082148,13.567476,17.723432,2023-08-01
26875,2023-07-26 12:49:00,20050.0,19805.85,6011950,61000,3.9,252.45,82850,550,0.270003,-0.666452,0.00092979,0.00072823,13.880294,19.493174,2023-08-01
24251,2023-07-26 12:50:00,19550.0,19806.1,333200,5935000,256.15,5.5,3750,96150,,-0.249195,,0.00075693,0.0,16.359026,2023-08-01
18998,2023-07-26 12:50:00,19600.0,19806.1,1667650,8850550,209.45,8.85,44700,240850,,-0.281874,,0.00083734,0.0,15.742672,2023-08-01
13741,2023-07-26 12:50:00,19650.0,19806.1,1261800,7243550,165.95,14.8,60600,205900,0.750365,-0.321889,0.00119153,0.00090996,10.402007,15.377583,2023-08-01
8484,2023-07-26 12:50:00,19700.0,19806.1,5448050,16761000,125.8,24.75,298300,561650,0.666225,-0.367873,0.00119967,0.00096519,11.836564,15.24053,2023-08-01
3224,2023-07-26 12:50:00,19750.0,19806.1,4964250,10025500,90.4,39.5,386650,574450,0.600153,-0.416832,0.00122154,0.00100526,12.344031,15.152684,2023-08-01
592,2023-07-26 12:50:00,19800.0,19806.1,15735450,15185650,61.4,60.6,1011050,957200,0.537239,-0.467885,0.00122577,0.00101743,12.648472,15.255685,2023-08-01
5854,2023-07-26 12:50:00,19850.0,19806.1,10235150,3513500,39.65,88.85,609500,249100,0.47656,-0.51817,0.00119902,0.0009945,12.964919,15.641931,2023-08-01
11113,2023-07-26 12:50:00,19900.0,19806.1,13989900,3768950,24.0,123.45,609700,214950,0.418721,-0.564591,0.00115714,0.00094491,13.177133,16.263386,2023-08-01
16369,2023-07-26 12:50:00,19950.0,19806.1,7757550,709800,13.4,162.55,293950,26400,0.363267,-0.606305,0.00110366,0.00088615,13.27241,16.945089,2023-08-01
21623,2023-07-26 12:50:00,20000.0,19806.1,13832400,1692000,7.2,206.7,202050,58850,0.312933,-0.638358,0.00102555,0.00079983,13.482492,18.28634,2023-08-01
26876,2023-07-26 12:50:00,20050.0,19806.1,6025600,61000,3.85,252.8,61800,2750,0.269535,-0.66425,0.00093208,0.0007212,13.834708,19.735056,2023-08-01
24252,2023-07-26 12:51:00,19550.0,19804.35,331800,5915900,255.75,5.55,2300,64150,,-0.249948,,0.00076032,0.0,16.314678,2023-08-01
18999,2023-07-26 12:51:00,19600.0,19804.35,1667650,8870500,209.1,8.95,126000,151300,,-0.28287,,0.00084096,0.0,15.703826,2023-08-01
13742,2023-07-26 12:51:00,19650.0,19804.35,1261800,7188050,165.0,14.95,19900,122000,0.740331,-0.322992,0.00117064,0.00091419,10.809958,15.330443,2023-08-01
8485,2023-07-26 12:51:00,19700.0,19804.35,5448050,16607600,125.6,24.95,222500,358600,0.659226,-0.369062,0.00116981,0.00097042,12.238508,15.17671,2023-08-01
3225,2023-07-26 12:51:00,19750.0,19804.35,4964250,9938400,90.45,39.7,278700,365100,0.595764,-0.418114,0.00119446,0.00101269,12.66131,15.053992,2023-08-01
593,2023-07-26 12:51:00,19800.0,19804.35,15735450,15088150,61.5,61.0,519800,613300,0.534557,-0.469528,0.00120363,0.00102418,12.890931,15.162305,2023-08-01
5855,2023-07-26 12:51:00,19850.0,19804.35,10235150,3441000,39.35,89.0,516700,204600,0.474697,-0.52028,0.00118994,0.00100744,13.062036,15.43929,2023-08-01
11114,2023-07-26 12:51:00,19900.0,19804.35,13989900,3784550,23.95,124.1,291150,113550,0.417502,-0.566893,0.00114597,0.00095235,13.2989,16.12312,2023-08-01
16370,2023-07-26 12:51:00,19950.0,19804.35,7757550,703450,13.3,163.0,214300,10400,0.362126,-0.609698,0.00109632,0.00089842,13.348917,16.675609,2023-08-01
21624,2023-07-26 12:51:00,20000.0,19804.35,13832400,1704550,7.1,206.85,202550,21550,0.311727,-0.643461,0.00102059,0.00081666,13.527395,17.824027,2023-08-01
26877,2023-07-26 12:51:00,20050.0,19804.35,6025600,60900,3.8,254.3,49050,2950,0.268588,-0.665519,0.00092749,0.00072022,13.880676,19.735409,2023-08-01
24253,2023-07-26 12:52:00,19550.0,19806.2,331800,5915900,255.85,5.6,2350,28500,,-0.25015,,0.00075473,0.0,16.442006,2023-08-01
19000,2023-07-26 12:52:00,19600.0,19806.2,1667650,8870500,210.0,9.05,17950,119650,,-0.283125,,0.00083319,0.0,15.856465,2023-08-01
13743,2023-07-26 12:52:00,19650.0,19806.2,1261800,7188050,165.6,15.05,23400,101050,0.756325,-0.322883,0.00120909,0.00090492,10.120175,15.484689,2023-08-01
8486,2023-07-26 12:52:00,19700.0,19806.2,5448050,16607600,126.0,24.95,169900,203700,0.665729,-0.368346,0.00119551,0.00096104,11.885976,15.314477,2023-08-01
3226,2023-07-26 12:52:00,19750.0,19806.2,4964250,9938400,91.0,39.75,114450,180850,0.599212,-0.417114,0.00120824,0.0010003,12.488982,15.231853,2023-08-01
594,2023-07-26 12:52:00,19800.0,19806.2,15735450,15088150,61.8,60.6,574800,351100,0.537145,-0.467816,0.0012174,0.00101622,12.737142,15.275211,2023-08-01
5856,2023-07-26 12:52:00,19850.0,19806.2,10235150,3441000,39.7,88.75,210950,86000,0.476697,-0.51808,0.00119813,0.00099468,12.976201,15.640938,2023-08-01
11115,2023-07-26 12:52:00,19900.0,19806.2,13989900,3784550,24.15,123.15,250200,57250,0.419101,-0.564736,0.00115376,0.00094793,13.219739,16.212383,2023-08-01
16371,2023-07-26 12:52:00,19950.0,19806.2,7757550,703450,13.5,162.85,170450,8500,0.363753,-0.605431,0.0011011,0.00088044,13.310754,17.067203,2023-08-01
21625,2023-07-26 12:52:00,20000.0,19806.2,13832400,1704550,7.25,206.15,283500,19300,0.313395,-0.639521,0.00102411,0.00080594,13.511562,18.129489,2023-08-01
26878,2023-07-26 12:52:00,20050.0,19806.2,6025600,60900,3.9,253.2,72450,250,0.270247,-0.662467,0.00093052,0.00071513,13.877699,19.945661,2023-08-01
24254,2023-07-26 12:53:00,19550.0,19804.95,331800,5915900,256.55,5.55,200,33050,,-0.249962,,0.00075861,0.0,16.353191,2023-08-01
19001,2023-07-26 12:53:00,19600.0,19804.95,1667650,8870500,209.0,9.05,9650,102650,,-0.283428,,0.00083699,0.0,15.794522,2023-08-01
13744,2023-07-26 12:53:00,19650.0,19804.95,1261800,7188050,165.85,15.05,11050,104500,0.73759,-0.323277,0.00115725,0.00090971,10.995156,15.412864,2023-08-01
8487,2023-07-26 12:53:00,19700.0,19804.95,5448050,16607600,125.45,25.05,76300,181550,0.662303,-0.369104,0.00118483,0.00096538,12.042302,15.257746,2023-08-01
3227,2023-07-26 12:53:00,19750.0,19804.95,4964250,9938400,90.2,40.0,104900,183450,0.597589,-0.418158,0.00120811,0.0010038,12.504868,15.188976,2023-08-01
595,2023-07-26 12:53:00,19800.0,19804.95,15735450,15088150,61.05,60.95,314650,270850,0.535654,-0.469012,0.00121934,0.00101996,12.72276,15.224738,2023-08-01
5857,2023-07-26 12:53:00,19850.0,19804.95,10235150,3441000,39.25,89.05,272200,85750,0.475231,-0.519499,0.00119665,0.00100089,12.990949,15.543123,2023-08-01
11116,2023-07-26 12:53:00,19900.0,19804.95,13965450,3784550,23.75,123.6,212650,64800,0.41757,-0.566396,0.00115404,0.00095342,13.207502,16.109774,2023-08-01
16372,2023-07-26 12:53:00,19950.0,19804.95,7783000,703450,13.25,163.0,126000,5450,0.362283,-0.60815,0.00110038,0.00089146,13.302703,16.826072,2023-08-01
21626,2023-07-26 12:53:00,20000.0,19804.95,13802200,1704550,7.15,207.0,112200,14650,0.312356,-0.641026,0.00102133,0.00080761,13.530545,18.068046,2023-08-01
26879,2023-07-26 12:53:00,20050.0,19804.95,6024500,60900,3.85,253.55,43950,100,0.269424,-0.665844,0.00092765,0.00072322,13.90114,19.647654,2023-08-01
24255,2023-07-26 12:54:00,19550.0,19802.35,331450,5902300,254.9,5.6,3000,77150,,-0.250844,,0.00076417,0.0,16.267679,2023-08-01
19002,2023-07-26 12:54:00,19600.0,19802.35,1751650,8819550,207.55,9.1,23500,223300,,-0.284302,,0.00084425,0.0,15.684685,2023-08-01
13745,2023-07-26 12:54:00,19650.0,19802.35,1262350,7151050,164.0,15.15,37450,126850,0.729493,-0.324435,0.00114575,0.00091828,11.279733,15.294386,2023-08-01
8488,2023-07-26 12:54:00,19700.0,19802.35,5345650,16576150,124.2,25.3,138450,293300,0.656028,-0.370752,0.00116711,0.00097412,12.313576,15.145667,2023-08-01
3228,2023-07-26 12:54:00,19750.0,19802.35,5053500,9914250,89.25,40.3,203250,318150,0.593059,-0.420065,0.00119228,0.00101501,12.709087,15.039045,2023-08-01
596,2023-07-26 12:54:00,19800.0,19802.35,15872400,15020200,60.45,61.55,655550,536100,0.532115,-0.471473,0.00120319,0.00103022,12.90576,15.082923,2023-08-01
5858,2023-07-26 12:54:00,19850.0,19802.35,10231800,3469850,38.55,90.1,414950,121250,0.472325,-0.522323,0.00118904,0.00100794,13.070296,15.431652,2023-08-01
11117,2023-07-26 12:54:00,19900.0,19802.35,13965450,3768150,23.25,124.9,436000,100500,0.414967,-0.569493,0.00114751,0.00095996,13.266437,15.981494,2023-08-01
16373,2023-07-26 12:54:00,19950.0,19802.35,7783000,704400,12.95,164.45,322700,11500,0.359998,-0.611658,0.00109367,0.00089844,13.357955,16.655927,2023-08-01
21627,2023-07-26 12:54:00,20000.0,19802.35,13802200,1708700,7.0,208.65,235150,32750,0.310531,-0.644613,0.00101422,0.00081312,13.593397,17.886092,2023-08-01
26880,2023-07-26 12:54:00,20050.0,19802.35,6024500,62350,3.75,254.55,122300,2600,0.267689,-0.672426,0.0009218,0.00073791,13.94653,19.107844,2023-08-01
24256,2023-07-26 12:55:00,19550.0,19800.9,331450,5902300,253.05,5.7,1400,37700,,-0.251976,,0.00076597,0.0,16.270177,2023-08-01
19003,2023-07-26 12:55:00,19600.0,19800.9,1751650,8819550,205.85,9.3,16700,235250,,-0.285801,,0.0008452,0.0,15.708562,2023-08-01
13746,2023-07-26 12:55:00,19650.0,19800.9,1262350,7151050,163.25,15.5,10800,118600,0.722882,-0.326182,0.00113053,0.00091793,11.570399,15.335932,2023-08-01
8489,2023-07-26 12:55:00,19700.0,19800.9,5345650,16576150,123.3,25.8,88800,248050,0.653405,-0.372476,0.0011628,0.00097305,12.39597,15.18692,2023-08-01
3229,2023-07-26 12:55:00,19750.0,19800.9,5053500,9914250,88.55,40.85,125650,293250,0.590875,-0.421586,0.00118747,0.0010152,12.778963,15.049912,2023-08-01
597,2023-07-26 12:55:00,19800.0,19800.9,15872400,15020200,59.95,62.35,437300,568100,0.530252,-0.473004,0.00119785,0.0010287,12.96972,15.111209,2023-08-01
5859,2023-07-26 12:55:00,19850.0,19800.9,10231800,3469850,38.4,90.9,257400,147050,0.470876,-0.523812,0.00117964,0.0010086,13.172698,15.420193,2023-08-01
11118,2023-07-26 12:55:00,19900.0,19800.9,13965450,3768150,23.15,125.85,283050,121850,0.413873,-0.570954,0.00113976,0.00096022,13.350198,15.968698,2023-08-01
16374,2023-07-26 12:55:00,19950.0,19800.9,7783000,704400,12.9,165.55,144200,11050,0.359194,-0.61301,0.00108688,0.00089796,13.432746,16.650098,2023-08-01
21628,2023-07-26 12:55:00,20000.0,19800.9,13802200,1708700,7.0,210.3,124200,15300,0.310116,-0.644437,0.00100782,0.00080586,13.673549,18.052673,2023-08-01
26881,2023-07-26 12:55:00,20050.0,19800.9,6024500,62350,3.75,255.55,63050,1950,0.267407,-0.674551,0.00091677,0.00074055,14.017452,18.991805,2023-08-01
24257,2023-07-26 12:56:00,19550.0,19798.25,331450,5902300,250.6,5.8,450,55250,,-0.253285,,0.00077089,0.0,16.213682,2023-08-01
19004,2023-07-26 12:56:00,19600.0,19798.25,1751650,8819550,205.0,9.45,20100,143800,0.824463,-0.287256,0.00108391,0.000851,9.307804,15.642113,2023-08-01
13747,2023-07-26 12:56:00,19650.0,19798.25,1262350,7151050,161.5,15.75,34050,131550,0.715022,-0.327904,0.00111706,0.00092432,11.871437,15.265393,2023-08-01
8490,2023-07-26 12:56:00,19700.0,19798.25,5345650,16576150,121.65,26.1,167300,297600,0.64882,-0.374263,0.00115582,0.00098152,12.53332,15.081769,2023-08-01
3230,2023-07-26 12:56:00,19750.0,19798.25,5053500,9914250,87.2,41.35,177550,253750,0.587099,-0.423784,0.00118093,0.00102397,12.880279,14.940137,2023-08-01
598,2023-07-26 12:56:00,19800.0,19798.25,15872400,15020200,58.6,63.1,631250,591050,0.52706,-0.475602,0.00119792,0.00103748,12.978943,14.992515,2023-08-01
5860,2023-07-26 12:56:00,19850.0,19798.25,10231800,3469850,37.45,91.85,364800,181050,0.4678,-0.526825,0.00117752,0.0010182,13.191039,15.270443,2023-08-01
11119,2023-07-26 12:56:00,19900.0,19798.25,13965450,3768150,22.65,127.0,365650,112450,0.411257,-0.57446,0.00113334,0.00097019,13.408447,15.781829,2023-08-01
16375,2023-07-26 12:56:00,19950.0,19798.25,7783000,704400,12.55,167.0,253000,13150,0.356692,-0.61682,0.00108153,0.00090613,13.468822,16.455292,2023-08-01
21629,2023-07-26 12:56:00,20000.0,19798.25,13802200,1708700,6.75,211.0,219950,54600,0.307567,-0.651404,0.00100367,0.00082637,13.683228,17.482805,2023-08-01
26882,2023-07-26 12:56:00,20050.0,19798.25,6024500,62350,3.6,258.65,99900,1050,0.265036,-0.673348,0.00091253,0.00072825,14.021882,19.345295,2023-08-01
24258,2023-07-26 12:57:00,19550.0,19797.1,330400,5893600,249.95,5.8,4450,56300,,-0.253519,,0.00077377,0.0,16.162966,2023-08-01
19005,2023-07-26 12:57:00,19600.0,19797.1,1762200,8671900,203.6,9.5,24900,151350,0.837254,-0.287829,0.0010952,0.00085374,8.775987,15.608265,2023-08-01
13748,2023-07-26 12:57:00,19650.0,19797.1,1271750,7113300,159.5,15.8,25650,137400,0.721358,-0.328465,0.00115047,0.00092806,11.403836,15.215999,2023-08-01
8491,2023-07-26 12:57:00,19700.0,19797.1,5349950,16531950,120.6,26.35,128550,329100,0.647959,-0.375313,0.00116096,0.00098315,12.490269,15.071697,2023-08-01
3231,2023-07-26 12:57:00,19750.0,19797.1,5074950,9880450,86.05,41.7,190300,371300,0.58632,-0.424899,0.00119035,0.00102559,12.785379,14.926373,2023-08-01
599,2023-07-26 12:57:00,19800.0,19797.1,15923050,14998200,58.0,63.55,427100,591000,0.525678,-0.476775,0.00119816,0.00103928,12.980825,14.970847,2023-08-01
5861,2023-07-26 12:57:00,19850.0,19797.1,10284800,3453000,36.85,92.7,537000,202700,0.46633,-0.527906,0.00118055,0.00101544,13.154707,15.310772,2023-08-01
11120,2023-07-26 12:57:00,19900.0,19797.1,14002650,3749750,22.15,127.8,362650,160550,0.409561,-0.575584,0.00113694,0.00096979,13.35443,15.781566,2023-08-01
16376,2023-07-26 12:57:00,19950.0,19797.1,7804000,700500,12.15,168.2,199600,19850,0.354613,-0.617153,0.00108559,0.00090068,13.392327,16.552327,2023-08-01
21630,2023-07-26 12:57:00,20000.0,19797.1,13798900,1697700,6.55,212.45,263450,22300,0.305804,-0.650732,0.00100449,0.00081824,13.638948,17.671132,2023-08-01
26883,2023-07-26 12:57:00,20050.0,19797.1,6018200,61900,3.5,258.85,62500,2100,0.263582,-0.677473,0.00091176,0.0007384,13.996064,18.982119,2023-08-01
24259,2023-07-26 12:58:00,19550.0,19797.5,330400,5893600,250.35,5.8,5850,73500,,-0.253508,,0.00077262,0.0,16.187216,2023-08-01
19006,2023-07-26 12:58:00,19600.0,19797.5,1762200,8671900,203.9,9.4,24100,138900,0.843592,-0.287228,0.00109373,0.00085409,8.562572,15.587034,2023-08-01
13749,2023-07-26 12:58:00,19650.0,19797.5,1271750,7113300,159.8,15.75,48750,131200,0.722218,-0.328206,0.00115112,0.00092709,11.380612,15.22775,2023-08-01
8492,2023-07-26 12:58:00,19700.0,19797.5,5349950,16531950,120.45,26.2,109400,288750,0.649938,-0.374854,0.00117157,0.00098334,12.352449,15.063522,2023-08-01
3232,2023-07-26 12:58:00,19750.0,19797.5,5074950,9880450,86.1,41.65,231700,266800,0.587092,-0.424614,0.00119432,0.00102356,12.737857,14.954542,2023-08-01
600,2023-07-26 12:58:00,19800.0,19797.5,15923050,14998200,57.95,63.6,467950,506850,0.526237,-0.476425,0.0012031,0.00103505,12.926817,15.03176,2023-08-01
5862,2023-07-26 12:58:00,19850.0,19797.5,10284800,3453000,36.65,92.7,259150,173850,0.466552,-0.527361,0.00118789,0.00101145,13.074501,15.373152,2023-08-01
11121,2023-07-26 12:58:00,19900.0,19797.5,14002650,3749750,21.9,127.8,629000,88550,0.409317,-0.574785,0.00114506,0.00096527,13.258211,15.86207,2023-08-01
16377,2023-07-26 12:58:00,19950.0,19797.5,7804000,700500,12.15,168.15,190150,28150,0.354823,-0.616154,0.00108745,0.00089662,13.372665,16.640958,2023-08-01
21631,2023-07-26 12:58:00,20000.0,19797.5,13798900,1697700,6.55,212.3,180600,34650,0.305975,-0.649765,0.00100597,0.00081558,13.622818,17.747185,2023-08-01
26884,2023-07-26 12:58:00,20050.0,19797.5,6018200,61900,3.55,258.05,102650,4900,0.264355,-0.67907,0.00091134,0.00074489,14.02398,18.778662,2023-08-01
24260,2023-07-26 12:59:00,19550.0,19793.7,330400,5893600,247.55,5.85,6150,43250,,-0.254582,,0.00078161,0.0,16.040598,2023-08-01
19007,2023-07-26 12:59:00,19600.0,19793.7,1762200,8671900,201.5,9.5,30800,185300,0.790247,-0.288655,0.0010665,0.00086487,10.552711,15.432766,2023-08-01
13750,2023-07-26 12:59:00,19650.0,19793.7,1271750,7113300,157.95,15.95,38250,152400,0.706557,-0.330103,0.00111223,0.00093951,12.093121,15.065045,2023-08-01
8493,2023-07-26 12:59:00,19700.0,19793.7,5349950,16531950,119.2,26.75,227750,415300,0.640142,-0.37768,0.00113594,0.00099407,12.868424,14.939657,2023-08-01
3233,2023-07-26 12:59:00,19750.0,19793.7,5074950,9880450,84.85,42.5,258450,458600,0.580822,-0.427936,0.00117105,0.00103467,13.038494,14.820856,2023-08-01
601,2023-07-26 12:59:00,19800.0,19793.7,15923050,14998200,57.0,64.6,598050,803250,0.521402,-0.480202,0.00118336,0.00104967,13.155172,14.833735,2023-08-01
5863,2023-07-26 12:59:00,19850.0,19793.7,10284800,3453000,35.9,93.9,445450,217050,0.462586,-0.531896,0.00117248,0.00102868,13.237958,15.106614,2023-08-01
11122,2023-07-26 12:59:00,19900.0,19793.7,14002650,3749750,21.5,129.5,381950,131550,0.406184,-0.579941,0.00112922,0.00097978,13.422261,15.59102,2023-08-01
16378,2023-07-26 12:59:00,19950.0,19793.7,7804000,700500,11.8,169.8,325050,36000,0.351775,-0.622908,0.00107644,0.00091609,13.471217,16.20364,2023-08-01
21632,2023-07-26 12:59:00,20000.0,19793.7,13798900,1697700,6.35,214.45,182750,31850,0.303368,-0.656535,0.00099587,0.00082928,13.7121,17.332676,2023-08-01
26885,2023-07-26 12:59:00,20050.0,19793.7,6018200,61900,3.45,260.85,104550,3050,0.262299,-0.684476,0.00090197,0.00075049,14.116861,18.510122,2023-08-01
24261,2023-07-26 13:00:00,19550.0,19789.9,329300,5892350,246.55,6.05,20000,327100,0.831534,-0.256894,0.00091238,0.00078805,10.77827,15.988826,2023-08-01
19008,2023-07-26 13:00:00,19600.0,19789.9,1762400,8672700,199.8,9.85,229550,723750,0.755064,-0.291471,0.00101063,0.00087129,12.156733,15.392696,2023-08-01
13751,2023-07-26 13:00:00,19650.0,19789.9,1253750,7126950,156.45,16.3,158450,584050,0.691782,-0.332545,0.00107076,0.00094965,12.846157,14.95172,2023-08-01
8494,2023-07-26 13:00:00,19700.0,19789.9,5416400,16516000,117.25,27.15,751650,1527800,0.633208,-0.38022,0.00111954,0.00100785,13.144745,14.769472,2023-08-01
3234,2023-07-26 13:00:00,19750.0,19789.9,5159550,9900500,83.05,43.05,814500,1479500,0.575576,-0.431,0.00116092,0.00105142,13.190396,14.608654,2023-08-01
602,2023-07-26 13:00:00,19800.0,19789.9,16066750,15058350,55.15,65.45,2666500,2636600,0.516892,-0.484059,0.00118323,0.00106774,13.167131,14.592747,2023-08-01
5864,2023-07-26 13:00:00,19850.0,19789.9,10205400,3482050,34.75,94.9,1214250,726750,0.45834,-0.536772,0.00116637,0.00105066,13.296398,14.778717,2023-08-01
11123,2023-07-26 13:00:00,19900.0,19789.9,13969350,3771100,20.6,131.05,1418050,488850,0.401986,-0.58562,0.00112549,0.00099819,13.434754,15.26072,2023-08-01
16379,2023-07-26 13:00:00,19950.0,19789.9,7761500,716000,11.2,171.8,762150,90450,0.347625,-0.629275,0.00107246,0.00093161,13.466181,15.85179,2023-08-01
21633,2023-07-26 13:00:00,20000.0,19789.9,13808100,1691950,5.95,215.7,788050,141350,0.299168,-0.667729,0.00099205,0.00086054,13.682168,16.494528,2023-08-01
26886,2023-07-26 13:00:00,20050.0,19789.9,6013550,60500,3.2,264.0,315850,13300,0.258229,-0.688486,0.00089761,0.00075131,14.075029,18.393237,2023-08-01
24262,2023-07-26 13:01:00,19550.0,19786.75,329300,5892350,242.85,6.3,10550,135950,0.87273,-0.259461,0.00091001,0.00079195,8.955547,15.995759,2023-08-01
19009,2023-07-26 13:01:00,19600.0,19786.75,1762400,8672700,196.0,10.35,47950,305200,0.762966,-0.294889,0.00104593,0.00087291,11.541396,15.450713,2023-08-01
13752,2023-07-26 13:01:00,19650.0,19786.75,1253750,7126950,152.95,17.05,64100,398950,0.69268,-0.336132,0.00109691,0.00095002,12.526467,15.012325,2023-08-01
8495,2023-07-26 13:01:00,19700.0,19786.75,5416400,16516000,114.0,28.45,350400,941900,0.631998,-0.384256,0.00114293,0.00100306,12.892552,14.89041,2023-08-01
3235,2023-07-26 13:01:00,19750.0,19786.75,5159550,9900500,80.4,44.85,482850,875850,0.572715,-0.434868,0.00117716,0.00104326,13.02899,14.750567,2023-08-01
603,2023-07-26 13:01:00,19800.0,19786.75,16066750,15058350,53.45,67.9,1107400,1466150,0.513178,-0.487492,0.00118703,0.00105409,13.13241,14.789451,2023-08-01
5865,2023-07-26 13:01:00,19850.0,19786.75,10205400,3482050,33.35,98.0,647150,382700,0.454394,-0.539218,0.00117136,0.00103113,13.228277,15.053022,2023-08-01
11124,2023-07-26 13:01:00,19900.0,19786.75,13969350,3771100,19.55,134.25,869700,278450,0.397744,-0.587221,0.00112992,0.00098127,13.347684,15.513393,2023-08-01
16380,2023-07-26 13:01:00,19950.0,19786.75,7761500,716000,10.6,175.15,455200,53250,0.343637,-0.629919,0.00107229,0.00091546,13.413503,16.125719,2023-08-01
21634,2023-07-26 13:01:00,20000.0,19786.75,13808100,1691950,5.65,219.85,443200,59000,0.295839,-0.664437,0.00098823,0.00083319,13.668035,17.105954,2023-08-01
26887,2023-07-26 13:01:00,20050.0,19786.75,6013550,60500,3.15,267.8,148150,2650,0.256928,-0.685997,0.00088914,0.00073419,14.174952,18.890826,2023-08-01
24263,2023-07-26 13:02:00,19550.0,19783.5,329300,5892350,239.8,6.35,12000,180000,0.851459,-0.26045,0.00093647,0.00079994,9.672771,15.870562,2023-08-01
19010,2023-07-26 13:02:00,19600.0,19783.5,1762400,8672700,193.85,10.4,104600,610350,0.748429,-0.295941,0.00102491,0.00088336,12.164844,15.296456,2023-08-01
13753,2023-07-26 13:02:00,19650.0,19783.5,1253750,7126950,151.0,17.4,118400,573750,0.684889,-0.338376,0.0010814,0.00095824,12.847683,14.925225,2023-08-01
8496,2023-07-26 13:02:00,19700.0,19783.5,5416400,16516000,112.75,28.8,506600,1269400,0.625315,-0.38647,0.00112082,0.00101528,13.226349,14.739259,2023-08-01
3236,2023-07-26 13:02:00,19750.0,19783.5,5159550,9900500,79.25,45.5,752650,1547150,0.567916,-0.437715,0.00116138,0.00105531,13.237546,14.602312,2023-08-01
604,2023-07-26 13:02:00,19800.0,19783.5,16066750,15058350,52.6,69.05,1668050,2480850,0.509285,-0.490909,0.00117279,0.00106325,13.298483,14.66863,2023-08-01
5866,2023-07-26 13:02:00,19850.0,19783.5,10205400,3482050,32.7,99.4,987200,612150,0.45109,-0.54312,0.00115984,0.00104155,13.349317,14.890583,2023-08-01
11125,2023-07-26 13:02:00,19900.0,19783.5,13969350,3771100,19.3,135.95,1138350,485200,0.395331,-0.59165,0.00111537,0.00099147,13.502634,15.317661,2023-08-01
16381,2023-07-26 13:02:00,19950.0,19783.5,7761500,716000,10.4,177.2,803400,62650,0.341434,-0.634652,0.00106117,0.00092356,13.524045,15.920084,2023-08-01
21635,2023-07-26 13:02:00,20000.0,19783.5,13808100,1691950,5.55,222.0,667000,110650,0.294116,-0.669966,0.00097819,0.00084206,13.774174,16.818606,2023-08-01
26888,2023-07-26 13:02:00,20050.0,19783.5,6013550,60500,3.1,268.8,386850,6750,0.25561,-0.698531,0.00088055,0.00076177,14.278137,17.887707,2023-08-01
24264,2023-07-26 13:03:00,19550.0,19779.3,329850,5875350,240.2,6.35,22550,248000,0.750513,-0.261219,0.00083921,0.0008118,14.795182,15.666682,2023-08-01
19011,2023-07-26 13:03:00,19600.0,19779.3,1777900,8644150,194.15,10.45,74400,417050,0.711235,-0.297228,0.0009281,0.0008976,14.397654,15.087835,2023-08-01
13754,2023-07-26 13:03:00,19650.0,19779.3,1260000,7169650,150.9,17.5,59950,448550,0.666182,-0.34013,0.00101128,0.0009758,14.07166,14.689856,2023-08-01
8497,2023-07-26 13:03:00,19700.0,19779.3,5365350,16518600,112.5,29.15,346000,976200,0.614498,-0.389175,0.00106839,0.00103363,14.000071,14.510627,2023-08-01
3237,2023-07-26 13:03:00,19750.0,19779.3,5237350,10029350,79.25,45.8,455600,1214850,0.560593,-0.441002,0.00111409,0.00108121,13.844836,14.274527,2023-08-01
605,2023-07-26 13:03:00,19800.0,19779.3,15785600,14866100,52.35,69.45,1165900,2123050,0.504431,-0.495461,0.00113901,0.00109499,13.699323,14.250034,2023-08-01
5867,2023-07-26 13:03:00,19850.0,19779.3,9995700,3431450,32.7,99.6,691900,436700,0.447806,-0.549905,0.00112842,0.0010855,13.710315,14.262909,2023-08-01
11126,2023-07-26 13:03:00,19900.0,19779.3,13813500,3747750,19.1,136.2,955800,295450,0.39257,-0.601766,0.00109461,0.00104332,13.735873,14.467412,2023-08-01
16382,2023-07-26 13:03:00,19950.0,19779.3,7658400,716850,10.45,177.15,573550,41150,0.340087,-0.651042,0.0010393,0.00099066,13.791587,14.608885,2023-08-01
21636,2023-07-26 13:03:00,20000.0,19779.3,13604450,1666800,5.6,222.15,639600,89500,0.293419,-0.692626,0.00096038,0.00091078,14.01805,15.095103,2023-08-01
26889,2023-07-26 13:03:00,20050.0,19779.3,5899350,63100,3.15,268.65,237850,3500,0.255497,-0.733947,0.00086623,0.00084198,14.514674,15.247084,2023-08-01
24265,2023-07-26 13:04:00,19550.0,19788.65,329850,5875350,246.55,6.1,7100,122600,0.792976,-0.257711,0.00088342,0.00079008,12.648468,15.978618,2023-08-01
19012,2023-07-26 13:04:00,19600.0,19788.65,1777900,8644150,200.7,9.95,80800,390900,0.732908,-0.292478,0.00095509,0.00087319,13.462338,15.388355,2023-08-01
13755,2023-07-26 13:04:00,19650.0,19788.65,1260000,7169650,157.4,16.45,103300,536600,0.680527,-0.33361,0.00102422,0.00095175,13.642118,14.941965,2023-08-01
8498,2023-07-26 13:04:00,19700.0,19788.65,5365350,16518600,118.0,27.3,387500,1049500,0.627391,-0.381203,0.00108426,0.00101139,13.646178,14.733621,2023-08-01
3238,2023-07-26 13:04:00,19750.0,19788.65,5237350,10029350,83.75,43.25,507000,1102750,0.572277,-0.432103,0.00113073,0.00105592,13.567783,14.557703,2023-08-01
606,2023-07-26 13:04:00,19800.0,19788.65,15785600,14866100,56.1,65.6,1321550,1842450,0.515165,-0.485356,0.00115072,0.00107525,13.54541,14.496798,2023-08-01
5868,2023-07-26 13:04:00,19850.0,19788.65,9995700,3431450,35.4,95.0,734050,491150,0.457918,-0.538579,0.00114182,0.00106144,13.584755,14.626494,2023-08-01
11127,2023-07-26 13:04:00,19900.0,19788.65,13813500,3747750,21.0,130.85,897950,310950,0.402262,-0.588759,0.00110746,0.00101664,13.659849,14.961582,2023-08-01
16383,2023-07-26 13:04:00,19950.0,19788.65,7658400,716850,11.5,171.0,622650,30950,0.348589,-0.635878,0.00105733,0.00096398,13.676693,15.233209,2023-08-01
21637,2023-07-26 13:04:00,20000.0,19788.65,13604450,1666800,6.2,215.55,479450,52600,0.300963,-0.674452,0.0009789,0.00088265,13.907565,15.954215,2023-08-01
26890,2023-07-26 13:04:00,20050.0,19788.65,5899350,63100,3.3,263.6,243250,4250,0.259528,-0.697633,0.00088992,0.00077503,14.237712,17.602703,2023-08-01
24266,2023-07-26 13:05:00,19550.0,19790.85,329850,5875350,249.85,5.75,6550,185050,0.774255,-0.254515,0.00084736,0.0007905,13.86377,15.865776,2023-08-01
19013,2023-07-26 13:05:00,19600.0,19790.85,1777900,8644150,203.5,9.4,107650,325550,0.728476,-0.288995,0.00093165,0.00087569,13.914585,15.257897,2023-08-01
13756,2023-07-26 13:05:00,19650.0,19790.85,1260000,7169650,159.7,15.65,82100,370000,0.680694,-0.330137,0.00101084,0.00095638,13.818894,14.807041,2023-08-01
8499,2023-07-26 13:05:00,19700.0,19790.85,5365350,16518600,120.0,26.25,493600,814850,0.628831,-0.37807,0.0010742,0.0010171,13.756192,14.613122,2023-08-01
3239,2023-07-26 13:05:00,19750.0,19790.85,5237350,10029350,85.85,41.65,588650,873700,0.573879,-0.429012,0.00111488,0.00106744,13.749539,14.380013,2023-08-01
607,2023-07-26 13:05:00,19800.0,19790.85,15785600,14866100,57.6,63.6,1376550,1239150,0.517614,-0.482859,0.00114176,0.00108987,13.647505,14.298008,2023-08-01
5869,2023-07-26 13:05:00,19850.0,19790.85,9995700,3431450,36.25,92.65,721600,347350,0.460493,-0.536945,0.00114085,0.00107876,13.604578,14.396536,2023-08-01
11128,2023-07-26 13:05:00,19900.0,19790.85,13813500,3747750,21.7,128.15,837600,310450,0.405078,-0.588424,0.00110509,0.0010376,13.712701,14.661382,2023-08-01
16384,2023-07-26 13:05:00,19950.0,19790.85,7658400,716850,12.0,168.45,469300,21450,0.351654,-0.636111,0.00105532,0.00098036,13.745806,14.974647,2023-08-01
21638,2023-07-26 13:05:00,20000.0,19790.85,13604450,1666800,6.4,212.45,541200,50850,0.303181,-0.678377,0.00098169,0.00090881,13.913112,15.416834,2023-08-01
26891,2023-07-26 13:05:00,20050.0,19790.85,5899350,63100,3.45,259.25,242550,5750,0.262008,-0.711585,0.00089201,0.00082253,14.273272,16.228653,2023-08-01
24267,2023-07-26 13:06:00,19550.0,19787.25,330850,5879250,244.2,6.05,12800,101050,0.81783,-0.257642,0.00091439,0.00079464,11.306718,15.887804,2023-08-01
19014,2023-07-26 13:06:00,19600.0,19787.25,1781250,8685700,197.95,9.9,68850,341550,0.745004,-0.292614,0.00099678,0.00087874,12.597762,15.297304,2023-08-01
13757,2023-07-26 13:06:00,19650.0,19787.25,1266250,7265450,154.75,16.65,56900,388350,0.685789,-0.334816,0.0010598,0.00095402,13.093982,14.930269,2023-08-01
8500,2023-07-26 13:06:00,19700.0,19787.25,5354950,16456050,116.0,27.8,375650,636850,0.628142,-0.382898,0.0011051,0.00101022,13.382718,14.77309,2023-08-01
3240,2023-07-26 13:06:00,19750.0,19787.25,5273850,10073200,82.25,44.0,346500,719850,0.571369,-0.433811,0.00114349,0.00105272,13.424495,14.615412,2023-08-01
608,2023-07-26 13:06:00,19800.0,19787.25,16028700,14495200,54.95,66.7,1024550,1160950,0.513598,-0.486903,0.0011596,0.00106851,13.446018,14.592959,2023-08-01
5870,2023-07-26 13:06:00,19850.0,19787.25,10030200,3498800,34.4,96.4,558600,346550,0.455874,-0.539648,0.00115123,0.00105179,13.468673,14.759564,2023-08-01
11129,2023-07-26 13:06:00,19900.0,19787.25,14022050,3752500,20.4,132.7,698250,274700,0.40016,-0.588685,0.00111184,0.00100089,13.590026,15.200406,2023-08-01
16385,2023-07-26 13:06:00,19950.0,19787.25,7558800,715550,11.2,173.45,412200,34450,0.346781,-0.63311,0.00105764,0.00093792,13.649125,15.698916,2023-08-01
21639,2023-07-26 13:06:00,20000.0,19787.25,13655550,1648500,6.0,218.0,427850,45950,0.299087,-0.669892,0.0009788,0.00085777,13.872279,16.512693,2023-08-01
26892,2023-07-26 13:06:00,20050.0,19787.25,5888700,65850,3.25,266.8,169600,2450,0.258675,-0.688165,0.00088684,0.00074227,14.265508,18.63447,2023-08-01
24268,2023-07-26 13:07:00,19550.0,19786.3,330850,5879250,243.65,6.05,1850,136300,0.805256,-0.257851,0.00090647,0.00079716,11.886217,15.845901,2023-08-01
19015,2023-07-26 13:07:00,19600.0,19786.3,1781250,8685700,198.1,10.0,29200,237200,0.734311,-0.293415,0.00097038,0.00088008,13.218678,15.29506,2023-08-01
13758,2023-07-26 13:07:00,19650.0,19786.3,1266250,7265450,154.5,16.75,24400,262000,0.682118,-0.335496,0.00104795,0.00095631,13.3091,14.908062,2023-08-01
8501,2023-07-26 13:07:00,19700.0,19786.3,5354950,16456050,115.75,27.85,193900,484700,0.625952,-0.383463,0.00109639,0.00101452,13.515751,14.718452,2023-08-01
3241,2023-07-26 13:07:00,19750.0,19786.3,5273850,10073200,82.0,44.1,188500,535950,0.569885,-0.43457,0.00113712,0.00105758,13.510233,14.554379,2023-08-01
609,2023-07-26 13:07:00,19800.0,19786.3,16028700,14495200,54.5,66.85,566800,793850,0.512491,-0.487897,0.00115928,0.00107419,13.45243,14.518357,2023-08-01
5871,2023-07-26 13:07:00,19850.0,19786.3,10030200,3498800,34.05,96.55,423750,254700,0.454775,-0.541007,0.00115099,0.00105929,13.468744,14.651476,2023-08-01
11130,2023-07-26 13:07:00,19900.0,19786.3,14022050,3752500,20.05,132.6,319850,162950,0.398836,-0.591082,0.00111372,0.00101463,13.556686,14.975213,2023-08-01
16386,2023-07-26 13:07:00,19950.0,19786.3,7558800,715550,11.05,173.5,260850,13250,0.345767,-0.636252,0.00105659,0.00095071,13.649215,15.444884,2023-08-01
21640,2023-07-26 13:07:00,20000.0,19786.3,13655550,1648500,5.95,218.05,268100,19200,0.298464,-0.674329,0.00097633,0.00087161,13.895611,16.163539,2023-08-01
26893,2023-07-26 13:07:00,20050.0,19786.3,5888700,65850,3.25,264.9,84900,1650,0.25853,-0.704665,0.00088376,0.00078801,14.312633,17.13364,2023-08-01
24269,2023-07-26 13:08:00,19550.0,19783.0,330850,5879250,241.8,6.1,2350,65450,0.775785,-0.25886,0.00087672,0.00080537,13.355567,15.719486,2023-08-01
19016,2023-07-26 13:08:00,19600.0,19783.0,1781250,8685700,195.7,10.15,60950,206550,0.726221,-0.295018,0.00096104,0.00088894,13.552265,15.184091,2023-08-01
13759,2023-07-26 13:08:00,19650.0,19783.0,1266250,7265450,152.85,17.0,63700,206850,0.673869,-0.337443,0.00102776,0.00096667,13.718618,14.784807,2023-08-01
8502,2023-07-26 13:08:00,19700.0,19783.0,5354950,16456050,114.2,28.55,195150,551650,0.620331,-0.386395,0.00108202,0.00102116,13.762002,14.658964,2023-08-01
3242,2023-07-26 13:08:00,19750.0,19783.0,5273850,10073200,80.75,45.0,266150,607750,0.565326,-0.437713,0.00112399,0.00106602,13.698121,14.460869,2023-08-01
610,2023-07-26 13:08:00,19800.0,19783.0,16028700,14495200,53.4,68.2,593550,979200,0.508647,-0.491439,0.00115012,0.0010808,13.565989,14.436126,2023-08-01
5872,2023-07-26 13:08:00,19850.0,19783.0,10030200,3498800,33.4,98.2,505000,242150,0.45149,-0.544912,0.00113942,0.00106669,13.595225,14.537668,2023-08-01
11131,2023-07-26 13:08:00,19900.0,19783.0,14022050,3752500,19.7,134.65,400800,153400,0.396191,-0.595226,0.00110145,0.0010203,13.686411,14.857881,2023-08-01
16387,2023-07-26 13:08:00,19950.0,19783.0,7558800,715550,10.8,175.95,243250,16250,0.343361,-0.640295,0.00104672,0.00095334,13.744992,15.346972,2023-08-01
21641,2023-07-26 13:08:00,20000.0,19783.0,13655550,1648500,5.85,220.4,256350,30850,0.296768,-0.680049,0.00096625,0.00087969,14.007247,15.90152,2023-08-01
26894,2023-07-26 13:08:00,20050.0,19783.0,5888700,65850,3.15,267.9,111550,950,0.256538,-0.707399,0.00087664,0.00078531,14.374192,17.122645,2023-08-01
24270,2023-07-26 13:09:00,19550.0,19782.55,332500,5888950,241.35,6.15,8800,89000,0.775608,-0.25939,0.000878,0.00080558,13.343066,15.733284,2023-08-01
19017,2023-07-26 13:09:00,19600.0,19782.55,1785650,8740300,195.3,10.2,31250,183700,0.725666,-0.295433,0.00096143,0.00088947,13.561452,15.186047,2023-08-01
13760,2023-07-26 13:09:00,19650.0,19782.55,1273100,7233100,152.35,17.15,30100,218600,0.673874,-0.338127,0.00103089,0.00096581,13.67802,14.810713,2023-08-01
8503,2023-07-26 13:09:00,19700.0,19782.55,5397900,16539750,113.85,28.55,187950,507450,0.619858,-0.386636,0.00108263,0.00102356,13.760593,14.628389,2023-08-01
3243,2023-07-26 13:09:00,19750.0,19782.55,5368900,10089700,80.65,45.0,268100,525600,0.564629,-0.438047,0.00112064,0.00106912,13.744105,14.422074,2023-08-01
611,2023-07-26 13:09:00,19800.0,19782.55,16076550,14337300,53.4,68.35,658350,893100,0.508123,-0.491927,0.0011457,0.00108212,13.619787,14.420037,2023-08-01
5873,2023-07-26 13:09:00,19850.0,19782.55,10197800,3515650,33.35,98.6,630750,216750,0.451097,-0.545286,0.00113682,0.00106441,13.625819,14.568466,2023-08-01
11132,2023-07-26 13:09:00,19900.0,19782.55,14090400,3764450,19.85,134.75,400550,135750,0.396331,-0.596145,0.00109511,0.00102434,13.767977,14.791886,2023-08-01
16388,2023-07-26 13:09:00,19950.0,19782.55,7605800,719050,10.85,176.05,270800,22900,0.343455,-0.641639,0.00104303,0.00095825,13.796264,15.24983,2023-08-01
21642,2023-07-26 13:09:00,20000.0,19782.55,13637550,1638150,5.8,220.75,345900,25800,0.296284,-0.680683,0.00096579,0.00088017,14.004586,15.88106,2023-08-01
26895,2023-07-26 13:09:00,20050.0,19782.55,5947600,65250,3.15,268.15,139250,2600,0.256502,-0.708875,0.00087514,0.00078797,14.3989,17.025936,2023-08-01
24271,2023-07-26 13:10:00,19550.0,19786.45,332500,5888950,245.0,5.95,5950,131650,0.779976,-0.257166,0.00087178,0.00079829,13.286521,15.804117,2023-08-01
19018,2023-07-26 13:10:00,19600.0,19786.45,1785650,8740300,198.0,9.75,53450,181250,0.736293,-0.292162,0.00097563,0.00088382,13.099803,15.20251,2023-08-01
13761,2023-07-26 13:10:00,19650.0,19786.45,1273100,7233100,155.0,16.35,38100,204550,0.680396,-0.334192,0.00103827,0.00096238,13.465937,14.79376,2023-08-01
8504,2023-07-26 13:10:00,19700.0,19786.45,5397900,16539750,116.35,27.35,240550,474350,0.624836,-0.382483,0.0010853,0.00102172,13.668937,14.605911,2023-08-01
3244,2023-07-26 13:10:00,19750.0,19786.45,5368900,10089700,82.65,43.55,295000,557900,0.569377,-0.433991,0.00112516,0.00106518,13.659181,14.449325,2023-08-01
612,2023-07-26 13:10:00,19800.0,19786.45,16076550,14337300,55.0,66.35,700800,779300,0.51261,-0.487714,0.0011498,0.0010807,13.565432,14.433094,2023-08-01
5874,2023-07-26 13:10:00,19850.0,19786.45,10197800,3515650,34.25,96.1,398500,235500,0.455124,-0.541112,0.00114698,0.0010649,13.519322,14.576353,2023-08-01
11133,2023-07-26 13:10:00,19900.0,19786.45,14090400,3764450,20.25,132.0,537250,177400,0.399467,-0.591792,0.0011092,0.00102314,13.619844,14.846797,2023-08-01
16389,2023-07-26 13:10:00,19950.0,19786.45,7605800,719050,11.1,172.55,250550,19050,0.34617,-0.638743,0.00105529,0.00096654,13.674174,15.158951,2023-08-01
21643,2023-07-26 13:10:00,20000.0,19786.45,13637550,1638150,5.95,217.35,304400,28950,0.298655,-0.676937,0.00097634,0.0008827,13.901788,15.910338,2023-08-01
26896,2023-07-26 13:10:00,20050.0,19786.45,5947600,65250,3.25,264.25,150150,850,0.25873,-0.708002,0.0008838,0.0007979,14.320009,16.835141,2023-08-01
24272,2023-07-26 13:11:00,19550.0,19786.9,332500,5888950,241.85,5.9,1700,121450,,-0.256731,,0.00079787,0.0,15.798987,2023-08-01
19019,2023-07-26 13:11:00,19600.0,19786.9,1785650,8740300,196.95,9.8,89650,192300,0.751637,-0.292381,0.00101661,0.00088111,12.185049,15.255062,2023-08-01
13762,2023-07-26 13:11:00,19650.0,19786.9,1273100,7233100,153.55,16.4,68350,220600,0.689674,-0.334261,0.00108141,0.00095922,12.767436,14.844232,2023-08-01
8505,2023-07-26 13:11:00,19700.0,19786.9,5397900,16539750,114.85,27.6,205850,481450,0.629808,-0.382803,0.00112306,0.00101455,13.153566,14.71333,2023-08-01
3245,2023-07-26 13:11:00,19750.0,19786.9,5368900,10089700,81.0,43.9,303250,518200,0.572059,-0.434035,0.00116305,0.0010557,13.19854,14.579862,2023-08-01
613,2023-07-26 13:11:00,19800.0,19786.9,16076550,14337300,54.0,66.95,607600,712150,0.513254,-0.487302,0.00117372,0.00106617,13.288648,14.629844,2023-08-01
5875,2023-07-26 13:11:00,19850.0,19786.9,10197800,3515650,33.8,96.9,322950,188650,0.455074,-0.539759,0.00115959,0.00104581,13.372633,14.84804,2023-08-01
11134,2023-07-26 13:11:00,19900.0,19786.9,14090400,3764450,20.05,133.1,332100,148100,0.399283,-0.5887,0.00111625,0.00099724,13.532659,15.260565,2023-08-01
16390,2023-07-26 13:11:00,19950.0,19786.9,7605800,719050,11.0,173.6,248500,11850,0.345939,-0.633737,0.00105989,0.00093939,13.611956,15.670257,2023-08-01
21644,2023-07-26 13:11:00,20000.0,19786.9,13637550,1638150,6.0,219.1,447000,33050,0.299233,-0.666601,0.00097645,0.00084268,13.912893,16.880028,2023-08-01
26897,2023-07-26 13:11:00,20050.0,19786.9,5947600,65250,3.25,262.85,69750,750,0.258882,-0.715102,0.00088505,0.00081901,14.304578,16.212705,2023-08-01
24273,2023-07-26 13:12:00,19550.0,19786.45,334150,5829500,241.85,5.75,1850,89400,,-0.255598,,0.0008019,0.0,15.684795,2023-08-01
19020,2023-07-26 13:12:00,19600.0,19786.45,1793700,8743200,197.95,9.6,38800,213300,0.736573,-0.291425,0.00097648,0.0008864,13.082751,15.142251,2023-08-01
13763,2023-07-26 13:12:00,19650.0,19786.45,1281650,7241500,154.15,16.15,23750,113550,0.684216,-0.333571,0.00105755,0.00096572,13.154951,14.733547,2023-08-01
8506,2023-07-26 13:12:00,19700.0,19786.45,5435650,16528100,115.2,27.2,131100,365850,0.627533,-0.382237,0.0011085,0.00102393,13.35376,14.573333,2023-08-01
3246,2023-07-26 13:12:00,19750.0,19786.45,5397450,10085450,81.6,43.25,177700,366750,0.5705,-0.433733,0.00114514,0.0010699,13.415554,14.385727,2023-08-01
614,2023-07-26 13:12:00,19800.0,19786.45,16136000,14163600,54.2,65.9,514800,495250,0.512679,-0.487687,0.00116501,0.00108805,13.389679,14.337183,2023-08-01
5876,2023-07-26 13:12:00,19850.0,19786.45,10227250,3491650,34.05,95.75,311650,116000,0.454956,-0.541384,0.00115052,0.0010707,13.478661,14.498025,2023-08-01
11135,2023-07-26 13:12:00,19900.0,19786.45,14173950,3721250,20.1,132.0,419000,109700,0.399172,-0.591757,0.00111204,0.00102274,13.583943,14.854571,2023-08-01
16391,2023-07-26 13:12:00,19950.0,19786.45,7610600,717000,11.05,173.0,208950,12350,0.346024,-0.637206,0.0010561,0.00095732,13.663112,15.328896,2023-08-01
21645,2023-07-26 13:12:00,20000.0,19786.45,13697900,1619450,5.9,217.45,231850,17200,0.298353,-0.67638,0.00097742,0.00088045,13.881563,15.964201,2023-08-01
26898,2023-07-26 13:12:00,20050.0,19786.45,5967950,64550,3.25,265.7,45300,1550,0.258843,-0.698506,0.00088352,0.00077066,14.329417,17.689497,2023-08-01
24274,2023-07-26 13:13:00,19550.0,19788.1,334150,5829500,246.0,5.75,650,73900,0.791689,-0.255382,0.00088366,0.00079718,12.698311,15.770249,2023-08-01
19021,2023-07-26 13:13:00,19600.0,19788.1,1793700,8743200,199.85,9.5,96550,204450,0.734605,-0.290543,0.00096283,0.00088227,13.318297,15.191071,2023-08-01
13764,2023-07-26 13:13:00,19650.0,19788.1,1281650,7241500,155.6,16.0,35500,234300,0.685618,-0.33256,0.0010533,0.00096078,13.182576,14.791067,2023-08-01
8507,2023-07-26 13:13:00,19700.0,19788.1,5435650,16528100,116.9,26.8,183600,402800,0.628128,-0.380691,0.00109631,0.00102127,13.494887,14.592941,2023-08-01
3247,2023-07-26 13:13:00,19750.0,19788.1,5397450,10085450,82.75,42.7,254900,614000,0.572215,-0.432077,0.00114113,0.00106715,13.451828,14.412168,2023-08-01
615,2023-07-26 13:13:00,19800.0,19788.1,16136000,14163600,55.05,65.45,676800,599300,0.514589,-0.485939,0.00116332,0.00108056,13.406683,14.434094,2023-08-01
5877,2023-07-26 13:13:00,19850.0,19788.1,10227250,3491650,34.6,95.1,358900,206850,0.456841,-0.53929,0.0011513,0.00106364,13.476259,14.60158,2023-08-01
11136,2023-07-26 13:13:00,19900.0,19788.1,14173950,3721250,20.45,131.0,390200,99400,0.400944,-0.589632,0.00111389,0.00101926,13.576748,14.923697,2023-08-01
16392,2023-07-26 13:13:00,19950.0,19788.1,7610600,717000,11.25,171.75,182850,15750,0.347621,-0.635246,0.00105883,0.00095633,13.650787,15.372337,2023-08-01
21646,2023-07-26 13:13:00,20000.0,19788.1,13697900,1619450,6.1,215.95,203650,24400,0.300466,-0.675124,0.00097787,0.00088279,13.91934,15.946775,2023-08-01
26899,2023-07-26 13:13:00,20050.0,19788.1,5967950,64550,3.3,261.75,78650,900,0.259915,-0.713989,0.00088693,0.00081993,14.304494,16.225481,2023-08-01
24275,2023-07-26 13:14:00,19550.0,19790.95,334150,5829500,248.0,5.7,3450,47050,0.813385,-0.254549,0.00089787,0.00079018,11.691888,15.881338,2023-08-01
19022,2023-07-26 13:14:00,19600.0,19790.95,1793700,8743200,202.15,9.4,55150,158050,0.740054,-0.289398,0.00096539,0.00087401,13.14156,15.305014,2023-08-01
13765,2023-07-26 13:14:00,19650.0,19790.95,1281650,7241500,158.4,15.7,25650,137600,0.686646,-0.330641,0.00103938,0.00095333,13.33927,14.871069,2023-08-01
8508,2023-07-26 13:14:00,19700.0,19790.95,5435650,16528100,118.6,26.3,135700,284300,0.632301,-0.378392,0.00110176,0.00101368,13.377725,14.673721,2023-08-01
3248,2023-07-26 13:14:00,19750.0,19790.95,5397450,10085450,84.2,41.85,198250,455750,0.575847,-0.429313,0.00114546,0.00106108,13.376624,14.475533,2023-08-01
616,2023-07-26 13:14:00,19800.0,19790.95,16136000,14163600,56.45,64.1,595350,415700,0.517896,-0.482881,0.00116229,0.00107805,13.41282,14.462161,2023-08-01
5878,2023-07-26 13:14:00,19850.0,19790.95,10227250,3491650,35.4,93.3,256750,94500,0.45995,-0.536247,0.00115629,0.00106395,13.427864,14.606662,2023-08-01
11137,2023-07-26 13:14:00,19900.0,19790.95,14173950,3721250,21.05,128.65,270250,89650,0.40396,-0.587138,0.00111764,0.00102509,13.556108,14.858717,2023-08-01
16393,2023-07-26 13:14:00,19950.0,19790.95,7610600,717000,11.6,169.0,211950,8300,0.350349,-0.633771,0.00106379,0.00096636,13.624891,15.231944,2023-08-01
21647,2023-07-26 13:14:00,20000.0,19790.95,13697900,1619450,6.25,214.0,276500,12350,0.302511,-0.669959,0.00098464,0.00087443,13.864619,16.201183,2023-08-01
26900,2023-07-26 13:14:00,20050.0,19790.95,5967950,64550,3.35,261.75,56100,0,0.26124,-0.711661,0.00089416,0.00082301,14.224753,16.225481,2023-08-01
24276,2023-07-26 13:15:00,19550.0,19796.4,333600,5845050,253.4,5.25,13350,141300,0.815392,-0.24978,0.00088093,0.00078395,11.834551,15.845212,2023-08-01
19023,2023-07-26 13:15:00,19600.0,19796.4,1739900,8780750,206.1,8.6,100750,448950,0.757177,-0.283571,0.00098529,0.00087042,12.417848,15.217262,2023-08-01
13766,2023-07-26 13:15:00,19650.0,19796.4,1280650,7237700,162.2,14.6,92400,495150,0.69675,-0.324937,0.00105114,0.00094958,12.998837,14.82177,2023-08-01
8509,2023-07-26 13:15:00,19700.0,19796.4,5410050,16587750,122.45,24.5,481300,969350,0.639002,-0.37209,0.00110088,0.00101498,13.302923,14.574504,2023-08-01
3249,2023-07-26 13:15:00,19750.0,19796.4,5421150,10241750,87.5,39.4,568600,983250,0.582277,-0.423081,0.00114449,0.00106479,13.341196,14.379344,2023-08-01
617,2023-07-26 13:15:00,19800.0,19796.4,16242600,14185000,58.55,60.8,1516200,1390150,0.524409,-0.476869,0.00117331,0.00108673,13.27242,14.33255,2023-08-01
5879,2023-07-26 13:15:00,19850.0,19796.4,10274450,3512200,36.85,89.4,656100,420750,0.465859,-0.530759,0.00116883,0.00107361,13.2994,14.488906,2023-08-01
11138,2023-07-26 13:15:00,19900.0,19796.4,14263700,3718600,21.95,124.25,744850,295150,0.409152,-0.58221,0.00113155,0.00103535,13.428999,14.748066,2023-08-01
16394,2023-07-26 13:15:00,19950.0,19796.4,7595100,718200,12.1,164.65,388750,38750,0.354778,-0.628172,0.00107857,0.00096851,13.495994,15.270375,2023-08-01
21648,2023-07-26 13:15:00,20000.0,19796.4,13706550,1619750,6.45,208.65,461000,48800,0.305709,-0.667836,0.00100085,0.00089072,13.701276,15.942151,2023-08-01
26901,2023-07-26 13:15:00,20050.0,19796.4,5973800,64850,3.5,256.4,180050,2450,0.264419,-0.69241,0.00090678,0.00078398,14.110736,17.538699,2023-08-01
24277,2023-07-26 13:16:00,19550.0,19800.05,333600,5845050,256.9,5.05,5750,229150,0.820766,-0.247424,0.00087265,0.00077801,11.726507,15.883649,2023-08-01
19024,2023-07-26 13:16:00,19600.0,19800.05,1739900,8780750,209.95,8.2,73950,451600,0.755271,-0.280368,0.00096418,0.00086568,12.741791,15.215187,2023-08-01
13767,2023-07-26 13:16:00,19650.0,19800.05,1280650,7237700,165.5,13.8,108900,360450,0.699672,-0.320747,0.00104106,0.00094868,13.066087,14.754591,2023-08-01
8510,2023-07-26 13:16:00,19700.0,19800.05,5410050,16587750,124.9,23.4,399300,847600,0.644015,-0.368001,0.00110379,0.00101449,13.201852,14.527522,2023-08-01
3250,2023-07-26 13:16:00,19750.0,19800.05,5421150,10241750,89.5,37.8,570850,874000,0.58696,-0.418872,0.00114881,0.00106714,13.255237,14.315113,2023-08-01
618,2023-07-26 13:16:00,19800.0,19800.05,16242600,14185000,60.4,58.8,1574400,1334300,0.528689,-0.472841,0.00117237,0.00108945,13.271905,14.285812,2023-08-01
5880,2023-07-26 13:16:00,19850.0,19800.05,10274450,3512200,38.2,86.75,733600,299150,0.470117,-0.527069,0.00116982,0.00108129,13.297853,14.393914,2023-08-01
11139,2023-07-26 13:16:00,19900.0,19800.05,14263700,3718600,22.8,121.65,698500,231100,0.413139,-0.578347,0.00113573,0.00103622,13.408666,14.763406,2023-08-01
16395,2023-07-26 13:16:00,19950.0,19800.05,7595100,718200,12.6,161.5,427850,29600,0.358412,-0.625169,0.0010846,0.00097488,13.467483,15.207699,2023-08-01
21649,2023-07-26 13:16:00,20000.0,19800.05,13706550,1619750,6.7,205.45,374500,60450,0.308717,-0.664671,0.00100859,0.00089438,13.653039,15.934202,2023-08-01
26902,2023-07-26 13:16:00,20050.0,19800.05,5973800,64850,3.6,252.0,116150,1250,0.266545,-0.695897,0.00091548,0.00080717,14.031767,16.947002,2023-08-01
24278,2023-07-26 13:17:00,19550.0,19799.85,333600,5845050,255.05,5.15,4550,148850,,-0.248441,,0.00077653,0.0,15.949994,2023-08-01
19025,2023-07-26 13:17:00,19600.0,19799.85,1739900,8780750,208.8,8.3,51350,207900,0.76778,-0.281091,0.00099383,0.00086426,12.012309,15.260201,2023-08-01
13768,2023-07-26 13:17:00,19650.0,19799.85,1280650,7237700,164.5,14.05,33900,191000,0.704358,-0.321853,0.00106248,0.00094461,12.712102,14.840325,2023-08-01
8511,2023-07-26 13:17:00,19700.0,19799.85,5410050,16587750,124.45,23.75,287100,456650,0.644651,-0.36895,0.00111034,0.00100905,13.116489,14.619154,2023-08-01
3251,2023-07-26 13:17:00,19750.0,19799.85,5421150,10241750,89.25,38.35,317200,459550,0.58688,-0.419699,0.00115112,0.00105861,13.230207,14.437567,2023-08-01
619,2023-07-26 13:17:00,19800.0,19799.85,16242600,14185000,60.0,59.25,1052950,678900,0.528557,-0.473178,0.00117815,0.00108307,13.207903,14.371765,2023-08-01
5881,2023-07-26 13:17:00,19850.0,19799.85,10274450,3512200,38.05,87.4,455350,167700,0.469841,-0.526977,0.00117101,0.00107162,13.284557,14.524945,2023-08-01
11140,2023-07-26 13:17:00,19900.0,19799.85,14263700,3718600,22.65,122.15,507950,118900,0.412743,-0.577981,0.00113753,0.0010294,13.385321,14.864907,2023-08-01
16396,2023-07-26 13:17:00,19950.0,19799.85,7595100,718200,12.55,162.5,285100,12150,0.358163,-0.623007,0.00108456,0.00095875,13.465517,15.492328,2023-08-01
21650,2023-07-26 13:17:00,20000.0,19799.85,13706550,1619750,6.6,206.4,269450,23050,0.307978,-0.661515,0.0010105,0.00087928,13.613845,16.268145,2023-08-01
26903,2023-07-26 13:17:00,20050.0,19799.85,5973800,64850,3.55,252.8,93100,1100,0.265935,-0.692394,0.00091627,0.00079543,14.00437,17.285612,2023-08-01
24279,2023-07-26 13:18:00,19550.0,19804.1,332800,5771050,258.65,4.9,6200,215450,,-0.245501,,0.00077016,0.0,15.977201,2023-08-01
19026,2023-07-26 13:18:00,19600.0,19804.1,1747350,8694150,212.35,7.9,59950,473850,0.779936,-0.277711,0.00099899,0.00085776,11.590772,15.283323,2023-08-01
13769,2023-07-26 13:18:00,19650.0,19804.1,1274200,7171050,167.25,13.3,79150,407400,0.715576,-0.317619,0.00108166,0.00094054,12.260316,14.819821,2023-08-01
8512,2023-07-26 13:18:00,19700.0,19804.1,5435650,16465950,127.0,22.65,465600,768050,0.651822,-0.364568,0.00112199,0.0010057,12.883235,14.60747,2023-08-01
3252,2023-07-26 13:18:00,19750.0,19804.1,5351000,10162300,91.15,36.75,552500,841250,0.593198,-0.415101,0.00116633,0.00105728,13.007382,14.417977,2023-08-01
620,2023-07-26 13:18:00,19800.0,19804.1,16446800,14028850,61.65,57.25,1512700,1274900,0.533823,-0.468598,0.00118833,0.00108111,13.079192,14.383421,2023-08-01
5882,2023-07-26 13:18:00,19850.0,19804.1,10380850,3430250,39.0,84.85,758050,428200,0.474421,-0.52241,0.00118622,0.00107163,13.122646,14.532881,2023-08-01
11141,2023-07-26 13:18:00,19900.0,19804.1,14345650,3708050,23.35,119.25,712150,302550,0.416819,-0.57339,0.00114972,0.00102872,13.271156,14.905652,2023-08-01
16397,2023-07-26 13:18:00,19950.0,19804.1,7560650,708550,12.9,158.85,429850,60600,0.361458,-0.619562,0.00109817,0.00096619,13.338655,15.413738,2023-08-01
21651,2023-07-26 13:18:00,20000.0,19804.1,13816500,1610200,6.8,202.95,485750,44100,0.310813,-0.656942,0.00102265,0.00087893,13.503878,16.35553,2023-08-01
26904,2023-07-26 13:18:00,20050.0,19804.1,5992100,64400,3.6,248.4,126600,4200,0.267589,-0.692213,0.00092888,0.00080951,13.855337,16.986763,2023-08-01
24280,2023-07-26 13:19:00,19550.0,19801.45,332800,5771050,256.25,4.85,3600,155000,,-0.245465,,0.00077789,0.0,15.820201,2023-08-01
19027,2023-07-26 13:19:00,19600.0,19801.45,1747350,8694150,209.05,7.9,46900,509900,0.793109,-0.278292,0.00103363,0.00086645,10.808455,15.148225,2023-08-01
13770,2023-07-26 13:19:00,19650.0,19801.45,1274200,7171050,165.05,13.5,49750,256850,0.711589,-0.319241,0.00108248,0.00094784,12.334648,14.740054,2023-08-01
8513,2023-07-26 13:19:00,19700.0,19801.45,5435650,16465950,124.4,23.15,330400,458500,0.650545,-0.366911,0.00113777,0.00101073,12.723988,14.56874,2023-08-01
3253,2023-07-26 13:19:00,19750.0,19801.45,5351000,10162300,89.2,37.5,301100,460650,0.590383,-0.417693,0.00117247,0.00106199,12.9635,14.37696,2023-08-01
621,2023-07-26 13:19:00,19800.0,19801.45,16446800,14028850,60.5,58.5,966350,658450,0.53056,-0.471467,0.00118381,0.0010818,13.14031,14.384829,2023-08-01
5883,2023-07-26 13:19:00,19850.0,19801.45,10380850,3430250,38.1,86.55,597000,173150,0.471367,-0.525188,0.00118268,0.00106923,13.157665,14.562181,2023-08-01
11142,2023-07-26 13:19:00,19900.0,19801.45,14345650,3708050,22.9,121.0,609400,168000,0.414285,-0.576307,0.00114185,0.00102978,13.346742,14.872217,2023-08-01
16398,2023-07-26 13:19:00,19950.0,19801.45,7560650,708550,12.7,161.0,363500,20050,0.359532,-0.622011,0.00108871,0.00096356,13.432463,15.42822,2023-08-01
21652,2023-07-26 13:19:00,20000.0,19801.45,13816500,1610200,6.8,205.0,382050,29750,0.310015,-0.660142,0.00101098,0.00088074,13.647219,16.266835,2023-08-01
26905,2023-07-26 13:19:00,20050.0,19801.45,5992100,64400,3.6,251.5,130600,1700,0.267031,-0.69028,0.00091971,0.00079409,13.981508,17.367356,2023-08-01
24281,2023-07-26 13:20:00,19550.0,19806.05,332800,5771050,259.0,4.75,6500,243550,,-0.243863,,0.00076783,0.0,15.968226,2023-08-01
19028,2023-07-26 13:20:00,19600.0,19806.05,1747350,8694150,211.95,7.8,65950,530250,0.903673,-0.276765,0.0009698,0.00085304,6.884354,15.342476,2023-08-01
13771,2023-07-26 13:20:00,19650.0,19806.05,1274200,7171050,167.15,13.15,98250,305800,0.733377,-0.316529,0.00113573,0.00093484,11.311418,14.888596,2023-08-01
8514,2023-07-26 13:20:00,19700.0,19806.05,5435650,16465950,126.7,22.6,291600,498450,0.660705,-0.363726,0.00116438,0.00099586,12.294367,14.740633,2023-08-01
3254,2023-07-26 13:20:00,19750.0,19806.05,5351000,10162300,91.1,36.6,327850,540700,0.597796,-0.413791,0.00119398,0.00104635,12.669905,14.558296,2023-08-01
622,2023-07-26 13:20:00,19800.0,19806.05,16446800,14028850,61.65,57.3,1085100,757400,0.536668,-0.466907,0.00120905,0.00106353,12.847113,14.616414,2023-08-01
5884,2023-07-26 13:20:00,19850.0,19806.05,10380850,3430250,39.1,84.9,567150,214800,0.476377,-0.51977,0.00120041,0.00105056,12.971695,14.829702,2023-08-01
11143,2023-07-26 13:20:00,19900.0,19806.05,14345650,3708050,23.4,119.3,551100,178800,0.418233,-0.569402,0.00116144,0.00100437,13.147454,15.295224,2023-08-01
16399,2023-07-26 13:20:00,19950.0,19806.05,7560650,708550,13.0,158.9,421700,15900,0.362802,-0.613703,0.00110581,0.00093889,13.263465,15.934633,2023-08-01
21653,2023-07-26 13:20:00,20000.0,19806.05,13816500,1610200,6.8,202.6,339600,29450,0.311539,-0.650379,0.00103084,0.00085742,13.410479,16.884389,2023-08-01
26906,2023-07-26 13:20:00,20050.0,19806.05,5992100,64400,3.6,249.3,102650,2000,0.268156,-0.677274,0.00093532,0.00076635,13.774894,18.310397,2023-08-01
24282,2023-07-26 13:21:00,19550.0,19809.6,329650,5699800,263.0,4.45,15100,234000,,-0.240368,,0.0007645,0.0,15.910787,2023-08-01
19029,2023-07-26 13:21:00,19600.0,19809.6,1722800,8752600,215.65,7.2,129550,677100,0.868642,-0.272015,0.00102297,0.0008532,8.143032,15.207128,2023-08-01
13772,2023-07-26 13:21:00,19650.0,19809.6,1260400,7149900,170.65,12.25,108850,600350,0.734582,-0.311669,0.00111724,0.0009372,11.470845,14.751141,2023-08-01
8515,2023-07-26 13:21:00,19700.0,19809.6,5404950,16578000,129.65,21.0,524400,1226250,0.664398,-0.358213,0.00115592,0.001006,12.330395,14.513921,2023-08-01
3255,2023-07-26 13:21:00,19750.0,19809.6,5270850,10265100,93.25,34.4,572350,1194750,0.602508,-0.408684,0.00119622,0.00106108,12.605545,14.312189,2023-08-01
623,2023-07-26 13:21:00,19800.0,19809.6,16600250,14061200,63.2,54.5,1607000,1707850,0.541176,-0.462594,0.00121528,0.00108195,12.765499,14.352106,2023-08-01
5885,2023-07-26 13:21:00,19850.0,19809.6,10426600,3354900,40.15,81.7,1033750,442000,0.480466,-0.516465,0.0012087,0.00106956,12.888262,14.570056,2023-08-01
11144,2023-07-26 13:21:00,19900.0,19809.6,14399450,3725650,24.1,115.7,822100,368550,0.421903,-0.567264,0.00116978,0.00102481,13.076813,15.002416,2023-08-01
16400,2023-07-26 13:21:00,19950.0,19809.6,7595250,709000,13.4,154.25,589150,58400,0.365986,-0.61477,0.00111501,0.00097384,13.191148,15.34835,2023-08-01
21654,2023-07-26 13:21:00,20000.0,19809.6,13825550,1611850,7.05,199.2,492700,63700,0.314502,-0.648683,0.00103897,0.00086658,13.358142,16.733116,2023-08-01
26907,2023-07-26 13:21:00,20050.0,19809.6,6027500,64900,3.65,244.3,144300,3600,0.269669,-0.683232,0.00094601,0.000799,13.656065,17.423315,2023-08-01
24283,2023-07-26 13:22:00,19550.0,19807.3,329650,5699800,259.9,4.55,7100,259950,,-0.241783,,0.0007683,0.0,15.885556,2023-08-01
19030,2023-07-26 13:22:00,19600.0,19807.3,1722800,8752600,213.15,7.4,53850,357250,0.943858,-0.27391,0.00077931,0.00085656,5.67289,15.202293,2023-08-01
13773,2023-07-26 13:22:00,19650.0,19807.3,1260400,7149900,168.0,12.6,44250,379100,0.73758,-0.313895,0.00114221,0.00093982,11.157263,14.757825,2023-08-01
8516,2023-07-26 13:22:00,19700.0,19807.3,5404950,16578000,127.55,21.65,319250,605300,0.662669,-0.360871,0.00116577,0.001006,12.252851,14.553722,2023-08-01
3256,2023-07-26 13:22:00,19750.0,19807.3,5270850,10265100,91.1,35.4,321850,691200,0.600821,-0.411464,0.00121174,0.0010585,12.460314,14.373003,2023-08-01
624,2023-07-26 13:22:00,19800.0,19807.3,16600250,14061200,61.6,55.75,1105100,1097450,0.538572,-0.465176,0.0012237,0.00107916,12.688174,14.400077,2023-08-01
5886,2023-07-26 13:22:00,19850.0,19807.3,10426600,3354900,39.2,83.4,927050,252600,0.477677,-0.518772,0.00120869,0.00106313,12.885899,14.656975,2023-08-01
11145,2023-07-26 13:22:00,19900.0,19807.3,14399450,3725650,23.4,117.85,642350,143950,0.419108,-0.568877,0.00116963,0.00101424,13.06196,15.150718,2023-08-01
16401,2023-07-26 13:22:00,19950.0,19807.3,7595250,709000,13.0,157.45,421700,21850,0.363451,-0.613587,0.00111231,0.00094734,13.194701,15.794594,2023-08-01
21655,2023-07-26 13:22:00,20000.0,19807.3,13825550,1611850,6.9,201.5,362000,38100,0.312747,-0.649405,0.00103294,0.00085877,13.406249,16.875776,2023-08-01
26908,2023-07-26 13:22:00,20050.0,19807.3,6027500,64900,3.65,248.7,140000,900,0.269175,-0.674092,0.0009377,0.0007595,13.766761,18.551112,2023-08-01
24284,2023-07-26 13:23:00,19550.0,19802.5,329650,5699800,257.15,4.6,6200,186100,,-0.243045,,0.00077963,0.0,15.703492,2023-08-01
19031,2023-07-26 13:23:00,19600.0,19802.5,1722800,8752600,210.85,7.65,45250,237800,0.777258,-0.276614,0.00100122,0.00086736,11.649469,15.090375,2023-08-01
13774,2023-07-26 13:23:00,19650.0,19802.5,1260400,7149900,165.9,13.0,49100,335450,0.712976,-0.317004,0.00108148,0.0009523,12.32008,14.630173,2023-08-01
8517,2023-07-26 13:23:00,19700.0,19802.5,5404950,16578000,125.2,22.25,553400,546800,0.651625,-0.364372,0.00113558,0.00102065,12.736304,14.396245,2023-08-01
3257,2023-07-26 13:23:00,19750.0,19802.5,5270850,10265100,89.25,36.45,284350,395250,0.592562,-0.415769,0.00118434,0.00107244,12.819154,14.224655,2023-08-01
625,2023-07-26 13:23:00,19800.0,19802.5,16600250,14061200,60.0,57.35,973650,793700,0.532234,-0.470128,0.00120427,0.00109188,12.915055,14.251051,2023-08-01
5887,2023-07-26 13:23:00,19850.0,19802.5,10426600,3354900,38.0,85.35,866400,268500,0.472319,-0.524343,0.00119249,0.0010784,13.053876,14.442763,2023-08-01
11146,2023-07-26 13:23:00,19900.0,19802.5,14399450,3725650,22.6,120.0,551000,149550,0.414464,-0.575541,0.00115472,0.00103396,13.201554,14.820317,2023-08-01
16402,2023-07-26 13:23:00,19950.0,19802.5,7595250,709000,12.6,159.75,270250,16900,0.359755,-0.622014,0.00109597,0.00097127,13.348712,15.308305,2023-08-01
21656,2023-07-26 13:23:00,20000.0,19802.5,13825550,1611850,6.6,203.4,303900,30350,0.309101,-0.661995,0.00102064,0.00089426,13.502884,15.990108,2023-08-01
26909,2023-07-26 13:23:00,20050.0,19802.5,6027500,64900,3.5,252.1,156050,4500,0.266248,-0.68149,0.00092592,0.00076878,13.869458,18.158866,2023-08-01
24285,2023-07-26 13:24:00,19550.0,19801.85,325850,5740550,256.05,4.7,4000,91500,,-0.244202,,0.00077927,0.0,15.752675,2023-08-01
19032,2023-07-26 13:24:00,19600.0,19801.85,1693350,8695400,209.25,7.65,26400,198250,0.797443,-0.276794,0.00103826,0.00086942,10.628439,15.06082,2023-08-01
13775,2023-07-26 13:24:00,19650.0,19801.85,1242200,7089500,165.0,13.1,21150,223300,0.714556,-0.317657,0.00109199,0.00095297,12.170608,14.633837,2023-08-01
8518,2023-07-26 13:24:00,19700.0,19801.85,5145250,16419200,124.2,22.5,151100,445950,0.652533,-0.365301,0.00114815,0.00101936,12.58587,14.427987,2023-08-01
3258,2023-07-26 13:24:00,19750.0,19801.85,5212550,10181650,88.95,36.9,178550,355250,0.591546,-0.416777,0.00118166,0.00106865,12.857186,14.284105,2023-08-01
626,2023-07-26 13:24:00,19800.0,19801.85,16530950,14208800,59.7,57.95,630600,678500,0.531423,-0.470948,0.00120326,0.0010867,12.929136,14.322437,2023-08-01
5888,2023-07-26 13:24:00,19850.0,19801.85,10379050,3365950,37.7,85.9,414100,207250,0.471518,-0.524955,0.00119312,0.00107528,13.0463,14.484612,2023-08-01
11147,2023-07-26 13:24:00,19900.0,19801.85,14371050,3649750,22.4,121.0,385350,96500,0.413677,-0.575392,0.00115467,0.00102378,13.197498,14.970107,2023-08-01
16403,2023-07-26 13:24:00,19950.0,19801.85,7553550,710250,12.4,160.35,225550,26100,0.35871,-0.622408,0.00109746,0.00096915,13.31835,15.338325,2023-08-01
21657,2023-07-26 13:24:00,20000.0,19801.85,13795200,1615550,6.55,204.95,280050,23300,0.308578,-0.65848,0.00101913,0.00087503,13.514171,16.407947,2023-08-01
26910,2023-07-26 13:24:00,20050.0,19801.85,6058450,64400,3.45,251.9,75550,3150,0.26552,-0.6858,0.00092522,0.00078085,13.862072,17.776665,2023-08-01
24286,2023-07-26 13:25:00,19550.0,19804.3,325850,5740550,259.0,4.65,4150,85650,,-0.243397,,0.00077376,0.0,15.835462,2023-08-01
19033,2023-07-26 13:25:00,19600.0,19804.3,1693350,8695400,211.9,7.65,31200,262800,0.792602,-0.276357,0.00101968,0.00086106,10.97447,15.194186,2023-08-01
13776,2023-07-26 13:25:00,19650.0,19804.3,1242200,7089500,167.35,12.95,24250,220750,0.715833,-0.316372,0.00108153,0.00094518,12.261325,14.728264,2023-08-01
8519,2023-07-26 13:25:00,19700.0,19804.3,5145250,16419200,126.55,22.25,232150,421100,0.653808,-0.363709,0.00113403,0.0010104,12.72444,14.533618,2023-08-01
3259,2023-07-26 13:25:00,19750.0,19804.3,5212550,10181650,90.9,36.35,280600,347500,0.593867,-0.414595,0.00117209,0.00106129,12.943237,14.365171,2023-08-01
627,2023-07-26 13:25:00,19800.0,19804.3,16530950,14208800,61.3,57.05,925700,644050,0.534206,-0.468398,0.00119542,0.00108114,13.005572,14.388109,2023-08-01
5889,2023-07-26 13:25:00,19850.0,19804.3,10379050,3365950,38.95,84.85,573650,203850,0.474627,-0.522109,0.00118664,0.00106788,13.12354,14.590172,2023-08-01
11148,2023-07-26 13:25:00,19900.0,19804.3,14371050,3649750,23.35,119.0,456300,107950,0.417105,-0.573239,0.00114891,0.00102927,13.287735,14.904653,2023-08-01
16404,2023-07-26 13:25:00,19950.0,19804.3,7553550,710250,12.9,158.45,250650,16000,0.361802,-0.619848,0.00109739,0.00096958,13.357694,15.362289,2023-08-01
21658,2023-07-26 13:25:00,20000.0,19804.3,13795200,1615550,6.75,202.0,270200,9950,0.310854,-0.659698,0.00102353,0.00089262,13.498276,16.061564,2023-08-01
26911,2023-07-26 13:25:00,20050.0,19804.3,6058450,64400,3.5,246.75,164850,1600,0.266776,-0.701102,0.00093179,0.00083846,13.79622,16.193088,2023-08-01
24287,2023-07-26 13:26:00,19550.0,19804.3,325850,5740550,260.0,4.65,2500,74850,,-0.243452,,0.00077366,0.0,15.840345,2023-08-01
19034,2023-07-26 13:26:00,19600.0,19804.3,1693350,8695400,212.65,7.6,13650,129850,0.777156,-0.276069,0.00099294,0.00086192,11.750589,15.172119,2023-08-01
13777,2023-07-26 13:26:00,19650.0,19804.3,1242200,7089500,167.85,12.9,16550,155800,0.712142,-0.316199,0.00106689,0.00094597,12.506648,14.713326,2023-08-01
8520,2023-07-26 13:26:00,19700.0,19804.3,5145250,16419200,127.0,22.05,89500,205800,0.652192,-0.363231,0.0011229,0.00101387,12.873509,14.478337,2023-08-01
3260,2023-07-26 13:26:00,19750.0,19804.3,5212550,10181650,91.3,36.0,174200,241200,0.593169,-0.414144,0.00116306,0.00106729,13.049932,14.281692,2023-08-01
628,2023-07-26 13:26:00,19800.0,19804.3,16530950,14208800,61.6,56.75,501350,350300,0.534048,-0.468289,0.00118873,0.00108613,13.08,14.322515,2023-08-01
5890,2023-07-26 13:26:00,19850.0,19804.3,10379050,3365950,39.05,84.4,347100,88900,0.474692,-0.522325,0.00118414,0.00107555,13.152195,14.48659,2023-08-01
11149,2023-07-26 13:26:00,19900.0,19804.3,14371050,3649750,23.4,118.45,286550,65150,0.41722,-0.57403,0.00114744,0.00103903,13.306323,14.759832,2023-08-01
16405,2023-07-26 13:26:00,19950.0,19804.3,7553550,710250,13.0,158.2,205550,6300,0.36222,-0.620492,0.0010945,0.00097411,13.398974,15.283858,2023-08-01
21659,2023-07-26 13:26:00,20000.0,19804.3,13795200,1615550,6.9,202.05,232500,12750,0.31196,-0.659467,0.00101882,0.00089154,13.58247,16.086183,2023-08-01
26912,2023-07-26 13:26:00,20050.0,19804.3,6058450,64400,3.6,248.3,65450,150,0.268078,-0.691378,0.0009283,0.00080743,13.882907,17.058273,2023-08-01
24288,2023-07-26 13:27:00,19550.0,19804.2,327000,5713000,260.15,4.7,850,54350,0.880568,-0.244022,0.00084256,0.00077284,9.256722,15.87808,2023-08-01
19035,2023-07-26 13:27:00,19600.0,19804.2,1690250,8745850,213.0,7.5,15900,149600,0.769614,-0.275457,0.00097831,0.00086413,12.153312,15.117834,2023-08-01
13778,2023-07-26 13:27:00,19650.0,19804.2,1242100,7054400,168.15,12.7,14000,134800,0.709304,-0.3154,0.00105608,0.00095014,12.693917,14.633837,2023-08-01
8521,2023-07-26 13:27:00,19700.0,19804.2,5114500,16496550,127.05,21.9,117400,206700,0.651592,-0.362918,0.00111967,0.00101698,12.919576,14.430737,2023-08-01
3261,2023-07-26 13:27:00,19750.0,19804.2,5200900,10277850,91.3,35.7,123050,252600,0.592914,-0.413815,0.00116138,0.00107315,13.071713,14.20195,2023-08-01
629,2023-07-26 13:27:00,19800.0,19804.2,16591650,14344950,61.55,56.2,510850,434950,0.533917,-0.468169,0.00118835,0.00109649,13.085345,14.187725,2023-08-01
5891,2023-07-26 13:27:00,19850.0,19804.2,10445400,3388900,38.85,83.75,279700,102100,0.474485,-0.522782,0.00118726,0.00108801,13.117947,14.320585,2023-08-01
11150,2023-07-26 13:27:00,19900.0,19804.2,14373000,3706750,23.25,117.75,294550,107350,0.416897,-0.575281,0.00114992,0.00105315,13.276175,14.554152,2023-08-01
16406,2023-07-26 13:27:00,19950.0,19804.2,7576700,700000,12.85,156.9,156600,8950,0.361637,-0.624422,0.00109762,0.00100096,13.354464,14.826882,2023-08-01
21660,2023-07-26 13:27:00,20000.0,19804.2,13775500,1619450,6.85,201.3,150700,9100,0.311625,-0.663078,0.00101966,0.00090767,13.565795,15.73649,2023-08-01
26913,2023-07-26 13:27:00,20050.0,19804.2,6104350,63950,3.6,247.3,65450,250,0.26811,-0.698078,0.0009278,0.00082856,13.892123,16.463234,2023-08-01
24289,2023-07-26 13:28:00,19550.0,19804.5,327000,5713000,261.35,4.65,10950,125600,0.818866,-0.243533,0.00085722,0.00077294,12.022431,15.85954,2023-08-01
19036,2023-07-26 13:28:00,19600.0,19804.5,1690250,8745850,214.6,7.5,82950,226550,0.752551,-0.275448,0.00093841,0.00086299,13.175535,15.138188,2023-08-01
13779,2023-07-26 13:28:00,19650.0,19804.5,1242100,7054400,169.3,12.6,73450,327900,0.703884,-0.31492,0.001032,0.00095065,13.102326,14.617143,2023-08-01
8522,2023-07-26 13:28:00,19700.0,19804.5,5114500,16496550,128.55,21.6,450100,567100,0.647733,-0.362051,0.0010901,0.00102074,13.323885,14.366511,2023-08-01
3262,2023-07-26 13:28:00,19750.0,19804.5,5200900,10277850,92.4,35.35,493950,695250,0.591771,-0.413173,0.0011418,0.00107718,13.305544,14.144244,2023-08-01
630,2023-07-26 13:28:00,19800.0,19804.5,16591650,14344950,62.6,55.65,1262550,1000400,0.533835,-0.467681,0.00116946,0.0011035,13.297448,14.096773,2023-08-01
5892,2023-07-26 13:28:00,19850.0,19804.5,10445400,3388900,39.6,83.0,845300,309000,0.475214,-0.522738,0.0011734,0.00109823,13.275016,14.187961,2023-08-01
11151,2023-07-26 13:28:00,19900.0,19804.5,14373000,3706750,23.75,116.85,649800,218800,0.418041,-0.57601,0.00114016,0.00106624,13.398607,14.370942,2023-08-01
16407,2023-07-26 13:28:00,19950.0,19804.5,7576700,700000,13.1,156.25,430200,34200,0.362761,-0.625296,0.00109246,0.00100942,13.43229,14.692441,2023-08-01
21661,2023-07-26 13:28:00,20000.0,19804.5,13775500,1619450,6.95,200.9,417550,72500,0.312468,-0.663397,0.00101777,0.00091065,13.607405,15.679947,2023-08-01
26914,2023-07-26 13:28:00,20050.0,19804.5,6104350,63950,3.65,247.35,139500,1850,0.268847,-0.695757,0.00092703,0.00082224,13.923531,16.647402,2023-08-01
24290,2023-07-26 13:29:00,19550.0,19805.6,327000,5713000,260.15,4.65,2400,100600,,-0.243428,,0.00077001,0.0,15.916206,2023-08-01
19037,2023-07-26 13:29:00,19600.0,19805.6,1690250,8745850,213.6,7.55,26550,162850,0.783525,-0.275624,0.00099885,0.0008582,11.489381,15.227421,2023-08-01
13780,2023-07-26 13:29:00,19650.0,19805.6,1242100,7054400,168.25,12.7,29200,191200,0.718896,-0.3151,0.00108535,0.0009438,12.156613,14.726819,2023-08-01
8523,2023-07-26 13:29:00,19700.0,19805.6,5114500,16496550,127.6,21.65,317100,319900,0.655003,-0.361776,0.00113036,0.0010136,12.751397,14.46399,2023-08-01
3263,2023-07-26 13:29:00,19750.0,19805.6,5200900,10277850,91.7,35.45,197800,435500,0.595392,-0.412681,0.00117108,0.00106748,12.94429,14.268873,2023-08-01
631,2023-07-26 13:29:00,19800.0,19805.6,16591650,14344950,61.6,55.75,682400,533300,0.535918,-0.46674,0.00120189,0.00109184,12.932761,14.244566,2023-08-01
5893,2023-07-26 13:29:00,19850.0,19805.6,10445400,3388900,38.75,83.0,437650,182500,0.475792,-0.521209,0.00120105,0.00108609,12.970643,14.349682,2023-08-01
11152,2023-07-26 13:29:00,19900.0,19805.6,14373000,3706750,23.0,117.0,373400,166550,0.417386,-0.573408,0.0011649,0.00104873,13.109444,14.629294,2023-08-01
16408,2023-07-26 13:29:00,19950.0,19805.6,7576700,700000,12.75,157.25,238300,25100,0.361962,-0.618928,0.00110751,0.00097286,13.23982,15.324323,2023-08-01
21662,2023-07-26 13:29:00,20000.0,19805.6,13775500,1619450,6.7,200.85,220650,21750,0.311106,-0.658564,0.00102993,0.0008938,13.421304,16.063371,2023-08-01
26915,2023-07-26 13:29:00,20050.0,19805.6,6104350,63950,3.6,248.0,121200,1000,0.268548,-0.68553,0.00093231,0.00079268,13.836852,17.519386,2023-08-01
24291,2023-07-26 13:30:00,19550.0,19802.5,324250,5696050,256.5,4.65,2350,169100,,-0.243936,,0.00077794,0.0,15.775108,2023-08-01
19038,2023-07-26 13:30:00,19600.0,19802.5,1715150,8753500,210.0,7.7,70100,265700,0.79404,-0.2773,0.00103026,0.00086538,10.821121,15.14938,2023-08-01
13781,2023-07-26 13:30:00,19650.0,19802.5,1248700,7023500,165.0,13.1,37100,220200,0.719249,-0.317729,0.00110646,0.00094907,11.920016,14.699963,2023-08-01
8524,2023-07-26 13:30:00,19700.0,19802.5,4964250,16471150,124.85,22.45,442900,391900,0.652495,-0.365105,0.00114185,0.00101541,12.659802,14.486001,2023-08-01
3264,2023-07-26 13:30:00,19750.0,19802.5,5208000,10273050,89.0,36.5,396100,448700,0.592777,-0.41598,0.00118748,0.00106983,12.788705,14.266714,2023-08-01
632,2023-07-26 13:30:00,19800.0,19802.5,16682950,14406300,59.6,57.3,1188150,817150,0.532345,-0.470165,0.00121044,0.00109099,12.854078,14.268407,2023-08-01
5894,2023-07-26 13:30:00,19850.0,19802.5,10563150,3424050,37.4,85.15,877050,257200,0.471983,-0.524417,0.00120338,0.00108029,12.940082,14.423175,2023-08-01
11153,2023-07-26 13:30:00,19900.0,19802.5,14400650,3665100,22.1,119.9,571800,168800,0.413637,-0.575588,0.00116444,0.0010343,13.090523,14.821063,2023-08-01
16409,2023-07-26 13:30:00,19950.0,19802.5,7581200,694950,12.1,160.35,445400,13650,0.358013,-0.620249,0.00110753,0.00095889,13.19235,15.534389,2023-08-01
21663,2023-07-26 13:30:00,20000.0,19802.5,13777250,1638750,6.35,204.35,419300,17750,0.307586,-0.65792,0.00102685,0.00087552,13.397768,16.413978,2023-08-01
26916,2023-07-26 13:30:00,20050.0,19802.5,6021150,63950,3.3,250.85,243000,600,0.264053,-0.687563,0.00093159,0.00078876,13.732762,17.56126,2023-08-01
24292,2023-07-26 13:31:00,19550.0,19800.95,324250,5696050,256.8,4.7,2000,183950,0.902033,-0.24472,0.00081261,0.00078092,8.32586,15.744206,2023-08-01
19039,2023-07-26 13:31:00,19600.0,19800.95,1715150,8753500,209.5,7.65,56550,183800,0.772623,-0.277324,0.00099916,0.00087149,11.816822,15.045743,2023-08-01
13782,2023-07-26 13:31:00,19650.0,19800.95,1248700,7023500,165.0,13.15,31150,162000,0.707514,-0.318421,0.00106903,0.00095464,12.581042,14.629647,2023-08-01
8525,2023-07-26 13:31:00,19700.0,19800.95,4964250,16471150,124.45,22.6,192450,399300,0.647933,-0.366147,0.00112411,0.00102095,12.922638,14.423134,2023-08-01
3265,2023-07-26 13:31:00,19750.0,19800.95,5208000,10273050,88.55,36.9,255800,385650,0.589968,-0.41747,0.00117574,0.00107326,12.939803,14.234468,2023-08-01
633,2023-07-26 13:31:00,19800.0,19800.95,16682950,14406300,59.1,57.85,788900,662550,0.530325,-0.471799,0.00120388,0.00109458,12.931054,14.227862,2023-08-01
5895,2023-07-26 13:31:00,19850.0,19800.95,10563150,3424050,37.1,85.95,486050,196800,0.470325,-0.526165,0.00119619,0.00108234,13.015761,14.393736,2023-08-01
11154,2023-07-26 13:31:00,19900.0,19800.95,14400650,3665100,21.9,120.65,409900,172850,0.412265,-0.577738,0.00115821,0.00104001,13.152582,14.72597,2023-08-01
16410,2023-07-26 13:31:00,19950.0,19800.95,7581200,694950,11.95,160.5,362200,14950,0.356744,-0.624733,0.00110279,0.00097829,13.234455,15.172457,2023-08-01
21664,2023-07-26 13:31:00,20000.0,19800.95,13777250,1638750,6.25,205.0,334000,31700,0.306387,-0.662062,0.00102297,0.00088687,13.427202,16.130674,2023-08-01
26917,2023-07-26 13:31:00,20050.0,19800.95,6021150,63950,3.2,250.7,293100,2850,0.262413,-0.697787,0.00092956,0.00081607,13.720904,16.728934,2023-08-01
24293,2023-07-26 13:32:00,19550.0,19801.5,324250,5696050,257.2,4.65,3200,76050,,-0.244193,,0.00078036,0.0,15.737679,2023-08-01
19040,2023-07-26 13:32:00,19600.0,19801.5,1715150,8753500,210.2,7.6,13300,157300,0.770171,-0.276925,0.00099159,0.0008705,11.979339,15.052768,2023-08-01
13783,2023-07-26 13:32:00,19650.0,19801.5,1248700,7023500,165.6,12.95,21850,164300,0.707254,-0.317453,0.00106449,0.000956,12.640225,14.590431,2023-08-01
8526,2023-07-26 13:32:00,19700.0,19801.5,4964250,16471150,125.0,22.2,91700,256500,0.648108,-0.364947,0.00112022,0.00102516,12.965593,14.34862,2023-08-01
3266,2023-07-26 13:32:00,19750.0,19801.5,5208000,10273050,89.35,36.2,147400,263350,0.589887,-0.416231,0.00116543,0.00108186,13.055214,14.112346,2023-08-01
634,2023-07-26 13:32:00,19800.0,19801.5,16682950,14406300,60.05,57.05,437650,478800,0.530691,-0.471015,0.0011892,0.00110382,13.090068,14.107212,2023-08-01
5896,2023-07-26 13:32:00,19850.0,19801.5,10563150,3424050,37.75,85.0,252500,126900,0.471281,-0.525908,0.00118627,0.0010934,13.127299,14.249179,2023-08-01
11155,2023-07-26 13:32:00,19900.0,19801.5,14400650,3665100,22.4,119.7,249150,103100,0.41364,-0.578026,0.00114979,0.0010505,13.259614,14.577294,2023-08-01
16411,2023-07-26 13:32:00,19950.0,19801.5,7581200,694950,12.2,159.5,155600,8050,0.358048,-0.625777,0.00109876,0.00098952,13.300352,14.98749,2023-08-01
21665,2023-07-26 13:32:00,20000.0,19801.5,13777250,1638750,6.35,203.85,218900,8400,0.307367,-0.664467,0.00102204,0.0009004,13.458751,15.844798,2023-08-01
26918,2023-07-26 13:32:00,20050.0,19801.5,6021150,63950,3.25,250.0,78350,500,0.26327,-0.698596,0.00092956,0.00082052,13.744171,16.618657,2023-08-01
24294,2023-07-26 13:33:00,19550.0,19806.0,324800,5655450,262.7,4.5,2350,116600,0.823582,-0.242065,0.0008554,0.00077152,11.85202,15.840219,2023-08-01
19041,2023-07-26 13:33:00,19600.0,19806.0,1698250,8780300,215.0,7.4,51900,170750,0.766247,-0.274717,0.00096341,0.00085934,12.444491,15.185801,2023-08-01
13784,2023-07-26 13:33:00,19650.0,19806.0,1249100,7053050,169.45,12.5,27750,185950,0.712747,-0.314282,0.00105897,0.00094531,12.591715,14.69001,2023-08-01
8527,2023-07-26 13:33:00,19700.0,19806.0,4869300,16514750,129.25,21.4,197400,414200,0.650665,-0.361093,0.00109722,0.00101523,13.200051,14.434406,2023-08-01
3267,2023-07-26 13:33:00,19750.0,19806.0,5307750,10293200,92.7,34.95,359250,421550,0.594492,-0.41183,0.00115354,0.0010728,13.151098,14.194196,2023-08-01
635,2023-07-26 13:33:00,19800.0,19806.0,16561700,14458900,62.5,54.9,801200,685800,0.53599,-0.46605,0.00118574,0.00110259,13.111393,14.106581,2023-08-01
5897,2023-07-26 13:33:00,19850.0,19806.0,10580700,3475600,39.7,82.3,498050,180500,0.476736,-0.520978,0.00118241,0.00109353,13.179666,14.255394,2023-08-01
11156,2023-07-26 13:33:00,19900.0,19806.0,14402400,3701750,23.7,116.35,509100,127050,0.419036,-0.573473,0.00114999,0.00105492,13.29382,14.545908,2023-08-01
16412,2023-07-26 13:33:00,19950.0,19806.0,7508500,693850,12.9,155.25,428000,15800,0.362866,-0.62306,0.00110465,0.00100539,13.288165,14.781948,2023-08-01
21666,2023-07-26 13:33:00,20000.0,19806.0,13708250,1639800,6.75,199.5,334650,29000,0.311783,-0.662346,0.00102931,0.00091342,13.444961,15.654629,2023-08-01
26919,2023-07-26 13:33:00,20050.0,19806.0,6114300,65500,3.4,246.15,173250,650,0.266342,-0.693427,0.00093986,0.00082006,13.671624,16.75166,2023-08-01
24295,2023-07-26 13:34:00,19550.0,19801.9,324800,5655450,258.0,4.6,850,71000,0.857738,-0.243739,0.0008705,0.0007801,10.116884,15.728654,2023-08-01
19042,2023-07-26 13:34:00,19600.0,19801.9,1698250,8780300,210.8,7.6,28800,101550,0.766947,-0.276946,0.00098294,0.00086886,12.18014,15.083124,2023-08-01
13785,2023-07-26 13:34:00,19650.0,19801.9,1249100,7053050,166.2,12.95,14250,85900,0.705915,-0.317426,0.00105643,0.00095389,12.764821,14.62358,2023-08-01
8528,2023-07-26 13:34:00,19700.0,19801.9,4869300,16514750,125.85,22.25,123250,241150,0.646726,-0.364975,0.00110666,0.00102155,13.144181,14.400926,2023-08-01
3268,2023-07-26 13:34:00,19750.0,19801.9,5307750,10293200,90.0,36.3,161350,288800,0.589686,-0.416162,0.00115617,0.00107668,13.162626,14.180936,2023-08-01
636,2023-07-26 13:34:00,19800.0,19801.9,16561700,14458900,60.55,57.1,500850,343750,0.531021,-0.470677,0.00118227,0.00109883,13.16718,14.171689,2023-08-01
5898,2023-07-26 13:34:00,19850.0,19801.9,10580700,3475600,38.15,84.55,455050,112100,0.471929,-0.525576,0.00118031,0.00109679,13.196316,14.207228,2023-08-01
11157,2023-07-26 13:34:00,19900.0,19801.9,14402400,3701750,22.65,119.05,345200,56100,0.414431,-0.578153,0.00114602,0.0010572,13.310273,14.485296,2023-08-01
16413,2023-07-26 13:34:00,19950.0,19801.9,7508500,693850,12.25,159.0,572200,10300,0.358502,-0.625853,0.00109907,0.00099304,13.30375,14.93485,2023-08-01
21667,2023-07-26 13:34:00,20000.0,19801.9,13708250,1639800,6.4,203.25,241300,12150,0.307965,-0.665186,0.00102181,0.0009056,13.474601,15.742042,2023-08-01
26920,2023-07-26 13:34:00,20050.0,19801.9,6114300,65500,3.3,248.95,41950,250,0.264141,-0.702847,0.0009289,0.0008351,13.778399,16.225291,2023-08-01
24296,2023-07-26 13:35:00,19550.0,19805.85,324800,5655450,261.0,4.6,7150,74600,,-0.24322,,0.00076975,0.0,15.919618,2023-08-01
19043,2023-07-26 13:35:00,19600.0,19805.85,1698250,8780300,213.75,7.45,18150,135000,0.784777,-0.275193,0.00099998,0.00085855,11.441694,15.214529,2023-08-01
13786,2023-07-26 13:35:00,19650.0,19805.85,1249100,7053050,168.45,12.7,14900,88650,0.718875,-0.31529,0.0010838,0.00094167,12.178475,14.768865,2023-08-01
8529,2023-07-26 13:35:00,19700.0,19805.85,4869300,16514750,127.9,21.9,119700,177350,0.654619,-0.362524,0.00112561,0.00100634,12.814784,14.583334,2023-08-01
3269,2023-07-26 13:35:00,19750.0,19805.85,5307750,10293200,91.75,35.65,156250,216600,0.595707,-0.41294,0.00117137,0.00106073,12.942797,14.366551,2023-08-01
637,2023-07-26 13:35:00,19800.0,19805.85,16561700,14458900,61.95,56.15,554850,375550,0.536034,-0.466738,0.00119502,0.00108115,13.011032,14.390236,2023-08-01
5899,2023-07-26 13:35:00,19850.0,19805.85,10580700,3475600,39.3,83.4,320550,113600,0.476382,-0.520659,0.00118907,0.00107484,13.106722,14.505637,2023-08-01
11158,2023-07-26 13:35:00,19900.0,19805.85,14402400,3701750,23.5,117.8,246550,75700,0.418615,-0.571645,0.00115296,0.00102965,13.258215,14.917548,2023-08-01
16414,2023-07-26 13:35:00,19950.0,19805.85,7508500,693850,12.75,157.2,196250,7100,0.362294,-0.618163,0.00110727,0.00096918,13.25121,15.396773,2023-08-01
21668,2023-07-26 13:35:00,20000.0,19805.85,13708250,1639800,6.6,200.55,170750,13650,0.310751,-0.658532,0.00103283,0.00089483,13.381492,16.05073,2023-08-01
26921,2023-07-26 13:35:00,20050.0,19805.85,6114300,65500,3.45,247.05,65350,1700,0.267061,-0.689068,0.00093729,0.00080524,13.729455,17.168003,2023-08-01
24297,2023-07-26 13:36:00,19550.0,19806.65,327600,5661350,260.0,4.6,2950,98100,,-0.24316,,0.0007676,0.0,15.962206,2023-08-01
19044,2023-07-26 13:36:00,19600.0,19806.65,1712900,8793850,212.15,7.55,38650,195700,,-0.275772,,0.00085379,0.0,15.315406,2023-08-01
13787,2023-07-26 13:36:00,19650.0,19806.65,1248300,7067800,167.2,12.9,27850,155650,0.737745,-0.315982,0.00114723,0.00093426,11.114047,14.900036,2023-08-01
8530,2023-07-26 13:36:00,19700.0,19806.65,4849850,16537500,127.0,22.1,207900,293150,0.661271,-0.362753,0.00116291,0.00099825,12.312901,14.704933,2023-08-01
3270,2023-07-26 13:36:00,19750.0,19806.65,5336250,10331700,91.1,36.15,273000,328800,0.598758,-0.413177,0.00119709,0.00104633,12.64037,14.566428,2023-08-01
638,2023-07-26 13:36:00,19800.0,19806.65,16527600,14498000,61.3,56.55,793650,586400,0.537575,-0.466212,0.00121778,0.00106732,12.763531,14.5752,2023-08-01
5900,2023-07-26 13:36:00,19850.0,19806.65,10575500,3488950,38.7,84.3,433150,154500,0.476836,-0.51919,0.00120913,0.00105093,12.890407,14.838669,2023-08-01
11159,2023-07-26 13:36:00,19900.0,19806.65,14421950,3730350,23.05,118.4,394650,116400,0.41833,-0.569212,0.0011689,0.00100937,13.075663,15.234147,2023-08-01
16415,2023-07-26 13:36:00,19950.0,19806.65,7675650,696150,12.6,157.9,285150,8850,0.362116,-0.614045,0.00111558,0.00094553,13.150543,15.832509,2023-08-01
21669,2023-07-26 13:36:00,20000.0,19806.65,13692600,1640400,6.6,201.85,242950,32300,0.311059,-0.650291,0.0010362,0.0008597,13.34394,16.855916,2023-08-01
26922,2023-07-26 13:36:00,20050.0,19806.65,6144200,66700,3.4,246.9,119400,300,0.266663,-0.685341,0.00094167,0.00079564,13.655532,17.46484,2023-08-01
24298,2023-07-26 13:37:00,19550.0,19804.6,327600,5661350,258.65,4.6,2100,70850,,-0.243512,,0.00077276,0.0,15.870632,2023-08-01
19045,2023-07-26 13:37:00,19600.0,19804.6,1712900,8793850,212.2,7.6,18950,133650,0.790875,-0.276562,0.00101574,0.0008594,11.078461,15.239358,2023-08-01
13788,2023-07-26 13:37:00,19650.0,19804.6,1248300,7067800,167.0,12.95,17800,137950,0.720004,-0.316803,0.00109602,0.00094174,12.021355,14.800446,2023-08-01
8531,2023-07-26 13:37:00,19700.0,19804.6,4849850,16537500,126.3,22.25,91200,193700,0.655291,-0.363981,0.00114171,0.00100619,12.627108,14.607902,2023-08-01
3271,2023-07-26 13:37:00,19750.0,19804.6,5336250,10331700,90.35,36.4,136600,210600,0.595149,-0.414737,0.00118428,0.00105545,12.808387,14.455374,2023-08-01
639,2023-07-26 13:37:00,19800.0,19804.6,16527600,14498000,60.95,56.85,382350,345500,0.534684,-0.468151,0.00120194,0.00107905,12.942364,14.424944,2023-08-01
5901,2023-07-26 13:37:00,19850.0,19804.6,10575500,3488950,38.45,84.75,273450,105700,0.474696,-0.521702,0.00119606,0.00106364,13.029044,14.658934,2023-08-01
11160,2023-07-26 13:37:00,19900.0,19804.6,14421950,3730350,22.75,119.1,303200,81700,0.416433,-0.572307,0.0011613,0.00102126,13.150051,15.038048,2023-08-01
16416,2023-07-26 13:37:00,19950.0,19804.6,7675650,696150,12.45,158.35,177850,6450,0.360625,-0.618925,0.00110781,0.0009651,13.226172,15.455408,2023-08-01
21670,2023-07-26 13:37:00,20000.0,19804.6,13692600,1640400,6.55,202.5,153400,16800,0.310079,-0.656091,0.00102838,0.00087717,13.42909,16.420874,2023-08-01
26923,2023-07-26 13:37:00,20050.0,19804.6,6144200,66700,3.4,249.55,61200,50,0.26624,-0.682765,0.00093432,0.00077994,13.754074,17.881033,2023-08-01
24299,2023-07-26 13:38:00,19550.0,19804.1,327600,5661350,257.0,4.6,2550,57000,,-0.24364,,0.00077395,0.0,15.851995,2023-08-01
19046,2023-07-26 13:38:00,19600.0,19804.1,1712900,8793850,209.8,7.55,34200,148900,,-0.276372,,0.00086192,0.0,15.190844,2023-08-01
13789,2023-07-26 13:38:00,19650.0,19804.1,1248300,7067800,165.35,13.05,21850,139600,0.729884,-0.317411,0.00113626,0.00094174,11.393188,14.813635,2023-08-01
8532,2023-07-26 13:38:00,19700.0,19804.1,4849850,16537500,124.85,22.45,153050,282050,0.658613,-0.364718,0.00116912,0.00100501,12.287102,14.636225,2023-08-01
3272,2023-07-26 13:38:00,19750.0,19804.1,5336250,10331700,89.1,36.75,199450,277700,0.59614,-0.415518,0.00120532,0.00105246,12.578111,14.503942,2023-08-01
640,2023-07-26 13:38:00,19800.0,19804.1,16527600,14498000,59.75,57.65,667750,448250,0.534542,-0.468914,0.00122226,0.00106923,12.728659,14.560814,2023-08-01
5902,2023-07-26 13:38:00,19850.0,19804.1,10575500,3488950,37.6,85.55,402050,134450,0.473704,-0.521988,0.0012103,0.00105473,12.874753,14.783477,2023-08-01
11161,2023-07-26 13:38:00,19900.0,19804.1,14421950,3730350,22.4,120.3,399250,85850,0.415452,-0.571609,0.00116587,0.0010061,13.092639,15.270887,2023-08-01
16417,2023-07-26 13:38:00,19950.0,19804.1,7675650,696150,12.2,160.35,273600,11350,0.359437,-0.615344,0.00111156,0.00093601,13.167666,15.981613,2023-08-01
21671,2023-07-26 13:38:00,20000.0,19804.1,13692600,1640400,6.45,204.15,259850,21750,0.30923,-0.651937,0.00102906,0.00085525,13.405302,16.918457,2023-08-01
26924,2023-07-26 13:38:00,20050.0,19804.1,6144200,66700,3.35,250.9,97800,200,0.265531,-0.678811,0.00093415,0.00076495,13.739222,18.328096,2023-08-01
24300,2023-07-26 13:39:00,19550.0,19803.2,327400,5639150,257.65,4.6,2200,17850,,-0.243827,,0.00077619,0.0,15.814466,2023-08-01
19047,2023-07-26 13:39:00,19600.0,19803.2,1701700,8779200,210.25,7.55,19000,78950,0.805153,-0.2766,0.00104227,0.00086479,10.350869,15.148153,2023-08-01
13790,2023-07-26 13:39:00,19650.0,19803.2,1252750,7070100,165.6,13.0,23250,97350,0.719504,-0.317491,0.00110307,0.00094637,11.957065,14.744218,2023-08-01
8533,2023-07-26 13:39:00,19700.0,19803.2,4852700,16481850,124.95,22.45,102300,261650,0.654459,-0.365114,0.00114914,0.00100964,12.559061,14.575935,2023-08-01
3273,2023-07-26 13:39:00,19750.0,19803.2,5366450,10282400,89.35,36.5,141950,210200,0.593538,-0.415746,0.00118629,0.00106277,12.801727,14.366553,2023-08-01
641,2023-07-26 13:39:00,19800.0,19803.2,16546750,14384100,59.9,57.45,534850,450900,0.533127,-0.469655,0.00120844,0.00108003,12.879464,14.418747,2023-08-01
5903,2023-07-26 13:39:00,19850.0,19803.2,10626450,3461850,37.85,85.6,271300,143500,0.473001,-0.523177,0.00119636,0.00106281,13.024544,14.670032,2023-08-01
11162,2023-07-26 13:39:00,19900.0,19803.2,14467100,3710950,22.5,120.25,246850,87450,0.415087,-0.573479,0.00115688,0.00101745,13.193049,15.088871,2023-08-01
16418,2023-07-26 13:39:00,19950.0,19803.2,7688750,697150,12.3,159.75,147950,10250,0.35947,-0.619485,0.00110353,0.00095856,13.265245,15.556781,2023-08-01
21672,2023-07-26 13:39:00,20000.0,19803.2,13703450,1640150,6.45,204.0,136100,18100,0.308991,-0.656095,0.00102487,0.00087036,13.456901,16.552361,2023-08-01
26925,2023-07-26 13:39:00,20050.0,19803.2,6133450,66700,3.35,251.3,35200,1750,0.265379,-0.681342,0.00093087,0.00077047,13.784975,18.138412,2023-08-01
24301,2023-07-26 13:40:00,19550.0,19800.6,327400,5639150,255.85,4.65,2000,71200,,-0.244768,,0.00078192,0.0,15.734198,2023-08-01
19048,2023-07-26 13:40:00,19600.0,19800.6,1701700,8779200,208.65,7.6,11150,116900,0.78037,-0.277507,0.00101606,0.00087243,11.39948,15.042407,2023-08-01
13791,2023-07-26 13:40:00,19650.0,19800.6,1252750,7070100,164.4,13.15,14150,95800,0.708442,-0.318903,0.00107526,0.00095451,12.496279,14.648656,2023-08-01
8534,2023-07-26 13:40:00,19700.0,19800.6,4852700,16481850,123.75,22.7,85850,216350,0.648511,-0.36683,0.00113179,0.00101904,12.834097,14.466723,2023-08-01
3274,2023-07-26 13:40:00,19750.0,19800.6,5366450,10282400,88.25,37.2,118100,230800,0.589412,-0.418255,0.00117442,0.00106811,12.965369,14.316657,2023-08-01
642,2023-07-26 13:40:00,19800.0,19800.6,16546750,14384100,59.0,58.05,337800,460350,0.529781,-0.47226,0.00119901,0.00109181,12.991805,14.272646,2023-08-01
5904,2023-07-26 13:40:00,19850.0,19800.6,10626450,3461850,37.15,86.55,195950,103050,0.470101,-0.52628,0.00118896,0.00107317,13.101346,14.524155,2023-08-01
11163,2023-07-26 13:40:00,19900.0,19800.6,14467100,3710950,21.95,121.1,232950,75900,0.412358,-0.577651,0.00115179,0.00103425,13.233587,14.816572,2023-08-01
16419,2023-07-26 13:40:00,19950.0,19800.6,7688750,697150,12.0,161.7,144000,6700,0.357134,-0.622307,0.00109709,0.000959,13.31541,15.516993,2023-08-01
21673,2023-07-26 13:40:00,20000.0,19800.6,13703450,1640150,6.3,205.55,118450,12250,0.307096,-0.661093,0.00101798,0.0008807,13.514026,16.270314,2023-08-01
26926,2023-07-26 13:40:00,20050.0,19800.6,6133450,66700,3.3,252.5,52900,850,0.264185,-0.689085,0.00092353,0.00078719,13.865329,17.570761,2023-08-01
24302,2023-07-26 13:41:00,19550.0,19799.55,327400,5639150,252.3,4.65,7700,137550,,-0.244979,,0.0007846,0.0,15.689339,2023-08-01
19049,2023-07-26 13:41:00,19600.0,19799.55,1701700,8779200,206.0,7.6,62650,210050,0.828319,-0.277768,0.00108022,0.00087589,9.231558,14.991513,2023-08-01
13792,2023-07-26 13:41:00,19650.0,19799.55,1252750,7070100,161.6,13.35,60450,198100,0.721345,-0.320085,0.00113436,0.00095499,11.593587,14.665674,2023-08-01
8535,2023-07-26 13:41:00,19700.0,19799.55,4852700,16481850,121.05,23.1,349400,447500,0.653817,-0.368278,0.00118015,0.00101725,12.24119,14.51275,2023-08-01
3275,2023-07-26 13:41:00,19750.0,19799.55,5366450,10282400,85.75,37.6,370350,443300,0.591093,-0.419429,0.00121597,0.00106809,12.511399,14.327308,2023-08-01
643,2023-07-26 13:41:00,19800.0,19799.55,16546750,14384100,57.0,59.1,1052700,818650,0.529099,-0.473582,0.00123105,0.00108226,12.656644,14.403493,2023-08-01
5905,2023-07-26 13:41:00,19850.0,19799.55,10626450,3461850,35.55,87.7,685700,274000,0.467993,-0.527107,0.00121552,0.00106378,12.811131,14.651986,2023-08-01
11164,2023-07-26 13:41:00,19900.0,19799.55,14467100,3710950,21.0,123.0,614400,179450,0.409747,-0.576941,0.00116726,0.00101286,13.040005,15.136418,2023-08-01
16420,2023-07-26 13:41:00,19950.0,19799.55,7688750,697150,11.4,163.35,377750,26350,0.354184,-0.621117,0.0011076,0.00094338,13.151911,15.791055,2023-08-01
21674,2023-07-26 13:41:00,20000.0,19799.55,13703450,1640150,6.0,207.75,442650,33650,0.304497,-0.656794,0.00102264,0.00085628,13.403368,16.816759,2023-08-01
26927,2023-07-26 13:41:00,20050.0,19799.55,6133450,66700,3.1,255.0,215000,1700,0.261287,-0.681913,0.00092672,0.0007604,13.741385,18.370299,2023-08-01
24303,2023-07-26 13:42:00,19550.0,19800.5,325200,5655650,255.2,4.65,600,53000,,-0.244894,,0.00078198,0.0,15.739262,2023-08-01
19050,2023-07-26 13:42:00,19600.0,19800.5,1700600,8798900,207.8,7.6,17950,128150,0.797063,-0.277628,0.00104433,0.00087249,10.59014,15.046431,2023-08-01
13793,2023-07-26 13:42:00,19650.0,19800.5,1254350,7085750,162.7,13.15,26650,102650,0.720238,-0.319016,0.00112366,0.00095458,11.726708,14.651555,2023-08-01
8536,2023-07-26 13:42:00,19700.0,19800.5,4834350,16540100,122.8,22.7,115050,255400,0.651272,-0.366936,0.00115262,0.00101916,12.567636,14.468261,2023-08-01
3276,2023-07-26 13:42:00,19750.0,19800.5,5318700,10259550,87.2,37.05,149150,271050,0.590834,-0.418165,0.00119575,0.00107101,12.725093,14.278867,2023-08-01
644,2023-07-26 13:42:00,19800.0,19800.5,16483800,14437150,58.25,58.2,476200,421250,0.529933,-0.472417,0.00121348,0.00108952,12.838077,14.304784,2023-08-01
5906,2023-07-26 13:42:00,19850.0,19800.5,10609000,3438400,36.4,86.85,300800,114800,0.469505,-0.526243,0.00120413,0.00106844,12.936343,14.590352,2023-08-01
11165,2023-07-26 13:42:00,19900.0,19800.5,14463700,3701900,21.45,121.8,264700,78950,0.411318,-0.57675,0.0011625,0.00102232,13.10546,14.997861,2023-08-01
16421,2023-07-26 13:42:00,19950.0,19800.5,7663700,699750,11.7,161.9,212150,12150,0.355919,-0.622032,0.00110421,0.00095637,13.215233,15.565111,2023-08-01
21675,2023-07-26 13:42:00,20000.0,19800.5,13673750,1637400,6.15,206.6,290550,11800,0.306015,-0.657246,0.00102181,0.00086276,13.444079,16.682333,2023-08-01
26928,2023-07-26 13:42:00,20050.0,19800.5,6123800,65450,3.2,253.9,135550,250,0.262935,-0.68238,0.00092632,0.00076501,13.791875,18.248504,2023-08-01
24304,2023-07-26 13:43:00,19550.0,19798.4,325200,5655650,252.75,4.65,5950,41600,,-0.245261,,0.00078747,0.0,15.644548,2023-08-01
19051,2023-07-26 13:43:00,19600.0,19798.4,1700600,8798900,205.5,7.7,16700,127350,0.802322,-0.278776,0.00106178,0.00087751,10.254691,14.992857,2023-08-01
13794,2023-07-26 13:43:00,19650.0,19798.4,1254350,7085750,161.1,13.4,20550,103650,0.715625,-0.320708,0.00111928,0.0009587,11.867614,14.623242,2023-08-01
8537,2023-07-26 13:43:00,19700.0,19798.4,4834350,16540100,120.9,23.15,127550,248050,0.649672,-0.368943,0.0011617,0.00102228,12.492254,14.452268,2023-08-01
3277,2023-07-26 13:43:00,19750.0,19798.4,5318700,10259550,85.8,37.9,180550,342700,0.58832,-0.420558,0.00119766,0.00107036,12.725456,14.307721,2023-08-01
645,2023-07-26 13:43:00,19800.0,19798.4,16483800,14437150,57.0,59.45,454050,496900,0.527437,-0.47478,0.00121744,0.0010857,12.804143,14.363151,2023-08-01
5907,2023-07-26 13:43:00,19850.0,19798.4,10609000,3438400,35.65,88.1,321450,133200,0.467014,-0.5285,0.00120243,0.00106847,12.950271,14.586657,2023-08-01
11166,2023-07-26 13:43:00,19900.0,19798.4,14463700,3701900,21.2,123.45,385050,99200,0.4095,-0.578661,0.00115385,0.00101863,13.191852,15.040373,2023-08-01
16422,2023-07-26 13:43:00,19950.0,19798.4,7663700,699750,11.6,164.0,186150,12450,0.354616,-0.622888,0.00109522,0.00094717,13.308582,15.707828,2023-08-01
21676,2023-07-26 13:43:00,20000.0,19798.4,13673750,1637400,6.1,208.3,276000,17550,0.305025,-0.659444,0.0010141,0.00086284,13.528966,16.642685,2023-08-01
26929,2023-07-26 13:43:00,20050.0,19798.4,6123800,65450,3.2,254.75,93300,700,0.26252,-0.689246,0.00091906,0.00078036,13.89182,17.72568,2023-08-01
24305,2023-07-26 13:44:00,19550.0,19800.5,325200,5655650,255.75,4.7,14350,37800,,-0.245505,,0.00078077,0.0,15.786558,2023-08-01
19052,2023-07-26 13:44:00,19600.0,19800.5,1700600,8798900,208.95,7.65,34900,123200,0.77266,-0.278067,0.00100144,0.00087117,11.797858,15.082422,2023-08-01
13795,2023-07-26 13:44:00,19650.0,19800.5,1254350,7085750,164.25,13.1,34300,118750,0.708462,-0.31889,0.00107604,0.0009552,12.489726,14.641301,2023-08-01
8538,2023-07-26 13:44:00,19700.0,19800.5,4834350,16540100,123.95,22.5,148200,261750,0.647291,-0.366504,0.00112403,0.00102244,12.941893,14.417799,2023-08-01
3278,2023-07-26 13:44:00,19750.0,19800.5,5318700,10259550,88.15,36.8,220500,326500,0.589235,-0.417883,0.00117386,0.00107504,12.975968,14.224887,2023-08-01
646,2023-07-26 13:44:00,19800.0,19800.5,16483800,14437150,59.1,57.8,531100,498600,0.529559,-0.472299,0.00119436,0.00109614,13.045933,14.219717,2023-08-01
5908,2023-07-26 13:44:00,19850.0,19800.5,10609000,3438400,37.05,86.05,315750,139200,0.469971,-0.526686,0.00118892,0.00108225,13.104509,14.404676,2023-08-01
11167,2023-07-26 13:44:00,19900.0,19800.5,14463700,3701900,22.0,121.15,399050,108700,0.412492,-0.577726,0.00114867,0.00103375,13.27367,14.826625,2023-08-01
16423,2023-07-26 13:44:00,19950.0,19800.5,7663700,699750,12.05,161.25,213850,15750,0.357446,-0.623779,0.00109411,0.00096824,13.358805,15.353959,2023-08-01
21677,2023-07-26 13:44:00,20000.0,19800.5,13673750,1637400,6.3,204.9,308350,21050,0.30726,-0.664245,0.00101669,0.00089434,13.537486,15.96811,2023-08-01
26930,2023-07-26 13:44:00,20050.0,19800.5,6123800,65450,3.3,253.0,135350,500,0.264389,-0.686855,0.00092257,0.00077962,13.888502,17.800514,2023-08-01
24306,2023-07-26 13:45:00,19550.0,19798.55,335850,5651050,251.3,4.75,13350,123700,,-0.246347,,0.00078484,0.0,15.735919,2023-08-01
19053,2023-07-26 13:45:00,19600.0,19798.55,1706000,8826800,204.6,7.8,35900,214850,0.855736,-0.279513,0.00108567,0.00087465,8.19526,15.06287,2023-08-01
13796,2023-07-26 13:45:00,19650.0,19798.55,1254400,7075800,159.75,13.5,45250,190550,0.728453,-0.321164,0.00116873,0.0009557,11.113468,14.679514,2023-08-01
8539,2023-07-26 13:45:00,19700.0,19798.55,4848650,16655500,120.45,23.3,175050,397900,0.65175,-0.369305,0.00117538,0.00101823,12.321353,14.516071,2023-08-01
3279,2023-07-26 13:45:00,19750.0,19798.55,5310100,10291700,85.2,38.05,270200,386400,0.589579,-0.420689,0.00121288,0.00106612,12.557954,14.367092,2023-08-01
647,2023-07-26 13:45:00,19800.0,19798.55,16512850,14505450,56.95,59.6,548250,617500,0.52765,-0.474696,0.00121948,0.00108124,12.783634,14.423706,2023-08-01
5909,2023-07-26 13:45:00,19850.0,19798.55,10518400,3416900,35.3,88.25,415400,139650,0.466906,-0.528185,0.00121103,0.00106374,12.859399,14.653829,2023-08-01
11168,2023-07-26 13:45:00,19900.0,19798.55,14527250,3687350,20.9,123.6,336500,119550,0.409003,-0.578074,0.00116154,0.00101366,13.102098,15.120126,2023-08-01
16424,2023-07-26 13:45:00,19950.0,19798.55,7684150,695700,11.45,164.5,238550,20000,0.354117,-0.621046,0.00109963,0.00093582,13.249971,15.923894,2023-08-01
21678,2023-07-26 13:45:00,20000.0,19798.55,13670350,1637650,6.0,208.85,244200,24350,0.304385,-0.656611,0.00101747,0.00085079,13.473104,16.933372,2023-08-01
26931,2023-07-26 13:45:00,20050.0,19798.55,6206150,65750,3.2,256.15,119250,1900,0.262668,-0.68132,0.00091926,0.00075522,13.89434,18.516016,2023-08-01
24307,2023-07-26 13:46:00,19550.0,19793.1,335850,5651050,246.5,4.95,10650,152150,,-0.249172,,0.00079547,0.0,15.625673,2023-08-01
19054,2023-07-26 13:46:00,19600.0,19793.1,1706000,8826800,201.8,8.1,100950,401050,0.767205,-0.282647,0.0010247,0.00088742,11.689823,14.931161,2023-08-01
13797,2023-07-26 13:46:00,19650.0,19793.1,1254400,7075800,157.4,14.0,103250,329550,0.702719,-0.324834,0.00110017,0.00097011,12.33232,14.534368,2023-08-01
8540,2023-07-26 13:46:00,19700.0,19793.1,4848650,16655500,117.45,24.2,418100,760350,0.641242,-0.373781,0.00115183,0.00103226,12.711798,14.379217,2023-08-01
3280,2023-07-26 13:46:00,19750.0,19793.1,5310100,10291700,82.65,39.3,526000,850600,0.581466,-0.425674,0.00119466,0.00108273,12.811154,14.186363,2023-08-01
648,2023-07-26 13:46:00,19800.0,19793.1,16512850,14505450,54.55,61.55,1563750,1513100,0.520898,-0.480451,0.00121276,0.00109535,12.871997,14.254229,2023-08-01
5910,2023-07-26 13:46:00,19850.0,19793.1,10518400,3416900,33.8,90.8,873600,468400,0.460752,-0.534553,0.00119799,0.00107736,12.985449,14.455202,2023-08-01
11169,2023-07-26 13:46:00,19900.0,19793.1,14527250,3687350,19.85,126.45,1052550,381700,0.403359,-0.585478,0.00115015,0.00103116,13.19058,14.810365,2023-08-01
16425,2023-07-26 13:46:00,19950.0,19793.1,7684150,695700,10.7,167.75,609150,40650,0.348499,-0.629395,0.00109098,0.00095292,13.282504,15.533742,2023-08-01
21679,2023-07-26 13:46:00,20000.0,19793.1,13670350,1637650,5.55,211.85,690650,63700,0.299108,-0.668479,0.00100845,0.00087766,13.491581,16.198195,2023-08-01
26932,2023-07-26 13:46:00,20050.0,19793.1,6206150,65750,3.0,259.7,331500,2850,0.258741,-0.692317,0.00090793,0.00077275,13.963711,17.83038,2023-08-01
24308,2023-07-26 13:47:00,19550.0,19793.8,335850,5651050,250.0,5.0,1700,158650,0.844521,-0.249596,0.00090112,0.00079244,10.38292,15.700098,2023-08-01
19055,2023-07-26 13:47:00,19600.0,19793.8,1706000,8826800,203.0,8.15,30900,254600,0.759916,-0.282871,0.00100442,0.00088376,12.130214,14.999094,2023-08-01
13798,2023-07-26 13:47:00,19650.0,19793.8,1254400,7075800,158.8,14.0,42950,215600,0.698503,-0.324667,0.00107652,0.00096672,12.684264,14.58248,2023-08-01
8541,2023-07-26 13:47:00,19700.0,19793.8,4848650,16655500,118.4,24.05,204750,557650,0.640729,-0.373162,0.00114068,0.00103078,12.842742,14.39248,2023-08-01
3281,2023-07-26 13:47:00,19750.0,19793.8,5310100,10291700,83.55,38.8,197200,449900,0.581626,-0.424654,0.00118375,0.00108643,12.928503,14.131377,2023-08-01
649,2023-07-26 13:47:00,19800.0,19793.8,16512850,14505450,55.15,60.6,734250,854300,0.521671,-0.479561,0.00120674,0.0011058,12.935156,14.118231,2023-08-01
5911,2023-07-26 13:47:00,19850.0,19793.8,10518400,3416900,34.35,90.45,372550,232150,0.461857,-0.53373,0.0011911,0.00107565,13.064321,14.481096,2023-08-01
11170,2023-07-26 13:47:00,19900.0,19793.8,14527250,3687350,20.2,125.75,470300,159000,0.404604,-0.585064,0.00114595,0.00103483,13.249559,14.761603,2023-08-01
16426,2023-07-26 13:47:00,19950.0,19793.8,7684150,695700,10.95,166.9,708450,13450,0.349969,-0.629538,0.00108745,0.00095861,13.346426,15.439983,2023-08-01
21680,2023-07-26 13:47:00,20000.0,19793.8,13670350,1637650,5.65,211.2,334400,39100,0.300207,-0.668013,0.00100798,0.0008789,13.520648,16.184726,2023-08-01
26933,2023-07-26 13:47:00,20050.0,19793.8,6206150,65750,3.0,259.15,193400,1950,0.25895,-0.691292,0.00091007,0.00077182,13.93697,17.878524,2023-08-01
24309,2023-07-26 13:48:00,19550.0,19792.65,334900,5589450,250.35,5.0,1650,102050,0.791618,-0.249828,0.00086835,0.00079548,12.947609,15.649551,2023-08-01
19056,2023-07-26 13:48:00,19600.0,19792.65,1689100,8759600,203.25,8.05,24050,234600,0.743197,-0.282518,0.0009667,0.00088977,13.06549,14.89057,2023-08-01
13799,2023-07-26 13:48:00,19650.0,19792.65,1253100,7042250,159.1,13.75,15650,181100,0.690038,-0.324042,0.00104499,0.00097681,13.22976,14.422178,2023-08-01
8542,2023-07-26 13:48:00,19700.0,19792.65,4835100,16531050,119.05,23.65,115950,334800,0.634968,-0.372758,0.00110697,0.00104483,13.307324,14.195671,2023-08-01
3282,2023-07-26 13:48:00,19750.0,19792.65,5319400,10235950,84.05,38.5,195750,352600,0.578555,-0.425073,0.00115784,0.00110041,13.240358,13.956281,2023-08-01
650,2023-07-26 13:48:00,19800.0,19792.65,16391550,14434750,55.6,60.2,536150,702150,0.52003,-0.480642,0.0011848,0.00112392,13.179082,13.894116,2023-08-01
5912,2023-07-26 13:48:00,19850.0,19792.65,10500250,3443450,34.5,89.45,508300,144650,0.460989,-0.536236,0.00117789,0.00110738,13.209555,14.059948,2023-08-01
11171,2023-07-26 13:48:00,19900.0,19792.65,14555650,3596950,20.25,125.0,390400,88200,0.404057,-0.589198,0.00113689,0.00106544,13.352093,14.305654,2023-08-01
16427,2023-07-26 13:48:00,19950.0,19792.65,7518400,695250,11.05,166.8,545000,13100,0.349977,-0.633888,0.0010784,0.00097824,13.460028,15.073299,2023-08-01
21681,2023-07-26 13:48:00,20000.0,19792.65,13629100,1633050,5.75,210.9,327050,25950,0.300741,-0.675439,0.00099981,0.00090475,13.643576,15.581138,2023-08-01
26934,2023-07-26 13:48:00,20050.0,19792.65,6165650,65500,3.0,259.45,284850,250,0.258759,-0.696456,0.00090617,0.00078392,13.993308,17.473568,2023-08-01
24310,2023-07-26 13:49:00,19550.0,19795.8,334900,5589450,255.3,4.75,5650,151350,0.763721,-0.246981,0.00081293,0.00079183,14.857166,15.624296,2023-08-01
19057,2023-07-26 13:49:00,19600.0,19795.8,1689100,8759600,207.65,7.7,38250,228650,0.73227,-0.279607,0.00092163,0.00088573,13.998752,14.882252,2023-08-01
13800,2023-07-26 13:49:00,19650.0,19795.8,1253100,7042250,163.35,13.05,37150,228950,0.685425,-0.320236,0.00100332,0.00097636,13.866044,14.356767,2023-08-01
8543,2023-07-26 13:49:00,19700.0,19795.8,4835100,16531050,122.4,22.6,179950,421000,0.635732,-0.368885,0.00108226,0.00104631,13.6001,14.126445,2023-08-01
3283,2023-07-26 13:49:00,19750.0,19795.8,5319400,10235950,87.1,36.85,226150,479450,0.580748,-0.421008,0.00113382,0.00110747,13.504232,13.838031,2023-08-01
651,2023-07-26 13:49:00,19800.0,19795.8,16391550,14434750,57.75,57.9,689400,748500,0.523583,-0.476913,0.00117182,0.00113688,13.317163,13.727453,2023-08-01
5913,2023-07-26 13:49:00,19850.0,19795.8,10500250,3443450,36.2,86.25,666250,242600,0.465142,-0.533609,0.00116639,0.00113179,13.351364,13.763341,2023-08-01
11172,2023-07-26 13:49:00,19900.0,19795.8,14555650,3596950,21.45,121.3,549500,116800,0.408583,-0.588409,0.00112882,0.00109565,13.483472,13.916148,2023-08-01
16428,2023-07-26 13:49:00,19950.0,19795.8,7518400,695250,11.75,162.1,631200,16750,0.354366,-0.63787,0.00107576,0.00102636,13.552381,14.312315,2023-08-01
21682,2023-07-26 13:49:00,20000.0,19795.8,13629100,1633050,6.1,206.0,633150,24900,0.304528,-0.684531,0.00100185,0.0009578,13.690989,14.542587,2023-08-01
26935,2023-07-26 13:49:00,20050.0,19795.8,6165650,65500,3.0,255.1,224500,650,0.259501,-0.703547,0.00091638,0.00081569,13.856422,16.612726,2023-08-01
24311,2023-07-26 13:50:00,19550.0,19797.5,334900,5589450,257.35,4.65,12600,110250,0.759803,-0.245784,0.00080024,0.00078916,15.228952,15.635971,2023-08-01
19058,2023-07-26 13:50:00,19600.0,19797.5,1689100,8759600,209.65,7.55,37700,280050,0.730092,-0.278295,0.00090797,0.00088275,14.266772,14.897915,2023-08-01
13801,2023-07-26 13:50:00,19650.0,19797.5,1253100,7042250,165.15,12.9,32250,212650,0.685377,-0.319144,0.00099276,0.00097149,14.013989,14.407763,2023-08-01
8544,2023-07-26 13:50:00,19700.0,19797.5,4835100,16531050,124.35,22.4,206450,440900,0.635731,-0.367698,0.00106633,0.00104004,13.802951,14.196153,2023-08-01
3284,2023-07-26 13:50:00,19750.0,19797.5,5319400,10235950,88.8,36.55,329250,446400,0.581818,-0.419554,0.00112012,0.00110008,13.661263,13.920233,2023-08-01
652,2023-07-26 13:50:00,19800.0,19797.5,16391550,14434750,59.25,57.3,889950,877100,0.525361,-0.47506,0.00115811,0.00113164,13.470728,13.786736,2023-08-01
5914,2023-07-26 13:50:00,19850.0,19797.5,10500250,3443450,37.2,85.3,443700,181800,0.467401,-0.531602,0.00115864,0.00112964,13.446819,13.794764,2023-08-01
11173,2023-07-26 13:50:00,19900.0,19797.5,14555650,3596950,22.2,120.55,600500,169350,0.411182,-0.585568,0.00112231,0.00108565,13.581917,14.066416,2023-08-01
16429,2023-07-26 13:50:00,19950.0,19797.5,7518400,695250,12.1,160.2,657400,12250,0.356576,-0.637855,0.00107517,0.00103919,13.589251,14.135373,2023-08-01
21683,2023-07-26 13:50:00,20000.0,19797.5,13629100,1633050,6.2,204.05,755800,21650,0.305866,-0.685596,0.0010057,0.00097098,13.664707,14.324074,2023-08-01
26936,2023-07-26 13:50:00,20050.0,19797.5,6165650,65500,3.1,251.0,370750,1450,0.261346,-0.723442,0.00091842,0.00087865,13.87581,14.921685,2023-08-01
24312,2023-07-26 13:51:00,19550.0,19799.95,338450,5615850,258.25,4.5,10650,150550,0.780968,-0.243948,0.00082944,0.00078554,13.951701,15.643626,2023-08-01
19059,2023-07-26 13:51:00,19600.0,19799.95,1692350,8817100,211.15,7.35,67900,363350,0.738524,-0.276474,0.00092156,0.00087828,13.831076,14.924734,2023-08-01
13802,2023-07-26 13:51:00,19650.0,19799.95,1242050,7112900,166.4,12.5,77200,339850,0.691886,-0.316739,0.00100782,0.00096845,13.679229,14.405863,2023-08-01
8545,2023-07-26 13:51:00,19700.0,19799.95,4764650,16688800,125.6,21.7,351700,685850,0.640029,-0.364923,0.00107616,0.00103925,13.620746,14.170143,2023-08-01
3285,2023-07-26 13:51:00,19750.0,19799.95,5324650,10271800,89.5,35.75,686200,787800,0.585801,-0.416979,0.00113576,0.00109676,13.4432,13.942446,2023-08-01
653,2023-07-26 13:51:00,19800.0,19799.95,16202800,14405400,60.1,56.35,1405800,1329600,0.52834,-0.47238,0.00116532,0.00112612,13.379732,13.847319,2023-08-01
5915,2023-07-26 13:51:00,19850.0,19799.95,10432500,3469600,37.8,84.05,828450,361800,0.470031,-0.52866,0.00116567,0.00112456,13.371801,13.863925,2023-08-01
11174,2023-07-26 13:51:00,19900.0,19799.95,14476650,3608250,22.45,118.55,853700,216000,0.413212,-0.583249,0.0011323,0.00109105,13.47678,14.013622,2023-08-01
16430,2023-07-26 13:51:00,19950.0,19799.95,7303750,700500,12.25,158.45,624300,34050,0.35828,-0.634294,0.00108393,0.00103477,13.501088,14.241769,2023-08-01
21684,2023-07-26 13:51:00,20000.0,19799.95,13790550,1630300,6.25,202.35,606100,49700,0.307053,-0.680135,0.00101437,0.00096092,13.570199,14.579006,2023-08-01
26937,2023-07-26 13:51:00,20050.0,19799.95,6146900,65750,3.15,248.1,318250,1400,0.262642,-0.727748,0.00092479,0.00089962,13.814321,14.460583,2023-08-01
24313,2023-07-26 13:52:00,19550.0,19796.75,338450,5615850,256.25,4.5,3900,92750,0.763551,-0.244476,0.00080969,0.00079408,14.924367,15.496905,2023-08-01
19060,2023-07-26 13:52:00,19600.0,19796.75,1692350,8817100,210.05,7.35,38900,173750,0.721346,-0.277165,0.00088477,0.00088936,14.875584,14.760157,2023-08-01
13803,2023-07-26 13:52:00,19650.0,19796.75,1242050,7112900,165.5,12.75,32150,160700,0.68012,-0.318794,0.00097245,0.00097763,14.409567,14.312807,2023-08-01
8546,2023-07-26 13:52:00,19700.0,19796.75,4764650,16688800,124.9,22.15,150100,334200,0.631955,-0.367448,0.00104421,0.00104883,14.145962,14.076084,2023-08-01
3286,2023-07-26 13:52:00,19750.0,19796.75,5324650,10271800,89.0,36.35,232150,344200,0.580029,-0.419813,0.00110672,0.00110907,13.841713,13.811345,2023-08-01
654,2023-07-26 13:52:00,19800.0,19796.75,16202800,14405400,59.45,57.1,731900,661250,0.524301,-0.475757,0.00114606,0.00114228,13.616671,13.661854,2023-08-01
5916,2023-07-26 13:52:00,19850.0,19796.75,10432500,3469600,37.35,85.2,449700,171700,0.466866,-0.53284,0.00114882,0.00114044,13.562352,13.66282,2023-08-01
11175,2023-07-26 13:52:00,19900.0,19796.75,14476650,3608250,22.25,119.85,404550,94450,0.410877,-0.588778,0.00111575,0.0011119,13.661434,13.711543,2023-08-01
16431,2023-07-26 13:52:00,19950.0,19796.75,7303750,700500,12.1,159.45,320600,15200,0.356332,-0.643925,0.00107073,0.00107237,13.644449,13.62003,2023-08-01
21685,2023-07-26 13:52:00,20000.0,19796.75,13790550,1630300,6.25,203.5,288000,13300,0.306118,-0.695023,0.00100061,0.00100515,13.741364,13.656604,2023-08-01
26938,2023-07-26 13:52:00,20050.0,19796.75,6146900,65750,3.15,252.3,178300,450,0.261987,-0.718181,0.00091389,0.00086133,13.964245,15.364204,2023-08-01
24314,2023-07-26 13:53:00,19550.0,19796.8,338450,5615850,252.15,4.6,3300,102100,,-0.24555,,0.00079176,0.0,15.579804,2023-08-01
19061,2023-07-26 13:53:00,19600.0,19796.8,1692350,8817100,205.15,7.65,84000,221400,0.772691,-0.279268,0.00101888,0.00088267,11.603204,14.927744,2023-08-01
13804,2023-07-26 13:53:00,19650.0,19796.8,1242050,7112900,160.7,13.25,26000,169000,0.705827,-0.320966,0.00108906,0.00096697,12.400745,14.512569,2023-08-01
8547,2023-07-26 13:53:00,19700.0,19796.8,4764650,16688800,121.25,23.15,188550,334400,0.642183,-0.369936,0.00112206,0.00102908,13.039928,14.378845,2023-08-01
3287,2023-07-26 13:53:00,19750.0,19796.8,5324650,10271800,85.7,37.9,293450,361200,0.58469,-0.421762,0.0011745,0.00107935,13.01137,14.206484,2023-08-01
655,2023-07-26 13:53:00,19800.0,19796.8,16202800,14405400,57.1,59.35,563450,630550,0.525094,-0.476348,0.00119435,0.00109926,13.06522,14.198562,2023-08-01
5917,2023-07-26 13:53:00,19850.0,19796.8,10432500,3469600,35.6,88.0,328550,133400,0.465607,-0.530844,0.00118638,0.00108536,13.130137,14.362638,2023-08-01
11176,2023-07-26 13:53:00,19900.0,19796.8,14476650,3608250,21.15,123.35,399200,98700,0.408656,-0.582204,0.00114118,0.00103899,13.340408,14.728129,2023-08-01
16432,2023-07-26 13:53:00,19950.0,19796.8,7303750,700500,11.6,163.15,312400,12450,0.354314,-0.630468,0.00108397,0.00098574,13.451362,15.005665,2023-08-01
21686,2023-07-26 13:53:00,20000.0,19796.8,13790550,1630300,6.0,208.05,373050,16050,0.304247,-0.667643,0.00100831,0.00089134,13.60015,15.96899,2023-08-01
26939,2023-07-26 13:53:00,20050.0,19796.8,6146900,65750,3.05,253.75,173300,200,0.260663,-0.70574,0.00091736,0.00082563,13.876014,16.359709,2023-08-01
24315,2023-07-26 13:54:00,19550.0,19790.7,335900,5601950,249.1,4.9,7100,154750,0.777764,-0.249503,0.00085414,0.00080228,13.670049,15.513073,2023-08-01
19062,2023-07-26 13:54:00,19600.0,19790.7,1717250,8807400,202.05,8.0,73650,312400,0.735151,-0.282902,0.00095284,0.00089696,13.473503,14.787436,2023-08-01
13805,2023-07-26 13:54:00,19650.0,19790.7,1247300,7091200,158.1,13.9,54200,355650,0.684355,-0.325484,0.00103053,0.00098169,13.526797,14.382942,2023-08-01
8548,2023-07-26 13:54:00,19700.0,19790.7,4803900,16530300,117.95,23.95,248050,625850,0.631565,-0.374507,0.00109927,0.0010493,13.447717,14.162568,2023-08-01
3288,2023-07-26 13:54:00,19750.0,19790.7,5273200,10226950,83.35,39.3,455800,659100,0.575477,-0.427412,0.00114616,0.00109877,13.401627,13.998841,2023-08-01
656,2023-07-26 13:54:00,19800.0,19790.7,16172300,14317250,55.25,61.5,1046500,1318000,0.517565,-0.482917,0.00117038,0.00111682,13.351255,13.992288,2023-08-01
5918,2023-07-26 13:54:00,19850.0,19790.7,10468850,3438500,34.45,90.95,667000,330100,0.459339,-0.53814,0.00116123,0.00110039,13.399492,14.149163,2023-08-01
11177,2023-07-26 13:54:00,19900.0,19790.7,14466550,3561350,20.45,126.65,547400,303500,0.403523,-0.590785,0.00111788,0.001059,13.58065,14.385634,2023-08-01
16433,2023-07-26 13:54:00,19950.0,19790.7,7318700,696650,11.1,167.3,482900,20950,0.349635,-0.639485,0.00106546,0.00099929,13.624649,14.685449,2023-08-01
21687,2023-07-26 13:54:00,20000.0,19790.7,13857700,1633050,5.85,212.0,464450,92400,0.301283,-0.680517,0.00098752,0.00091621,13.830731,15.292598,2023-08-01
26940,2023-07-26 13:54:00,20050.0,19790.7,6137800,65750,2.95,258.7,269700,1450,0.25797,-0.716326,0.00090069,0.0008348,14.062281,15.90917,2023-08-01
24316,2023-07-26 13:55:00,19550.0,19789.15,335900,5601950,251.1,4.9,3350,115950,0.738555,-0.249799,0.00078025,0.00080653,16.347708,15.443091,2023-08-01
19063,2023-07-26 13:55:00,19600.0,19789.15,1717250,8807400,203.65,7.95,44700,214950,0.711866,-0.282953,0.00088635,0.00090356,15.09751,14.682631,2023-08-01
13806,2023-07-26 13:55:00,19650.0,19789.15,1247300,7091200,159.5,13.8,29000,225200,0.671201,-0.32559,0.00097445,0.0009909,14.551502,14.253147,2023-08-01
8549,2023-07-26 13:55:00,19700.0,19789.15,4803900,16530300,119.1,23.7,145500,441150,0.624198,-0.374645,0.00105364,0.00106338,14.121437,13.978603,2023-08-01
3289,2023-07-26 13:55:00,19750.0,19789.15,5273200,10226950,84.35,38.75,213900,485350,0.571372,-0.42785,0.00110803,0.00112118,13.891593,13.723738,2023-08-01
657,2023-07-26 13:55:00,19800.0,19789.15,16172300,14317250,56.2,60.85,670200,796900,0.51549,-0.48445,0.00113628,0.00114443,13.756718,13.658625,2023-08-01
5919,2023-07-26 13:55:00,19850.0,19789.15,10468850,3438500,35.0,89.95,370950,222150,0.458546,-0.541546,0.00113729,0.00113943,13.68058,13.654526,2023-08-01
11178,2023-07-26 13:55:00,19900.0,19789.15,14466550,3561350,20.8,125.7,383300,132000,0.403439,-0.59687,0.0011,0.00110313,13.802505,13.76064,2023-08-01
16434,2023-07-26 13:55:00,19950.0,19789.15,7318700,696650,11.4,166.3,276650,16150,0.350362,-0.65018,0.00104957,0.00105279,13.843306,13.793123,2023-08-01
21688,2023-07-26 13:55:00,20000.0,19789.15,13857700,1633050,5.95,210.75,308500,39850,0.301682,-0.700011,0.00097809,0.00098444,13.974249,13.848984,2023-08-01
26941,2023-07-26 13:55:00,20050.0,19789.15,6137800,65750,3.0,256.65,132250,1200,0.258419,-0.766011,0.00089391,0.00094628,14.183734,12.703625,2023-08-01
24317,2023-07-26 13:56:00,19550.0,19794.9,335900,5601950,257.3,4.6,6050,185250,0.736007,-0.246002,0.00075708,0.00079664,16.927816,15.503909,2023-08-01
19064,2023-07-26 13:56:00,19600.0,19794.9,1717250,8807400,210.3,7.45,50250,185800,0.707893,-0.27844,0.00084908,0.00089322,15.857987,14.734002,2023-08-01
13807,2023-07-26 13:56:00,19650.0,19794.9,1247300,7091200,165.75,12.7,36850,270200,0.670998,-0.319281,0.00093884,0.0009865,15.103733,14.197832,2023-08-01
8550,2023-07-26 13:56:00,19700.0,19794.9,4803900,16530300,124.6,21.95,203800,541800,0.627261,-0.367856,0.00102427,0.00106294,14.485429,13.898769,2023-08-01
3290,2023-07-26 13:56:00,19750.0,19794.9,5273200,10226950,89.1,36.0,375600,499600,0.576316,-0.420632,0.00108268,0.00112931,14.180165,13.573858,2023-08-01
658,2023-07-26 13:56:00,19800.0,19794.9,16172300,14317250,59.6,56.6,810950,715650,0.521875,-0.477519,0.00112421,0.00116996,13.890722,13.346416,2023-08-01
5920,2023-07-26 13:56:00,19850.0,19794.9,10468850,3438500,37.4,84.9,378150,230650,0.465338,-0.53606,0.00113199,0.00116974,13.763881,13.315534,2023-08-01
11179,2023-07-26 13:56:00,19900.0,19794.9,14466550,3561350,22.2,119.6,443350,153100,0.409769,-0.59426,0.00110398,0.00114785,13.802687,13.24307,2023-08-01
16435,2023-07-26 13:56:00,19950.0,19794.9,7318700,696650,12.15,159.0,289350,13100,0.355908,-0.65504,0.00105888,0.00112695,13.795776,12.816222,2023-08-01
21689,2023-07-26 13:56:00,20000.0,19794.9,13857700,1633050,6.3,203.15,258900,28650,0.306135,-0.716229,0.00099062,0.00107501,13.884773,12.35516,2023-08-01
26942,2023-07-26 13:56:00,20050.0,19794.9,6137800,65750,3.1,250.1,126750,1200,0.26112,-0.789662,0.00090889,0.00100978,14.021729,11.1994,2023-08-01
24318,2023-07-26 13:57:00,19550.0,19796.25,335150,5505650,257.7,4.5,4850,195500,0.743572,-0.244831,0.00077035,0.00079492,16.388711,15.4975,2023-08-01
19065,2023-07-26 13:57:00,19600.0,19796.25,1714450,8790350,211.0,7.3,23000,208550,0.711765,-0.27717,0.00085642,0.00089149,15.62386,14.729673,2023-08-01
13808,2023-07-26 13:57:00,19650.0,19796.25,1237200,7061250,165.95,12.55,33150,185400,0.675756,-0.318273,0.00095442,0.00098318,14.769123,14.226704,2023-08-01
8551,2023-07-26 13:57:00,19700.0,19796.25,4783700,16681900,125.25,21.8,176950,279200,0.62945,-0.366927,0.00102933,0.0010576,14.386722,13.957203,2023-08-01
3291,2023-07-26 13:57:00,19750.0,19796.25,5326350,10328650,89.5,35.8,245450,326300,0.578315,-0.419511,0.00108992,0.00112238,14.071754,13.649612,2023-08-01
659,2023-07-26 13:57:00,19800.0,19796.25,16244850,14530800,60.05,56.3,680250,476500,0.523448,-0.476057,0.00112796,0.00116185,13.841312,13.436613,2023-08-01
5921,2023-07-26 13:57:00,19850.0,19796.25,10403600,3430300,37.6,84.3,320550,143700,0.466656,-0.534281,0.00113807,0.00116437,13.694041,13.382056,2023-08-01
11180,2023-07-26 13:57:00,19900.0,19796.25,14373700,3547200,22.35,118.95,332050,99850,0.4109,-0.591892,0.00110882,0.00113977,13.751347,13.35598,2023-08-01
16436,2023-07-26 13:57:00,19950.0,19796.25,7325400,703500,12.3,158.75,230100,6800,0.35712,-0.649194,0.00106167,0.00110164,13.775758,13.191822,2023-08-01
21690,2023-07-26 13:57:00,20000.0,19796.25,13853950,1635150,6.35,202.6,232050,14300,0.306968,-0.707287,0.00099447,0.00104981,13.847482,12.83811,2023-08-01
26943,2023-07-26 13:57:00,20050.0,19796.25,6146200,66400,3.2,250.0,141050,450,0.262846,-0.754925,0.00090977,0.00095156,14.055426,12.953329,2023-08-01
24319,2023-07-26 13:58:00,19550.0,19795.8,335150,5505650,257.35,4.55,2500,75500,0.742586,-0.245469,0.00076949,0.000795,16.441076,15.518905,2023-08-01
19066,2023-07-26 13:58:00,19600.0,19795.8,1714450,8790350,210.15,7.4,30450,155200,0.713968,-0.278012,0.00086541,0.00089078,15.406853,14.764306,2023-08-01
13809,2023-07-26 13:58:00,19650.0,19795.8,1237200,7061250,165.45,12.7,20000,151600,0.675768,-0.319107,0.00095713,0.00098191,14.72829,14.261827,2023-08-01
8552,2023-07-26 13:58:00,19700.0,19795.8,4783700,16681900,124.85,22.1,135750,327100,0.629098,-0.36792,0.00103067,0.00105406,14.37363,14.017624,2023-08-01
3292,2023-07-26 13:58:00,19750.0,19795.8,5326350,10328650,89.1,36.1,235800,272700,0.577941,-0.420218,0.00109201,0.00111971,14.048617,13.688245,2023-08-01
660,2023-07-26 13:58:00,19800.0,19795.8,16244850,14530800,59.75,56.75,509250,514000,0.522952,-0.476652,0.00112911,0.0011571,13.829349,13.494016,2023-08-01
5922,2023-07-26 13:58:00,19850.0,19795.8,10403600,3430300,37.5,84.75,290400,156150,0.466203,-0.53467,0.00113627,0.00116046,13.715592,13.427079,2023-08-01
11181,2023-07-26 13:58:00,19900.0,19795.8,14373700,3547200,22.2,119.3,306400,135200,0.410354,-0.592363,0.00110902,0.00113895,13.745654,13.362868,2023-08-01
16437,2023-07-26 13:58:00,19950.0,19795.8,7325400,703500,12.15,159.5,197400,7000,0.356364,-0.64802,0.00106295,0.00109061,13.750116,13.342398,2023-08-01
21691,2023-07-26 13:58:00,20000.0,19795.8,13853950,1635150,6.3,203.65,158050,18500,0.306506,-0.701819,0.0009939,0.00102646,13.847336,13.243414,2023-08-01
26944,2023-07-26 13:58:00,20050.0,19795.8,6146200,66400,3.2,249.8,100550,350,0.262804,-0.769785,0.00090813,0.00098015,14.080672,12.152108,2023-08-01
24320,2023-07-26 13:59:00,19550.0,19799.8,335150,5505650,259.3,4.55,3500,74050,0.76327,-0.244933,0.00079991,0.00078408,15.120332,15.714135,2023-08-01
19067,2023-07-26 13:59:00,19600.0,19799.8,1714450,8790350,211.75,7.3,19450,161800,0.731395,-0.276562,0.00090219,0.0008787,14.329187,14.926904,2023-08-01
13810,2023-07-26 13:59:00,19650.0,19799.8,1237200,7061250,166.85,12.45,26350,187700,0.688325,-0.316908,0.00099273,0.00096866,13.963379,14.412816,2023-08-01
8553,2023-07-26 13:59:00,19700.0,19799.8,4783700,16681900,126.0,21.6,125550,310350,0.638063,-0.36499,0.00106309,0.00104025,13.820358,14.164042,2023-08-01
3293,2023-07-26 13:59:00,19750.0,19799.8,5326350,10328650,90.4,35.55,267550,350400,0.583995,-0.41697,0.00111322,0.00109963,13.735386,13.912419,2023-08-01
661,2023-07-26 13:59:00,19800.0,19799.8,16244850,14530800,60.35,55.95,600600,443650,0.527971,-0.472446,0.00115597,0.00113306,13.49519,13.769083,2023-08-01
5923,2023-07-26 13:59:00,19850.0,19799.8,10403600,3430300,38.0,83.7,317100,144450,0.470093,-0.529067,0.00115749,0.00113127,13.472653,13.787103,2023-08-01
11182,2023-07-26 13:59:00,19900.0,19799.8,14373700,3547200,22.5,118.0,345200,93600,0.413408,-0.584494,0.00112768,0.00110329,13.539876,13.855273,2023-08-01
16438,2023-07-26 13:59:00,19950.0,19799.8,7325400,703500,12.25,158.65,189850,6000,0.358518,-0.634,0.00108097,0.00103149,13.547421,14.297498,2023-08-01
21692,2023-07-26 13:59:00,20000.0,19799.8,13853950,1635150,6.25,202.05,246000,11300,0.307401,-0.682754,0.00101201,0.00097113,13.61501,14.382547,2023-08-01
26945,2023-07-26 13:59:00,20050.0,19799.8,6146200,66400,3.15,248.3,122050,1350,0.263068,-0.727114,0.00092303,0.00089725,13.858564,14.522255,2023-08-01
24321,2023-07-26 14:00:00,19550.0,19798.35,335600,5482200,256.0,4.7,2600,144600,0.79169,-0.246717,0.00084986,0.00078479,13.231958,15.763274,2023-08-01
19068,2023-07-26 14:00:00,19600.0,19798.35,1713150,8785250,208.8,7.6,59600,240750,0.744666,-0.278972,0.00094518,0.00087728,13.328378,15.016542,2023-08-01
13811,2023-07-26 14:00:00,19650.0,19798.35,1240200,7108900,164.6,13.0,50050,330400,0.691903,-0.319761,0.00101775,0.00096372,13.553453,14.543314,2023-08-01
8554,2023-07-26 14:00:00,19700.0,19798.35,4795000,16753600,123.6,22.5,199700,435300,0.640117,-0.367917,0.00109183,0.00103096,13.432086,14.331585,2023-08-01
3294,2023-07-26 14:00:00,19750.0,19798.35,5401700,10371350,88.45,36.8,397550,525900,0.583758,-0.419545,0.00113413,0.00108652,13.485698,14.101263,2023-08-01
662,2023-07-26 14:00:00,19800.0,19798.35,16255850,14512850,58.9,57.6,910950,719350,0.526525,-0.474394,0.00117031,0.00111525,13.334885,13.995292,2023-08-01
5924,2023-07-26 14:00:00,19850.0,19798.35,10443800,3472450,36.95,86.0,474550,229950,0.468068,-0.529779,0.00116749,0.00110337,13.353749,14.135705,2023-08-01
11183,2023-07-26 14:00:00,19900.0,19798.35,14415600,3534800,21.9,120.95,527900,174500,0.411339,-0.582643,0.00113164,0.00106298,13.478342,14.39694,2023-08-01
16439,2023-07-26 14:00:00,19950.0,19798.35,7345950,700600,11.95,160.6,283300,18450,0.356711,-0.632894,0.00108094,0.00101302,13.525651,14.57464,2023-08-01
21693,2023-07-26 14:00:00,20000.0,19798.35,13874000,1630750,6.2,205.25,307900,20500,0.306622,-0.673146,0.00100717,0.00092264,13.666961,15.329049,2023-08-01
26946,2023-07-26 14:00:00,20050.0,19798.35,6163900,67250,3.15,249.3,127850,50,0.262802,-0.732792,0.00091799,0.0009067,13.929281,14.222304,2023-08-01
24322,2023-07-26 14:01:00,19550.0,19795.2,335600,5482200,254.4,4.75,1150,68350,0.766122,-0.24774,0.00081935,0.00079217,14.668242,15.654518,2023-08-01
19069,2023-07-26 14:01:00,19600.0,19795.2,1713150,8785250,207.7,7.65,36850,118600,0.726054,-0.28,0.00090583,0.00088713,14.417383,14.879535,2023-08-01
13812,2023-07-26 14:01:00,19650.0,19795.2,1240200,7108900,162.4,13.2,22300,196250,0.686181,-0.321561,0.00101077,0.00097374,13.759442,14.430627,2023-08-01
8555,2023-07-26 14:01:00,19700.0,19795.2,4795000,16753600,122.5,22.9,118850,519350,0.633092,-0.370266,0.00106767,0.00104125,13.829174,14.22253,2023-08-01
3295,2023-07-26 14:01:00,19750.0,19795.2,5401700,10371350,87.25,37.35,221550,401100,0.579064,-0.422263,0.00111957,0.0010994,13.697782,13.95844,2023-08-01
663,2023-07-26 14:01:00,19800.0,19795.2,16255850,14512850,58.15,58.35,663300,563150,0.522595,-0.477712,0.00115355,0.00113087,13.539707,13.811849,2023-08-01
5925,2023-07-26 14:01:00,19850.0,19795.2,10443800,3472450,36.3,86.7,391300,145050,0.464807,-0.534156,0.00115536,0.00112714,13.487548,13.828333,2023-08-01
11184,2023-07-26 14:01:00,19900.0,19795.2,14415600,3534800,21.5,122.0,280400,112650,0.408629,-0.588364,0.0011201,0.00108721,13.598516,14.034619,2023-08-01
16440,2023-07-26 14:01:00,19950.0,19795.2,7345950,700600,11.75,162.25,235500,13400,0.354579,-0.639488,0.00106947,0.00103196,13.64477,14.223078,2023-08-01
21694,2023-07-26 14:01:00,20000.0,19795.2,13874000,1630750,6.05,206.65,221900,15250,0.304556,-0.684113,0.00099837,0.00095287,13.749129,14.636545,2023-08-01
26947,2023-07-26 14:01:00,20050.0,19795.2,6163900,67250,3.15,253.95,103100,500,0.262165,-0.717432,0.0009074,0.00085357,14.077302,15.532955,2023-08-01
24323,2023-07-26 14:02:00,19550.0,19796.1,335600,5482200,254.0,4.65,1000,86100,0.786183,-0.246664,0.00084951,0.00079167,13.444467,15.628139,2023-08-01
19070,2023-07-26 14:02:00,19600.0,19796.1,1713150,8785250,206.6,7.7,19850,112350,0.743558,-0.280203,0.00095219,0.00088275,13.263149,14.958865,2023-08-01
13813,2023-07-26 14:02:00,19650.0,19796.1,1240200,7108900,162.3,13.05,12100,164500,0.691413,-0.320706,0.00102952,0.0009725,13.410893,14.433177,2023-08-01
8556,2023-07-26 14:02:00,19700.0,19796.1,4795000,16753600,122.15,22.75,79250,252750,0.636805,-0.369547,0.00108799,0.00103866,13.524871,14.249145,2023-08-01
3296,2023-07-26 14:02:00,19750.0,19796.1,5401700,10371350,87.05,37.2,105650,225350,0.581083,-0.421517,0.00113408,0.0010952,13.508591,14.006922,2023-08-01
664,2023-07-26 14:02:00,19800.0,19796.1,16255850,14512850,57.9,58.45,362600,407700,0.523832,-0.476849,0.00116721,0.00112003,13.37904,13.943989,2023-08-01
5926,2023-07-26 14:02:00,19850.0,19796.1,10443800,3472450,36.2,86.6,252750,93450,0.465528,-0.532804,0.00116441,0.00111787,13.384994,13.947135,2023-08-01
11185,2023-07-26 14:02:00,19900.0,19796.1,14415600,3534800,21.4,121.75,214450,61200,0.408985,-0.586572,0.00112791,0.00107872,13.507449,14.159558,2023-08-01
16441,2023-07-26 14:02:00,19950.0,19796.1,7345950,700600,11.65,162.8,117750,7600,0.354578,-0.633958,0.00107654,0.00100317,13.55529,14.707006,2023-08-01
21695,2023-07-26 14:02:00,20000.0,19796.1,13874000,1630750,6.1,206.9,154650,9500,0.305267,-0.677013,0.00100037,0.0009279,13.736063,15.171505,2023-08-01
26948,2023-07-26 14:02:00,20050.0,19796.1,6163900,67250,3.15,254.6,66750,500,0.262421,-0.704584,0.0009102,0.0008197,14.041147,16.516982,2023-08-01
24324,2023-07-26 14:03:00,19550.0,19793.35,335150,5441650,252.75,4.7,4150,86800,0.763151,-0.247635,0.00081963,0.00079807,14.768803,15.53853,2023-08-01
19071,2023-07-26 14:03:00,19600.0,19793.35,1717850,8744550,205.7,7.8,36750,139050,0.726661,-0.281486,0.00091568,0.00089025,14.249497,14.86848,2023-08-01
13814,2023-07-26 14:03:00,19650.0,19793.35,1236700,7191950,161.0,13.3,35300,138650,0.683392,-0.322608,0.00100906,0.00097984,13.83778,14.363049,2023-08-01
8557,2023-07-26 14:03:00,19700.0,19793.35,4791500,16631850,120.9,23.1,155500,364450,0.631564,-0.371612,0.00107329,0.00104783,13.778499,14.152817,2023-08-01
3297,2023-07-26 14:03:00,19750.0,19793.35,5388150,10296450,85.85,37.85,273950,316100,0.577226,-0.424121,0.0011246,0.00110349,13.652027,13.92243,2023-08-01
665,2023-07-26 14:03:00,19800.0,19793.35,16367300,14436000,57.05,59.3,620250,558150,0.520487,-0.479822,0.00115675,0.00113022,13.509006,13.826559,2023-08-01
5927,2023-07-26 14:03:00,19850.0,19793.35,10525650,3450050,35.45,87.65,385200,139700,0.462548,-0.536396,0.0011579,0.00113059,13.45381,13.782117,2023-08-01
11186,2023-07-26 14:03:00,19900.0,19793.35,14497100,3502250,20.95,123.0,431950,98400,0.40641,-0.591107,0.00112033,0.00109382,13.580401,13.930401,2023-08-01
16442,2023-07-26 14:03:00,19950.0,19793.35,7382000,699000,11.45,163.5,335150,14700,0.352613,-0.642496,0.00106734,0.00103699,13.647759,14.115908,2023-08-01
21696,2023-07-26 14:03:00,20000.0,19793.35,13940900,1630350,5.9,207.9,461050,20150,0.302919,-0.688547,0.00099493,0.00096139,13.766394,14.422089,2023-08-01
26949,2023-07-26 14:03:00,20050.0,19793.35,6168650,67300,3.1,255.6,192800,3850,0.26119,-0.71968,0.00090278,0.00085317,14.125329,15.483685,2023-08-01
24325,2023-07-26 14:04:00,19550.0,19797.1,335150,5441650,255.9,4.5,5850,216600,0.771436,-0.245099,0.0008229,0.00079185,14.419984,15.572222,2023-08-01
19072,2023-07-26 14:04:00,19600.0,19797.1,1717850,8744550,208.4,7.4,24900,171300,0.735958,-0.278056,0.00092676,0.00088528,13.834665,14.861305,2023-08-01
13815,2023-07-26 14:04:00,19650.0,19797.1,1236700,7191950,164.0,12.8,17750,192650,0.687994,-0.31943,0.00100757,0.0009727,13.769845,14.407091,2023-08-01
8558,2023-07-26 14:04:00,19700.0,19797.1,4791500,16631850,123.1,22.1,117400,384400,0.637276,-0.367566,0.00108218,0.00104499,13.59241,14.138754,2023-08-01
3298,2023-07-26 14:04:00,19750.0,19797.1,5388150,10296450,87.9,36.2,206550,349150,0.58188,-0.419638,0.00112849,0.00110618,13.570679,13.855365,2023-08-01
666,2023-07-26 14:04:00,19800.0,19797.1,16367300,14436000,58.45,56.95,521750,515000,0.524969,-0.475447,0.00116538,0.00113853,13.398569,13.715366,2023-08-01
5928,2023-07-26 14:04:00,19850.0,19797.1,10525650,3450050,36.35,85.0,300000,108150,0.466546,-0.532354,0.00116869,0.00113705,13.339693,13.714053,2023-08-01
11187,2023-07-26 14:04:00,19900.0,19797.1,14497100,3502250,21.5,120.15,344200,92750,0.40985,-0.587088,0.00113148,0.00109716,13.472496,13.918453,2023-08-01
16443,2023-07-26 14:04:00,19950.0,19797.1,7382000,699000,11.75,160.8,248450,15600,0.355501,-0.636973,0.00107859,0.00103014,13.542868,14.28317,2023-08-01
21697,2023-07-26 14:04:00,20000.0,19797.1,13940900,1630350,6.05,205.0,344850,21750,0.305281,-0.68191,0.00100568,0.00095343,13.664624,14.672194,2023-08-01
26950,2023-07-26 14:04:00,20050.0,19797.1,6168650,67300,3.1,251.5,144900,700,0.262067,-0.722279,0.00091493,0.00087386,13.959883,15.046759,2023-08-01
24326,2023-07-26 14:05:00,19550.0,19804.8,335150,5441650,267.25,3.9,37850,544300,0.736509,-0.23748,0.00073044,0.00078378,17.528536,15.459728,2023-08-01
19073,2023-07-26 14:05:00,19600.0,19804.8,1717850,8744550,220.05,6.35,211700,814550,0.710167,-0.268838,0.00081827,0.00088121,16.395359,14.678072,2023-08-01
13816,2023-07-26 14:05:00,19650.0,19804.8,1236700,7191950,173.6,10.7,157600,917200,0.681407,-0.307457,0.0009329,0.00098248,15.000115,14.026632,2023-08-01
8559,2023-07-26 14:05:00,19700.0,19804.8,4791500,16631850,132.0,18.85,692300,1908250,0.637131,-0.355479,0.00101311,0.0010657,14.516256,13.7019,2023-08-01
3299,2023-07-26 14:05:00,19750.0,19804.8,5388150,10296450,95.1,31.4,918450,1601950,0.587297,-0.407886,0.00108024,0.00114297,14.130147,13.31719,2023-08-01
667,2023-07-26 14:05:00,19800.0,19804.8,16367300,14436000,63.75,50.45,2345800,2893900,0.533323,-0.465364,0.0011369,0.00119311,13.708621,13.059104,2023-08-01
5929,2023-07-26 14:05:00,19850.0,19804.8,10525650,3450050,40.15,77.0,1148900,772400,0.476041,-0.525463,0.00115184,0.00120794,13.553683,12.921208,2023-08-01
11188,2023-07-26 14:05:00,19900.0,19804.8,14497100,3502250,23.7,110.65,1254600,673400,0.418968,-0.585819,0.00113171,0.00119132,13.533657,12.823297,2023-08-01
16444,2023-07-26 14:05:00,19950.0,19804.8,7382000,699000,12.85,149.65,780950,112800,0.363301,-0.647789,0.00109053,0.00116626,13.491144,12.479183,2023-08-01
21698,2023-07-26 14:05:00,20000.0,19804.8,13940900,1630350,6.55,192.8,684450,200800,0.311499,-0.718658,0.0010231,0.0011442,13.546792,11.560265,2023-08-01
26951,2023-07-26 14:05:00,20050.0,19804.8,6168650,67300,3.3,240.05,373150,10050,0.26657,-0.795611,0.00093398,0.00106232,13.789672,10.466613,2023-08-01
24327,2023-07-26 14:06:00,19550.0,19799.2,337550,5388150,262.7,4.15,4700,391600,0.728443,-0.241164,0.00072697,0.00079335,17.888195,15.407634,2023-08-01
19074,2023-07-26 14:06:00,19600.0,19799.2,1743100,8640050,214.25,6.7,63750,491300,0.710043,-0.272671,0.00083921,0.00089287,15.994994,14.594039,2023-08-01
13817,2023-07-26 14:06:00,19650.0,19799.2,1250400,7162950,168.9,11.4,70300,532900,0.676096,-0.312509,0.00093922,0.00099259,15.007278,13.987549,2023-08-01
8560,2023-07-26 14:06:00,19700.0,19799.2,4790050,16352100,127.55,20.1,341850,834750,0.631897,-0.361411,0.00102216,0.00107264,14.461672,13.6965,2023-08-01
3300,2023-07-26 14:06:00,19750.0,19799.2,5242800,10096950,91.15,33.55,471150,772100,0.581611,-0.414678,0.0010895,0.00114223,14.058418,13.382644,2023-08-01
668,2023-07-26 14:06:00,19800.0,19799.2,16191200,13935650,60.8,53.4,1273250,1302350,0.526951,-0.472166,0.00113871,0.00118872,13.708046,13.129308,2023-08-01
5930,2023-07-26 14:06:00,19850.0,19799.2,10429500,3322000,37.95,80.5,714850,322800,0.469577,-0.532193,0.00115128,0.00120574,13.549832,12.933281,2023-08-01
11189,2023-07-26 14:06:00,19900.0,19799.2,14408000,3421500,22.45,115.05,755150,254250,0.413108,-0.591991,0.00112271,0.00118142,13.603362,12.889033,2023-08-01
16445,2023-07-26 14:06:00,19950.0,19799.2,7307250,697800,12.2,154.9,458450,21450,0.358324,-0.65197,0.00107722,0.00114378,13.597966,12.67368,2023-08-01
21699,2023-07-26 14:06:00,20000.0,19799.2,13973850,1602550,6.25,199.1,531300,30600,0.307562,-0.712001,0.00100794,0.00108449,13.679017,12.337993,2023-08-01
26952,2023-07-26 14:06:00,20050.0,19799.2,6241150,65950,3.25,246.0,219150,3850,0.264691,-0.781881,0.00091645,0.00101611,14.007951,11.371456,2023-08-01
24328,2023-07-26 14:07:00,19550.0,19797.15,337550,5388150,259.3,4.3,7200,360100,0.737334,-0.243154,0.00075372,0.00079562,16.968457,15.434602,2023-08-01
19075,2023-07-26 14:07:00,19600.0,19797.15,1743100,8640050,211.2,6.85,43450,373800,0.715431,-0.274251,0.0008647,0.0008967,15.388728,14.575628,2023-08-01
13818,2023-07-26 14:07:00,19650.0,19797.15,1250400,7162950,166.4,11.7,44650,356150,0.677263,-0.314563,0.0009566,0.0009954,14.714929,13.989522,2023-08-01
8561,2023-07-26 14:07:00,19700.0,19797.15,4790050,16352100,124.95,20.6,270300,522200,0.632376,-0.363687,0.00104415,0.00107442,14.153262,13.705204,2023-08-01
3301,2023-07-26 14:07:00,19750.0,19797.15,5242800,10096950,89.1,34.35,313750,455600,0.580296,-0.417155,0.00110448,0.00114189,13.879514,13.406861,2023-08-01
669,2023-07-26 14:07:00,19800.0,19797.15,16191200,13935650,59.2,54.85,994000,758700,0.524775,-0.47476,0.00114974,0.00117955,13.583573,13.239238,2023-08-01
5931,2023-07-26 14:07:00,19850.0,19797.15,10429500,3322000,36.9,82.3,479300,225900,0.467024,-0.534258,0.00115636,0.00119337,13.485651,13.063792,2023-08-01
11190,2023-07-26 14:07:00,19900.0,19797.15,14408000,3421500,21.65,117.0,493350,139900,0.410267,-0.59348,0.00112739,0.00116935,13.527031,13.012433,2023-08-01
16446,2023-07-26 14:07:00,19950.0,19797.15,7307250,697800,11.8,157.2,415650,16550,0.355847,-0.651621,0.00107672,0.00112412,13.573417,12.902065,2023-08-01
21700,2023-07-26 14:07:00,20000.0,19797.15,13973850,1602550,6.05,200.7,345150,32750,0.305446,-0.717842,0.00100525,0.00109378,13.676061,12.116199,2023-08-01
26953,2023-07-26 14:07:00,20050.0,19797.15,6241150,65950,3.15,249.5,238800,1350,0.262942,-0.747566,0.0009129,0.00093839,14.017177,13.350657,2023-08-01
24329,2023-07-26 14:08:00,19550.0,19798.8,337550,5388150,259.15,4.25,3650,134400,0.753004,-0.242431,0.00078294,0.00079209,15.816993,15.478162,2023-08-01
19076,2023-07-26 14:08:00,19600.0,19798.8,1743100,8640050,210.8,6.8,31950,198350,0.730058,-0.273606,0.00090258,0.00089177,14.366812,14.638839,2023-08-01
13819,2023-07-26 14:08:00,19650.0,19798.8,1250400,7162950,166.0,11.6,34250,238800,0.686756,-0.313671,0.00099162,0.00098966,14.017161,14.053281,2023-08-01
8562,2023-07-26 14:08:00,19700.0,19798.8,4790050,16352100,124.35,20.55,142000,399700,0.639075,-0.362897,0.00108001,0.00106519,13.598615,13.813382,2023-08-01
3302,2023-07-26 14:08:00,19750.0,19798.8,5242800,10096950,88.3,34.75,203050,329100,0.584688,-0.416687,0.0011401,0.00112048,13.414107,13.659171,2023-08-01
670,2023-07-26 14:08:00,19800.0,19798.8,16191200,13935650,59.1,55.3,546500,584400,0.526991,-0.473264,0.00116798,0.00115315,13.366187,13.538686,2023-08-01
5932,2023-07-26 14:08:00,19850.0,19798.8,10429500,3322000,36.85,83.5,346800,149700,0.468471,-0.530696,0.00117061,0.00114538,13.325025,13.620807,2023-08-01
11191,2023-07-26 14:08:00,19900.0,19798.8,14408000,3421500,21.85,118.4,302450,119200,0.41171,-0.586092,0.00113326,0.00110806,13.467811,13.791309,2023-08-01
16447,2023-07-26 14:08:00,19950.0,19798.8,7307250,697800,11.9,158.7,191500,9150,0.357007,-0.637619,0.00108251,0.00104742,13.515896,14.04101,2023-08-01
21701,2023-07-26 14:08:00,20000.0,19798.8,13973850,1602550,6.15,202.15,206850,15100,0.306775,-0.688867,0.00100891,0.00099113,13.652328,13.98318,2023-08-01
26954,2023-07-26 14:08:00,20050.0,19798.8,6241150,65950,3.15,248.55,84300,50,0.263365,-0.736564,0.00091825,0.00091807,13.946675,13.951272,2023-08-01
24330,2023-07-26 14:09:00,19550.0,19801.1,336550,5244300,259.0,4.15,3300,111700,0.785887,-0.241063,0.00083326,0.00078791,13.719766,15.511663,2023-08-01
19077,2023-07-26 14:09:00,19600.0,19801.1,1732500,8631750,211.95,6.7,16700,212050,0.74039,-0.272459,0.00092196,0.00088572,13.787606,14.707227,2023-08-01
13820,2023-07-26 14:09:00,19650.0,19801.1,1237400,7227550,167.1,11.5,31100,200350,0.69338,-0.312601,0.00100784,0.00098101,13.662921,14.155499,2023-08-01
8563,2023-07-26 14:09:00,19700.0,19801.1,4790650,16314900,125.9,20.35,125900,411050,0.642155,-0.361436,0.00108171,0.00105538,13.53624,13.921916,2023-08-01
3303,2023-07-26 14:09:00,19750.0,19801.1,5257200,10065300,89.75,34.2,174200,370250,0.587359,-0.414499,0.00113904,0.00111348,13.405855,13.727867,2023-08-01
671,2023-07-26 14:09:00,19800.0,19801.1,16142700,13980550,60.0,54.45,534800,529400,0.529784,-0.470722,0.0011729,0.00114702,13.302727,13.604092,2023-08-01
5933,2023-07-26 14:09:00,19850.0,19801.1,10424200,3342800,37.5,82.05,361950,92050,0.471025,-0.528074,0.00117551,0.00114611,13.275175,13.617906,2023-08-01
11192,2023-07-26 14:09:00,19900.0,19801.1,14504800,3452100,22.2,116.8,332900,81200,0.413866,-0.583346,0.00114011,0.00110713,13.40248,13.822794,2023-08-01
16448,2023-07-26 14:09:00,19950.0,19801.1,7369250,693100,12.05,156.35,227700,19550,0.35866,-0.636789,0.00109057,0.00106023,13.436877,13.881337,2023-08-01
21702,2023-07-26 14:09:00,20000.0,19801.1,14016400,1606600,6.2,200.6,207500,19650,0.30792,-0.68307,0.001017,0.0009793,13.56521,14.263841,2023-08-01
26955,2023-07-26 14:09:00,20050.0,19801.1,6244000,67150,3.25,247.55,97350,650,0.265292,-0.720778,0.00092237,0.00088464,13.935086,14.903673,2023-08-01
24331,2023-07-26 14:10:00,19550.0,19797.35,336550,5244300,258.75,4.3,150,150100,0.743048,-0.243295,0.00076605,0.00079476,16.509521,15.458766,2023-08-01
19078,2023-07-26 14:10:00,19600.0,19797.35,1732500,8631750,210.0,6.85,29200,198200,0.724655,-0.274368,0.00089259,0.00089554,14.673924,14.599936,2023-08-01
13821,2023-07-26 14:10:00,19650.0,19797.35,1237400,7227550,165.55,11.75,28600,191300,0.681616,-0.314877,0.00097627,0.00099277,14.339382,14.034804,2023-08-01
8564,2023-07-26 14:10:00,19700.0,19797.35,4790650,16314900,124.5,20.75,126600,293300,0.634008,-0.364114,0.00105496,0.00106936,13.989874,13.777787,2023-08-01
3304,2023-07-26 14:10:00,19750.0,19797.35,5257200,10065300,88.65,34.7,212350,271000,0.581207,-0.41758,0.00111458,0.00113232,13.749493,13.525319,2023-08-01
672,2023-07-26 14:10:00,19800.0,19797.35,16142700,13980550,59.0,55.55,490250,486400,0.525075,-0.474806,0.00115466,0.00116222,13.527209,13.438937,2023-08-01
5934,2023-07-26 14:10:00,19850.0,19797.35,10424200,3342800,36.75,83.35,395750,126600,0.467118,-0.533111,0.00116013,0.00116676,13.444264,13.367241,2023-08-01
11193,2023-07-26 14:10:00,19900.0,19797.35,14504800,3452100,21.75,118.4,391100,90100,0.410669,-0.589839,0.00112544,0.00113115,13.555777,13.483418,2023-08-01
16449,2023-07-26 14:10:00,19950.0,19797.35,7369250,693100,11.6,159.15,233550,8450,0.355211,-0.64204,0.00108233,0.00106469,13.496669,13.757515,2023-08-01
21703,2023-07-26 14:10:00,20000.0,19797.35,14016400,1606600,6.05,203.25,220950,19450,0.305658,-0.691806,0.00100545,0.00099527,13.679729,13.870137,2023-08-01
26956,2023-07-26 14:10:00,20050.0,19797.35,6244000,67150,3.15,250.35,71400,300,0.26316,-0.732294,0.0009131,0.00090147,14.02239,14.327184,2023-08-01
24332,2023-07-26 14:11:00,19550.0,19794.95,336550,5244300,256.05,4.35,10300,143200,0.745151,-0.24424,0.00077779,0.00080019,16.193663,15.388755,2023-08-01
19079,2023-07-26 14:11:00,19600.0,19794.95,1732500,8631750,208.25,6.9,47950,276700,0.719532,-0.275268,0.00088681,0.00090297,14.905731,14.50586,2023-08-01
13822,2023-07-26 14:11:00,19650.0,19794.95,1237400,7227550,163.55,11.9,55400,281900,0.679121,-0.316305,0.00097869,0.00100068,14.353249,13.953264,2023-08-01
8565,2023-07-26 14:11:00,19700.0,19794.95,4790650,16314900,122.75,21.15,213650,515900,0.631275,-0.366238,0.00105596,0.00107553,14.013514,13.727892,2023-08-01
3305,2023-07-26 14:11:00,19750.0,19794.95,5257200,10065300,86.95,35.3,289200,503400,0.578716,-0.419974,0.00111914,0.00113908,13.713534,13.464467,2023-08-01
673,2023-07-26 14:11:00,19800.0,19794.95,16142700,13980550,57.65,56.25,918800,792350,0.522331,-0.47747,0.00115762,0.00117249,13.500528,13.328908,2023-08-01
5935,2023-07-26 14:11:00,19850.0,19794.95,10424200,3342800,35.85,84.25,564550,263750,0.464334,-0.536398,0.00115949,0.00117933,13.445977,13.217563,2023-08-01
11194,2023-07-26 14:11:00,19900.0,19794.95,14504800,3452100,21.1,119.5,544800,147150,0.407889,-0.594079,0.00112464,0.00114605,13.545657,13.276694,2023-08-01
16450,2023-07-26 14:11:00,19950.0,19794.95,7369250,693100,11.4,160.6,412350,26700,0.353382,-0.646986,0.00107483,0.00107713,13.568322,13.534283,2023-08-01
21704,2023-07-26 14:11:00,20000.0,19794.95,14016400,1606600,5.95,204.95,351700,38300,0.304198,-0.69799,0.00099831,0.00100686,13.75079,13.590133,2023-08-01
26957,2023-07-26 14:11:00,20050.0,19794.95,6244000,67150,3.15,251.0,227950,2100,0.262692,-0.761765,0.00090505,0.00096069,14.136676,12.645497,2023-08-01
24333,2023-07-26 14:12:00,19550.0,19796.7,330300,5182600,254.15,4.45,4850,152650,0.794124,-0.245092,0.00085844,0.00079313,13.018894,15.554278,2023-08-01
19080,2023-07-26 14:12:00,19600.0,19796.7,1757700,8675900,206.7,7.1,27250,263300,0.748036,-0.276429,0.00096151,0.00089203,13.020877,14.713729,2023-08-01
13823,2023-07-26 14:12:00,19650.0,19796.7,1248100,7191000,162.0,12.3,15950,236400,0.695838,-0.317682,0.00104601,0.0009835,13.122603,14.222748,2023-08-01
8566,2023-07-26 14:12:00,19700.0,19796.7,4797500,16207000,121.45,21.85,247250,469200,0.640356,-0.367359,0.00110964,0.00105043,13.223746,14.069756,2023-08-01
3306,2023-07-26 14:12:00,19750.0,19796.7,5319250,10009600,85.95,36.4,180350,457800,0.583597,-0.420316,0.00116108,0.00110329,13.183911,13.903229,2023-08-01
674,2023-07-26 14:12:00,19800.0,19796.7,16214150,13969400,56.95,57.5,622300,722600,0.524846,-0.476059,0.00118964,0.00112964,13.131894,13.831245,2023-08-01
5936,2023-07-26 14:12:00,19850.0,19796.7,10604550,3350750,35.4,86.0,410200,200750,0.465538,-0.532228,0.00118335,0.00111988,13.177968,13.931328,2023-08-01
11195,2023-07-26 14:12:00,19900.0,19796.7,14627400,3427100,20.95,121.4,366200,127700,0.408648,-0.585581,0.0011393,0.00107493,13.376957,14.225095,2023-08-01
16451,2023-07-26 14:12:00,19950.0,19796.7,7370150,697800,11.35,162.0,274450,8750,0.353945,-0.634148,0.00108514,0.00100865,13.446645,14.63249,2023-08-01
21705,2023-07-26 14:12:00,20000.0,19796.7,14038750,1599900,5.95,206.4,242600,45000,0.304775,-0.676023,0.00100542,0.00092657,13.664727,15.220642,2023-08-01
26958,2023-07-26 14:12:00,20050.0,19796.7,6236450,67750,3.15,252.8,92250,1100,0.263133,-0.713738,0.00091063,0.0008484,14.061646,15.733526,2023-08-01
24334,2023-07-26 14:13:00,19550.0,19796.55,330300,5182600,253.5,4.4,1950,51200,0.806702,-0.244647,0.00087321,0.0007945,12.323017,15.513462,2023-08-01
19081,2023-07-26 14:13:00,19600.0,19796.55,1757700,8675900,205.95,7.15,22100,172600,0.755011,-0.276869,0.00097994,0.00089132,12.587197,14.737922,2023-08-01
13824,2023-07-26 14:13:00,19650.0,19796.55,1248100,7191000,161.15,12.45,24700,235950,0.699857,-0.318441,0.00106494,0.00098081,12.813506,14.277038,2023-08-01
8567,2023-07-26 14:13:00,19700.0,19796.55,4797500,16207000,120.05,22.05,250350,407600,0.644116,-0.367966,0.00113959,0.00104712,12.829851,14.122827,2023-08-01
3307,2023-07-26 14:13:00,19750.0,19796.55,5319250,10009600,85.5,36.35,206350,340600,0.583911,-0.420368,0.00116844,0.00110513,13.099527,13.881329,2023-08-01
675,2023-07-26 14:13:00,19800.0,19796.55,16214150,13969400,56.7,57.7,497250,574250,0.524715,-0.476271,0.00119303,0.00112699,13.095703,13.865107,2023-08-01
5937,2023-07-26 14:13:00,19850.0,19796.55,10604550,3350750,35.2,86.2,307050,145900,0.465256,-0.532315,0.00118618,0.0011175,13.146553,13.961687,2023-08-01
11196,2023-07-26 14:13:00,19900.0,19796.55,14627400,3427100,20.8,121.65,248800,93950,0.40826,-0.585467,0.00114157,0.00107175,13.348094,14.269211,2023-08-01
16452,2023-07-26 14:13:00,19950.0,19796.55,7370150,697800,11.3,163.0,173550,14400,0.353705,-0.63137,0.00108544,0.00098946,13.44051,14.954673,2023-08-01
21706,2023-07-26 14:13:00,20000.0,19796.55,14038750,1599900,5.9,207.5,199950,21050,0.304383,-0.671051,0.00100614,0.00090462,13.647901,15.68803,2023-08-01
26959,2023-07-26 14:13:00,20050.0,19796.55,6236450,67750,3.1,254.4,208600,300,0.262469,-0.70242,0.00091171,0.00081468,14.027835,16.684445,2023-08-01
24335,2023-07-26 14:14:00,19550.0,19792.7,330300,5182600,251.35,4.45,2050,91000,0.771871,-0.2458,0.00083773,0.00080398,14.160785,15.373129,2023-08-01
19082,2023-07-26 14:14:00,19600.0,19792.7,1757700,8675900,204.5,7.25,35150,187900,0.729989,-0.27841,0.00092873,0.0009029,13.9732,14.592049,2023-08-01
13825,2023-07-26 14:14:00,19650.0,19792.7,1248100,7191000,160.0,12.6,50550,180800,0.684174,-0.320261,0.0010171,0.00099554,13.723046,14.103049,2023-08-01
8568,2023-07-26 14:14:00,19700.0,19792.7,4797500,16207000,120.0,22.25,173500,322200,0.631462,-0.370152,0.00107905,0.00106605,13.715343,13.902376,2023-08-01
3308,2023-07-26 14:14:00,19750.0,19792.7,5319250,10009600,84.75,37.1,256450,372950,0.577097,-0.423843,0.00113507,0.00112018,13.535967,13.722159,2023-08-01
676,2023-07-26 14:14:00,19800.0,19792.7,16214150,13969400,56.25,58.5,729850,517750,0.519768,-0.480379,0.00116266,0.00114938,13.450446,13.606117,2023-08-01
5938,2023-07-26 14:14:00,19850.0,19792.7,10604550,3350750,35.0,87.2,411100,167900,0.461731,-0.537749,0.00115856,0.00114536,13.45236,13.609187,2023-08-01
11197,2023-07-26 14:14:00,19900.0,19792.7,14627400,3427100,20.6,123.05,405550,115700,0.405551,-0.592534,0.00112092,0.00110065,13.575087,13.841343,2023-08-01
16453,2023-07-26 14:14:00,19950.0,19792.7,7370150,697800,11.2,163.8,291050,14400,0.351698,-0.643887,0.00106776,0.00104058,13.638576,14.057312,2023-08-01
21707,2023-07-26 14:14:00,20000.0,19792.7,14038750,1599900,5.85,208.35,192050,23100,0.302885,-0.689866,0.00099151,0.0009632,13.822303,14.378015,2023-08-01
26960,2023-07-26 14:14:00,20050.0,19792.7,6236450,67750,3.05,254.8,130300,2500,0.260994,-0.735845,0.00090071,0.00089294,14.161652,14.373235,2023-08-01
24336,2023-07-26 14:15:00,19550.0,19796.0,331450,5154150,254.15,4.45,2800,85400,0.780049,-0.245366,0.00084068,0.00079472,13.819977,15.535721,2023-08-01
19083,2023-07-26 14:15:00,19600.0,19796.0,1759400,8677000,207.0,7.1,28850,127350,0.737505,-0.276724,0.00093605,0.00089409,13.665714,14.690532,2023-08-01
13826,2023-07-26 14:15:00,19650.0,19796.0,1256850,7161750,162.65,12.3,33150,195950,0.68823,-0.318014,0.00101562,0.00098618,13.665634,14.193257,2023-08-01
8569,2023-07-26 14:15:00,19700.0,19796.0,4853600,16197300,121.6,21.65,148150,291650,0.63745,-0.367238,0.00109422,0.0010579,13.449885,13.971663,2023-08-01
3309,2023-07-26 14:15:00,19750.0,19796.0,5340650,9979000,86.4,36.2,230700,279200,0.581434,-0.420566,0.00114165,0.00111173,13.426636,13.80226,2023-08-01
677,2023-07-26 14:15:00,19800.0,19796.0,16493800,13950350,57.25,57.35,516300,473850,0.523789,-0.476733,0.00117497,0.00113858,13.300759,13.726841,2023-08-01
5939,2023-07-26 14:15:00,19850.0,19796.0,10719500,3275350,35.7,85.95,319700,177300,0.465176,-0.533343,0.00116989,0.0011287,13.331261,13.822173,2023-08-01
11198,2023-07-26 14:15:00,19900.0,19796.0,14687150,3425750,21.15,121.35,346100,87950,0.408727,-0.587361,0.00112903,0.0010858,13.502106,14.071609,2023-08-01
16454,2023-07-26 14:15:00,19950.0,19796.0,7410150,695550,11.6,162.0,301800,15400,0.354834,-0.636814,0.00107387,0.0010206,13.602641,14.428647,2023-08-01
21708,2023-07-26 14:15:00,20000.0,19796.0,14077250,1602650,5.9,206.35,196600,18050,0.304319,-0.68046,0.0010034,0.00094166,13.685828,14.894243,2023-08-01
26961,2023-07-26 14:15:00,20050.0,19796.0,6246300,66450,3.0,254.6,49950,500,0.261059,-0.705017,0.00091308,0.00082053,13.970171,16.501518,2023-08-01
24337,2023-07-26 14:16:00,19550.0,19801.2,331450,5154150,257.55,4.2,1700,94900,0.828645,-0.241999,0.00087351,0.00078585,11.424206,15.591162,2023-08-01
19084,2023-07-26 14:16:00,19600.0,19801.2,1759400,8677000,210.1,6.75,34950,318450,0.762146,-0.273183,0.00097587,0.00088326,12.437531,14.773584,2023-08-01
13827,2023-07-26 14:16:00,19650.0,19801.2,1256850,7161750,165.0,11.65,25500,196600,0.705949,-0.313602,0.00106159,0.00097598,12.733121,14.253731,2023-08-01
8570,2023-07-26 14:16:00,19700.0,19801.2,4853600,16197300,123.75,20.6,201300,408900,0.649,-0.362324,0.00113044,0.00104809,12.869119,14.035985,2023-08-01
3310,2023-07-26 14:16:00,19750.0,19801.2,5340650,9979000,88.15,34.6,243500,442250,0.589875,-0.415157,0.00117209,0.00110307,13.014094,13.867936,2023-08-01
678,2023-07-26 14:16:00,19800.0,19801.2,16493800,13950350,58.75,55.15,693950,675100,0.530375,-0.470949,0.00119787,0.00113049,13.029126,13.809149,2023-08-01
5940,2023-07-26 14:16:00,19850.0,19801.2,10719500,3275350,36.5,83.1,374850,196250,0.470499,-0.527236,0.00119598,0.00112194,13.051873,13.918771,2023-08-01
11199,2023-07-26 14:16:00,19900.0,19801.2,14687150,3425750,21.6,117.75,317600,129600,0.412892,-0.58128,0.0011528,0.00108378,13.252917,14.14176,2023-08-01
16455,2023-07-26 14:16:00,19950.0,19801.2,7410150,695550,11.9,157.9,208350,18700,0.35836,-0.630805,0.00109325,0.00102061,13.40531,14.504609,2023-08-01
21709,2023-07-26 14:16:00,20000.0,19801.2,14077250,1602650,6.1,202.4,222350,29000,0.307532,-0.671852,0.00101906,0.00093121,13.535619,15.224123,2023-08-01
26962,2023-07-26 14:16:00,20050.0,19801.2,6246300,66450,3.15,249.0,90000,600,0.264368,-0.706839,0.00092509,0.00084433,13.874953,15.987084,2023-08-01
24338,2023-07-26 14:17:00,19550.0,19802.15,331450,5154150,258.9,4.35,2900,236100,0.812779,-0.243533,0.00086052,0.00078008,12.261108,15.760407,2023-08-01
19085,2023-07-26 14:17:00,19600.0,19802.15,1759400,8677000,210.35,6.95,28600,240200,0.773136,-0.274531,0.00099525,0.00087546,11.878623,14.941589,2023-08-01
13828,2023-07-26 14:17:00,19650.0,19802.15,1256850,7161750,165.0,11.8,37650,209150,0.712766,-0.314091,0.00108369,0.0009683,12.337507,14.37649,2023-08-01
8571,2023-07-26 14:17:00,19700.0,19802.15,4853600,16197300,123.95,20.85,130550,388500,0.65193,-0.362653,0.00114227,0.00103739,12.69698,14.185293,2023-08-01
3311,2023-07-26 14:17:00,19750.0,19802.15,5340650,9979000,88.35,34.9,177350,351700,0.59167,-0.415019,0.00118046,0.00109004,12.908245,14.032752,2023-08-01
679,2023-07-26 14:17:00,19800.0,19802.15,16493800,13950350,58.95,55.55,687800,502050,0.531636,-0.470214,0.00120362,0.00111372,12.963812,14.015226,2023-08-01
5941,2023-07-26 14:17:00,19850.0,19802.15,10719500,3275350,36.65,83.55,309200,182450,0.471502,-0.525571,0.00120059,0.00110193,13.004267,14.175697,2023-08-01
11200,2023-07-26 14:17:00,19900.0,19802.15,14687150,3425750,21.8,118.4,319300,84700,0.413923,-0.577978,0.0011542,0.001057,13.24469,14.524883,2023-08-01
16456,2023-07-26 14:17:00,19950.0,19802.15,7410150,695550,11.9,158.8,231650,11450,0.358817,-0.62461,0.00109818,0.00098558,13.351212,15.100504,2023-08-01
21710,2023-07-26 14:17:00,20000.0,19802.15,14077250,1602650,6.15,202.8,185750,25000,0.308264,-0.664891,0.00102138,0.00090499,13.519024,15.796796,2023-08-01
26963,2023-07-26 14:17:00,20050.0,19802.15,6246300,66450,3.2,249.3,61400,1450,0.265321,-0.697611,0.00092641,0.00081934,13.880724,16.709594,2023-08-01
24339,2023-07-26 14:18:00,19550.0,19801.05,330600,5154750,257.5,4.25,1600,128550,0.823673,-0.242679,0.0008716,0.00078498,11.660894,15.634007,2023-08-01
19086,2023-07-26 14:18:00,19600.0,19801.05,1753250,8651450,210.2,6.85,15350,341300,0.758475,-0.274062,0.00096807,0.00088129,12.644579,14.8319,2023-08-01
13829,2023-07-26 14:18:00,19650.0,19801.05,1248050,7138750,165.35,11.75,20500,127900,0.702546,-0.314204,0.00104815,0.00097413,12.966334,14.294248,2023-08-01
8572,2023-07-26 14:18:00,19700.0,19801.05,4849100,16102100,124.35,20.7,126100,249000,0.646359,-0.362726,0.00111289,0.00104649,13.10891,14.064522,2023-08-01
3312,2023-07-26 14:18:00,19750.0,19801.05,5288050,9929300,88.3,34.8,113250,236350,0.589241,-0.415573,0.00116604,0.0010998,13.088012,13.914041,2023-08-01
680,2023-07-26 14:18:00,19800.0,19801.05,16533650,13871600,59.0,55.35,441100,336150,0.530037,-0.471182,0.00119014,0.00112753,13.116221,13.847669,2023-08-01
5942,2023-07-26 14:18:00,19850.0,19801.05,10711750,3272200,36.8,83.2,223550,80950,0.47058,-0.527389,0.00118726,0.00112124,13.149501,13.928802,2023-08-01
11201,2023-07-26 14:18:00,19900.0,19801.05,14696550,3450750,21.8,118.2,269500,69350,0.413252,-0.580815,0.00114634,0.00107621,13.331966,14.246481,2023-08-01
16457,2023-07-26 14:18:00,19950.0,19801.05,7411250,696550,11.95,158.7,163050,9400,0.358576,-0.628718,0.00109052,0.00100528,13.443302,14.754555,2023-08-01
21711,2023-07-26 14:18:00,20000.0,19801.05,14088500,1600350,6.15,202.85,163050,11350,0.307971,-0.670298,0.00101638,0.00092357,13.581426,15.381195,2023-08-01
26964,2023-07-26 14:18:00,20050.0,19801.05,6228550,66200,3.2,251.0,57500,1800,0.26513,-0.694013,0.0009225,0.00080415,13.936042,17.117111,2023-08-01
24340,2023-07-26 14:19:00,19550.0,19801.9,330600,5154750,258.0,4.35,1400,93050,0.841832,-0.243683,0.0008743,0.00078053,10.838356,15.75861,2023-08-01
19087,2023-07-26 14:19:00,19600.0,19801.9,1753250,8651450,210.45,6.95,27300,228300,0.767108,-0.274684,0.00098378,0.00087603,12.196462,14.937897,2023-08-01
13830,2023-07-26 14:19:00,19650.0,19801.9,1248050,7138750,165.2,11.85,24350,179350,0.709308,-0.314482,0.0010712,0.00096798,12.553463,14.3907,2023-08-01
8573,2023-07-26 14:19:00,19700.0,19801.9,4849100,16102100,124.5,20.85,130250,271800,0.648961,-0.362822,0.00112363,0.00103836,12.949377,14.176108,2023-08-01
3313,2023-07-26 14:19:00,19750.0,19801.9,5288050,9929300,88.5,34.85,156150,224600,0.590792,-0.415145,0.00117292,0.0010923,12.999675,14.006466,2023-08-01
681,2023-07-26 14:19:00,19800.0,19801.9,16533650,13871600,59.2,55.45,435800,466600,0.531145,-0.470426,0.00119471,0.00111738,13.063405,13.971752,2023-08-01
5943,2023-07-26 14:19:00,19850.0,19801.9,10711750,3272200,36.85,83.4,309300,102300,0.471415,-0.52601,0.00119317,0.00110714,13.086556,14.109774,2023-08-01
11202,2023-07-26 14:19:00,19900.0,19801.9,14696550,3450750,21.8,118.0,281950,46600,0.413813,-0.579173,0.00115183,0.00106795,13.272815,14.369089,2023-08-01
16458,2023-07-26 14:19:00,19950.0,19801.9,7411250,696550,11.9,159.5,150450,4800,0.358783,-0.623365,0.00109625,0.0009751,13.375989,15.280592,2023-08-01
21712,2023-07-26 14:19:00,20000.0,19801.9,14088500,1600350,6.15,202.6,126150,10400,0.308286,-0.667038,0.00101985,0.00091335,13.541493,15.614509,2023-08-01
26965,2023-07-26 14:19:00,20050.0,19801.9,6228550,66200,3.15,250.0,73800,1100,0.2647,-0.694719,0.000927,0.00080931,13.857127,16.990646,2023-08-01
24341,2023-07-26 14:20:00,19550.0,19808.45,330600,5154750,264.1,4.2,8750,116900,0.907622,-0.241205,0.00077693,0.00076655,8.359733,15.952977,2023-08-01
19088,2023-07-26 14:20:00,19600.0,19808.45,1753250,8651450,216.85,6.6,59650,305050,0.77037,-0.270886,0.00096199,0.0008613,12.371544,15.084597,2023-08-01
13831,2023-07-26 14:20:00,19650.0,19808.45,1248050,7138750,171.0,11.1,67900,371150,0.716316,-0.309189,0.00105874,0.00095483,12.551834,14.478153,2023-08-01
8574,2023-07-26 14:20:00,19700.0,19808.45,4849100,16102100,129.8,19.45,302750,695950,0.655817,-0.35637,0.00111142,0.00102904,12.993303,14.212137,2023-08-01
3314,2023-07-26 14:20:00,19750.0,19808.45,5288050,9929300,93.05,32.5,474150,578350,0.598152,-0.407835,0.00116332,0.00108962,13.044054,13.978208,2023-08-01
682,2023-07-26 14:20:00,19800.0,19808.45,16533650,13871600,62.5,52.2,1400050,988300,0.53906,-0.463035,0.00119595,0.00111834,13.023428,13.934206,2023-08-01
5944,2023-07-26 14:20:00,19850.0,19808.45,10711750,3272200,39.45,79.3,812950,368450,0.479261,-0.518824,0.00119295,0.0011107,13.101351,14.074895,2023-08-01
11203,2023-07-26 14:20:00,19900.0,19808.45,14696550,3450750,23.45,113.0,716650,198400,0.421236,-0.572597,0.00115784,0.00107685,13.252686,14.292229,2023-08-01
16459,2023-07-26 14:20:00,19950.0,19808.45,7411250,696550,12.85,152.75,379150,31450,0.365519,-0.621055,0.00110664,0.00100971,13.330949,14.780746,2023-08-01
21713,2023-07-26 14:20:00,20000.0,19808.45,14088500,1600350,6.6,196.05,355000,41700,0.313774,-0.664926,0.00103442,0.00093773,13.449694,15.242421,2023-08-01
26966,2023-07-26 14:20:00,20050.0,19808.45,6228550,66200,3.3,244.1,163100,1950,0.268283,-0.689197,0.00094436,0.00081453,13.691559,17.010646,2023-08-01
24342,2023-07-26 14:21:00,19550.0,19813.45,328400,5109950,268.25,4.05,7600,157600,,-0.238923,,0.00075696,0.0,16.068462,2023-08-01
19089,2023-07-26 14:21:00,19600.0,19813.45,1744650,8692800,220.65,6.25,91950,407350,0.795127,-0.267304,0.00098359,0.00085232,11.325835,15.139218,2023-08-01
13832,2023-07-26 14:21:00,19650.0,19813.45,1237250,7202350,175.5,10.45,119800,548900,0.721336,-0.304671,0.00104804,0.00094712,12.568727,14.498879,2023-08-01
8575,2023-07-26 14:21:00,19700.0,19813.45,4838900,16036950,133.0,18.55,483000,865900,0.664542,-0.351858,0.0011243,0.00101944,12.716173,14.278154,2023-08-01
3315,2023-07-26 14:21:00,19750.0,19813.45,5194200,9861750,95.85,31.2,645200,940900,0.605174,-0.402963,0.00117243,0.00107917,12.879608,14.068369,2023-08-01
683,2023-07-26 14:21:00,19800.0,19813.45,16529650,13890300,65.0,49.95,2343100,1671400,0.545193,-0.457471,0.00119873,0.00111587,12.969471,13.942872,2023-08-01
5945,2023-07-26 14:21:00,19850.0,19813.45,10744000,3341750,41.25,76.65,1320000,439400,0.485137,-0.513168,0.00119824,0.00110542,13.049577,14.147389,2023-08-01
11204,2023-07-26 14:21:00,19900.0,19813.45,14626100,3459350,24.7,109.85,1329750,289700,0.426817,-0.566659,0.00116384,0.00107139,13.217804,14.400362,2023-08-01
16460,2023-07-26 14:21:00,19950.0,19813.45,7392700,700550,13.7,148.85,575050,70800,0.371015,-0.615702,0.00111221,0.00101122,13.326823,14.818294,2023-08-01
21714,2023-07-26 14:21:00,20000.0,19813.45,14082850,1591000,7.15,192.35,640250,81850,0.319302,-0.657346,0.00103982,0.00092844,13.476826,15.524952,2023-08-01
26967,2023-07-26 14:21:00,20050.0,19813.45,6224000,65550,3.6,239.1,222900,2550,0.273343,-0.687936,0.00095149,0.00082864,13.713586,16.747052,2023-08-01
24343,2023-07-26 14:22:00,19550.0,19816.55,328400,5109950,270.8,4.05,11150,321900,,-0.238561,,0.00074928,0.0,16.218258,2023-08-01
19090,2023-07-26 14:22:00,19600.0,19816.55,1744650,8692800,223.0,6.15,91200,604850,0.820107,-0.266004,0.00099749,0.00084441,10.312892,15.241832,2023-08-01
13833,2023-07-26 14:22:00,19650.0,19816.55,1237250,7202350,176.9,10.2,66300,504950,0.73768,-0.302636,0.00108624,0.00093932,11.764709,14.574164,2023-08-01
8576,2023-07-26 14:22:00,19700.0,19816.55,4838900,16036950,134.85,17.9,439700,1177050,0.670937,-0.348755,0.00113706,0.00101563,12.476572,14.284212,2023-08-01
3316,2023-07-26 14:22:00,19750.0,19816.55,5194200,9861750,97.15,30.25,548450,806750,0.61063,-0.3997,0.00118913,0.00107583,12.64819,14.080938,2023-08-01
684,2023-07-26 14:22:00,19800.0,19816.55,16529650,13890300,65.85,48.85,1692750,1230450,0.549593,-0.454206,0.00121655,0.00110921,12.761319,14.012355,2023-08-01
5946,2023-07-26 14:22:00,19850.0,19816.55,10744000,3341750,41.85,75.05,1091300,378700,0.488624,-0.509687,0.00121359,0.00110181,12.886957,14.195953,2023-08-01
11205,2023-07-26 14:22:00,19900.0,19816.55,14626100,3459350,25.05,108.35,1139250,235750,0.429587,-0.562475,0.00117807,0.00105987,13.073484,14.580663,2023-08-01
16461,2023-07-26 14:22:00,19950.0,19816.55,7392700,700550,13.85,146.85,597900,43400,0.373079,-0.611381,0.00112611,0.00100408,13.184479,14.970878,2023-08-01
21715,2023-07-26 14:22:00,20000.0,19816.55,14082850,1591000,7.2,190.45,579300,80950,0.320742,-0.651361,0.00105249,0.00091548,13.33837,15.844903,2023-08-01
26968,2023-07-26 14:22:00,20050.0,19816.55,6224000,65550,3.55,237.35,194550,500,0.273543,-0.679775,0.00096454,0.00081162,13.531654,17.285289,2023-08-01
24344,2023-07-26 14:23:00,19550.0,19813.25,328400,5109950,266.35,4.1,3750,223750,,-0.239621,,0.00075625,0.0,16.111243,2023-08-01
19091,2023-07-26 14:23:00,19600.0,19813.25,1744650,8692800,218.8,6.2,104750,387250,,-0.267049,,0.00085377,0.0,15.10815,2023-08-01
13834,2023-07-26 14:23:00,19650.0,19813.25,1237250,7202350,173.05,10.45,45800,337850,0.743091,-0.304815,0.00112357,0.0009476,11.254572,14.496356,2023-08-01
8577,2023-07-26 14:23:00,19700.0,19813.25,4838900,16036950,130.8,18.4,304400,603300,0.673215,-0.351547,0.00117951,0.00102307,11.99648,14.224727,2023-08-01
3317,2023-07-26 14:23:00,19750.0,19813.25,5194200,9861750,93.8,31.3,400350,498650,0.608879,-0.403287,0.00121739,0.00107814,12.373032,14.086523,2023-08-01
685,2023-07-26 14:23:00,19800.0,19813.25,16529650,13890300,63.2,50.65,1460600,933600,0.546148,-0.458077,0.00123605,0.001104,12.57597,14.096805,2023-08-01
5947,2023-07-26 14:23:00,19850.0,19813.25,10744000,3341750,39.75,77.4,899250,288400,0.484319,-0.513164,0.00122977,0.00109311,12.715624,14.30858,2023-08-01
11206,2023-07-26 14:23:00,19900.0,19813.25,14626100,3459350,23.7,111.15,946700,204200,0.425017,-0.565277,0.00118578,0.00104872,12.963679,14.72214,2023-08-01
16462,2023-07-26 14:23:00,19950.0,19813.25,7392700,700550,13.0,150.35,539850,49150,0.368453,-0.612389,0.00112951,0.00098407,13.094779,15.267416,2023-08-01
21716,2023-07-26 14:23:00,20000.0,19813.25,14082850,1591000,6.75,194.0,419000,29850,0.316583,-0.651474,0.00105102,0.00089828,13.286779,16.150012,2023-08-01
26969,2023-07-26 14:23:00,20050.0,19813.25,6224000,65550,3.4,240.75,222800,3000,0.270901,-0.680071,0.00095759,0.00080055,13.567231,17.521288,2023-08-01
24345,2023-07-26 14:24:00,19550.0,19814.15,324900,5078700,267.0,4.05,4700,194250,,-0.239002,,0.00075494,0.0,16.116635,2023-08-01
19092,2023-07-26 14:24:00,19600.0,19814.15,1720750,8615200,219.3,6.15,32500,348550,,-0.26654,,0.0008518,0.0,15.128585,2023-08-01
13835,2023-07-26 14:24:00,19650.0,19814.15,1223150,7164750,173.45,10.35,29150,360750,0.749447,-0.304116,0.00113773,0.00094576,10.96944,14.509819,2023-08-01
8578,2023-07-26 14:24:00,19700.0,19814.15,4817600,15951200,131.3,18.25,236500,477150,0.675412,-0.350792,0.00118475,0.001021,11.910765,14.242674,2023-08-01
3318,2023-07-26 14:24:00,19750.0,19814.15,5084900,9763800,94.4,31.05,231150,402750,0.61001,-0.402405,0.00121681,0.00107645,12.368972,14.100832,2023-08-01
686,2023-07-26 14:24:00,19800.0,19814.15,16135800,13944400,63.7,50.5,737250,683250,0.547247,-0.457246,0.00123528,0.00109874,12.579886,14.161251,2023-08-01
5948,2023-07-26 14:24:00,19850.0,19814.15,10722900,3519150,40.2,77.2,499700,228100,0.485461,-0.512074,0.00122761,0.00108703,12.739473,14.389991,2023-08-01
11207,2023-07-26 14:24:00,19900.0,19814.15,14532400,3503600,24.05,110.8,536550,115350,0.426273,-0.563963,0.0011836,0.00104375,12.995512,14.800432,2023-08-01
16463,2023-07-26 14:24:00,19950.0,19814.15,7402300,736900,13.2,150.0,303500,22450,0.36966,-0.610603,0.00112901,0.00097767,13.114732,15.387824,2023-08-01
21717,2023-07-26 14:24:00,20000.0,19814.15,14046900,1589400,6.85,193.85,354100,25500,0.317636,-0.648345,0.0010518,0.00088733,13.295835,16.40287,2023-08-01
26970,2023-07-26 14:24:00,20050.0,19814.15,6242300,66150,3.4,242.0,194200,1750,0.271176,-0.669933,0.00096074,0.00076745,13.529832,18.512496,2023-08-01
24346,2023-07-26 14:25:00,19550.0,19818.3,324900,5078700,275.15,3.95,15500,258050,0.809811,-0.237378,0.00080935,0.00074675,13.15851,16.230144,2023-08-01
19093,2023-07-26 14:25:00,19600.0,19818.3,1720750,8615200,227.0,5.9,129100,908400,0.766662,-0.263815,0.00091442,0.00084383,13.129157,15.189672,2023-08-01
13836,2023-07-26 14:25:00,19650.0,19818.3,1223150,7164750,180.15,9.5,138500,773050,0.723732,-0.298531,0.0010292,0.00094665,12.744676,14.373601,2023-08-01
8579,2023-07-26 14:25:00,19700.0,19818.3,4817600,15951200,137.85,16.7,524650,956400,0.666017,-0.344331,0.00109325,0.00103015,13.054621,14.017588,2023-08-01
3319,2023-07-26 14:25:00,19750.0,19818.3,5084900,9763800,99.65,28.7,769900,791250,0.609848,-0.396083,0.0011569,0.00109327,13.00909,13.823962,2023-08-01
687,2023-07-26 14:25:00,19800.0,19818.3,16135800,13944400,67.8,46.8,2011050,1451650,0.55088,-0.451396,0.00119339,0.00113224,13.004724,13.71699,2023-08-01
5949,2023-07-26 14:25:00,19850.0,19818.3,10722900,3519150,43.1,72.35,1337400,476950,0.490902,-0.508198,0.00120116,0.00113362,13.023315,13.79987,2023-08-01
11208,2023-07-26 14:25:00,19900.0,19818.3,14532400,3503600,25.85,104.95,1181150,338950,0.432155,-0.563402,0.00117115,0.00110302,13.166794,14.006224,2023-08-01
16464,2023-07-26 14:25:00,19950.0,19818.3,7402300,736900,14.25,143.35,632700,74500,0.375418,-0.61509,0.00112492,0.00104922,13.225771,14.288197,2023-08-01
21718,2023-07-26 14:25:00,20000.0,19818.3,14046900,1589400,7.35,186.5,691700,63450,0.322479,-0.66007,0.00105537,0.00096948,13.332954,14.822444,2023-08-01
26971,2023-07-26 14:25:00,20050.0,19818.3,6242300,66150,3.55,232.85,257200,4200,0.274148,-0.695477,0.00097059,0.00087334,13.463135,15.720015,2023-08-01
24347,2023-07-26 14:26:00,19550.0,19819.0,324900,5078700,273.3,3.95,4050,213850,,-0.237343,,0.00074498,0.0,16.267884,2023-08-01
19094,2023-07-26 14:26:00,19600.0,19819.0,1720750,8615200,225.1,6.1,98650,827700,0.837987,-0.265385,0.00099529,0.00083725,9.667062,15.355628,2023-08-01
13837,2023-07-26 14:26:00,19650.0,19819.0,1223150,7164750,178.85,9.85,48250,440300,0.74336,-0.300349,0.00108992,0.00093599,11.594328,14.577645,2023-08-01
8580,2023-07-26 14:26:00,19700.0,19819.0,4817600,15951200,136.35,17.3,366400,706000,0.675954,-0.346114,0.00114608,0.00101388,12.302561,14.270391,2023-08-01
3320,2023-07-26 14:26:00,19750.0,19819.0,5084900,9763800,98.9,29.35,385450,524050,0.613362,-0.39692,0.00118468,0.0010755,12.671319,14.06063,2023-08-01
688,2023-07-26 14:26:00,19800.0,19819.0,16135800,13944400,67.0,47.7,1511350,991200,0.552715,-0.451483,0.0012193,0.00110864,12.720982,14.009686,2023-08-01
5950,2023-07-26 14:26:00,19850.0,19819.0,10722900,3519150,42.7,73.6,1003750,341650,0.49155,-0.506998,0.00121649,0.00110185,12.859941,14.198963,2023-08-01
11209,2023-07-26 14:26:00,19900.0,19819.0,14532400,3503600,25.6,106.4,888250,224850,0.432295,-0.56015,0.00118204,0.00106488,13.046674,14.52687,2023-08-01
16465,2023-07-26 14:26:00,19950.0,19819.0,7402300,736900,14.15,144.8,479100,48150,0.375463,-0.609142,0.00113152,0.00100749,13.149343,14.946289,2023-08-01
21719,2023-07-26 14:26:00,20000.0,19819.0,14046900,1589400,7.3,187.85,452850,50650,0.322444,-0.651005,0.00106005,0.00092725,13.273766,15.651416,2023-08-01
26972,2023-07-26 14:26:00,20050.0,19819.0,6242300,66150,3.55,235.25,295500,2200,0.27438,-0.677279,0.00097307,0.00081174,13.434741,17.34047,2023-08-01
24348,2023-07-26 14:27:00,19550.0,19811.45,320050,5019100,267.2,4.1,7350,240550,0.873304,-0.2401,0.00082961,0.00076032,9.82865,16.047551,2023-08-01
19095,2023-07-26 14:27:00,19600.0,19811.45,1706300,8785350,219.6,6.3,57950,337100,0.774131,-0.268385,0.00095684,0.00085691,12.326138,15.095406,2023-08-01
13838,2023-07-26 14:27:00,19650.0,19811.45,1237950,7391800,173.35,10.3,40450,385450,0.721614,-0.304676,0.00106084,0.00095779,12.416542,14.343819,2023-08-01
8581,2023-07-26 14:27:00,19700.0,19811.45,4789500,15808200,131.45,18.25,309150,693650,0.661675,-0.351901,0.00112354,0.00103509,12.772604,14.069244,2023-08-01
3321,2023-07-26 14:27:00,19750.0,19811.45,4974350,9715050,94.35,31.0,478800,492850,0.602849,-0.403893,0.00117491,0.00109554,12.878588,13.872493,2023-08-01
689,2023-07-26 14:27:00,19800.0,19811.45,15922650,14105800,63.4,50.2,1190000,926300,0.543037,-0.459398,0.00120825,0.0011274,12.880815,13.813438,2023-08-01
5951,2023-07-26 14:27:00,19850.0,19811.45,10792350,3575550,40.0,77.0,983750,342750,0.482575,-0.515682,0.00120549,0.0011193,12.973498,13.975,2023-08-01
11210,2023-07-26 14:27:00,19900.0,19811.45,14477250,3572900,23.75,110.55,828300,221000,0.423946,-0.569735,0.0011699,0.00108311,13.137054,14.23184,2023-08-01
16466,2023-07-26 14:27:00,19950.0,19811.45,7369650,741950,13.1,150.0,498600,33600,0.368112,-0.618825,0.00111503,0.00101789,13.265027,14.691862,2023-08-01
21720,2023-07-26 14:27:00,20000.0,19811.45,14102650,1589750,6.75,193.75,389550,37600,0.316174,-0.660495,0.00104173,0.00093279,13.402299,15.405165,2023-08-01
26973,2023-07-26 14:27:00,20050.0,19811.45,6269200,66800,3.35,240.5,191750,2250,0.270052,-0.691892,0.00095215,0.0008345,13.627804,16.544705,2023-08-01
24349,2023-07-26 14:28:00,19550.0,19815.9,320050,5019100,272.35,4.0,1200,146000,0.822832,-0.238439,0.00082544,0.00075127,12.347987,16.176808,2023-08-01
19096,2023-07-26 14:28:00,19600.0,19815.9,1706300,8785350,223.5,6.1,48750,316000,0.78509,-0.266041,0.00095799,0.00084673,11.963334,15.20686,2023-08-01
13839,2023-07-26 14:28:00,19650.0,19815.9,1237950,7391800,177.05,10.0,26350,243150,0.729073,-0.302015,0.00106134,0.00094523,12.243495,14.475121,2023-08-01
8582,2023-07-26 14:28:00,19700.0,19815.9,4789500,15808200,134.95,17.65,244050,456700,0.667092,-0.348423,0.00111946,0.00102282,12.736508,14.18426,2023-08-01
3322,2023-07-26 14:28:00,19750.0,19815.9,4974350,9715050,97.35,29.9,277000,436350,0.608234,-0.399598,0.00117226,0.00108552,12.857385,13.959657,2023-08-01
690,2023-07-26 14:28:00,19800.0,19815.9,15922650,14105800,65.85,48.55,1035900,756450,0.548418,-0.454618,0.00120643,0.00111892,12.877974,13.897701,2023-08-01
5952,2023-07-26 14:28:00,19850.0,19815.9,10792350,3575550,41.65,74.65,719150,214050,0.487877,-0.510627,0.0012097,0.00111478,12.9326,14.035259,2023-08-01
11211,2023-07-26 14:28:00,19900.0,19815.9,14477250,3572900,25.0,107.5,652700,144350,0.429164,-0.564798,0.00117238,0.00108342,13.13941,14.25569,2023-08-01
16467,2023-07-26 14:28:00,19950.0,19815.9,7369650,741950,13.7,146.55,382500,18700,0.372447,-0.614005,0.00112453,0.00101901,13.200839,14.728293,2023-08-01
21721,2023-07-26 14:28:00,20000.0,19815.9,14102650,1589750,7.05,190.05,397450,28800,0.319798,-0.655696,0.00105271,0.00093369,13.324145,15.469932,2023-08-01
26974,2023-07-26 14:28:00,20050.0,19815.9,6269200,66800,3.45,235.5,203800,450,0.272472,-0.694311,0.0009647,0.00085975,13.508146,16.00036,2023-08-01
24350,2023-07-26 14:29:00,19550.0,19822.85,320050,5019100,277.6,3.95,11850,175400,,-0.237011,,0.00073559,0.0,16.462419,2023-08-01
19097,2023-07-26 14:29:00,19600.0,19822.85,1706300,8785350,229.65,6.0,136400,351400,0.806341,-0.264068,0.000959,0.00082714,11.228731,15.503831,2023-08-01
13840,2023-07-26 14:29:00,19650.0,19822.85,1237950,7391800,183.95,9.55,154600,484150,0.730924,-0.297919,0.00102875,0.00092632,12.584341,14.675327,2023-08-01
8583,2023-07-26 14:29:00,19700.0,19822.85,4789500,15808200,140.65,16.7,595400,764600,0.674914,-0.342907,0.00110898,0.00100533,12.730615,14.341326,2023-08-01
3323,2023-07-26 14:29:00,19750.0,19822.85,4974350,9715050,102.3,28.25,639950,589850,0.616291,-0.392987,0.00116416,0.00107025,12.865605,14.090933,2023-08-01
691,2023-07-26 14:29:00,19800.0,19822.85,15922650,14105800,69.55,45.95,2194850,1276700,0.557044,-0.447178,0.00120874,0.00110805,12.812479,13.997358,2023-08-01
5953,2023-07-26 14:29:00,19850.0,19822.85,10792350,3575550,44.55,70.9,1670300,434600,0.496269,-0.50285,0.00121126,0.00111113,12.917518,14.081849,2023-08-01
11212,2023-07-26 14:29:00,19900.0,19822.85,14477250,3572900,26.85,103.15,1332850,294350,0.437042,-0.556735,0.00118072,0.00107752,13.086826,14.374392,2023-08-01
16468,2023-07-26 14:29:00,19950.0,19822.85,7369650,741950,14.85,141.85,912700,71250,0.379828,-0.605073,0.00113527,0.00100843,13.152634,14.975102,2023-08-01
21722,2023-07-26 14:29:00,20000.0,19822.85,14102650,1589750,7.6,184.0,784750,67350,0.325884,-0.649581,0.00106856,0.00094192,13.2254,15.430134,2023-08-01
26975,2023-07-26 14:29:00,20050.0,19822.85,6269200,66800,3.6,231.0,356400,5450,0.276141,-0.678202,0.00098552,0.0008299,13.306519,16.940455,2023-08-01
24351,2023-07-26 14:30:00,19550.0,19824.25,313850,5057750,276.35,4.0,5400,248200,,-0.237449,,0.00073128,0.0,16.576065,2023-08-01
19098,2023-07-26 14:30:00,19600.0,19824.25,1676200,8832350,228.0,6.0,106350,397000,,-0.263882,,0.00082279,0.0,15.579971,2023-08-01
13841,2023-07-26 14:30:00,19650.0,19824.25,1219850,7506350,181.75,9.7,87400,378400,0.781423,-0.298468,0.00115779,0.00091746,9.993056,14.829298,2023-08-01
8584,2023-07-26 14:30:00,19700.0,19824.25,4747900,15778350,138.8,16.95,423850,637000,0.692717,-0.343304,0.00119464,0.00099305,11.537984,14.524806,2023-08-01
3324,2023-07-26 14:30:00,19750.0,19824.25,4862100,9714550,101.0,28.7,541900,535050,0.623687,-0.393146,0.00121901,0.00105238,12.213836,14.331551,2023-08-01
692,2023-07-26 14:30:00,19800.0,19824.25,15755900,14130250,69.0,46.6,1836750,1158650,0.5601,-0.446622,0.00123908,0.00108431,12.484287,14.300926,2023-08-01
5954,2023-07-26 14:30:00,19850.0,19824.25,10549000,3557050,43.9,71.8,1363600,440650,0.497758,-0.501057,0.00123993,0.00108015,12.619059,14.485904,2023-08-01
11213,2023-07-26 14:30:00,19900.0,19824.25,14396650,3642550,26.3,104.35,1179900,262600,0.43733,-0.55287,0.00120466,0.00103809,12.828114,14.940301,2023-08-01
16469,2023-07-26 14:30:00,19950.0,19824.25,7298150,745800,14.55,142.5,705050,51750,0.379612,-0.599856,0.00115186,0.00097656,12.960742,15.517977,2023-08-01
21723,2023-07-26 14:30:00,20000.0,19824.25,14045800,1597050,7.45,185.7,776250,59800,0.325481,-0.63809,0.00108005,0.00088785,13.07787,16.556809,2023-08-01
26976,2023-07-26 14:30:00,20050.0,19824.25,6351050,69800,3.6,233.0,370900,6500,0.276558,-0.662721,0.00099085,0.00077631,13.244625,18.454691,2023-08-01
24352,2023-07-26 14:31:00,19550.0,19820.05,313850,5057750,272.7,4.15,4300,230900,,-0.239715,,0.00073808,0.0,16.513461,2023-08-01
19099,2023-07-26 14:31:00,19600.0,19820.05,1676200,8832350,224.5,6.25,55900,525200,,-0.266669,,0.00083022,0.0,15.527157,2023-08-01
13842,2023-07-26 14:31:00,19650.0,19820.05,1219850,7506350,178.0,10.05,64300,330150,0.77114,-0.301413,0.00116023,0.00092663,10.238882,14.751837,2023-08-01
8585,2023-07-26 14:31:00,19700.0,19820.05,4747900,15778350,134.95,17.75,363300,535600,0.689192,-0.34738,0.0012117,0.00099842,11.435492,14.514382,2023-08-01
3325,2023-07-26 14:31:00,19750.0,19820.05,4862100,9714550,97.6,29.85,439350,503150,0.619388,-0.397389,0.00123291,0.00105781,12.121694,14.303672,2023-08-01
693,2023-07-26 14:31:00,19800.0,19820.05,15755900,14130250,66.05,48.4,1519500,772900,0.555337,-0.451202,0.00125311,0.00108566,12.369522,14.308275,2023-08-01
5955,2023-07-26 14:31:00,19850.0,19820.05,10549000,3557050,42.25,74.4,929850,353150,0.492599,-0.505536,0.00123541,0.0010753,12.666678,14.553745,2023-08-01
11214,2023-07-26 14:31:00,19900.0,19820.05,14396650,3642550,25.2,107.55,747250,179850,0.432539,-0.556799,0.00119815,0.00102995,12.875575,15.04179,2023-08-01
16470,2023-07-26 14:31:00,19950.0,19820.05,7298150,745800,13.95,146.15,530150,23000,0.375479,-0.603017,0.0011419,0.00096635,13.033021,15.653173,2023-08-01
21724,2023-07-26 14:31:00,20000.0,19820.05,14045800,1597050,7.15,189.25,539250,39350,0.322058,-0.641639,0.00106872,0.00088395,13.162691,16.578019,2023-08-01
26977,2023-07-26 14:31:00,20050.0,19820.05,6351050,69800,3.5,236.05,287550,950,0.274305,-0.668432,0.00097804,0.0007828,13.367738,18.184277,2023-08-01
24353,2023-07-26 14:32:00,19550.0,19813.85,313850,5057750,271.35,4.05,3000,119300,0.792162,-0.239509,0.00080363,0.00075489,13.989139,16.144142,2023-08-01
19100,2023-07-26 14:32:00,19600.0,19813.85,1676200,8832350,224.5,6.2,55050,321800,0.742461,-0.267427,0.00087643,0.0008506,14.453703,15.182621,2023-08-01
13843,2023-07-26 14:32:00,19650.0,19813.85,1219850,7506350,178.0,10.1,62000,283200,0.705678,-0.30325,0.00098671,0.00095097,13.709198,14.418827,2023-08-01
8586,2023-07-26 14:32:00,19700.0,19813.85,4747900,15778350,135.8,17.7,366250,740600,0.655053,-0.349476,0.00106122,0.00103204,13.624895,14.077835,2023-08-01
3326,2023-07-26 14:32:00,19750.0,19813.85,4862100,9714550,98.0,29.85,314000,607250,0.601652,-0.400731,0.00112711,0.00109988,13.437833,13.792167,2023-08-01
694,2023-07-26 14:32:00,19800.0,19813.85,15755900,14130250,66.7,48.45,1206950,824100,0.544486,-0.456327,0.00116323,0.0011382,13.376146,13.673441,2023-08-01
5956,2023-07-26 14:32:00,19850.0,19813.85,10549000,3557050,42.1,74.25,782250,369000,0.485919,-0.513465,0.00117936,0.00114479,13.267534,13.668874,2023-08-01
11215,2023-07-26 14:32:00,19900.0,19813.85,14396650,3642550,25.05,107.3,700400,181400,0.427895,-0.569335,0.00115487,0.00111537,13.33528,13.824943,2023-08-01
16471,2023-07-26 14:32:00,19950.0,19813.85,7298150,745800,13.8,147.35,410450,25300,0.371949,-0.618313,0.00110867,0.00103446,13.388475,14.464761,2023-08-01
21725,2023-07-26 14:32:00,20000.0,19813.85,14045800,1597050,7.05,189.4,441950,51350,0.319292,-0.669216,0.00104217,0.00098813,13.454481,14.397317,2023-08-01
26978,2023-07-26 14:32:00,20050.0,19813.85,6351050,69800,3.4,237.0,231350,1500,0.271564,-0.698537,0.00095823,0.00086578,13.581387,15.795726,2023-08-01
24354,2023-07-26 14:33:00,19550.0,19815.25,314550,5015650,272.4,4.1,3350,61250,0.800085,-0.239931,0.00080878,0.00075035,13.58155,16.257057,2023-08-01
19101,2023-07-26 14:33:00,19600.0,19815.25,1655500,8834750,223.65,6.3,38450,269750,0.76983,-0.268022,0.00093291,0.00084386,12.779153,15.320797,2023-08-01
13844,2023-07-26 14:33:00,19650.0,19815.25,1200950,7490800,177.9,10.3,24850,293150,0.716121,-0.304005,0.00101883,0.00094061,13.053031,14.59367,2023-08-01
8587,2023-07-26 14:33:00,19700.0,19815.25,4710150,15740350,135.5,18.0,291800,919550,0.661726,-0.349952,0.00109194,0.00101811,13.143492,14.27721,2023-08-01
3327,2023-07-26 14:33:00,19750.0,19815.25,4737750,9961000,97.95,30.0,248550,761550,0.605157,-0.400252,0.00114739,0.00108679,13.168695,13.95372,2023-08-01
695,2023-07-26 14:33:00,19800.0,19815.25,15694950,14186950,66.3,48.7,745150,544050,0.546946,-0.455318,0.00118709,0.00112043,13.097786,13.886121,2023-08-01
5957,2023-07-26 14:33:00,19850.0,19815.25,10658000,3575450,42.0,74.45,522050,188400,0.487331,-0.511528,0.00119396,0.0011245,13.106691,13.917466,2023-08-01
11216,2023-07-26 14:33:00,19900.0,19815.25,14472700,3648300,25.0,107.55,500300,130050,0.428807,-0.565991,0.00116588,0.00109005,13.214689,14.166409,2023-08-01
16472,2023-07-26 14:33:00,19950.0,19815.25,7271400,756550,13.65,146.0,239900,12750,0.372132,-0.617492,0.00112056,0.00104042,13.248315,14.391015,2023-08-01
21726,2023-07-26 14:33:00,20000.0,19815.25,14088550,1603700,7.0,189.7,365600,19800,0.319476,-0.66021,0.00105004,0.00095242,13.356746,15.094867,2023-08-01
26979,2023-07-26 14:33:00,20050.0,19815.25,6377150,70550,3.45,236.0,118250,850,0.2726,-0.69536,0.00096139,0.00086068,13.562147,15.963765,2023-08-01
24355,2023-07-26 14:34:00,19550.0,19813.9,314550,5015650,268.45,4.1,3050,82200,,-0.240173,,0.00075355,0.0,16.198941,2023-08-01
19102,2023-07-26 14:34:00,19600.0,19813.9,1655500,8834750,221.0,6.5,33450,300150,0.795719,-0.269869,0.00098264,0.0008438,11.325403,15.376773,2023-08-01
13845,2023-07-26 14:34:00,19650.0,19813.9,1200950,7490800,174.5,10.55,38750,294150,0.73341,-0.305684,0.00108798,0.00094076,11.852585,14.628989,2023-08-01
8588,2023-07-26 14:34:00,19700.0,19813.9,4710150,15740350,132.8,18.5,226400,712200,0.666686,-0.352021,0.00113403,0.00101513,12.584511,14.35166,2023-08-01
3328,2023-07-26 14:34:00,19750.0,19813.9,4737750,9961000,95.2,30.85,249350,651100,0.607233,-0.402459,0.0011897,0.00107944,12.683531,14.07057,2023-08-01
696,2023-07-26 14:34:00,19800.0,19813.9,15694950,14186950,64.2,49.9,773950,673200,0.546299,-0.45721,0.00121696,0.00110933,12.780348,14.034178,2023-08-01
5958,2023-07-26 14:34:00,19850.0,19813.9,10658000,3575450,40.3,76.45,792400,268600,0.485272,-0.512624,0.00121916,0.0011009,12.835112,14.216491,2023-08-01
11217,2023-07-26 14:34:00,19900.0,19813.9,14472700,3648300,23.95,109.9,681300,119750,0.426135,-0.565503,0.00118077,0.00106149,13.033544,14.5524,2023-08-01
16473,2023-07-26 14:34:00,19950.0,19813.9,7271400,756550,13.0,149.0,439500,18400,0.369164,-0.613624,0.00113012,0.00099877,13.103766,15.037743,2023-08-01
21727,2023-07-26 14:34:00,20000.0,19813.9,14088550,1603700,6.65,192.45,407050,28250,0.316627,-0.654537,0.00105471,0.00091684,13.249077,15.781077,2023-08-01
26980,2023-07-26 14:34:00,20050.0,19813.9,6377150,70550,3.25,239.2,114850,1150,0.269729,-0.684339,0.00096365,0.00081777,13.460822,17.06568,2023-08-01
24356,2023-07-26 14:35:00,19550.0,19811.5,314550,5015650,265.55,4.25,2050,204950,,-0.242189,,0.00075636,0.0,16.215276,2023-08-01
19103,2023-07-26 14:35:00,19600.0,19811.5,1655500,8834750,217.9,6.75,50850,410350,0.818826,-0.272244,0.0010186,0.0008461,10.154416,15.404792,2023-08-01
13846,2023-07-26 14:35:00,19650.0,19811.5,1200950,7490800,172.75,11.0,41900,315650,0.726577,-0.308601,0.00107863,0.00094119,12.109859,14.686251,2023-08-01
8589,2023-07-26 14:35:00,19700.0,19811.5,4710150,15740350,130.95,19.1,319650,715350,0.663468,-0.354738,0.0011347,0.00101592,12.626745,14.38244,2023-08-01
3329,2023-07-26 14:35:00,19750.0,19811.5,4737750,9961000,93.85,31.7,329450,550800,0.603693,-0.405203,0.00118431,0.00107957,12.774949,14.095674,2023-08-01
697,2023-07-26 14:35:00,19800.0,19811.5,15694950,14186950,63.2,51.0,1055650,1108700,0.543136,-0.459896,0.00121028,0.00110957,12.864747,14.043633,2023-08-01
5959,2023-07-26 14:35:00,19850.0,19811.5,10658000,3575450,39.35,77.6,1021850,411050,0.482365,-0.515358,0.00121783,0.00110515,12.847587,14.160865,2023-08-01
11218,2023-07-26 14:35:00,19900.0,19811.5,14472700,3648300,23.25,111.3,718550,218450,0.423267,-0.568432,0.00117974,0.00106568,13.029108,14.47958,2023-08-01
16474,2023-07-26 14:35:00,19950.0,19811.5,7271400,756550,12.6,150.4,585400,24100,0.366547,-0.617368,0.00112682,0.0010072,13.113773,14.87175,2023-08-01
21728,2023-07-26 14:35:00,20000.0,19811.5,14088550,1603700,6.45,194.05,354550,46150,0.314426,-0.658706,0.00104976,0.00092431,13.274325,15.5849,2023-08-01
26981,2023-07-26 14:35:00,20050.0,19811.5,6377150,70550,3.1,242.1,156750,1300,0.26717,-0.682215,0.00096029,0.00080163,13.445678,17.462013,2023-08-01
24357,2023-07-26 14:36:00,19550.0,19806.15,312950,5030100,265.1,4.35,1800,289600,0.767111,-0.244056,0.00078833,0.00076769,15.231846,16.047564,2023-08-01
19104,2023-07-26 14:36:00,19600.0,19806.15,1649850,8991700,216.6,7.0,63600,716100,0.742701,-0.275126,0.0009074,0.00085816,13.962155,15.272741,2023-08-01
13847,2023-07-26 14:36:00,19650.0,19806.15,1206600,7493700,171.7,11.3,62050,539250,0.695327,-0.311505,0.00098723,0.0009576,13.926954,14.498319,2023-08-01
8590,2023-07-26 14:36:00,19700.0,19806.15,4532700,15608850,130.1,19.45,323800,873300,0.645445,-0.357831,0.00106117,0.00103827,13.771216,14.120663,2023-08-01
3330,2023-07-26 14:36:00,19750.0,19806.15,4711400,10615200,92.35,32.05,467800,830200,0.593518,-0.408849,0.00114123,0.00111106,13.348977,13.73096,2023-08-01
698,2023-07-26 14:36:00,19800.0,19806.15,15697400,14378050,61.9,51.5,1252650,1289050,0.535778,-0.464919,0.00117737,0.0011491,13.252971,13.581141,2023-08-01
5960,2023-07-26 14:36:00,19850.0,19806.15,10968900,3658050,38.15,78.25,894550,425700,0.476397,-0.522559,0.00119552,0.00115462,13.081587,13.547005,2023-08-01
11219,2023-07-26 14:36:00,19900.0,19806.15,14487900,3632050,22.3,112.4,934550,252350,0.417938,-0.578566,0.00116385,0.00111949,13.175278,13.722222,2023-08-01
16475,2023-07-26 14:36:00,19950.0,19806.15,7254050,754200,12.0,152.05,576950,38450,0.361744,-0.631226,0.00111241,0.00106321,13.229079,13.930669,2023-08-01
21729,2023-07-26 14:36:00,20000.0,19806.15,14124250,1603100,6.1,195.6,605100,64250,0.310099,-0.680513,0.00103649,0.00099572,13.368444,14.094453,2023-08-01
26982,2023-07-26 14:36:00,20050.0,19806.15,6427600,71400,3.0,242.65,272450,1250,0.26457,-0.717626,0.00094455,0.00089489,13.60668,14.832388,2023-08-01
24358,2023-07-26 14:37:00,19550.0,19795.55,312950,5030100,257.2,4.55,17900,315350,0.738434,-0.247722,0.0007611,0.00079141,16.798058,15.701113,2023-08-01
19105,2023-07-26 14:37:00,19600.0,19795.55,1649850,8991700,208.95,7.4,105000,614750,0.717009,-0.280075,0.00087658,0.0008858,15.167156,14.934492,2023-08-01
13848,2023-07-26 14:37:00,19650.0,19795.55,1206600,7493700,164.4,12.25,85350,627150,0.676696,-0.318891,0.00096369,0.00098503,14.643657,14.244692,2023-08-01
8591,2023-07-26 14:37:00,19700.0,19795.55,4532700,15608850,123.0,21.1,537400,1060050,0.631313,-0.366724,0.00105125,0.00106663,14.096453,13.868721,2023-08-01
3331,2023-07-26 14:37:00,19750.0,19795.55,4711400,10615200,86.7,34.5,697700,954100,0.579556,-0.419034,0.00112239,0.00114363,13.687932,13.423957,2023-08-01
699,2023-07-26 14:37:00,19800.0,19795.55,15697400,14378050,57.0,55.05,2044000,2102500,0.523093,-0.47668,0.00116763,0.00118389,13.402939,13.218444,2023-08-01
5961,2023-07-26 14:37:00,19850.0,19795.55,10968900,3658050,34.9,83.1,1544750,670800,0.464361,-0.536137,0.00117598,0.00118969,13.276864,13.12239,2023-08-01
11220,2023-07-26 14:37:00,19900.0,19795.55,14487900,3632050,20.3,118.2,1487850,415250,0.407186,-0.594846,0.00113932,0.00116159,13.384972,13.112064,2023-08-01
16476,2023-07-26 14:37:00,19950.0,19795.55,7254050,754200,10.8,159.1,961250,92350,0.352038,-0.650189,0.00108748,0.0011014,13.411713,13.211808,2023-08-01
21730,2023-07-26 14:37:00,20000.0,19795.55,14124250,1603100,5.5,203.05,946550,111550,0.302032,-0.709464,0.00100966,0.00105344,13.572743,12.779186,2023-08-01
26983,2023-07-26 14:37:00,20050.0,19795.55,6427600,71400,2.8,250.2,320150,4400,0.259333,-0.767348,0.00091537,0.00097404,13.90552,12.328094,2023-08-01
24359,2023-07-26 14:38:00,19550.0,19797.35,312950,5030100,260.3,4.35,8700,326950,0.729242,-0.245437,0.00073426,0.00079066,17.71867,15.637538,2023-08-01
19106,2023-07-26 14:38:00,19600.0,19797.35,1649850,8991700,212.75,7.1,93650,592950,0.705521,-0.277658,0.00083184,0.00088581,16.284602,14.870871,2023-08-01
13849,2023-07-26 14:38:00,19650.0,19797.35,1206600,7493700,167.4,11.65,43550,545400,0.672375,-0.315662,0.00093215,0.0009895,15.221058,14.118889,2023-08-01
8592,2023-07-26 14:38:00,19700.0,19797.35,4532700,15608850,125.55,20.3,516500,902050,0.63015,-0.363837,0.00102579,0.00107211,14.460666,13.761009,2023-08-01
3332,2023-07-26 14:38:00,19750.0,19797.35,4711400,10615200,89.0,33.45,528350,782400,0.580021,-0.416408,0.00109834,0.00115063,13.983902,13.323194,2023-08-01
700,2023-07-26 14:38:00,19800.0,19797.35,15697400,14378050,59.0,53.65,1291600,1474750,0.524841,-0.474383,0.00114479,0.00119409,13.666257,13.100434,2023-08-01
5962,2023-07-26 14:38:00,19850.0,19797.35,10968900,3658050,36.15,81.05,931800,480150,0.46693,-0.534708,0.00116325,0.00121079,13.429261,12.897408,2023-08-01
11221,2023-07-26 14:38:00,19900.0,19797.35,14487900,3632050,21.0,116.15,1017550,359800,0.409813,-0.594307,0.00113413,0.00118034,13.466871,12.907622,2023-08-01
16477,2023-07-26 14:38:00,19950.0,19797.35,7254050,754200,11.35,156.0,549750,63900,0.355254,-0.655912,0.0010815,0.00115208,13.529375,12.553423,2023-08-01
21731,2023-07-26 14:38:00,20000.0,19797.35,14124250,1603100,5.8,200.65,637650,55550,0.305099,-0.715688,0.00100731,0.0010867,13.665469,12.261332,2023-08-01
26984,2023-07-26 14:38:00,20050.0,19797.35,6427600,71400,2.85,245.65,162300,3750,0.260533,,0.00091939,,13.877215,0.0,2023-08-01
24360,2023-07-26 14:39:00,19550.0,19791.5,317100,4973250,256.0,4.55,11150,222000,0.718725,-0.248443,0.00072427,0.00080238,18.308865,15.515432,2023-08-01
19107,2023-07-26 14:39:00,19600.0,19791.5,1668950,9352400,209.1,7.45,81150,619400,0.693531,-0.281348,0.00081309,0.00089899,16.969203,14.752311,2023-08-01
13850,2023-07-26 14:39:00,19650.0,19791.5,1209200,7370450,163.2,12.3,59950,432200,0.664612,-0.320373,0.00092679,0.00100289,15.458035,14.022676,2023-08-01
8593,2023-07-26 14:39:00,19700.0,19791.5,4450050,15533300,121.65,21.3,501450,962100,0.623048,-0.369055,0.00102244,0.00108729,14.601328,13.638055,2023-08-01
3333,2023-07-26 14:39:00,19750.0,19791.5,4556500,10521100,85.75,34.95,435350,869050,0.573024,-0.422375,0.00109308,0.00116756,14.104615,13.175444,2023-08-01
701,2023-07-26 14:39:00,19800.0,19791.5,15537100,14163600,56.25,55.7,1580950,1880300,0.518099,-0.481188,0.00114216,0.00121438,13.71509,12.898385,2023-08-01
5963,2023-07-26 14:39:00,19850.0,19791.5,11080900,3505450,34.5,83.75,1305750,482250,0.460558,-0.542809,0.00115113,0.00123435,13.55563,12.630656,2023-08-01
11222,2023-07-26 14:39:00,19900.0,19791.5,14375700,3578200,19.95,119.0,1083800,307800,0.404066,-0.605607,0.00112075,0.00122109,13.58497,12.389167,2023-08-01
16478,2023-07-26 14:39:00,19950.0,19791.5,7232000,727700,10.75,159.75,656950,58250,0.35022,-0.671047,0.00106715,0.00119264,13.646039,11.920266,2023-08-01
21732,2023-07-26 14:39:00,20000.0,19791.5,14229350,1572650,5.55,204.5,638200,64700,0.301365,-0.750555,0.00099077,0.00116477,13.82217,10.711044,2023-08-01
26985,2023-07-26 14:39:00,20050.0,19791.5,6397450,67150,2.8,250.8,229750,2400,0.258588,,0.00090179,,14.098427,0.0,2023-08-01
24361,2023-07-26 14:40:00,19550.0,19782.05,317100,4973250,241.35,5.05,13000,719050,0.758893,-0.254867,0.00084864,0.00081853,14.442556,15.423977,2023-08-01
19108,2023-07-26 14:40:00,19600.0,19782.05,1668950,9352400,195.9,8.25,240400,1178300,0.711036,-0.288683,0.00091565,0.00091663,14.677271,14.654881,2023-08-01
13851,2023-07-26 14:40:00,19650.0,19782.05,1209200,7370450,151.05,13.9,190350,1001400,0.671839,-0.330081,0.00102495,0.00101459,13.86442,14.038876,2023-08-01
8594,2023-07-26 14:40:00,19700.0,19782.05,4450050,15533300,111.5,23.9,1059550,2274500,0.620308,-0.379771,0.00109453,0.00109382,13.677479,13.687207,2023-08-01
3334,2023-07-26 14:40:00,19750.0,19782.05,4556500,10521100,77.25,39.1,1019150,2048700,0.565375,-0.434085,0.00115126,0.0011617,13.444629,13.320705,2023-08-01
702,2023-07-26 14:40:00,19800.0,19782.05,15537100,14163600,49.45,61.6,3807400,3865900,0.507311,-0.492687,0.00119015,0.00119421,13.180487,13.135634,2023-08-01
5964,2023-07-26 14:40:00,19850.0,19782.05,11080900,3505450,29.5,91.75,2303650,1079950,0.447732,-0.552355,0.00118697,0.00118869,13.104422,13.085057,2023-08-01
11223,2023-07-26 14:40:00,19900.0,19782.05,14375700,3578200,16.75,128.75,2201800,772100,0.390708,-0.610165,0.00113938,0.00114746,13.250029,13.148447,2023-08-01
16479,2023-07-26 14:40:00,19950.0,19782.05,7232000,727700,8.85,171.8,1450900,128400,0.337094,-0.659448,0.00107314,0.00105411,13.38354,13.678772,2023-08-01
21733,2023-07-26 14:40:00,20000.0,19782.05,14229350,1572650,4.65,216.85,1701950,143250,0.290618,-0.710182,0.00098212,0.00098488,13.72066,13.664595,2023-08-01
26986,2023-07-26 14:40:00,20050.0,19782.05,6397450,67150,2.55,264.7,634650,11650,0.252795,-0.749146,0.00088086,0.00088509,14.271205,14.14538,2023-08-01
24362,2023-07-26 14:41:00,19550.0,19790.2,317100,4973250,249.4,4.6,15650,549750,0.761203,-0.249264,0.00082622,0.00080472,14.751444,15.500268,2023-08-01
19109,2023-07-26 14:41:00,19600.0,19790.2,1668950,9352400,201.65,7.65,124550,1054750,0.730131,-0.283082,0.00094067,0.00089903,13.815327,14.797996,2023-08-01
13852,2023-07-26 14:41:00,19650.0,19790.2,1209200,7370450,157.95,12.85,130650,774550,0.679682,-0.323266,0.00101148,0.00099673,13.905197,14.164773,2023-08-01
8595,2023-07-26 14:41:00,19700.0,19790.2,4450050,15533300,116.55,22.4,913700,1591250,0.631721,-0.372499,0.0011068,0.00107197,13.390791,13.877065,2023-08-01
3335,2023-07-26 14:41:00,19750.0,19790.2,4556500,10521100,81.55,36.85,846300,1457600,0.575641,-0.425739,0.00116094,0.00113813,13.266058,13.540884,2023-08-01
703,2023-07-26 14:41:00,19800.0,19790.2,15537100,14163600,53.15,58.5,2737950,2404700,0.517035,-0.483175,0.00119256,0.00116807,13.139383,13.415155,2023-08-01
5965,2023-07-26 14:41:00,19850.0,19790.2,11080900,3505450,32.25,87.7,1406000,622800,0.457425,-0.541382,0.0011897,0.0011612,13.107825,13.433781,2023-08-01
11224,2023-07-26 14:41:00,19900.0,19790.2,14375700,3578200,18.6,123.65,1601250,398750,0.400175,-0.597698,0.00114465,0.00112288,13.270658,13.546523,2023-08-01
16480,2023-07-26 14:41:00,19950.0,19790.2,7232000,727700,10.05,165.15,981000,55500,0.346502,-0.649099,0.00107953,0.00105326,13.439168,13.838281,2023-08-01
21734,2023-07-26 14:41:00,20000.0,19790.2,14229350,1572650,5.3,210.25,1332150,90750,0.298957,-0.694379,0.0009931,0.00096784,13.742318,14.241074,2023-08-01
26987,2023-07-26 14:41:00,20050.0,19790.2,6397450,67150,2.8,257.8,432900,3750,0.258435,-0.729838,0.00089731,0.00086847,14.167014,14.971938,2023-08-01
24363,2023-07-26 14:42:00,19550.0,19784.05,310550,5055300,244.45,4.85,8150,302900,0.747092,-0.252752,0.00081644,0.00081679,15.401139,15.389494,2023-08-01
19110,2023-07-26 14:42:00,19600.0,19784.05,1648450,9226850,197.0,8.15,72650,674500,0.717273,-0.287714,0.0009278,0.00091086,14.335819,14.724641,2023-08-01
13853,2023-07-26 14:42:00,19650.0,19784.05,1205450,7117350,152.5,13.75,50700,505600,0.674673,-0.328935,0.00102642,0.00100733,13.795977,14.120631,2023-08-01
8596,2023-07-26 14:42:00,19700.0,19784.05,4495850,15379550,112.85,23.95,425450,910500,0.622687,-0.379012,0.00109423,0.00107915,13.654937,13.865061,2023-08-01
3336,2023-07-26 14:42:00,19750.0,19784.05,4600050,10397750,78.35,39.2,459600,940050,0.567763,-0.432778,0.00115174,0.00114167,13.425533,13.547115,2023-08-01
704,2023-07-26 14:42:00,19800.0,19784.05,15658150,13696700,50.7,61.8,1471050,1532550,0.509667,-0.490371,0.00118246,0.00116662,13.264732,13.444881,2023-08-01
5966,2023-07-26 14:42:00,19850.0,19784.05,10600650,3286350,30.65,91.8,747600,393650,0.450679,-0.548435,0.00117577,0.00115744,13.241935,13.455363,2023-08-01
11225,2023-07-26 14:42:00,19900.0,19784.05,14255750,3423600,17.7,128.8,867500,281350,0.39444,-0.60355,0.0011273,0.0011082,13.427747,13.678057,2023-08-01
16481,2023-07-26 14:42:00,19950.0,19784.05,7109450,686300,9.55,170.6,607400,47950,0.341637,-0.654701,0.00106221,0.00104154,13.591064,13.916555,2023-08-01
21735,2023-07-26 14:42:00,20000.0,19784.05,14250250,1546850,5.1,216.2,782500,48500,0.295501,-0.697656,0.00097476,0.00095,13.931773,14.444276,2023-08-01
26988,2023-07-26 14:42:00,20050.0,19784.05,6298250,64500,2.75,264.0,321800,7200,0.256469,-0.730526,0.00087967,0.00084878,14.399198,15.305342,2023-08-01
24364,2023-07-26 14:43:00,19550.0,19789.3,310550,5055300,250.6,4.5,6450,328400,0.73976,-0.248491,0.00078297,0.00080923,16.297052,15.390839,2023-08-01
19111,2023-07-26 14:43:00,19600.0,19789.3,1648450,9226850,203.0,7.5,69450,558450,0.713322,-0.282354,0.00089109,0.00090537,15.022531,14.678642,2023-08-01
13854,2023-07-26 14:43:00,19650.0,19789.3,1205450,7117350,158.3,12.6,56350,404550,0.673884,-0.322532,0.000988,0.0010062,14.34372,14.020504,2023-08-01
8597,2023-07-26 14:43:00,19700.0,19789.3,4495850,15379550,117.25,22.05,393250,835950,0.627094,-0.372087,0.00107763,0.00108448,13.811242,13.714304,2023-08-01
3337,2023-07-26 14:43:00,19750.0,19789.3,4600050,10397750,82.1,36.45,523200,855800,0.573165,-0.425896,0.00113763,0.00115341,13.555999,13.36465,2023-08-01
705,2023-07-26 14:43:00,19800.0,19789.3,15658150,13696700,53.5,58.1,1560000,1305100,0.515821,-0.484098,0.00117521,0.00118578,13.337131,13.218216,2023-08-01
5967,2023-07-26 14:43:00,19850.0,19789.3,10600650,3286350,32.5,87.3,787100,289600,0.456927,-0.543349,0.00117589,0.00118234,13.2621,13.188837,2023-08-01
11226,2023-07-26 14:43:00,19900.0,19789.3,14255750,3423600,18.9,123.4,797700,251250,0.400446,-0.600959,0.00113071,0.00114492,13.438732,13.259693,2023-08-01
16482,2023-07-26 14:43:00,19950.0,19789.3,7109450,686300,10.3,164.9,616550,40000,0.347418,-0.654784,0.00106728,0.00108027,13.608924,13.413559,2023-08-01
21736,2023-07-26 14:43:00,20000.0,19789.3,14250250,1546850,5.45,209.65,621400,47500,0.300096,-0.707615,0.0009842,0.00101257,13.892706,13.343173,2023-08-01
26989,2023-07-26 14:43:00,20050.0,19789.3,6298250,64500,2.95,259.15,241500,1050,0.260574,-0.724913,0.00088891,0.00085257,14.364251,15.391073,2023-08-01
24365,2023-07-26 14:44:00,19550.0,19791.95,310550,5055300,253.25,4.2,12400,260750,0.740096,-0.244963,0.00077567,0.00080828,16.438115,15.290322,2023-08-01
19112,2023-07-26 14:44:00,19600.0,19791.95,1648450,9226850,206.0,6.95,113100,563000,0.71163,-0.277969,0.00087415,0.00090785,15.355089,14.526766,2023-08-01
13855,2023-07-26 14:44:00,19650.0,19791.95,1205450,7117350,161.0,11.85,81850,585500,0.674407,-0.318406,0.00097418,0.00100979,14.536603,13.894597,2023-08-01
8598,2023-07-26 14:44:00,19700.0,19791.95,4495850,15379550,120.05,20.85,466400,977300,0.627844,-0.367832,0.00105773,0.00109285,14.060879,13.557512,2023-08-01
3338,2023-07-26 14:44:00,19750.0,19791.95,4600050,10397750,84.2,34.95,601500,1092150,0.575605,-0.422173,0.00112669,0.00116229,13.670658,13.237398,2023-08-01
706,2023-07-26 14:44:00,19800.0,19791.95,15658150,13696700,55.15,56.15,2074900,1473750,0.518853,-0.480828,0.00116702,0.00119785,13.425353,13.079269,2023-08-01
5968,2023-07-26 14:44:00,19850.0,19791.95,10600650,3286350,33.9,84.7,1407700,382100,0.460471,-0.541017,0.00116597,0.00120315,13.386339,12.967712,2023-08-01
11227,2023-07-26 14:44:00,19900.0,19791.95,14255750,3423600,19.7,120.6,1132800,255200,0.403892,-0.599769,0.00112803,0.00116629,13.49947,13.025973,2023-08-01
16483,2023-07-26 14:44:00,19950.0,19791.95,7109450,686300,10.85,161.6,632850,31300,0.35106,-0.656988,0.00106537,0.0011139,13.68429,12.97645,2023-08-01
21737,2023-07-26 14:44:00,20000.0,19791.95,14250250,1546850,5.8,206.25,746150,43800,0.303808,-0.714845,0.00098368,0.00105275,13.975931,12.682485,2023-08-01
26990,2023-07-26 14:44:00,20050.0,19791.95,6298250,64500,3.05,253.55,457350,2150,0.262611,-0.775649,0.00089369,0.00097458,14.343424,12.079302,2023-08-01
24366,2023-07-26 14:45:00,19550.0,19791.95,308750,5003200,253.25,4.2,4350,249600,0.740009,-0.245021,0.00077548,0.00080816,16.445972,15.295288,2023-08-01
19113,2023-07-26 14:45:00,19600.0,19791.95,1663350,9329500,206.8,6.9,81400,415450,0.706883,-0.277655,0.00085819,0.00090885,15.761466,14.503596,2023-08-01
13856,2023-07-26 14:45:00,19650.0,19791.95,1209200,7069800,161.25,11.9,79250,406300,0.673333,-0.318683,0.00096879,0.00100845,14.637892,13.918992,2023-08-01
8599,2023-07-26 14:45:00,19700.0,19791.95,4498250,15204650,120.2,21.0,502850,728300,0.627435,-0.368268,0.00105441,0.00108935,14.110976,13.607068,2023-08-01
3339,2023-07-26 14:45:00,19750.0,19791.95,4704500,10416100,84.3,34.95,522750,796650,0.575456,-0.422194,0.00112434,0.00116201,13.701049,13.241505,2023-08-01
707,2023-07-26 14:45:00,19800.0,19791.95,16361700,13351450,55.3,56.25,1798450,1164600,0.518815,-0.480857,0.00116356,0.00119538,13.466057,13.107045,2023-08-01
5969,2023-07-26 14:45:00,19850.0,19791.95,10575600,3191350,33.95,85.0,1120450,319400,0.460526,-0.54073,0.00116452,0.00119588,13.403934,13.048257,2023-08-01
11228,2023-07-26 14:45:00,19900.0,19791.95,14332850,3398800,19.8,120.8,1042400,232450,0.404149,-0.599251,0.00112531,0.00116086,13.535048,13.092106,2023-08-01
16484,2023-07-26 14:45:00,19950.0,19791.95,7216650,654750,10.85,160.65,719100,24200,0.351101,-0.662214,0.0010651,0.00114489,13.689124,12.552089,2023-08-01
21738,2023-07-26 14:45:00,20000.0,19791.95,14384850,1532550,5.75,206.0,832050,42650,0.303457,-0.717812,0.00098502,0.0010632,13.950509,12.495868,2023-08-01
26991,2023-07-26 14:45:00,20050.0,19791.95,6355300,64900,3.0,253.1,381350,700,0.261967,-0.793149,0.00089526,0.00100172,14.301145,11.212027,2023-08-01
24367,2023-07-26 14:46:00,19550.0,19789.65,308750,5003200,249.45,4.3,2550,195350,0.7537,-0.246505,0.00081278,0.00081235,15.253564,15.268456,2023-08-01
19114,2023-07-26 14:46:00,19600.0,19789.65,1663350,9329500,203.0,7.25,58150,267200,0.715433,-0.2807,0.00089661,0.00090924,14.879948,14.577114,2023-08-01
13857,2023-07-26 14:46:00,19650.0,19789.65,1209200,7069800,158.4,12.4,73750,207900,0.674852,-0.321674,0.00099077,0.00100831,14.288524,13.97789,2023-08-01
8600,2023-07-26 14:46:00,19700.0,19789.65,4498250,15204650,117.75,21.9,242450,441050,0.626753,-0.37165,0.00107134,0.00108466,13.898498,13.709076,2023-08-01
3340,2023-07-26 14:46:00,19750.0,19789.65,4704500,10416100,82.5,36.45,421600,547950,0.573272,-0.425715,0.00113267,0.0011496,13.616899,13.409887,2023-08-01
708,2023-07-26 14:46:00,19800.0,19789.65,16361700,13351450,53.8,58.35,1014850,819550,0.516193,-0.483772,0.00117134,0.00117575,13.382773,13.332601,2023-08-01
5970,2023-07-26 14:46:00,19850.0,19789.65,10575600,3191350,32.95,87.4,609750,207500,0.457685,-0.542595,0.00116763,0.00117423,13.360772,13.284667,2023-08-01
11229,2023-07-26 14:46:00,19900.0,19789.65,14332850,3398800,19.15,123.85,654500,141250,0.401332,-0.598745,0.00112591,0.00112669,13.505897,13.495878,2023-08-01
16485,2023-07-26 14:46:00,19950.0,19789.65,7216650,654750,10.55,165.0,427200,13950,0.34885,-0.652401,0.00106134,0.00106877,13.707948,13.594693,2023-08-01
21739,2023-07-26 14:46:00,20000.0,19789.65,14384850,1532550,5.55,210.0,549150,14300,0.301198,-0.70097,0.00098181,0.00098993,13.951717,13.792135,2023-08-01
26992,2023-07-26 14:46:00,20050.0,19789.65,6355300,64900,3.0,257.35,245600,250,0.261541,-0.743527,0.00088783,0.00089984,14.411297,14.075856,2023-08-01
24368,2023-07-26 14:47:00,19550.0,19785.3,308750,5003200,246.0,4.55,8650,326250,0.744003,-0.249847,0.00080539,0.00081921,15.715531,15.254124,2023-08-01
19115,2023-07-26 14:47:00,19600.0,19785.3,1663350,9329500,199.45,7.7,74000,401350,0.709379,-0.284758,0.00089526,0.0009153,15.055559,14.584741,2023-08-01
13858,2023-07-26 14:47:00,19650.0,19785.3,1209200,7069800,154.4,13.3,81000,421400,0.672026,-0.326912,0.00100422,0.0010098,14.150771,14.054036,2023-08-01
8601,2023-07-26 14:47:00,19700.0,19785.3,4498250,15204650,114.4,23.25,423450,974600,0.622353,-0.376958,0.00107817,0.00108421,13.865308,13.780243,2023-08-01
3341,2023-07-26 14:47:00,19750.0,19785.3,4704500,10416100,79.45,38.4,566700,1162250,0.568712,-0.431087,0.0011423,0.00114595,13.53389,13.489528,2023-08-01
709,2023-07-26 14:47:00,19800.0,19785.3,16361700,13351450,51.85,61.05,1397750,1963750,0.511081,-0.488925,0.00116871,0.00116693,13.422521,13.443036,2023-08-01
5971,2023-07-26 14:47:00,19850.0,19785.3,10575600,3191350,31.7,91.0,829050,451650,0.452881,-0.546912,0.00116036,0.00115596,13.429892,13.481846,2023-08-01
11230,2023-07-26 14:47:00,19900.0,19785.3,14332850,3398800,18.3,127.7,968500,361200,0.396825,-0.602389,0.00111878,0.0011112,13.555174,13.654952,2023-08-01
16486,2023-07-26 14:47:00,19950.0,19785.3,7216650,654750,10.0,169.3,587800,29200,0.344573,-0.654331,0.00105446,0.00104819,13.738301,13.836847,2023-08-01
21740,2023-07-26 14:47:00,20000.0,19785.3,14384850,1532550,5.3,214.5,584400,61250,0.297888,-0.700888,0.00097226,0.00096781,14.022294,14.113077,2023-08-01
26993,2023-07-26 14:47:00,20050.0,19785.3,6355300,64900,2.75,259.75,276300,2650,0.257028,-0.794625,0.00088278,0.00097662,14.367966,11.456639,2023-08-01
24369,2023-07-26 14:48:00,19550.0,19779.35,308550,5068700,237.1,4.8,17650,466050,0.780837,-0.253348,0.00089922,0.00083114,12.929137,15.151495,2023-08-01
19116,2023-07-26 14:48:00,19600.0,19779.35,1655350,9288650,191.3,8.2,157850,722500,0.723232,-0.289367,0.00097023,0.00092693,13.575854,14.516883,2023-08-01
13859,2023-07-26 14:48:00,19650.0,19779.35,1209200,7039200,147.15,14.2,186950,718850,0.675737,-0.332468,0.00106513,0.0010202,13.284578,14.010266,2023-08-01
8602,2023-07-26 14:48:00,19700.0,19779.35,4401650,15189550,108.15,24.75,731800,1685650,0.620224,-0.383218,0.00112435,0.00109215,13.323551,13.753786,2023-08-01
3342,2023-07-26 14:48:00,19750.0,19779.35,4720950,10419900,74.4,41.15,792150,1993450,0.563355,-0.43834,0.0011757,0.00114093,13.183921,13.59486,2023-08-01
710,2023-07-26 14:48:00,19800.0,19779.35,16347800,13336800,47.95,64.9,2381350,2881200,0.504068,-0.495839,0.00119296,0.00115338,13.158773,13.610372,2023-08-01
5972,2023-07-26 14:48:00,19850.0,19779.35,10632700,3157350,29.05,95.85,1169200,751300,0.44518,-0.552753,0.00117315,0.00113443,13.255109,13.717307,2023-08-01
11231,2023-07-26 14:48:00,19900.0,19779.35,14308900,3403650,16.8,133.8,1448650,595950,0.389641,-0.60519,0.00111875,0.00107219,13.492021,14.12983,2023-08-01
16487,2023-07-26 14:48:00,19950.0,19779.35,7175800,638100,9.15,175.65,874200,152200,0.338042,-0.654696,0.00104894,0.00100944,13.715375,14.367494,2023-08-01
21741,2023-07-26 14:48:00,20000.0,19779.35,14455950,1529500,4.9,221.6,791050,139300,0.292711,-0.693539,0.00096183,0.00091317,14.065525,15.126469,2023-08-01
26994,2023-07-26 14:48:00,20050.0,19779.35,6481650,64800,2.7,268.9,326850,6900,0.255127,-0.7291,0.00086633,0.0008296,14.589337,15.709833,2023-08-01
24370,2023-07-26 14:49:00,19500.0,19774.8,1743650,7919250,280.15,3.45,32000,690100,,-0.231997,,0.00073923,0.0,16.24666,2023-08-01
19117,2023-07-26 14:49:00,19550.0,19774.8,308550,5068700,232.05,5.05,25550,864050,0.790611,-0.25655,0.00093156,0.00083926,12.156827,15.108161,2023-08-01
13860,2023-07-26 14:49:00,19600.0,19774.8,1655350,9288650,183.8,8.7,230800,1291350,0.752577,-0.293545,0.00108439,0.00093366,11.471504,14.513169,2023-08-01
8603,2023-07-26 14:49:00,19650.0,19774.8,1209200,7039200,139.95,15.25,203800,1143800,0.687834,-0.337987,0.00116505,0.00102102,11.955499,14.093616,2023-08-01
3343,2023-07-26 14:49:00,19700.0,19774.8,4401650,15189550,101.7,26.75,965150,2677850,0.62269,-0.389688,0.00120338,0.00108174,12.427174,13.958061,2023-08-01
711,2023-07-26 14:49:00,19750.0,19774.8,4720950,10419900,69.2,44.25,1187100,3010700,0.56046,-0.444625,0.00123415,0.0011186,12.577529,13.90281,2023-08-01
5973,2023-07-26 14:49:00,19800.0,19774.8,16347800,13336800,43.6,69.35,3561000,4502500,0.498289,-0.500814,0.0012453,0.00111473,12.609861,14.08701,2023-08-01
11232,2023-07-26 14:49:00,19850.0,19774.8,10632700,3157350,26.3,101.75,1899600,970350,0.438037,-0.554551,0.0012022,0.00107505,12.90419,14.470235,2023-08-01
16488,2023-07-26 14:49:00,19900.0,19774.8,14308900,3403650,15.1,140.7,2007300,782800,0.382252,-0.60195,0.00113438,0.00099884,13.235591,15.205358,2023-08-01
21742,2023-07-26 14:49:00,19950.0,19774.8,7175800,638100,8.25,183.85,1292400,123250,0.331418,-0.641789,0.00105296,0.00091072,13.561181,16.141901,2023-08-01
26995,2023-07-26 14:49:00,20000.0,19774.8,14455950,1529500,4.55,230.2,1455850,156150,0.288194,-0.671602,0.00095581,0.00081233,14.055395,17.513909,2023-08-01
24371,2023-07-26 14:50:00,19500.0,19771.55,1743650,7919250,277.0,3.6,36950,620000,,-0.234335,,0.00074373,0.0,16.242095,2023-08-01
19118,2023-07-26 14:50:00,19550.0,19771.55,308550,5068700,228.55,5.15,9750,723900,0.7963,-0.258082,0.00095232,0.00084701,11.701979,15.019635,2023-08-01
13861,2023-07-26 14:50:00,19600.0,19771.55,1655350,9288650,182.25,8.85,198400,1213600,0.732379,-0.295249,0.00104113,0.00094336,12.448078,14.405591,2023-08-01
8604,2023-07-26 14:50:00,19650.0,19771.55,1209200,7039200,138.7,15.3,170700,1205150,0.676168,-0.339304,0.00112722,0.00103706,12.552305,13.899477,2023-08-01
3344,2023-07-26 14:50:00,19700.0,19771.55,4401650,15189550,100.05,26.9,897950,2595550,0.61697,-0.391665,0.00118918,0.00110069,12.636208,13.740499,2023-08-01
712,2023-07-26 14:50:00,19750.0,19771.55,4720950,10419900,68.1,44.6,1092350,2981850,0.555659,-0.447472,0.00121704,0.00113987,12.779903,13.659793,2023-08-01
5974,2023-07-26 14:50:00,19800.0,19771.55,16347800,13336800,43.1,69.75,3176100,4019200,0.494456,-0.504723,0.00122334,0.00114211,12.837957,13.751448,2023-08-01
11233,2023-07-26 14:50:00,19850.0,19771.55,10632700,3157350,25.85,102.35,1381900,816450,0.434951,-0.56002,0.00118717,0.00110576,13.054132,14.043365,2023-08-01
16489,2023-07-26 14:50:00,19900.0,19771.55,14308900,3403650,14.9,141.4,1624150,641150,0.379992,-0.609589,0.00111954,0.00103341,13.389918,14.621811,2023-08-01
21743,2023-07-26 14:50:00,19950.0,19771.55,7175800,638100,8.3,185.05,1149650,99550,0.330591,-0.650568,0.00103582,0.00093899,13.774989,15.521233,2023-08-01
26996,2023-07-26 14:50:00,20000.0,19771.55,14455950,1529500,4.75,230.6,1477250,113800,0.289361,-0.687591,0.00093732,0.00085853,14.363172,16.232909,2023-08-01
24372,2023-07-26 14:51:00,19500.0,19766.6,1734350,7936350,268.8,3.7,21950,488750,,-0.236248,,0.00075352,0.0,16.108351,2023-08-01
19119,2023-07-26 14:51:00,19550.0,19766.6,301600,5048650,220.65,5.45,27650,542400,,-0.261706,,0.00085584,0.0,14.976598,2023-08-01
13862,2023-07-26 14:51:00,19600.0,19766.6,1671450,9299600,174.0,9.35,128100,870050,0.779074,-0.299391,0.00120107,0.00095257,9.732319,14.361755,2023-08-01
8605,2023-07-26 14:51:00,19650.0,19766.6,1217450,7136250,131.8,16.4,125600,658950,0.684809,-0.344963,0.00121871,0.00104008,11.482622,13.950472,2023-08-01
3345,2023-07-26 14:51:00,19700.0,19766.6,4474750,14503600,93.95,28.85,647000,1663800,0.617167,-0.397997,0.00126051,0.00109554,11.922893,13.869987,2023-08-01
713,2023-07-26 14:51:00,19750.0,19766.6,5038400,9905350,63.25,47.85,886300,2049650,0.551313,-0.453904,0.00126702,0.00111995,12.297714,13.935088,2023-08-01
5975,2023-07-26 14:51:00,19800.0,19766.6,16774250,11868450,39.35,74.35,2046450,2440900,0.487822,-0.509838,0.00126212,0.00110687,12.442749,14.190246,2023-08-01
11234,2023-07-26 14:51:00,19850.0,19766.6,10721600,2803100,23.55,108.05,1042950,462150,0.427671,-0.562435,0.00120539,0.00105822,12.819581,14.664936,2023-08-01
16490,2023-07-26 14:51:00,19900.0,19766.6,14309450,3146100,13.65,148.15,1269650,348800,0.373386,-0.60752,0.00112307,0.00097287,13.279205,15.559556,2023-08-01
21744,2023-07-26 14:51:00,19950.0,19766.6,7107200,657100,7.75,192.55,862350,98000,0.325623,-0.642842,0.00102886,0.00087147,13.787731,16.860399,2023-08-01
26997,2023-07-26 14:51:00,20000.0,19766.6,14337350,1491650,4.55,238.65,1040800,72950,0.286221,-0.672512,0.00092579,0.00078514,14.471689,18.109766,2023-08-01
24373,2023-07-26 14:52:00,19500.0,19764.1,1734350,7936350,270.0,3.65,18750,502350,0.844962,-0.236035,0.00083671,0.00076065,11.219908,15.952197,2023-08-01
19120,2023-07-26 14:52:00,19550.0,19764.1,301600,5048650,222.55,5.4,8500,444050,0.766399,-0.261748,0.00093094,0.00086504,12.959781,14.821273,2023-08-01
13863,2023-07-26 14:52:00,19600.0,19764.1,1671450,9299600,176.3,9.25,114450,884700,0.717603,-0.299475,0.0010313,0.00096541,12.910282,14.175223,2023-08-01
8606,2023-07-26 14:52:00,19650.0,19764.1,1217450,7136250,133.1,16.1,103400,710200,0.665195,-0.344856,0.00112386,0.00106054,12.766017,13.682293,2023-08-01
3346,2023-07-26 14:52:00,19700.0,19764.1,4474750,14503600,95.5,28.4,502100,1523750,0.606417,-0.398557,0.00117893,0.0011226,12.852369,13.543227,2023-08-01
714,2023-07-26 14:52:00,19750.0,19764.1,5038400,9905350,64.45,47.0,869500,1928000,0.546098,-0.455451,0.00120677,0.00115957,12.934911,13.467409,2023-08-01
5976,2023-07-26 14:52:00,19800.0,19764.1,16774250,11868450,40.4,73.35,2081000,1863250,0.485531,-0.513467,0.00121191,0.00115493,12.958191,13.598644,2023-08-01
11235,2023-07-26 14:52:00,19850.0,19764.1,10721600,2803100,24.05,106.8,1249450,338950,0.426775,-0.569325,0.00117353,0.00111778,13.164614,13.845861,2023-08-01
16491,2023-07-26 14:52:00,19900.0,19764.1,14309450,3146100,14.0,146.65,1369100,294100,0.373433,-0.619126,0.00109887,0.00104207,13.574685,14.402569,2023-08-01
21745,2023-07-26 14:52:00,19950.0,19764.1,7107200,657100,8.0,191.05,1064150,46400,0.326345,-0.659271,0.00101016,0.00094083,14.058204,15.353233,2023-08-01
26998,2023-07-26 14:52:00,20000.0,19764.1,14337350,1491650,4.7,237.0,1130150,54350,0.287127,-0.69632,0.00091241,0.00085905,14.708659,16.030448,2023-08-01
24374,2023-07-26 14:53:00,19500.0,19763.9,1734350,7936350,272.15,3.5,19900,446650,0.775841,-0.234268,0.00078089,0.00076429,15.097291,15.811623,2023-08-01
19121,2023-07-26 14:53:00,19550.0,19763.9,301600,5048650,223.5,5.25,12100,390350,0.75121,-0.260475,0.00089801,0.00086909,13.903981,14.716151,2023-08-01
13864,2023-07-26 14:53:00,19600.0,19763.9,1671450,9299600,177.1,9.05,122700,636250,0.710194,-0.298408,0.00100449,0.00097076,13.419852,14.075118,2023-08-01
8607,2023-07-26 14:53:00,19650.0,19763.9,1217450,7136250,134.0,15.75,109850,601000,0.660632,-0.343729,0.00109703,0.00106938,13.147956,13.553507,2023-08-01
3347,2023-07-26 14:53:00,19700.0,19763.9,4474750,14503600,96.25,28.0,500400,1488450,0.604341,-0.397948,0.00115835,0.00113232,13.100488,13.422469,2023-08-01
715,2023-07-26 14:53:00,19750.0,19763.9,5038400,9905350,64.65,46.35,827950,1578250,0.545615,-0.455194,0.00119957,0.00117477,13.015185,13.293028,2023-08-01
5977,2023-07-26 14:53:00,19800.0,19763.9,16774250,11868450,40.5,72.55,1641650,1739150,0.485366,-0.514041,0.00120736,0.00117397,13.007709,13.378406,2023-08-01
11236,2023-07-26 14:53:00,19850.0,19763.9,10721600,2803100,24.0,106.0,889150,355450,0.426572,-0.570999,0.00117291,0.0011383,13.171154,13.586903,2023-08-01
16492,2023-07-26 14:53:00,19900.0,19763.9,14309450,3146100,14.0,145.55,1247600,271400,0.373374,-0.623179,0.00109744,0.00107125,13.592662,13.96536,2023-08-01
21746,2023-07-26 14:53:00,19950.0,19763.9,7107200,657100,7.9,189.6,796700,34350,0.325722,-0.667431,0.00101189,0.00097932,14.024235,14.612536,2023-08-01
26999,2023-07-26 14:53:00,20000.0,19763.9,14337350,1491650,4.6,235.55,720150,50300,0.286161,-0.709424,0.00091456,0.00090078,14.651665,14.983599,2023-08-01
24375,2023-07-26 14:54:00,19500.0,19757.45,1731700,7757200,262.95,3.5,23800,299250,0.911519,-0.235181,0.00076928,0.00078076,8.214112,15.517264,2023-08-01
19122,2023-07-26 14:54:00,19550.0,19757.45,295250,5023000,215.05,5.25,20000,337550,0.780004,-0.261658,0.00098546,0.00089101,11.840481,14.393155,2023-08-01
13865,2023-07-26 14:54:00,19600.0,19757.45,1701200,9373500,169.75,9.25,156600,609250,0.715122,-0.301227,0.00106093,0.00099491,12.608118,13.797432,2023-08-01
8608,2023-07-26 14:54:00,19650.0,19757.45,1219300,7014350,127.0,16.4,164000,725650,0.660415,-0.348425,0.00115203,0.00109282,12.528106,13.33499,2023-08-01
3348,2023-07-26 14:54:00,19700.0,19757.45,4618050,14456050,89.95,29.35,728700,1849350,0.600328,-0.404091,0.00120759,0.0011528,12.605016,13.241663,2023-08-01
716,2023-07-26 14:54:00,19750.0,19757.45,5573600,9385700,59.6,48.95,1110150,1891250,0.538751,-0.462616,0.0012363,0.00118392,12.656606,13.220914,2023-08-01
5978,2023-07-26 14:54:00,19800.0,19757.45,17366500,11237150,36.5,76.65,2307150,2343700,0.476793,-0.521466,0.00123919,0.00116725,12.665484,13.449345,2023-08-01
11237,2023-07-26 14:54:00,19850.0,19757.45,10984950,2672650,21.4,111.25,1244900,535200,0.417412,-0.577252,0.0011896,0.00112072,12.931666,13.764231,2023-08-01
16493,2023-07-26 14:54:00,19900.0,19757.45,14380600,3090900,12.4,152.25,1627600,474050,0.364567,-0.625314,0.00110335,0.00103129,13.419787,14.486204,2023-08-01
21747,2023-07-26 14:54:00,19950.0,19757.45,7103750,665450,6.95,197.0,964950,67200,0.317539,-0.664685,0.00101124,0.0009306,13.891013,15.433277,2023-08-01
27000,2023-07-26 14:54:00,20000.0,19757.45,14325350,1465700,4.1,243.35,996250,64250,0.279517,-0.700032,0.00090804,0.00084575,14.596855,16.200159,2023-08-01
24376,2023-07-26 14:55:00,19500.0,19750.55,1731700,7757200,254.25,3.75,39250,652950,,-0.239257,,0.00079344,0.0,15.420409,2023-08-01
19123,2023-07-26 14:55:00,19550.0,19750.55,295250,5023000,207.1,6.05,26600,616500,0.806824,-0.269942,0.00105801,0.00089595,10.214945,14.547786,2023-08-01
13866,2023-07-26 14:55:00,19600.0,19750.55,1701200,9373500,161.65,10.9,257250,1443500,0.723525,-0.311957,0.00113762,0.00098807,11.593789,14.115071,2023-08-01
8609,2023-07-26 14:55:00,19650.0,19750.55,1219300,7014350,120.15,19.15,282250,1417850,0.657535,-0.359893,0.00119877,0.0010731,12.083325,13.743146,2023-08-01
3349,2023-07-26 14:55:00,19700.0,19750.55,4618050,14456050,84.45,33.55,1157550,3631300,0.593438,-0.414965,0.00123451,0.0011185,12.389181,13.741058,2023-08-01
717,2023-07-26 14:55:00,19750.0,19750.55,5573600,9385700,55.6,54.55,1677200,4079550,0.530355,-0.471711,0.0012467,0.0011378,12.579177,13.788419,2023-08-01
5979,2023-07-26 14:55:00,19800.0,19750.55,17366500,11237150,34.15,83.2,3374350,3623400,0.46847,-0.527992,0.00123052,0.00111766,12.741625,14.037526,2023-08-01
11238,2023-07-26 14:55:00,19850.0,19750.55,10984950,2672650,20.05,119.25,1703950,784150,0.410136,-0.579623,0.00117381,0.00105387,13.057631,14.62574,2023-08-01
16494,2023-07-26 14:55:00,19900.0,19750.55,14380600,3090900,11.7,160.45,1817500,586700,0.358736,-0.624306,0.0010842,0.00097059,13.587325,15.411398,2023-08-01
21748,2023-07-26 14:55:00,19950.0,19750.55,7103750,665450,6.7,206.0,1216350,119000,0.313685,-0.657479,0.00098916,0.00086302,14.133136,16.785375,2023-08-01
27001,2023-07-26 14:55:00,20000.0,19750.55,14325350,1465700,4.05,252.85,1160850,129500,0.277443,-0.685402,0.00088694,0.00077435,14.896166,18.076083,2023-08-01
24377,2023-07-26 14:56:00,19500.0,19754.75,1731700,7757200,263.8,3.4,31200,834250,0.763306,-0.234382,0.00078584,0.00079002,15.475455,15.310482,2023-08-01
19124,2023-07-26 14:56:00,19550.0,19754.75,295250,5023000,216.45,5.35,24150,634000,0.729428,-0.263171,0.00087713,0.00089781,14.874796,14.330113,2023-08-01
13867,2023-07-26 14:56:00,19600.0,19754.75,1701200,9373500,170.3,9.65,205300,1399450,0.693494,-0.304292,0.00098786,0.00099744,14.007444,13.828402,2023-08-01
8610,2023-07-26 14:56:00,19650.0,19754.75,1219300,7014350,127.85,17.0,173250,1455900,0.646511,-0.351564,0.00108161,0.0010951,13.547138,13.354065,2023-08-01
3350,2023-07-26 14:56:00,19700.0,19754.75,4618050,14456050,90.85,30.0,892250,2900000,0.592171,-0.406863,0.00114717,0.00115971,13.340616,13.188652,2023-08-01
718,2023-07-26 14:56:00,19750.0,19754.75,5573600,9385700,60.5,49.6,2196150,3126650,0.534163,-0.465529,0.00118422,0.00119745,13.230558,13.083455,2023-08-01
5980,2023-07-26 14:56:00,19800.0,19754.75,17366500,11237150,37.8,76.8,2832950,2605200,0.474927,-0.525496,0.0011835,0.00119917,13.261022,13.086871,2023-08-01
11239,2023-07-26 14:56:00,19850.0,19754.75,10984950,2672650,22.3,111.3,1220750,455050,0.417456,-0.583883,0.00114724,0.00116386,13.412753,13.211735,2023-08-01
16495,2023-07-26 14:56:00,19900.0,19754.75,14380600,3090900,12.9,151.8,1622550,396200,0.365341,-0.637635,0.00107457,0.00109508,13.792513,13.49677,2023-08-01
21749,2023-07-26 14:56:00,19950.0,19754.75,7103750,665450,7.3,196.85,983650,54650,0.319113,-0.681583,0.000989,0.00099204,14.236467,14.179868,2023-08-01
27002,2023-07-26 14:56:00,20000.0,19754.75,14325350,1465700,4.35,243.4,1148600,78450,0.281642,-0.724843,0.00089119,0.00090965,14.931353,14.463221,2023-08-01
24378,2023-07-26 14:57:00,19500.0,19763.55,1730100,7647350,271.2,2.9,53300,877150,0.785455,-0.22639,0.000796,0.00077839,14.445966,15.234864,2023-08-01
19125,2023-07-26 14:57:00,19550.0,19763.55,299900,4912750,222.45,4.6,45400,706150,0.75936,-0.254427,0.00091811,0.00088575,13.361186,14.267834,2023-08-01
13868,2023-07-26 14:57:00,19600.0,19763.55,1682200,9251800,177.6,8.5,304600,1202800,0.70428,-0.29536,0.0009834,0.00098482,13.84032,13.812608,2023-08-01
8611,2023-07-26 14:57:00,19650.0,19763.55,1279400,6598700,134.15,15.3,302450,1074800,0.658385,-0.34238,0.0010858,0.00108092,13.320817,13.392192,2023-08-01
3351,2023-07-26 14:57:00,19700.0,19763.55,4831950,13324550,96.5,27.3,1449150,2179000,0.602836,-0.396913,0.00114628,0.00114914,13.255293,13.219993,2023-08-01
719,2023-07-26 14:57:00,19750.0,19763.55,6237750,7857600,65.0,45.9,2144200,2200000,0.544751,-0.455238,0.00118635,0.00118669,13.166808,13.16298,2023-08-01
5981,2023-07-26 14:57:00,19800.0,19763.55,17152350,9523950,40.9,72.4,4056050,2292450,0.485179,-0.514582,0.00119361,0.00118047,13.160525,13.307335,2023-08-01
11240,2023-07-26 14:57:00,19850.0,19763.55,10903200,2409000,24.7,105.85,2183550,402300,0.427587,-0.571983,0.00115233,0.00114625,13.416051,13.489951,2023-08-01
16496,2023-07-26 14:57:00,19900.0,19763.55,14300350,2805100,14.45,145.6,2212000,309500,0.374871,-0.624219,0.00108278,0.00107589,13.797523,13.896449,2023-08-01
21750,2023-07-26 14:57:00,19950.0,19763.55,7210650,646000,8.15,190.15,1403250,44000,0.32729,-0.666389,0.00100235,0.00097224,14.188949,14.740819,2023-08-01
27003,2023-07-26 14:57:00,20000.0,19763.55,14365900,1419000,4.75,235.25,1471700,56250,0.287751,-0.715657,0.00090814,0.00091865,14.797697,14.545855,2023-08-01
24379,2023-07-26 14:58:00,19500.0,19763.45,1730100,7647350,271.45,2.7,41350,655450,0.779161,-0.223421,0.00078725,0.00078333,14.853081,15.026788,2023-08-01
19126,2023-07-26 14:58:00,19550.0,19763.45,299900,4912750,223.35,4.3,8750,460200,0.74733,-0.251311,0.00089047,0.00089377,14.141494,14.049204,2023-08-01
13869,2023-07-26 14:58:00,19600.0,19763.45,1682200,9251800,177.0,8.15,134150,882150,0.707366,-0.29321,0.00099609,0.00099384,13.598742,13.641999,2023-08-01
8612,2023-07-26 14:58:00,19650.0,19763.45,1279400,6598700,133.65,14.85,155700,785700,0.65981,-0.340772,0.00109569,0.001092,13.180327,13.233536,2023-08-01
3352,2023-07-26 14:58:00,19700.0,19763.45,4831950,13324550,95.6,27.25,645600,1362500,0.604316,-0.396899,0.00116462,0.00115075,13.034206,13.202204,2023-08-01
720,2023-07-26 14:58:00,19750.0,19763.45,6237750,7857600,64.55,45.95,1096700,1129750,0.544893,-0.455373,0.00119459,0.00118632,13.076313,13.168409,2023-08-01
5982,2023-07-26 14:58:00,19800.0,19763.45,17152350,9523950,40.55,72.55,2740000,1202700,0.484938,-0.514662,0.00120014,0.0011782,13.089528,13.333733,2023-08-01
11241,2023-07-26 14:58:00,19850.0,19763.45,10903200,2409000,24.55,106.9,1507250,233550,0.427292,-0.570522,0.00115479,0.00112387,13.386556,13.768599,2023-08-01
16497,2023-07-26 14:58:00,19900.0,19763.45,14300350,2805100,14.25,146.2,1441950,179850,0.374191,-0.62264,0.00108699,0.00106299,13.737037,14.08447,2023-08-01
21751,2023-07-26 14:58:00,19950.0,19763.45,7210650,646000,8.0,190.0,767950,22500,0.326413,-0.667718,0.00100588,0.00097802,14.124649,14.631431,2023-08-01
27004,2023-07-26 14:58:00,20000.0,19763.45,14365900,1419000,4.5,235.1,783550,38600,0.285342,-0.718279,0.00091516,0.00092618,14.62667,14.364434,2023-08-01
24380,2023-07-26 14:59:00,19500.0,19763.65,1730100,7647350,272.0,2.55,19600,533750,0.773599,-0.221049,0.0007781,0.00078638,15.24253,14.878335,2023-08-01
19127,2023-07-26 14:59:00,19550.0,19763.65,299900,4912750,223.95,4.1,15550,531200,0.743156,-0.249101,0.00087935,0.0008983,14.444331,13.913664,2023-08-01
13870,2023-07-26 14:59:00,19600.0,19763.65,1682200,9251800,177.2,7.8,125250,804900,0.707339,-0.290899,0.0009949,0.00100174,13.616332,13.485258,2023-08-01
8613,2023-07-26 14:59:00,19650.0,19763.65,1279400,6598700,133.4,14.15,169950,846400,0.661581,-0.338016,0.00110522,0.00110775,13.041161,13.005352,2023-08-01
3353,2023-07-26 14:59:00,19700.0,19763.65,4831950,13324550,95.85,25.8,578550,1159750,0.604292,-0.393901,0.00116153,0.00118205,13.069652,12.82673,2023-08-01
721,2023-07-26 14:59:00,19750.0,19763.65,6237750,7857600,64.4,44.35,1008500,1273150,0.545303,-0.45406,0.00119986,0.00121946,13.017945,12.806342,2023-08-01
5983,2023-07-26 14:59:00,19800.0,19763.65,17152350,9523950,40.6,70.25,2469150,1471050,0.485169,-0.515308,0.00120051,0.00122718,13.08639,12.801382,2023-08-01
11242,2023-07-26 14:59:00,19850.0,19763.65,10903200,2409000,24.6,102.9,1698200,282000,0.427533,-0.576852,0.00115471,0.00121693,13.389524,12.678213,2023-08-01
16498,2023-07-26 14:59:00,19900.0,19763.65,14300350,2805100,14.25,143.0,1321950,188950,0.374321,-0.633056,0.00108782,0.00114335,13.728754,12.978019,2023-08-01
21752,2023-07-26 14:59:00,19950.0,19763.65,7210650,646000,7.95,186.7,1038600,40200,0.326227,-0.687625,0.00100793,0.00107178,14.093291,13.014518,2023-08-01
27005,2023-07-26 14:59:00,20000.0,19763.65,14365900,1419000,4.5,232.0,1018850,48700,0.285447,-0.767676,0.00091566,0.00105496,14.621945,11.406373,2023-08-01
24381,2023-07-26 15:00:00,19550.0,19780.2,297500,4963150,236.75,3.6,64850,1026700,0.809112,-0.240604,0.00093383,0.00085623,11.475386,14.31615,2023-08-01
19128,2023-07-26 15:00:00,19600.0,19780.2,1689250,9433750,188.8,6.8,400400,1533000,0.758017,-0.280132,0.00106945,0.00095495,11.497495,13.88349,2023-08-01
13871,2023-07-26 15:00:00,19650.0,19780.2,1204700,6571050,144.95,12.4,428350,1398550,0.691052,-0.325158,0.00113928,0.0010544,12.175319,13.443626,2023-08-01
8614,2023-07-26 15:00:00,19700.0,19780.2,4772950,13079250,105.35,22.9,2164300,2903800,0.629659,-0.378916,0.00120122,0.00112289,12.380524,13.34032,2023-08-01
3354,2023-07-26 15:00:00,19750.0,19780.2,6222250,7837950,72.3,39.55,3633100,2685000,0.567033,-0.436283,0.00122953,0.00116306,12.595586,13.333849,2023-08-01
722,2023-07-26 15:00:00,19800.0,19780.2,18106800,9186450,46.45,64.0,5905250,3230900,0.504996,-0.494902,0.00123081,0.00115893,12.762047,13.553623,2023-08-01
5984,2023-07-26 15:00:00,19850.0,19780.2,10392800,2348700,28.45,95.6,2608800,718100,0.445294,-0.551302,0.00118968,0.00112484,13.079946,13.849831,2023-08-01
11243,2023-07-26 15:00:00,19900.0,19780.2,14308500,2734250,16.75,134.2,2638800,564950,0.390332,-0.601493,0.00112151,0.00104709,13.474295,14.514352,2023-08-01
16499,2023-07-26 15:00:00,19950.0,19780.2,7528950,634050,9.25,177.3,1704250,89250,0.33942,-0.643699,0.00104711,0.00095347,13.769746,15.394849,2023-08-01
21753,2023-07-26 15:00:00,20000.0,19780.2,14483350,1421400,5.15,222.3,1857600,123750,0.29587,-0.682908,0.00095474,0.00087729,14.249615,15.989461,2023-08-01
27006,2023-07-26 15:00:00,20050.0,19780.2,6741950,60400,2.85,271.6,1059350,7000,0.258294,-0.698994,0.00086204,0.00075237,14.766023,18.224435,2023-08-01
24382,2023-07-26 15:01:00,19550.0,19780.85,297500,4963150,229.7,4.0,9800,427100,,-0.245375,,0.00084391,0.0,14.680515,2023-08-01
19129,2023-07-26 15:01:00,19600.0,19780.85,1689250,9433750,183.35,7.45,104800,701500,,-0.284735,,0.00093617,0.0,14.273872,2023-08-01
13872,2023-07-26 15:01:00,19650.0,19780.85,1204700,6571050,139.05,13.6,122350,529150,0.755347,-0.330137,0.00141284,0.00102285,8.755037,13.944218,2023-08-01
8615,2023-07-26 15:01:00,19700.0,19780.85,4772950,13079250,100.65,25.25,643150,1093200,0.648182,-0.383983,0.0013561,0.0010688,10.775605,14.072074,2023-08-01
3355,2023-07-26 15:01:00,19750.0,19780.85,6222250,7837950,68.55,42.85,1252950,1021000,0.573277,-0.439075,0.00133554,0.00109188,11.563518,14.219301,2023-08-01
723,2023-07-26 15:01:00,19800.0,19780.85,18106800,9186450,43.6,68.55,2382900,1311100,0.505759,-0.49404,0.00130809,0.00106588,12.00811,14.736736,2023-08-01
5985,2023-07-26 15:01:00,19850.0,19780.85,10392800,2348700,26.4,101.15,1143050,316700,0.443171,-0.544708,0.00124602,0.00101267,12.47947,15.415232,2023-08-01
11244,2023-07-26 15:01:00,19900.0,19780.85,14308500,2734250,15.4,140.3,1280850,213400,0.386785,-0.587785,0.00116101,0.0009271,12.982123,16.532657,2023-08-01
16500,2023-07-26 15:01:00,19950.0,19780.85,7528950,634050,8.55,183.0,948550,25950,0.33592,-0.623902,0.00107063,0.00084324,13.413749,17.723834,2023-08-01
21754,2023-07-26 15:01:00,20000.0,19780.85,14483350,1421400,4.65,228.3,991300,61900,0.291445,-0.6532,0.00097319,0.00076215,13.882625,19.072572,2023-08-01
27007,2023-07-26 15:01:00,20050.0,19780.85,6741950,60400,2.65,275.6,465200,1950,0.255445,-0.675168,0.00087066,0.00068349,14.536155,20.730967,2023-08-01
24383,2023-07-26 15:02:00,19500.0,19772.75,1709350,7569650,268.4,2.8,52350,783650,,-0.224077,,0.00075706,0.0,15.570346,2023-08-01
19130,2023-07-26 15:02:00,19550.0,19772.75,297500,4963150,220.9,4.5,56900,806750,,-0.25217,,0.00085702,0.0,14.674597,2023-08-01
13873,2023-07-26 15:02:00,19600.0,19772.75,1689250,9433750,173.55,8.6,330450,1375100,,-0.294063,,0.00094198,0.0,14.408986,2023-08-01
8616,2023-07-26 15:02:00,19650.0,19772.75,1204700,6571050,130.8,15.6,288500,1314500,0.756294,-0.340473,0.0014969,0.00102146,8.249972,14.139254,2023-08-01
3356,2023-07-26 15:02:00,19700.0,19772.75,4772950,13079250,94.05,28.65,1487050,2596150,0.638442,-0.394728,0.00138394,0.00105503,10.665598,14.375148,2023-08-01
724,2023-07-26 15:02:00,19750.0,19772.75,6222250,7837950,63.5,48.05,2187850,2665050,0.562573,-0.449325,0.0013458,0.00106211,11.534373,14.677983,2023-08-01
5986,2023-07-26 15:02:00,19800.0,19772.75,18106800,9186450,40.35,75.15,3915650,3040600,0.49524,-0.502316,0.00129886,0.00102909,12.099514,15.272074,2023-08-01
11245,2023-07-26 15:02:00,19850.0,19772.75,10392800,2348700,24.7,109.35,2011650,764350,0.43432,-0.550082,0.00122123,0.00096437,12.694675,16.168686,2023-08-01
16501,2023-07-26 15:02:00,19900.0,19772.75,14308500,2734250,14.5,149.4,2235350,527550,0.379717,-0.589914,0.00113383,0.00087762,13.226611,17.451371,2023-08-01
21755,2023-07-26 15:02:00,19950.0,19772.75,7528950,634050,8.2,192.35,1839450,65100,0.330993,-0.623588,0.00104138,0.00079931,13.716709,18.711604,2023-08-01
27008,2023-07-26 15:02:00,20000.0,19772.75,14483350,1421400,4.65,239.6,2314200,101800,0.28937,-0.645381,0.00094251,0.00070203,14.293368,20.884064,2023-08-01
24384,2023-07-26 15:03:00,19550.0,19776.5,298450,5056550,225.7,3.95,12500,707050,0.740231,-0.245578,0.00082572,0.00085862,15.466579,14.440208,2023-08-01
19131,2023-07-26 15:03:00,19600.0,19776.5,1711350,9288250,179.45,7.6,98150,663650,,-0.286817,,0.0009499,0.0,14.121059,2023-08-01
13874,2023-07-26 15:03:00,19650.0,19776.5,1184400,6568050,135.9,13.9,95550,641850,0.735848,-0.332828,0.00137925,0.00103863,9.339252,13.781485,2023-08-01
8617,2023-07-26 15:03:00,19700.0,19776.5,4877200,12863050,97.9,25.85,584700,1119600,0.639868,-0.387412,0.00134267,0.00108486,10.977097,13.904653,2023-08-01
3357,2023-07-26 15:03:00,19750.0,19776.5,6334300,7596800,66.2,43.95,1418700,1007850,0.567003,-0.443289,0.00132973,0.00110614,11.650789,14.062859,2023-08-01
725,2023-07-26 15:03:00,19800.0,19776.5,17810350,8795000,42.05,69.75,2112200,1095450,0.500115,-0.498797,0.00129689,0.00108607,12.117119,14.469117,2023-08-01
5987,2023-07-26 15:03:00,19850.0,19776.5,10450200,2292350,25.45,103.5,829200,246100,0.438372,-0.54958,0.00123267,0.0010197,12.596015,15.291798,2023-08-01
11246,2023-07-26 15:03:00,19900.0,19776.5,14428900,2669200,14.8,143.05,1000250,230100,0.382659,-0.592674,0.0011488,0.00093269,13.083022,16.39204,2023-08-01
16502,2023-07-26 15:03:00,19950.0,19776.5,7400750,628800,8.2,186.05,895200,15300,0.332392,-0.628816,0.00105916,0.00084786,13.507343,17.559599,2023-08-01
21756,2023-07-26 15:03:00,20000.0,19776.5,14489550,1409350,4.5,232.3,899250,35100,0.288918,-0.655505,0.00096112,0.00075556,14.00443,19.197878,2023-08-01
27009,2023-07-26 15:03:00,20050.0,19776.5,6721650,61300,2.55,283.35,416600,6750,0.253124,-0.663541,0.00086095,0.00063626,14.63481,22.5929,2023-08-01
24385,2023-07-26 15:04:00,19550.0,19779.35,298450,5056550,226.7,3.85,35300,430400,,-0.244027,,0.000852,0.0,14.501654,2023-08-01
19132,2023-07-26 15:04:00,19600.0,19779.35,1711350,9288250,180.6,7.45,116000,590550,,-0.285216,,0.00094169,0.0,14.205046,2023-08-01
13875,2023-07-26 15:04:00,19650.0,19779.35,1184400,6568050,137.0,13.7,101950,663650,0.765476,-0.331148,0.00146144,0.00102778,8.272788,13.89776,2023-08-01
8618,2023-07-26 15:04:00,19700.0,19779.35,4877200,12863050,98.7,25.45,781000,1169700,0.649193,-0.385216,0.00138567,0.00107378,10.537241,14.023553,2023-08-01
3358,2023-07-26 15:04:00,19750.0,19779.35,6334300,7596800,66.85,43.45,986600,1005200,0.5723,-0.440756,0.00135767,0.00109193,11.383056,14.231298,2023-08-01
726,2023-07-26 15:04:00,19800.0,19779.35,17810350,8795000,42.75,69.45,2011750,1167400,0.503781,-0.495639,0.00131141,0.00106354,11.981414,14.773626,2023-08-01
5988,2023-07-26 15:04:00,19850.0,19779.35,10450200,2292350,26.1,102.5,835450,345650,0.441589,-0.545862,0.0012397,0.00100542,12.538889,15.52514,2023-08-01
11247,2023-07-26 15:04:00,19900.0,19779.35,14428900,2669200,15.2,141.7,1134050,210400,0.38546,-0.588627,0.00115578,0.00092136,13.031093,16.631737,2023-08-01
16503,2023-07-26 15:04:00,19950.0,19779.35,7400750,628800,8.45,185.8,785600,24100,0.33493,-0.621148,0.00106537,0.00081904,13.467734,18.293387,2023-08-01
21757,2023-07-26 15:04:00,20000.0,19779.35,14489550,1409350,4.75,231.0,1065300,30050,0.292173,-0.649573,0.00096349,0.0007417,14.042235,19.678302,2023-08-01
27010,2023-07-26 15:04:00,20050.0,19779.35,6721650,61300,2.65,279.85,384700,3500,0.255334,-0.665088,0.00086574,0.00064813,14.61903,22.137103,2023-08-01
24386,2023-07-26 15:05:00,19500.0,19772.25,1736800,7435950,267.7,2.7,22550,403650,,-0.22279,,0.00076033,0.0,15.455816,2023-08-01
19133,2023-07-26 15:05:00,19550.0,19772.25,298450,5056550,218.6,4.4,9400,292900,,-0.25137,,0.00086072,0.0,14.589967,2023-08-01
13876,2023-07-26 15:05:00,19600.0,19772.25,1711350,9288250,172.45,8.5,114200,534350,,-0.293716,,0.00094581,0.0,14.345626,2023-08-01
8619,2023-07-26 15:05:00,19650.0,19772.25,1184400,6568050,129.6,15.6,99950,432950,0.770946,-0.340764,0.0015527,0.00102344,7.688068,14.11935,2023-08-01
3359,2023-07-26 15:05:00,19700.0,19772.25,4877200,12863050,92.5,28.45,485450,1016400,0.642053,-0.394696,0.00142609,0.00106132,10.316587,14.292487,2023-08-01
727,2023-07-26 15:05:00,19750.0,19772.25,6334300,7596800,62.0,47.9,1016650,1014350,0.563302,-0.449639,0.0013796,0.00106788,11.25065,14.603146,2023-08-01
5989,2023-07-26 15:05:00,19800.0,19772.25,17810350,8795000,39.25,75.55,1575300,1099300,0.494382,-0.502809,0.00132112,0.00102633,11.897601,15.31609,2023-08-01
11248,2023-07-26 15:05:00,19850.0,19772.25,10450200,2292350,23.75,110.05,753450,261750,0.432479,-0.550182,0.00124101,0.00095794,12.485078,16.279935,2023-08-01
16504,2023-07-26 15:05:00,19900.0,19772.25,14428900,2669200,13.9,150.2,972750,192650,0.377562,-0.589584,0.00114636,0.00087084,13.061758,17.594259,2023-08-01
21758,2023-07-26 15:05:00,19950.0,19772.25,7400750,628800,7.8,194.25,702950,21950,0.328564,-0.620413,0.00105029,0.00077923,13.562903,19.247493,2023-08-01
27011,2023-07-26 15:05:00,20000.0,19772.25,14489550,1409350,4.45,240.45,1117450,37350,0.287427,-0.644434,0.00094655,0.00069657,14.189919,21.071794,2023-08-01
24387,2023-07-26 15:06:00,19500.0,19772.75,1735450,7392750,270.6,2.55,18350,346250,,-0.220401,,0.00076251,0.0,15.317465,2023-08-01
19134,2023-07-26 15:06:00,19550.0,19772.75,284250,4919700,223.0,4.05,21850,322200,,-0.24749,,0.00086784,0.0,14.351593,2023-08-01
13877,2023-07-26 15:06:00,19600.0,19772.75,1705150,9273550,175.2,7.8,85200,505150,,-0.289158,,0.0009602,0.0,14.028456,2023-08-01
8620,2023-07-26 15:06:00,19650.0,19772.75,1171000,6557400,132.25,14.45,95550,573450,0.733322,-0.336356,0.00140491,0.00104585,9.216334,13.748075,2023-08-01
3360,2023-07-26 15:06:00,19700.0,19772.75,4911750,12942000,94.55,26.75,370600,922550,0.636435,-0.391207,0.0013649,0.00109124,10.837211,13.866792,2023-08-01
728,2023-07-26 15:06:00,19750.0,19772.75,6356850,7584750,63.55,45.55,710200,855100,0.562425,-0.44751,0.00134266,0.00110645,11.564669,14.084755,2023-08-01
5990,2023-07-26 15:06:00,19800.0,19772.75,17754050,8643700,40.45,72.25,1190450,917600,0.495263,-0.502796,0.00129461,0.0010776,12.141976,14.587884,2023-08-01
11249,2023-07-26 15:06:00,19850.0,19772.75,10390600,2213050,24.55,106.35,657600,208200,0.434162,-0.553001,0.00122366,0.00101193,12.671613,15.39759,2023-08-01
16505,2023-07-26 15:06:00,19900.0,19772.75,14437250,2669700,14.35,146.2,852300,201000,0.379362,-0.595503,0.00113668,0.00092514,13.19279,16.503081,2023-08-01
21759,2023-07-26 15:06:00,19950.0,19772.75,7342400,628950,7.95,190.15,847100,21300,0.329698,-0.629076,0.00104785,0.0008296,13.613743,17.94863,2023-08-01
27012,2023-07-26 15:06:00,20000.0,19772.75,14696700,1398100,4.6,235.8,1292800,31100,0.289105,-0.657269,0.00094333,0.00074916,14.278045,19.331397,2023-08-01
24388,2023-07-26 15:07:00,19500.0,19772.05,1735450,7392750,270.7,2.55,7150,218550,,-0.220546,,0.00076417,0.0,15.291454,2023-08-01
19135,2023-07-26 15:07:00,19550.0,19772.05,284250,4919700,222.05,4.1,7650,288500,,-0.248227,,0.00086872,0.0,14.361156,2023-08-01
13878,2023-07-26 15:07:00,19600.0,19772.05,1705150,9273550,174.9,8.0,62150,380150,,-0.290689,,0.00095812,0.0,14.095019,2023-08-01
8621,2023-07-26 15:07:00,19650.0,19772.05,1171000,6557400,131.85,14.8,60350,531650,0.729313,-0.337971,0.00139423,0.00104157,9.357749,13.831546,2023-08-01
3361,2023-07-26 15:07:00,19700.0,19772.05,4911750,12942000,94.15,27.2,290050,765850,0.63498,-0.39248,0.00136136,0.00108667,10.881087,13.939166,2023-08-01
729,2023-07-26 15:07:00,19750.0,19772.05,6356850,7584750,63.6,46.2,593600,711550,0.560923,-0.448569,0.00132987,0.00109983,11.683875,14.17574,2023-08-01
5991,2023-07-26 15:07:00,19800.0,19772.05,17754050,8643700,40.35,73.4,885000,671000,0.494405,-0.503412,0.00128897,0.00106389,12.19591,14.777018,2023-08-01
11250,2023-07-26 15:07:00,19850.0,19772.05,10390600,2213050,24.55,107.4,506600,183550,0.433651,-0.553092,0.00121755,0.00100169,12.733599,15.555971,2023-08-01
16506,2023-07-26 15:07:00,19900.0,19772.05,14437250,2669700,14.45,147.1,780450,79800,0.37937,-0.59543,0.00112934,0.00091869,13.279858,16.621232,2023-08-01
21760,2023-07-26 15:07:00,19950.0,19772.05,7342400,628950,8.0,191.0,522400,12750,0.329797,-0.628884,0.00104277,0.00082496,13.683048,18.054266,2023-08-01
27013,2023-07-26 15:07:00,20000.0,19772.05,14696700,1398100,4.6,237.0,549500,16250,0.288982,-0.655674,0.00094059,0.00074046,14.318088,19.594534,2023-08-01
24389,2023-07-26 15:08:00,19500.0,19772.0,1735450,7392750,270.0,2.65,3800,372550,,-0.222222,,0.00076185,0.0,15.405343,2023-08-01
19136,2023-07-26 15:08:00,19550.0,19772.0,284250,4919700,221.8,4.15,3650,357950,,-0.248857,,0.00086747,0.0,14.402126,2023-08-01
13879,2023-07-26 15:08:00,19600.0,19772.0,1705150,9273550,175.35,7.95,72550,437600,,-0.290425,,0.00095936,0.0,14.071591,2023-08-01
8622,2023-07-26 15:08:00,19650.0,19772.0,1171000,6557400,131.95,14.7,37200,505350,0.72742,-0.33765,0.00138625,0.00104386,9.444857,13.796928,2023-08-01
3362,2023-07-26 15:08:00,19700.0,19772.0,4911750,12942000,94.1,26.9,267100,597350,0.634906,-0.391944,0.00136143,0.00109283,10.881922,13.856118,2023-08-01
730,2023-07-26 15:08:00,19750.0,19772.0,6356850,7584750,63.4,46.0,441250,639550,0.561032,-0.44847,0.00133418,0.00110373,11.646348,14.126044,2023-08-01
5992,2023-07-26 15:08:00,19800.0,19772.0,17754050,8643700,40.25,72.8,829750,641050,0.494323,-0.503579,0.00129059,0.00107471,12.181333,14.629101,2023-08-01
11251,2023-07-26 15:08:00,19850.0,19772.0,10390600,2213050,24.4,106.85,571700,141150,0.433395,-0.55374,0.00122066,0.00101129,12.700592,15.405818,2023-08-01
16507,2023-07-26 15:08:00,19900.0,19772.0,14437250,2669700,14.15,146.3,852550,95750,0.378385,-0.59706,0.00113691,0.00093202,13.18169,16.367733,2023-08-01
21761,2023-07-26 15:08:00,19950.0,19772.0,7342400,628950,7.9,190.7,511000,7800,0.329225,-0.629817,0.00104529,0.0008298,13.641324,17.935321,2023-08-01
27014,2023-07-26 15:08:00,20000.0,19772.0,14696700,1398100,4.45,236.35,400500,23050,0.287532,-0.658114,0.00094506,0.00074981,14.217461,19.299588,2023-08-01
24390,2023-07-26 15:09:00,19550.0,19775.9,282450,5040900,227.0,4.0,9550,435900,,-0.246604,,0.00085854,0.0,14.47948,2023-08-01
19137,2023-07-26 15:09:00,19600.0,19775.9,1699000,9378050,180.8,7.35,77800,606150,,-0.285532,,0.00095749,0.0,13.984506,2023-08-01
13880,2023-07-26 15:09:00,19650.0,19775.9,1147850,6508500,137.0,13.4,60900,531450,0.716287,-0.331235,0.00129849,0.00105211,10.280571,13.584067,2023-08-01
8623,2023-07-26 15:09:00,19700.0,19775.9,4907750,12837700,98.5,24.8,309200,827800,0.635087,-0.385645,0.00130711,0.00110928,11.330625,13.585559,2023-08-01
3363,2023-07-26 15:09:00,19750.0,19775.9,6252350,7506400,66.4,42.7,556450,783500,0.565363,-0.442738,0.00131233,0.00113395,11.817901,13.720448,2023-08-01
731,2023-07-26 15:09:00,19800.0,19775.9,17757950,8539100,42.1,68.45,1070700,687150,0.499375,-0.499644,0.00128633,0.00111481,12.221227,14.101537,2023-08-01
5993,2023-07-26 15:09:00,19850.0,19775.9,10356500,2167950,25.7,101.8,549950,146850,0.438375,-0.55228,0.00121898,0.00105554,12.742293,14.765269,2023-08-01
11252,2023-07-26 15:09:00,19900.0,19775.9,14314450,2647950,14.85,141.1,763050,121550,0.382706,-0.597786,0.00114173,0.00097222,13.169499,15.681515,2023-08-01
16508,2023-07-26 15:09:00,19950.0,19775.9,7447300,617200,8.2,184.7,588650,12650,0.332452,-0.634505,0.00105468,0.00087643,13.570742,16.9075,2023-08-01
21762,2023-07-26 15:09:00,20000.0,19775.9,14994900,1387300,4.55,231.5,582650,22950,0.289595,-0.660596,0.00095601,0.00077357,14.10001,18.652378,2023-08-01
27015,2023-07-26 15:09:00,20050.0,19775.9,6646750,59250,2.6,283.45,164300,500,0.254184,-0.665123,0.00085661,0.0006397,14.746754,22.438487,2023-08-01
24391,2023-07-26 15:10:00,19550.0,19777.0,282450,5040900,224.65,4.1,5900,289700,,-0.247633,,0.00085238,0.0,14.616647,2023-08-01
19138,2023-07-26 15:10:00,19600.0,19777.0,1699000,9378050,178.1,7.65,73100,514850,,-0.287412,,0.00094542,0.0,14.207257,2023-08-01
13881,2023-07-26 15:10:00,19650.0,19777.0,1147850,6508500,134.5,14.0,72300,421500,0.767506,-0.333364,0.00149163,0.00103213,8.070093,13.882336,2023-08-01
8624,2023-07-26 15:10:00,19700.0,19777.0,4907750,12837700,96.35,25.85,410300,888000,0.647769,-0.387374,0.0014071,0.00107969,10.396842,13.976035,2023-08-01
3364,2023-07-26 15:10:00,19750.0,19777.0,6252350,7506400,65.0,44.15,599500,843500,0.569529,-0.443193,0.00136912,0.00109631,11.307366,14.193918,2023-08-01
732,2023-07-26 15:10:00,19800.0,19777.0,17757950,8539100,41.3,70.45,1393600,647750,0.500647,-0.498171,0.00131963,0.00106683,11.912845,14.735597,2023-08-01
5994,2023-07-26 15:10:00,19850.0,19777.0,10356500,2167950,25.25,104.35,799900,176950,0.438598,-0.547871,0.00123956,0.00099834,12.531812,15.633214,2023-08-01
11253,2023-07-26 15:10:00,19900.0,19777.0,14314450,2647950,14.65,143.6,933700,148300,0.382678,-0.590412,0.00115393,0.00091681,13.030052,16.704707,2023-08-01
16509,2023-07-26 15:10:00,19950.0,19777.0,7447300,617200,8.05,187.5,457250,18900,0.332018,-0.623385,0.0010644,0.00081956,13.439827,18.2567,2023-08-01
21763,2023-07-26 15:10:00,20000.0,19777.0,14994900,1387300,4.45,233.65,784250,45350,0.288938,-0.649068,0.0009633,0.00073126,13.978403,19.97907,2023-08-01
27016,2023-07-26 15:10:00,20050.0,19777.0,6646750,59250,2.55,279.65,231300,800,0.253657,-0.674852,0.00086141,0.00067237,14.64863,21.097358,2023-08-01
24392,2023-07-26 15:11:00,19550.0,19777.35,282450,5040900,226.0,3.95,6350,398350,,-0.245922,,0.00085494,0.0,14.519438,2023-08-01
19139,2023-07-26 15:11:00,19600.0,19777.35,1699000,9378050,179.0,7.4,77350,498800,,-0.28567,,0.00094988,0.0,14.100418,2023-08-01
13882,2023-07-26 15:11:00,19650.0,19777.35,1147850,6508500,135.4,13.65,72200,421800,0.756085,-0.331884,0.00144944,0.00103798,8.526468,13.780372,2023-08-01
8625,2023-07-26 15:11:00,19700.0,19777.35,4907750,12837700,97.15,25.2,317350,773500,0.646018,-0.38586,0.00138643,0.00109036,10.571041,13.824078,2023-08-01
3365,2023-07-26 15:11:00,19750.0,19777.35,6252350,7506400,65.4,43.45,615050,817750,0.569722,-0.442341,0.0013629,0.00110636,11.358452,14.061132,2023-08-01
733,2023-07-26 15:11:00,19800.0,19777.35,17757950,8539100,41.55,69.65,1125550,710300,0.501116,-0.497852,0.00131666,0.00107732,11.940146,14.592585,2023-08-01
5995,2023-07-26 15:11:00,19850.0,19777.35,10356500,2167950,25.35,103.0,688700,204550,0.439039,-0.548564,0.00123955,0.00101692,12.534605,15.344848,2023-08-01
11254,2023-07-26 15:11:00,19900.0,19777.35,14314450,2647950,14.65,142.75,813850,153900,0.382897,-0.591108,0.00115586,0.00092602,13.010999,16.532453,2023-08-01
16510,2023-07-26 15:11:00,19950.0,19777.35,7447300,617200,8.05,186.4,508350,22050,0.332193,-0.625124,0.00106588,0.00083132,13.42461,17.973166,2023-08-01
21764,2023-07-26 15:11:00,20000.0,19777.35,14994900,1387300,4.4,232.6,844700,30300,0.288578,-0.651166,0.00096613,0.00074102,13.929838,19.673637,2023-08-01
27017,2023-07-26 15:11:00,20050.0,19777.35,6646750,59250,2.45,280.55,222200,1800,0.252143,-0.669892,0.00086584,0.00065806,14.528441,21.689786,2023-08-01
24393,2023-07-26 15:12:00,19550.0,19782.45,283300,5177000,231.45,3.65,8750,363500,,-0.241617,,0.00084648,0.0,14.522428,2023-08-01
19140,2023-07-26 15:12:00,19600.0,19782.45,1646100,9379650,184.65,6.75,83050,551900,,-0.279925,,0.000945,0.0,14.032815,2023-08-01
13883,2023-07-26 15:12:00,19650.0,19782.45,1138600,6444100,140.5,12.55,59550,544300,0.757001,-0.32566,0.00140387,0.00103611,8.783614,13.697522,2023-08-01
8626,2023-07-26 15:12:00,19700.0,19782.45,4812000,12627200,101.1,23.5,416850,1167900,0.653176,-0.379656,0.00137697,0.00109134,10.562792,13.742088,2023-08-01
3366,2023-07-26 15:12:00,19750.0,19782.45,6115700,7203400,68.85,40.8,629200,1123850,0.576178,-0.43613,0.00134911,0.00111486,11.437574,13.917541,2023-08-01
734,2023-07-26 15:12:00,19800.0,19782.45,17363200,8419550,44.1,66.15,1447900,813200,0.507818,-0.492359,0.00130951,0.00109034,12.000668,14.413066,2023-08-01
5996,2023-07-26 15:12:00,19850.0,19782.45,10243350,2091050,27.1,98.85,1015250,234200,0.44559,-0.54407,0.00123761,0.00103185,12.581956,15.139824,2023-08-01
11255,2023-07-26 15:12:00,19900.0,19782.45,14178800,2642950,15.75,137.85,1158250,131100,0.389062,-0.588239,0.00115833,0.00094583,13.041432,16.210082,2023-08-01
16511,2023-07-26 15:12:00,19950.0,19782.45,7441400,614950,8.55,180.55,576650,14850,0.337027,-0.625247,0.00107581,0.00085993,13.373667,17.369817,2023-08-01
21765,2023-07-26 15:12:00,20000.0,19782.45,15208100,1370900,4.6,226.9,587950,34200,0.291998,-0.651752,0.0009789,0.00076203,13.821425,19.115651,2023-08-01
27018,2023-07-26 15:12:00,20050.0,19782.45,6686800,60400,2.55,274.7,195050,1100,0.254853,-0.671649,0.00087743,0.00067672,14.414386,21.042102,2023-08-01
24394,2023-07-26 15:13:00,19550.0,19783.1,283300,5177000,232.0,3.75,10000,256550,,-0.242806,,0.00084181,0.0,14.642332,2023-08-01
19141,2023-07-26 15:13:00,19600.0,19783.1,1646100,9379650,184.05,6.9,111150,559400,,-0.280963,,0.00093848,0.0,14.15595,2023-08-01
13884,2023-07-26 15:13:00,19650.0,19783.1,1138600,6444100,139.95,12.8,95200,430300,0.785343,-0.326597,0.00148189,0.00102668,7.761508,13.839906,2023-08-01
8627,2023-07-26 15:13:00,19700.0,19783.1,4812000,12627200,101.05,24.05,504100,1008550,0.656585,-0.380649,0.00139635,0.00107539,10.378157,13.957423,2023-08-01
3367,2023-07-26 15:13:00,19750.0,19783.1,6115700,7203400,68.7,41.35,836200,994650,0.577909,-0.436234,0.00136435,0.00109871,11.300432,14.123107,2023-08-01
735,2023-07-26 15:13:00,19800.0,19783.1,17363200,8419550,44.1,66.9,1727350,775100,0.508681,-0.491669,0.00131698,0.00107039,11.932359,14.681538,2023-08-01
5997,2023-07-26 15:13:00,19850.0,19783.1,10243350,2091050,27.2,99.85,1216000,174250,0.446272,-0.542179,0.00124034,0.00100761,12.557581,15.512418,2023-08-01
11256,2023-07-26 15:13:00,19900.0,19783.1,14178800,2642950,15.9,138.6,1397550,139150,0.389892,-0.585522,0.00115819,0.00092614,13.051311,16.580534,2023-08-01
16512,2023-07-26 15:13:00,19950.0,19783.1,7441400,614950,8.75,181.65,750150,32650,0.338428,-0.620543,0.00107274,0.00083557,13.433782,17.946187,2023-08-01
21766,2023-07-26 15:13:00,20000.0,19783.1,15208100,1370900,4.9,227.7,777450,44150,0.295095,-0.646883,0.00097119,0.000744,13.999804,19.678142,2023-08-01
27019,2023-07-26 15:13:00,20050.0,19783.1,6686800,60400,2.75,276.7,503050,3150,0.258179,-0.661982,0.00087217,0.00064762,14.600028,22.241802,2023-08-01
24395,2023-07-26 15:14:00,19550.0,19784.7,283300,5177000,231.75,3.85,8150,393750,,-0.243826,,0.00083432,0.0,14.807017,2023-08-01
19142,2023-07-26 15:14:00,19600.0,19784.7,1646100,9379650,184.4,6.95,48100,495350,,-0.281051,,0.00093074,0.0,14.275478,2023-08-01
13885,2023-07-26 15:14:00,19650.0,19784.7,1138600,6444100,140.8,12.7,47000,687450,0.816497,-0.32572,0.00152511,0.0010205,6.861015,13.90811,2023-08-01
8628,2023-07-26 15:14:00,19700.0,19784.7,4812000,12627200,101.7,24.25,333250,841200,0.661831,-0.380394,0.00141694,0.00106086,10.167216,14.145366,2023-08-01
3368,2023-07-26 15:14:00,19750.0,19784.7,6115700,7203400,69.3,41.7,451200,604100,0.580751,-0.435477,0.00137458,0.0010793,11.199724,14.372245,2023-08-01
736,2023-07-26 15:14:00,19800.0,19784.7,17363200,8419550,44.6,67.05,973300,499000,0.510807,-0.49,0.0013229,0.00105279,11.877111,14.925267,2023-08-01
5998,2023-07-26 15:14:00,19850.0,19784.7,10243350,2091050,27.6,100.15,675350,126150,0.448128,-0.539513,0.00124371,0.00098624,12.531044,15.859164,2023-08-01
11257,2023-07-26 15:14:00,19900.0,19784.7,14178800,2642950,16.2,139.0,910550,81200,0.391677,-0.581553,0.00116028,0.00090274,13.044301,17.046357,2023-08-01
16513,2023-07-26 15:14:00,19950.0,19784.7,7441400,614950,9.1,182.2,546000,11600,0.340969,-0.614989,0.00107009,0.00081078,13.505381,18.5754,2023-08-01
21767,2023-07-26 15:14:00,20000.0,19784.7,15208100,1370900,5.15,226.9,858000,29350,0.297859,-0.644013,0.00096909,0.00073765,14.089853,19.904463,2023-08-01
27020,2023-07-26 15:14:00,20050.0,19784.7,6686800,60400,2.9,274.45,355800,1900,0.260789,-0.663787,0.00087169,0.00065755,14.683722,21.859858,2023-08-01
24396,2023-07-26 15:15:00,19550.0,19782.45,274500,5155250,227.8,4.05,18200,620700,,-0.246534,,0.0008361,0.0,14.866073,2023-08-01
19143,2023-07-26 15:15:00,19600.0,19782.45,1591350,9213500,179.65,7.5,142650,859350,,-0.285473,,0.00092628,0.0,14.454598,2023-08-01
13886,2023-07-26 15:15:00,19650.0,19782.45,1096950,6373550,136.5,13.85,179350,1086200,,-0.331251,,0.00100612,0.0,14.205444,2023-08-01
8629,2023-07-26 15:15:00,19700.0,19782.45,4629300,12296150,98.15,25.75,666750,2028850,0.667791,-0.384714,0.0014964,0.00104537,9.562177,14.406031,2023-08-01
3369,2023-07-26 15:15:00,19750.0,19782.45,5768300,7265900,66.6,43.85,1064400,1969750,0.579752,-0.439081,0.00141608,0.00105764,10.879028,14.690273,2023-08-01
737,2023-07-26 15:15:00,19800.0,19782.45,16614100,8112850,42.85,70.3,2096700,1047200,0.507852,-0.492367,0.00134203,0.00101875,11.711906,15.428619,2023-08-01
5999,2023-07-26 15:15:00,19850.0,19782.45,10256600,1961350,26.65,103.8,1126750,308450,0.445051,-0.540002,0.00124823,0.00095193,12.474768,16.431512,2023-08-01
11258,2023-07-26 15:15:00,19900.0,19782.45,13998050,2603150,15.75,143.35,1527700,285250,0.389159,-0.579554,0.00115735,0.00086382,13.055652,17.835952,2023-08-01
16514,2023-07-26 15:15:00,19950.0,19782.45,7478650,591800,8.95,186.2,925300,39250,0.339355,-0.612071,0.00106294,0.0007813,13.573966,19.322029,2023-08-01
21768,2023-07-26 15:15:00,20000.0,19782.45,15195900,1328750,5.0,232.8,1237450,107400,0.295948,-0.634831,0.000965,0.00069031,14.110399,21.460062,2023-08-01
27021,2023-07-26 15:15:00,20050.0,19782.45,6704100,59050,2.85,277.1,324650,4450,0.259667,-0.662879,0.00086648,0.00064885,14.74181,22.180125,2023-08-01
24397,2023-07-26 15:16:00,19550.0,19782.2,274500,5155250,227.45,4.1,4700,282100,,-0.247195,,0.00083551,0.0,14.898798,2023-08-01
19144,2023-07-26 15:16:00,19600.0,19782.2,1591350,9213500,181.1,7.45,59100,432350,,-0.285236,,0.00092827,0.0,14.4189,2023-08-01
13887,2023-07-26 15:16:00,19650.0,19782.2,1096950,6373550,137.0,13.7,41750,466450,,-0.330769,,0.00101044,0.0,14.137557,2023-08-01
8630,2023-07-26 15:16:00,19700.0,19782.2,4629300,12296150,99.0,25.5,301650,914950,0.661651,-0.384336,0.0014505,0.00105149,9.936461,14.319037,2023-08-01
3370,2023-07-26 15:16:00,19750.0,19782.2,5768300,7265900,67.4,43.6,516000,838600,0.577774,-0.439047,0.00138598,0.00106367,11.127249,14.607875,2023-08-01
738,2023-07-26 15:16:00,19800.0,19782.2,16614100,8112850,43.35,69.85,1075500,662450,0.507494,-0.492628,0.00132479,0.00102788,11.865301,15.292815,2023-08-01
6000,2023-07-26 15:16:00,19850.0,19782.2,10256600,1961350,27.0,103.15,552100,109950,0.445317,-0.540852,0.00123651,0.00096371,12.595094,16.228193,2023-08-01
11259,2023-07-26 15:16:00,19900.0,19782.2,13998050,2603150,16.1,142.5,1018800,137100,0.390075,-0.581238,0.00114594,0.00087753,13.195396,17.543192,2023-08-01
16515,2023-07-26 15:16:00,19950.0,19782.2,7478650,591800,9.0,186.55,535850,9550,0.339572,-0.61193,0.00105995,0.00077916,13.616548,19.378377,2023-08-01
21769,2023-07-26 15:16:00,20000.0,19782.2,15195900,1328750,5.0,231.5,741250,53350,0.295935,-0.638792,0.00096383,0.00070642,14.128214,20.894946,2023-08-01
27022,2023-07-26 15:16:00,20050.0,19782.2,6704100,59050,2.95,280.0,367500,100,0.261127,-0.654703,0.00086223,0.00062172,14.858438,23.361671,2023-08-01
24398,2023-07-26 15:17:00,19550.0,19780.8,274500,5155250,221.45,4.25,11750,360800,,-0.249124,,0.00083602,0.0,14.953605,2023-08-01
19145,2023-07-26 15:17:00,19600.0,19780.8,1591350,9213500,174.85,7.95,49650,476400,,-0.288936,,0.00092197,0.0,14.608177,2023-08-01
13888,2023-07-26 15:17:00,19650.0,19780.8,1096950,6373550,131.8,14.85,74900,544300,,-0.335718,,0.00099272,0.0,14.476373,2023-08-01
8631,2023-07-26 15:17:00,19700.0,19780.8,4629300,12296150,93.8,27.25,429350,903150,0.684877,-0.388576,0.00165598,0.00102689,8.456416,14.710871,2023-08-01
3371,2023-07-26 15:17:00,19750.0,19780.8,5768300,7265900,63.05,46.15,806000,882750,0.581791,-0.442233,0.00150198,0.00103003,10.247944,15.105192,2023-08-01
739,2023-07-26 15:17:00,19800.0,19780.8,16614100,8112850,40.5,73.55,1612650,933400,0.505622,-0.493977,0.00138711,0.00098186,11.334598,16.012461,2023-08-01
6001,2023-07-26 15:17:00,19850.0,19780.8,10256600,1961350,25.35,107.55,871500,153350,0.44194,-0.539534,0.00126768,0.00091321,12.272094,17.133628,2023-08-01
11260,2023-07-26 15:17:00,19900.0,19780.8,13998050,2603150,15.0,147.7,1069350,132050,0.386052,-0.576643,0.00116664,0.00082303,12.92432,18.751188,2023-08-01
16516,2023-07-26 15:17:00,19950.0,19780.8,7478650,591800,8.45,191.5,644900,14150,0.336069,-0.605693,0.00106919,0.00073495,13.446566,20.639062,2023-08-01
21770,2023-07-26 15:17:00,20000.0,19780.8,15195900,1328750,4.7,237.5,614450,43650,0.292803,-0.628251,0.00096807,0.00065659,13.999281,22.699513,2023-08-01
27023,2023-07-26 15:17:00,20050.0,19780.8,6704100,59050,2.75,283.55,342300,1350,0.257969,-0.649117,0.00086468,0.00060008,14.725368,24.350423,2023-08-01
24399,2023-07-26 15:18:00,19550.0,19778.0,271800,5184400,221.9,4.25,7150,215050,,-0.249614,,0.00084452,0.0,14.821438,2023-08-01
19146,2023-07-26 15:18:00,19600.0,19778.0,1566600,9167550,176.4,7.85,69650,409150,,-0.288946,,0.00093521,0.0,14.404386,2023-08-01
13889,2023-07-26 15:18:00,19650.0,19778.0,1097150,6451250,132.9,14.55,77650,522900,,-0.335524,,0.00101299,0.0,14.186378,2023-08-01
8632,2023-07-26 15:18:00,19700.0,19778.0,4516600,11862900,95.35,26.95,363250,815800,0.656888,-0.389353,0.00147244,0.00104956,9.843914,14.4043,2023-08-01
3372,2023-07-26 15:18:00,19750.0,19778.0,5684350,7462100,64.5,45.6,635900,737500,0.572322,-0.443791,0.00139809,0.00105994,11.063535,14.69013,2023-08-01
740,2023-07-26 15:18:00,19800.0,19778.0,16070700,7750850,41.35,72.65,1304650,771300,0.501917,-0.496907,0.00132689,0.00101876,11.852382,15.436862,2023-08-01
6002,2023-07-26 15:18:00,19850.0,19778.0,10031850,1917650,25.5,106.5,652800,170400,0.439897,-0.544344,0.00123854,0.00095287,12.553601,16.402743,2023-08-01
11261,2023-07-26 15:18:00,19900.0,19778.0,13923150,2510000,15.05,146.5,922950,130150,0.384739,-0.583474,0.00114671,0.00086293,13.138433,17.824703,2023-08-01
16517,2023-07-26 15:18:00,19950.0,19778.0,7435900,584850,8.3,190.05,457400,27150,0.334218,-0.614765,0.00105957,0.00077486,13.541976,19.450724,2023-08-01
21771,2023-07-26 15:18:00,20000.0,19778.0,15169000,1279750,4.6,236.0,531700,27200,0.291143,-0.639054,0.00096048,0.0006933,14.075384,21.291895,2023-08-01
27024,2023-07-26 15:18:00,20050.0,19778.0,6678500,58950,2.65,284.6,302300,1050,0.255942,-0.654373,0.00085971,0.00061066,14.752717,23.801095,2023-08-01
24400,2023-07-26 15:19:00,19550.0,19779.6,271800,5184400,225.7,4.1,6400,257300,,-0.247769,,0.00084313,0.0,14.787057,2023-08-01
19147,2023-07-26 15:19:00,19600.0,19779.6,1566600,9167550,179.35,7.4,46550,472400,,-0.285606,,0.00093931,0.0,14.262455,2023-08-01
13890,2023-07-26 15:19:00,19650.0,19779.6,1097150,6451250,135.65,13.8,63900,388700,0.817469,-0.332118,0.00157857,0.00102092,6.610337,14.019368,2023-08-01
8633,2023-07-26 15:19:00,19700.0,19779.6,4516600,11862900,97.3,25.7,283500,723450,0.655856,-0.386075,0.00143987,0.00106333,10.077725,14.182792,2023-08-01
3373,2023-07-26 15:19:00,19750.0,19779.6,5684350,7462100,65.6,43.6,488500,651000,0.574359,-0.440948,0.00139264,0.00108305,11.095935,14.361349,2023-08-01
741,2023-07-26 15:19:00,19800.0,19779.6,16070700,7750850,42.25,70.3,987750,605050,0.504045,-0.495352,0.00132145,0.00104275,11.900417,15.080816,2023-08-01
6003,2023-07-26 15:19:00,19850.0,19779.6,10031850,1917650,25.85,103.9,486700,162200,0.441696,-0.544097,0.00124278,0.00097675,12.519007,16.00248,2023-08-01
11262,2023-07-26 15:19:00,19900.0,19779.6,13923150,2510000,15.2,143.05,875400,87850,0.386088,-0.585564,0.00115255,0.00089524,13.084939,17.161435,2023-08-01
16518,2023-07-26 15:19:00,19950.0,19779.6,7435900,584850,8.5,186.65,436350,67150,0.335995,-0.618105,0.00106115,0.00080239,13.54966,18.734532,2023-08-01
21772,2023-07-26 15:19:00,20000.0,19779.6,15169000,1279750,4.65,232.9,518100,20400,0.292111,-0.642645,0.00096471,0.0007137,14.035009,20.611353,2023-08-01
27025,2023-07-26 15:19:00,20050.0,19779.6,6678500,58950,2.65,280.0,217750,550,0.256318,-0.663174,0.00086428,0.00064261,14.685639,22.396099,2023-08-01
24401,2023-07-26 15:20:00,19550.0,19778.15,271800,5184400,232.65,3.9,16600,410700,,-0.245754,,0.00085258,0.0,14.561207,2023-08-01
19148,2023-07-26 15:20:00,19600.0,19778.15,1566600,9167550,185.05,7.05,113550,824950,0.788888,-0.283484,0.00115034,0.00095371,9.908302,13.999088,2023-08-01
13891,2023-07-26 15:20:00,19650.0,19778.15,1097150,6451250,140.7,12.9,123700,730050,0.703724,-0.328879,0.00121923,0.00104913,11.179452,13.590847,2023-08-01
8634,2023-07-26 15:20:00,19700.0,19778.15,4516600,11862900,102.2,24.1,588300,1127050,0.631027,-0.383326,0.00123994,0.00110568,11.994555,13.612575,2023-08-01
3374,2023-07-26 15:20:00,19750.0,19778.15,5684350,7462100,69.75,41.1,1051650,1186100,0.565585,-0.439718,0.00125466,0.00114336,12.366472,13.599176,2023-08-01
742,2023-07-26 15:20:00,19800.0,19778.15,16070700,7750850,44.95,67.2,1923600,1109400,0.502394,-0.497155,0.00123646,0.001112,12.720515,14.14411,2023-08-01
6004,2023-07-26 15:20:00,19850.0,19778.15,10031850,1917650,27.75,99.2,872850,311450,0.443127,-0.550921,0.00118273,0.00107417,13.163307,14.523182,2023-08-01
11263,2023-07-26 15:20:00,19900.0,19778.15,13923150,2510000,16.2,138.05,1066600,295850,0.388329,-0.598118,0.0011166,0.00099581,13.530668,15.314658,2023-08-01
16519,2023-07-26 15:20:00,19950.0,19778.15,7435900,584850,8.95,181.4,924300,58750,0.337976,-0.636728,0.0010406,0.0009015,13.850675,16.412306,2023-08-01
21773,2023-07-26 15:20:00,20000.0,19778.15,15169000,1279750,4.85,227.25,779050,51650,0.293687,-0.667955,0.00095248,0.00081098,14.252641,17.649374,2023-08-01
27026,2023-07-26 15:20:00,20050.0,19778.15,6678500,58950,2.65,276.8,501950,1250,0.256097,-0.681667,0.00085986,0.0006959,14.756446,20.215973,2023-08-01
24402,2023-07-26 15:21:00,19550.0,19782.25,265400,5203950,233.45,4.15,7250,351600,,-0.248042,,0.00083354,0.0,14.965735,2023-08-01
19149,2023-07-26 15:21:00,19600.0,19782.25,1529000,9031550,186.5,7.4,66600,505050,,-0.285145,,0.0009284,0.0,14.418738,2023-08-01
13892,2023-07-26 15:21:00,19650.0,19782.25,1030150,6530200,142.4,13.25,109750,553350,0.726466,-0.329123,0.0012885,0.00101908,10.181339,13.993681,2023-08-01
8635,2023-07-26 15:21:00,19700.0,19782.25,4381450,11783950,103.0,24.3,481100,821950,0.644048,-0.381859,0.00130278,0.00107374,11.275695,13.999343,2023-08-01
3375,2023-07-26 15:21:00,19750.0,19782.25,5359850,7406300,70.35,41.05,609800,909650,0.57328,-0.436679,0.00130023,0.00110913,11.890405,14.000024,2023-08-01
743,2023-07-26 15:21:00,19800.0,19782.25,15337100,7408900,45.35,66.15,1216950,685850,0.50749,-0.492601,0.00127141,0.00108982,12.367067,14.427681,2023-08-01
6005,2023-07-26 15:21:00,19850.0,19782.25,9772700,1828500,27.85,98.75,687300,227750,0.446519,-0.544391,0.0012135,0.00103359,12.84288,15.120979,2023-08-01
11264,2023-07-26 15:21:00,19900.0,19782.25,13542050,2355300,16.2,137.2,846650,100550,0.390549,-0.589672,0.00114198,0.00095722,13.249487,16.012376,2023-08-01
16520,2023-07-26 15:21:00,19950.0,19782.25,7415800,535800,9.0,180.0,615600,11400,0.339817,-0.627113,0.00105886,0.00086969,13.638182,17.156938,2023-08-01
21774,2023-07-26 15:21:00,20000.0,19782.25,14858500,1248150,4.85,225.8,578100,35200,0.29484,-0.656088,0.00096788,0.00077916,14.049212,18.618347,2023-08-01
27027,2023-07-26 15:21:00,20050.0,19782.25,6755100,59150,2.7,272.95,303000,650,0.257743,-0.679623,0.00087015,0.00070086,14.628509,20.123957,2023-08-01
24403,2023-07-26 15:22:00,19550.0,19783.7,265400,5203950,234.7,4.2,7400,365050,,-0.248433,,0.00082785,0.0,15.081042,2023-08-01
19150,2023-07-26 15:22:00,19600.0,19783.7,1529000,9031550,187.0,7.35,43100,500450,,-0.284544,,0.00092373,0.0,14.47682,2023-08-01
13893,2023-07-26 15:22:00,19650.0,19783.7,1030150,6530200,143.25,13.05,99050,811800,0.733674,-0.327881,0.00130592,0.00101593,9.912019,14.01543,2023-08-01
8636,2023-07-26 15:22:00,19700.0,19783.7,4381450,11783950,103.5,23.65,333900,1017200,0.648338,-0.379742,0.00132039,0.00107738,11.077041,13.928248,2023-08-01
3376,2023-07-26 15:22:00,19750.0,19783.7,5359850,7406300,70.45,40.1,483350,873600,0.576332,-0.434698,0.00132049,0.00111541,11.690638,13.909683,2023-08-01
744,2023-07-26 15:22:00,19800.0,19783.7,15337100,7408900,45.25,65.2,1211500,755350,0.509376,-0.491019,0.00129035,0.00109272,12.184086,14.387998,2023-08-01
6006,2023-07-26 15:22:00,19850.0,19783.7,9772700,1828500,27.6,97.25,632300,227000,0.447413,-0.543368,0.00123187,0.00104353,12.655011,14.980931,2023-08-01
11265,2023-07-26 15:22:00,19900.0,19783.7,13542050,2355300,15.95,135.75,1063350,109600,0.390656,-0.588921,0.00115783,0.00096399,13.068991,15.906688,2023-08-01
16521,2023-07-26 15:22:00,19950.0,19783.7,7415800,535800,8.85,179.05,759550,16650,0.339609,-0.625195,0.00107034,0.00086663,13.488585,17.245259,2023-08-01
21775,2023-07-26 15:22:00,20000.0,19783.7,14858500,1248150,4.75,224.65,573100,25100,0.294346,-0.654574,0.00097666,0.00077846,13.91185,18.6656,2023-08-01
27028,2023-07-26 15:22:00,20050.0,19783.7,6755100,59150,2.65,273.55,416850,50,0.257319,-0.670655,0.00087615,0.00067685,14.515576,21.074713,2023-08-01
24404,2023-07-26 15:23:00,19550.0,19782.15,265400,5203950,230.95,4.4,4600,216150,,-0.250877,,0.00082761,0.0,15.165992,2023-08-01
19151,2023-07-26 15:23:00,19600.0,19782.15,1529000,9031550,183.35,7.7,42200,369250,,-0.287312,,0.00092142,0.0,14.582111,2023-08-01
13894,2023-07-26 15:23:00,19650.0,19782.15,1030150,6530200,139.5,13.65,44000,692600,0.770019,-0.330887,0.00144894,0.00101026,8.261725,14.147896,2023-08-01
8637,2023-07-26 15:23:00,19700.0,19782.15,4381450,11783950,100.7,24.75,420800,764950,0.652862,-0.382962,0.00137879,0.00106478,10.559245,14.131012,2023-08-01
3377,2023-07-26 15:23:00,19750.0,19782.15,5359850,7406300,67.85,41.75,399700,624200,0.57674,-0.437471,0.00136836,0.001096,11.280938,14.173943,2023-08-01
745,2023-07-26 15:23:00,19800.0,19782.15,15337100,7408900,43.2,67.0,859800,465500,0.507406,-0.492713,0.00132525,0.00107491,11.866102,14.629706,2023-08-01
6007,2023-07-26 15:23:00,19850.0,19782.15,9772700,1828500,26.25,99.85,812200,90700,0.444399,-0.543563,0.00125311,0.00101524,12.429265,15.399675,2023-08-01
11266,2023-07-26 15:23:00,19900.0,19782.15,13542050,2355300,15.05,138.8,972200,100850,0.387142,-0.587049,0.00117225,0.00093159,12.876657,16.479702,2023-08-01
16522,2023-07-26 15:23:00,19950.0,19782.15,7415800,535800,8.3,181.95,665700,16750,0.336,-0.622221,0.00107908,0.00084019,13.325962,17.834425,2023-08-01
21776,2023-07-26 15:23:00,20000.0,19782.15,14858500,1248150,4.6,228.0,462650,16850,0.292531,-0.648868,0.00097545,0.00074877,13.891114,19.525414,2023-08-01
27029,2023-07-26 15:23:00,20050.0,19782.15,6755100,59150,2.65,275.8,220050,1450,0.257072,-0.668292,0.00087131,0.00066528,14.591059,21.505349,2023-08-01
24405,2023-07-26 15:24:00,19550.0,19778.15,265300,5222700,227.0,4.7,8400,302600,,-0.254634,,0.00083253,0.0,15.198801,2023-08-01
19152,2023-07-26 15:24:00,19600.0,19778.15,1503050,8993850,180.15,8.1,43850,536400,,-0.29085,,0.00092775,0.0,14.569976,2023-08-01
13895,2023-07-26 15:24:00,19650.0,19778.15,1028750,6517600,136.85,14.35,36200,699000,0.743766,-0.334962,0.001396,0.00101521,9.093822,14.15082,2023-08-01
8638,2023-07-26 15:24:00,19700.0,19778.15,4225650,11429950,98.05,25.95,327450,972600,0.645296,-0.38744,0.00136905,0.00106648,10.720562,14.160533,2023-08-01
3378,2023-07-26 15:24:00,19750.0,19778.15,5121800,7524050,65.95,43.55,648100,738950,0.570403,-0.442041,0.00135466,0.00109425,11.432153,14.225221,2023-08-01
746,2023-07-26 15:24:00,19800.0,19778.15,14835250,7180300,42.15,69.65,1398450,677050,0.502164,-0.496977,0.00130471,0.00106607,12.05794,14.756956,2023-08-01
6008,2023-07-26 15:24:00,19850.0,19778.15,9537700,1730200,25.5,102.95,682950,116100,0.440122,-0.547161,0.00123756,0.0010059,12.568883,15.530716,2023-08-01
11267,2023-07-26 15:24:00,19900.0,19778.15,13533500,2314250,14.7,141.95,861650,74550,0.383919,-0.590456,0.00115543,0.00092691,13.035471,16.534657,2023-08-01
16523,2023-07-26 15:24:00,19950.0,19778.15,7181900,524950,8.15,185.7,525650,17700,0.333684,-0.624238,0.00106333,0.00083031,13.490207,18.021273,2023-08-01
21777,2023-07-26 15:24:00,20000.0,19778.15,14710100,1238500,4.55,231.8,648100,28550,0.291028,-0.650547,0.0009615,0.00074123,14.062564,19.694864,2023-08-01
27030,2023-07-26 15:24:00,20050.0,19778.15,6739250,58450,2.6,279.75,275350,250,0.25556,-0.66928,0.00086101,0.0006581,14.724033,21.719771,2023-08-01
24406,2023-07-26 15:25:00,19550.0,19777.2,265300,5222700,226.1,4.6,7750,456750,,-0.253836,,0.00083766,0.0,15.082449,2023-08-01
19153,2023-07-26 15:25:00,19600.0,19777.2,1503050,8993850,179.95,8.15,57050,730850,,-0.291431,,0.00093021,0.0,14.546585,2023-08-01
13896,2023-07-26 15:25:00,19650.0,19777.2,1028750,6517600,136.5,14.55,53750,698150,0.734998,-0.336079,0.00136962,0.00101556,9.431896,14.165884,2023-08-01
8639,2023-07-26 15:25:00,19700.0,19777.2,4225650,11429950,98.0,26.25,271700,979150,0.641304,-0.388544,0.00134666,0.00106648,10.942934,14.17366,2023-08-01
3379,2023-07-26 15:25:00,19750.0,19777.2,5121800,7524050,66.15,44.2,593550,837000,0.568036,-0.443319,0.00133285,0.00108958,11.632704,14.2944,2023-08-01
747,2023-07-26 15:25:00,19800.0,19777.2,14835250,7180300,42.35,70.55,1254300,846450,0.500989,-0.497956,0.00128808,0.00105915,12.215027,14.855125,2023-08-01
6009,2023-07-26 15:25:00,19850.0,19777.2,9537700,1730200,26.0,104.0,867250,157150,0.440103,-0.547708,0.00121621,0.00099837,12.790856,15.646926,2023-08-01
11268,2023-07-26 15:25:00,19900.0,19777.2,13533500,2314250,15.05,142.9,1037250,123050,0.384553,-0.59089,0.00113938,0.00092248,13.226927,16.61163,2023-08-01
16524,2023-07-26 15:25:00,19950.0,19777.2,7181900,524950,8.3,186.9,600500,21550,0.334251,-0.623907,0.00105382,0.00082339,13.622533,18.17949,2023-08-01
21778,2023-07-26 15:25:00,20000.0,19777.2,14710100,1238500,4.55,232.5,823850,39200,0.290835,-0.651582,0.0009577,0.00074205,14.115458,19.653736,2023-08-01
27031,2023-07-26 15:25:00,20050.0,19777.2,6739250,58450,2.55,279.6,691400,350,0.254639,-0.673693,0.00085983,0.00066926,14.717991,21.244498,2023-08-01
24407,2023-07-26 15:26:00,19550.0,19775.75,265300,5222700,226.0,4.7,2600,297350,,-0.255133,,0.00083964,0.0,15.089109,2023-08-01
19154,2023-07-26 15:26:00,19600.0,19775.75,1503050,8993850,179.2,8.3,39300,409150,,-0.292754,,0.00093239,0.0,14.545051,2023-08-01
13897,2023-07-26 15:26:00,19650.0,19775.75,1028750,6517600,136.15,14.8,33050,492050,0.72167,-0.337538,0.00132503,0.00101747,9.991769,14.165042,2023-08-01
8640,2023-07-26 15:26:00,19700.0,19775.75,4225650,11429950,97.9,26.9,148700,751200,0.635715,-0.390584,0.00131561,0.00106292,11.262027,14.244239,2023-08-01
3380,2023-07-26 15:26:00,19750.0,19775.75,5121800,7524050,66.35,45.15,508850,620050,0.564731,-0.445201,0.00130416,0.00108353,11.906874,14.385743,2023-08-01
748,2023-07-26 15:26:00,19800.0,19775.75,14835250,7180300,43.25,71.8,962250,558100,0.499337,-0.49944,0.00124919,0.00105106,12.597012,14.971659,2023-08-01
6010,2023-07-26 15:26:00,19850.0,19775.75,9537700,1730200,26.7,105.1,697650,119000,0.439982,-0.549008,0.0011867,0.00099541,13.110046,15.689115,2023-08-01
11269,2023-07-26 15:26:00,19900.0,19775.75,13533500,2314250,15.7,144.1,589600,53050,0.385815,-0.592006,0.00111294,0.00091985,13.556032,16.65022,2023-08-01
16525,2023-07-26 15:26:00,19950.0,19775.75,7181900,524950,8.8,187.8,726250,11650,0.336568,-0.625785,0.00103195,0.00082648,13.95062,18.0854,2023-08-01
21779,2023-07-26 15:26:00,20000.0,19775.75,14710100,1238500,4.7,233.1,897600,42450,0.291973,-0.654805,0.00094717,0.00074986,14.3003,19.384813,2023-08-01
27032,2023-07-26 15:26:00,20050.0,19775.75,6739250,58450,2.5,281.6,597650,500,0.25361,-0.671789,0.00085721,0.00065975,14.733547,21.6043,2023-08-01
24408,2023-07-26 15:27:00,19500.0,19772.35,1610650,7174250,274.85,3.4,25300,967850,,-0.233991,,0.00074247,0.0,16.290607,2023-08-01
19155,2023-07-26 15:27:00,19550.0,19772.35,254300,5162450,226.05,4.95,9000,490150,,-0.258185,,0.00084423,0.0,15.103862,2023-08-01
13898,2023-07-26 15:27:00,19600.0,19772.35,1485850,8901300,179.8,8.65,47800,484550,0.77363,-0.295733,0.0011532,0.00093798,10.296011,14.529467,2023-08-01
8641,2023-07-26 15:27:00,19650.0,19772.35,1005950,6406300,136.7,15.35,50950,538650,0.689205,-0.340733,0.00119354,0.00102328,11.674932,14.138951,2023-08-01
3381,2023-07-26 15:27:00,19700.0,19772.35,4029550,10810700,98.65,27.5,248400,885800,0.621441,-0.393476,0.00122467,0.00107338,12.252001,14.13781,2023-08-01
749,2023-07-26 15:27:00,19750.0,19772.35,5122200,7104200,66.95,45.45,382100,688050,0.55749,-0.448043,0.00123986,0.00110585,12.562645,14.112239,2023-08-01
6011,2023-07-26 15:27:00,19800.0,19772.35,14079150,6728050,43.35,72.0,1031500,634300,0.495434,-0.50331,0.00121139,0.00108044,12.992263,14.567396,2023-08-01
11270,2023-07-26 15:27:00,19850.0,19772.35,9159850,1677100,26.8,105.15,770700,129150,0.437609,-0.554726,0.00115775,0.00103243,13.428497,15.101671,2023-08-01
16526,2023-07-26 15:27:00,19900.0,19772.35,13447300,2220500,15.7,144.45,931250,87750,0.384127,-0.599512,0.00109249,0.00095529,13.795103,15.961097,2023-08-01
21780,2023-07-26 15:27:00,19950.0,19772.35,7421250,501600,8.75,187.55,865950,22700,0.335129,-0.637429,0.00101739,0.00087284,14.129911,16.951921,2023-08-01
27033,2023-07-26 15:27:00,20000.0,19772.35,14249350,1241600,4.65,233.4,1305950,55500,0.290672,-0.667709,0.00093617,0.00078786,14.441536,18.185342,2023-08-01
24409,2023-07-26 15:28:00,19500.0,19772.05,1610650,7174250,275.0,3.3,27050,450250,,-0.232798,,0.00074524,0.0,16.185184,2023-08-01
19156,2023-07-26 15:28:00,19550.0,19772.05,254300,5162450,227.1,4.95,4800,306250,,-0.258293,,0.00084504,0.0,15.093749,2023-08-01
13899,2023-07-26 15:28:00,19600.0,19772.05,1485850,8901300,180.45,8.5,19250,480450,0.756353,-0.294938,0.00111117,0.00094249,11.129505,14.443132,2023-08-01
8642,2023-07-26 15:28:00,19650.0,19772.05,1005950,6406300,137.0,15.15,25700,606250,0.685459,-0.340146,0.00117572,0.00102901,11.914077,14.052021,2023-08-01
3382,2023-07-26 15:28:00,19700.0,19772.05,4029550,10810700,98.85,26.9,247600,980750,0.619931,-0.392491,0.00121363,0.00108717,12.379402,13.949767,2023-08-01
750,2023-07-26 15:28:00,19750.0,19772.05,5122200,7104200,66.95,44.8,428250,970500,0.556925,-0.44778,0.00123545,0.00112069,12.611033,13.92512,2023-08-01
6012,2023-07-26 15:28:00,19800.0,19772.05,14079150,6728050,43.2,71.05,1296050,753200,0.495067,-0.503845,0.00121145,0.00110081,12.992412,14.298594,2023-08-01
11271,2023-07-26 15:28:00,19850.0,19772.05,9159850,1677100,26.45,104.15,911850,73450,0.43691,-0.556388,0.00116329,0.00105421,13.361752,14.782014,2023-08-01
16527,2023-07-26 15:28:00,19900.0,19772.05,13447300,2220500,15.5,143.35,938350,60150,0.383408,-0.602657,0.00109545,0.00097915,13.75118,15.540859,2023-08-01
21781,2023-07-26 15:28:00,19950.0,19772.05,7421250,501600,8.65,186.6,677650,27200,0.33452,-0.641675,0.00101857,0.00089408,14.104481,16.483491,2023-08-01
27034,2023-07-26 15:28:00,20000.0,19772.05,14249350,1241600,4.65,232.5,736000,44950,0.290653,-0.673271,0.0009349,0.00080773,14.461852,17.619375,2023-08-01
24410,2023-07-26 15:29:00,19500.0,19773.1,1610650,7174250,276.5,3.5,52600,610200,,-0.235279,,0.00073838,0.0,16.432046,2023-08-01
19157,2023-07-26 15:29:00,19550.0,19773.1,254300,5162450,229.0,5.0,4800,673550,0.831014,-0.258655,0.00097724,0.00084044,10.17797,15.187362,2023-08-01
13900,2023-07-26 15:29:00,19600.0,19773.1,1485850,8901300,181.0,8.6,40200,796450,0.764708,-0.29536,0.00112709,0.0009357,10.765245,14.557595,2023-08-01
8643,2023-07-26 15:29:00,19650.0,19773.1,1005950,6406300,137.8,15.15,54550,872500,0.687179,-0.339837,0.00117633,0.00102316,11.879972,14.127428,2023-08-01
3383,2023-07-26 15:29:00,19700.0,19773.1,4029550,10810700,100.0,26.5,316800,1354750,0.620164,-0.391195,0.00120203,0.00108784,12.496617,13.928324,2023-08-01
751,2023-07-26 15:29:00,19750.0,19773.1,5122200,7104200,68.0,44.35,643400,1061000,0.557767,-0.446613,0.00122414,0.00112005,12.723744,13.927741,2023-08-01
6013,2023-07-26 15:29:00,19800.0,19773.1,14079150,6728050,43.4,70.15,1361800,758500,0.496289,-0.502743,0.00121696,0.00110645,12.934019,14.226105,2023-08-01
11272,2023-07-26 15:29:00,19850.0,19773.1,9159850,1677100,27.0,103.2,1204400,146950,0.438474,-0.555539,0.00115805,0.00105879,13.430645,14.722617,2023-08-01
16528,2023-07-26 15:29:00,19900.0,19773.1,13447300,2220500,16.0,141.85,1297500,93700,0.38546,-0.60315,0.00108878,0.00099266,13.857273,15.324191,2023-08-01
21782,2023-07-26 15:29:00,19950.0,19773.1,7421250,501600,8.8,186.75,781900,15150,0.33576,-0.637276,0.00101891,0.00087605,14.120371,16.893592,2023-08-01
27035,2023-07-26 15:29:00,20000.0,19773.1,14249350,1241600,4.8,231.95,946550,60600,0.292408,-0.670601,0.00093374,0.00080164,14.520505,17.811925,2023-08-01
13901,2023-07-26 15:30:00,19600.0,19773.9,1485850,8901300,181.6,8.6,100,650,0.768416,-0.295229,0.0011316,0.00093227,10.62844,14.608367,2023-08-01
8644,2023-07-26 15:30:00,19650.0,19773.9,1005950,6406300,139.1,15.0,100,200,0.684468,-0.33906,0.00115508,0.00102195,12.143614,14.132033,2023-08-01
3384,2023-07-26 15:30:00,19700.0,19773.9,4029550,10810700,100.0,26.65,700,2000,0.622631,-0.391122,0.00121585,0.00107909,12.330066,14.040738,2023-08-01
752,2023-07-26 15:30:00,19750.0,19773.9,5122200,7104200,67.8,44.35,3900,300,0.559414,-0.446009,0.00123915,0.00111285,12.562051,14.015126,2023-08-01
6014,2023-07-26 15:30:00,19800.0,19773.9,14079150,6728050,43.7,70.5,8400,350,0.497254,-0.501735,0.00121773,0.00109126,12.9264,14.424675,2023-08-01
16529,2023-07-26 15:30:00,19900.0,19773.9,13447300,2220500,15.85,143.05,3750,250,0.385453,-0.598401,0.00109686,0.00095924,13.755368,15.90829,2023-08-01
21783,2023-07-26 15:30:00,19950.0,19773.9,7421250,501600,9.0,186.55,500,50,0.337167,-0.635081,0.00101675,0.00086837,14.173593,17.077863,2023-08-01
24411,2023-07-27 09:15:00,19600.0,19835.2,1386250,8787250,255.3,2.15,175700,3866650,0.606196,-0.332053,0.00036628,0.00059598,44.12519,25.590488,2023-08-01
19158,2023-07-27 09:15:00,19650.0,19835.2,934200,6037850,205.7,2.95,156850,3620300,0.598181,-0.346309,0.00042679,0.00068836,38.073276,22.516866,2023-08-01
13902,2023-07-27 09:15:00,19700.0,19835.2,3540350,10027250,158.1,5.65,1012700,4702550,0.585623,-0.373106,0.00049656,0.00076375,32.970317,20.823815,2023-08-01
8645,2023-07-27 09:15:00,19750.0,19835.2,4789450,6446750,114.05,11.3,2006650,3472450,0.566628,-0.406164,0.00056901,0.00084256,29.041881,19.338255,2023-08-01
3385,2023-07-27 09:15:00,19800.0,19835.2,13026150,5987950,76.45,23.45,7051700,4554800,0.540154,-0.446979,0.00062589,0.00089813,26.641144,18.495239,2023-08-01
753,2023-07-27 09:15:00,19850.0,19835.2,8803550,1552500,46.2,43.0,6424050,2555600,0.508499,-0.492211,0.00067325,0.00098655,24.887478,16.98469,2023-08-01
6015,2023-07-27 09:15:00,19900.0,19835.2,13199250,2110200,25.2,72.0,6955650,974250,0.473484,-0.550365,0.00069806,0.00115989,23.955372,14.333842,2023-08-01
11273,2023-07-27 09:15:00,19950.0,19835.2,7384100,483050,12.4,109.15,3863600,248050,0.437586,,0.0007035,,23.530727,0.0,2023-08-01
16530,2023-07-27 09:15:00,20000.0,19835.2,13847150,1188100,5.7,152.7,5500100,122850,0.403252,,0.00068918,,23.599098,0.0,2023-08-01
21784,2023-07-27 09:15:00,20050.0,19835.2,6859650,56600,2.5,199.3,3114700,7950,0.371598,,0.00066287,,23.962011,0.0,2023-08-01
27036,2023-07-27 09:15:00,20100.0,19835.2,8399000,126400,1.5,247.3,2823150,5750,0.351587,,0.00060182,,25.897669,0.0,2023-08-01
24412,2023-07-27 09:16:00,19600.0,19846.5,1386250,8787250,255.8,2.15,212900,2528000,0.632228,-0.331169,0.00044738,0.00057227,35.366741,26.60902,2023-08-01
19159,2023-07-27 09:16:00,19650.0,19846.5,934200,6037850,206.4,2.85,66600,2192050,0.623689,-0.344165,0.00052156,0.00065945,30.560685,23.437966,2023-08-01
13903,2023-07-27 09:16:00,19700.0,19846.5,3540350,10027250,159.0,5.35,625250,3084400,0.607643,-0.36969,0.00059625,0.00072845,27.065102,21.757586,2023-08-01
8646,2023-07-27 09:16:00,19750.0,19846.5,4789450,6446750,114.7,11.15,856350,2746300,0.584037,-0.402957,0.00066816,0.00078296,24.512121,20.758407,2023-08-01
3386,2023-07-27 09:16:00,19800.0,19846.5,13026150,5987950,76.65,23.15,4704650,4618500,0.552364,-0.441713,0.00071469,0.00081454,23.23585,20.345011,2023-08-01
754,2023-07-27 09:16:00,19850.0,19846.5,8803550,1552500,46.4,42.3,4640450,2724000,0.516616,-0.482399,0.0007452,0.00085692,22.458884,19.528834,2023-08-01
6016,2023-07-27 09:16:00,19900.0,19846.5,13199250,2110200,25.4,71.85,4964250,883300,0.479004,-0.525792,0.00075405,0.00087062,22.183749,19.200114,2023-08-01
11274,2023-07-27 09:16:00,19950.0,19846.5,7384100,483050,12.5,108.95,2957650,127100,0.441473,-0.574444,0.00074832,0.00091887,22.143552,17.911694,2023-08-01
16531,2023-07-27 09:16:00,20000.0,19846.5,13847150,1188100,5.8,152.25,3765400,113300,0.406362,-0.679271,0.00072314,0.0012599,22.523135,11.929337,2023-08-01
21785,2023-07-27 09:16:00,20050.0,19846.5,6859650,56600,2.55,199.0,2249800,14450,0.374094,,0.00069,,23.057575,0.0,2023-08-01
27037,2023-07-27 09:16:00,20100.0,19846.5,8399000,126400,1.55,248.7,1909450,12550,0.353959,,0.00062123,,25.136583,0.0,2023-08-01
24413,2023-07-27 09:17:00,19600.0,19846.1,1286100,9003200,257.15,2.2,75150,2161250,0.626274,-0.332016,0.00042632,0.00057046,37.310569,26.723102,2023-08-01
19160,2023-07-27 09:17:00,19650.0,19846.1,920450,6174950,207.4,2.95,58600,1833050,0.618952,-0.345376,0.0005011,0.00065578,31.934036,23.60212,2023-08-01
13904,2023-07-27 09:17:00,19700.0,19846.1,3485150,10801950,160.3,5.5,565200,2374350,0.60307,-0.370758,0.00057002,0.00072425,28.402763,21.906001,2023-08-01
8647,2023-07-27 09:17:00,19750.0,19846.1,4222150,6993150,115.7,10.95,739900,1675700,0.581386,-0.402576,0.00064663,0.00078918,25.366252,20.591393,2023-08-01
3387,2023-07-27 09:17:00,19800.0,19846.1,12191600,9257550,76.95,22.4,2692650,2967550,0.551529,-0.440988,0.00070527,0.00083221,23.554883,19.909488,2023-08-01
755,2023-07-27 09:17:00,19850.0,19846.1,9866350,3957650,46.2,41.05,3816650,2496000,0.516309,-0.482459,0.00074431,0.00088716,22.488619,18.864963,2023-08-01
6017,2023-07-27 09:17:00,19900.0,19846.1,14646950,2823550,24.9,70.05,3741550,821900,0.478463,-0.528291,0.00075963,0.00092368,22.021317,18.091056,2023-08-01
11275,2023-07-27 09:17:00,19950.0,19846.1,8065000,642750,12.05,106.95,2204350,142450,0.440449,-0.585781,0.0007559,0.00103625,21.914687,15.791229,2023-08-01
16532,2023-07-27 09:17:00,20000.0,19846.1,15528200,1246300,5.4,150.45,3276400,129200,0.404414,,0.00073396,,22.166457,0.0,2023-08-01
21786,2023-07-27 09:17:00,20050.0,19846.1,7541950,68600,2.3,197.9,2108400,8000,0.371455,,0.00070076,,22.65412,0.0,2023-08-01
27038,2023-07-27 09:17:00,20100.0,19846.1,9044550,134050,1.5,246.0,1639550,17050,0.353262,,0.00062265,,25.06394,0.0,2023-08-01
24414,2023-07-27 09:18:00,19600.0,19848.6,1286100,9003200,258.95,2.2,55450,1570200,0.628588,-0.331969,0.00043043,0.00056502,36.878126,26.976916,2023-08-01
19161,2023-07-27 09:18:00,19650.0,19848.6,920450,6174950,209.7,2.95,68450,1500250,0.619775,-0.345262,0.0004986,0.00064836,32.070921,23.867787,2023-08-01
13905,2023-07-27 09:18:00,19700.0,19848.6,3485150,10801950,162.15,5.65,374450,2287350,0.604999,-0.371339,0.00057243,0.00070965,28.2441,22.366512,2023-08-01
8648,2023-07-27 09:18:00,19750.0,19848.6,4222150,6993150,117.85,11.2,434000,1745050,0.582523,-0.402812,0.00064175,0.00076935,25.54224,21.123992,2023-08-01
3388,2023-07-27 09:18:00,19800.0,19848.6,12191600,9257550,79.0,22.15,2228250,2720400,0.552859,-0.439713,0.0006976,0.00081864,23.80198,20.228458,2023-08-01
756,2023-07-27 09:18:00,19850.0,19848.6,9866350,3957650,47.65,40.4,3105950,1912600,0.518126,-0.480418,0.00073985,0.00087238,22.618184,19.178925,2023-08-01
6018,2023-07-27 09:18:00,19900.0,19848.6,14646950,2823550,25.9,69.15,2622000,754550,0.480521,-0.525076,0.00075568,0.0008999,22.140894,18.57798,2023-08-01
11276,2023-07-27 09:18:00,19950.0,19848.6,8065000,642750,12.6,105.8,1860700,199700,0.44257,-0.577824,0.00075381,0.00097826,21.991655,16.796895,2023-08-01
16533,2023-07-27 09:18:00,20000.0,19848.6,15528200,1246300,5.65,149.1,2714250,118450,0.406383,,0.00073379,,22.197082,0.0,2023-08-01
21787,2023-07-27 09:18:00,20050.0,19848.6,7541950,68600,2.35,195.7,1133300,23450,0.37261,,0.00070452,,22.554316,0.0,2023-08-01
27039,2023-07-27 09:18:00,20100.0,19848.6,9044550,134050,1.5,244.45,869700,8650,0.353761,,0.00062728,,24.889775,0.0,2023-08-01
24415,2023-07-27 09:19:00,19600.0,19855.9,1286100,9003200,267.75,2.15,66000,1198500,0.624881,-0.330865,0.00040477,0.00055271,39.328899,27.532849,2023-08-01
19162,2023-07-27 09:19:00,19650.0,19855.9,920450,6174950,217.65,2.8,76700,1387700,0.618749,-0.343132,0.00047662,0.00063469,33.567236,24.317943,2023-08-01
13906,2023-07-27 09:19:00,19700.0,19855.9,3485150,10801950,170.15,5.1,642050,2378650,0.604482,-0.36721,0.00054364,0.00070063,29.741587,22.565364,2023-08-01
8649,2023-07-27 09:19:00,19750.0,19855.9,4222150,6993150,124.85,9.95,740850,2143350,0.584747,-0.397415,0.00061943,0.00076462,26.422955,21.173495,2023-08-01
3389,2023-07-27 09:19:00,19800.0,19855.9,12191600,9257550,84.9,19.7,3242050,2994200,0.556853,-0.433493,0.0006799,0.00081997,24.38014,20.13864,2023-08-01
757,2023-07-27 09:19:00,19850.0,19855.9,9866350,3957650,52.0,36.45,4789300,2537100,0.523349,-0.473903,0.00072887,0.00087916,22.936294,19.007366,2023-08-01
6019,2023-07-27 09:19:00,19900.0,19855.9,14646950,2823550,28.7,63.45,4376250,943500,0.486217,-0.519047,0.00075031,0.00091812,22.305912,18.218979,2023-08-01
11277,2023-07-27 09:19:00,19950.0,19855.9,8065000,642750,13.95,98.85,2739700,196900,0.447888,-0.57325,0.00075721,0.00101258,21.926982,16.258765,2023-08-01
16534,2023-07-27 09:19:00,20000.0,19855.9,15528200,1246300,6.25,141.1,3520850,207100,0.411067,,0.0007407,,22.044607,0.0,2023-08-01
21788,2023-07-27 09:19:00,20050.0,19855.9,7541950,68600,2.5,187.8,1402200,29050,0.375671,,0.00071758,,22.194528,0.0,2023-08-01
27040,2023-07-27 09:19:00,20100.0,19855.9,9044550,134050,1.55,236.75,2147200,14250,0.355709,,0.0006396,,24.450721,0.0,2023-08-01
24416,2023-07-27 09:20:00,19600.0,19856.85,1287550,9477600,266.2,2.2,80550,1332500,0.632622,-0.331583,0.00043063,0.0005485,36.719946,27.76901,2023-08-01
19163,2023-07-27 09:20:00,19650.0,19856.85,935450,6539000,217.8,3.0,90700,1690400,0.621103,-0.34516,0.00048472,0.00062398,32.944885,24.79047,2023-08-01
13907,2023-07-27 09:20:00,19700.0,19856.85,3514050,11497600,169.3,5.15,545550,2339200,0.609094,-0.367516,0.0005668,0.00069504,28.434186,22.753453,2023-08-01
8650,2023-07-27 09:20:00,19750.0,19856.85,4141600,6926300,124.35,9.9,698500,1842700,0.587503,-0.397157,0.00063712,0.00076053,25.649966,21.283814,2023-08-01
3390,2023-07-27 09:20:00,19800.0,19856.85,12126850,11045900,83.8,19.7,2830600,2694550,0.559231,-0.433219,0.00070502,0.00081262,23.491285,20.318781,2023-08-01
758,2023-07-27 09:20:00,19850.0,19856.85,10899850,6591050,51.0,36.4,4616000,3177000,0.524446,-0.473266,0.00075116,0.00086933,22.252443,19.220641,2023-08-01
6020,2023-07-27 09:20:00,19900.0,19856.85,15697300,3768950,27.9,63.8,5641500,1005750,0.486331,-0.517406,0.00076925,0.00089205,21.757264,18.755458,2023-08-01
11278,2023-07-27 09:20:00,19950.0,19856.85,8463350,806350,13.65,99.35,3621800,240500,0.447754,-0.567325,0.00076763,0.00095183,21.628801,17.343116,2023-08-01
16535,2023-07-27 09:20:00,20000.0,19856.85,16660000,1382650,6.05,141.7,3407200,180950,0.41053,,0.0007499,,21.767885,0.0,2023-08-01
21789,2023-07-27 09:20:00,20050.0,19856.85,8144400,100800,2.65,188.15,1752750,23600,0.377554,,0.00071201,,22.403573,0.0,2023-08-01
27041,2023-07-27 09:20:00,20100.0,19856.85,9565100,141450,1.6,237.55,1272850,14300,0.356835,,0.00063804,,24.538365,0.0,2023-08-01
24417,2023-07-27 09:21:00,19600.0,19853.45,1287550,9477600,264.55,2.2,43100,924500,0.626423,-0.332081,0.00041434,0.00055413,38.380132,27.509586,2023-08-01
19164,2023-07-27 09:21:00,19650.0,19853.45,935450,6539000,216.35,3.05,51750,1121800,0.615043,-0.346185,0.00046577,0.00062991,34.457454,24.590216,2023-08-01
13908,2023-07-27 09:21:00,19700.0,19853.45,3514050,11497600,168.5,5.2,339950,1419050,0.601986,-0.368475,0.00053736,0.00070427,30.147923,22.479842,2023-08-01
8651,2023-07-27 09:21:00,19750.0,19853.45,4141600,6926300,123.15,10.0,537900,1598650,0.582696,-0.39836,0.00061547,0.00077324,26.629332,20.955948,2023-08-01
3391,2023-07-27 09:21:00,19800.0,19853.45,12126850,11045900,83.15,19.85,1869400,2201600,0.555168,-0.434778,0.00068015,0.0008315,24.391984,19.875338,2023-08-01
759,2023-07-27 09:21:00,19850.0,19853.45,10899850,6591050,50.4,36.8,3064650,2433100,0.521602,-0.475789,0.00073212,0.00089559,22.846189,18.669002,2023-08-01
6021,2023-07-27 09:21:00,19900.0,19853.45,15697300,3768950,27.55,64.15,3110350,975400,0.484276,-0.522082,0.0007531,0.00094188,22.224931,17.756979,2023-08-01
11279,2023-07-27 09:21:00,19950.0,19853.45,8463350,806350,13.3,99.95,2224200,242500,0.445933,-0.580465,0.00075795,0.00106719,21.896697,15.375606,2023-08-01
16536,2023-07-27 09:21:00,20000.0,19853.45,16660000,1382650,5.9,142.9,2521950,146100,0.409127,,0.00074087,,22.020301,0.0,2023-08-01
21790,2023-07-27 09:21:00,20050.0,19853.45,8144400,100800,2.45,189.15,1351550,12750,0.375046,,0.00071113,,22.390031,0.0,2023-08-01
27042,2023-07-27 09:21:00,20100.0,19853.45,9565100,141450,1.6,239.45,1127400,6250,0.356593,,0.0006298,,24.859443,0.0,2023-08-01
24418,2023-07-27 09:22:00,19600.0,19859.85,1287550,9477600,269.9,2.25,42250,1133700,0.630265,-0.332288,0.00041743,0.00054014,37.959461,28.221755,2023-08-01
19165,2023-07-27 09:22:00,19650.0,19859.85,935450,6539000,220.3,2.95,53100,634750,0.622795,-0.344701,0.00048511,0.00061719,32.87244,25.050401,2023-08-01
13909,2023-07-27 09:22:00,19700.0,19859.85,3514050,11497600,172.85,5.0,366350,1812800,0.607881,-0.366474,0.00054978,0.00068823,29.339421,22.9566,2023-08-01
8652,2023-07-27 09:22:00,19750.0,19859.85,4141600,6926300,127.25,9.55,372450,1362100,0.588192,-0.395581,0.00062656,0.00075388,26.071849,21.448301,2023-08-01
3392,2023-07-27 09:22:00,19800.0,19859.85,12126850,11045900,86.25,18.8,1706850,2368550,0.560769,-0.430872,0.00069638,0.00081049,23.768196,20.351099,2023-08-01
760,2023-07-27 09:22:00,19850.0,19859.85,10899850,6591050,53.05,34.95,2701650,2098000,0.526501,-0.470679,0.00074168,0.00086811,22.529062,19.23846,2023-08-01
6022,2023-07-27 09:22:00,19900.0,19859.85,15697300,3768950,29.3,61.75,3202000,782650,0.488847,-0.514727,0.00076183,0.0008919,21.973069,18.763206,2023-08-01
11280,2023-07-27 09:22:00,19950.0,19859.85,8463350,806350,14.1,96.6,2059900,180250,0.44986,-0.56507,0.00077053,0.00096048,21.561715,17.202957,2023-08-01
16537,2023-07-27 09:22:00,20000.0,19859.85,16660000,1382650,6.2,138.75,1950000,166250,0.412214,-0.778609,0.00075492,0.00189332,21.643614,6.588454,2023-08-01
21791,2023-07-27 09:22:00,20050.0,19859.85,8144400,100800,2.55,185.3,804850,23350,0.377399,,0.00072468,,22.00862,0.0,2023-08-01
27043,2023-07-27 09:22:00,20100.0,19859.85,9565100,141450,1.6,233.8,787700,10050,0.357605,,0.00064342,,24.351166,0.0,2023-08-01
24419,2023-07-27 09:23:00,19600.0,19850.2,1280350,9902350,263.25,2.25,34150,1441200,0.620551,-0.333359,0.00039818,0.0005571,40.143893,27.412906,2023-08-01
19166,2023-07-27 09:23:00,19650.0,19850.2,952950,6429200,214.9,3.05,35500,717650,0.610074,-0.346901,0.00045048,0.00063682,35.769852,24.34932,2023-08-01
13910,2023-07-27 09:23:00,19700.0,19850.2,3571500,12004750,166.85,5.25,212650,1464450,0.597849,-0.369566,0.0005236,0.00071248,31.03356,22.248726,2023-08-01
8653,2023-07-27 09:23:00,19750.0,19850.2,4096750,7511100,121.6,10.05,256300,1089700,0.579058,-0.399497,0.0006017,0.00078619,27.298475,20.632388,2023-08-01
3393,2023-07-27 09:23:00,19800.0,19850.2,12270450,12077850,81.7,19.95,1172300,1675750,0.552244,-0.436317,0.00066916,0.00085064,24.824865,19.446235,2023-08-01
761,2023-07-27 09:23:00,19850.0,19850.2,11628900,8187850,49.4,37.3,1875300,1595500,0.519085,-0.478384,0.00072055,0.00091918,23.22736,18.202146,2023-08-01
6023,2023-07-27 09:23:00,19900.0,19850.2,16659500,4434850,27.0,65.0,2193350,617650,0.482281,-0.526565,0.00074117,0.00098133,22.584743,17.036568,2023-08-01
11281,2023-07-27 09:23:00,19950.0,19850.2,9129600,969200,12.85,100.75,1605650,156950,0.444064,-0.599694,0.00075077,0.00124242,22.098051,13.06294,2023-08-01
16538,2023-07-27 09:23:00,20000.0,19850.2,17601700,1503100,5.65,143.45,1745000,120700,0.407414,,0.00073516,,22.175063,0.0,2023-08-01
21792,2023-07-27 09:23:00,20050.0,19850.2,8639400,123700,2.4,190.0,757550,9100,0.374289,,0.00070249,,22.657618,0.0,2023-08-01
27044,2023-07-27 09:23:00,20100.0,19850.2,9991250,146650,1.5,238.95,1125900,16850,0.354926,,0.00062726,,24.926093,0.0,2023-08-01
24420,2023-07-27 09:24:00,19600.0,19848.45,1280350,9902350,262.15,2.25,46050,846300,0.618665,-0.333709,0.00039397,0.00055981,40.640393,27.295694,2023-08-01
19167,2023-07-27 09:24:00,19650.0,19848.45,952950,6429200,212.3,3.15,72350,870450,0.61161,-0.348196,0.00046162,0.0006369,34.872576,24.383341,2023-08-01
13911,2023-07-27 09:24:00,19700.0,19848.45,3571500,12004750,164.45,5.55,393950,1620600,0.598709,-0.37169,0.00053488,0.00070841,30.36683,22.421635,2023-08-01
8654,2023-07-27 09:24:00,19750.0,19848.45,4096750,7511100,119.9,10.65,383750,1614450,0.578451,-0.401889,0.00060614,0.00077836,27.111192,20.875609,2023-08-01
3394,2023-07-27 09:24:00,19800.0,19848.45,12270450,12077850,79.9,20.9,2171450,2910200,0.551558,-0.438463,0.00067772,0.00084081,24.520666,19.69343,2023-08-01
762,2023-07-27 09:24:00,19850.0,19848.45,11628900,8187850,48.35,38.65,2792750,2550250,0.517837,-0.480149,0.00072226,0.00090685,23.179194,18.456704,2023-08-01
6024,2023-07-27 09:24:00,19900.0,19848.45,16659500,4434850,26.35,67.0,3081800,1155300,0.480984,-0.527357,0.00074108,0.00095634,22.587457,17.482008,2023-08-01
11282,2023-07-27 09:24:00,19950.0,19848.45,9129600,969200,12.45,103.5,2078100,314650,0.442722,-0.591444,0.00075077,0.00112651,22.090754,14.483633,2023-08-01
16539,2023-07-27 09:24:00,20000.0,19848.45,17601700,1503100,5.5,146.45,2301800,201650,0.406396,,0.00073284,,22.234933,0.0,2023-08-01
21793,2023-07-27 09:24:00,20050.0,19848.45,8639400,123700,2.3,193.2,805350,13500,0.373049,,0.00070186,,22.657505,0.0,2023-08-01
27045,2023-07-27 09:24:00,20100.0,19848.45,9991250,146650,1.5,242.65,1434550,16000,0.354906,,0.00062281,,25.107455,0.0,2023-08-01
24421,2023-07-27 09:25:00,19600.0,19844.8,1280350,9902350,256.0,2.3,82600,947300,0.624516,-0.334831,0.00042209,0.00056429,37.76249,27.12146,2023-08-01
19168,2023-07-27 09:25:00,19650.0,19844.8,952950,6429200,206.75,3.3,46150,724350,0.615781,-0.350125,0.00048978,0.00064025,32.772884,24.310897,2023-08-01
13912,2023-07-27 09:25:00,19700.0,19844.8,3571500,12004750,159.75,5.9,293650,1493650,0.600147,-0.3743,0.00055689,0.00071001,29.14668,22.426914,2023-08-01
8655,2023-07-27 09:25:00,19750.0,19844.8,4096750,7511100,114.95,11.3,550450,1412050,0.579408,-0.404783,0.00063654,0.00077948,25.810046,20.889108,2023-08-01
3395,2023-07-27 09:25:00,19800.0,19844.8,12270450,12077850,76.15,22.5,1734500,2724500,0.550145,-0.442157,0.00069746,0.0008314,23.843366,19.949288,2023-08-01
763,2023-07-27 09:25:00,19850.0,19844.8,11628900,8187850,45.35,41.35,2852550,2495250,0.515299,-0.483635,0.00073987,0.00088671,22.639045,18.888023,2023-08-01
6025,2023-07-27 09:25:00,19900.0,19844.8,16659500,4434850,24.5,70.75,2822100,973500,0.477826,-0.529403,0.00075123,0.00092098,22.278717,18.151196,2023-08-01
11283,2023-07-27 09:25:00,19950.0,19844.8,9129600,969200,11.55,108.0,1713050,233700,0.439607,-0.587009,0.00075404,0.00103406,21.97487,15.823131,2023-08-01
16540,2023-07-27 09:25:00,20000.0,19844.8,17601700,1503100,5.1,151.35,1937850,173350,0.403619,,0.00073243,,22.214708,0.0,2023-08-01
21794,2023-07-27 09:25:00,20050.0,19844.8,8639400,123700,2.15,198.6,948300,26650,0.37086,,0.00069873,,22.721571,0.0,2023-08-01
27046,2023-07-27 09:25:00,20100.0,19844.8,9991250,146650,1.4,247.25,826300,12850,0.352916,,0.00062052,,25.155964,0.0,2023-08-01
24422,2023-07-27 09:26:00,19600.0,19844.65,1293950,9882950,257.0,2.35,35500,501200,0.621211,-0.335612,0.00040993,0.00056207,38.991518,27.255262,2023-08-01
19169,2023-07-27 09:26:00,19650.0,19844.65,974650,6495800,208.1,3.35,44150,691700,0.611742,-0.350745,0.00047124,0.00063813,34.168314,24.409337,2023-08-01
13913,2023-07-27 09:26:00,19700.0,19844.65,3678250,12511900,161.0,5.8,247550,1148250,0.597064,-0.373943,0.00053815,0.00071277,30.224063,22.33501,2023-08-01
8656,2023-07-27 09:26:00,19750.0,19844.65,4124500,7886650,116.4,11.15,364100,1227350,0.576857,-0.4045,0.00061366,0.00078309,26.809074,20.790549,2023-08-01
3396,2023-07-27 09:26:00,19800.0,19844.65,12994150,12951350,77.3,22.0,1561200,2417600,0.548988,-0.441636,0.00067857,0.00084248,24.517679,19.684632,2023-08-01
764,2023-07-27 09:26:00,19850.0,19844.65,12690550,8414350,46.15,40.55,2236550,1921050,0.515104,-0.483614,0.00072548,0.00090578,23.090317,18.491661,2023-08-01
6026,2023-07-27 09:26:00,19900.0,19844.65,17904000,4426400,25.1,69.6,2137000,994450,0.478258,-0.531045,0.00073884,0.0009571,22.655317,17.46194,2023-08-01
11284,2023-07-27 09:26:00,19950.0,19844.65,9975850,1008200,11.95,106.7,1412850,212800,0.440552,-0.597789,0.00074299,0.00114538,22.311423,14.193939,2023-08-01
16541,2023-07-27 09:26:00,20000.0,19844.65,18492700,1535600,5.35,150.45,1857550,173250,0.405034,,0.00072243,,22.543972,0.0,2023-08-01
21795,2023-07-27 09:26:00,20050.0,19844.65,8968050,135100,2.2,197.65,692650,17400,0.371612,,0.00069475,,22.868475,0.0,2023-08-01
27047,2023-07-27 09:26:00,20100.0,19844.65,10606900,148700,1.4,246.15,807850,12650,0.353096,,0.00061951,,25.203313,0.0,2023-08-01
24423,2023-07-27 09:27:00,19600.0,19855.95,1293950,9882950,265.1,2.2,84700,1224450,0.632139,-0.332983,0.00043049,0.00054606,36.766158,27.954017,2023-08-01
19170,2023-07-27 09:27:00,19650.0,19855.95,974650,6495800,215.7,2.95,69800,881750,0.623871,-0.346013,0.00049888,0.00062329,31.953161,24.853424,2023-08-01
13914,2023-07-27 09:27:00,19700.0,19855.95,3678250,12511900,168.0,5.1,432900,1406650,0.609134,-0.368413,0.00057023,0.00069408,28.276742,22.814765,2023-08-01
8657,2023-07-27 09:27:00,19750.0,19855.95,4124500,7886650,122.45,9.8,561250,1763050,0.588521,-0.397851,0.00065064,0.00076095,25.115204,21.292869,2023-08-01
3397,2023-07-27 09:27:00,19800.0,19855.95,12994150,12951350,82.5,19.75,2193750,2574400,0.558876,-0.434135,0.0007095,0.00081049,23.357654,20.390386,2023-08-01
765,2023-07-27 09:27:00,19850.0,19855.95,12690550,8414350,49.95,36.9,3469900,1920200,0.523797,-0.474241,0.00075354,0.00086023,22.195793,19.4369,2023-08-01
6027,2023-07-27 09:27:00,19900.0,19855.95,17904000,4426400,27.25,64.4,3095400,886350,0.485665,-0.517989,0.00076802,0.00088434,21.802038,18.92725,2023-08-01
11285,2023-07-27 09:27:00,19950.0,19855.95,9975850,1008200,12.95,100.35,1608000,193750,0.446639,-0.566771,0.00077239,0.00093417,21.498265,17.684096,2023-08-01
16542,2023-07-27 09:27:00,20000.0,19855.95,18492700,1535600,5.75,143.35,1911950,173550,0.409805,-0.644254,0.0007499,0.00112742,21.769702,13.878994,2023-08-01
21796,2023-07-27 09:27:00,20050.0,19855.95,8968050,135100,2.3,189.7,1277650,27350,0.374841,,0.00072177,,22.061996,0.0,2023-08-01
27048,2023-07-27 09:27:00,20100.0,19855.95,10606900,148700,1.45,238.4,1348600,23500,0.355567,,0.0006402,,24.437114,0.0,2023-08-01
24424,2023-07-27 09:28:00,19600.0,19848.95,1293950,9882950,258.65,2.2,35000,1425800,0.629253,-0.333814,0.00043228,0.0005584,36.72314,27.374587,2023-08-01
19171,2023-07-27 09:28:00,19650.0,19848.95,974650,6495800,210.7,3.0,27550,855850,0.616521,-0.347449,0.00048305,0.00063845,33.209948,24.310779,2023-08-01
13915,2023-07-27 09:28:00,19700.0,19848.95,3678250,12511900,162.4,5.3,273450,1288450,0.604066,-0.370798,0.00056564,0.00071123,28.620205,22.320767,2023-08-01
8658,2023-07-27 09:28:00,19750.0,19848.95,4124500,7886650,117.65,10.25,333350,958850,0.582592,-0.400996,0.00064043,0.00078248,25.610525,20.758788,2023-08-01
3398,2023-07-27 09:28:00,19800.0,19848.95,12994150,12951350,78.15,20.95,1165700,1733950,0.553511,-0.438607,0.00070456,0.00083186,23.576574,19.911266,2023-08-01
766,2023-07-27 09:28:00,19850.0,19848.95,12690550,8414350,46.45,39.1,2041250,1331600,0.51849,-0.479963,0.00075168,0.00088618,22.275582,18.891293,2023-08-01
6028,2023-07-27 09:28:00,19900.0,19848.95,17904000,4426400,24.9,67.8,2170200,654900,0.480368,-0.525482,0.00076579,0.00091857,21.862106,18.21093,2023-08-01
11286,2023-07-27 09:28:00,19950.0,19848.95,9975850,1008200,11.7,104.65,1335100,147750,0.441616,-0.580605,0.00076699,0.00101281,21.619984,16.211262,2023-08-01
16543,2023-07-27 09:28:00,20000.0,19848.95,18492700,1535600,5.1,148.1,1708350,131900,0.404983,,0.00074494,,21.8601,0.0,2023-08-01
21797,2023-07-27 09:28:00,20050.0,19848.95,8968050,135100,2.05,194.5,1236250,16650,0.370833,,0.00071405,,22.233309,0.0,2023-08-01
27049,2023-07-27 09:28:00,20100.0,19848.95,10606900,148700,1.35,243.9,785800,8500,0.353098,,0.00063047,,24.763388,0.0,2023-08-01
24425,2023-07-27 09:29:00,19600.0,19844.4,1268700,10417800,252.75,2.15,38550,1282100,0.633555,-0.333811,0.00045612,0.00056855,34.680882,26.893787,2023-08-01
19172,2023-07-27 09:29:00,19650.0,19844.4,978700,6590700,203.65,3.2,43150,514050,0.623785,-0.349982,0.00052759,0.00064214,30.237969,24.242688,2023-08-01
13916,2023-07-27 09:29:00,19700.0,19844.4,3717100,12876400,155.5,5.75,309900,1114200,0.609673,-0.374156,0.00061694,0.00071271,26.144166,22.345361,2023-08-01
8659,2023-07-27 09:29:00,19750.0,19844.4,4133050,8449550,111.3,11.4,287400,964650,0.584675,-0.4056,0.00068766,0.00077524,23.831753,21.019963,2023-08-01
3399,2023-07-27 09:29:00,19800.0,19844.4,13233050,13566250,73.1,22.95,1309450,1813300,0.552114,-0.443136,0.00073777,0.00082055,22.532596,20.226002,2023-08-01
767,2023-07-27 09:29:00,19850.0,19844.4,13268600,9032300,42.8,42.6,2006300,1537300,0.515203,-0.484208,0.00077455,0.00085953,21.631978,19.492138,2023-08-01
6029,2023-07-27 09:29:00,19900.0,19844.4,18677900,4593550,22.95,72.95,2345100,805500,0.476536,-0.527451,0.0007735,0.00086581,21.63956,19.319922,2023-08-01
11287,2023-07-27 09:29:00,19950.0,19844.4,10515250,1108550,10.75,110.75,1521350,259250,0.437947,-0.575198,0.00076801,0.00090546,21.567296,18.187795,2023-08-01
16544,2023-07-27 09:29:00,20000.0,19844.4,19004100,1580400,4.75,154.55,1947450,120600,0.402141,-0.663656,0.00073997,0.00115107,21.974177,13.322952,2023-08-01
21798,2023-07-27 09:29:00,20050.0,19844.4,9910550,156550,2.0,201.25,863800,29600,0.369629,,0.00070287,,22.569702,0.0,2023-08-01
27050,2023-07-27 09:29:00,20100.0,19844.4,10913750,156850,1.3,251.05,1013500,12150,0.351808,,0.00062332,,25.02172,0.0,2023-08-01
24426,2023-07-27 09:30:00,19600.0,19847.15,1268700,10417800,256.95,2.1,14800,940600,0.628398,-0.33312,0.00043233,0.00056462,36.753721,27.056894,2023-08-01
19173,2023-07-27 09:30:00,19650.0,19847.15,978700,6590700,207.7,3.05,29700,412000,0.619562,-0.348474,0.00050132,0.00063981,31.93015,24.290686,2023-08-01
13917,2023-07-27 09:30:00,19700.0,19847.15,3717100,12876400,160.2,5.4,171250,1217500,0.604502,-0.371948,0.00057493,0.00071285,28.155296,22.297327,2023-08-01
8660,2023-07-27 09:30:00,19750.0,19847.15,4133050,8449550,115.0,10.4,292200,1012700,0.583461,-0.402113,0.00065913,0.00078581,24.877931,20.690429,2023-08-01
3400,2023-07-27 09:30:00,19800.0,19847.15,13233050,13566250,75.95,21.15,1177750,1946550,0.553064,-0.439735,0.00071897,0.00083851,23.112608,19.766381,2023-08-01
768,2023-07-27 09:30:00,19850.0,19847.15,13268600,9032300,44.55,39.6,1704600,1543500,0.51726,-0.481489,0.0007664,0.00089333,21.855841,18.747607,2023-08-01
6030,2023-07-27 09:30:00,19900.0,19847.15,18677900,4593550,23.6,68.8,2326700,881400,0.478522,-0.527341,0.00077701,0.00092355,21.54633,18.111133,2023-08-01
11288,2023-07-27 09:30:00,19950.0,19847.15,10515250,1108550,11.0,106.3,1210350,198950,0.439568,-0.581902,0.0007738,0.00100617,21.418025,16.310784,2023-08-01
16545,2023-07-27 09:30:00,20000.0,19847.15,19004100,1580400,4.7,150.0,2081900,105150,0.402622,,0.00075114,,21.652323,0.0,2023-08-01
21799,2023-07-27 09:30:00,20050.0,19847.15,9910550,156550,2.0,197.6,731400,22050,0.370255,,0.00071002,,22.353108,0.0,2023-08-01
27051,2023-07-27 09:30:00,20100.0,19847.15,10913750,156850,1.3,248.0,1103050,10400,0.352338,,0.00062847,,24.828227,0.0,2023-08-01
24427,2023-07-27 09:31:00,19600.0,19840.7,1268700,10417800,248.9,2.1,26050,965500,0.633411,-0.333908,0.0004626,0.00057674,34.209904,26.52334,2023-08-01
19174,2023-07-27 09:31:00,19650.0,19840.7,978700,6590700,199.65,3.15,42550,645700,0.624096,-0.350315,0.00053903,0.00065262,29.598155,23.869303,2023-08-01
13918,2023-07-27 09:31:00,19700.0,19840.7,3717100,12876400,152.05,5.85,313450,1153800,0.607963,-0.37558,0.00062167,0.00072169,25.985612,22.10097,2023-08-01
8661,2023-07-27 09:31:00,19750.0,19840.7,4133050,8449550,108.1,11.55,441250,1164050,0.582541,-0.407155,0.00069268,0.0007889,23.693797,20.682246,2023-08-01
3401,2023-07-27 09:31:00,19800.0,19840.7,13233050,13566250,69.95,23.5,1931900,2343100,0.549948,-0.445486,0.00074933,0.00083433,22.20764,19.914912,2023-08-01
769,2023-07-27 09:31:00,19850.0,19840.7,13268600,9032300,40.3,43.85,2653200,1903150,0.512361,-0.487344,0.0007855,0.00087256,21.342274,19.212401,2023-08-01
6031,2023-07-27 09:31:00,19900.0,19840.7,18677900,4593550,21.0,74.8,2835550,1031950,0.47301,-0.531492,0.00078718,0.0008835,21.258153,18.925017,2023-08-01
11289,2023-07-27 09:31:00,19950.0,19840.7,10515250,1108550,9.75,113.65,1792600,264450,0.434346,-0.579737,0.00077482,0.00091605,21.35301,17.942647,2023-08-01
16546,2023-07-27 09:31:00,20000.0,19840.7,19004100,1580400,4.3,158.25,2108600,141300,0.398907,-0.66466,0.00074191,0.00112712,21.877266,13.594509,2023-08-01
21800,2023-07-27 09:31:00,20050.0,19840.7,9910550,156550,1.9,205.1,676950,21600,0.368084,,0.00069668,,22.746471,0.0,2023-08-01
27052,2023-07-27 09:31:00,20100.0,19840.7,10913750,156850,1.35,255.0,347950,10750,0.35272,,0.00061103,,25.557024,0.0,2023-08-01
24428,2023-07-27 09:32:00,19600.0,19843.9,1271750,10433950,252.0,2.05,20450,548050,0.634028,-0.333162,0.00045878,0.00057182,34.472192,26.725424,2023-08-01
19175,2023-07-27 09:32:00,19650.0,19843.9,989150,6696300,203.1,3.0,24650,880600,0.62344,-0.348732,0.00052737,0.00064899,30.266157,23.96075,2023-08-01
13919,2023-07-27 09:32:00,19700.0,19843.9,3781600,13041950,155.05,5.55,194100,968300,0.609018,-0.373597,0.00061502,0.0007183,26.244266,22.166083,2023-08-01
8662,2023-07-27 09:32:00,19750.0,19843.9,4082150,8613400,110.6,11.05,290100,1183950,0.584634,-0.405057,0.00069064,0.00078379,23.734613,20.788359,2023-08-01
3402,2023-07-27 09:32:00,19800.0,19843.9,13469500,14406600,71.8,22.35,1197550,1888450,0.552508,-0.442782,0.00075156,0.00083405,22.121302,19.900677,2023-08-01
770,2023-07-27 09:32:00,19850.0,19843.9,14145900,9724050,41.5,41.75,1941500,1731600,0.514901,-0.484495,0.00079005,0.00088044,21.212883,19.033814,2023-08-01
6032,2023-07-27 09:32:00,19900.0,19843.9,19859250,4773100,21.8,72.2,2105800,717150,0.475415,-0.528969,0.00078992,0.00089089,21.190668,18.775211,2023-08-01
11290,2023-07-27 09:32:00,19950.0,19843.9,10914850,1176300,10.2,110.6,1272550,173350,0.436683,-0.577829,0.00077696,0.00092794,21.312862,17.728243,2023-08-01
16547,2023-07-27 09:32:00,20000.0,19843.9,19629800,1616600,4.6,154.95,1530950,140900,0.401582,-0.672147,0.000741,0.00119594,21.940619,12.696429,2023-08-01
21801,2023-07-27 09:32:00,20050.0,19843.9,10083250,166400,2.0,202.1,1026050,22750,0.37009,,0.00069896,,22.710312,0.0,2023-08-01
27053,2023-07-27 09:32:00,20100.0,19843.9,10937450,153450,1.35,251.0,1068300,14100,0.353295,,0.00061692,,25.325504,0.0,2023-08-01
24429,2023-07-27 09:33:00,19600.0,19847.25,1271750,10433950,252.65,2.1,13000,995450,0.648413,-0.333686,0.00050301,0.00056258,31.003224,27.178192,2023-08-01
19176,2023-07-27 09:33:00,19650.0,19847.25,989150,6696300,203.5,3.05,15250,555000,0.637383,-0.348992,0.00057991,0.00063739,27.184896,24.401057,2023-08-01
13920,2023-07-27 09:33:00,19700.0,19847.25,3781600,13041950,155.75,5.7,151450,1845500,0.619032,-0.374025,0.00066071,0.00070064,24.24221,22.730679,2023-08-01
8663,2023-07-27 09:33:00,19750.0,19847.25,4082150,8613400,111.7,10.95,191950,1580050,0.590266,-0.404072,0.00071894,0.00076826,22.725062,21.193262,2023-08-01
3403,2023-07-27 09:33:00,19800.0,19847.25,13469500,14406600,73.0,22.25,915050,1960200,0.556063,-0.441355,0.00076813,0.00081075,21.615293,20.4596,2023-08-01
771,2023-07-27 09:33:00,19850.0,19847.25,14145900,9724050,42.3,41.35,1331850,1152200,0.517681,-0.481857,0.00080404,0.00085052,20.835749,19.696008,2023-08-01
6033,2023-07-27 09:33:00,19900.0,19847.25,19859250,4773100,22.2,71.25,1614550,507550,0.47756,-0.52454,0.00080241,0.00085467,20.865504,19.583395,2023-08-01
11291,2023-07-27 09:33:00,19950.0,19847.25,10914850,1176300,10.4,109.8,1156400,142150,0.438415,-0.567138,0.00078699,0.00084695,21.053569,19.51843,2023-08-01
16548,2023-07-27 09:33:00,20000.0,19847.25,19629800,1616600,4.5,153.55,1335350,105200,0.401893,-0.617363,0.00075648,0.00088355,21.493749,18.152079,2023-08-01
21802,2023-07-27 09:33:00,20050.0,19847.25,10083250,166400,1.9,201.6,687550,10750,0.369495,-0.681467,0.00071388,0.00093795,22.221677,15.995409,2023-08-01
27054,2023-07-27 09:33:00,20100.0,19847.25,10937450,153450,1.35,251.0,626350,5750,0.353894,,0.00062326,,25.080441,0.0,2023-08-01
24430,2023-07-27 09:34:00,19600.0,19847.1,1271750,10433950,255.55,2.05,23100,757600,0.632647,-0.333255,0.00044788,0.00056431,35.354916,27.082984,2023-08-01
19177,2023-07-27 09:34:00,19650.0,19847.1,989150,6696300,207.0,2.95,19400,441400,0.621094,-0.348247,0.00050842,0.00064094,31.453605,24.24878,2023-08-01
13921,2023-07-27 09:34:00,19700.0,19847.1,3781600,13041950,159.25,5.15,250350,1020700,0.606383,-0.371121,0.00058652,0.00071781,27.570201,22.133424,2023-08-01
8664,2023-07-27 09:34:00,19750.0,19847.1,4082150,8613400,114.35,10.1,213250,1522900,0.584165,-0.40165,0.00066581,0.00079022,24.625157,20.574143,2023-08-01
3404,2023-07-27 09:34:00,19800.0,19847.1,13469500,14406600,75.1,20.8,876550,1711300,0.553576,-0.439539,0.00072839,0.00084254,22.815886,19.675526,2023-08-01
772,2023-07-27 09:34:00,19850.0,19847.1,14145900,9724050,43.85,39.4,1200650,1265150,0.517279,-0.481536,0.00077374,0.00089396,21.654214,18.739591,2023-08-01
6034,2023-07-27 09:34:00,19900.0,19847.1,19859250,4773100,23.1,68.6,1633350,559800,0.478263,-0.52748,0.00078218,0.00092568,21.408682,18.073905,2023-08-01
11292,2023-07-27 09:34:00,19950.0,19847.1,10914850,1176300,10.85,106.25,887350,102150,0.439564,-0.58207,0.00077333,0.00100731,21.4366,16.295223,2023-08-01
16549,2023-07-27 09:34:00,20000.0,19847.1,19629800,1616600,4.75,150.55,1245600,100750,0.403456,,0.00074528,,21.839941,0.0,2023-08-01
21803,2023-07-27 09:34:00,20050.0,19847.1,10083250,166400,2.0,197.55,481800,16350,0.370966,,0.00070651,,22.484248,0.0,2023-08-01
27055,2023-07-27 09:34:00,20100.0,19847.1,10937450,153450,1.35,247.85,287050,15950,0.354077,,0.00062223,,25.128558,0.0,2023-08-01
24431,2023-07-27 09:35:00,19600.0,19850.5,1270950,10979250,256.25,2.0,67600,913300,0.646093,-0.33249,0.00048868,0.00055928,31.986479,27.299032,2023-08-01
19178,2023-07-27 09:35:00,19650.0,19850.5,988850,6770950,206.25,2.95,33050,623750,0.640493,-0.348042,0.00058397,0.00063137,26.915434,24.608414,2023-08-01
13922,2023-07-27 09:35:00,19700.0,19850.5,3931900,13169550,159.05,5.3,318350,1409050,0.619046,-0.371617,0.00064737,0.00069992,24.740839,22.706393,2023-08-01
8665,2023-07-27 09:35:00,19750.0,19850.5,4127850,9622450,113.9,10.35,362900,1471300,0.593421,-0.401752,0.00072482,0.00076549,22.497524,21.23818,2023-08-01
3405,2023-07-27 09:35:00,19800.0,19850.5,13602850,14744150,75.1,21.55,1479800,2341400,0.55853,-0.439302,0.00076693,0.00080085,21.628853,20.695831,2023-08-01
773,2023-07-27 09:35:00,19850.0,19850.5,14697450,9902850,43.9,40.15,2122750,1646150,0.520269,-0.479243,0.00080202,0.00083926,20.88105,19.953146,2023-08-01
6035,2023-07-27 09:35:00,19900.0,19850.5,20794650,4904050,23.25,69.8,2391300,817300,0.480244,-0.521028,0.0008004,0.00083475,20.924716,20.06033,2023-08-01
11293,2023-07-27 09:35:00,19950.0,19850.5,11323400,1196950,10.8,107.2,1631100,206250,0.440709,-0.563864,0.00079056,0.00084189,20.976431,19.662031,2023-08-01
16550,2023-07-27 09:35:00,20000.0,19850.5,19964700,1609750,4.7,151.25,1524650,101400,0.404102,-0.606913,0.00075922,0.00083417,21.44544,19.375904,2023-08-01
21804,2023-07-27 09:35:00,20050.0,19850.5,10445000,171650,2.0,198.95,1020000,25600,0.371705,-0.650731,0.00071573,0.00081987,22.206577,18.974872,2023-08-01
27056,2023-07-27 09:35:00,20100.0,19850.5,11193700,151250,1.35,248.75,824200,10900,0.354688,-0.664447,0.00062881,0.00069574,24.87803,22.02409,2023-08-01
24432,2023-07-27 09:36:00,19600.0,19854.95,1270950,10979250,258.65,1.95,35750,549650,0.663131,-0.331624,0.00053593,0.00055245,28.630522,27.603563,2023-08-01
19179,2023-07-27 09:36:00,19650.0,19854.95,988850,6770950,208.5,2.85,18400,545900,0.66005,-0.346765,0.00065006,0.00062329,23.686816,24.889614,2023-08-01
13923,2023-07-27 09:36:00,19700.0,19854.95,3931900,13169550,161.25,5.05,189000,837450,0.630811,-0.369647,0.0006942,0.00069172,22.841421,22.932279,2023-08-01
8666,2023-07-27 09:36:00,19750.0,19854.95,4127850,9622450,116.25,9.65,211750,1131950,0.600318,-0.398653,0.00075293,0.0007612,21.559747,21.311263,2023-08-01
3406,2023-07-27 09:36:00,19800.0,19854.95,13602850,14744150,76.95,20.05,717050,1113550,0.563506,-0.435606,0.00078863,0.00080151,20.989593,20.644812,2023-08-01
774,2023-07-27 09:36:00,19850.0,19854.95,14697450,9902850,45.05,38.05,1170350,891850,0.524198,-0.47555,0.00082226,0.00083652,20.352547,20.004953,2023-08-01
6036,2023-07-27 09:36:00,19900.0,19854.95,20794650,4904050,23.95,67.05,1437250,456450,0.483306,-0.517116,0.00081579,0.00082879,20.533869,20.210805,2023-08-01
11294,2023-07-27 09:36:00,19950.0,19854.95,11323400,1196950,11.15,103.95,1247850,120200,0.443217,-0.558944,0.00080336,0.000829,20.658196,20.003115,2023-08-01
16551,2023-07-27 09:36:00,20000.0,19854.95,19964700,1609750,4.85,148.0,1197350,72050,0.406153,-0.597079,0.00077004,0.00079292,21.167499,20.515445,2023-08-01
21805,2023-07-27 09:36:00,20050.0,19854.95,10445000,171650,1.95,195.0,359950,7150,0.371989,-0.638172,0.00073164,0.00078058,21.725577,20.177374,2023-08-01
27057,2023-07-27 09:36:00,20100.0,19854.95,11193700,151250,1.3,245.1,209200,3900,0.354501,-0.643592,0.00064132,0.00063437,24.38449,24.698467,2023-08-01
24433,2023-07-27 09:37:00,19600.0,19858.05,1270950,10979250,260.5,1.85,28600,962600,0.682311,-0.330178,0.00058794,0.00055042,25.482247,27.654774,2023-08-01
19180,2023-07-27 09:37:00,19650.0,19858.05,988850,6770950,211.85,2.75,21050,677350,0.657226,-0.345619,0.00062991,0.00061885,24.519394,25.03512,2023-08-01
13924,2023-07-27 09:37:00,19700.0,19858.05,3931900,13169550,163.6,4.85,274950,1058550,0.635941,-0.368141,0.00070839,0.00068695,22.278066,23.05872,2023-08-01
8667,2023-07-27 09:37:00,19750.0,19858.05,4127850,9622450,118.3,9.25,269650,1123200,0.604366,-0.396766,0.00076503,0.00075622,21.159263,21.422363,2023-08-01
3407,2023-07-27 09:37:00,19800.0,19858.05,13602850,14744150,78.55,19.45,1087250,1317250,0.56676,-0.43367,0.00079897,0.00079301,20.688218,20.847528,2023-08-01
775,2023-07-27 09:37:00,19850.0,19858.05,14697450,9902850,46.4,37.0,1576650,1054600,0.526842,-0.473151,0.0008265,0.00082684,20.237749,20.229486,2023-08-01
6037,2023-07-27 09:37:00,19900.0,19858.05,20794650,4904050,24.65,65.45,1591300,606850,0.485637,-0.514248,0.00082255,0.00081863,20.367877,20.465629,2023-08-01
11295,2023-07-27 09:37:00,19950.0,19858.05,11323400,1196950,11.45,102.05,1290300,122500,0.445135,-0.554888,0.00081099,0.00081127,20.475761,20.468615,2023-08-01
16552,2023-07-27 09:37:00,20000.0,19858.05,19964700,1609750,4.95,145.9,1382200,75200,0.407604,-0.5906,0.00077784,0.00076478,20.971831,21.352895,2023-08-01
21806,2023-07-27 09:37:00,20050.0,19858.05,10445000,171650,2.0,193.25,632700,7750,0.373351,-0.619412,0.00073743,0.00070142,21.578137,22.822047,2023-08-01
27058,2023-07-27 09:37:00,20100.0,19858.05,11193700,151250,1.35,242.15,743400,4450,0.356027,-0.640526,0.0006442,0.0006314,24.310148,24.886612,2023-08-01
24434,2023-07-27 09:38:00,19600.0,19862.35,1242500,10966950,264.5,1.8,47600,496200,0.689895,-0.329298,0.00060018,0.00054425,24.701256,27.933963,2023-08-01
19181,2023-07-27 09:38:00,19650.0,19862.35,983050,6779700,215.35,2.65,42650,535550,0.667945,-0.344323,0.0006577,0.00061175,23.192526,25.286463,2023-08-01
13925,2023-07-27 09:38:00,19700.0,19862.35,3817450,13564100,167.4,4.45,345200,1270300,0.640047,-0.365137,0.00071161,0.00068526,22.088277,23.049263,2023-08-01
8668,2023-07-27 09:38:00,19750.0,19862.35,4162350,10255250,121.4,8.55,463750,1565350,0.609663,-0.393516,0.00077811,0.0007544,20.722672,21.422743,2023-08-01
3408,2023-07-27 09:38:00,19800.0,19862.35,13506600,15554550,81.4,18.25,1874250,2509950,0.570519,-0.430364,0.00080186,0.00079037,20.576472,20.883787,2023-08-01
776,2023-07-27 09:38:00,19850.0,19862.35,14731450,10426450,48.35,34.9,2469650,1804900,0.530563,-0.469554,0.00083257,0.00082794,20.073582,20.186439,2023-08-01
6038,2023-07-27 09:38:00,19900.0,19862.35,20757700,5161800,25.7,62.7,2800450,953800,0.488943,-0.5107,0.00083178,0.00081746,20.144219,20.497519,2023-08-01
11296,2023-07-27 09:38:00,19950.0,19862.35,11583700,1317050,11.95,99.1,1485700,284500,0.447953,-0.550371,0.00082053,0.0007986,20.254129,20.821612,2023-08-01
16553,2023-07-27 09:38:00,20000.0,19862.35,20268600,1662350,5.15,142.45,1622450,158800,0.409894,-0.585396,0.00078719,0.0007516,20.747911,21.788751,2023-08-01
21807,2023-07-27 09:38:00,20050.0,19862.35,10707400,178100,2.1,188.8,466150,26650,0.375539,-0.620043,0.00074427,0.00072168,21.416263,22.166767,2023-08-01
27059,2023-07-27 09:38:00,20100.0,19862.35,11341650,150550,1.35,238.0,480750,22100,0.356779,-0.637509,0.00065347,0.00063175,23.979607,24.940568,2023-08-01
24435,2023-07-27 09:39:00,19600.0,19866.55,1242500,10966950,267.85,1.8,42700,837750,,-0.329141,,0.00053631,0.0,28.337803,2023-08-01
19182,2023-07-27 09:39:00,19650.0,19866.55,983050,6779700,219.0,2.55,67450,648200,0.678393,-0.343017,0.0006825,0.0006052,22.058028,25.519813,2023-08-01
13926,2023-07-27 09:39:00,19700.0,19866.55,3817450,13564100,170.3,4.15,398600,1294950,0.652742,-0.36267,0.00075628,0.00068128,20.515684,23.127828,2023-08-01
8669,2023-07-27 09:39:00,19750.0,19866.55,4162350,10255250,124.5,7.9,458250,1468550,0.615154,-0.390325,0.00079197,0.00075274,20.273872,21.417919,2023-08-01
3409,2023-07-27 09:39:00,19800.0,19866.55,13506600,15554550,83.8,16.95,1722550,2212100,0.575086,-0.426826,0.00081515,0.00079175,20.194719,20.810662,2023-08-01
777,2023-07-27 09:39:00,19850.0,19866.55,14731450,10426450,50.0,32.75,2592400,1673800,0.534458,-0.465927,0.00084536,0.00083236,19.751263,20.061543,2023-08-01
6039,2023-07-27 09:39:00,19900.0,19866.55,20757700,5161800,26.5,59.55,2757450,966050,0.492121,-0.507469,0.00084697,0.00082709,19.783795,20.259603,2023-08-01
11297,2023-07-27 09:39:00,19950.0,19866.55,11583700,1317050,12.25,95.25,1359800,220750,0.450344,-0.547963,0.00083595,0.00081239,19.893039,20.480695,2023-08-01
16554,2023-07-27 09:39:00,20000.0,19866.55,20268600,1662350,5.25,138.45,1362450,134950,0.411649,-0.583333,0.0008007,0.00076132,20.415736,21.531848,2023-08-01
21808,2023-07-27 09:39:00,20050.0,19866.55,10707400,178100,2.05,185.25,507500,27350,0.375869,-0.613083,0.00076071,0.00070248,20.956061,22.892757,2023-08-01
27060,2023-07-27 09:39:00,20100.0,19866.55,11341650,150550,1.35,234.0,330800,18450,0.357532,-0.633987,0.0006628,0.00062977,23.655976,25.096648,2023-08-01
24436,2023-07-27 09:40:00,19600.0,19862.85,1242500,10966950,266.7,1.8,34750,586350,0.661326,-0.329655,0.00051452,0.00054217,29.87964,28.056488,2023-08-01
19183,2023-07-27 09:40:00,19650.0,19862.85,983050,6779700,217.35,2.55,251650,609400,0.650241,-0.343588,0.00058948,0.00061318,26.397086,25.209963,2023-08-01
13927,2023-07-27 09:40:00,19700.0,19862.85,3817450,13564100,169.3,4.45,232800,1002900,0.630372,-0.36539,0.00066022,0.00068201,24.0228,23.16706,2023-08-01
8670,2023-07-27 09:40:00,19750.0,19862.85,4162350,10255250,122.7,8.4,367400,1004750,0.606388,-0.393114,0.00075067,0.00075439,21.532898,21.419276,2023-08-01
3410,2023-07-27 09:40:00,19800.0,19862.85,13506600,15554550,82.55,17.7,1335400,1597650,0.569427,-0.429436,0.00078245,0.00079715,21.099468,20.699783,2023-08-01
778,2023-07-27 09:40:00,19850.0,19862.85,14731450,10426450,49.05,33.95,2167100,1514850,0.530698,-0.468817,0.00082167,0.00084053,20.341615,19.883202,2023-08-01
6040,2023-07-27 09:40:00,19900.0,19862.85,20757700,5161800,25.95,61.0,2283800,937050,0.489446,-0.510962,0.00082803,0.00084481,20.238155,19.835836,2023-08-01
11298,2023-07-27 09:40:00,19950.0,19862.85,11583700,1317050,11.85,96.9,1231800,204500,0.448109,-0.553555,0.00082392,0.00084592,20.173904,19.638393,2023-08-01
16555,2023-07-27 09:40:00,20000.0,19862.85,20268600,1662350,4.95,140.05,1648500,122250,0.409238,-0.594902,0.00079528,0.00082666,20.531117,19.702422,2023-08-01
21809,2023-07-27 09:40:00,20050.0,19862.85,10707400,178100,2.0,187.15,303400,11800,0.37474,-0.635357,0.00075045,0.00080167,21.227892,19.695654,2023-08-01
27061,2023-07-27 09:40:00,20100.0,19862.85,11341650,150550,1.3,236.25,392800,15350,0.356314,-0.669163,0.00065665,0.00075063,23.855042,20.293826,2023-08-01
24437,2023-07-27 09:41:00,19600.0,19861.55,1220650,11037100,264.15,1.95,20500,666800,0.678335,-0.332032,0.00056868,0.00053758,26.48496,28.380997,2023-08-01
19184,2023-07-27 09:41:00,19650.0,19861.55,888250,6689450,215.0,2.65,90700,449800,0.660785,-0.344962,0.00063342,0.00061155,24.289165,25.318395,2023-08-01
13928,2023-07-27 09:41:00,19700.0,19861.55,3730500,13674500,166.15,4.55,239350,1158050,0.643079,-0.366387,0.00073024,0.00068205,21.466623,23.189925,2023-08-01
8671,2023-07-27 09:41:00,19750.0,19861.55,4113250,10643400,120.65,8.7,425100,948650,0.608859,-0.394606,0.00077718,0.00075112,20.764534,21.53785,2023-08-01
3411,2023-07-27 09:41:00,19800.0,19861.55,13357550,16251350,80.1,18.45,1473950,1282600,0.570853,-0.431201,0.00081498,0.00078801,20.246953,20.959134,2023-08-01
779,2023-07-27 09:41:00,19850.0,19861.55,14573000,11129050,47.15,35.35,2146100,1140700,0.530188,-0.470346,0.00084484,0.00082299,19.788321,20.3157,2023-08-01
6041,2023-07-27 09:41:00,19900.0,19861.55,21067650,5629100,24.75,63.2,2462750,688850,0.487992,-0.511282,0.00084264,0.00081445,19.888028,20.577425,2023-08-01
11299,2023-07-27 09:41:00,19950.0,19861.55,11620900,1424000,11.35,99.85,1388900,137450,0.446611,-0.550555,0.00082919,0.00079253,20.038305,20.985001,2023-08-01
16556,2023-07-27 09:41:00,20000.0,19861.55,20396450,1701200,4.8,143.45,1417350,128600,0.40822,-0.584402,0.00079471,0.00073936,20.536111,22.166958,2023-08-01
21810,2023-07-27 09:41:00,20050.0,19861.55,10788150,183200,2.0,190.15,655000,11550,0.374685,-0.614567,0.00074521,0.00069038,21.379077,23.27685,2023-08-01
27062,2023-07-27 09:41:00,20100.0,19861.55,11355800,166000,1.3,239.7,226800,8900,0.356349,-0.626203,0.00065279,0.00058613,24.000037,27.161159,2023-08-01
24438,2023-07-27 09:42:00,19600.0,19855.65,1220650,11037100,261.15,1.95,24500,348100,0.646853,-0.332746,0.00048149,0.0005475,32.445899,27.900422,2023-08-01
19185,2023-07-27 09:42:00,19650.0,19855.65,888250,6689450,210.75,2.75,16550,358700,0.64423,-0.346794,0.00058515,0.00062118,26.768784,24.983861,2023-08-01
13929,2023-07-27 09:42:00,19700.0,19855.65,3730500,13674500,163.3,4.85,161650,1088100,0.622733,-0.369279,0.00064749,0.00069084,24.667404,22.962372,2023-08-01
8672,2023-07-27 09:42:00,19750.0,19855.65,4113250,10643400,118.2,9.15,238300,1165850,0.596023,-0.397557,0.00071396,0.00076548,22.807776,21.184047,2023-08-01
3412,2023-07-27 09:42:00,19800.0,19855.65,13357550,16251350,77.9,19.15,1169850,1818400,0.56295,-0.434444,0.00077261,0.00081008,21.437596,20.424108,2023-08-01
780,2023-07-27 09:42:00,19850.0,19855.65,14573000,11129050,45.6,36.65,1645650,1447200,0.524571,-0.474686,0.00081175,0.00085201,20.622413,19.645744,2023-08-01
6042,2023-07-27 09:42:00,19900.0,19855.65,21067650,5629100,23.75,65.0,2041850,812350,0.483787,-0.517472,0.00081827,0.00085815,20.480128,19.525721,2023-08-01
11300,2023-07-27 09:42:00,19950.0,19855.65,11620900,1424000,10.95,102.1,1274450,150550,0.443551,-0.561204,0.00080607,0.00086312,20.59847,19.202763,2023-08-01
16557,2023-07-27 09:42:00,20000.0,19855.65,20396450,1701200,4.7,145.65,1079000,122250,0.406317,-0.608854,0.00077286,0.00088047,21.100185,18.335439,2023-08-01
21811,2023-07-27 09:42:00,20050.0,19855.65,10788150,183200,1.9,192.8,364950,13650,0.372535,,0.00073171,,21.741629,0.0,2023-08-01
27063,2023-07-27 09:42:00,20100.0,19855.65,11355800,166000,1.3,242.5,374400,2350,0.355807,,0.00063841,,24.53631,0.0,2023-08-01
24439,2023-07-27 09:43:00,19600.0,19855.35,1220650,11037100,264.0,1.95,21650,256000,0.631328,-0.33297,0.00042872,0.00054743,36.984602,27.913685,2023-08-01
19186,2023-07-27 09:43:00,19650.0,19855.35,888250,6689450,214.05,2.7,14700,382300,0.625139,-0.346506,0.0005059,0.0006232,31.511016,24.897229,2023-08-01
13930,2023-07-27 09:43:00,19700.0,19855.35,3730500,13674500,166.0,4.7,90200,847150,0.611015,-0.368551,0.0005832,0.00069601,27.63993,22.778982,2023-08-01
8673,2023-07-27 09:43:00,19750.0,19855.35,4113250,10643400,120.45,8.9,328300,742250,0.589573,-0.396877,0.00066299,0.00077288,24.659306,20.973377,2023-08-01
3413,2023-07-27 09:43:00,19800.0,19855.35,13357550,16251350,79.75,18.3,714550,1313600,0.560008,-0.433277,0.00073309,0.0008304,22.621043,19.915932,2023-08-01
781,2023-07-27 09:43:00,19850.0,19855.35,14573000,11129050,46.85,35.25,1107950,957400,0.523842,-0.47433,0.00078437,0.000885,21.346362,18.913855,2023-08-01
6043,2023-07-27 09:43:00,19900.0,19855.35,21067650,5629100,24.5,63.2,1226400,466950,0.484147,-0.519268,0.00079943,0.00090718,20.965145,18.468024,2023-08-01
11301,2023-07-27 09:43:00,19950.0,19855.35,11620900,1424000,11.2,99.9,755750,89900,0.444101,-0.569353,0.00079657,0.00095788,20.850136,17.245778,2023-08-01
16558,2023-07-27 09:43:00,20000.0,19855.35,20396450,1701200,4.75,143.55,950400,69400,0.406664,-0.665894,0.00076863,0.00126286,21.222458,12.116515,2023-08-01
21812,2023-07-27 09:43:00,20050.0,19855.35,10788150,183200,1.9,190.4,348700,13000,0.372667,,0.00072986,,21.800842,0.0,2023-08-01
27064,2023-07-27 09:43:00,20100.0,19855.35,11355800,166000,1.25,239.15,210600,3700,0.355012,,0.00064049,,24.439177,0.0,2023-08-01
24440,2023-07-27 09:44:00,19600.0,19855.65,1212050,11374700,262.3,1.95,12800,251300,0.639894,-0.333143,0.00045795,0.00054627,34.352956,27.980271,2023-08-01
19187,2023-07-27 09:44:00,19650.0,19855.65,863150,6828950,213.6,2.75,15750,221000,0.628055,-0.347162,0.0005177,0.00061974,30.717909,25.05524,2023-08-01
13931,2023-07-27 09:44:00,19700.0,19855.65,3705350,14379500,165.1,4.7,87500,663900,0.614993,-0.368668,0.00060458,0.00069414,26.584788,22.843866,2023-08-01
8674,2023-07-27 09:44:00,19750.0,19855.65,3927400,10665750,119.55,8.95,201350,652550,0.592293,-0.397113,0.00068363,0.00076904,23.87738,21.082384,2023-08-01
3414,2023-07-27 09:44:00,19800.0,19855.65,13053500,16358200,79.3,18.5,528400,1002750,0.560962,-0.433572,0.00074379,0.00082258,22.288642,20.108867,2023-08-01
782,2023-07-27 09:44:00,19850.0,19855.65,14430100,11416450,46.45,35.45,901000,773750,0.524237,-0.474237,0.00079341,0.00087601,21.103085,19.108667,2023-08-01
6044,2023-07-27 09:44:00,19900.0,19855.65,21156300,5766400,24.2,63.55,1192350,399300,0.484157,-0.518516,0.00080656,0.00089156,20.78103,18.794251,2023-08-01
11302,2023-07-27 09:44:00,19950.0,19855.65,11711500,1454900,11.0,100.3,744000,54600,0.443846,-0.566601,0.0008025,0.00092815,20.695139,17.820338,2023-08-01
16559,2023-07-27 09:44:00,20000.0,19855.65,20737550,1709950,4.6,144.0,1066500,69600,0.406027,-0.632972,0.00077489,0.00104812,21.04386,15.106653,2023-08-01
21813,2023-07-27 09:44:00,20050.0,19855.65,10742050,183200,1.8,191.4,292950,9700,0.37154,,0.00073654,,21.583287,0.0,2023-08-01
27065,2023-07-27 09:44:00,20100.0,19855.65,11520800,166750,1.25,239.85,193950,4950,0.355255,,0.00064041,,24.449372,0.0,2023-08-01
24441,2023-07-27 09:45:00,19600.0,19852.8,1212050,11374700,260.15,1.95,16800,207400,0.636052,-0.333593,0.00044976,0.00055087,35.113346,27.767087,2023-08-01
19188,2023-07-27 09:45:00,19650.0,19852.8,863150,6828950,211.6,2.85,34500,268700,0.624101,-0.348639,0.00050763,0.00062217,31.439032,25.001667,2023-08-01
13932,2023-07-27 09:45:00,19700.0,19852.8,3705350,14379500,163.0,4.85,99000,863550,0.611766,-0.370173,0.00059684,0.00069806,27.000348,22.750549,2023-08-01
8675,2023-07-27 09:45:00,19750.0,19852.8,3927400,10665750,117.45,9.15,205900,795100,0.589758,-0.398549,0.00067961,0.00077648,24.059914,20.904969,2023-08-01
3415,2023-07-27 09:45:00,19800.0,19852.8,13053500,16358200,77.3,18.9,926300,1450950,0.558814,-0.435323,0.00074411,0.0008324,22.302005,19.890419,2023-08-01
783,2023-07-27 09:45:00,19850.0,19852.8,14430100,11416450,44.5,36.3,1481750,1314400,0.522087,-0.476568,0.0008013,0.00088689,20.906021,18.885016,2023-08-01
6045,2023-07-27 09:45:00,19900.0,19852.8,21156300,5766400,22.95,64.75,1915950,678150,0.481686,-0.521677,0.00081134,0.00090974,20.657279,18.415097,2023-08-01
11303,2023-07-27 09:45:00,19950.0,19852.8,11711500,1454900,10.4,102.0,1494150,125050,0.441486,-0.571965,0.00080277,0.00095887,20.674551,17.212004,2023-08-01
16560,2023-07-27 09:45:00,20000.0,19852.8,20737550,1709950,4.35,146.25,1533650,133900,0.404006,-0.655612,0.00077264,0.00117349,21.083204,13.195354,2023-08-01
21814,2023-07-27 09:45:00,20050.0,19852.8,10742050,183200,1.75,193.9,534250,11650,0.370538,,0.00073005,,21.760703,0.0,2023-08-01
27066,2023-07-27 09:45:00,20100.0,19852.8,11520800,166750,1.2,243.0,516800,6200,0.354117,,0.00063686,,24.562993,0.0,2023-08-01
24442,2023-07-27 09:46:00,19600.0,19849.6,1212050,11374700,254.9,1.95,15500,487350,0.646765,-0.334077,0.00049278,0.00055623,31.723659,27.521698,2023-08-01
19189,2023-07-27 09:46:00,19650.0,19849.6,863150,6828950,206.0,2.8,47050,475100,0.634461,-0.348687,0.00056088,0.00063154,28.204148,24.637333,2023-08-01
13933,2023-07-27 09:46:00,19700.0,19849.6,3705350,14379500,157.5,5.0,142800,824400,0.619977,-0.371711,0.00065648,0.00070345,24.398171,22.61185,2023-08-01
8676,2023-07-27 09:46:00,19750.0,19849.6,3927400,10665750,112.25,9.65,236950,853500,0.59387,-0.401053,0.00073473,0.00077775,22.205182,20.909964,2023-08-01
3416,2023-07-27 09:46:00,19800.0,19849.6,13053500,16358200,72.9,20.15,1021600,1706950,0.559013,-0.438478,0.00078618,0.00082579,21.111827,20.079837,2023-08-01
784,2023-07-27 09:46:00,19850.0,19849.6,14430100,11416450,41.5,38.65,1564350,1398750,0.519828,-0.479655,0.00082718,0.0008684,20.262741,19.299698,2023-08-01
6046,2023-07-27 09:46:00,19900.0,19849.6,21156300,5766400,21.15,68.45,1743400,805750,0.478504,-0.523097,0.00082661,0.00086924,20.272322,19.273779,2023-08-01
11304,2023-07-27 09:46:00,19950.0,19849.6,11711500,1454900,9.5,106.75,1414250,153050,0.438143,-0.567361,0.00081069,0.00087192,20.451118,18.971636,2023-08-01
16561,2023-07-27 09:46:00,20000.0,19849.6,20737550,1709950,4.1,151.3,1529000,111200,0.401838,-0.61407,0.00076948,0.00087654,21.145343,18.357136,2023-08-01
21815,2023-07-27 09:46:00,20050.0,19849.6,10742050,183200,1.75,198.15,846200,10900,0.370197,,0.00071931,,22.083922,0.0,2023-08-01
27067,2023-07-27 09:46:00,20100.0,19849.6,11520800,166750,1.25,247.9,176600,5400,0.354936,,0.00062552,,25.034377,0.0,2023-08-01
24443,2023-07-27 09:47:00,19600.0,19845.7,1216850,11544950,253.6,2.05,28400,349750,0.632538,-0.335926,0.0004501,0.00055882,35.216468,27.460818,2023-08-01
19190,2023-07-27 09:47:00,19650.0,19845.7,862950,6791400,204.5,2.95,42400,362100,0.622833,-0.350747,0.00051997,0.000635,30.739887,24.562461,2023-08-01
13934,2023-07-27 09:47:00,19700.0,19845.7,3712400,14641700,156.45,5.25,209400,1014100,0.608494,-0.373914,0.0006048,0.00070838,26.721889,22.502837,2023-08-01
8677,2023-07-27 09:47:00,19750.0,19845.7,3955400,10744200,111.35,10.05,351150,1320450,0.585639,-0.403344,0.0006882,0.00078595,23.827146,20.727743,2023-08-01
3417,2023-07-27 09:47:00,19800.0,19845.7,13059550,16058500,72.35,21.0,1412700,2394550,0.553573,-0.441264,0.00074667,0.00083432,22.278115,19.900884,2023-08-01
785,2023-07-27 09:47:00,19850.0,19845.7,14774550,11460900,41.1,40.0,2270100,2469750,0.516347,-0.482931,0.00079662,0.00088157,21.053927,19.023722,2023-08-01
6047,2023-07-27 09:47:00,19900.0,19845.7,21587650,5772300,20.95,69.85,2628800,1099400,0.476267,-0.527894,0.00080283,0.00090317,20.871563,18.540221,2023-08-01
11305,2023-07-27 09:47:00,19950.0,19845.7,12047450,1413600,9.35,108.2,1638300,241650,0.436499,-0.578483,0.00079374,0.00095301,20.87954,17.271764,2023-08-01
16562,2023-07-27 09:47:00,20000.0,19845.7,20897250,1711850,4.0,153.0,1749050,191350,0.400446,-0.734175,0.00075759,0.00153081,21.463694,9.017198,2023-08-01
21816,2023-07-27 09:47:00,20050.0,19845.7,10713700,192300,1.7,200.6,1064950,29850,0.369035,,0.00071015,,22.351789,0.0,2023-08-01
27068,2023-07-27 09:47:00,20100.0,19845.7,11393250,169950,1.2,250.35,708000,11800,0.353693,,0.00061995,,25.234678,0.0,2023-08-01
24444,2023-07-27 09:48:00,19600.0,19841.45,1216850,11544950,249.85,2.05,40500,437200,0.629881,-0.336512,0.00044822,0.00056646,35.457892,27.116316,2023-08-01
19191,2023-07-27 09:48:00,19650.0,19841.45,862950,6791400,200.8,3.0,35900,384950,0.620075,-0.35188,0.00051849,0.00064364,30.905609,24.267908,2023-08-01
13935,2023-07-27 09:48:00,19700.0,19841.45,3712400,14641700,153.3,5.55,170600,836450,0.604339,-0.376397,0.00059616,0.00071349,27.195933,22.394444,2023-08-01
8678,2023-07-27 09:48:00,19750.0,19841.45,3955400,10744200,108.5,10.75,316500,957650,0.581665,-0.406588,0.00067958,0.00078868,24.188101,20.703331,2023-08-01
3418,2023-07-27 09:48:00,19800.0,19841.45,13059550,16058500,70.15,22.3,1344350,2189000,0.549794,-0.444764,0.00073638,0.00083649,22.624029,19.880199,2023-08-01
786,2023-07-27 09:48:00,19850.0,19841.45,14774550,11460900,39.6,41.85,2283600,1981800,0.512918,-0.486646,0.00078576,0.00088925,21.357596,18.871244,2023-08-01
6048,2023-07-27 09:48:00,19900.0,19841.45,21587650,5772300,20.2,72.65,2225800,858000,0.473441,-0.532022,0.00078995,0.00090909,21.208258,18.410288,2023-08-01
11306,2023-07-27 09:48:00,19950.0,19841.45,12047450,1413600,9.05,111.65,1249050,245000,0.434366,-0.584131,0.0007803,0.00096741,21.226548,16.968979,2023-08-01
16563,2023-07-27 09:48:00,20000.0,19841.45,20897250,1711850,3.9,156.4,1528900,171200,0.398993,,0.00074493,,21.813664,0.0,2023-08-01
21817,2023-07-27 09:48:00,20050.0,19841.45,10713700,192300,1.75,204.45,758700,30000,0.369286,,0.00069379,,22.890551,0.0,2023-08-01
27069,2023-07-27 09:48:00,20100.0,19841.45,11393250,169950,1.25,252.9,227250,5500,0.354409,,0.00060698,,25.799621,0.0,2023-08-01
24445,2023-07-27 09:49:00,19600.0,19831.65,1216850,11544950,236.9,2.2,68900,935550,0.644628,-0.339479,0.00052258,0.00057945,30.012073,26.613449,2023-08-01
19192,2023-07-27 09:49:00,19650.0,19831.65,862950,6791400,187.8,3.55,94200,1122950,0.633038,-0.357941,0.0006076,0.00064927,26.097749,24.217201,2023-08-01
13936,2023-07-27 09:49:00,19700.0,19831.65,3712400,14641700,140.15,6.75,439850,1979050,0.613876,-0.384077,0.00070042,0.00071361,23.001761,22.541513,2023-08-01
8679,2023-07-27 09:49:00,19750.0,19831.65,3955400,10744200,97.65,13.45,615750,2160550,0.581033,-0.416202,0.00074521,0.00077362,22.077403,21.235408,2023-08-01
3419,2023-07-27 09:49:00,19800.0,19831.65,13059550,16058500,61.0,27.4,2455950,4628950,0.544853,-0.454567,0.00079056,0.00080363,21.116521,20.76959,2023-08-01
787,2023-07-27 09:49:00,19850.0,19831.65,14774550,11460900,33.6,50.25,3671650,3956850,0.50504,-0.495009,0.00081461,0.00082288,20.62191,20.41466,2023-08-01
6049,2023-07-27 09:49:00,19900.0,19831.65,21587650,5772300,16.85,83.85,3530650,1988300,0.465022,-0.535055,0.00080117,0.00080253,20.888913,20.853177,2023-08-01
11307,2023-07-27 09:49:00,19950.0,19831.65,12047450,1413600,7.75,124.9,2507700,583900,0.427413,-0.572269,0.00077181,0.00076893,21.405797,21.489132,2023-08-01
16564,2023-07-27 09:49:00,20000.0,19831.65,20897250,1711850,3.55,170.55,2114050,360900,0.394638,-0.605752,0.0007243,0.0007266,22.381167,22.304325,2023-08-01
21818,2023-07-27 09:49:00,20050.0,19831.65,10713700,192300,1.75,218.6,786400,99800,0.368024,-0.634983,0.00066655,0.00067927,23.812726,23.303101,2023-08-01
27070,2023-07-27 09:49:00,20100.0,19831.65,11393250,169950,1.3,268.05,999600,35200,0.3545,-0.651736,0.0005839,0.00060427,26.836629,25.766163,2023-08-01
24446,2023-07-27 09:50:00,19550.0,19824.5,214750,4854350,273.6,1.6,2900,1272800,,-0.327751,,0.00052513,0.0,28.973991,2023-08-01
19193,2023-07-27 09:50:00,19600.0,19824.5,1208400,11261700,229.65,2.45,116250,2087650,0.644349,-0.343222,0.00053784,0.00058383,29.181025,26.535226,2023-08-01
13937,2023-07-27 09:50:00,19650.0,19824.5,867600,7001350,181.3,4.05,135000,2974550,0.628299,-0.362761,0.00060829,0.00065161,26.189006,24.251891,2023-08-01
8680,2023-07-27 09:50:00,19700.0,19824.5,3691150,14279800,134.8,7.8,716200,5061800,0.605668,-0.389898,0.00068132,0.0007118,23.798202,22.70722,2023-08-01
3420,2023-07-27 09:50:00,19750.0,19824.5,4080050,10322700,92.85,15.55,975650,5463250,0.574431,-0.422764,0.00073326,0.00076478,22.521337,21.563641,2023-08-01
788,2023-07-27 09:50:00,19800.0,19824.5,13615250,14860000,58.45,31.05,3449900,8004450,0.537946,-0.460981,0.00075797,0.00078731,22.073812,21.245514,2023-08-01
6050,2023-07-27 09:50:00,19850.0,19824.5,15294300,8869800,32.7,55.6,6065850,7734300,0.499769,-0.500563,0.00077331,0.00079792,21.734285,21.063797,2023-08-01
11308,2023-07-27 09:50:00,19900.0,19824.5,22396600,5122900,16.8,89.85,5472400,2829150,0.461905,-0.539741,0.0007597,0.00078529,22.02266,21.296424,2023-08-01
16565,2023-07-27 09:50:00,19950.0,19824.5,12320400,1108500,7.95,130.8,4474300,727500,0.426174,-0.57878,0.00073393,0.00077577,22.507118,21.241433,2023-08-01
21819,2023-07-27 09:50:00,20000.0,19824.5,20921750,1654800,3.7,176.6,3280200,441600,0.394493,-0.616778,0.00069373,0.00075672,23.37516,21.252282,2023-08-01
27071,2023-07-27 09:50:00,20050.0,19824.5,10620500,173350,1.85,224.85,1507900,124250,0.36861,-0.656581,0.00064212,0.00074299,24.742154,20.855667,2023-08-01
24447,2023-07-27 09:51:00,19550.0,19823.0,214750,4854350,274.95,1.6,7400,990950,0.69233,-0.32808,0.00058406,0.00052702,25.367811,28.886157,2023-08-01
19194,2023-07-27 09:51:00,19600.0,19823.0,1208400,11261700,225.2,2.45,49300,1281250,0.681247,-0.343564,0.00067338,0.0005864,22.340227,26.432761,2023-08-01
13938,2023-07-27 09:51:00,19650.0,19823.0,867600,7001350,177.3,4.1,58450,1786100,0.645087,-0.363477,0.00069438,0.00065353,22.588978,24.200195,2023-08-01
8681,2023-07-27 09:51:00,19700.0,19823.0,3691150,14279800,130.85,8.15,386100,2940800,0.614877,-0.39165,0.00075254,0.00070768,21.404695,22.871669,2023-08-01
3421,2023-07-27 09:51:00,19750.0,19823.0,4080050,10322700,89.55,16.45,629900,2618100,0.57724,-0.424996,0.00077838,0.00075291,21.189814,21.930521,2023-08-01
789,2023-07-27 09:51:00,19800.0,19823.0,13615250,14860000,55.7,32.75,2440700,4266250,0.537956,-0.462901,0.000791,0.00076659,21.154974,21.832986,2023-08-01
6051,2023-07-27 09:51:00,19850.0,19823.0,15294300,8869800,30.7,58.1,3707850,3332450,0.498234,-0.501294,0.00079822,0.0007669,21.058854,21.918861,2023-08-01
11309,2023-07-27 09:51:00,19900.0,19823.0,22396600,5122900,15.65,93.1,3671950,1124600,0.459719,-0.537854,0.00077538,0.00073869,21.568667,22.653532,2023-08-01
16566,2023-07-27 09:51:00,19950.0,19823.0,12320400,1108500,7.5,134.8,3326200,198800,0.424341,-0.570557,0.00073968,0.00069729,22.315802,23.72921,2023-08-01
21820,2023-07-27 09:51:00,20000.0,19823.0,20921750,1654800,3.6,181.2,2849000,162000,0.393651,-0.595092,0.00069216,0.00062943,23.417695,25.944044,2023-08-01
27072,2023-07-27 09:51:00,20050.0,19823.0,10620500,173350,1.95,228.9,1577750,16700,0.369926,-0.617358,0.00063235,0.0005802,25.157019,27.70932,2023-08-01
24448,2023-07-27 09:52:00,19600.0,19828.7,1208400,11261700,236.15,2.05,51950,1587700,0.631668,-0.338495,0.00048014,0.00059018,33.078427,26.109341,2023-08-01
19195,2023-07-27 09:52:00,19650.0,19828.7,867600,7001350,187.15,3.3,59750,1819800,0.621033,-0.356774,0.00055926,0.00066487,28.65665,23.630119,2023-08-01
13939,2023-07-27 09:52:00,19700.0,19828.7,3691150,14279800,139.9,6.55,443850,2814700,0.603327,-0.384114,0.00064485,0.00072849,25.182875,22.08922,2023-08-01
8682,2023-07-27 09:52:00,19750.0,19828.7,4080050,10322700,97.1,13.4,751450,2288750,0.575373,-0.417203,0.00070904,0.00078831,23.278016,20.858285,2023-08-01
3422,2023-07-27 09:52:00,19800.0,19828.7,13615250,14860000,61.6,27.8,2638500,3866750,0.540596,-0.456474,0.00074415,0.00081561,22.467038,20.482697,2023-08-01
790,2023-07-27 09:52:00,19850.0,19828.7,15294300,8869800,34.6,51.2,3743050,2233550,0.503057,-0.497545,0.00076855,0.00083487,21.866533,20.129783,2023-08-01
6052,2023-07-27 09:52:00,19900.0,19828.7,22396600,5122900,17.9,84.35,3563850,1188050,0.465236,-0.539733,0.00075772,0.00084109,22.095427,19.881912,2023-08-01
11310,2023-07-27 09:52:00,19950.0,19828.7,12320400,1108500,8.45,125.25,2370000,251350,0.429181,-0.583326,0.00073548,0.00084565,22.489484,19.438431,2023-08-01
16567,2023-07-27 09:52:00,20000.0,19828.7,20921750,1654800,4.0,170.8,2070350,145550,0.397667,-0.642548,0.00069346,0.00092136,23.433334,17.063191,2023-08-01
21821,2023-07-27 09:52:00,20050.0,19828.7,10620500,173350,2.1,218.75,1016100,17450,0.372772,,0.00063735,,25.016016,0.0,2023-08-01
27073,2023-07-27 09:52:00,20100.0,19828.7,11420550,160950,1.5,268.0,1187300,10550,0.358334,,0.0005649,,27.854478,0.0,2023-08-01
24449,2023-07-27 09:53:00,19600.0,19835.85,1226400,11086950,240.15,1.9,50800,930100,0.651566,-0.33605,0.00053824,0.00058114,28.933957,26.433533,2023-08-01
19196,2023-07-27 09:53:00,19650.0,19835.85,890250,7213150,193.0,3.1,96450,1214250,0.627561,-0.354349,0.0005691,0.00065127,27.999791,24.058369,2023-08-01
13940,2023-07-27 09:53:00,19700.0,19835.85,3774500,14245150,145.5,6.1,338350,1796250,0.609573,-0.380894,0.00065306,0.00071301,24.749996,22.505301,2023-08-01
8683,2023-07-27 09:53:00,19750.0,19835.85,4267750,10515700,102.0,12.3,567750,1839800,0.581438,-0.412745,0.00071698,0.00077421,22.943047,21.179704,2023-08-01
3423,2023-07-27 09:53:00,19800.0,19835.85,14706100,14901900,65.45,25.65,2554450,2721800,0.546332,-0.451212,0.00075163,0.00080242,22.201918,20.781122,2023-08-01
791,2023-07-27 09:53:00,19850.0,19835.85,16484950,8116550,37.15,47.8,2788150,1746050,0.508525,-0.491558,0.00077785,0.00082039,21.594359,20.474869,2023-08-01
6053,2023-07-27 09:53:00,19900.0,19835.85,23694200,5080700,19.3,80.0,2574400,965300,0.470098,-0.532414,0.00076881,0.00081679,21.791857,20.501648,2023-08-01
11311,2023-07-27 09:53:00,19950.0,19835.85,12445300,1157700,9.05,120.05,1774150,212700,0.433164,-0.572851,0.00074899,0.00080599,22.116164,20.496659,2023-08-01
16568,2023-07-27 09:53:00,20000.0,19835.85,21004800,1679100,4.25,165.0,1924750,119700,0.400841,-0.616879,0.00070638,0.00081373,23.046215,19.75447,2023-08-01
21822,2023-07-27 09:53:00,20050.0,19835.85,10367450,168100,2.15,212.8,901950,16600,0.374577,,0.00065166,,24.497066,0.0,2023-08-01
27074,2023-07-27 09:53:00,20100.0,19835.85,11517700,155600,1.45,262.5,730800,9850,0.358469,,0.00058009,,27.120574,0.0,2023-08-01
24450,2023-07-27 09:54:00,19600.0,19832.25,1226400,11086950,235.45,2.05,32850,1575150,0.662782,-0.338558,0.00058586,0.00058122,26.26245,26.512652,2023-08-01
19197,2023-07-27 09:54:00,19650.0,19832.25,890250,7213150,186.55,3.3,49100,1222600,0.645553,-0.356701,0.00066307,0.0006529,23.638266,24.060377,2023-08-01
13941,2023-07-27 09:54:00,19700.0,19832.25,3774500,14245150,139.6,6.75,205950,1608700,0.618398,-0.384691,0.00072647,0.00070674,22.106405,22.778131,2023-08-01
8684,2023-07-27 09:54:00,19750.0,19832.25,4267750,10515700,97.15,13.9,298700,1268200,0.583026,-0.417556,0.00076092,0.00075498,21.605408,21.782206,2023-08-01
3424,2023-07-27 09:54:00,19800.0,19832.25,14706100,14901900,61.65,28.5,1391850,1911150,0.544826,-0.455479,0.00077945,0.00077259,21.424221,21.616251,2023-08-01
792,2023-07-27 09:54:00,19850.0,19832.25,16484950,8116550,34.45,51.85,2155100,1361500,0.505613,-0.494289,0.00079727,0.00078007,21.076261,21.540918,2023-08-01
6054,2023-07-27 09:54:00,19900.0,19832.25,23694200,5080700,17.85,85.4,2044550,752100,0.466856,-0.531885,0.00077692,0.00075462,21.555995,22.198506,2023-08-01
11312,2023-07-27 09:54:00,19950.0,19832.25,12445300,1157700,8.45,126.1,1355350,127700,0.430422,-0.566166,0.00074865,0.00071761,22.104982,23.095519,2023-08-01
16569,2023-07-27 09:54:00,20000.0,19832.25,21004800,1679100,4.05,171.3,1455700,101750,0.399002,-0.596347,0.00070114,0.0006735,23.195997,24.220803,2023-08-01
21823,2023-07-27 09:54:00,20050.0,19832.25,10367450,168100,2.05,219.65,645350,6600,0.373043,-0.615655,0.000647,0.00059826,24.647552,26.901368,2023-08-01
27075,2023-07-27 09:54:00,20100.0,19832.25,11517700,155600,1.5,267.85,641350,4850,0.359127,-0.642832,0.00056992,0.00057641,27.629129,27.265852,2023-08-01
24451,2023-07-27 09:55:00,19600.0,19835.0,1226400,11086950,238.0,1.95,18800,693000,0.665574,-0.337205,0.00058871,0.00057925,26.048745,26.559605,2023-08-01
19198,2023-07-27 09:55:00,19650.0,19835.0,890250,7213150,189.0,3.25,25200,849950,0.648525,-0.356125,0.00066685,0.00064623,23.432006,24.293266,2023-08-01
13942,2023-07-27 09:55:00,19700.0,19835.0,3774500,14245150,142.75,6.55,179850,1370750,0.616792,-0.383463,0.00070271,0.00070111,22.880863,22.937653,2023-08-01
8685,2023-07-27 09:55:00,19750.0,19835.0,4267750,10515700,99.55,13.3,310600,1250850,0.584441,-0.415579,0.00075327,0.00075307,21.806356,21.812367,2023-08-01
3425,2023-07-27 09:55:00,19800.0,19835.0,14706100,14901900,63.65,27.0,1185150,1822450,0.546669,-0.452982,0.00077258,0.00077993,21.601539,21.395743,2023-08-01
793,2023-07-27 09:55:00,19850.0,19835.0,16484950,8116550,35.9,49.4,1941900,1325450,0.507819,-0.492194,0.0007916,0.00079605,21.223758,21.105241,2023-08-01
6055,2023-07-27 09:55:00,19900.0,19835.0,23694200,5080700,18.65,82.15,1569500,624350,0.469101,-0.531162,0.00077508,0.00078002,21.615186,21.477408,2023-08-01
11313,2023-07-27 09:55:00,19950.0,19835.0,12445300,1157700,8.8,122.95,1116200,147700,0.4324,-0.566381,0.00074998,0.00073856,22.083606,22.436616,2023-08-01
16570,2023-07-27 09:55:00,20000.0,19835.0,21004800,1679100,4.15,168.4,1168600,75350,0.400349,-0.596511,0.00070545,0.00068641,23.073138,23.760936,2023-08-01
21824,2023-07-27 09:55:00,20050.0,19835.0,10367450,168100,2.1,217.45,463350,3450,0.374236,-0.610918,0.00065044,0.00058527,24.540212,27.594374,2023-08-01
27076,2023-07-27 09:55:00,20100.0,19835.0,11517700,155600,1.55,266.4,394050,3400,0.360438,-0.625699,0.00057156,0.00052439,27.582545,30.440721,2023-08-01
24452,2023-07-27 09:56:00,19600.0,19838.4,1223900,10813800,239.75,1.9,48600,589100,0.730241,-0.336426,0.00077117,0.00057385,18.049966,26.782862,2023-08-01
19199,2023-07-27 09:56:00,19650.0,19838.4,892600,7525000,190.85,3.0,51150,1109500,0.670841,-0.353692,0.00074884,0.00064575,20.34755,24.249573,2023-08-01
13943,2023-07-27 09:56:00,19700.0,19838.4,3780500,14476900,144.3,5.95,361550,1692800,0.627152,-0.38018,0.0007495,0.0007052,21.269443,22.743259,2023-08-01
8686,2023-07-27 09:56:00,19750.0,19838.4,4325150,10499600,100.7,12.45,487850,1653400,0.590904,-0.412788,0.00078914,0.00075411,20.736598,21.746195,2023-08-01
3426,2023-07-27 09:56:00,19800.0,19838.4,14991500,15106650,64.15,25.95,2003200,2550650,0.550923,-0.45056,0.00080368,0.00077472,20.736148,21.521285,2023-08-01
794,2023-07-27 09:56:00,19850.0,19838.4,17394650,8189250,36.15,48.1,2850550,1535850,0.510524,-0.489495,0.0008153,0.0007844,20.601558,21.412931,2023-08-01
6056,2023-07-27 09:56:00,19900.0,19838.4,23996400,5147650,18.75,80.45,2494800,878250,0.470868,-0.527699,0.00079271,0.00076405,21.139437,21.938003,2023-08-01
11314,2023-07-27 09:56:00,19950.0,19838.4,12962050,1186850,8.75,121.0,1665150,143600,0.433389,-0.56148,0.00076582,0.00071604,21.633507,23.186208,2023-08-01
16571,2023-07-27 09:56:00,20000.0,19838.4,21334800,1707850,4.1,166.1,1090750,115650,0.400882,-0.590067,0.00071801,0.00066171,22.67502,24.742364,2023-08-01
21825,2023-07-27 09:56:00,20050.0,19838.4,10258300,171250,2.15,214.5,749700,12150,0.375515,-0.607255,0.00065568,0.00057847,24.367817,27.989671,2023-08-01
27077,2023-07-27 09:56:00,20100.0,19838.4,11719700,157650,1.55,263.05,410200,2250,0.361015,-0.624698,0.00057719,0.00052781,27.325557,30.265578,2023-08-01
24453,2023-07-27 09:57:00,19600.0,19832.15,1223900,10813800,230.75,2.05,41400,554900,,-0.339168,,0.00057936,0.0,26.621537,2023-08-01
19200,2023-07-27 09:57:00,19650.0,19832.15,892600,7525000,182.4,3.45,37250,1038000,,-0.35849,,0.00064514,0.0,24.397519,2023-08-01
13944,2023-07-27 09:57:00,19700.0,19832.15,3780500,14476900,135.85,7.2,200750,1439750,0.644869,-0.387072,0.00088973,0.00069194,17.632197,23.312121,2023-08-01
8687,2023-07-27 09:57:00,19750.0,19832.15,4325150,10499600,93.8,14.9,311550,1145700,0.591091,-0.419983,0.00084318,0.00073092,19.41293,22.532297,2023-08-01
3427,2023-07-27 09:57:00,19800.0,19832.15,14991500,15106650,59.1,30.15,1357250,2144100,0.546837,-0.456968,0.00082605,0.00074075,20.207848,22.559361,2023-08-01
795,2023-07-27 09:57:00,19850.0,19832.15,17394650,8189250,32.95,54.35,2097800,1463100,0.505388,-0.494083,0.00082254,0.00073472,20.433248,22.874994,2023-08-01
6057,2023-07-27 09:57:00,19900.0,19832.15,23996400,5147650,17.0,88.55,1791500,933600,0.465941,-0.528566,0.00079168,0.0006953,21.154059,24.112801,2023-08-01
11315,2023-07-27 09:57:00,19950.0,19832.15,12962050,1186850,8.1,129.35,1133250,166200,0.429631,-0.558459,0.00075511,0.00064727,21.912782,25.689064,2023-08-01
16572,2023-07-27 09:57:00,20000.0,19832.15,21334800,1707850,3.95,175.4,753200,117950,0.398797,-0.579615,0.00070188,0.00057351,23.173186,28.72293,2023-08-01
21826,2023-07-27 09:57:00,20050.0,19832.15,10258300,171250,2.1,223.4,399550,11300,0.374209,-0.594585,0.00064167,0.00050596,24.881838,32.282906,2023-08-01
27078,2023-07-27 09:57:00,20100.0,19832.15,11719700,157650,1.6,272.8,289250,3400,0.361336,-0.602956,0.00056234,0.00044081,28.066474,36.854083,2023-08-01
24454,2023-07-27 09:58:00,19550.0,19815.75,212750,4743500,265.0,1.45,5200,1786700,,-0.327697,,0.00054231,0.0,28.081851,2023-08-01
19201,2023-07-27 09:58:00,19600.0,19815.75,1223900,10813800,216.0,2.35,118900,2785700,,-0.344539,,0.00060182,0.0,25.804335,2023-08-01
13945,2023-07-27 09:58:00,19650.0,19815.75,892600,7525000,167.35,4.2,147100,2723900,0.698769,-0.366311,0.00096413,0.00066637,15.236146,23.815702,2023-08-01
8688,2023-07-27 09:58:00,19700.0,19815.75,3780500,14476900,122.1,8.95,708000,4982250,0.620282,-0.396825,0.00083387,0.00071033,19.251401,22.887767,2023-08-01
3428,2023-07-27 09:58:00,19750.0,19815.75,4325150,10499600,81.5,18.35,1190850,4680400,0.575961,-0.43107,0.00083507,0.00074763,19.780086,22.165952,2023-08-01
796,2023-07-27 09:58:00,19800.0,19815.75,14991500,15106650,50.2,36.35,4329200,7711900,0.532683,-0.468927,0.00080938,0.00075137,20.716164,22.322742,2023-08-01
6058,2023-07-27 09:58:00,19850.0,19815.75,17394650,8189250,27.25,63.95,5856300,5105250,0.492345,-0.506113,0.00080235,0.00073413,20.964102,22.913656,2023-08-01
11316,2023-07-27 09:58:00,19900.0,19815.75,23996400,5147650,13.95,100.5,5303900,2682700,0.454644,-0.539952,0.0007669,0.00069402,21.795329,24.119105,2023-08-01
16573,2023-07-27 09:58:00,19950.0,19815.75,12962050,1186850,6.75,143.8,3378650,644750,0.420532,-0.566921,0.0007258,0.00062851,22.717933,26.39,2023-08-01
21827,2023-07-27 09:58:00,20000.0,19815.75,21334800,1707850,3.4,190.35,3076950,451000,0.392001,-0.587314,0.00067209,0.00056205,24.108784,29.212981,2023-08-01
27079,2023-07-27 09:58:00,20050.0,19815.75,10258300,171250,1.95,238.55,1136550,71650,0.370341,-0.602136,0.00061041,0.00050074,26.09256,32.49034,2023-08-01
24455,2023-07-27 09:59:00,19550.0,19815.3,212550,4735300,260.0,1.45,4200,366000,,-0.327948,,0.00054247,0.0,28.084686,2023-08-01
19202,2023-07-27 09:59:00,19600.0,19815.3,1233450,10474350,211.0,2.3,51300,1160350,,-0.344211,,0.00060428,0.0,25.692438,2023-08-01
13946,2023-07-27 09:59:00,19650.0,19815.3,894500,7801900,163.7,4.35,49900,1571500,,-0.367542,,0.00066185,0.0,24.007087,2023-08-01
8689,2023-07-27 09:59:00,19700.0,19815.3,3752550,14254150,118.0,9.35,331450,2603500,0.657395,-0.398366,0.00108763,0.00070144,14.249376,23.203861,2023-08-01
3429,2023-07-27 09:59:00,19750.0,19815.3,4443450,10599900,78.35,19.65,599300,2537700,0.582145,-0.433263,0.0009156,0.00072415,17.985182,22.90846,2023-08-01
797,2023-07-27 09:59:00,19800.0,19815.3,15633400,15202650,47.45,38.8,2546300,3816400,0.533767,-0.470259,0.00086094,0.00071387,19.472686,23.503557,2023-08-01
6059,2023-07-27 09:59:00,19850.0,19815.3,18277350,7450600,25.75,67.25,3181350,1836350,0.491387,-0.505274,0.00082905,0.00068577,20.289791,24.532443,2023-08-01
11317,2023-07-27 09:59:00,19900.0,19815.3,24711750,5191100,13.25,104.75,2956050,973650,0.453321,-0.535399,0.00078005,0.00063003,21.421661,26.600335,2023-08-01
16574,2023-07-27 09:59:00,19950.0,19815.3,13469850,1130750,6.4,147.9,2789000,247100,0.419147,-0.559065,0.00073389,0.00056622,22.453587,29.388527,2023-08-01
21828,2023-07-27 09:59:00,20000.0,19815.3,21403750,1697600,3.3,194.65,1738500,141400,0.391316,-0.575534,0.00067397,0.00049817,24.031946,33.166479,2023-08-01
27080,2023-07-27 09:59:00,20050.0,19815.3,9997600,158300,2.0,242.8,1111500,14050,0.371115,-0.587471,0.00060616,0.00044086,26.295747,37.243491,2023-08-01
24456,2023-07-27 10:00:00,19550.0,19812.4,212550,4735300,257.45,1.4,4600,671650,,-0.327531,,0.0005496,0.0,27.711868,2023-08-01
19203,2023-07-27 10:00:00,19600.0,19812.4,1233450,10474350,208.35,2.35,61700,1265800,,-0.345269,,0.00060819,0.0,25.561751,2023-08-01
13947,2023-07-27 10:00:00,19650.0,19812.4,894500,7801900,160.7,4.4,117450,1689450,,-0.368433,,0.00066842,0.0,23.794989,2023-08-01
8690,2023-07-27 10:00:00,19700.0,19812.4,3752550,14254150,116.1,9.7,466200,3051900,0.641465,-0.400193,0.00100549,0.00070409,15.673173,23.149424,2023-08-01
3430,2023-07-27 10:00:00,19750.0,19812.4,4443450,10599900,77.05,20.4,587550,3091800,0.577131,-0.435346,0.00088717,0.00072516,18.613325,22.901433,2023-08-01
798,2023-07-27 10:00:00,19800.0,19812.4,15633400,15202650,46.5,40.1,2275350,4639950,0.530852,-0.472355,0.0008452,0.0007132,19.851352,23.539529,2023-08-01
6060,2023-07-27 10:00:00,19850.0,19812.4,18277350,7450600,25.55,69.25,2698300,2626550,0.489474,-0.507145,0.00080942,0.00068154,20.783852,24.688117,2023-08-01
11318,2023-07-27 10:00:00,19900.0,19812.4,24711750,5191100,13.25,106.9,3090700,1182400,0.452304,-0.537148,0.00076344,0.00062885,21.885562,26.644982,2023-08-01
16575,2023-07-27 10:00:00,19950.0,19812.4,13469850,1130750,6.55,150.4,2148050,392150,0.419167,-0.560372,0.00071694,0.00056345,22.989576,29.524524,2023-08-01
21829,2023-07-27 10:00:00,20000.0,19812.4,21403750,1697600,3.45,197.3,1548400,236450,0.392139,-0.576504,0.00065873,0.00049542,24.607823,33.341965,2023-08-01
27081,2023-07-27 10:00:00,20050.0,19812.4,9997600,158300,2.1,245.3,1061450,16250,0.372174,-0.588917,0.00059442,0.00044126,26.845329,37.186962,2023-08-01
24457,2023-07-27 10:01:00,19550.0,19817.8,212550,4735300,265.0,1.4,5250,528650,,-0.327315,,0.00053938,0.0,28.223826,2023-08-01
19204,2023-07-27 10:01:00,19600.0,19817.8,1233450,10474350,214.85,2.15,33100,1052050,,-0.342586,,0.00060365,0.0,25.673569,2023-08-01
13948,2023-07-27 10:01:00,19650.0,19817.8,894500,7801900,166.2,3.85,54450,1484500,,-0.364082,,0.00066979,0.0,23.647917,2023-08-01
8691,2023-07-27 10:01:00,19700.0,19817.8,3752550,14254150,120.75,8.55,246450,2143050,0.652594,-0.395434,0.0010367,0.00070912,15.027499,22.907051,2023-08-01
3431,2023-07-27 10:01:00,19750.0,19817.8,4443450,10599900,80.65,18.4,430350,2122850,0.583204,-0.430752,0.00089997,0.00073218,18.287184,22.632658,2023-08-01
799,2023-07-27 10:01:00,19800.0,19817.8,15633400,15202650,49.1,37.1,1834900,3401100,0.535686,-0.468265,0.00085304,0.00072096,19.645016,23.263437,2023-08-01
6061,2023-07-27 10:01:00,19850.0,19817.8,18277350,7450600,26.95,65.25,2325100,1494450,0.493613,-0.50368,0.00082101,0.00069102,20.490654,24.347281,2023-08-01
11319,2023-07-27 10:01:00,19900.0,19817.8,24711750,5191100,13.95,102.1,2246800,753050,0.455678,-0.534583,0.00077463,0.00064035,21.586124,26.176307,2023-08-01
16576,2023-07-27 10:01:00,19950.0,19817.8,13469850,1130750,6.8,145.25,1635250,182300,0.421631,-0.558586,0.00072932,0.0005737,22.623163,29.010918,2023-08-01
21830,2023-07-27 10:01:00,20000.0,19817.8,21403750,1697600,3.5,192.0,1301950,128900,0.393616,-0.575274,0.00067138,0.00050368,24.164436,32.808132,2023-08-01
27082,2023-07-27 10:01:00,20050.0,19817.8,9997600,158300,2.1,241.1,659700,7800,0.373051,-0.584556,0.00060519,0.00043371,26.381883,37.919308,2023-08-01
24458,2023-07-27 10:02:00,19550.0,19813.7,211700,4923900,255.1,1.45,4950,448650,,-0.328722,,0.00054339,0.0,28.071667,2023-08-01
19205,2023-07-27 10:02:00,19600.0,19813.7,1247050,10506000,206.65,2.35,44800,973100,,-0.34553,,0.00060364,0.0,25.763462,2023-08-01
13949,2023-07-27 10:02:00,19650.0,19813.7,910700,7888100,159.25,4.4,35800,1308650,,-0.36859,,0.00066261,0.0,24.008564,2023-08-01
8692,2023-07-27 10:02:00,19700.0,19813.7,3822850,14453800,114.2,9.75,200550,2279450,,-0.400333,,0.00069568,0.0,23.43307,2023-08-01
3432,2023-07-27 10:02:00,19750.0,19813.7,4660350,11077400,75.35,20.65,321650,1729350,0.585345,-0.435415,0.00097397,0.00071163,16.882824,23.339307,2023-08-01
800,2023-07-27 10:02:00,19800.0,19813.7,16895950,15300050,45.75,40.65,1747950,2745700,0.532769,-0.47189,0.00087556,0.00069403,19.157059,24.189167,2023-08-01
6062,2023-07-27 10:02:00,19850.0,19813.7,19267600,7117000,25.15,70.0,1850500,1210700,0.490136,-0.505632,0.0008256,0.00065799,20.378729,25.575313,2023-08-01
11320,2023-07-27 10:02:00,19900.0,19813.7,25434300,5069350,13.25,108.2,1668500,582900,0.452957,-0.533767,0.00076805,0.00059651,21.759886,28.112727,2023-08-01
16577,2023-07-27 10:02:00,19950.0,19813.7,14075150,1110000,6.55,151.5,1367350,147600,0.419748,-0.555608,0.00071989,0.00053347,22.90376,31.240781,2023-08-01
21831,2023-07-27 10:02:00,20000.0,19813.7,21853300,1704350,3.5,198.05,915100,133850,0.393072,-0.571206,0.00065867,0.00047125,24.628081,35.142736,2023-08-01
27083,2023-07-27 10:02:00,20050.0,19813.7,9805750,169700,2.2,247.0,777400,91800,0.3739,-0.58019,0.00059104,0.00040896,27.040426,40.318449,2023-08-01
24459,2023-07-27 10:03:00,19550.0,19811.6,211700,4923900,259.1,1.35,6600,766100,,-0.327352,,0.0005518,0.0,27.602051,2023-08-01
19206,2023-07-27 10:03:00,19600.0,19811.6,1247050,10506000,209.65,2.2,77400,1220650,,-0.344202,,0.00061453,0.0,25.275075,2023-08-01
13950,2023-07-27 10:03:00,19650.0,19811.6,910700,7888100,161.9,4.1,85400,2249500,,-0.367036,,0.00067881,0.0,23.407187,2023-08-01
8693,2023-07-27 10:03:00,19700.0,19811.6,3822850,14453800,116.45,9.4,456250,3279100,0.629189,-0.399791,0.00092588,0.00071183,17.218514,22.897084,2023-08-01
3433,2023-07-27 10:03:00,19750.0,19811.6,4660350,11077400,77.3,20.05,787500,3210500,0.574234,-0.435358,0.00085938,0.00073307,19.247027,22.659923,2023-08-01
801,2023-07-27 10:03:00,19800.0,19811.6,16895950,15300050,46.85,39.75,2697800,4341750,0.529669,-0.472751,0.00082482,0.00072135,20.351418,23.280629,2023-08-01
6063,2023-07-27 10:03:00,19850.0,19811.6,19267600,7117000,25.75,68.85,3294100,2373450,0.489179,-0.507991,0.00079575,0.00069191,21.145642,24.323,2023-08-01
11321,2023-07-27 10:03:00,19900.0,19811.6,25434300,5069350,13.45,106.55,2548850,1227850,0.452622,-0.538583,0.00075136,0.00064031,22.245044,26.165534,2023-08-01
16578,2023-07-27 10:03:00,19950.0,19811.6,14075150,1110000,6.55,149.7,2131550,242950,0.419368,-0.563304,0.00071091,0.00058166,23.192612,28.573933,2023-08-01
21832,2023-07-27 10:03:00,20000.0,19811.6,21853300,1704350,3.45,196.65,1418350,270100,0.392512,-0.580238,0.00065383,0.00051259,24.804541,32.172344,2023-08-01
27084,2023-07-27 10:03:00,20050.0,19811.6,9805750,169700,2.1,244.8,868650,23150,0.372667,-0.593015,0.00059044,0.00045595,27.044108,35.91039,2023-08-01
24460,2023-07-27 10:04:00,19550.0,19811.2,211700,4923900,257.35,1.3,1350,683750,,-0.32668,,0.00055465,0.0,27.439523,2023-08-01
19207,2023-07-27 10:04:00,19600.0,19811.2,1247050,10506000,208.35,2.2,28700,685850,,-0.344441,,0.00061474,0.0,25.275285,2023-08-01
13951,2023-07-27 10:04:00,19650.0,19811.2,910700,7888100,160.05,4.15,22850,1095900,,-0.367606,,0.00067745,0.0,23.468214,2023-08-01
8694,2023-07-27 10:04:00,19700.0,19811.2,3822850,14453800,115.4,9.55,179550,1518550,0.634874,-0.400478,0.00096917,0.0007089,16.367298,23.004083,2023-08-01
3434,2023-07-27 10:04:00,19750.0,19811.2,4660350,11077400,76.35,20.3,290450,1463600,0.57519,-0.435916,0.00087647,0.00072962,18.864815,22.774432,2023-08-01
802,2023-07-27 10:04:00,19800.0,19811.2,16895950,15300050,46.3,40.15,1360850,2300000,0.529471,-0.473139,0.00083049,0.00071696,20.214867,23.426836,2023-08-01
6064,2023-07-27 10:04:00,19850.0,19811.2,19267600,7117000,25.25,69.5,1854200,948700,0.488696,-0.508068,0.00080183,0.00068493,20.986248,24.572998,2023-08-01
11322,2023-07-27 10:04:00,19900.0,19811.2,25434300,5069350,13.05,107.2,1763300,461600,0.451831,-0.538338,0.00075752,0.00063407,22.060625,26.42662,2023-08-01
16579,2023-07-27 10:04:00,19950.0,19811.2,14075150,1110000,6.45,150.95,1503200,119450,0.419,-0.561516,0.00071142,0.00056673,23.173323,29.350127,2023-08-01
21833,2023-07-27 10:04:00,20000.0,19811.2,21853300,1704350,3.45,197.65,1148850,69350,0.392616,-0.578463,0.00065184,0.00050232,24.884453,32.862942,2023-08-01
27085,2023-07-27 10:04:00,20050.0,19811.2,9805750,169700,2.15,246.75,579700,6650,0.373407,-0.58771,0.00058656,0.0004343,27.24236,37.821092,2023-08-01
24461,2023-07-27 10:05:00,19550.0,19815.9,212500,4931650,263.0,1.4,1400,326800,,-0.328336,,0.00054015,0.0,28.229347,2023-08-01
19208,2023-07-27 10:05:00,19600.0,19815.9,1249750,10355250,214.6,2.1,52600,656950,,-0.34296,,0.0006074,0.0,25.534857,2023-08-01
13952,2023-07-27 10:05:00,19650.0,19815.9,915150,8168700,166.0,3.75,50000,1407500,,-0.364288,,0.00067604,0.0,23.442111,2023-08-01
8695,2023-07-27 10:05:00,19700.0,19815.9,3869200,15045000,120.9,8.55,405650,2038400,0.62826,-0.396338,0.00088875,0.00071317,17.950749,22.799464,2023-08-01
3435,2023-07-27 10:05:00,19750.0,19815.9,4807400,11333300,80.35,18.3,568100,2024200,0.578152,-0.431531,0.00086046,0.00074053,19.184461,22.393215,2023-08-01
803,2023-07-27 10:05:00,19800.0,19815.9,17583100,15492900,49.3,36.75,2020050,2599700,0.533115,-0.469241,0.00082072,0.00073616,20.437335,22.795682,2023-08-01
6065,2023-07-27 10:05:00,19850.0,19815.9,20270450,6810900,27.1,64.95,2211650,1207100,0.492543,-0.505434,0.00079818,0.00070927,21.083603,23.72837,2023-08-01
11323,2023-07-27 10:05:00,19900.0,19815.9,25774500,4962000,14.05,101.95,2067250,587550,0.45543,-0.53736,0.0007576,0.00066076,22.077845,25.361138,2023-08-01
16580,2023-07-27 10:05:00,19950.0,19815.9,14565500,1152450,6.8,144.8,1959750,134000,0.421666,-0.563446,0.00071776,0.00060239,22.996434,27.586961,2023-08-01
21834,2023-07-27 10:05:00,20000.0,19815.9,21909850,1733200,3.6,191.1,1269200,115300,0.394686,-0.583209,0.00065836,0.00054058,24.66944,30.456102,2023-08-01
27086,2023-07-27 10:05:00,20050.0,19815.9,9997450,149100,2.1,239.25,654750,5650,0.373598,-0.597176,0.00059794,0.00048105,26.723931,33.945868,2023-08-01
24462,2023-07-27 10:06:00,19550.0,19818.4,212500,4931650,266.1,1.3,2800,219700,,-0.326555,,0.00054045,0.0,28.149678,2023-08-01
19209,2023-07-27 10:06:00,19600.0,19818.4,1249750,10355250,214.7,2.0,102500,1015400,,-0.341654,,0.00060553,0.0,25.575194,2023-08-01
13953,2023-07-27 10:06:00,19650.0,19818.4,915150,8168700,166.65,3.6,48200,1631350,,-0.362996,,0.00067294,0.0,23.520428,2023-08-01
8696,2023-07-27 10:06:00,19700.0,19818.4,3869200,15045000,120.8,8.3,417650,2487600,0.662156,-0.395098,0.00109218,0.00070832,14.118656,22.934822,2023-08-01
3436,2023-07-27 10:06:00,19750.0,19818.4,4807400,11333300,80.5,17.9,732900,2358300,0.584891,-0.4302,0.00091319,0.00073351,18.011503,22.59279,2023-08-01
804,2023-07-27 10:06:00,19800.0,19818.4,17583100,15492900,49.05,36.3,2760000,3061450,0.536265,-0.467739,0.00085537,0.00072437,19.594732,23.158403,2023-08-01
6066,2023-07-27 10:06:00,19850.0,19818.4,20270450,6810900,26.75,64.45,2892700,1522200,0.494039,-0.50331,0.00082399,0.00069267,20.423278,24.296909,2023-08-01
11324,2023-07-27 10:06:00,19900.0,19818.4,25774500,4962000,13.8,101.5,2887350,707200,0.456055,-0.534057,0.00077582,0.00063834,21.561852,26.269698,2023-08-01
16581,2023-07-27 10:06:00,19950.0,19818.4,14565500,1152450,6.75,144.45,1828850,150700,0.422233,-0.558339,0.00072807,0.00057445,22.675728,28.984346,2023-08-01
21835,2023-07-27 10:06:00,20000.0,19818.4,21909850,1733200,3.6,191.3,1288200,140550,0.395289,-0.574824,0.00066465,0.00050291,24.44487,32.875326,2023-08-01
27087,2023-07-27 10:06:00,20050.0,19818.4,9997450,149100,2.15,240.3,630150,15900,0.3747,-0.584369,0.00060019,0.00043403,26.647089,37.906596,2023-08-01
24463,2023-07-27 10:07:00,19550.0,19816.05,212500,4931650,259.9,1.4,2000,204900,,-0.328761,,0.00053859,0.0,28.329121,2023-08-01
19210,2023-07-27 10:07:00,19600.0,19816.05,1249750,10355250,210.95,2.15,43450,684500,,-0.343962,,0.00060324,0.0,25.742162,2023-08-01
13954,2023-07-27 10:07:00,19650.0,19816.05,915150,8168700,162.75,4.05,43900,970950,,-0.366783,,0.00066293,0.0,23.963348,2023-08-01
8697,2023-07-27 10:07:00,19700.0,19816.05,3869200,15045000,117.55,9.25,230000,1541250,0.699068,-0.398926,0.00133038,0.00069324,11.043131,23.498841,2023-08-01
3437,2023-07-27 10:07:00,19750.0,19816.05,4807400,11333300,78.25,19.65,351750,1226150,0.583794,-0.433669,0.00092699,0.0007121,17.757211,23.311782,2023-08-01
805,2023-07-27 10:07:00,19800.0,19816.05,17583100,15492900,47.3,39.0,1210050,1866950,0.534475,-0.470164,0.00086351,0.00069769,19.421522,24.059948,2023-08-01
6067,2023-07-27 10:07:00,19850.0,19816.05,20270450,6810900,25.9,67.65,1526800,838100,0.492145,-0.504291,0.00082195,0.00066595,20.475993,25.275865,2023-08-01
11325,2023-07-27 10:07:00,19900.0,19816.05,25774500,4962000,13.5,105.3,1612450,453150,0.454706,-0.533249,0.000769,0.00060798,21.748766,27.591477,2023-08-01
16582,2023-07-27 10:07:00,19950.0,19816.05,14565500,1152450,6.5,148.65,1243250,95600,0.420788,-0.555454,0.00072545,0.00054193,22.745391,30.761398,2023-08-01
21836,2023-07-27 10:07:00,20000.0,19816.05,21909850,1733200,3.5,195.6,796350,80600,0.394322,-0.57047,0.00066084,0.00047336,24.573792,35.005274,2023-08-01
27088,2023-07-27 10:07:00,20050.0,19816.05,9997450,149100,2.05,243.7,331100,11700,0.373412,-0.581636,0.00059905,0.00041875,26.673362,39.354569,2023-08-01
24464,2023-07-27 10:08:00,19550.0,19807.3,213600,4846050,248.15,1.45,2350,549050,,-0.330542,,0.00055105,0.0,27.76293,2023-08-01
19211,2023-07-27 10:08:00,19600.0,19807.3,1265600,10287800,201.55,2.4,76850,877850,,-0.34792,,0.00061223,0.0,25.485453,2023-08-01
13955,2023-07-27 10:08:00,19650.0,19807.3,924000,8146050,154.2,4.75,78400,1479200,,-0.372665,,0.00066629,0.0,23.978693,2023-08-01
8698,2023-07-27 10:08:00,19700.0,19807.3,3906800,14925150,110.0,10.9,366050,2569950,0.653964,-0.405753,0.00113533,0.00069026,13.71552,23.715528,2023-08-01
3438,2023-07-27 10:08:00,19750.0,19807.3,4912850,11423900,72.05,22.8,611150,2490050,0.574391,-0.44071,0.00091402,0.00070267,18.10505,23.703302,2023-08-01
806,2023-07-27 10:08:00,19800.0,19807.3,18144900,15674900,43.3,44.8,2210500,3904300,0.526498,-0.476739,0.00084485,0.00067181,19.890958,25.027116,2023-08-01
6068,2023-07-27 10:08:00,19850.0,19807.3,20712850,6743350,23.4,74.4,2463300,2052700,0.485402,-0.509461,0.00080701,0.00064644,20.85574,26.046301,2023-08-01
11326,2023-07-27 10:08:00,19900.0,19807.3,26423900,4969800,12.1,113.4,2734200,1030300,0.44895,-0.536615,0.00075601,0.00058489,22.094993,28.673985,2023-08-01
16583,2023-07-27 10:08:00,19950.0,19807.3,15092800,1204350,6.05,157.2,1878900,304350,0.416946,-0.557538,0.00070527,0.00052246,23.360963,31.900357,2023-08-01
21837,2023-07-27 10:08:00,20000.0,19807.3,22066050,1748250,3.3,204.2,1407600,233550,0.391518,-0.571985,0.0006435,0.00045951,25.198784,36.053715,2023-08-01
27089,2023-07-27 10:08:00,20050.0,19807.3,10213500,145000,2.0,253.35,564300,26250,0.371931,-0.580206,0.00058244,0.00039851,27.413186,41.405393,2023-08-01
24465,2023-07-27 10:09:00,19550.0,19803.9,213600,4846050,250.9,1.4,3000,471900,,-0.330178,,0.00055941,0.0,27.342652,2023-08-01
19212,2023-07-27 10:09:00,19600.0,19803.9,1265600,10287800,200.6,2.25,108150,1021000,,-0.34677,,0.00062665,0.0,24.874424,2023-08-01
13956,2023-07-27 10:09:00,19650.0,19803.9,924000,8146050,152.4,4.45,85150,1508350,,-0.371456,,0.00068676,0.0,23.2452,2023-08-01
8699,2023-07-27 10:09:00,19700.0,19803.9,3906800,14925150,108.5,10.45,395000,3140950,0.62887,-0.405354,0.00098406,0.00071411,16.217855,22.923185,2023-08-01
3439,2023-07-27 10:09:00,19750.0,19803.9,4912850,11423900,70.45,22.2,782450,2837850,0.569308,-0.44126,0.00088716,0.00073138,18.701494,22.783098,2023-08-01
807,2023-07-27 10:09:00,19800.0,19803.9,18144900,15674900,42.0,43.3,2837050,4387700,0.523423,-0.478398,0.00083342,0.00071686,20.178381,23.465204,2023-08-01
6069,2023-07-27 10:09:00,19850.0,19803.9,20712850,6743350,22.75,74.35,3200200,1920200,0.483059,-0.51277,0.00079508,0.00067655,21.168736,24.887302,2023-08-01
11327,2023-07-27 10:09:00,19900.0,19803.9,26423900,4969800,11.75,113.4,3664700,1022250,0.447148,-0.541669,0.00074657,0.00061889,22.366167,27.071315,2023-08-01
16584,2023-07-27 10:09:00,19950.0,19803.9,15092800,1204350,5.85,157.1,2495550,161500,0.415431,-0.564966,0.00069826,0.00056119,23.581521,29.619276,2023-08-01
21838,2023-07-27 10:09:00,20000.0,19803.9,22066050,1748250,3.2,204.35,1587700,175000,0.390361,-0.580629,0.00063753,0.00049412,25.419787,33.394638,2023-08-01
27090,2023-07-27 10:09:00,20050.0,19803.9,10213500,145000,2.0,252.9,680500,15150,0.371735,-0.591579,0.00057491,0.0004363,27.774268,37.58898,2023-08-01
24466,2023-07-27 10:10:00,19550.0,19801.8,213600,4846050,253.3,1.4,2150,278700,0.70431,-0.330569,0.00066552,0.00056274,21.919485,27.198402,2023-08-01
19213,2023-07-27 10:10:00,19600.0,19801.8,1265600,10287800,204.4,2.25,78350,889900,0.664974,-0.347186,0.00067934,0.00063124,22.649729,24.708811,2023-08-01
13957,2023-07-27 10:10:00,19650.0,19801.8,924000,8146050,156.3,4.25,69000,1390950,0.636532,-0.370612,0.00073928,0.00070033,21.442873,22.782033,2023-08-01
8700,2023-07-27 10:10:00,19700.0,19801.8,3906800,14925150,111.85,9.75,348300,2192250,0.599067,-0.403856,0.00076426,0.00073998,21.362706,22.105042,2023-08-01
3440,2023-07-27 10:10:00,19750.0,19801.8,4912850,11423900,72.95,20.7,757300,2101550,0.560838,-0.440188,0.00078814,0.00077237,21.129083,21.569019,2023-08-01
808,2023-07-27 10:10:00,19800.0,19801.8,18144900,15674900,43.35,41.05,2357850,3077150,0.52097,-0.479207,0.00078399,0.000771,21.46151,21.823595,2023-08-01
6070,2023-07-27 10:10:00,19850.0,19801.8,20712850,6743350,23.2,71.05,2551500,1375550,0.482284,-0.517104,0.00077038,0.00075375,21.84935,22.33288,2023-08-01
11328,2023-07-27 10:10:00,19900.0,19801.8,26423900,4969800,11.9,109.7,3510700,654200,0.446853,-0.551514,0.00073189,0.00071354,22.816659,23.416098,2023-08-01
16585,2023-07-27 10:10:00,19950.0,19801.8,15092800,1204350,5.95,153.9,2016350,148350,0.415547,-0.580509,0.00068684,0.00065962,23.979376,25.021476,2023-08-01
21839,2023-07-27 10:10:00,20000.0,19801.8,22066050,1748250,3.3,201.35,1791900,110800,0.390998,-0.601723,0.00062737,0.00059192,25.847697,27.5345,2023-08-01
27091,2023-07-27 10:10:00,20050.0,19801.8,10213500,145000,2.05,249.35,475050,12550,0.37231,-0.624055,0.0005678,0.00055437,28.140823,28.911597,2023-08-01
24467,2023-07-27 10:11:00,19550.0,19799.05,213600,4966500,249.25,1.35,1100,456700,,-0.330124,,0.00057022,0.0,26.832788,2023-08-01
19214,2023-07-27 10:11:00,19600.0,19799.05,1299950,10356400,200.0,2.3,41800,649400,,-0.34825,,0.00063526,0.0,24.585254,2023-08-01
13958,2023-07-27 10:11:00,19650.0,19799.05,930350,8470850,152.95,4.6,54800,1187300,0.641585,-0.373435,0.0007795,0.00069657,20.243332,22.965509,2023-08-01
8701,2023-07-27 10:11:00,19700.0,19799.05,4030200,15194600,108.6,10.65,309850,1588600,0.600096,-0.407243,0.00079195,0.00072943,20.606216,22.476067,2023-08-01
3441,2023-07-27 10:11:00,19750.0,19799.05,5074100,11784700,70.55,22.6,406250,1652850,0.559256,-0.443653,0.00079833,0.00075144,20.876246,22.202857,2023-08-01
809,2023-07-27 10:11:00,19800.0,19799.05,19221200,15665500,41.8,44.1,1614500,2186300,0.51883,-0.481649,0.00078602,0.00074071,21.416416,22.727737,2023-08-01
6071,2023-07-27 10:11:00,19850.0,19799.05,21404650,6317750,22.4,75.05,1553700,924450,0.480287,-0.517579,0.00076717,0.00071375,21.940096,23.58813,2023-08-01
11329,2023-07-27 10:11:00,19900.0,19799.05,26343100,4949550,11.55,114.3,2231400,374750,0.445315,-0.54892,0.0007263,0.00066391,22.984625,25.192512,2023-08-01
16586,2023-07-27 10:11:00,19950.0,19799.05,14814450,1177850,5.7,158.3,1536550,63100,0.413969,-0.575289,0.00068411,0.00061167,24.059022,27.059527,2023-08-01
21840,2023-07-27 10:11:00,20000.0,19799.05,21957850,1750900,3.25,205.8,1143300,65700,0.390362,-0.593246,0.00062146,0.00054276,26.086734,30.197197,2023-08-01
27092,2023-07-27 10:11:00,20050.0,19799.05,10217500,137500,2.05,254.7,316850,6950,0.372202,-0.604932,0.00056182,0.00047762,28.443508,34.056675,2023-08-01
24468,2023-07-27 10:12:00,19550.0,19805.15,212750,4966500,256.1,1.3,3300,220850,,-0.328934,,0.0005606,0.0,27.246894,2023-08-01
19215,2023-07-27 10:12:00,19600.0,19805.15,1299950,10356400,206.95,2.15,42150,801300,0.685199,-0.346058,0.00074346,0.00062583,20.173846,24.89156,2023-08-01
13959,2023-07-27 10:12:00,19650.0,19805.15,930350,8470850,158.7,4.05,57750,1182150,0.645951,-0.369122,0.00077367,0.00069419,20.303144,22.952421,2023-08-01
8702,2023-07-27 10:12:00,19700.0,19805.15,4030200,15194600,114.3,9.45,418450,1730500,0.602719,-0.40245,0.00077163,0.00073006,21.106792,22.38456,2023-08-01
3442,2023-07-27 10:12:00,19750.0,19805.15,5074100,11784700,74.9,20.2,542400,1852350,0.563918,-0.438465,0.00079365,0.00075889,20.955966,21.936696,2023-08-01
810,2023-07-27 10:12:00,19800.0,19805.15,19221200,15665500,44.6,39.9,2158900,2405300,0.523708,-0.476804,0.00079038,0.00076009,21.279233,22.128831,2023-08-01
6072,2023-07-27 10:12:00,19850.0,19805.15,21404650,6317750,24.2,69.55,1972150,1017100,0.484856,-0.514072,0.00077062,0.00073866,21.847732,22.795198,2023-08-01
11330,2023-07-27 10:12:00,19900.0,19805.15,26343100,4949550,12.55,107.95,1969050,497000,0.449465,-0.547339,0.00073045,0.00069312,22.880527,24.136601,2023-08-01
16587,2023-07-27 10:12:00,19950.0,19805.15,14814450,1177850,6.2,151.75,1712000,82100,0.417648,-0.575311,0.00068898,0.00063908,23.931133,25.892173,2023-08-01
21841,2023-07-27 10:12:00,20000.0,19805.15,21957850,1750900,3.45,198.95,1314850,83500,0.393016,-0.59572,0.00062861,0.00057254,25.832842,28.57614,2023-08-01
27093,2023-07-27 10:12:00,20050.0,19805.15,10217500,137500,2.15,247.3,689650,3950,0.374286,-0.612132,0.00056834,0.000517,28.160537,31.29305,2023-08-01
24469,2023-07-27 10:13:00,19550.0,19806.45,212750,4966500,253.5,1.3,3850,275900,,-0.329053,,0.00055746,0.0,27.404348,2023-08-01
19216,2023-07-27 10:13:00,19600.0,19806.45,1299950,10356400,204.7,2.15,76900,652700,,-0.34613,,0.00062176,0.0,25.056315,2023-08-01
13960,2023-07-27 10:13:00,19650.0,19806.45,930350,8470850,157.1,4.15,55600,884750,,-0.369805,,0.00068513,0.0,23.270126,2023-08-01
8703,2023-07-27 10:13:00,19700.0,19806.45,4030200,15194600,112.45,9.75,301000,1589700,0.61807,-0.403235,0.00088223,0.00071568,18.254786,22.845917,2023-08-01
3443,2023-07-27 10:13:00,19750.0,19806.45,5074100,11784700,73.65,20.7,477450,1364050,0.568567,-0.438761,0.00084437,0.00074008,19.658284,22.496923,2023-08-01
811,2023-07-27 10:13:00,19800.0,19806.45,19221200,15665500,43.55,41.0,1941450,2061300,0.525359,-0.476352,0.00082357,0.0007297,20.416298,23.048855,2023-08-01
6073,2023-07-27 10:13:00,19850.0,19806.45,21404650,6317750,23.55,71.0,1864550,741950,0.485192,-0.511805,0.00079157,0.00069894,21.270071,24.094918,2023-08-01
11331,2023-07-27 10:13:00,19900.0,19806.45,26343100,4949550,12.1,109.3,1945150,465450,0.449111,-0.542705,0.00074616,0.00064938,22.396168,25.796659,2023-08-01
16588,2023-07-27 10:13:00,19950.0,19806.45,14814450,1177850,5.95,153.4,1511700,78500,0.417012,-0.566658,0.00070023,0.00058354,23.538624,28.46867,2023-08-01
21842,2023-07-27 10:13:00,20000.0,19806.45,21957850,1750900,3.3,200.3,759600,60200,0.39226,-0.584474,0.00063679,0.00051996,25.487267,31.673781,2023-08-01
27094,2023-07-27 10:13:00,20050.0,19806.45,10217500,137500,2.15,249.0,320300,6200,0.37464,-0.595811,0.00057011,0.00045709,28.081721,35.791873,2023-08-01
24470,2023-07-27 10:14:00,19550.0,19806.65,212750,5025300,253.7,1.3,800,107950,,-0.329261,,0.0005564,0.0,27.465031,2023-08-01
19217,2023-07-27 10:14:00,19600.0,19806.65,1288900,10287150,206.0,2.05,31050,448500,,-0.345079,,0.00062532,0.0,24.886916,2023-08-01
13961,2023-07-27 10:14:00,19650.0,19806.65,937450,8750500,155.95,4.05,42500,1178300,,-0.369265,,0.0006872,0.0,23.190077,2023-08-01
8704,2023-07-27 10:14:00,19700.0,19806.65,4113800,15447750,113.45,9.6,180400,1355600,0.613273,-0.402859,0.00084412,0.00071749,19.150752,22.784073,2023-08-01
3444,2023-07-27 10:14:00,19750.0,19806.65,5133850,11920700,74.55,20.45,342350,1273750,0.567283,-0.438435,0.00082397,0.00074261,20.157508,22.418484,2023-08-01
812,2023-07-27 10:14:00,19800.0,19806.65,19863050,15694900,44.35,40.6,1212450,1606200,0.525227,-0.476138,0.0008081,0.00073362,20.808764,22.926153,2023-08-01
6074,2023-07-27 10:14:00,19850.0,19806.65,22017200,6286450,24.15,70.4,1297250,670550,0.485728,-0.511885,0.0007795,0.00070551,21.601769,23.871859,2023-08-01
11332,2023-07-27 10:14:00,19900.0,19806.65,26924050,4948450,12.4,108.65,1845050,327100,0.449866,-0.543215,0.00073891,0.00065688,22.622731,25.499884,2023-08-01
16589,2023-07-27 10:14:00,19950.0,19806.65,15460550,1175100,6.05,152.8,1192400,56750,0.41763,-0.567489,0.00069683,0.0005903,23.662622,28.134421,2023-08-01
21843,2023-07-27 10:14:00,20000.0,19806.65,22099200,1746200,3.35,200.0,910050,61450,0.392853,-0.584654,0.00063451,0.00052141,25.591297,31.584711,2023-08-01
27095,2023-07-27 10:14:00,20050.0,19806.65,10167800,138650,2.05,249.0,362350,2100,0.373687,-0.594825,0.00057418,0.00045366,27.861333,36.086644,2023-08-01
24471,2023-07-27 10:15:00,19550.0,19813.15,216150,5025300,261.95,1.25,1000,199750,,-0.32803,,0.00054665,0.0,27.905607,2023-08-01
19218,2023-07-27 10:15:00,19600.0,19813.15,1288900,10287150,212.7,1.95,44850,666200,,-0.343363,,0.00061349,0.0,25.312713,2023-08-01
13962,2023-07-27 10:15:00,19650.0,19813.15,937450,8750500,164.2,3.65,58450,1039500,,-0.36567,,0.00067983,0.0,23.359762,2023-08-01
8705,2023-07-27 10:15:00,19700.0,19813.15,4113800,15447750,118.6,8.6,296350,1467400,0.622498,-0.398396,0.00086728,0.00071364,18.499793,22.83462,2023-08-01
3445,2023-07-27 10:15:00,19750.0,19813.15,5133850,11920700,78.8,18.35,499050,1511550,0.573594,-0.433332,0.00083404,0.00074462,19.852062,22.30543,2023-08-01
813,2023-07-27 10:15:00,19800.0,19813.15,19863050,15694900,47.45,37.15,2077200,1943850,0.530672,-0.471212,0.00081479,0.00073951,20.612774,22.71916,2023-08-01
6075,2023-07-27 10:15:00,19850.0,19813.15,22017200,6286450,25.85,65.75,1910900,851150,0.490515,-0.50751,0.00079066,0.00071339,21.298737,23.608373,2023-08-01
11333,2023-07-27 10:15:00,19900.0,19813.15,26924050,4948450,13.3,103.35,1574450,512250,0.453936,-0.539328,0.00074931,0.00066228,22.330566,25.311201,2023-08-01
16590,2023-07-27 10:15:00,19950.0,19813.15,15460550,1175100,6.45,146.5,1082900,66900,0.420945,-0.565465,0.00070748,0.00060468,23.340557,27.48179,2023-08-01
21844,2023-07-27 10:15:00,20000.0,19813.15,22099200,1746200,3.45,193.2,541850,62600,0.394837,-0.584577,0.00064731,0.00053953,25.113615,30.517343,2023-08-01
27096,2023-07-27 10:15:00,20050.0,19813.15,10167800,138650,2.1,242.0,471250,9500,0.37526,-0.596007,0.00058424,0.00047075,27.410915,34.741578,2023-08-01
24472,2023-07-27 10:16:00,19550.0,19816.65,216150,5025300,265.4,1.2,2950,312950,,-0.327011,,0.00054263,0.0,28.073732,2023-08-01
19219,2023-07-27 10:16:00,19600.0,19816.65,1288900,10287150,215.7,1.85,50450,388600,,-0.341895,,0.00060942,0.0,25.437887,2023-08-01
13963,2023-07-27 10:16:00,19650.0,19816.65,937450,8750500,166.85,3.45,85100,1258650,,-0.363843,,0.00067549,0.0,23.467841,2023-08-01
8706,2023-07-27 10:16:00,19700.0,19816.65,4113800,15447750,121.55,8.1,397550,1683600,0.626957,-0.396079,0.00087482,0.00071101,18.269736,22.880504,2023-08-01
3446,2023-07-27 10:16:00,19750.0,19816.65,5133850,11920700,80.95,17.35,592900,1859650,0.577514,-0.430723,0.00084491,0.00074373,19.557129,22.30434,2023-08-01
814,2023-07-27 10:16:00,19800.0,19816.65,19863050,15694900,49.05,35.55,2756350,2657950,0.533713,-0.468629,0.00082075,0.00073889,20.448226,22.724541,2023-08-01
6076,2023-07-27 10:16:00,19850.0,19816.65,22017200,6286450,26.85,63.35,2460600,1086900,0.493176,-0.505082,0.00079555,0.0007163,21.168537,23.511958,2023-08-01
11334,2023-07-27 10:16:00,19900.0,19816.65,26924050,4948450,13.8,100.35,2144150,681300,0.456187,-0.537406,0.00075483,0.00066781,22.179124,25.110202,2023-08-01
16591,2023-07-27 10:16:00,19950.0,19816.65,15460550,1175100,6.6,143.3,1317400,98250,0.422524,-0.563843,0.00071526,0.00060891,23.102568,27.305803,2023-08-01
21845,2023-07-27 10:16:00,20000.0,19816.65,22099200,1746200,3.45,190.0,783200,113100,0.3956,-0.582832,0.00065622,0.00054075,24.782954,30.473769,2023-08-01
27097,2023-07-27 10:16:00,20050.0,19816.65,10167800,138650,2.1,238.55,601650,4850,0.375891,-0.595234,0.00059075,0.00047469,27.120181,34.466439,2023-08-01
24473,2023-07-27 10:17:00,19550.0,19814.3,215600,4928150,261.85,1.2,3100,140700,,-0.32742,,0.00054615,0.0,27.912284,2023-08-01
19220,2023-07-27 10:17:00,19600.0,19814.3,1275500,10385350,213.4,1.9,46450,708200,,-0.343007,,0.00061168,0.0,25.379871,2023-08-01
13964,2023-07-27 10:17:00,19650.0,19814.3,927900,8757300,165.25,3.6,66100,1127700,,-0.3655,,0.00067622,0.0,23.482616,2023-08-01
8707,2023-07-27 10:17:00,19700.0,19814.3,4090500,15551500,120.0,8.35,316350,1463900,0.620617,-0.397569,0.00084608,0.00071328,18.993702,22.8351,2023-08-01
3447,2023-07-27 10:17:00,19750.0,19814.3,5118850,12081100,79.5,17.95,451750,1537400,0.574689,-0.432513,0.00083536,0.00074388,19.811809,22.321611,2023-08-01
815,2023-07-27 10:17:00,19800.0,19814.3,20022000,15412650,47.95,36.25,1921050,1888800,0.531616,-0.470252,0.00081501,0.00074377,20.604979,22.586546,2023-08-01
6077,2023-07-27 10:17:00,19850.0,19814.3,22265800,6047800,25.95,64.5,2027850,822900,0.491323,-0.506863,0.00079478,0.00072014,21.191016,23.389395,2023-08-01
11335,2023-07-27 10:17:00,19900.0,19814.3,27397250,4913900,13.25,101.7,1892400,525050,0.454441,-0.539463,0.00075415,0.00067397,22.192226,24.873206,2023-08-01
16592,2023-07-27 10:17:00,19950.0,19814.3,15690550,1167050,6.3,144.9,1348050,76200,0.420887,-0.566105,0.00071439,0.00061493,23.115977,27.018078,2023-08-01
21846,2023-07-27 10:17:00,20000.0,19814.3,22307450,1750650,3.25,191.85,993800,66450,0.393862,-0.584849,0.00065662,0.00054437,24.742425,30.243293,2023-08-01
27098,2023-07-27 10:17:00,20050.0,19814.3,10348400,138650,1.9,242.5,1141900,4250,0.373349,-0.589239,0.00059465,0.00044599,26.88955,36.823747,2023-08-01
24474,2023-07-27 10:18:00,19550.0,19812.5,215600,4928150,257.8,1.3,750,372050,,-0.329698,,0.00054296,0.0,28.159101,2023-08-01
19221,2023-07-27 10:18:00,19600.0,19812.5,1275500,10385350,207.35,2.1,18750,478500,,-0.345948,,0.00060543,0.0,25.72773,2023-08-01
13965,2023-07-27 10:18:00,19650.0,19812.5,927900,8757300,159.45,4.1,30350,676750,0.640103,-0.36952,0.00071178,0.00066258,22.196064,24.056744,2023-08-01
8708,2023-07-27 10:18:00,19700.0,19812.5,4090500,15551500,114.65,9.55,176550,1076900,0.664183,-0.402015,0.00115597,0.00068983,13.323049,23.684104,2023-08-01
3448,2023-07-27 10:18:00,19750.0,19812.5,5118850,12081100,75.6,20.05,260550,1059850,0.578963,-0.436254,0.00090972,0.0007125,18.156892,23.345004,2023-08-01
816,2023-07-27 10:18:00,19800.0,19812.5,20022000,15412650,45.05,39.8,1219100,1652100,0.53115,-0.472649,0.00085502,0.00069865,19.645697,24.059651,2023-08-01
6078,2023-07-27 10:18:00,19850.0,19812.5,22265800,6047800,24.35,69.25,1186850,725150,0.489417,-0.506595,0.00081348,0.00066323,20.704857,25.400883,2023-08-01
11336,2023-07-27 10:18:00,19900.0,19812.5,27397250,4913900,12.45,107.2,1219150,357050,0.452397,-0.535426,0.0007628,0.00060784,21.930784,27.609669,2023-08-01
16593,2023-07-27 10:18:00,19950.0,19812.5,15690550,1167050,6.05,151.05,635500,77100,0.419552,-0.557129,0.00071434,0.00053971,23.105197,30.897731,2023-08-01
21847,2023-07-27 10:18:00,20000.0,19812.5,22307450,1750650,3.25,197.95,605350,63850,0.393739,-0.572395,0.00065063,0.00047428,24.971968,34.938295,2023-08-01
27099,2023-07-27 10:18:00,20050.0,19812.5,10348400,135500,1.95,247.3,294100,6000,0.373972,-0.580377,0.00058759,0.00040762,27.231669,40.492855,2023-08-01
24475,2023-07-27 10:19:00,19550.0,19813.0,215600,4928150,257.85,1.3,3000,333500,,-0.329885,,0.00054139,0.0,28.248438,2023-08-01
19222,2023-07-27 10:19:00,19600.0,19813.0,1275500,10385350,209.0,2.05,33150,322100,,-0.345489,,0.00060582,0.0,25.699509,2023-08-01
13966,2023-07-27 10:19:00,19650.0,19813.0,927900,8757300,160.75,4.05,43350,930000,,-0.369289,,0.00066185,0.0,24.079051,2023-08-01
8709,2023-07-27 10:19:00,19700.0,19813.0,4090500,15551500,116.1,9.35,202350,1238250,0.644945,-0.401425,0.00102478,0.00069155,15.34457,23.617249,2023-08-01
3449,2023-07-27 10:19:00,19750.0,19813.0,5118850,12081100,76.3,19.95,354600,994200,0.578487,-0.436037,0.00089782,0.00071056,18.402695,23.40759,2023-08-01
817,2023-07-27 10:19:00,19800.0,19813.0,20022000,15412650,45.45,39.6,1245300,1368800,0.531469,-0.472335,0.00085084,0.00069716,19.741671,24.110801,2023-08-01
6079,2023-07-27 10:19:00,19850.0,19813.0,22265800,6047800,24.8,69.0,1316900,599150,0.489997,-0.506215,0.00080639,0.00066143,20.888351,25.471443,2023-08-01
11337,2023-07-27 10:19:00,19900.0,19813.0,27397250,4913900,12.9,107.1,1266000,371950,0.453506,-0.534756,0.00075334,0.00060327,22.214245,27.824031,2023-08-01
16594,2023-07-27 10:19:00,19950.0,19813.0,15690550,1167050,6.2,150.5,669350,67900,0.420438,-0.557011,0.00071044,0.00054087,23.243889,30.834196,2023-08-01
21848,2023-07-27 10:19:00,20000.0,19813.0,22307450,1750650,3.3,197.3,476000,47100,0.394385,-0.572553,0.00064908,0.00047637,25.043839,34.784172,2023-08-01
27100,2023-07-27 10:19:00,20050.0,19813.0,10348400,135500,1.9,246.25,166000,14100,0.373605,-0.581631,0.00059028,0.00041341,27.099797,39.901385,2023-08-01
24476,2023-07-27 10:20:00,19550.0,19810.8,215600,4874400,257.75,1.25,500,172950,,-0.329348,,0.0005475,0.0,27.919786,2023-08-01
19223,2023-07-27 10:20:00,19600.0,19810.8,1289650,10428650,207.0,2.05,32500,332350,,-0.345912,,0.0006103,0.0,25.527391,2023-08-01
13967,2023-07-27 10:20:00,19650.0,19810.8,941900,8888050,158.45,4.05,33350,621800,,-0.369759,,0.00066796,0.0,23.873164,2023-08-01
8710,2023-07-27 10:20:00,19700.0,19810.8,4120350,15420100,113.8,9.35,173200,871750,0.645929,-0.402,0.00104953,0.00069967,14.970578,23.355844,2023-08-01
3450,2023-07-27 10:20:00,19750.0,19810.8,5226450,12170550,74.4,20.4,294350,948100,0.576942,-0.43744,0.00090443,0.00071331,18.285699,23.334736,2023-08-01
818,2023-07-27 10:20:00,19800.0,19810.8,20330600,15736750,44.25,40.3,1091350,1398850,0.529551,-0.473797,0.00084939,0.0007009,19.786304,23.992149,2023-08-01
6080,2023-07-27 10:20:00,19850.0,19810.8,22636000,6185100,24.0,70.1,1040600,596700,0.488248,-0.507752,0.00080538,0.00066413,20.915775,25.370704,2023-08-01
11338,2023-07-27 10:20:00,19900.0,19810.8,27519100,4889900,12.2,108.75,1173050,346200,0.451478,-0.535987,0.00075772,0.00060198,22.076448,27.88119,2023-08-01
16595,2023-07-27 10:20:00,19950.0,19810.8,15839850,1166250,5.9,152.5,627850,54450,0.418785,-0.557733,0.0007106,0.00053727,23.222879,31.037665,2023-08-01
21849,2023-07-27 10:20:00,20000.0,19810.8,22327950,1741300,3.15,199.0,494800,48300,0.393027,-0.573982,0.00064814,0.00047813,25.061022,34.638851,2023-08-01
27101,2023-07-27 10:20:00,20050.0,19810.8,10461100,138400,1.9,247.7,125450,3450,0.373549,-0.583823,0.00058491,0.00041827,27.352493,39.397952,2023-08-01
24477,2023-07-27 10:21:00,19550.0,19810.15,216350,4874400,257.9,1.3,1200,482850,,-0.330562,,0.00054514,0.0,28.084775,2023-08-01
19224,2023-07-27 10:21:00,19600.0,19810.15,1289650,10428650,208.55,2.1,18950,397700,,-0.3468,,0.00060867,0.0,25.622321,2023-08-01
13968,2023-07-27 10:21:00,19650.0,19810.15,941900,8888050,161.15,3.95,27950,696900,,-0.369331,,0.00067278,0.0,23.695599,2023-08-01
8711,2023-07-27 10:21:00,19700.0,19810.15,4120350,15420100,116.05,9.05,180050,825900,0.617869,-0.401307,0.00085439,0.00070887,18.859155,23.044843,2023-08-01
3451,2023-07-27 10:21:00,19750.0,19810.15,5226450,12170550,76.2,19.35,278550,1045500,0.571206,-0.436289,0.00083685,0.0007357,19.818466,22.616162,2023-08-01
819,2023-07-27 10:21:00,19800.0,19810.15,20330600,15736750,45.65,38.7,1163400,1266900,0.528107,-0.473649,0.00081051,0.00073011,20.742895,23.034209,2023-08-01
6081,2023-07-27 10:21:00,19850.0,19810.15,22636000,6185100,24.65,68.0,1176400,567100,0.488271,-0.509297,0.00078566,0.00070108,21.442949,24.033742,2023-08-01
11339,2023-07-27 10:21:00,19900.0,19810.15,27519100,4889900,12.5,105.75,1198750,444450,0.451914,-0.540692,0.00074595,0.00065428,22.429847,25.625622,2023-08-01
16596,2023-07-27 10:21:00,19950.0,19810.15,15839850,1166250,5.95,149.15,663850,71400,0.41899,-0.566328,0.0007055,0.00059727,23.395436,27.827977,2023-08-01
21850,2023-07-27 10:21:00,20000.0,19810.15,22327950,1741300,3.15,196.5,369350,41350,0.393102,-0.583171,0.00064542,0.00052355,25.170248,31.490146,2023-08-01
27102,2023-07-27 10:21:00,20050.0,19810.15,10461100,138400,1.9,245.45,308900,4000,0.373681,-0.59357,0.00058277,0.00045529,27.458781,35.995241,2023-08-01
24478,2023-07-27 10:22:00,19550.0,19809.35,216350,4874400,256.65,1.25,900,183150,,-0.329918,,0.00054877,0.0,27.880552,2023-08-01
19225,2023-07-27 10:22:00,19600.0,19809.35,1289650,10428650,208.0,2.05,27100,360950,,-0.346471,,0.00061221,0.0,25.468273,2023-08-01
13969,2023-07-27 10:22:00,19650.0,19809.35,941900,8888050,159.6,3.95,41900,735400,,-0.369616,,0.00067447,0.0,23.644648,2023-08-01
8712,2023-07-27 10:22:00,19700.0,19809.35,4120350,15420100,114.65,9.25,203850,1015050,0.621558,-0.402244,0.00088735,0.00070627,18.107091,23.146113,2023-08-01
3452,2023-07-27 10:22:00,19750.0,19809.35,5226450,12170550,75.45,19.85,294800,1345700,0.570745,-0.437335,0.00083997,0.00072959,19.750974,22.81775,2023-08-01
820,2023-07-27 10:22:00,19800.0,19809.35,20330600,15736750,45.0,39.5,1126350,1582900,0.527524,-0.474401,0.00081374,0.00072201,20.664933,23.297717,2023-08-01
6082,2023-07-27 10:22:00,19850.0,19809.35,22636000,6185100,24.25,69.0,1107750,711200,0.487607,-0.509587,0.00078682,0.00069217,21.412498,24.34523,2023-08-01
11340,2023-07-27 10:22:00,19900.0,19809.35,27519100,4889900,12.3,107.0,1427900,338150,0.45134,-0.540257,0.00074554,0.00064261,22.440586,26.096821,2023-08-01
16597,2023-07-27 10:22:00,19950.0,19809.35,15839850,1166250,5.85,150.55,769250,74250,0.418513,-0.56492,0.00070467,0.00058345,23.41974,28.507053,2023-08-01
21851,2023-07-27 10:22:00,20000.0,19809.35,22327950,1741300,3.1,197.95,551950,50450,0.392751,-0.580999,0.00064436,0.00051021,25.20818,32.354213,2023-08-01
27103,2023-07-27 10:22:00,20050.0,19809.35,10461100,138400,1.85,246.45,243800,2600,0.373149,-0.592714,0.00058281,0.00045045,27.447448,36.405334,2023-08-01
24479,2023-07-27 10:23:00,19550.0,19809.3,216350,4881950,257.35,1.25,1050,337900,,-0.330151,,0.00054816,0.0,27.921127,2023-08-01
19226,2023-07-27 10:23:00,19600.0,19809.3,1281200,10442050,208.7,2.05,28050,270550,,-0.346685,,0.00061152,0.0,25.504473,2023-08-01
13970,2023-07-27 10:23:00,19650.0,19809.3,941850,8973000,160.4,3.9,26950,710900,,-0.369449,,0.00067555,0.0,23.604747,2023-08-01
8713,2023-07-27 10:23:00,19700.0,19809.3,4159750,15478450,116.0,9.25,237800,818900,0.612722,-0.402386,0.00082176,0.00070546,19.688964,23.176418,2023-08-01
3453,2023-07-27 10:23:00,19750.0,19809.3,5260550,12228300,76.45,19.85,302200,880600,0.568642,-0.437432,0.00081218,0.00072879,20.447508,22.845384,2023-08-01
821,2023-07-27 10:23:00,19800.0,19809.3,20650200,15936500,45.9,38.9,1151900,1451150,0.527051,-0.474254,0.00079377,0.00073117,21.187851,23.006943,2023-08-01
6083,2023-07-27 10:23:00,19850.0,19809.3,22802950,6243900,24.75,67.7,1076950,610900,0.487906,-0.510249,0.00077507,0.0007127,21.739303,23.644684,2023-08-01
11341,2023-07-27 10:23:00,19900.0,19809.3,27575150,4919600,12.55,105.95,1023250,326750,0.451893,-0.541734,0.00073821,0.00066007,22.668965,25.398503,2023-08-01
16598,2023-07-27 10:23:00,19950.0,19809.3,15931250,1163950,5.95,149.95,645300,43650,0.419076,-0.566411,0.00070025,0.00059405,23.576224,27.982554,2023-08-01
21852,2023-07-27 10:23:00,20000.0,19809.3,22268000,1737350,3.1,197.35,360950,35250,0.392924,-0.583025,0.00064329,0.00052041,25.254852,31.688144,2023-08-01
27104,2023-07-27 10:23:00,20050.0,19809.3,10601600,136100,1.8,245.5,76950,3550,0.372691,-0.596748,0.00058442,0.00046609,27.362585,35.09833,2023-08-01
24480,2023-07-27 10:24:00,19550.0,19810.3,216250,4881950,258.0,1.3,450,52950,,-0.331234,,0.00054279,0.0,28.23455,2023-08-01
19227,2023-07-27 10:24:00,19600.0,19810.3,1281200,10442050,209.3,2.0,11700,246100,,-0.346169,,0.00061072,0.0,25.523975,2023-08-01
13971,2023-07-27 10:24:00,19650.0,19810.3,941850,8973000,160.9,3.85,16550,504050,,-0.369141,,0.00067321,0.0,23.68101,2023-08-01
8714,2023-07-27 10:24:00,19700.0,19810.3,4159750,15478450,116.3,9.05,85550,812350,0.616716,-0.401677,0.00084486,0.00070515,19.092718,23.176439,2023-08-01
3454,2023-07-27 10:24:00,19750.0,19810.3,5260550,12228300,76.75,19.4,175600,702850,0.57017,-0.436557,0.00082142,0.00073057,20.203927,22.781917,2023-08-01
822,2023-07-27 10:24:00,19800.0,19810.3,20650200,15936500,46.05,38.8,664450,867750,0.52799,-0.473674,0.00080017,0.000724,21.015497,23.233063,2023-08-01
6084,2023-07-27 10:24:00,19850.0,19810.3,22802950,6243900,24.85,67.95,831200,370200,0.488571,-0.509083,0.00077894,0.00069722,21.632479,24.171929,2023-08-01
11342,2023-07-27 10:24:00,19900.0,19810.3,27575150,4919600,12.65,105.65,735800,193600,0.452521,-0.540345,0.00073969,0.00065118,22.628261,25.754808,2023-08-01
16599,2023-07-27 10:24:00,19950.0,19810.3,15931250,1163950,6.0,149.35,537100,42650,0.419662,-0.565093,0.0007013,0.00058886,23.548397,28.24548,2023-08-01
21853,2023-07-27 10:24:00,20000.0,19810.3,22268000,1737350,3.1,196.6,296000,24800,0.393267,-0.58189,0.00064509,0.00051736,25.191168,31.89454,2023-08-01
27105,2023-07-27 10:24:00,20050.0,19810.3,10601600,136100,1.8,245.2,94800,950,0.37302,-0.593494,0.00058566,0.00045527,27.312912,36.005896,2023-08-01
24481,2023-07-27 10:25:00,19550.0,19810.7,216250,4881950,259.2,1.25,50,72300,,-0.330502,,0.00054422,0.0,28.137075,2023-08-01
19228,2023-07-27 10:25:00,19600.0,19810.7,1281200,10442050,209.85,2.05,18350,310600,,-0.346968,,0.00060652,0.0,25.724158,2023-08-01
13972,2023-07-27 10:25:00,19650.0,19810.7,941850,8973000,160.75,3.9,22500,546250,,-0.369623,,0.00066911,0.0,23.83728,2023-08-01
8715,2023-07-27 10:25:00,19700.0,19810.7,4159750,15478450,115.9,9.1,122550,685150,0.621909,-0.401892,0.0008803,0.00070117,18.249221,23.312315,2023-08-01
3455,2023-07-27 10:25:00,19750.0,19810.7,5260550,12228300,76.15,19.55,179200,782300,0.572183,-0.436718,0.00084357,0.00072431,19.656418,22.981512,2023-08-01
823,2023-07-27 10:25:00,19800.0,19810.7,20650200,15936500,45.55,39.05,924700,1157800,0.528615,-0.47356,0.00081346,0.00071583,20.670616,23.49891,2023-08-01
6085,2023-07-27 10:25:00,19850.0,19810.7,22802950,6243900,24.55,68.05,1035850,407650,0.488667,-0.508612,0.00078672,0.00069061,21.419897,24.404888,2023-08-01
11343,2023-07-27 10:25:00,19900.0,19810.7,27575150,4919600,12.5,106.05,869550,229600,0.452471,-0.539065,0.00074409,0.00063866,22.495277,26.269631,2023-08-01
16600,2023-07-27 10:25:00,19950.0,19810.7,15931250,1163950,5.9,149.9,573750,25650,0.419469,-0.562683,0.00070489,0.00057294,23.427006,29.060132,2023-08-01
21854,2023-07-27 10:25:00,20000.0,19810.7,22268000,1737350,3.15,196.35,478900,27450,0.393913,-0.581196,0.00064319,0.0005149,25.278174,32.060452,2023-08-01
27106,2023-07-27 10:25:00,20050.0,19810.7,10601600,136100,1.9,245.15,332300,1300,0.374585,-0.59191,0.00058064,0.0004498,27.587135,36.480511,2023-08-01
24482,2023-07-27 10:26:00,19550.0,19816.65,216150,4874550,266.0,1.2,2700,165200,,-0.329312,,0.00053585,0.0,28.528376,2023-08-01
19229,2023-07-27 10:26:00,19600.0,19816.65,1280650,10492900,216.7,1.85,44000,374500,,-0.344022,,0.00060153,0.0,25.849251,2023-08-01
13973,2023-07-27 10:26:00,19650.0,19816.65,943450,9052650,168.05,3.35,51700,886250,0.698646,-0.364892,0.00095919,0.00067034,15.345176,23.686867,2023-08-01
8716,2023-07-27 10:26:00,19700.0,19816.65,4146950,15591900,123.0,7.8,304100,1484500,0.615399,-0.396381,0.00079399,0.00070894,20.332795,22.967403,2023-08-01
3456,2023-07-27 10:26:00,19750.0,19816.65,5230050,12392250,81.95,16.85,509050,1553300,0.574225,-0.430795,0.0008051,0.00074307,20.570877,22.339889,2023-08-01
824,2023-07-27 10:26:00,19800.0,19816.65,20487800,16036050,49.55,34.7,1968700,1853550,0.533017,-0.468551,0.00079753,0.00074235,21.060638,22.633225,2023-08-01
6086,2023-07-27 10:26:00,19850.0,19816.65,22934950,6257400,27.05,62.0,1800300,822250,0.493511,-0.505369,0.00077903,0.00072818,21.632103,23.14356,2023-08-01
11344,2023-07-27 10:26:00,19900.0,19816.65,27646100,4876450,13.8,98.85,1454800,420400,0.457018,-0.538672,0.00074318,0.0006846,22.546859,24.503219,2023-08-01
16601,2023-07-27 10:26:00,19950.0,19816.65,16059600,1161450,6.4,141.9,1152150,105700,0.423089,-0.566251,0.00071069,0.00062748,23.273245,26.488978,2023-08-01
21855,2023-07-27 10:26:00,20000.0,19816.65,22159850,1743500,3.35,188.0,488300,65950,0.396613,-0.589301,0.00065072,0.00057532,25.026226,28.558195,2023-08-01
27107,2023-07-27 10:26:00,20050.0,19816.65,10567950,134250,1.95,238.85,111850,9200,0.376134,-0.592467,0.00058972,0.00046345,27.191187,35.385751,2023-08-01
24483,2023-07-27 10:27:00,19550.0,19817.2,216150,4874550,265.8,1.1,1050,343400,,-0.327471,,0.00054023,0.0,28.2343,2023-08-01
19230,2023-07-27 10:27:00,19600.0,19817.2,1280650,10492900,215.0,1.75,70550,239300,,-0.342798,,0.00060464,0.0,25.682793,2023-08-01
13974,2023-07-27 10:27:00,19650.0,19817.2,943450,9052650,166.2,3.35,57050,781450,,-0.365011,,0.00066767,0.0,23.785241,2023-08-01
8717,2023-07-27 10:27:00,19700.0,19817.2,4146950,15591900,121.5,8.0,349050,1356250,0.629812,-0.397155,0.00089088,0.00070024,17.908719,23.266028,2023-08-01
3457,2023-07-27 10:27:00,19750.0,19817.2,5230050,12392250,80.85,17.45,494250,1668600,0.577953,-0.431701,0.00084467,0.0007266,19.572281,22.856159,2023-08-01
825,2023-07-27 10:27:00,19800.0,19817.2,20487800,16036050,48.9,35.45,1935800,2190850,0.534005,-0.468652,0.00081605,0.00072433,20.579199,23.197715,2023-08-01
6087,2023-07-27 10:27:00,19850.0,19817.2,22934950,6257400,26.65,63.3,1908500,864500,0.493707,-0.504343,0.00079001,0.0007,21.332447,24.07695,2023-08-01
11345,2023-07-27 10:27:00,19900.0,19817.2,27646100,4876450,13.65,100.35,1560850,411350,0.457056,-0.535759,0.00074833,0.00065037,22.392611,25.811625,2023-08-01
16602,2023-07-27 10:27:00,19950.0,19817.2,16059600,1161450,6.4,143.5,1189550,76300,0.42336,-0.560826,0.00071174,0.00058802,23.243067,28.330075,2023-08-01
21856,2023-07-27 10:27:00,20000.0,19817.2,22159850,1743500,3.4,190.15,677350,53350,0.397254,-0.578964,0.00064933,0.00052158,25.091582,31.680018,2023-08-01
27108,2023-07-27 10:27:00,20050.0,19817.2,10567950,134250,1.95,237.95,238900,5650,0.37641,-0.593699,0.00059005,0.00046953,27.183306,34.902692,2023-08-01
24484,2023-07-27 10:28:00,19550.0,19815.6,216150,4874550,262.55,1.1,1750,361650,,-0.327827,,0.00054237,0.0,28.139449,2023-08-01
19231,2023-07-27 10:28:00,19600.0,19815.6,1280650,10492900,213.1,1.8,36550,190350,,-0.343866,,0.00060496,0.0,25.7031,2023-08-01
13975,2023-07-27 10:28:00,19650.0,19815.6,943450,9052650,165.1,3.45,25300,515050,,-0.366195,,0.0006678,0.0,23.809785,2023-08-01
8718,2023-07-27 10:28:00,19700.0,19815.6,4146950,15591900,119.3,8.15,179800,683150,0.63539,-0.398138,0.0009402,0.00070185,16.886816,23.231172,2023-08-01
3458,2023-07-27 10:28:00,19750.0,19815.6,5230050,12392250,79.15,17.85,261500,787750,0.577606,-0.432913,0.00085767,0.00072643,19.281789,22.876936,2023-08-01
826,2023-07-27 10:28:00,19800.0,19815.6,20487800,16036050,47.6,36.35,1032550,1202700,0.53289,-0.469931,0.0008232,0.00072009,20.408287,23.343514,2023-08-01
6088,2023-07-27 10:28:00,19850.0,19815.6,22934950,6257400,25.65,64.6,1350300,474600,0.492284,-0.505314,0.00079703,0.00069385,21.146437,24.293336,2023-08-01
11346,2023-07-27 10:28:00,19900.0,19815.6,27646100,4876450,13.05,101.95,1059250,265700,0.455513,-0.536227,0.0007528,0.00064274,22.253684,26.119208,2023-08-01
16603,2023-07-27 10:28:00,19950.0,19815.6,16059600,1161450,6.15,145.15,733500,49700,0.422103,-0.560963,0.0007123,0.0005817,23.213644,28.640765,2023-08-01
21857,2023-07-27 10:28:00,20000.0,19815.6,22159850,1743500,3.25,192.5,648600,43500,0.396037,-0.576805,0.00064986,0.00050552,25.054148,32.726505,2023-08-01
27109,2023-07-27 10:28:00,20050.0,19815.6,10567950,134250,1.9,241.4,219350,1800,0.3758,-0.586771,0.00058831,0.00043847,27.253748,37.533016,2023-08-01
24485,2023-07-27 10:29:00,19550.0,19815.35,217400,4823950,263.25,1.1,1400,101550,,-0.328082,,0.00054212,0.0,28.163706,2023-08-01
19232,2023-07-27 10:29:00,19600.0,19815.35,1285800,10520350,212.9,1.75,25550,132950,,-0.343405,,0.00060738,0.0,25.589584,2023-08-01
13976,2023-07-27 10:29:00,19650.0,19815.35,945250,9176600,164.0,3.4,26150,417100,,-0.366019,,0.00066965,0.0,23.741848,2023-08-01
8719,2023-07-27 10:29:00,19700.0,19815.35,4174900,15739100,118.6,8.2,132450,609200,0.64059,-0.398504,0.00097728,0.00070054,16.16809,23.282227,2023-08-01
3459,2023-07-27 10:29:00,19750.0,19815.35,5218150,12382550,78.35,17.9,151850,526350,0.578779,-0.433156,0.00087483,0.00072573,18.893898,22.903283,2023-08-01
827,2023-07-27 10:29:00,19800.0,19815.35,20694600,16284400,47.1,36.55,731100,948050,0.532862,-0.47018,0.00082965,0.00071754,20.251336,23.429582,2023-08-01
6089,2023-07-27 10:29:00,19850.0,19815.35,23154650,6166200,25.5,65.0,804150,320300,0.492085,-0.505368,0.00079693,0.00068894,21.150325,24.468326,2023-08-01
11347,2023-07-27 10:29:00,19900.0,19815.35,27968200,4910950,13.0,102.75,737700,160100,0.455419,-0.535575,0.00075147,0.00063211,22.294149,26.564533,2023-08-01
16604,2023-07-27 10:29:00,19950.0,19815.35,16235350,1174100,6.15,144.55,500150,23800,0.422183,-0.562834,0.00071023,0.00059483,23.283852,27.989916,2023-08-01
21858,2023-07-27 10:29:00,20000.0,19815.35,22208450,1750100,3.3,192.5,476300,32050,0.396557,-0.577446,0.00064618,0.00050821,25.207868,32.545495,2023-08-01
27110,2023-07-27 10:29:00,20050.0,19815.35,10529350,134950,1.95,240.35,73850,4750,0.376607,-0.591356,0.00058448,0.00045641,27.453259,35.965038,2023-08-01
24486,2023-07-27 10:30:00,19550.0,19815.45,217400,4823950,264.4,1.15,250,64250,,-0.329345,,0.00053815,0.0,28.416831,2023-08-01
19233,2023-07-27 10:30:00,19600.0,19815.45,1285800,10520350,214.0,1.8,23100,304250,,-0.344314,,0.00060369,0.0,25.773416,2023-08-01
13977,2023-07-27 10:30:00,19650.0,19815.45,945250,9176600,165.4,3.3,25850,545500,,-0.365389,,0.00067246,0.0,23.630525,2023-08-01
8720,2023-07-27 10:30:00,19700.0,19815.45,4174900,15739100,119.65,7.95,207200,669300,0.629815,-0.397731,0.00090305,0.00070574,17.672394,23.100135,2023-08-01
3460,2023-07-27 10:30:00,19750.0,19815.45,5218150,12382550,79.15,17.4,229000,635600,0.576969,-0.432428,0.00085154,0.00073408,19.429459,22.637012,2023-08-01
828,2023-07-27 10:30:00,19800.0,19815.45,20694600,16284400,47.55,35.6,1042050,1128400,0.532666,-0.469743,0.00081977,0.00073149,20.497517,22.982284,2023-08-01
6090,2023-07-27 10:30:00,19850.0,19815.45,23154650,6166200,25.8,64.0,1026250,402250,0.492316,-0.505638,0.00079016,0.00070272,21.333312,23.989684,2023-08-01
11348,2023-07-27 10:30:00,19900.0,19815.45,27968200,4910950,13.2,101.2,1046800,199150,0.455894,-0.537261,0.00074606,0.00065497,22.460134,25.628925,2023-08-01
16605,2023-07-27 10:30:00,19950.0,19815.45,16235350,1174100,6.15,144.45,514900,34600,0.422347,-0.5627,0.00070952,0.00059426,23.310593,28.019881,2023-08-01
21859,2023-07-27 10:30:00,20000.0,19815.45,22208450,1750100,3.25,191.1,413350,49100,0.396373,-0.581463,0.00064751,0.00052978,25.154464,31.158518,2023-08-01
27111,2023-07-27 10:30:00,20050.0,19815.45,10529350,134950,1.9,240.35,69150,1700,0.376204,-0.5908,0.00058632,0.00045436,27.359658,36.141165,2023-08-01
24487,2023-07-27 10:31:00,19550.0,19815.0,217400,4823950,262.15,1.15,1400,19300,,-0.329615,,0.00053825,0.0,28.423824,2023-08-01
19234,2023-07-27 10:31:00,19600.0,19815.0,1285800,10520350,212.9,1.8,15000,292450,,-0.344574,,0.00060393,0.0,25.772564,2023-08-01
13978,2023-07-27 10:31:00,19650.0,19815.0,945250,9176600,163.65,3.35,14550,447400,,-0.36604,,0.00067091,0.0,23.70146,2023-08-01
8721,2023-07-27 10:31:00,19700.0,19815.0,4174900,15739100,118.7,8.05,111550,535950,0.634599,-0.39832,0.00093922,0.0007039,16.920723,23.17191,2023-08-01
3461,2023-07-27 10:31:00,19750.0,19815.0,5218150,12382550,78.45,17.6,209700,614250,0.57732,-0.432975,0.00086082,0.00073145,19.21839,22.725607,2023-08-01
829,2023-07-27 10:31:00,19800.0,19815.0,20694600,16284400,47.15,36.2,723900,778250,0.532343,-0.470278,0.00082159,0.00072365,20.4552,23.235633,2023-08-01
6091,2023-07-27 10:31:00,19850.0,19815.0,23154650,6166200,25.45,64.75,753100,370850,0.4919,-0.505741,0.00079267,0.00069408,21.267,24.290454,2023-08-01
11349,2023-07-27 10:31:00,19900.0,19815.0,27968200,4910950,13.1,102.4,739150,178350,0.455642,-0.536393,0.00074487,0.00063978,22.496561,26.244947,2023-08-01
16606,2023-07-27 10:31:00,19950.0,19815.0,16235350,1174100,6.15,145.45,578350,20600,0.422379,-0.561428,0.00070669,0.00058248,23.40636,28.60341,2023-08-01
21860,2023-07-27 10:31:00,20000.0,19815.0,22208450,1750100,3.25,192.65,216900,42500,0.39648,-0.577831,0.00064528,0.00050926,25.245362,32.477377,2023-08-01
27112,2023-07-27 10:31:00,20050.0,19815.0,10529350,134950,1.9,241.1,95200,2800,0.376362,-0.589556,0.00058453,0.00044851,27.449266,36.642772,2023-08-01
24488,2023-07-27 10:32:00,19550.0,19809.3,216950,4841150,252.75,1.2,1000,330150,,-0.331278,,0.00054475,0.0,28.15118,2023-08-01
19235,2023-07-27 10:32:00,19600.0,19809.3,1290250,10525650,203.15,1.95,40450,342700,,-0.347329,,0.00060906,0.0,25.640249,2023-08-01
13979,2023-07-27 10:32:00,19650.0,19809.3,955750,9232150,155.5,4.0,45800,840950,,-0.371768,,0.00066338,0.0,24.101177,2023-08-01
8722,2023-07-27 10:32:00,19700.0,19809.3,4245300,15796900,110.7,9.6,350700,1379250,0.692681,-0.404658,0.00136497,0.00068768,10.886262,23.824053,2023-08-01
3462,2023-07-27 10:32:00,19750.0,19809.3,5250850,12526900,71.75,20.8,435450,1288050,0.578039,-0.439403,0.00093789,0.00070144,17.639105,23.768765,2023-08-01
830,2023-07-27 10:32:00,19800.0,19809.3,21005600,16425850,42.4,41.55,1855650,2013350,0.528403,-0.475276,0.00085647,0.00067998,19.643945,24.758005,2023-08-01
6092,2023-07-27 10:32:00,19850.0,19809.3,23422850,6280750,22.7,71.95,1797800,958000,0.486978,-0.507983,0.00080671,0.00063946,20.897497,26.37198,2023-08-01
11350,2023-07-27 10:32:00,19900.0,19809.3,28233750,4917850,11.6,111.15,1475150,508300,0.450871,-0.534574,0.00075066,0.00057432,22.299296,29.25898,2023-08-01
16607,2023-07-27 10:32:00,19950.0,19809.3,16349000,1175300,5.6,155.0,840450,69200,0.418838,-0.555,0.00070187,0.00051172,23.532762,32.648098,2023-08-01
21861,2023-07-27 10:32:00,20000.0,19809.3,22231950,1760800,3.05,202.35,578250,112750,0.394171,-0.568355,0.00063687,0.00044583,25.547295,37.276855,2023-08-01
27113,2023-07-27 10:32:00,20050.0,19809.3,10517950,132650,1.95,251.0,182700,8050,0.376532,-0.577454,0.00056966,0.00039097,28.179559,42.326289,2023-08-01
24489,2023-07-27 10:33:00,19550.0,19801.6,216950,4841150,246.75,1.25,3550,757650,,-0.333072,,0.00055538,0.0,27.684228,2023-08-01
19236,2023-07-27 10:33:00,19600.0,19801.6,1290250,10525650,196.85,2.1,81800,725850,,-0.350165,,0.00061993,0.0,25.277608,2023-08-01
13980,2023-07-27 10:33:00,19650.0,19801.6,955750,9232150,150.55,4.35,83850,1645000,,-0.375293,,0.00067546,0.0,23.752189,2023-08-01
8723,2023-07-27 10:33:00,19700.0,19801.6,4245300,15796900,106.75,10.55,605100,2607350,0.619145,-0.409123,0.0009283,0.00069731,17.361566,23.56954,2023-08-01
3463,2023-07-27 10:33:00,19750.0,19801.6,5250850,12526900,68.55,22.3,834050,3087100,0.565417,-0.443926,0.00086104,0.00071714,19.334175,23.298131,2023-08-01
831,2023-07-27 10:33:00,19800.0,19801.6,21005600,16425850,39.95,43.9,3655700,4192500,0.521267,-0.480301,0.00082025,0.00069945,20.543727,24.096478,2023-08-01
6093,2023-07-27 10:33:00,19850.0,19801.6,23422850,6280750,21.25,75.3,3766150,1879500,0.481699,-0.513741,0.00078093,0.00066054,21.585927,25.531892,2023-08-01
11351,2023-07-27 10:33:00,19900.0,19801.6,28233750,4917850,10.85,115.15,3558400,1308050,0.446806,-0.541182,0.00073028,0.00059754,22.901868,28.090021,2023-08-01
16608,2023-07-27 10:33:00,19950.0,19801.6,16349000,1175300,5.2,159.25,1915000,191100,0.415427,-0.563061,0.00068639,0.00053902,24.030452,30.914635,2023-08-01
21862,2023-07-27 10:33:00,20000.0,19801.6,22231950,1760800,2.9,208.0,1634950,203400,0.391933,-0.574063,0.00062199,0.00045632,26.12909,36.341465,2023-08-01
27114,2023-07-27 10:33:00,20050.0,19801.6,10517950,132650,1.85,257.05,554700,24600,0.374621,-0.582427,0.00055867,0.00039787,28.701168,41.504712,2023-08-01
24490,2023-07-27 10:34:00,19550.0,19804.05,216950,4841150,253.5,1.15,1300,145500,,-0.331162,,0.00055614,0.0,27.581742,2023-08-01
19237,2023-07-27 10:34:00,19600.0,19804.05,1290250,10525650,201.0,2.0,45400,486300,,-0.348905,,0.00061784,0.0,25.32805,2023-08-01
13981,2023-07-27 10:34:00,19650.0,19804.05,955750,9232150,153.0,4.05,33100,1106800,,-0.373174,,0.00067699,0.0,23.654641,2023-08-01
8724,2023-07-27 10:34:00,19700.0,19804.05,4245300,15796900,108.85,9.8,264750,1524750,0.622019,-0.406603,0.00093113,0.00070326,17.26757,23.33353,2023-08-01
3464,2023-07-27 10:34:00,19750.0,19804.05,5250850,12526900,70.0,21.2,487150,1630900,0.568054,-0.441832,0.00086786,0.00072175,19.159713,23.130369,2023-08-01
832,2023-07-27 10:34:00,19800.0,19804.05,21005600,16425850,41.1,42.35,2065550,2017800,0.523292,-0.478525,0.00082104,0.00070374,20.51682,23.942992,2023-08-01
6094,2023-07-27 10:34:00,19850.0,19804.05,23422850,6280750,21.95,73.4,1816600,822150,0.483582,-0.512257,0.00078182,0.00066415,21.56468,25.394985,2023-08-01
11352,2023-07-27 10:34:00,19900.0,19804.05,28233750,4917850,11.3,113.1,1710750,484400,0.448674,-0.539867,0.00072969,0.00059933,22.933185,28.0139,2023-08-01
16609,2023-07-27 10:34:00,19950.0,19804.05,16349000,1175300,5.45,157.0,1068950,95900,0.417287,-0.562035,0.00068568,0.00054126,24.078445,30.797687,2023-08-01
21863,2023-07-27 10:34:00,20000.0,19804.05,22231950,1760800,3.0,203.95,749050,95050,0.393327,-0.577963,0.00062322,0.00048118,26.101728,34.396036,2023-08-01
27115,2023-07-27 10:34:00,20050.0,19804.05,10517950,132650,1.9,252.55,535500,3750,0.375746,-0.588463,0.00056015,0.00042461,28.650723,38.758679,2023-08-01
24491,2023-07-27 10:35:00,19550.0,19805.4,216950,4886300,250.95,1.2,3000,261200,,-0.332287,,0.00054976,0.0,27.939447,2023-08-01
19238,2023-07-27 10:35:00,19600.0,19805.4,1293400,10478250,202.65,2.0,38750,561400,,-0.348988,,0.00061361,0.0,25.504889,2023-08-01
13982,2023-07-27 10:35:00,19650.0,19805.4,961800,9397050,154.8,4.0,28800,878950,,-0.372834,,0.00067331,0.0,23.776988,2023-08-01
8725,2023-07-27 10:35:00,19700.0,19805.4,4295750,15833600,110.0,9.55,170550,1039100,0.623655,-0.405708,0.00093301,0.00070237,17.20968,23.350115,2023-08-01
3465,2023-07-27 10:35:00,19750.0,19805.4,5329350,12611800,71.35,20.6,315800,1201750,0.568405,-0.440692,0.00085574,0.00072391,19.427945,23.051406,2023-08-01
833,2023-07-27 10:35:00,19800.0,19805.4,21579650,16390050,41.95,41.15,1342900,1609450,0.524321,-0.477455,0.00081648,0.00071127,20.628183,23.685812,2023-08-01
6095,2023-07-27 10:35:00,19850.0,19805.4,23587650,6204000,22.45,71.75,1318200,619700,0.484713,-0.511742,0.00077948,0.00067493,21.631728,24.990241,2023-08-01
11353,2023-07-27 10:35:00,19900.0,19805.4,28278450,4923050,11.5,110.8,1099150,342150,0.449635,-0.540657,0.00073014,0.00061758,22.926163,27.180726,2023-08-01
16610,2023-07-27 10:35:00,19950.0,19805.4,16181700,1173450,5.45,155.35,851650,46700,0.417731,-0.562307,0.00068937,0.00054838,23.954885,30.394782,2023-08-01
21864,2023-07-27 10:35:00,20000.0,19805.4,21913200,1756450,2.95,202.7,517500,63050,0.393306,-0.577341,0.00062782,0.00048144,25.909986,34.388214,2023-08-01
27116,2023-07-27 10:35:00,20050.0,19805.4,10547050,132650,1.9,251.3,332850,1150,0.376113,-0.587817,0.00056193,0.00042444,28.568805,38.788485,2023-08-01
24492,2023-07-27 10:36:00,19550.0,19803.1,219450,4886300,247.0,1.2,1600,230450,,-0.332703,,0.00055334,0.0,27.777424,2023-08-01
19239,2023-07-27 10:36:00,19600.0,19803.1,1293400,10478250,199.0,2.1,26850,624400,,-0.350654,,0.00061357,0.0,25.555843,2023-08-01
13983,2023-07-27 10:36:00,19650.0,19803.1,961800,9397050,151.3,4.4,24050,976950,,-0.37593,,0.00066572,0.0,24.115323,2023-08-01
8726,2023-07-27 10:36:00,19700.0,19803.1,4295750,15833600,107.25,10.45,192300,1326850,0.627092,-0.408908,0.00097776,0.00068991,16.377523,23.822343,2023-08-01
3466,2023-07-27 10:36:00,19750.0,19803.1,5329350,12611800,69.15,22.4,327750,1460300,0.56733,-0.443731,0.00086977,0.0007033,19.127126,23.757797,2023-08-01
834,2023-07-27 10:36:00,19800.0,19803.1,21579650,16390050,40.55,43.9,1497500,1917600,0.522484,-0.479445,0.00081961,0.00068495,20.558757,24.607156,2023-08-01
6096,2023-07-27 10:36:00,19850.0,19803.1,23587650,6204000,21.8,75.25,1370450,766300,0.483047,-0.512133,0.00077578,0.00064416,21.735259,26.187914,2023-08-01
11354,2023-07-27 10:36:00,19900.0,19803.1,28278450,4923050,11.1,114.15,1367100,414900,0.448141,-0.539848,0.00072769,0.00059276,22.996436,28.32987,2023-08-01
16611,2023-07-27 10:36:00,19950.0,19803.1,16181700,1173450,5.3,158.9,744200,126550,0.416684,-0.560014,0.0006851,0.00052382,24.095159,31.854025,2023-08-01
21865,2023-07-27 10:36:00,20000.0,19803.1,21913200,1756450,2.95,205.95,504000,74600,0.393148,-0.574878,0.00062094,0.00046374,26.198807,35.750589,2023-08-01
27117,2023-07-27 10:36:00,20050.0,19803.1,10547050,126200,1.85,254.8,403700,2750,0.375439,-0.584013,0.00055908,0.00040618,28.703399,40.625439,2023-08-01
24493,2023-07-27 10:37:00,19550.0,19804.0,219450,4886300,250.6,1.2,1450,110700,,-0.33287,,0.0005509,0.0,27.906454,2023-08-01
19240,2023-07-27 10:37:00,19600.0,19804.0,1293400,10478250,200.0,2.1,24850,347650,,-0.350779,,0.00061046,0.0,25.689554,2023-08-01
13984,2023-07-27 10:37:00,19650.0,19804.0,961800,9397050,152.55,4.25,20450,697350,,-0.375038,,0.00066699,0.0,24.052263,2023-08-01
8727,2023-07-27 10:37:00,19700.0,19804.0,4295750,15833600,108.3,10.1,157050,865100,0.625612,-0.407871,0.00095908,0.00069309,16.71785,23.698609,2023-08-01
3467,2023-07-27 10:37:00,19750.0,19804.0,5329350,12611800,69.9,21.65,247300,1110650,0.567827,-0.442621,0.00086532,0.0007104,19.221762,23.511472,2023-08-01
835,2023-07-27 10:37:00,19800.0,19804.0,21579650,16390050,40.95,42.85,1088550,1411700,0.523221,-0.478716,0.00081957,0.00069305,20.558227,24.317777,2023-08-01
6097,2023-07-27 10:37:00,19850.0,19804.0,23587650,6204000,21.85,73.85,1043400,509100,0.48361,-0.511953,0.0007797,0.00065488,21.627678,25.760344,2023-08-01
11355,2023-07-27 10:37:00,19900.0,19804.0,28278450,4923050,11.1,113.0,1041750,239100,0.448535,-0.539834,0.00073081,0.00059858,22.901806,28.055167,2023-08-01
16612,2023-07-27 10:37:00,19950.0,19804.0,16181700,1173450,5.35,157.15,775650,48200,0.417266,-0.561483,0.00068554,0.00053724,24.087953,31.041287,2023-08-01
21866,2023-07-27 10:37:00,20000.0,19804.0,21913200,1756450,2.9,205.0,489650,49050,0.393054,-0.57475,0.00062437,0.00046523,26.053855,35.639184,2023-08-01
27118,2023-07-27 10:37:00,20050.0,19804.0,10547050,126200,1.9,253.95,80450,2150,0.376392,-0.583615,0.0005576,0.00040612,28.802981,40.641262,2023-08-01
24494,2023-07-27 10:38:00,19550.0,19803.25,219150,4884000,250.4,1.25,1300,136850,,-0.334117,,0.00054856,0.0,28.069951,2023-08-01
19241,2023-07-27 10:38:00,19600.0,19803.25,1302800,10514700,201.4,2.1,28850,463400,,-0.351067,,0.00061147,0.0,25.657569,2023-08-01
13985,2023-07-27 10:38:00,19650.0,19803.25,971500,9503150,153.25,4.3,26750,851300,,-0.37564,,0.00066674,0.0,24.075708,2023-08-01
8728,2023-07-27 10:38:00,19700.0,19803.25,4368050,15942550,108.85,10.1,162700,1183950,0.615338,-0.40816,0.00088552,0.00069528,18.259034,23.630574,2023-08-01
3468,2023-07-27 10:38:00,19750.0,19803.25,5406150,12660550,70.35,21.65,266300,1180500,0.565233,-0.442957,0.00083697,0.00071363,19.896818,23.410425,2023-08-01
836,2023-07-27 10:38:00,19800.0,19803.25,21988650,16656700,41.3,42.7,1177250,1857250,0.522342,-0.479147,0.0008028,0.00069991,20.992522,24.08337,2023-08-01
6098,2023-07-27 10:38:00,19850.0,19803.25,23842950,6258000,22.2,73.5,1346950,727100,0.483507,-0.512873,0.00076592,0.00066624,22.018869,25.32182,2023-08-01
11356,2023-07-27 10:38:00,19900.0,19803.25,28306100,4905600,11.2,112.65,1328550,370050,0.448607,-0.541458,0.00072359,0.00061153,23.133023,27.452544,2023-08-01
16613,2023-07-27 10:38:00,19950.0,19803.25,16108800,1169100,5.35,156.85,944850,49250,0.417257,-0.563849,0.00068183,0.00055064,24.221256,30.260092,2023-08-01
21867,2023-07-27 10:38:00,20000.0,19803.25,21795950,1776600,2.9,204.3,596600,66100,0.393133,-0.578864,0.0006215,0.00048362,26.178565,34.217689,2023-08-01
27119,2023-07-27 10:38:00,20050.0,19803.25,10538500,125550,1.85,253.2,174200,1750,0.375893,-0.588442,0.00055773,0.00042316,28.787712,38.903767,2023-08-01
24495,2023-07-27 10:39:00,19550.0,19804.65,219150,4884000,252.4,1.25,1200,114200,,-0.334243,,0.00054521,0.0,28.246405,2023-08-01
19242,2023-07-27 10:39:00,19600.0,19804.65,1302800,10514700,203.15,2.0,36750,244650,,-0.349924,,0.00061205,0.0,25.602949,2023-08-01
13986,2023-07-27 10:39:00,19650.0,19804.65,971500,9503150,155.65,4.0,33100,780200,,-0.373666,,0.00067188,0.0,23.851706,2023-08-01
8729,2023-07-27 10:39:00,19700.0,19804.65,4368050,15942550,111.1,9.6,256750,1133600,0.610349,-0.406546,0.000836,0.00070012,19.412916,23.444264,2023-08-01
3469,2023-07-27 10:39:00,19750.0,19804.65,5406150,12660550,72.15,20.75,363750,1191050,0.564915,-0.441452,0.00081493,0.00072094,20.437586,23.160004,2023-08-01
837,2023-07-27 10:39:00,19800.0,19804.65,21988650,16656700,42.65,41.2,1288200,1758100,0.523233,-0.47799,0.00078874,0.00071176,21.363652,23.678413,2023-08-01
6099,2023-07-27 10:39:00,19850.0,19804.65,23842950,6258000,23.05,71.9,1177350,667550,0.484885,-0.512287,0.0007569,0.00067584,22.284162,24.963306,2023-08-01
11357,2023-07-27 10:39:00,19900.0,19804.65,28306100,4905600,11.75,110.5,1485300,318200,0.450296,-0.542031,0.0007159,0.00062777,23.394126,26.737985,2023-08-01
16614,2023-07-27 10:39:00,19950.0,19804.65,16108800,1169100,5.6,154.7,946750,40100,0.418851,-0.565252,0.0006776,0.0005659,24.39288,29.426913,2023-08-01
21868,2023-07-27 10:39:00,20000.0,19804.65,21795950,1776600,3.05,202.35,504200,72050,0.39477,-0.58027,0.00061803,0.00049406,26.355539,33.470131,2023-08-01
27120,2023-07-27 10:39:00,20050.0,19804.65,10538500,125550,1.95,251.05,348550,4700,0.377519,-0.590933,0.00055487,0.00043503,28.974698,37.787839,2023-08-01
24496,2023-07-27 10:40:00,19550.0,19804.85,219150,4884000,250.0,1.25,600,45000,,-0.334465,,0.0005441,0.0,28.313113,2023-08-01
19243,2023-07-27 10:40:00,19600.0,19804.85,1302800,10514700,201.45,2.1,35950,159300,,-0.351338,,0.00060579,0.0,25.906821,2023-08-01
13987,2023-07-27 10:40:00,19650.0,19804.85,971500,9503150,153.7,4.0,29250,695600,,-0.373822,,0.00067022,0.0,23.915444,2023-08-01
8730,2023-07-27 10:40:00,19700.0,19804.85,4368050,15942550,109.95,9.65,224600,957500,0.618641,-0.406786,0.00089907,0.00069694,17.938525,23.555946,2023-08-01
3470,2023-07-27 10:40:00,19750.0,19804.85,5406150,12660550,71.25,20.95,331350,957200,0.56685,-0.441711,0.00084051,0.00071489,19.800598,23.359725,2023-08-01
838,2023-07-27 10:40:00,19800.0,19804.85,21988650,16656700,41.95,41.75,1366800,1350000,0.523641,-0.478022,0.00080366,0.00070032,20.966971,24.066618,2023-08-01
6100,2023-07-27 10:40:00,19850.0,19804.85,23842950,6258000,22.6,72.4,1436150,489100,0.484725,-0.51177,0.00076607,0.00066511,22.018338,25.368365,2023-08-01
11358,2023-07-27 10:40:00,19900.0,19804.85,28306100,4905600,11.4,111.4,1190750,304300,0.449746,-0.540341,0.00072397,0.00061004,23.130641,27.529028,2023-08-01
16615,2023-07-27 10:40:00,19950.0,19804.85,16108800,1169100,5.45,155.85,745600,26500,0.418368,-0.561943,0.00068201,0.00054365,24.230568,30.67452,2023-08-01
21869,2023-07-27 10:40:00,20000.0,19804.85,21795950,1776600,3.0,202.95,584800,32200,0.394585,-0.577599,0.0006196,0.00048132,26.286973,34.404613,2023-08-01
27121,2023-07-27 10:40:00,20050.0,19804.85,10538500,125550,1.95,249.15,98850,1650,0.377759,-0.598298,0.00055442,0.0004635,29.005369,35.307524,2023-08-01
24497,2023-07-27 10:41:00,19550.0,19794.75,219150,4839250,239.3,1.4,4300,501650,,-0.33816,,0.00055389,0.0,27.948165,2023-08-01
19244,2023-07-27 10:41:00,19600.0,19794.75,1306300,10427700,190.4,2.45,94550,1262850,,-0.356458,,0.00061422,0.0,25.698202,2023-08-01
13988,2023-07-27 10:41:00,19650.0,19794.75,981800,9473300,143.55,5.15,91500,2296050,,-0.382314,,0.00066429,0.0,24.311,2023-08-01
8731,2023-07-27 10:41:00,19700.0,19794.75,4411850,15599550,100.7,12.25,456850,2900050,0.61103,-0.415899,0.00091861,0.00068143,17.669559,24.233154,2023-08-01
3471,2023-07-27 10:41:00,19750.0,19794.75,5502850,12484100,63.95,25.7,748450,3576450,0.558441,-0.450475,0.00084549,0.00068963,19.761601,24.301998,2023-08-01
839,2023-07-27 10:41:00,19800.0,19794.75,22370750,16506050,36.55,48.85,2684450,4617500,0.51555,-0.485249,0.00080982,0.00066875,20.840308,25.238353,2023-08-01
6101,2023-07-27 10:41:00,19850.0,19794.75,23983050,6185700,19.75,81.8,2449450,1912400,0.477371,-0.51658,0.00075703,0.00062413,22.274769,27.037979,2023-08-01
11359,2023-07-27 10:41:00,19900.0,19794.75,28392550,4831850,10.2,122.25,2312500,894150,0.444061,-0.542027,0.00070577,0.00056449,23.695276,29.754084,2023-08-01
16616,2023-07-27 10:41:00,19950.0,19794.75,16131800,1140450,4.95,167.25,1560950,234900,0.414035,-0.560963,0.00066316,0.00050117,24.875058,33.306506,2023-08-01
21870,2023-07-27 10:41:00,20000.0,19794.75,21713750,1757550,2.9,214.6,797700,153650,0.392486,-0.574489,0.0005978,0.00044317,27.22086,37.444866,2023-08-01
27122,2023-07-27 10:41:00,20050.0,19794.75,10532850,117050,1.9,264.4,639750,17150,0.376285,-0.580484,0.00053738,0.00038047,29.906322,43.485981,2023-08-01
24498,2023-07-27 10:42:00,19550.0,19799.75,220350,4839250,248.1,1.3,6350,300800,,-0.336254,,0.00054922,0.0,28.118939,2023-08-01
19245,2023-07-27 10:42:00,19600.0,19799.75,1306300,10427700,198.25,2.0,63500,1535700,,-0.351057,,0.00062184,0.0,25.240487,2023-08-01
13989,2023-07-27 10:42:00,19650.0,19799.75,981800,9473300,151.0,4.1,67900,1655100,0.702536,-0.37555,0.00107531,0.00068193,13.6339,23.54812,2023-08-01
8732,2023-07-27 10:42:00,19700.0,19799.75,4411850,15599550,106.95,10.1,360050,2504000,0.605073,-0.40943,0.00082902,0.00070653,19.658837,23.282263,2023-08-01
3472,2023-07-27 10:42:00,19750.0,19799.75,5502850,12484100,68.9,21.85,581400,2845950,0.560276,-0.444728,0.0008064,0.00072634,20.701365,23.025639,2023-08-01
840,2023-07-27 10:42:00,19800.0,19799.75,22370750,16506050,40.25,43.5,2421350,3202800,0.519286,-0.481505,0.00078296,0.0007102,21.542405,23.751772,2023-08-01
6102,2023-07-27 10:42:00,19850.0,19799.75,23983050,6185700,21.6,74.95,2258150,1110300,0.481442,-0.515574,0.00074985,0.00067508,22.49579,24.995159,2023-08-01
11360,2023-07-27 10:42:00,19900.0,19799.75,28392550,4831850,11.0,114.45,2352400,617550,0.44749,-0.544635,0.00070754,0.0006223,23.659797,26.966006,2023-08-01
16617,2023-07-27 10:42:00,19950.0,19799.75,16131800,1140450,5.35,158.95,1377350,102450,0.417141,-0.567503,0.00066563,0.00056185,24.820329,29.624231,2023-08-01
21871,2023-07-27 10:42:00,20000.0,19799.75,21713750,1757550,3.05,206.5,926700,105850,0.394623,-0.583068,0.000603,0.00049536,27.021517,33.348083,2023-08-01
27123,2023-07-27 10:42:00,20050.0,19799.75,10532850,117050,2.05,255.1,639200,7500,0.378838,-0.59447,0.00053892,0.00043981,29.87756,37.313564,2023-08-01
24499,2023-07-27 10:43:00,19550.0,19797.55,220350,4839250,248.0,1.35,1950,277350,,-0.337548,,0.00054977,0.0,28.137383,2023-08-01
19246,2023-07-27 10:43:00,19600.0,19797.55,1306300,10427700,197.4,2.3,35900,765600,,-0.354993,,0.00061203,0.0,25.75226,2023-08-01
13990,2023-07-27 10:43:00,19650.0,19797.55,981800,9473300,149.45,4.8,36050,1369150,0.665776,-0.380326,0.00091472,0.00066398,16.846222,24.28367,2023-08-01
8733,2023-07-27 10:43:00,19700.0,19797.55,4411850,15599550,105.95,11.25,252900,2486450,0.599242,-0.413103,0.00079606,0.00068855,20.556776,23.945252,2023-08-01
3473,2023-07-27 10:43:00,19750.0,19797.55,5502850,12484100,68.4,23.55,794750,2301300,0.556979,-0.447468,0.00078202,0.00070754,21.376878,23.66378,2023-08-01
841,2023-07-27 10:43:00,19800.0,19797.55,22370750,16506050,39.75,44.9,2038350,2082350,0.517442,-0.483116,0.00077027,0.00070443,21.905966,23.954816,2023-08-01
6103,2023-07-27 10:43:00,19850.0,19797.55,23983050,6185700,21.45,77.0,1847900,665650,0.480293,-0.516617,0.00073767,0.00066476,22.868104,25.385025,2023-08-01
11361,2023-07-27 10:43:00,19900.0,19797.55,28392550,4831850,10.9,115.95,1742600,464950,0.44671,-0.546292,0.00069896,0.00062512,23.948102,26.836357,2023-08-01
16618,2023-07-27 10:43:00,19950.0,19797.55,16131800,1140450,5.3,160.85,1022800,53300,0.416616,-0.568599,0.0006589,0.00056068,25.070995,29.677328,2023-08-01
21872,2023-07-27 10:43:00,20000.0,19797.55,21713750,1757550,3.0,208.5,897450,71550,0.394098,-0.583938,0.0005987,0.00049407,27.210579,33.425014,2023-08-01
27124,2023-07-27 10:43:00,20050.0,19797.55,10532850,117050,2.05,255.3,491900,3600,0.378826,-0.60509,0.00053419,0.00047521,30.147564,34.301134,2023-08-01
24500,2023-07-27 10:44:00,19550.0,19801.65,220350,4851600,246.0,1.35,200,127050,,-0.337455,,0.00054131,0.0,28.570539,2023-08-01
19247,2023-07-27 10:44:00,19600.0,19801.65,1334350,10570700,200.75,2.2,19050,454800,,-0.353678,,0.00060548,0.0,25.993245,2023-08-01
13991,2023-07-27 10:44:00,19650.0,19801.65,981050,9805000,153.35,4.35,20100,804100,0.672478,-0.377255,0.00092491,0.00066437,16.524119,24.205649,2023-08-01
8734,2023-07-27 10:44:00,19700.0,19801.65,4456450,16622600,109.25,10.25,188250,1432050,0.603255,-0.409702,0.00080036,0.00069224,20.388778,23.76749,2023-08-01
3474,2023-07-27 10:44:00,19750.0,19801.65,5791400,12627250,70.75,21.75,306650,1217550,0.560844,-0.444086,0.00079112,0.00071435,21.097327,23.407418,2023-08-01
842,2023-07-27 10:44:00,19800.0,19801.65,22954600,16546000,41.4,42.8,1180750,1358050,0.520686,-0.480232,0.00077646,0.00070393,21.719871,23.960569,2023-08-01
6104,2023-07-27 10:44:00,19850.0,19801.65,23608250,6091100,22.4,73.55,1221900,403000,0.483095,-0.5143,0.00074367,0.00067523,22.687546,24.993561,2023-08-01
11362,2023-07-27 10:44:00,19900.0,19801.65,28479500,4821850,11.3,112.6,1093100,241900,0.448928,-0.543832,0.0007067,0.00062657,23.699846,26.789181,2023-08-01
16619,2023-07-27 10:44:00,19950.0,19801.65,16029800,1141400,5.5,157.2,753800,31000,0.418532,-0.566496,0.00066512,0.00056245,24.858646,29.606694,2023-08-01
21873,2023-07-27 10:44:00,20000.0,19801.65,21789750,1760950,3.1,204.2,425150,38900,0.395681,-0.583974,0.00060384,0.00050455,27.004983,32.725576,2023-08-01
27125,2023-07-27 10:44:00,20050.0,19801.65,10167550,117050,2.1,254.3,483950,600,0.380053,-0.589465,0.0005386,0.00042431,29.925971,38.794443,2023-08-01
24501,2023-07-27 10:45:00,19550.0,19800.45,222050,4851600,247.55,1.4,400,59250,,-0.338634,,0.00054003,0.0,28.680438,2023-08-01
19248,2023-07-27 10:45:00,19600.0,19800.45,1334350,10570700,198.6,2.3,23700,488550,,-0.355123,,0.00060298,0.0,26.142075,2023-08-01
13992,2023-07-27 10:45:00,19650.0,19800.45,981050,9805000,151.05,4.65,67250,891100,,-0.379405,,0.00065718,0.0,24.516582,2023-08-01
8735,2023-07-27 10:45:00,19700.0,19800.45,4456450,16622600,106.9,11.0,184550,933650,0.608479,-0.412082,0.00085187,0.00067928,19.088704,24.257589,2023-08-01
3475,2023-07-27 10:45:00,19750.0,19800.45,5791400,12627250,69.25,23.0,377700,1004150,0.560786,-0.445981,0.00080545,0.00069787,20.725058,23.979272,2023-08-01
843,2023-07-27 10:45:00,19800.0,19800.45,22954600,16546000,40.6,44.5,1145100,1429350,0.51978,-0.481271,0.00077892,0.00068566,21.656409,24.605381,2023-08-01
6105,2023-07-27 10:45:00,19850.0,19800.45,23608250,6091100,21.9,76.0,995500,480800,0.482166,-0.514043,0.00074454,0.00064879,22.661611,26.015994,2023-08-01
11363,2023-07-27 10:45:00,19900.0,19800.45,28479500,4821850,11.05,115.0,1011850,264350,0.448131,-0.542295,0.00070597,0.00060184,23.721169,27.905341,2023-08-01
16620,2023-07-27 10:45:00,19950.0,19800.45,16029800,1141400,5.35,158.95,571450,43050,0.417753,-0.565213,0.00066474,0.00054911,24.865765,30.345972,2023-08-01
21874,2023-07-27 10:45:00,20000.0,19800.45,21789750,1760950,3.0,206.7,528850,58850,0.394901,-0.579485,0.00060383,0.00047977,26.994074,34.502216,2023-08-01
27126,2023-07-27 10:45:00,20050.0,19800.45,10167550,117200,2.05,254.55,249350,4500,0.379571,-0.593244,0.00053774,0.00043643,29.965984,37.636998,2023-08-01
24502,2023-07-27 10:46:00,19550.0,19801.95,222050,4851600,251.55,1.35,1000,41450,,-0.337904,,0.00053924,0.0,28.698443,2023-08-01
19249,2023-07-27 10:46:00,19600.0,19801.95,1334350,10570700,201.2,2.2,15450,426400,,-0.354078,,0.00060297,0.0,26.114711,2023-08-01
13993,2023-07-27 10:46:00,19650.0,19801.95,981050,9805000,153.0,4.45,44400,693000,,-0.378189,,0.00065792,0.0,24.46474,2023-08-01
8736,2023-07-27 10:46:00,19700.0,19801.95,4456450,16622600,108.4,10.4,157000,1075550,0.608571,-0.41031,0.0008415,0.00068526,19.32263,24.020994,2023-08-01
3476,2023-07-27 10:46:00,19750.0,19801.95,5791400,12627250,70.1,21.9,301850,835300,0.562241,-0.444305,0.0008088,0.00070753,20.627345,23.637844,2023-08-01
844,2023-07-27 10:46:00,19800.0,19801.95,22954600,16546000,41.1,42.75,1121200,1059250,0.521,-0.480071,0.0007826,0.00070006,21.551091,24.095381,2023-08-01
6106,2023-07-27 10:46:00,19850.0,19801.95,23608250,6091100,22.15,73.7,889550,458250,0.483155,-0.513805,0.000748,0.0006676,22.559165,25.28342,2023-08-01
11364,2023-07-27 10:46:00,19900.0,19801.95,28479500,4821850,11.15,112.5,898000,219350,0.448914,-0.543261,0.00070923,0.00062235,23.617962,26.978181,2023-08-01
16621,2023-07-27 10:46:00,19950.0,19801.95,16029800,1141400,5.35,156.6,540750,37550,0.418219,-0.566975,0.00066869,0.00056689,24.724623,29.372315,2023-08-01
21875,2023-07-27 10:46:00,20000.0,19801.95,21789750,1760950,2.95,204.5,432150,37650,0.394904,-0.581467,0.00060856,0.00049307,26.784304,33.536352,2023-08-01
27127,2023-07-27 10:46:00,20050.0,19801.95,10167550,117200,1.95,251.8,251900,1000,0.378766,-0.59888,0.00054404,0.00046027,29.599547,35.561519,2023-08-01
24503,2023-07-27 10:47:00,19550.0,19804.0,221700,4845900,253.4,1.35,3850,73350,,-0.337979,,0.00053473,0.0,28.941595,2023-08-01
19250,2023-07-27 10:47:00,19600.0,19804.0,1338800,10599800,203.5,2.15,58500,463850,,-0.353521,,0.00059941,0.0,26.254399,2023-08-01
13994,2023-07-27 10:47:00,19650.0,19804.0,979500,9811200,156.4,4.2,41800,718300,0.653288,-0.376537,0.00081717,0.00065881,19.122307,24.397475,2023-08-01
8737,2023-07-27 10:47:00,19700.0,19804.0,4466600,16791050,111.85,9.7,276150,1254050,0.602116,-0.408048,0.00077501,0.00069178,21.073614,23.762076,2023-08-01
3477,2023-07-27 10:47:00,19750.0,19804.0,5715450,12620500,72.95,20.75,398500,1231500,0.561605,-0.442304,0.00077425,0.0007155,21.55236,23.356846,2023-08-01
845,2023-07-27 10:47:00,19800.0,19804.0,22975550,16687950,43.0,40.9,1145000,1500550,0.522327,-0.478457,0.00076477,0.0007125,22.048833,23.668834,2023-08-01
6107,2023-07-27 10:47:00,19850.0,19804.0,23528650,6096250,23.2,71.05,948450,531350,0.484986,-0.513161,0.00073947,0.00068744,22.822712,24.554269,2023-08-01
11365,2023-07-27 10:47:00,19900.0,19804.0,28495550,4825800,11.7,109.6,878400,247650,0.450794,-0.543896,0.00070457,0.00064403,23.787494,26.064556,2023-08-01
16622,2023-07-27 10:47:00,19950.0,19804.0,16045250,1139150,5.55,153.4,491950,50350,0.419711,-0.569687,0.00066824,0.00059404,24.75967,27.99529,2023-08-01
21876,2023-07-27 10:47:00,20000.0,19804.0,21782150,1766500,3.0,201.1,420250,37800,0.395807,-0.586154,0.00061072,0.00052145,26.705237,31.629891,2023-08-01
27128,2023-07-27 10:47:00,20050.0,19804.0,10066200,117200,1.9,250.45,118950,8050,0.378595,-0.595014,0.0005493,0.00044938,29.311166,36.511437,2023-08-01
24504,2023-07-27 10:48:00,19550.0,19801.5,221700,4845900,251.1,1.35,300,143200,,-0.338416,,0.00053854,0.0,28.756883,2023-08-01
19251,2023-07-27 10:48:00,19600.0,19801.5,1338800,10599800,201.75,2.2,18200,447400,,-0.354556,,0.00060232,0.0,26.159887,2023-08-01
13995,2023-07-27 10:48:00,19650.0,19801.5,979500,9811200,153.0,4.45,25300,615350,0.679638,-0.378613,0.00096017,0.00065739,15.777491,24.496704,2023-08-01
8738,2023-07-27 10:48:00,19700.0,19801.5,4466600,16791050,109.0,10.4,222750,1059250,0.602987,-0.410667,0.00079929,0.00068502,20.425548,24.038357,2023-08-01
3478,2023-07-27 10:48:00,19750.0,19801.5,5715450,12620500,70.65,22.0,430250,942650,0.560353,-0.444727,0.00078555,0.00070604,21.256923,23.695049,2023-08-01
846,2023-07-27 10:48:00,19800.0,19801.5,22975550,16687950,41.35,43.0,1069500,1125700,0.520484,-0.480421,0.00077058,0.00069732,21.892181,24.195064,2023-08-01
6108,2023-07-27 10:48:00,19850.0,19801.5,23528650,6096250,22.2,74.0,903400,408500,0.483057,-0.514021,0.00074152,0.00066534,22.759539,25.372754,2023-08-01
11366,2023-07-27 10:48:00,19900.0,19801.5,28495550,4825800,11.3,113.25,749950,189350,0.4493,-0.54276,0.00070128,0.00061377,23.892447,27.363282,2023-08-01
16623,2023-07-27 10:48:00,19950.0,19801.5,16045250,1139150,5.4,157.35,450700,42200,0.418669,-0.566025,0.00066341,0.00055861,24.931156,29.823977,2023-08-01
21877,2023-07-27 10:48:00,20000.0,19801.5,21782150,1766500,3.0,204.85,607100,30550,0.395637,-0.581577,0.00060355,0.00049247,27.024563,33.580744,2023-08-01
27129,2023-07-27 10:48:00,20050.0,19801.5,10066200,120550,2.0,252.85,908250,1550,0.37976,-0.595571,0.00053933,0.00044699,29.886459,36.701096,2023-08-01
24505,2023-07-27 10:49:00,19550.0,19800.7,221700,4845900,248.9,1.3,1750,48100,,-0.337847,,0.00054207,0.0,28.553941,2023-08-01
19252,2023-07-27 10:49:00,19600.0,19800.7,1338800,10599800,200.2,2.2,21350,301200,,-0.354852,,0.00060341,0.0,26.123177,2023-08-01
13996,2023-07-27 10:49:00,19650.0,19800.7,979500,9811200,151.9,4.4,19100,673500,0.703643,-0.378602,0.00107405,0.00066075,13.632299,24.374451,2023-08-01
8739,2023-07-27 10:49:00,19700.0,19800.7,4466600,16791050,107.9,10.45,208900,982450,0.604033,-0.411103,0.00081362,0.00068624,20.053696,24.00413,2023-08-01
3479,2023-07-27 10:49:00,19750.0,19800.7,5715450,12620500,70.0,22.3,351500,1334800,0.559761,-0.44542,0.00078636,0.00070417,21.24194,23.766198,2023-08-01
847,2023-07-27 10:49:00,19800.0,19800.7,22975550,16687950,40.7,43.35,1095600,1336500,0.519907,-0.480986,0.000774,0.0006969,21.799448,24.213572,2023-08-01
6109,2023-07-27 10:49:00,19850.0,19800.7,23528650,6096250,21.95,74.45,902150,467850,0.482518,-0.514558,0.00074003,0.00066543,22.806595,25.370743,2023-08-01
11367,2023-07-27 10:49:00,19900.0,19800.7,28495550,4825800,11.05,113.9,795250,297600,0.448632,-0.543123,0.00070234,0.00061232,23.853806,27.428597,2023-08-01
16624,2023-07-27 10:49:00,19950.0,19800.7,16045250,1139150,5.3,157.95,443850,39000,0.418201,-0.566572,0.00066282,0.0005592,24.950177,29.788917,2023-08-01
21878,2023-07-27 10:49:00,20000.0,19800.7,21782150,1766500,3.05,205.85,256950,40250,0.396119,-0.580841,0.0005987,0.00048691,27.255412,33.981041,2023-08-01
27130,2023-07-27 10:49:00,20050.0,19800.7,10066200,120550,1.95,253.75,137300,1950,0.379302,-0.595008,0.00053926,0.00044345,29.882562,37.01031,2023-08-01
24506,2023-07-27 10:50:00,19550.0,19806.95,221700,4884950,255.9,1.3,900,72100,,-0.337596,,0.00052993,0.0,29.192674,2023-08-01
19253,2023-07-27 10:50:00,19600.0,19806.95,1323500,10691600,206.3,2.05,34550,382800,,-0.352717,,0.0005944,0.0,26.455206,2023-08-01
13997,2023-07-27 10:50:00,19650.0,19806.95,971600,9750150,157.5,4.1,39000,798100,,-0.376055,,0.00064975,0.0,24.728935,2023-08-01
8740,2023-07-27 10:50:00,19700.0,19806.95,4440400,16960850,113.7,9.5,225050,1525150,0.607194,-0.407266,0.00079559,0.00068068,20.45784,24.139417,2023-08-01
3480,2023-07-27 10:50:00,19750.0,19806.95,5669250,12468000,74.0,20.3,576750,1652550,0.565363,-0.440993,0.00079442,0.00070329,20.974165,23.751842,2023-08-01
848,2023-07-27 10:50:00,19800.0,19806.95,23105650,16663900,43.7,40.2,1620950,1637000,0.524807,-0.476616,0.00077681,0.00069735,21.70013,24.177849,2023-08-01
6110,2023-07-27 10:50:00,19850.0,19806.95,23569850,5970100,23.55,70.15,1105400,682000,0.48688,-0.510487,0.00074831,0.000668,22.558185,25.275139,2023-08-01
11368,2023-07-27 10:50:00,19900.0,19806.95,28504950,4830350,11.9,108.5,989150,304850,0.452437,-0.539985,0.00071006,0.00062073,23.616982,27.07217,2023-08-01
16625,2023-07-27 10:50:00,19950.0,19806.95,16203400,1135350,5.6,152.6,552750,58550,0.421022,-0.562974,0.00067354,0.00055911,24.582812,29.83089,2023-08-01
21879,2023-07-27 10:50:00,20000.0,19806.95,21550800,1759100,3.05,199.65,449150,45350,0.397226,-0.579666,0.00061328,0.0004969,26.620882,33.309862,2023-08-01
27131,2023-07-27 10:50:00,20050.0,19806.95,9914100,120550,2.0,246.9,106350,4400,0.380789,-0.59715,0.00054773,0.00046302,29.44827,35.390138,2023-08-01
24507,2023-07-27 10:51:00,19550.0,19809.65,223000,4884950,255.15,1.25,750,77000,,-0.336733,,0.00052722,0.0,29.31154,2023-08-01
19254,2023-07-27 10:51:00,19600.0,19809.65,1323500,10691600,205.35,2.0,29850,554300,,-0.352076,,0.00058955,0.0,26.65383,2023-08-01
13998,2023-07-27 10:51:00,19650.0,19809.65,971600,9750150,157.7,3.95,41750,859750,,-0.374901,,0.00064552,0.0,24.865366,2023-08-01
8741,2023-07-27 10:51:00,19700.0,19809.65,4440400,16960850,113.3,9.15,281350,1023350,0.629617,-0.405817,0.00094449,0.00067677,16.928633,24.255762,2023-08-01
3481,2023-07-27 10:51:00,19750.0,19809.65,5669250,12468000,73.85,20.0,508400,1219950,0.571651,-0.439815,0.00084944,0.00069261,19.560203,24.10573,2023-08-01
849,2023-07-27 10:51:00,19800.0,19809.65,23105650,16663900,43.45,39.65,1718600,1521150,0.52763,-0.474974,0.00081006,0.0006849,20.798225,24.609786,2023-08-01
6111,2023-07-27 10:51:00,19850.0,19809.65,23569850,5970100,23.35,69.85,1455700,548950,0.488272,-0.507994,0.00076992,0.0006459,21.925825,26.141648,2023-08-01
11369,2023-07-27 10:51:00,19900.0,19809.65,28504950,4830350,11.65,108.3,1105150,307050,0.45294,-0.535861,0.00072784,0.00059163,23.041847,28.430301,2023-08-01
16626,2023-07-27 10:51:00,19950.0,19809.65,16203400,1135350,5.5,151.8,666250,49950,0.42132,-0.558122,0.00068524,0.00053524,24.1652,31.217495,2023-08-01
21880,2023-07-27 10:51:00,20000.0,19809.65,21550800,1759100,3.0,199.6,424850,47300,0.397428,-0.571364,0.0006213,0.00046176,26.278785,35.987537,2023-08-01
27132,2023-07-27 10:51:00,20050.0,19809.65,9914100,120100,1.9,245.65,235900,4850,0.380104,-0.590039,0.00055665,0.00044042,28.958577,37.365102,2023-08-01
24508,2023-07-27 10:52:00,19550.0,19811.15,223000,4884950,256.0,1.3,150,73200,,-0.337753,,0.00052106,0.0,29.692356,2023-08-01
19255,2023-07-27 10:52:00,19600.0,19811.15,1323500,10691600,207.0,2.0,19900,353300,,-0.352155,,0.00058518,0.0,26.854485,2023-08-01
13999,2023-07-27 10:52:00,19650.0,19811.15,971600,9750150,158.45,3.9,18450,541100,,-0.374561,,0.00064163,0.0,25.008623,2023-08-01
8742,2023-07-27 10:52:00,19700.0,19811.15,4440400,16960850,114.05,9.05,147600,811400,0.63893,-0.405358,0.0009989,0.00067197,15.870999,24.42198,2023-08-01
3482,2023-07-27 10:52:00,19750.0,19811.15,5669250,12468000,74.75,19.5,318350,719350,0.573339,-0.43877,0.00085431,0.00069239,19.433174,24.103394,2023-08-01
850,2023-07-27 10:52:00,19800.0,19811.15,23105650,16663900,44.05,38.85,960550,883650,0.528923,-0.473936,0.00081321,0.00068531,20.712749,24.590717,2023-08-01
6112,2023-07-27 10:52:00,19850.0,19811.15,23569850,5970100,23.8,68.3,906200,314900,0.489419,-0.507259,0.00077015,0.00065363,21.920738,25.833433,2023-08-01
11370,2023-07-27 10:52:00,19900.0,19811.15,28504950,4830350,12.0,106.5,749500,155050,0.454221,-0.535697,0.00072561,0.00060045,23.121269,28.013292,2023-08-01
16627,2023-07-27 10:52:00,19950.0,19811.15,16203400,1135350,5.65,150.15,399950,31150,0.422463,-0.558015,0.00068468,0.00054042,24.198664,30.919363,2023-08-01
21881,2023-07-27 10:52:00,20000.0,19811.15,21550800,1759100,3.1,197.85,441600,27050,0.39864,-0.571664,0.00062019,0.00046694,26.347023,35.58313,2023-08-01
27133,2023-07-27 10:52:00,20050.0,19811.15,9914100,120100,1.95,246.55,188650,1800,0.381102,-0.581285,0.00055634,0.00040879,28.9974,40.452031,2023-08-01
24509,2023-07-27 10:53:00,19550.0,19813.3,223000,4872100,255.0,1.3,350,41250,,-0.33783,,0.00051664,0.0,29.948078,2023-08-01
19256,2023-07-27 10:53:00,19600.0,19813.3,1323500,10844600,206.15,2.0,13100,198100,,-0.352175,,0.0005794,0.0,27.122161,2023-08-01
14000,2023-07-27 10:53:00,19650.0,19813.3,961700,9462700,158.1,3.95,23650,494350,,-0.374809,,0.00063231,0.0,25.381406,2023-08-01
8743,2023-07-27 10:53:00,19700.0,19813.3,4459550,17062600,113.6,9.15,215050,707600,,-0.405387,,0.00065997,0.0,24.865227,2023-08-01
3483,2023-07-27 10:53:00,19750.0,19813.3,5608950,12402600,74.1,19.8,239600,608700,0.581266,-0.438579,0.00093003,0.00067459,17.780007,24.736626,2023-08-01
851,2023-07-27 10:53:00,19800.0,19813.3,23189000,16469000,43.7,39.45,829950,802750,0.53154,-0.473024,0.00084648,0.00066055,19.887931,25.507193,2023-08-01
6113,2023-07-27 10:53:00,19850.0,19813.3,23796800,5930000,23.5,69.1,920800,253750,0.490542,-0.50499,0.0007914,0.00062294,21.332731,27.107102,2023-08-01
11371,2023-07-27 10:53:00,19900.0,19813.3,28671550,4824000,11.85,107.4,693850,148200,0.454774,-0.531578,0.00073894,0.00056551,22.706712,29.768666,2023-08-01
16628,2023-07-27 10:53:00,19950.0,19813.3,16416800,1133450,5.55,151.05,328450,31550,0.422662,-0.551857,0.00069475,0.00050374,23.849106,33.240534,2023-08-01
21882,2023-07-27 10:53:00,20000.0,19813.3,21635600,1740750,3.0,198.15,372450,28300,0.398377,-0.565453,0.00062901,0.0004402,25.971771,37.845455,2023-08-01
27134,2023-07-27 10:53:00,20050.0,19813.3,10006150,120100,1.95,248.65,116400,3600,0.381565,-0.570197,0.00055969,0.00036879,28.833594,45.080851,2023-08-01
24510,2023-07-27 10:54:00,19550.0,19801.0,222850,4872100,243.7,1.35,2350,228650,,-0.339894,,0.00053482,0.0,29.017943,2023-08-01
19257,2023-07-27 10:54:00,19600.0,19801.0,1329500,10844600,195.1,2.2,62650,783550,,-0.355913,,0.00059817,0.0,26.388111,2023-08-01
14001,2023-07-27 10:54:00,19650.0,19801.0,961700,9462700,147.65,4.7,84350,1463050,,-0.38123,,0.00064464,0.0,25.044385,2023-08-01
8744,2023-07-27 10:54:00,19700.0,19801.0,4459550,17062600,104.15,10.95,535150,2203700,0.633631,-0.412989,0.00104639,0.00066822,15.235171,24.686007,2023-08-01
3484,2023-07-27 10:54:00,19750.0,19801.0,5608950,12402600,66.5,23.35,861600,2691300,0.56582,-0.446804,0.00087595,0.00067851,19.029088,24.684592,2023-08-01
852,2023-07-27 10:54:00,19800.0,19801.0,23189000,16469000,38.4,45.2,3021850,3250600,0.520693,-0.481164,0.00081742,0.00066118,20.646043,25.530548,2023-08-01
6114,2023-07-27 10:54:00,19850.0,19801.0,23796800,5930000,20.4,77.4,3064500,1101550,0.4817,-0.512316,0.00076728,0.00061485,22.001459,27.472096,2023-08-01
11372,2023-07-27 10:54:00,19900.0,19801.0,28671550,4824000,10.15,117.35,2500900,716250,0.447272,-0.537543,0.00071971,0.00055451,23.275106,30.340898,2023-08-01
16629,2023-07-27 10:54:00,19950.0,19801.0,16416800,1133450,4.9,161.7,1322300,123400,0.417141,-0.556944,0.00067144,0.00049559,24.623706,33.750961,2023-08-01
21883,2023-07-27 10:54:00,20000.0,19801.0,21635600,1740750,2.75,209.85,982400,144050,0.394662,-0.568241,0.00060665,0.00042686,26.879612,39.008485,2023-08-01
27135,2023-07-27 10:54:00,20050.0,19801.0,10006150,120100,1.8,259.7,315550,7550,0.378594,-0.573996,0.00054252,0.00036552,29.695764,45.435239,2023-08-01
24511,2023-07-27 10:55:00,19550.0,19811.3,222850,4872100,254.2,1.3,1650,305750,,-0.33847,,0.00051854,0.0,29.866991,2023-08-01
19258,2023-07-27 10:55:00,19600.0,19811.3,1329500,10844600,205.35,1.95,33650,499250,,-0.352201,,0.00058462,0.0,26.886686,2023-08-01
14002,2023-07-27 10:55:00,19650.0,19811.3,961700,9462700,157.0,3.85,39550,1202600,,-0.374776,,0.00063996,0.0,25.08353,2023-08-01
8745,2023-07-27 10:55:00,19700.0,19811.3,4459550,17062600,112.15,9.0,310600,1666200,,-0.4056,,0.00066928,0.0,24.528435,2023-08-01
3485,2023-07-27 10:55:00,19750.0,19811.3,5608950,12402600,72.85,19.4,606900,1880250,0.578227,-0.438849,0.00091596,0.00068992,18.085635,24.195035,2023-08-01
853,2023-07-27 10:55:00,19800.0,19811.3,23189000,16469000,42.55,39.15,2069150,2149750,0.529787,-0.474029,0.00084453,0.00067621,19.945197,24.926618,2023-08-01
6115,2023-07-27 10:55:00,19850.0,19811.3,23796800,5930000,22.85,69.0,1472850,735350,0.489065,-0.506727,0.00078733,0.00063899,21.446095,26.431019,2023-08-01
11373,2023-07-27 10:55:00,19900.0,19811.3,28671550,4824000,11.35,106.95,1457050,512000,0.453304,-0.534699,0.00073855,0.00058938,22.714351,28.551362,2023-08-01
16630,2023-07-27 10:55:00,19950.0,19811.3,16416800,1133450,5.3,151.0,1061000,83200,0.421402,-0.555658,0.00069335,0.00052383,23.887888,31.932024,2023-08-01
21884,2023-07-27 10:55:00,20000.0,19811.3,21635600,1740750,2.9,198.35,595000,88750,0.397648,-0.569568,0.0006258,0.00045657,26.098521,36.432835,2023-08-01
27136,2023-07-27 10:55:00,20050.0,19811.3,10006150,120100,1.8,248.95,158650,10000,0.379929,-0.573919,0.00056124,0.00038027,28.722972,43.654698,2023-08-01
24512,2023-07-27 10:56:00,19550.0,19811.5,222850,4926650,255.7,1.25,550,40400,,-0.337813,,0.00052021,0.0,29.750539,2023-08-01
19259,2023-07-27 10:56:00,19600.0,19811.5,1319100,10844000,206.7,1.95,32500,494600,,-0.352407,,0.00058328,0.0,26.955803,2023-08-01
14003,2023-07-27 10:56:00,19650.0,19811.5,968350,9608400,158.05,3.9,49250,951300,,-0.375279,,0.00063655,0.0,25.229854,2023-08-01
8746,2023-07-27 10:56:00,19700.0,19811.5,4393450,17221950,113.25,9.0,263500,1140800,0.662946,-0.405703,0.0011579,0.00066738,13.354337,24.601351,2023-08-01
3486,2023-07-27 10:56:00,19750.0,19811.5,5539700,12469350,73.45,19.55,409100,1342200,0.577054,-0.439071,0.00089848,0.00068497,18.449341,24.373352,2023-08-01
854,2023-07-27 10:56:00,19800.0,19811.5,23334350,16368800,43.1,39.1,1569950,1672600,0.52967,-0.473933,0.00083278,0.00067442,20.228329,24.993973,2023-08-01
6116,2023-07-27 10:56:00,19850.0,19811.5,23371450,5899350,23.05,69.05,1090400,495350,0.489333,-0.506495,0.00078311,0.00063547,21.563399,26.579183,2023-08-01
11374,2023-07-27 10:56:00,19900.0,19811.5,28669900,4644900,11.35,107.15,1135350,546350,0.453473,-0.534098,0.00073829,0.00058351,22.724859,28.843832,2023-08-01
16631,2023-07-27 10:56:00,19950.0,19811.5,16347350,1121550,5.3,151.8,663800,84800,0.421602,-0.553668,0.00069292,0.00051015,23.906516,32.812789,2023-08-01
21885,2023-07-27 10:56:00,20000.0,19811.5,21454400,1714950,2.85,198.65,410250,46150,0.397462,-0.568196,0.00062745,0.00045003,26.028098,36.986767,2023-08-01
27137,2023-07-27 10:56:00,20050.0,19811.5,9926800,120100,1.8,245.4,242400,3500,0.380179,-0.583142,0.00056075,0.00041665,28.755684,39.660249,2023-08-01
24513,2023-07-27 10:57:00,19550.0,19804.4,222550,4926650,248.45,1.25,600,116550,,-0.338605,,0.00053195,0.0,29.132589,2023-08-01
19260,2023-07-27 10:57:00,19600.0,19804.4,1319100,10844000,200.4,2.05,30850,446200,,-0.35452,,0.00059427,0.0,26.525035,2023-08-01
14004,2023-07-27 10:57:00,19650.0,19804.4,968350,9608400,153.0,4.15,39850,1100100,,-0.378026,,0.00064906,0.0,24.810359,2023-08-01
8747,2023-07-27 10:57:00,19700.0,19804.4,4393450,17221950,107.9,9.9,263650,1316850,0.629064,-0.409889,0.00098233,0.0006742,16.295249,24.423841,2023-08-01
3487,2023-07-27 10:57:00,19750.0,19804.4,5539700,12469350,69.6,21.4,454650,1550700,0.567227,-0.443735,0.00085212,0.0006896,19.550202,24.262278,2023-08-01
855,2023-07-27 10:57:00,19800.0,19804.4,23334350,16368800,40.15,42.3,1563150,1822450,0.523395,-0.478717,0.00081271,0.00067574,20.758375,24.973584,2023-08-01
6117,2023-07-27 10:57:00,19850.0,19804.4,23371450,5899350,21.3,73.25,1174300,636950,0.484301,-0.511121,0.00076745,0.00063857,22.003464,26.454678,2023-08-01
11375,2023-07-27 10:57:00,19900.0,19804.4,28669900,4644900,10.55,112.35,1575750,379650,0.449563,-0.538368,0.00072191,0.00058458,23.222186,28.775018,2023-08-01
16632,2023-07-27 10:57:00,19950.0,19804.4,16347350,1121550,4.85,157.2,965750,87400,0.418083,-0.558106,0.00068155,0.00051528,24.27146,32.448255,2023-08-01
21886,2023-07-27 10:57:00,20000.0,19804.4,21454400,1714950,2.65,204.8,628800,46650,0.394877,-0.571336,0.00061653,0.00044927,26.453625,37.012409,2023-08-01
27138,2023-07-27 10:57:00,20050.0,19804.4,9926800,119900,1.7,252.95,305550,1600,0.378322,-0.582231,0.00055118,0.00040143,29.223485,41.200712,2023-08-01
24514,2023-07-27 10:58:00,19550.0,19802.1,222550,4926650,245.0,1.25,850,44000,,-0.33903,,0.00053534,0.0,28.967099,2023-08-01
19261,2023-07-27 10:58:00,19600.0,19802.1,1319100,10844000,196.15,2.1,29250,473700,,-0.355553,,0.00059655,0.0,26.45612,2023-08-01
14005,2023-07-27 10:58:00,19650.0,19802.1,968350,9608400,148.95,4.4,29950,1051150,,-0.380064,,0.00064687,0.0,24.940279,2023-08-01
8748,2023-07-27 10:58:00,19700.0,19802.1,4393450,17221950,105.2,10.55,198100,967850,0.633388,-0.412253,0.00103477,0.00066797,15.412992,24.690104,2023-08-01
3488,2023-07-27 10:58:00,19750.0,19802.1,5539700,12469350,67.2,22.75,334950,1156400,0.566558,-0.44609,0.00087231,0.00067789,19.106669,24.70637,2023-08-01
856,2023-07-27 10:58:00,19800.0,19802.1,23334350,16368800,38.8,44.25,1296050,1511950,0.521551,-0.480428,0.00081494,0.00066245,20.710745,25.484621,2023-08-01
6118,2023-07-27 10:58:00,19850.0,19802.1,23371450,5899350,20.55,76.35,1233900,499050,0.48258,-0.511658,0.00076614,0.00061515,22.041233,27.465522,2023-08-01
11376,2023-07-27 10:58:00,19900.0,19802.1,28669900,4644900,10.25,115.8,1260500,284350,0.448282,-0.537456,0.00071731,0.0005601,23.365608,30.044801,2023-08-01
16633,2023-07-27 10:58:00,19950.0,19802.1,16347350,1121550,4.85,161.1,1067050,74050,0.41777,-0.555351,0.00067238,0.0004886,24.602901,34.260369,2023-08-01
21887,2023-07-27 10:58:00,20000.0,19802.1,21454400,1714950,2.65,208.6,505400,61650,0.39475,-0.567873,0.0006097,0.00042739,26.752671,38.974811,2023-08-01
27139,2023-07-27 10:58:00,20050.0,19802.1,9926800,119900,1.7,257.6,219900,5000,0.378312,-0.575683,0.00054599,0.00037333,29.506155,44.458289,2023-08-01
24515,2023-07-27 10:59:00,19550.0,19795.3,222550,4907350,239.9,1.3,2550,243750,,-0.340702,,0.00054433,0.0,28.55423,2023-08-01
19262,2023-07-27 10:59:00,19600.0,19795.3,1318600,10829700,192.9,2.2,54000,912550,,-0.357586,,0.00060787,0.0,26.026199,2023-08-01
14006,2023-07-27 10:59:00,19650.0,19795.3,977600,9794600,145.35,4.5,70750,1441700,,-0.381785,,0.00066523,0.0,24.295112,2023-08-01
8749,2023-07-27 10:59:00,19700.0,19795.3,4383300,17084100,102.25,10.85,481200,2075050,0.602408,-0.414623,0.00084052,0.00068974,19.451452,23.952297,2023-08-01
3489,2023-07-27 10:59:00,19750.0,19795.3,5613500,12328000,64.5,23.25,753650,2444900,0.557061,-0.449107,0.00081466,0.00070766,20.543919,23.700321,2023-08-01
857,2023-07-27 10:59:00,19800.0,19795.3,23437350,16175200,36.8,45.5,2781700,3145750,0.515778,-0.484783,0.00078478,0.00069446,21.530275,24.331759,2023-08-01
6119,2023-07-27 10:59:00,19850.0,19795.3,23319300,5751400,19.35,78.05,2610300,1013700,0.478266,-0.517668,0.00074532,0.00065443,22.654241,25.813443,2023-08-01
11377,2023-07-27 10:59:00,19900.0,19795.3,28653700,4592000,9.6,118.35,2541000,658050,0.444828,-0.545148,0.00070158,0.00059877,23.871282,28.059527,2023-08-01
16634,2023-07-27 10:59:00,19950.0,19795.3,16189450,1097800,4.55,163.6,1718400,146050,0.415041,-0.565622,0.00065887,0.00053282,25.0803,31.306027,2023-08-01
21888,2023-07-27 10:59:00,20000.0,19795.3,21248600,1701450,2.6,211.2,839400,118900,0.39356,-0.580176,0.0005943,0.00047085,27.434396,35.185069,2023-08-01
27140,2023-07-27 10:59:00,20050.0,19795.3,9901600,119900,1.7,261.0,295850,9800,0.377853,-0.58628,0.00053282,0.00040227,30.236702,41.04885,2023-08-01
24516,2023-07-27 11:00:00,19550.0,19792.15,221700,4907350,238.5,1.3,1250,162850,,-0.341199,,0.00054959,0.0,28.303178,2023-08-01
19263,2023-07-27 11:00:00,19600.0,19792.15,1318600,10829700,188.5,2.3,45550,733450,,-0.359217,,0.00061035,0.0,25.967265,2023-08-01
14007,2023-07-27 11:00:00,19650.0,19792.15,977600,9794600,140.9,4.95,61200,1096150,,-0.384952,,0.00065997,0.0,24.554645,2023-08-01
8750,2023-07-27 11:00:00,19700.0,19792.15,4383300,17084100,97.8,11.85,298350,1511300,0.608728,-0.417884,0.0009215,0.00068048,17.668281,24.326778,2023-08-01
3490,2023-07-27 11:00:00,19750.0,19792.15,5613500,12328000,61.25,25.4,465400,1770250,0.55593,-0.452406,0.00084142,0.0006881,19.903252,24.404774,2023-08-01
858,2023-07-27 11:00:00,19800.0,19792.15,23437350,16175200,34.5,48.75,1878750,2312900,0.513364,-0.487019,0.00080005,0.00066866,21.128548,25.281397,2023-08-01
6120,2023-07-27 11:00:00,19850.0,19792.15,23319300,5751400,18.0,82.45,1652500,671550,0.475554,-0.518009,0.00075292,0.00061965,22.421795,27.267433,2023-08-01
11378,2023-07-27 11:00:00,19900.0,19792.15,28653700,4592000,8.9,123.05,2012050,456500,0.442264,-0.54347,0.00070468,0.00056385,23.749871,29.818417,2023-08-01
16635,2023-07-27 11:00:00,19950.0,19792.15,16189450,1097800,4.35,168.45,1301100,99750,0.413527,-0.562003,0.00065462,0.00049918,25.227601,33.472775,2023-08-01
21889,2023-07-27 11:00:00,20000.0,19792.15,21248600,1701450,2.55,216.45,702900,63950,0.392888,-0.574011,0.00058808,0.00043542,27.717577,38.17385,2023-08-01
27141,2023-07-27 11:00:00,20050.0,19792.15,9901600,117750,1.7,263.7,326500,4050,0.377777,-0.58805,0.00052648,0.00040385,30.605949,40.856314,2023-08-01
24517,2023-07-27 11:01:00,19550.0,19790.55,221700,4907350,240.75,1.25,1800,285050,,-0.340682,,0.00055493,0.0,28.018953,2023-08-01
19264,2023-07-27 11:01:00,19600.0,19790.55,1318600,10829700,191.4,2.1,74600,713800,,-0.357372,,0.00062337,0.0,25.383205,2023-08-01
14008,2023-07-27 11:01:00,19650.0,19790.55,977600,9794600,143.7,4.45,76600,1417950,0.636667,-0.382531,0.00079537,0.00068177,20.007657,23.728189,2023-08-01
8751,2023-07-27 11:01:00,19700.0,19790.55,4383300,17084100,100.1,10.8,358900,2105500,0.590751,-0.41582,0.00077259,0.00071097,21.326284,23.261222,2023-08-01
3491,2023-07-27 11:01:00,19750.0,19790.55,5613500,12328000,62.8,23.5,750600,2330050,0.551128,-0.451302,0.00077744,0.0007312,21.579688,22.9621,2023-08-01
859,2023-07-27 11:01:00,19800.0,19790.55,23437350,16175200,35.25,46.25,2165350,2793100,0.512008,-0.488065,0.00076815,0.000721,22.011694,23.451454,2023-08-01
6121,2023-07-27 11:01:00,19850.0,19790.55,23319300,5751400,18.3,79.2,1902200,837900,0.475201,-0.522448,0.00073528,0.00068755,22.961842,24.564336,2023-08-01
11379,2023-07-27 11:01:00,19900.0,19790.55,28653700,4592000,9.1,120.1,2398500,544450,0.442465,-0.551634,0.00069135,0.00063363,24.213199,26.472984,2023-08-01
16636,2023-07-27 11:01:00,19950.0,19790.55,16189450,1097800,4.4,164.75,1481350,93800,0.413677,-0.577481,0.00064672,0.00059091,25.541919,28.085325,2023-08-01
21890,2023-07-27 11:01:00,20000.0,19790.55,21248600,1701450,2.5,213.65,683400,85350,0.392422,-0.589707,0.00058556,0.00050379,27.831557,32.725159,2023-08-01
27142,2023-07-27 11:01:00,20050.0,19790.55,9901600,117750,1.65,262.5,679000,8700,0.377176,-0.601297,0.0005253,0.00044877,30.663819,36.472038,2023-08-01
24518,2023-07-27 11:02:00,19550.0,19787.0,221700,4908650,238.0,1.25,2900,182650,0.767482,-0.341214,0.00085879,0.00056122,15.08745,27.728166,2023-08-01
19265,2023-07-27 11:02:00,19600.0,19787.0,1335450,10820800,189.15,2.2,61650,936800,0.656508,-0.359097,0.00069513,0.00062702,22.443094,25.283739,2023-08-01
14009,2023-07-27 11:02:00,19650.0,19787.0,982850,9910750,141.15,4.6,43450,1135450,0.625966,-0.384112,0.00075035,0.00068844,21.415931,23.533124,2023-08-01
8752,2023-07-27 11:02:00,19700.0,19787.0,4491900,17269500,97.7,11.35,414150,1639900,0.586248,-0.418144,0.00075697,0.00071407,21.828138,23.194878,2023-08-01
3492,2023-07-27 11:02:00,19750.0,19787.0,5717850,12586550,60.85,24.5,767950,2005950,0.547879,-0.453745,0.00076839,0.00073512,21.86141,22.8619,2023-08-01
860,2023-07-27 11:02:00,19800.0,19787.0,23992700,15761850,34.05,47.95,2356550,2675850,0.509295,-0.490633,0.00075862,0.00072362,22.297774,23.376156,2023-08-01
6122,2023-07-27 11:02:00,19850.0,19787.0,23186450,5647550,17.7,81.85,1904750,840600,0.473094,-0.52469,0.00072547,0.00068369,23.269854,24.700892,2023-08-01
11380,2023-07-27 11:02:00,19900.0,19787.0,28320650,4489200,8.8,123.1,2323000,515150,0.440833,-0.553599,0.00068304,0.00063059,24.498973,26.589913,2023-08-01
16637,2023-07-27 11:02:00,19950.0,19787.0,15664700,1075500,4.4,168.1,1288650,76350,0.413204,-0.578755,0.00063477,0.00058533,26.022247,28.341986,2023-08-01
21891,2023-07-27 11:02:00,20000.0,19787.0,21181350,1670200,2.55,216.3,1457500,85350,0.392642,-0.594672,0.00057452,0.00051762,28.377815,31.763661,2023-08-01
27143,2023-07-27 11:02:00,20050.0,19787.0,9783150,117750,1.6,266.4,869500,2450,0.376375,-0.599389,0.0005209,0.00043605,30.910263,37.592498,2023-08-01
24519,2023-07-27 11:03:00,19550.0,19785.0,222900,4908650,235.75,1.3,650,49700,,-0.342515,,0.00056136,0.0,27.765849,2023-08-01
19266,2023-07-27 11:03:00,19600.0,19785.0,1335450,10820800,186.55,2.25,49350,294850,0.672865,-0.360077,0.00077082,0.00062909,19.859861,25.228663,2023-08-01
14010,2023-07-27 11:03:00,19650.0,19785.0,982850,9910750,139.55,4.75,33550,871500,0.6223,-0.385445,0.00073802,0.00068953,21.844103,23.524009,2023-08-01
8753,2023-07-27 11:03:00,19700.0,19785.0,4491900,17269500,95.7,11.6,249800,1272550,0.585642,-0.419345,0.0007667,0.00071698,21.561807,23.1191,2023-08-01
3493,2023-07-27 11:03:00,19750.0,19785.0,5717850,12586550,59.25,25.0,593300,1464000,0.546573,-0.455086,0.00077378,0.00073833,21.72137,22.775107,2023-08-01
861,2023-07-27 11:03:00,19800.0,19785.0,23992700,15761850,33.15,48.9,1684850,1835800,0.507781,-0.492088,0.00075739,0.00072506,22.339463,23.335436,2023-08-01
6123,2023-07-27 11:03:00,19850.0,19785.0,23186450,5647550,17.1,83.15,1400300,476450,0.471653,-0.526125,0.00072515,0.0006848,23.278146,24.659434,2023-08-01
11381,2023-07-27 11:03:00,19900.0,19785.0,28320650,4489200,8.6,124.5,1869700,293950,0.439887,-0.555323,0.00067884,0.00063462,24.645702,26.409602,2023-08-01
16638,2023-07-27 11:03:00,19950.0,19785.0,15664700,1075500,4.25,170.1,972600,49450,0.41219,-0.578951,0.00063282,0.00057913,26.091755,28.647287,2023-08-01
21892,2023-07-27 11:03:00,20000.0,19785.0,21181350,1670200,2.6,218.25,790700,47750,0.393059,-0.595031,0.00056718,0.00051433,28.758651,31.965099,2023-08-01
27144,2023-07-27 11:03:00,20050.0,19785.0,9783150,115200,1.65,267.1,392550,2400,0.377128,-0.607936,0.00051432,0.0004626,31.330149,35.23529,2023-08-01
24520,2023-07-27 11:04:00,19550.0,19779.2,222900,4908650,231.4,1.25,4000,77500,0.658387,-0.342342,0.0005784,0.00057582,26.930462,27.07335,2023-08-01
19267,2023-07-27 11:04:00,19600.0,19779.2,1335450,10820800,183.35,2.2,41600,505350,0.630658,-0.360353,0.0006049,0.00064725,26.471738,24.536253,2023-08-01
14011,2023-07-27 11:04:00,19650.0,19779.2,982850,9910750,135.6,4.9,69350,1104850,0.610025,-0.387334,0.00068833,0.0007058,23.652979,23.022605,2023-08-01
8754,2023-07-27 11:04:00,19700.0,19779.2,4491900,17269500,92.6,11.85,373850,1784750,0.577263,-0.421479,0.000727,0.00074045,22.848178,22.41897,2023-08-01
3494,2023-07-27 11:04:00,19750.0,19779.2,5717850,12586550,56.45,25.75,757950,2280400,0.541285,-0.458303,0.0007556,0.00076568,22.284781,21.989014,2023-08-01
862,2023-07-27 11:04:00,19800.0,19779.2,23992700,15761850,31.15,50.45,2299800,2882750,0.503494,-0.496598,0.00074646,0.000756,22.678214,22.392315,2023-08-01
6124,2023-07-27 11:04:00,19850.0,19779.2,23186450,5647550,15.95,85.1,2525800,873700,0.467997,-0.532848,0.0007157,0.00072964,23.577616,23.123139,2023-08-01
11382,2023-07-27 11:04:00,19900.0,19779.2,28320650,4489200,8.05,126.9,2626550,413350,0.43697,-0.566002,0.00066907,0.00069509,24.986101,24.021076,2023-08-01
16639,2023-07-27 11:04:00,19950.0,19779.2,15664700,1075500,4.1,173.1,1766350,91350,0.410507,-0.594596,0.0006201,0.00064979,26.610899,25.317115,2023-08-01
21893,2023-07-27 11:04:00,20000.0,19779.2,21181350,1670200,2.55,221.25,1171600,82850,0.392105,-0.620653,0.000556,0.00061046,29.327416,26.453474,2023-08-01
27145,2023-07-27 11:04:00,20050.0,19779.2,9783150,115200,1.75,271.5,644550,5200,0.378183,-0.622284,0.00049966,0.00050123,32.289044,32.175847,2023-08-01
24521,2023-07-27 11:05:00,19550.0,19785.7,225750,4908650,240.7,1.25,4050,116550,0.630624,-0.342064,0.00046235,0.00056131,34.625805,27.757217,2023-08-01
19268,2023-07-27 11:05:00,19600.0,19785.7,1354650,10820800,190.6,2.15,67100,651500,0.625844,-0.359337,0.00056207,0.00063017,28.600681,25.170077,2023-08-01
14012,2023-07-27 11:05:00,19650.0,19785.7,994300,9910750,143.3,4.35,72300,1247500,0.605506,-0.383367,0.0006285,0.00069929,25.981243,23.160885,2023-08-01
8755,2023-07-27 11:05:00,19700.0,19785.7,4557700,17269500,99.4,10.6,456100,2466650,0.578088,-0.41694,0.00068604,0.00073573,24.195941,22.503567,2023-08-01
3495,2023-07-27 11:05:00,19750.0,19785.7,6071150,12586550,62.0,22.85,873950,2583200,0.544811,-0.452866,0.00072509,0.00077411,23.193941,21.710599,2023-08-01
863,2023-07-27 11:05:00,19800.0,19785.7,24837850,15761850,34.65,45.55,2734550,2771050,0.508389,-0.491753,0.00073247,0.00077854,23.101067,21.734287,2023-08-01
6125,2023-07-27 11:05:00,19850.0,19785.7,22918500,5647550,17.75,78.7,2492850,714200,0.47281,-0.529954,0.00071311,0.00076461,23.678479,22.072518,2023-08-01
11383,2023-07-27 11:05:00,19900.0,19785.7,28242850,4489200,8.9,119.9,2879050,475950,0.44114,-0.565896,0.00067166,0.00073757,24.923686,22.632764,2023-08-01
16640,2023-07-27 11:05:00,19950.0,19785.7,15134550,1075500,4.35,165.9,1509200,69650,0.413228,-0.598838,0.00062931,0.00070281,26.255287,23.33864,2023-08-01
21894,2023-07-27 11:05:00,20000.0,19785.7,20884750,1670200,2.5,213.65,1281200,80300,0.392653,-0.649142,0.00057087,0.00075224,28.567293,20.907772,2023-08-01
27146,2023-07-27 11:05:00,20050.0,19785.7,9560400,115200,1.7,263.3,496950,3800,0.378355,-0.714759,0.00051146,0.0008036,31.540651,17.930177,2023-08-01
24522,2023-07-27 11:06:00,19550.0,19787.1,225750,4893200,238.45,1.25,1350,50600,0.684236,-0.342201,0.00064484,0.00055761,23.395125,27.945703,2023-08-01
19269,2023-07-27 11:06:00,19600.0,19787.1,1354650,10851150,188.85,2.1,57000,459150,0.664928,-0.358846,0.00073021,0.00062785,21.167777,25.250842,2023-08-01
14013,2023-07-27 11:06:00,19650.0,19787.1,994300,10025400,141.6,4.55,60100,982800,0.622289,-0.384542,0.00072751,0.00068534,22.161929,23.653748,2023-08-01
8756,2023-07-27 11:06:00,19700.0,19787.1,4557700,17231150,97.75,11.1,381500,1337150,0.585832,-0.418014,0.00075224,0.00071468,21.976197,23.179379,2023-08-01
3496,2023-07-27 11:06:00,19750.0,19787.1,6071150,12874050,60.8,23.95,647100,1340750,0.547787,-0.453446,0.0007651,0.00073989,21.961986,22.718717,2023-08-01
864,2023-07-27 11:06:00,19800.0,19787.1,24837850,15112300,34.0,47.25,2099900,1391500,0.50937,-0.490582,0.00075483,0.00072991,22.415678,23.1807,2023-08-01
6126,2023-07-27 11:06:00,19850.0,19787.1,22918500,5385400,17.55,80.95,1641700,427500,0.473244,-0.525189,0.00072386,0.00069421,23.328515,24.331026,2023-08-01
11384,2023-07-27 11:06:00,19900.0,19787.1,28242850,4395500,8.7,122.0,1700300,250700,0.441097,-0.555373,0.00068113,0.0006478,24.576413,25.874041,2023-08-01
16641,2023-07-27 11:06:00,19950.0,19787.1,15134550,1055450,4.35,167.95,1023650,44100,0.413654,-0.578343,0.00063237,0.00058313,26.134351,28.462134,2023-08-01
21895,2023-07-27 11:06:00,20000.0,19787.1,20884750,1639500,2.55,215.4,787300,55000,0.393506,-0.598953,0.0005709,0.00053708,28.582757,30.537808,2023-08-01
27147,2023-07-27 11:06:00,20050.0,19787.1,9560400,113600,1.75,265.0,183650,7400,0.379386,-0.607172,0.00051062,0.00046359,31.618888,35.182572,2023-08-01
24523,2023-07-27 11:07:00,19550.0,19790.05,225750,4893200,241.0,1.25,6000,97200,,-0.342216,,0.00055086,0.0,28.285878,2023-08-01
19270,2023-07-27 11:07:00,19600.0,19790.05,1354650,10851150,192.4,2.05,20050,296650,0.651446,-0.358191,0.00066313,0.00062139,23.658515,25.495057,2023-08-01
14014,2023-07-27 11:07:00,19650.0,19790.05,994300,10025400,144.25,4.35,38100,613300,0.624793,-0.383119,0.00072828,0.00068054,22.090957,23.79241,2023-08-01
8757,2023-07-27 11:07:00,19700.0,19790.05,4557700,17231150,100.55,10.55,239150,841900,0.586782,-0.41607,0.00073927,0.00071223,22.348145,23.233059,2023-08-01
3497,2023-07-27 11:07:00,19750.0,19790.05,6071150,12874050,62.6,22.85,355700,1035600,0.550126,-0.451254,0.00076607,0.00073953,21.916404,22.712569,2023-08-01
865,2023-07-27 11:07:00,19800.0,19790.05,24837850,15112300,35.2,45.35,1353950,1073000,0.511596,-0.488427,0.00075615,0.00073395,22.371297,23.048055,2023-08-01
6127,2023-07-27 11:07:00,19850.0,19790.05,22918500,5385400,18.05,78.25,1112150,278550,0.475109,-0.523652,0.00072944,0.0007045,23.154986,23.979234,2023-08-01
11385,2023-07-27 11:07:00,19900.0,19790.05,28242850,4395500,8.9,119.1,1191250,290500,0.442549,-0.554373,0.00068697,0.00065696,24.378656,25.52011,2023-08-01
16642,2023-07-27 11:07:00,19950.0,19790.05,15134550,1055450,4.3,164.3,711200,44250,0.414086,-0.58067,0.00064194,0.00060896,25.748795,27.220341,2023-08-01
21896,2023-07-27 11:07:00,20000.0,19790.05,20884750,1639500,2.6,212.45,684900,39600,0.394549,-0.598408,0.00057441,0.00054229,28.426809,30.25282,2023-08-01
27148,2023-07-27 11:07:00,20050.0,19790.05,9560400,113600,1.7,262.55,167250,8600,0.379245,-0.603102,0.00051697,0.00045433,31.224357,35.997949,2023-08-01
24524,2023-07-27 11:08:00,19550.0,19793.05,225750,4893200,243.15,1.2,4150,136900,,-0.341316,,0.00054725,0.0,28.441899,2023-08-01
19271,2023-07-27 11:08:00,19600.0,19793.05,1348700,10851150,193.25,1.9,41350,484550,,-0.356296,,0.00062031,0.0,25.489875,2023-08-01
14015,2023-07-27 11:08:00,19650.0,19793.05,995150,10025400,145.8,4.05,38300,598100,0.640277,-0.381016,0.00080302,0.00067973,19.756223,23.779415,2023-08-01
8758,2023-07-27 11:08:00,19700.0,19793.05,4731750,17228200,101.25,10.1,350350,1225200,0.594989,-0.41434,0.00079254,0.00070757,20.743242,23.362065,2023-08-01
3498,2023-07-27 11:08:00,19750.0,19793.05,6111500,12670950,63.2,21.95,464250,1215450,0.554116,-0.449225,0.00079583,0.00073549,21.06723,22.820801,2023-08-01
866,2023-07-27 11:08:00,19800.0,19793.05,25060750,15112300,35.4,44.2,1425400,1162800,0.513963,-0.486262,0.0007784,0.00072466,21.725765,23.33761,2023-08-01
6128,2023-07-27 11:08:00,19850.0,19793.05,23241650,5385400,18.2,77.0,1085200,384100,0.476662,-0.52073,0.00074327,0.00068741,22.727747,24.58348,2023-08-01
11386,2023-07-27 11:08:00,19900.0,19793.05,28592400,4395500,8.95,117.75,1208250,181550,0.443632,-0.549925,0.00069724,0.00063252,24.02684,26.543213,2023-08-01
16643,2023-07-27 11:08:00,19950.0,19793.05,15419750,1055450,4.4,163.15,777800,38200,0.415363,-0.572728,0.0006467,0.00057022,25.575383,29.181367,2023-08-01
21897,2023-07-27 11:08:00,20000.0,19793.05,21034750,1625050,2.7,211.5,803050,40150,0.396032,-0.586599,0.00057611,0.00049547,28.369209,33.345429,2023-08-01
27149,2023-07-27 11:08:00,20050.0,19793.05,9491100,113600,1.8,260.6,342700,3350,0.381071,-0.59635,0.00051654,0.00043519,31.29296,37.743983,2023-08-01
24525,2023-07-27 11:09:00,19550.0,19787.9,224300,4881850,240.1,1.25,3600,66350,0.657486,-0.34289,0.00055472,0.00055342,28.105546,28.183045,2023-08-01
19272,2023-07-27 11:09:00,19600.0,19787.9,1348700,10885250,189.5,2.1,33800,306650,0.668684,-0.359444,0.00074272,0.00062265,20.72207,25.480608,2023-08-01
14016,2023-07-27 11:09:00,19650.0,19787.9,995150,10053000,141.7,4.5,33850,869900,0.62749,-0.384692,0.00075508,0.00068072,21.263267,23.820565,2023-08-01
8759,2023-07-27 11:09:00,19700.0,19787.9,4731750,17228200,98.0,10.95,331500,1077300,0.587198,-0.417842,0.00075935,0.0007106,21.757111,23.314333,2023-08-01
3499,2023-07-27 11:09:00,19750.0,19787.9,6111500,12670950,60.55,23.8,439300,1211500,0.549009,-0.45318,0.00077722,0.00073325,21.614685,22.926236,2023-08-01
867,2023-07-27 11:09:00,19800.0,19787.9,25060750,14975350,33.7,46.95,1504300,1287850,0.509961,-0.489994,0.00076338,0.00072356,22.167345,23.387088,2023-08-01
6129,2023-07-27 11:09:00,19850.0,19787.9,23241650,5318700,17.35,80.55,1378900,414100,0.473571,-0.52428,0.00072869,0.00068741,23.178816,24.579237,2023-08-01
11387,2023-07-27 11:09:00,19900.0,19787.9,28592400,4394050,8.6,121.6,1205600,266700,0.441422,-0.553908,0.0006833,0.00063887,24.505483,26.253522,2023-08-01
16644,2023-07-27 11:09:00,19950.0,19787.9,15419750,1041050,4.3,167.6,649100,55400,0.414055,-0.575995,0.00063314,0.00057161,26.11255,29.074651,2023-08-01
21898,2023-07-27 11:09:00,20000.0,19787.9,21034750,1625050,2.65,215.4,461100,41000,0.395149,-0.593346,0.00056571,0.00051382,28.882824,32.038357,2023-08-01
27150,2023-07-27 11:09:00,20050.0,19787.9,9491100,114500,1.85,265.2,228450,4100,0.381448,-0.599741,0.00050497,0.00043875,32.03037,37.368933,2023-08-01
24526,2023-07-27 11:10:00,19550.0,19787.2,224300,4881850,238.8,1.25,350,48600,0.671708,-0.343198,0.00060429,0.00055396,25.378203,28.168177,2023-08-01
19273,2023-07-27 11:10:00,19600.0,19787.2,1348700,10885250,189.05,2.05,23700,285050,0.660689,-0.359162,0.00071218,0.00062615,21.815463,25.333807,2023-08-01
14017,2023-07-27 11:10:00,19650.0,19787.2,995150,10053000,141.65,4.45,29150,694800,0.621771,-0.384686,0.0007239,0.00068402,22.287829,23.70827,2023-08-01
8760,2023-07-27 11:10:00,19700.0,19787.2,4731750,17228200,98.5,11.05,304200,988300,0.583475,-0.418381,0.0007286,0.00071042,22.724402,23.329318,2023-08-01
3500,2023-07-27 11:10:00,19750.0,19787.2,6111500,12670950,61.1,23.75,469550,1049550,0.547334,-0.453479,0.00075445,0.00073782,22.280723,22.788524,2023-08-01
868,2023-07-27 11:10:00,19800.0,19787.2,25060750,14975350,34.0,46.75,1384700,1164350,0.509446,-0.490522,0.00075001,0.00073271,22.565343,23.098233,2023-08-01
6130,2023-07-27 11:10:00,19850.0,19787.2,23241650,5318700,17.5,80.3,892200,376300,0.473507,-0.525454,0.0007201,0.00070039,23.457343,24.12173,2023-08-01
11388,2023-07-27 11:10:00,19900.0,19787.2,28592400,4394050,8.6,121.4,1019900,193300,0.441366,-0.556088,0.00067918,0.0006551,24.656119,25.585965,2023-08-01
16645,2023-07-27 11:10:00,19950.0,19787.2,15419750,1041050,4.3,167.4,631350,32950,0.41411,-0.579604,0.00062993,0.00059122,26.249305,28.06203,2023-08-01
21899,2023-07-27 11:10:00,20000.0,19787.2,21034750,1625050,2.65,214.95,301100,56850,0.395275,-0.600743,0.00056322,0.00054535,29.015797,30.047364,2023-08-01
27151,2023-07-27 11:10:00,20050.0,19787.2,9491100,114500,1.8,263.85,136850,2100,0.381,-0.616118,0.00050517,0.00049511,32.009438,32.73373,2023-08-01
24527,2023-07-27 11:11:00,19550.0,19784.85,222950,4881850,236.25,1.25,750,98800,0.679095,-0.343638,0.00063436,0.00055783,23.954805,27.99104,2023-08-01
19274,2023-07-27 11:11:00,19600.0,19784.85,1351200,10885250,186.55,2.15,17850,224450,0.664358,-0.360778,0.00073625,0.00062647,21.01738,25.365005,2023-08-01
14018,2023-07-27 11:11:00,19650.0,19784.85,1004950,10053000,139.55,4.65,23050,584900,0.619408,-0.38637,0.00072087,0.00068447,22.428304,23.727367,2023-08-01
8761,2023-07-27 11:11:00,19700.0,19784.85,4870750,17228200,96.75,11.3,186700,806550,0.581241,-0.419669,0.00072415,0.00071499,22.895709,23.199948,2023-08-01
3501,2023-07-27 11:11:00,19750.0,19784.85,6274250,12670950,59.55,24.5,383650,886800,0.545517,-0.455201,0.00075405,0.00073859,22.3087,22.780328,2023-08-01
869,2023-07-27 11:11:00,19800.0,19784.85,25443050,14975350,33.0,48.0,1034700,1098200,0.507691,-0.492243,0.0007477,0.00073231,22.641543,23.117317,2023-08-01
6131,2023-07-27 11:11:00,19850.0,19784.85,23366650,5318700,16.95,82.0,875850,347800,0.47199,-0.52703,0.00071676,0.00069899,23.564944,24.168093,2023-08-01
11389,2023-07-27 11:11:00,19900.0,19784.85,28616800,4394050,8.4,123.55,1086550,187200,0.440334,-0.557067,0.00067362,0.00064964,24.854641,25.796947,2023-08-01
16646,2023-07-27 11:11:00,19950.0,19784.85,15479050,1041050,4.2,169.05,494800,35350,0.413321,-0.583082,0.00062529,0.0006035,26.437388,27.445937,2023-08-01
21900,2023-07-27 11:11:00,20000.0,19784.85,21321250,1625050,2.65,217.4,415300,34350,0.3952,-0.600106,0.00055724,0.00053644,29.331165,30.564867,2023-08-01
27152,2023-07-27 11:11:00,20050.0,19784.85,9453300,114500,1.8,267.15,107450,1500,0.381027,-0.607195,0.00050056,0.00045972,32.310845,35.493467,2023-08-01
24528,2023-07-27 11:12:00,19550.0,19786.3,222950,4911700,240.5,1.25,3200,239800,0.634331,-0.343775,0.00047512,0.00055402,33.597505,28.187763,2023-08-01
19275,2023-07-27 11:12:00,19600.0,19786.3,1351200,10854650,190.6,2.15,45600,422200,0.628431,-0.360857,0.00057243,0.00062145,28.032829,25.571741,2023-08-01
14019,2023-07-27 11:12:00,19650.0,19786.3,1004950,10092800,143.15,4.45,65800,855600,0.607475,-0.385192,0.00063861,0.00068508,25.545949,23.684698,2023-08-01
8762,2023-07-27 11:12:00,19700.0,19786.3,4870750,17208550,99.55,10.8,474100,1466100,0.578295,-0.418226,0.00068394,0.0007186,24.278214,23.065742,2023-08-01
3502,2023-07-27 11:12:00,19750.0,19786.3,6274250,12618800,61.85,23.2,713900,1450750,0.545255,-0.453443,0.00072545,0.00075268,23.189684,22.342341,2023-08-01
870,2023-07-27 11:12:00,19800.0,19786.3,25443050,15092700,34.85,46.15,2359450,1916100,0.508842,-0.491234,0.00072408,0.0007505,23.378643,22.555767,2023-08-01
6132,2023-07-27 11:12:00,19850.0,19786.3,23366650,5318400,17.85,79.4,1777550,580200,0.473651,-0.527655,0.0007052,0.00072962,23.957847,23.151104,2023-08-01
11390,2023-07-27 11:12:00,19900.0,19786.3,28616800,4339300,8.8,120.5,1826100,339200,0.44193,-0.56096,0.000668,0.00069514,25.078493,24.072925,2023-08-01
16647,2023-07-27 11:12:00,19950.0,19786.3,15479050,1030400,4.35,165.7,1170300,55900,0.414587,-0.594273,0.00062335,0.00067757,26.538189,24.288259,2023-08-01
21901,2023-07-27 11:12:00,20000.0,19786.3,21321250,1612850,2.65,213.8,763500,71950,0.395595,-0.624457,0.00055935,0.00064816,29.228297,24.841377,2023-08-01
27153,2023-07-27 11:12:00,20050.0,19786.3,9453300,114050,1.8,263.25,158900,5200,0.381402,-0.644672,0.00050203,0.00059119,32.225881,26.736289,2023-08-01
24529,2023-07-27 11:13:00,19550.0,19789.2,222950,4911700,239.8,1.25,3050,46800,,-0.343798,,0.00054738,0.0,28.528186,2023-08-01
19276,2023-07-27 11:13:00,19600.0,19789.2,1351200,10854650,192.7,2.05,51400,446900,0.635178,-0.35965,0.00059458,0.00061767,26.824273,25.696566,2023-08-01
14020,2023-07-27 11:13:00,19650.0,19789.2,1004950,10092800,144.75,4.3,56200,704100,0.614232,-0.384072,0.00066819,0.00067863,24.292326,23.887367,2023-08-01
8763,2023-07-27 11:13:00,19700.0,19789.2,4870750,17208550,101.5,10.35,469250,1171700,0.580998,-0.416536,0.00069016,0.00071394,24.024312,23.19366,2023-08-01
3503,2023-07-27 11:13:00,19750.0,19789.2,6274250,12618800,63.3,22.75,615250,1182200,0.54771,-0.451904,0.00073189,0.0007395,22.967341,22.728409,2023-08-01
871,2023-07-27 11:13:00,19800.0,19789.2,25443050,15092700,35.6,45.4,1997800,1278000,0.510938,-0.489062,0.00073286,0.00073344,23.09369,23.07535,2023-08-01
6133,2023-07-27 11:13:00,19850.0,19789.2,23366650,5318400,18.35,78.2,1202100,383950,0.475446,-0.524533,0.00071023,0.00070982,23.793067,23.806937,2023-08-01
11391,2023-07-27 11:13:00,19900.0,19789.2,28616800,4339300,9.05,119.2,1409200,208450,0.443471,-0.555712,0.00067219,0.0006643,24.934174,25.237711,2023-08-01
16648,2023-07-27 11:13:00,19950.0,19789.2,15479050,1030400,4.45,164.45,807100,60650,0.415817,-0.583265,0.00062748,0.00062174,26.379084,26.635778,2023-08-01
21902,2023-07-27 11:13:00,20000.0,19789.2,21321250,1612850,2.75,212.35,586550,33650,0.397033,-0.604921,0.00056072,0.00056958,29.183242,28.690886,2023-08-01
27154,2023-07-27 11:13:00,20050.0,19789.2,9453300,114050,1.8,261.4,171700,9350,0.381912,-0.621015,0.00050586,0.00051615,31.992242,31.281289,2023-08-01
24530,2023-07-27 11:14:00,19550.0,19780.6,222950,4911700,233.45,1.3,7200,74750,0.645796,-0.34562,0.0005297,0.00056081,29.818963,27.913877,2023-08-01
19277,2023-07-27 11:14:00,19600.0,19780.6,1363100,10854650,183.65,2.2,36450,234600,0.638722,-0.362454,0.00063827,0.00063281,24.918298,25.161097,2023-08-01
14021,2023-07-27 11:14:00,19650.0,19780.6,1006150,10092800,137.05,4.9,41600,738700,0.608058,-0.388934,0.0006686,0.00068843,24.400277,23.645947,2023-08-01
8764,2023-07-27 11:14:00,19700.0,19780.6,5033800,17208550,93.8,12.15,373850,1058800,0.576765,-0.423036,0.00071075,0.00071287,23.390323,23.318511,2023-08-01
3504,2023-07-27 11:14:00,19750.0,19780.6,6347100,12618800,57.4,26.15,553100,1312600,0.541664,-0.458588,0.00073965,0.00073363,22.776748,22.965196,2023-08-01
872,2023-07-27 11:14:00,19800.0,19780.6,25610050,15092700,31.45,50.65,1534250,1439500,0.504592,-0.495285,0.00073794,0.00072387,22.953305,23.39933,2023-08-01
6134,2023-07-27 11:14:00,19850.0,19780.6,23260500,5318400,15.9,85.5,1058050,424900,0.46926,-0.529326,0.00071111,0.00068742,23.750182,24.575097,2023-08-01
11392,2023-07-27 11:14:00,19900.0,19780.6,28586350,4339300,7.9,127.35,1221200,314900,0.43823,-0.558912,0.00066625,0.000641,25.119232,26.137742,2023-08-01
16649,2023-07-27 11:14:00,19950.0,19780.6,15458900,1030400,3.95,173.3,569250,42350,0.411701,-0.583315,0.00061836,0.00058907,26.720192,28.126467,2023-08-01
21903,2023-07-27 11:14:00,20000.0,19780.6,21271100,1612850,2.55,221.8,478550,61250,0.39445,-0.598988,0.00054943,0.000521,29.745034,31.506876,2023-08-01
27155,2023-07-27 11:14:00,20050.0,19780.6,9451500,114050,1.8,269.95,80650,9250,0.381379,-0.62232,0.00049141,0.00050393,32.935446,32.021627,2023-08-01
24531,2023-07-27 11:15:00,19500.0,19765.5,1462600,10302600,267.45,1.05,30850,1162500,0.662458,-0.338506,0.00051342,0.00051045,30.243286,30.45292,2023-08-01
19278,2023-07-27 11:15:00,19550.0,19765.5,227100,4916400,216.95,1.4,11550,660900,0.673765,-0.348808,0.00067021,0.0005868,22.85631,26.790551,2023-08-01
14022,2023-07-27 11:15:00,19600.0,19765.5,1363100,10845550,169.25,2.65,177900,2073850,0.629774,-0.368871,0.00064819,0.00065511,24.758634,24.46757,2023-08-01
8765,2023-07-27 11:15:00,19650.0,19765.5,1006150,10107500,122.6,6.15,192350,2948950,0.602438,-0.397577,0.00070748,0.00070737,23.168751,23.172494,2023-08-01
3505,2023-07-27 11:15:00,19700.0,19765.5,5033800,17063650,81.55,14.95,1308850,5915700,0.567032,-0.432715,0.00072803,0.00073126,22.957019,22.853057,2023-08-01
873,2023-07-27 11:15:00,19750.0,19765.5,6347100,12571200,48.25,31.6,2048950,5784950,0.530509,-0.469394,0.00074341,0.00074707,22.738181,22.626139,2023-08-01
6135,2023-07-27 11:15:00,19800.0,19765.5,25610050,14914850,25.95,59.6,5507500,6210350,0.493715,-0.506235,0.00072701,0.00072493,23.31626,23.383433,2023-08-01
11393,2023-07-27 11:15:00,19850.0,19765.5,23260500,5327900,13.2,96.85,4122300,1857750,0.46002,-0.539795,0.00069008,0.00068764,24.443578,24.531732,2023-08-01
16650,2023-07-27 11:15:00,19900.0,19765.5,28586350,4326100,6.85,140.0,4038100,1049850,0.431534,-0.569837,0.00063811,0.00064866,26.176001,25.734474,2023-08-01
21904,2023-07-27 11:15:00,19950.0,19765.5,15458900,1030550,3.75,187.35,2431050,180200,0.408293,-0.591283,0.00058396,0.00058171,28.261056,28.377647,2023-08-01
27156,2023-07-27 11:15:00,20000.0,19765.5,21271100,1614400,2.55,235.8,1281800,177700,0.392976,-0.609705,0.00051938,0.0005301,31.4597,30.764123,2023-08-01
24532,2023-07-27 11:16:00,19500.0,19765.0,1462600,10302600,270.55,1.1,17800,231000,0.62803,-0.339808,0.00040188,0.00050737,39.996946,30.685777,2023-08-01
19279,2023-07-27 11:16:00,19550.0,19765.0,227100,4916400,220.7,1.3,13650,360700,0.622202,-0.34742,0.00047169,0.00059345,34.244814,26.454129,2023-08-01
14023,2023-07-27 11:16:00,19600.0,19765.0,1363100,10845550,171.5,2.45,104000,1903900,0.612356,-0.367211,0.00055841,0.00066547,29.150581,24.053198,2023-08-01
8766,2023-07-27 11:16:00,19650.0,19765.0,1006150,10107500,124.3,5.7,329300,2468650,0.594015,-0.395796,0.00064677,0.00072345,25.483269,22.632164,2023-08-01
3506,2023-07-27 11:16:00,19700.0,19765.0,5033800,17063650,82.6,14.15,750400,4759150,0.564236,-0.431506,0.00069675,0.00075157,24.018279,22.225866,2023-08-01
874,2023-07-27 11:16:00,19750.0,19765.0,6347100,12571200,48.85,30.45,1968700,3768850,0.529674,-0.469089,0.00072566,0.00077293,23.300278,21.87002,2023-08-01
6136,2023-07-27 11:16:00,19800.0,19765.0,25610050,14914850,26.55,58.15,3723800,3049050,0.493741,-0.507408,0.00071107,0.00075849,23.841239,22.349615,2023-08-01
11394,2023-07-27 11:16:00,19850.0,19765.0,23260500,5327900,13.5,95.1,3010500,839950,0.460439,-0.543885,0.00067998,0.00073717,24.811728,22.860653,2023-08-01
16651,2023-07-27 11:16:00,19900.0,19765.0,28586350,4326100,7.05,138.4,3875250,548750,0.432263,-0.578995,0.00063,0.00071652,26.523784,23.197522,2023-08-01
21905,2023-07-27 11:16:00,19950.0,19765.0,15458900,1030550,3.9,185.5,2048200,94400,0.409342,-0.61293,0.00057677,0.00069429,28.634061,23.435421,2023-08-01
27157,2023-07-27 11:16:00,20000.0,19765.0,21271100,1614400,2.6,233.8,1900100,90700,0.393598,,0.00051577,,31.696795,0.0,2023-08-01
24533,2023-07-27 11:17:00,19500.0,19758.35,1466450,10302600,262.9,1.15,15850,1232000,0.632826,-0.341523,0.00042926,0.00051479,37.302703,30.313666,2023-08-01
19280,2023-07-27 11:17:00,19550.0,19758.35,227100,4916400,212.1,1.45,5550,456200,0.633864,-0.350727,0.00053607,0.00059869,29.842256,26.324232,2023-08-01
14024,2023-07-27 11:17:00,19600.0,19758.35,1402050,10845550,164.5,2.85,87650,1651800,0.612902,-0.37194,0.00058406,0.00066675,27.870262,24.117342,2023-08-01
8767,2023-07-27 11:17:00,19650.0,19758.35,1111750,10107500,118.25,6.7,115000,2162400,0.590763,-0.401472,0.00065723,0.00071928,25.137171,22.858603,2023-08-01
3507,2023-07-27 11:17:00,19700.0,19758.35,5301600,17063650,77.6,16.05,759150,3378300,0.559727,-0.43692,0.00070013,0.00074768,23.954682,22.401514,2023-08-01
875,2023-07-27 11:17:00,19750.0,19758.35,7262350,12571200,45.3,34.2,1319950,2860850,0.524778,-0.474572,0.00072308,0.00075679,23.412464,22.367178,2023-08-01
6137,2023-07-27 11:17:00,19800.0,19758.35,26433950,14914850,24.4,63.45,3030750,2335100,0.489196,-0.511787,0.00070524,0.00073675,24.04235,23.012298,2023-08-01
11395,2023-07-27 11:17:00,19850.0,19758.35,22968050,5327900,12.55,101.6,1959750,606400,0.456831,-0.546284,0.00066843,0.00070597,25.22674,23.864386,2023-08-01
16652,2023-07-27 11:17:00,19900.0,19758.35,28300200,4326100,6.65,144.45,2510200,404950,0.429654,-0.583706,0.0006176,0.00071459,27.035797,23.211739,2023-08-01
21906,2023-07-27 11:17:00,19950.0,19758.35,14624550,1030550,3.75,191.7,1505900,70350,0.40766,-0.621668,0.0005647,0.00071268,29.228497,22.68421,2023-08-01
27158,2023-07-27 11:17:00,20000.0,19758.35,21082850,1614400,2.5,240.15,1562950,75500,0.392226,,0.00050674,,32.243509,0.0,2023-08-01
24534,2023-07-27 11:18:00,19500.0,19763.85,1466450,10102150,267.7,1.0,15350,851150,0.638004,-0.338373,0.00043774,0.00051402,36.398709,30.245031,2023-08-01
19281,2023-07-27 11:18:00,19550.0,19763.85,229900,4857550,217.85,1.35,2250,298000,0.632156,-0.348877,0.00051559,0.00059094,31.069311,26.612323,2023-08-01
14025,2023-07-27 11:18:00,19600.0,19763.85,1402050,10733050,169.15,2.6,85200,1383750,0.617902,-0.369245,0.00059208,0.00065947,27.381718,24.321116,2023-08-01
8768,2023-07-27 11:18:00,19650.0,19763.85,1111750,9939150,122.85,6.2,101250,2005050,0.594441,-0.398585,0.00065614,0.00070922,25.117619,23.134133,2023-08-01
3508,2023-07-27 11:18:00,19700.0,19763.85,5301600,15659850,81.35,14.85,588050,2806550,0.563842,-0.433335,0.00070243,0.00073943,23.832262,22.613198,2023-08-01
876,2023-07-27 11:18:00,19750.0,19763.85,7262350,12103450,47.8,31.6,1583150,2450350,0.528947,-0.470386,0.00073035,0.00075714,23.158149,22.335885,2023-08-01
6138,2023-07-27 11:18:00,19800.0,19763.85,26433950,12965050,26.1,59.7,2683250,1962200,0.49298,-0.507798,0.00070877,0.00073914,23.922484,22.938683,2023-08-01
11396,2023-07-27 11:18:00,19850.0,19763.85,22968050,4741150,13.3,96.95,2224900,556200,0.459937,-0.542751,0.00067623,0.00071109,24.95083,23.710879,2023-08-01
16653,2023-07-27 11:18:00,19900.0,19763.85,28300200,4003800,6.8,140.45,2840450,340450,0.431468,-0.574596,0.00063034,0.00067641,26.505065,24.631131,2023-08-01
21907,2023-07-27 11:18:00,19950.0,19763.85,14624550,972100,3.8,188.05,1588750,66400,0.408953,-0.597691,0.00057512,0.00061003,28.71515,26.961028,2023-08-01
27159,2023-07-27 11:18:00,20000.0,19763.85,21082850,1572500,2.6,236.4,1311200,60350,0.393929,-0.623193,0.0005119,0.00057953,31.94976,27.855408,2023-08-01
24535,2023-07-27 11:19:00,19500.0,19765.15,1466450,10102150,267.35,0.9,16550,821050,0.656339,-0.336309,0.00049505,0.0005179,31.590155,29.94767,2023-08-01
19282,2023-07-27 11:19:00,19550.0,19765.15,229900,4857550,218.7,1.25,3200,153600,0.635767,-0.347287,0.00052714,0.00059357,30.289009,26.449952,2023-08-01
14026,2023-07-27 11:19:00,19600.0,19765.15,1402050,10733050,169.35,2.5,58750,923650,0.625074,-0.368357,0.00062527,0.00065909,25.777485,24.31578,2023-08-01
8769,2023-07-27 11:19:00,19650.0,19765.15,1111750,9939150,123.0,6.05,74550,1075650,0.598581,-0.39788,0.00068063,0.00070714,24.150622,23.191321,2023-08-01
3509,2023-07-27 11:19:00,19700.0,19765.15,5301600,15659850,81.9,14.8,520350,1614050,0.565306,-0.432977,0.00070927,0.00073137,23.588203,22.858726,2023-08-01
877,2023-07-27 11:19:00,19750.0,19765.15,7262350,12103450,48.2,31.3,1038450,1499800,0.530017,-0.469579,0.00073488,0.0007503,23.010822,22.53606,2023-08-01
6139,2023-07-27 11:19:00,19800.0,19765.15,26433950,12965050,26.3,59.45,1831550,1083550,0.493808,-0.506536,0.00071248,0.00072659,23.798672,23.336286,2023-08-01
11397,2023-07-27 11:19:00,19850.0,19765.15,22968050,4741150,13.45,96.85,1537000,306700,0.4607,-0.540121,0.00067784,0.00068864,24.896544,24.500907,2023-08-01
16654,2023-07-27 11:19:00,19900.0,19765.15,28300200,4003800,7.0,140.35,1902950,211000,0.432581,-0.569349,0.00062827,0.00064307,26.605695,25.971387,2023-08-01
21908,2023-07-27 11:19:00,19950.0,19765.15,14624550,972100,3.85,188.1,1053400,34100,0.409647,-0.588284,0.00057561,0.00056464,28.702244,29.294965,2023-08-01
27160,2023-07-27 11:19:00,20000.0,19765.15,21082850,1572500,2.6,235.6,1070450,32900,0.394292,-0.615268,0.00051331,0.00055144,31.870342,29.459774,2023-08-01
24536,2023-07-27 11:20:00,19500.0,19765.75,1466450,10102150,269.25,1.0,12100,1182250,0.640541,-0.338771,0.00044302,0.00050917,35.879326,30.547964,2023-08-01
19283,2023-07-27 11:20:00,19550.0,19765.75,231000,4857550,218.8,1.3,4500,282650,0.640484,-0.348373,0.0005445,0.00058784,29.193918,26.739751,2023-08-01
14027,2023-07-27 11:20:00,19600.0,19765.75,1431800,10733050,169.95,2.55,64550,765800,0.624907,-0.368996,0.00062225,0.00065358,25.906983,24.535633,2023-08-01
8770,2023-07-27 11:20:00,19650.0,19765.75,1097150,9939150,123.3,5.95,86250,1302850,0.599682,-0.397507,0.00068562,0.00070655,23.958645,23.205781,2023-08-01
3510,2023-07-27 11:20:00,19700.0,19765.75,5504250,15659850,82.2,14.55,581700,1982100,0.565863,-0.432466,0.00071084,0.00073215,23.531587,22.830214,2023-08-01
878,2023-07-27 11:20:00,19750.0,19765.75,7830750,12103450,48.45,31.0,1028900,1754900,0.530462,-0.469147,0.00073503,0.0007496,23.005003,22.556088,2023-08-01
6140,2023-07-27 11:20:00,19800.0,19765.75,27004400,12965050,26.45,58.95,1974400,1265900,0.494235,-0.506125,0.00071242,0.00072756,23.801907,23.306409,2023-08-01
11398,2023-07-27 11:20:00,19850.0,19765.75,23004300,4741150,13.55,95.85,1731200,348750,0.461153,-0.540504,0.00067725,0.00069928,24.922015,24.126851,2023-08-01
16655,2023-07-27 11:20:00,19900.0,19765.75,28171000,4003800,7.05,139.25,1828750,218300,0.433029,-0.570971,0.00062779,0.00065865,26.631849,25.339465,2023-08-01
21909,2023-07-27 11:20:00,19950.0,19765.75,14304300,972100,3.85,186.35,1085500,33900,0.409931,-0.595495,0.00057603,0.0006049,28.687385,27.228664,2023-08-01
27161,2023-07-27 11:20:00,20000.0,19765.75,20839050,1572500,2.65,234.25,1086800,44650,0.395022,-0.627586,0.0005117,0.00060167,31.987637,26.732111,2023-08-01
24537,2023-07-27 11:21:00,19500.0,19764.85,1472450,9744050,265.45,1.05,4200,429350,,-0.340142,,0.00050663,0.0,30.752399,2023-08-01
19284,2023-07-27 11:21:00,19550.0,19764.85,231000,4819250,216.4,1.3,3900,235800,0.667362,-0.348705,0.00064911,0.00058896,23.794868,26.701182,2023-08-01
14028,2023-07-27 11:21:00,19600.0,19764.85,1431800,10822400,168.3,2.65,29000,1042800,0.630955,-0.370261,0.00065672,0.00065049,24.421991,24.682409,2023-08-01
8771,2023-07-27 11:21:00,19650.0,19764.85,1097150,10125300,121.95,6.15,42000,1084450,0.601209,-0.398709,0.00070205,0.00070266,23.377268,23.355498,2023-08-01
3511,2023-07-27 11:21:00,19700.0,19764.85,5504250,15816650,80.85,15.1,309100,1284950,0.566256,-0.433801,0.00072444,0.0007237,23.088397,23.112578,2023-08-01
879,2023-07-27 11:21:00,19750.0,19764.85,7830750,12345800,47.6,32.0,568450,1087150,0.529927,-0.470164,0.00074013,0.00073661,22.851333,22.960932,2023-08-01
6141,2023-07-27 11:21:00,19800.0,19764.85,27004400,12730300,26.05,60.5,1241550,799500,0.493597,-0.506294,0.00071223,0.00070788,23.810469,23.956905,2023-08-01
11399,2023-07-27 11:21:00,19850.0,19764.85,23004300,4676250,13.3,97.85,1057400,185000,0.460557,-0.538899,0.00067698,0.00066987,24.930934,25.199048,2023-08-01
16656,2023-07-27 11:21:00,19900.0,19764.85,28171000,3896150,6.9,141.3,1275700,148750,0.432485,-0.566865,0.0006275,0.00062253,26.64115,26.861054,2023-08-01
21910,2023-07-27 11:21:00,19950.0,19764.85,14304300,954850,3.8,188.25,1013950,16150,0.409691,-0.588841,0.0005744,0.00056663,28.767973,29.187256,2023-08-01
27162,2023-07-27 11:21:00,20000.0,19764.85,20839050,1585450,2.55,236.45,1081600,21650,0.394269,-0.608616,0.00051273,0.00052424,31.910786,31.146053,2023-08-01
24538,2023-07-27 11:22:00,19500.0,19757.25,1472450,9744050,255.25,1.15,22250,471150,,-0.342916,,0.00051251,0.0,30.507415,2023-08-01
19285,2023-07-27 11:22:00,19550.0,19757.25,231000,4819250,206.55,1.7,18600,547850,,-0.355699,,0.00058182,0.0,27.235152,2023-08-01
14029,2023-07-27 11:22:00,19600.0,19757.25,1431800,10822400,158.05,3.6,137150,1881650,0.806028,-0.378948,0.00133952,0.00063319,8.726386,25.554951,2023-08-01
8772,2023-07-27 11:22:00,19650.0,19757.25,1097150,10125300,112.6,8.35,137050,2377800,0.608642,-0.408348,0.00080557,0.00067075,20.27796,24.627189,2023-08-01
3512,2023-07-27 11:22:00,19700.0,19757.25,5504250,15816650,73.5,19.35,988300,3526700,0.563446,-0.442445,0.00076505,0.00068001,21.898252,24.693029,2023-08-01
880,2023-07-27 11:22:00,19750.0,19757.25,7830750,12345800,42.75,38.7,1435050,3016000,0.524506,-0.47678,0.00075261,0.00067962,22.503579,24.925224,2023-08-01
6142,2023-07-27 11:22:00,19800.0,19757.25,27004400,12730300,23.3,69.85,2987550,2703100,0.488203,-0.509155,0.00071166,0.0006328,23.832942,26.807683,2023-08-01
11400,2023-07-27 11:22:00,19850.0,19757.25,23004300,4676250,12.2,108.15,2192350,759900,0.456401,-0.537137,0.00066462,0.00058921,25.378221,28.673859,2023-08-01
16657,2023-07-27 11:22:00,19900.0,19757.25,28171000,3896150,6.45,152.55,2125600,538450,0.429506,-0.558261,0.00061359,0.00052664,27.2215,31.87584,2023-08-01
21911,2023-07-27 11:22:00,19950.0,19757.25,14304300,954850,3.65,199.55,1258550,66550,0.407878,-0.573993,0.00056025,0.000469,29.476176,35.555583,2023-08-01
27163,2023-07-27 11:22:00,20000.0,19757.25,20839050,1585450,2.55,248.2,1063050,86900,0.393724,-0.584259,0.00049863,0.00041374,32.815199,40.09431,2023-08-01
24539,2023-07-27 11:23:00,19500.0,19747.75,1473450,9744050,248.75,1.2,33450,1067150,0.707712,-0.344819,0.0006859,0.0005255,21.316256,29.831256,2023-08-01
19286,2023-07-27 11:23:00,19550.0,19747.75,231000,4819250,199.3,1.8,30150,1216700,0.665309,-0.358137,0.00069458,0.0005985,22.313197,26.554202,2023-08-01
14030,2023-07-27 11:23:00,19600.0,19747.75,1452400,10822400,151.65,3.9,229500,3456050,0.624386,-0.382378,0.00069076,0.00065173,23.373573,24.909586,2023-08-01
8773,2023-07-27 11:23:00,19650.0,19747.75,1142750,10125300,106.9,9.3,215750,3864800,0.590039,-0.413233,0.00071577,0.0006869,23.112703,24.129592,2023-08-01
3513,2023-07-27 11:23:00,19700.0,19747.75,5864000,15816650,68.95,21.3,1471850,5577500,0.553191,-0.447975,0.00071777,0.00069797,23.442963,24.117352,2023-08-01
881,2023-07-27 11:23:00,19750.0,19747.75,8724050,12345800,39.7,42.25,3015500,4558300,0.517045,-0.483122,0.00071783,0.00069664,23.629891,24.349027,2023-08-01
6143,2023-07-27 11:23:00,19800.0,19747.75,27605550,12730300,21.95,74.65,5058700,3349600,0.482881,-0.516104,0.00067764,0.00065415,25.031135,25.932626,2023-08-01
11401,2023-07-27 11:23:00,19850.0,19747.75,22838850,4676250,11.4,114.3,3270950,875450,0.45228,-0.544769,0.00064063,0.00060977,26.311771,27.667185,2023-08-01
16658,2023-07-27 11:23:00,19900.0,19747.75,27913800,3896150,6.25,158.7,3413550,575450,0.427133,-0.56888,0.00058927,0.00056287,28.329529,29.712188,2023-08-01
21912,2023-07-27 11:23:00,19950.0,19747.75,14136050,954850,3.6,205.8,1799400,88300,0.406506,-0.588288,0.00053987,0.00051504,30.580109,32.153159,2023-08-01
27164,2023-07-27 11:23:00,20000.0,19747.75,20581750,1585450,2.55,255.05,1637650,81350,0.393039,-0.598004,0.00048229,0.00044926,33.929244,36.644525,2023-08-01
24540,2023-07-27 11:24:00,19500.0,19747.95,1473450,9667600,250.0,1.25,15850,927150,0.656092,-0.34595,0.00052814,0.0005213,29.654813,30.110361,2023-08-01
19287,2023-07-27 11:24:00,19550.0,19747.95,240900,4834000,199.8,1.7,8600,815250,0.656457,-0.357043,0.0006585,0.00060255,23.774629,26.348844,2023-08-01
14031,2023-07-27 11:24:00,19600.0,19747.95,1452400,10750850,151.65,3.7,107550,2324350,0.625893,-0.38123,0.00069849,0.00065758,23.086933,24.667132,2023-08-01
8774,2023-07-27 11:24:00,19650.0,19747.95,1142750,9700850,106.8,8.95,199350,2647700,0.590909,-0.412319,0.00072208,0.00069371,22.900453,23.881436,2023-08-01
3514,2023-07-27 11:24:00,19700.0,19747.95,5864000,14428300,68.45,20.65,1047650,3494150,0.554016,-0.447257,0.00072922,0.00070776,23.06957,23.779298,2023-08-01
882,2023-07-27 11:24:00,19750.0,19747.95,8724050,11861850,39.15,41.4,2101350,2567450,0.517273,-0.482894,0.00072808,0.00070804,23.298026,23.957725,2023-08-01
6144,2023-07-27 11:24:00,19800.0,19747.95,27605550,11661750,21.55,73.65,3574700,1655250,0.482719,-0.516545,0.00068459,0.00066737,24.778077,25.419087,2023-08-01
11402,2023-07-27 11:24:00,19850.0,19747.95,22838850,4502350,11.25,113.95,3134000,434850,0.452152,-0.544874,0.00064333,0.00061214,26.201847,27.56104,2023-08-01
16659,2023-07-27 11:24:00,19900.0,19747.95,27913800,3660500,6.3,157.95,3192150,283300,0.427526,-0.570548,0.00058746,0.00057467,28.423475,29.081635,2023-08-01
21913,2023-07-27 11:24:00,19950.0,19747.95,14136050,915800,3.75,206.5,1324500,45850,0.407694,-0.583697,0.00053473,0.00049365,30.897915,33.634363,2023-08-01
27165,2023-07-27 11:24:00,20000.0,19747.95,20581750,1568350,2.7,254.8,1585550,46300,0.394608,-0.598108,0.00047688,0.00044999,34.353556,36.584358,2023-08-01
24541,2023-07-27 11:25:00,19500.0,19745.3,1473450,9667600,244.25,1.45,43000,1715950,,-0.34965,,0.00051422,0.0,30.651042,2023-08-01
19288,2023-07-27 11:25:00,19550.0,19745.3,240900,4834000,194.75,2.05,34900,2193300,,-0.361866,,0.00058965,0.0,27.05615,2023-08-01
14032,2023-07-27 11:25:00,19600.0,19745.3,1452400,10750850,148.0,4.55,173100,4036600,0.636284,-0.386991,0.00076959,0.00063467,20.765926,25.676334,2023-08-01
8775,2023-07-27 11:25:00,19650.0,19745.3,1142750,9700850,104.05,10.3,282650,4288450,0.590552,-0.416729,0.00073696,0.00067113,22.447228,24.750466,2023-08-01
3515,2023-07-27 11:25:00,19700.0,19745.3,5864000,14428300,67.0,23.25,1341250,6017150,0.551575,-0.450995,0.00072088,0.00067502,23.360411,24.967842,2023-08-01
883,2023-07-27 11:25:00,19750.0,19745.3,8724050,11861850,38.45,45.15,2330150,4567450,0.515271,-0.484973,0.000716,0.00066762,23.700571,25.418816,2023-08-01
6145,2023-07-27 11:25:00,19800.0,19745.3,27605550,11661750,21.35,78.1,3555900,2602200,0.481475,-0.516296,0.00067194,0.0006237,25.245866,27.20532,2023-08-01
11403,2023-07-27 11:25:00,19850.0,19745.3,22838850,4502350,11.3,118.0,2739700,707600,0.451661,-0.543091,0.00063066,0.00057757,26.729561,29.230748,2023-08-01
16660,2023-07-27 11:25:00,19900.0,19745.3,27913800,3660500,6.45,163.2,2629700,427400,0.427781,-0.563079,0.00057531,0.00051618,29.033181,32.487434,2023-08-01
21914,2023-07-27 11:25:00,19950.0,19745.3,14136050,915800,3.9,210.3,1470650,86100,0.408489,-0.579129,0.00052394,0.0004658,31.555804,35.737944,2023-08-01
27166,2023-07-27 11:25:00,20000.0,19745.3,20581750,1568350,2.8,259.6,1403200,79600,0.395437,-0.587018,0.0004689,0.00040489,34.965592,40.941132,2023-08-01
24542,2023-07-27 11:26:00,19500.0,19745.45,1478150,9667600,244.25,1.4,17450,590100,,-0.349128,,0.0005157,0.0,30.547944,2023-08-01
19289,2023-07-27 11:26:00,19550.0,19745.45,248300,4834000,194.55,2.15,11950,1747200,,-0.363195,,0.00058344,0.0,27.379768,2023-08-01
14033,2023-07-27 11:26:00,19600.0,19745.45,1481000,10750850,147.3,4.75,119250,2623750,0.65139,-0.388248,0.00085187,0.00062654,18.48297,26.035743,2023-08-01
8776,2023-07-27 11:26:00,19650.0,19745.45,1263200,9700850,103.3,10.7,206650,2524150,0.593695,-0.417833,0.00076388,0.00066007,21.616648,25.181519,2023-08-01
3516,2023-07-27 11:26:00,19700.0,19745.45,6261750,14428300,66.5,23.95,950050,3209500,0.552295,-0.45167,0.00073162,0.00066102,23.013301,25.503558,2023-08-01
884,2023-07-27 11:26:00,19750.0,19745.45,9982500,11861850,38.5,46.0,1846100,2461100,0.515371,-0.484942,0.00071495,0.00065233,23.736626,26.016073,2023-08-01
6146,2023-07-27 11:26:00,19800.0,19745.45,27922350,11661750,21.4,79.15,2415600,1233950,0.481637,-0.515364,0.00067054,0.00060585,25.300641,28.011002,2023-08-01
11404,2023-07-27 11:26:00,19850.0,19745.45,22670400,4502350,11.4,119.2,2038250,326950,0.452021,-0.540877,0.00062796,0.0005563,26.849179,30.368465,2023-08-01
16661,2023-07-27 11:26:00,19900.0,19745.45,27296050,3660500,6.4,164.45,1730000,210900,0.427791,-0.559526,0.00057582,0.00049389,29.009384,34.00306,2023-08-01
21915,2023-07-27 11:26:00,19950.0,19745.45,14187000,915800,3.9,212.2,1533350,38250,0.408714,-0.572172,0.00052326,0.00043366,31.602695,38.519898,2023-08-01
27167,2023-07-27 11:26:00,20000.0,19745.45,20366450,1568350,2.85,260.35,1212950,29450,0.396093,-0.583248,0.00046678,0.00039138,35.142567,42.444063,2023-08-01
24543,2023-07-27 11:27:00,19500.0,19735.5,1478150,9410650,234.05,1.65,35700,1508900,,-0.353804,,0.0005204,0.0,30.435691,2023-08-01
19290,2023-07-27 11:27:00,19550.0,19735.5,248300,5470900,185.45,2.7,30600,2114950,,-0.36979,,0.00058326,0.0,27.568328,2023-08-01
14034,2023-07-27 11:27:00,19600.0,19735.5,1481000,10845600,138.0,5.95,234200,3578650,0.637534,-0.395587,0.00082824,0.00062261,19.284985,26.352498,2023-08-01
8777,2023-07-27 11:27:00,19650.0,19735.5,1263200,9918900,95.3,13.1,387200,3880600,0.584777,-0.425448,0.00075489,0.00065206,22.000081,25.603874,2023-08-01
3517,2023-07-27 11:27:00,19700.0,19735.5,6261750,14150050,60.15,28.25,1706600,6277150,0.54469,-0.458888,0.00072691,0.00064849,23.229803,26.064253,2023-08-01
885,2023-07-27 11:27:00,19750.0,19735.5,9982500,10982850,34.25,52.55,2992400,4608900,0.508288,-0.491317,0.0007072,0.00063324,24.023113,26.828383,2023-08-01
6147,2023-07-27 11:27:00,19800.0,19735.5,27922350,10963700,19.0,87.65,4655050,2673150,0.475572,-0.519984,0.00065936,0.00058141,25.723205,29.190401,2023-08-01
11405,2023-07-27 11:27:00,19850.0,19735.5,22670400,4282900,10.1,129.0,3082050,737850,0.446874,-0.543297,0.00061689,0.00052779,27.301068,32.006103,2023-08-01
16662,2023-07-27 11:27:00,19900.0,19735.5,27296050,3535950,5.95,174.45,2996550,461900,0.424558,-0.560827,0.00055942,0.00047166,29.830799,35.608171,2023-08-01
21916,2023-07-27 11:27:00,19950.0,19735.5,14187000,879900,3.7,221.45,1683450,70700,0.4065,-0.575247,0.00050856,0.00042751,32.491432,39.038726,2023-08-01
27168,2023-07-27 11:27:00,20000.0,19735.5,20366450,1555750,2.85,270.7,2229950,74800,0.395449,-0.582441,0.00045156,0.00037438,36.331455,44.416033,2023-08-01
24544,2023-07-27 11:28:00,19500.0,19733.85,1478150,9410650,230.9,1.85,27950,860850,,-0.356731,,0.00051335,0.0,30.948309,2023-08-01
19291,2023-07-27 11:28:00,19550.0,19733.85,248300,5470900,181.0,2.95,18500,1474400,,-0.372292,,0.00057657,0.0,27.952995,2023-08-01
14035,2023-07-27 11:28:00,19600.0,19733.85,1481000,10845600,135.15,6.45,150900,2550850,0.669599,-0.398071,0.0010215,0.00061351,15.110468,26.792597,2023-08-01
8778,2023-07-27 11:28:00,19650.0,19733.85,1263200,9918900,93.15,13.85,232250,2862000,0.585819,-0.427386,0.00077845,0.00064344,21.325221,25.974335,2023-08-01
3518,2023-07-27 11:28:00,19700.0,19733.85,6261750,14150050,58.4,29.55,1125250,3934250,0.544039,-0.460454,0.00073946,0.00063714,22.843218,26.543352,2023-08-01
886,2023-07-27 11:28:00,19750.0,19733.85,9982500,10982850,33.3,54.3,2013500,2396800,0.507105,-0.492258,0.00070967,0.00062046,23.944403,27.386236,2023-08-01
6148,2023-07-27 11:28:00,19800.0,19733.85,27922350,10963700,18.55,89.9,2807600,1389850,0.474569,-0.520012,0.0006578,0.00056594,25.784122,29.992676,2023-08-01
11406,2023-07-27 11:28:00,19850.0,19733.85,22670400,4282900,10.0,131.15,2356900,376900,0.446383,-0.542796,0.00061196,0.00051568,27.520779,32.767034,2023-08-01
16663,2023-07-27 11:28:00,19900.0,19733.85,27296050,3535950,5.95,176.8,2709300,241400,0.42447,-0.559379,0.00055421,0.0004585,30.114489,36.655985,2023-08-01
21917,2023-07-27 11:28:00,19950.0,19733.85,14187000,879900,3.8,225.0,1920700,36550,0.407148,-0.569811,0.00050177,0.00040063,32.948952,41.770758,2023-08-01
27169,2023-07-27 11:28:00,20000.0,19733.85,20366450,1555750,3.1,273.75,2175250,29800,0.397495,-0.577832,0.00044168,0.00035629,37.201167,46.789768,2023-08-01
24545,2023-07-27 11:29:00,19500.0,19735.7,1478150,9410650,238.5,1.7,19600,981150,0.642522,-0.354947,0.00050666,0.00051584,31.379235,30.743301,2023-08-01
19292,2023-07-27 11:29:00,19550.0,19735.7,251300,5470900,189.0,2.65,15050,1322250,0.632516,-0.369779,0.00059333,0.00058272,27.048288,27.597008,2023-08-01
14036,2023-07-27 11:29:00,19600.0,19735.7,1523300,10845600,141.75,5.55,122400,2172200,0.607739,-0.394151,0.00064325,0.00063107,25.451099,25.976898,2023-08-01
8779,2023-07-27 11:29:00,19650.0,19735.7,1365750,9918900,98.6,12.05,148600,2333250,0.576613,-0.423497,0.00067171,0.00067059,24.83297,24.875604,2023-08-01
3519,2023-07-27 11:29:00,19700.0,19735.7,6751700,14150050,62.65,26.25,1043450,3388850,0.542687,-0.457471,0.0006805,0.00067703,24.830983,24.959207,2023-08-01
887,2023-07-27 11:29:00,19750.0,19735.7,10842650,10982850,36.0,49.55,1513900,2166850,0.508566,-0.491421,0.00067647,0.00067397,25.117253,25.210227,2023-08-01
6149,2023-07-27 11:29:00,19800.0,19735.7,27736900,10963700,20.05,83.65,2306200,1223050,0.476803,-0.523004,0.00063965,0.0006362,26.524282,26.66852,2023-08-01
11407,2023-07-27 11:29:00,19850.0,19735.7,22558750,4282900,10.7,124.05,2011000,334050,0.448512,-0.551574,0.00060297,0.00060376,27.950261,27.912971,2023-08-01
16664,2023-07-27 11:29:00,19900.0,19735.7,26843100,3535950,6.15,169.65,1819000,252500,0.425727,-0.573843,0.00055302,0.00055042,30.196676,30.345817,2023-08-01
21918,2023-07-27 11:29:00,19950.0,19735.7,14453200,879900,3.85,217.0,1628150,44400,0.407879,-0.593594,0.00050289,0.00050945,32.889717,32.437085,2023-08-01
27170,2023-07-27 11:29:00,20000.0,19735.7,19693300,1555750,2.95,266.3,1386200,37800,0.396737,-0.603523,0.00044739,0.0004483,36.70697,36.626145,2023-08-01
24546,2023-07-27 11:30:00,19500.0,19740.2,1486850,9386900,241.2,1.75,21550,670700,0.700094,-0.355457,0.0006848,0.0005045,21.622526,31.445653,2023-08-01
19293,2023-07-27 11:30:00,19550.0,19740.2,251300,5590350,193.4,2.7,24100,1407500,0.633698,-0.369972,0.0005851,0.0005685,27.394805,28.287416,2023-08-01
14037,2023-07-27 11:30:00,19600.0,19740.2,1523300,11279000,145.4,5.55,239300,2065800,0.61272,-0.393669,0.00065469,0.00061492,24.911363,26.645502,2023-08-01
8780,2023-07-27 11:30:00,19650.0,19740.2,1365750,9560900,101.65,11.85,328850,2548350,0.580841,-0.422167,0.00068219,0.00065311,24.395061,25.52068,2023-08-01
3520,2023-07-27 11:30:00,19700.0,19740.2,6751700,14199100,65.15,25.45,1199700,3995850,0.546033,-0.455164,0.00068547,0.00066158,24.624017,25.521992,2023-08-01
888,2023-07-27 11:30:00,19750.0,19740.2,10842650,10046800,37.6,48.0,2017900,2420400,0.511606,-0.48838,0.00068234,0.00065865,24.892284,25.787613,2023-08-01
6150,2023-07-27 11:30:00,19800.0,19740.2,27736900,10569400,21.15,81.45,2456000,1394950,0.479558,-0.519287,0.00064211,0.00061985,26.42824,27.381109,2023-08-01
11408,2023-07-27 11:30:00,19850.0,19740.2,22558750,4166450,11.25,121.65,2108550,407350,0.450874,-0.546252,0.00060672,0.00057924,27.794172,29.138101,2023-08-01
16665,2023-07-27 11:30:00,19900.0,19740.2,26843100,3441400,6.45,167.05,1817950,288850,0.427763,-0.566624,0.00055637,0.00052138,30.039207,32.134898,2023-08-01
21919,2023-07-27 11:30:00,19950.0,19740.2,14453200,875750,3.95,213.85,1360650,48400,0.409213,-0.585404,0.00050769,0.00048311,32.599411,34.363579,2023-08-01
27171,2023-07-27 11:30:00,20000.0,19740.2,19693300,1544600,3.05,262.1,1746050,57600,0.398131,-0.60066,0.0004501,0.00044579,36.514266,36.897203,2023-08-01
24547,2023-07-27 11:31:00,19500.0,19744.75,1486850,9386900,245.0,1.65,25250,662350,,-0.354042,,0.00050017,0.0,31.6679,2023-08-01
19294,2023-07-27 11:31:00,19550.0,19744.75,251300,5590350,195.15,2.5,14600,1127400,,-0.367937,,0.00056464,0.0,28.424699,2023-08-01
14038,2023-07-27 11:31:00,19600.0,19744.75,1523300,11279000,148.4,5.1,145150,1970100,0.624179,-0.391083,0.00070304,0.0006123,22.985146,26.706213,2023-08-01
8781,2023-07-27 11:31:00,19650.0,19744.75,1365750,9560900,104.45,11.0,240750,2042450,0.586412,-0.419386,0.00070348,0.00065024,23.581632,25.592757,2023-08-01
3521,2023-07-27 11:31:00,19700.0,19744.75,6751700,14199100,66.85,23.95,1112100,3035250,0.550433,-0.45228,0.00070784,0.00065858,23.809684,25.612206,2023-08-01
889,2023-07-27 11:31:00,19750.0,19744.75,10842650,10046800,38.65,46.05,1642450,2046450,0.514785,-0.485413,0.00069922,0.00065058,24.280803,26.096773,2023-08-01
6151,2023-07-27 11:31:00,19800.0,19744.75,27736900,10569400,21.65,79.1,2362900,1227200,0.481845,-0.515869,0.00065573,0.00060737,25.882226,27.949763,2023-08-01
11409,2023-07-27 11:31:00,19850.0,19744.75,22558750,4166450,11.45,119.3,1671200,285650,0.45254,-0.541417,0.00061811,0.00055769,27.291225,30.299724,2023-08-01
16666,2023-07-27 11:31:00,19900.0,19744.75,26843100,3441400,6.55,164.15,1414450,202800,0.429064,-0.561291,0.00056483,0.00050284,29.601895,33.387173,2023-08-01
21920,2023-07-27 11:31:00,19950.0,19744.75,14453200,875750,3.9,212.0,980450,38150,0.409671,-0.574164,0.00051694,0.00044142,32.019454,37.821273,2023-08-01
27172,2023-07-27 11:31:00,20000.0,19744.75,19693300,1544600,2.9,260.1,1061500,52200,0.397605,-0.586123,0.00045998,0.00040076,35.711776,41.400994,2023-08-01
24548,2023-07-27 11:32:00,19500.0,19738.95,1486850,9386900,233.9,1.7,31850,755750,,-0.355428,,0.00050722,0.0,31.282225,2023-08-01
19295,2023-07-27 11:32:00,19550.0,19738.95,251300,5590350,184.8,2.75,7700,738400,,-0.370986,,0.00056751,0.0,28.367346,2023-08-01
14039,2023-07-27 11:32:00,19600.0,19738.95,1523300,11279000,138.15,5.9,108000,2166350,,-0.395756,,0.00060694,0.0,27.040578,2023-08-01
8782,2023-07-27 11:32:00,19650.0,19738.95,1365750,9560900,95.3,12.95,192100,1900700,0.597918,-0.424974,0.00085261,0.00063374,19.330031,26.341987,2023-08-01
3522,2023-07-27 11:32:00,19700.0,19738.95,6751700,14199100,59.95,27.85,929050,2795100,0.549434,-0.457577,0.00077065,0.00062876,21.88403,26.87708,2023-08-01
890,2023-07-27 11:32:00,19750.0,19738.95,10842650,10046800,34.05,52.05,1519650,1668400,0.510702,-0.489058,0.00073172,0.0006085,23.218536,27.919705,2023-08-01
6152,2023-07-27 11:32:00,19800.0,19738.95,27736900,10569400,18.85,87.35,2254150,931700,0.47712,-0.516239,0.00067325,0.00055003,25.202353,30.873428,2023-08-01
11410,2023-07-27 11:32:00,19850.0,19738.95,22558750,4166450,10.1,128.2,1759650,229700,0.448365,-0.538317,0.00062322,0.00049899,27.041965,33.902703,2023-08-01
16667,2023-07-27 11:32:00,19900.0,19738.95,26843100,3441400,5.9,174.0,1850550,223800,0.425804,-0.55356,0.00056404,0.00043781,29.609164,38.468649,2023-08-01
21921,2023-07-27 11:32:00,19950.0,19738.95,14453200,875750,3.65,222.05,918650,45450,0.407653,-0.56355,0.00051171,0.00038216,32.319054,43.907189,2023-08-01
27173,2023-07-27 11:32:00,20000.0,19738.95,19693300,1544600,2.8,270.3,886600,28700,0.396529,-0.572148,0.00045364,0.00034299,36.19766,48.737953,2023-08-01
24549,2023-07-27 11:33:00,19500.0,19735.75,1497950,9465300,235.2,1.75,11350,643600,,-0.356584,,0.00050982,0.0,31.16517,2023-08-01
19296,2023-07-27 11:33:00,19550.0,19735.75,253450,5601000,185.0,2.85,6550,799150,,-0.372388,,0.00057045,0.0,28.26214,2023-08-01
14040,2023-07-27 11:33:00,19600.0,19735.75,1523400,10915950,140.0,6.05,103000,1817850,0.617668,-0.397047,0.00070598,0.0006121,23.024177,26.842317,2023-08-01
8783,2023-07-27 11:33:00,19650.0,19735.75,1451900,9407000,97.0,12.95,147750,1780050,0.579907,-0.425839,0.00070464,0.00064643,23.639451,25.841817,2023-08-01
3523,2023-07-27 11:33:00,19700.0,19735.75,6644300,13995300,61.6,27.65,745100,2774700,0.543326,-0.458725,0.00069383,0.00064869,24.356061,26.065522,2023-08-01
891,2023-07-27 11:33:00,19750.0,19735.75,11368800,10140900,35.1,51.2,1365250,1701750,0.508548,-0.491227,0.00068596,0.00064309,24.7763,26.427681,2023-08-01
6153,2023-07-27 11:33:00,19800.0,19735.75,28029800,10328500,19.75,86.25,1530650,882450,0.476826,-0.520423,0.00063969,0.00059135,26.529779,28.709262,2023-08-01
11411,2023-07-27 11:33:00,19850.0,19735.75,22527200,4142950,10.55,127.25,1518100,212500,0.44872,-0.544948,0.00060129,0.00054373,28.037763,31.065858,2023-08-01
16668,2023-07-27 11:33:00,19900.0,19735.75,26818000,3383700,6.2,172.8,1521300,155550,0.426632,-0.563284,0.00054768,0.00048699,30.512668,34.467248,2023-08-01
21922,2023-07-27 11:33:00,19950.0,19735.75,14562300,879850,3.8,219.9,731600,21000,0.408434,-0.578617,0.0005005,0.00044289,33.066081,37.635183,2023-08-01
27174,2023-07-27 11:33:00,20000.0,19735.75,19867200,1529150,2.9,269.45,995900,24200,0.3973,-0.58503,0.00044549,0.00038372,36.887666,43.291408,2023-08-01
24550,2023-07-27 11:34:00,19500.0,19726.35,1497950,9465300,225.65,1.9,28950,643900,,-0.359458,,0.0005198,0.0,30.6693,2023-08-01
19297,2023-07-27 11:34:00,19550.0,19726.35,253450,5601000,176.45,3.1,15200,1060700,,-0.375622,,0.0005839,0.0,27.701902,2023-08-01
14041,2023-07-27 11:34:00,19600.0,19726.35,1523400,10915950,130.4,6.7,123200,2655950,0.61771,-0.40127,0.00075471,0.00062554,21.548348,26.353415,2023-08-01
8784,2023-07-27 11:34:00,19650.0,19726.35,1451900,9407000,88.55,14.75,219950,2957900,0.575254,-0.431537,0.00072939,0.00065299,22.902816,25.662732,2023-08-01
3524,2023-07-27 11:34:00,19700.0,19726.35,6644300,13995300,55.25,30.9,920450,4368900,0.537058,-0.464681,0.0007025,0.00065418,24.106967,25.89789,2023-08-01
892,2023-07-27 11:34:00,19750.0,19726.35,11368800,10140900,31.1,56.5,1725700,2415950,0.502131,-0.497256,0.00068397,0.00064222,24.867198,26.48344,2023-08-01
6154,2023-07-27 11:34:00,19800.0,19726.35,28029800,10328500,17.8,92.6,2050250,1580650,0.471586,-0.526253,0.00062762,0.00059517,27.031415,28.515898,2023-08-01
11412,2023-07-27 11:34:00,19850.0,19726.35,22527200,4142950,9.8,134.75,1449850,421050,0.44504,-0.550265,0.0005839,0.00054486,28.852577,30.968458,2023-08-01
16669,2023-07-27 11:34:00,19900.0,19726.35,26818000,3383700,5.9,180.45,1419000,302150,0.424205,-0.569465,0.00053113,0.00049532,31.443576,33.816498,2023-08-01
21923,2023-07-27 11:34:00,19950.0,19726.35,14562300,879850,3.75,228.65,747850,31750,0.40731,-0.581965,0.00048413,0.0004387,34.179758,37.948971,2023-08-01
27175,2023-07-27 11:34:00,20000.0,19726.35,19867200,1529150,2.8,277.6,567600,34350,0.39597,-0.591149,0.00043484,0.00039156,37.77727,42.299668,2023-08-01
24551,2023-07-27 11:35:00,19500.0,19732.8,1497950,9465300,239.0,1.65,29300,695750,0.617699,-0.356053,0.00041772,0.00051816,38.922803,30.65664,2023-08-01
19298,2023-07-27 11:35:00,19550.0,19732.8,253450,5601000,190.15,2.45,15050,1182300,0.607427,-0.369626,0.00048073,0.0005924,34.081274,27.157239,2023-08-01
14042,2023-07-27 11:35:00,19600.0,19732.8,1523400,10915950,142.3,5.25,178450,2435750,0.593288,-0.394296,0.00055989,0.00064315,29.536554,25.505508,2023-08-01
8785,2023-07-27 11:35:00,19650.0,19732.8,1451900,9407000,99.2,11.7,301000,2808400,0.568698,-0.424191,0.00060917,0.00068453,27.499029,24.390751,2023-08-01
3525,2023-07-27 11:35:00,19700.0,19732.8,6644300,13995300,63.15,25.7,1426250,4305200,0.538795,-0.458584,0.00063556,0.00069759,26.6281,24.244292,2023-08-01
893,2023-07-27 11:35:00,19750.0,19732.8,12190400,10140900,36.75,48.7,2636750,2203100,0.506926,-0.493637,0.0006372,0.00070759,26.681906,24.028072,2023-08-01
6155,2023-07-27 11:35:00,19800.0,19732.8,28164250,10328500,20.8,83.05,2720300,1299600,0.476896,-0.527251,0.00060674,0.00067692,27.978443,25.061434,2023-08-01
11413,2023-07-27 11:35:00,19850.0,19732.8,22527200,4142950,11.15,123.4,1940850,397150,0.449573,-0.560743,0.00057766,0.00067007,29.201066,25.082138,2023-08-01
16670,2023-07-27 11:35:00,19900.0,19732.8,26818000,3383700,6.45,168.5,2041650,240050,0.427461,-0.597044,0.00053284,0.00067874,31.383572,24.307907,2023-08-01
21924,2023-07-27 11:35:00,19950.0,19732.8,14562300,879850,3.95,216.75,857150,35100,0.409435,-0.636924,0.00048925,0.00069023,33.85594,23.169913,2023-08-01
27176,2023-07-27 11:35:00,20000.0,19732.8,19867200,1529150,2.95,265.0,1013850,47650,0.397928,,0.00043845,,37.506603,0.0,2023-08-01
24552,2023-07-27 11:36:00,19500.0,19737.05,1502050,9606700,241.35,1.7,27250,487900,0.627865,-0.3566,0.00044942,0.00050702,35.870584,31.342347,2023-08-01
19299,2023-07-27 11:36:00,19550.0,19737.05,258300,5837650,192.35,2.4,14500,724700,0.61674,-0.368943,0.00051527,0.00058255,31.572718,27.595598,2023-08-01
14043,2023-07-27 11:36:00,19600.0,19737.05,1553050,11035900,144.7,5.2,270650,1749150,0.599781,-0.39362,0.00058601,0.00062867,28.100173,26.076706,2023-08-01
8786,2023-07-27 11:36:00,19650.0,19737.05,1537000,9519050,101.05,11.65,250250,1876250,0.573748,-0.423232,0.00063349,0.00066396,26.37842,25.131054,2023-08-01
3526,2023-07-27 11:36:00,19700.0,19737.05,6949900,14051050,64.7,25.4,1116850,2532700,0.542227,-0.456718,0.00065095,0.00067363,25.971892,25.090239,2023-08-01
894,2023-07-27 11:36:00,19750.0,19737.05,12190400,10010800,37.5,48.35,2083250,1338250,0.509561,-0.490516,0.00065284,0.00067193,26.035069,25.295826,2023-08-01
6156,2023-07-27 11:36:00,19800.0,19737.05,28164250,10118400,21.25,82.15,1907500,736250,0.478871,-0.522168,0.00061764,0.00063646,27.488482,26.671778,2023-08-01
11414,2023-07-27 11:36:00,19850.0,19737.05,22325400,4083200,11.5,122.45,1283950,187100,0.451381,-0.550941,0.00058394,0.00060547,28.898897,27.850992,2023-08-01
16671,2023-07-27 11:36:00,19900.0,19737.05,26448700,3396600,6.65,167.8,1578800,196500,0.42902,-0.574447,0.00053758,0.00055875,31.124697,29.896754,2023-08-01
21925,2023-07-27 11:36:00,19950.0,19737.05,14420800,872800,4.0,214.45,580450,15050,0.410417,-0.601292,0.00049466,0.00054723,33.500058,30.06203,2023-08-01
27177,2023-07-27 11:36:00,20000.0,19737.05,19711550,1543250,2.95,263.55,620300,38250,0.398522,-0.616607,0.00044336,0.0004964,37.100201,32.776103,2023-08-01
24553,2023-07-27 11:37:00,19500.0,19736.0,1502050,9606700,241.8,1.55,16050,382850,0.619362,-0.354943,0.00041851,0.00051525,38.797249,30.79443,2023-08-01
19300,2023-07-27 11:37:00,19550.0,19736.0,258300,5837650,193.2,2.3,9250,557650,0.607985,-0.368305,0.00047528,0.00058868,34.457248,27.29607,2023-08-01
14044,2023-07-27 11:37:00,19600.0,19736.0,1553050,11035900,145.6,5.05,90350,1170450,0.593182,-0.393234,0.00054651,0.00063575,30.260979,25.782545,2023-08-01
8787,2023-07-27 11:37:00,19650.0,19736.0,1537000,9519050,102.1,11.4,143400,1290450,0.569702,-0.423049,0.00059874,0.00067315,27.964821,24.788504,2023-08-01
3527,2023-07-27 11:37:00,19700.0,19736.0,6949900,14051050,65.5,24.9,740350,1879250,0.540477,-0.456787,0.0006273,0.00068775,26.966834,24.578708,2023-08-01
895,2023-07-27 11:37:00,19750.0,19736.0,12190400,10010800,37.85,47.15,1231550,1045600,0.508949,-0.491349,0.00063921,0.00070043,26.594574,24.270415,2023-08-01
6157,2023-07-27 11:37:00,19800.0,19736.0,28164250,10118400,21.25,80.7,1443150,629200,0.478564,-0.524953,0.00061156,0.0006746,27.763932,25.15647,2023-08-01
11415,2023-07-27 11:37:00,19850.0,19736.0,22325400,4083200,11.4,120.95,1121250,138250,0.451068,-0.557429,0.0005811,0.00065957,29.040722,25.512326,2023-08-01
16672,2023-07-27 11:37:00,19900.0,19736.0,26448700,3396600,6.45,165.8,1266400,138750,0.428312,-0.591642,0.00053832,0.00065984,31.075257,25.08671,2023-08-01
21926,2023-07-27 11:37:00,19950.0,19736.0,14420800,872800,3.95,214.45,545550,13100,0.410223,-0.613758,0.00049309,0.00059987,33.607516,27.185293,2023-08-01
27178,2023-07-27 11:37:00,20000.0,19736.0,19711550,1543250,2.9,262.35,627200,30050,0.398286,,0.00044244,,37.176019,0.0,2023-08-01
24554,2023-07-27 11:38:00,19500.0,19736.65,1502050,9606700,240.95,1.5,17100,241550,0.627334,-0.354443,0.00044816,0.00051566,35.992699,30.755645,2023-08-01
19301,2023-07-27 11:38:00,19550.0,19736.65,258300,5837650,192.0,2.3,3600,321350,0.61598,-0.368477,0.00051271,0.00058592,31.753856,27.429953,2023-08-01
14045,2023-07-27 11:38:00,19600.0,19736.65,1553050,11035900,144.9,5.1,43850,913900,0.597246,-0.393576,0.00057101,0.00063071,28.890162,25.995669,2023-08-01
8788,2023-07-27 11:38:00,19650.0,19736.65,1537000,9519050,101.35,11.6,84800,1407300,0.572098,-0.423479,0.00061933,0.00066428,27.006644,25.125873,2023-08-01
3528,2023-07-27 11:38:00,19700.0,19736.65,6949900,14051050,64.9,25.45,479500,1476700,0.541512,-0.457044,0.00064113,0.00067256,26.378888,25.136267,2023-08-01
896,2023-07-27 11:38:00,19750.0,19736.65,12190400,10010800,37.4,48.05,900550,734650,0.509315,-0.490811,0.00064886,0.00067764,26.199257,25.086781,2023-08-01
6158,2023-07-27 11:38:00,19800.0,19736.65,28164250,10118400,21.0,82.0,851350,374900,0.47865,-0.52269,0.0006171,0.00064124,27.515656,26.475095,2023-08-01
11416,2023-07-27 11:38:00,19850.0,19736.65,22325400,4083200,11.15,122.0,831900,119700,0.450844,-0.552719,0.00058668,0.00061966,28.763559,27.201498,2023-08-01
16673,2023-07-27 11:38:00,19900.0,19736.65,26448700,3396600,6.3,167.0,886650,81300,0.428041,-0.579595,0.00054216,0.00058878,30.852266,28.304081,2023-08-01
21927,2023-07-27 11:38:00,19950.0,19736.65,14420800,872800,3.75,214.3,666550,6250,0.409313,-0.606684,0.00049866,0.00057026,33.214924,28.745843,2023-08-01
27179,2023-07-27 11:38:00,20000.0,19736.65,19711550,1543250,2.75,263.3,624250,27650,0.397377,-0.628244,0.0004467,0.00053594,36.799795,30.074293,2023-08-01
24555,2023-07-27 11:39:00,19500.0,19739.2,1510600,9717500,242.95,1.55,12100,537750,0.631192,-0.3552,0.00045785,0.00050754,35.110583,31.269361,2023-08-01
19302,2023-07-27 11:39:00,19550.0,19739.2,258700,5924950,193.9,2.2,6050,447700,0.619699,-0.367443,0.00052354,0.00058298,31.00423,27.540725,2023-08-01
14046,2023-07-27 11:39:00,19600.0,19739.2,1634900,11194400,146.35,4.75,71400,1419100,0.601426,-0.391645,0.00058797,0.00063195,27.978909,25.907254,2023-08-01
8789,2023-07-27 11:39:00,19650.0,19739.2,1532750,9972700,102.3,10.95,129250,1360950,0.575614,-0.421574,0.00063805,0.00066572,26.16888,25.046119,2023-08-01
3529,2023-07-27 11:39:00,19700.0,19739.2,7081250,14452550,65.95,24.35,641450,1704850,0.543522,-0.45523,0.00064858,0.00067421,26.060125,25.060491,2023-08-01
897,2023-07-27 11:39:00,19750.0,19739.2,12325050,10021850,38.05,46.6,1400650,1144450,0.510954,-0.489084,0.00065527,0.00067722,25.938839,25.098206,2023-08-01
6159,2023-07-27 11:39:00,19800.0,19739.2,28089500,10110900,21.45,79.85,1572000,519850,0.480036,-0.521292,0.00062064,0.00064578,27.362159,26.292178,2023-08-01
11417,2023-07-27 11:39:00,19850.0,19739.2,22508050,4072250,11.35,119.75,1144750,146100,0.451973,-0.55128,0.00059034,0.00062123,28.593822,27.14376,2023-08-01
16674,2023-07-27 11:39:00,19900.0,19739.2,26643900,3321350,6.4,164.55,1301500,112300,0.428992,-0.578506,0.0005451,0.00059171,30.697405,28.177559,2023-08-01
21928,2023-07-27 11:39:00,19950.0,19739.2,14679850,875250,3.8,211.9,935600,11000,0.410125,-0.604476,0.00050106,0.00056735,33.070147,28.936259,2023-08-01
27180,2023-07-27 11:39:00,20000.0,19739.2,19698300,1554200,2.75,260.7,1041450,15450,0.397837,-0.629083,0.0004494,0.00054418,36.588165,29.595635,2023-08-01
24556,2023-07-27 11:40:00,19500.0,19743.15,1510600,9717500,244.45,1.4,16950,594100,0.670414,-0.352972,0.00058597,0.00050721,26.324602,31.21552,2023-08-01
19303,2023-07-27 11:40:00,19550.0,19743.15,258700,5924950,195.65,2.0,14400,542750,0.639258,-0.365137,0.00060101,0.00058169,26.546006,27.540862,2023-08-01
14047,2023-07-27 11:40:00,19600.0,19743.15,1634900,11194400,148.1,4.3,111650,1867450,0.612361,-0.388851,0.0006399,0.00063253,25.507508,25.827963,2023-08-01
8790,2023-07-27 11:40:00,19650.0,19743.15,1532750,9972700,103.65,10.15,206300,1914150,0.582392,-0.418927,0.00067723,0.00066489,24.566339,25.039922,2023-08-01
3530,2023-07-27 11:40:00,19700.0,19743.15,7081250,14452550,66.45,23.0,852050,2331750,0.547894,-0.452642,0.00068226,0.0006722,24.739087,25.113347,2023-08-01
898,2023-07-27 11:40:00,19750.0,19743.15,12325050,10021850,38.3,45.05,1753400,1474250,0.513594,-0.486436,0.00067921,0.00066683,25.016082,25.480612,2023-08-01
6160,2023-07-27 11:40:00,19800.0,19743.15,28089500,10110900,21.65,78.35,2184000,708800,0.481768,-0.517671,0.00063535,0.0006239,26.730523,27.222979,2023-08-01
11418,2023-07-27 11:40:00,19850.0,19743.15,22508050,4072250,11.5,118.55,1334150,235650,0.453348,-0.544665,0.00060005,0.00058049,28.138666,29.103506,2023-08-01
16675,2023-07-27 11:40:00,19900.0,19743.15,26643900,3321350,6.4,163.35,1281750,174300,0.429811,-0.566891,0.00055402,0.00053302,30.210358,31.446211,2023-08-01
21929,2023-07-27 11:40:00,19950.0,19743.15,14679850,875250,3.7,210.6,399000,19500,0.410189,-0.584671,0.00051042,0.00048657,32.460337,34.150938,2023-08-01
27181,2023-07-27 11:40:00,20000.0,19743.15,19698300,1554200,2.65,259.8,583850,33150,0.397585,-0.594028,0.00045716,0.00042685,35.955989,38.717941,2023-08-01
24557,2023-07-27 11:41:00,19500.0,19745.5,1510600,9717500,245.55,1.4,11300,850600,,-0.353053,,0.00050214,0.0,31.531868,2023-08-01
19304,2023-07-27 11:41:00,19550.0,19745.5,258700,5924950,196.7,1.95,12700,525350,0.672091,-0.36459,0.00072908,0.00057731,21.112615,27.733957,2023-08-01
14048,2023-07-27 11:41:00,19600.0,19745.5,1634900,11194400,148.45,4.1,71700,1526700,0.628609,-0.387578,0.00072529,0.00063049,22.210282,25.885448,2023-08-01
8791,2023-07-27 11:41:00,19650.0,19745.5,1532750,9972700,104.2,9.8,128450,1524700,0.588037,-0.417687,0.00071331,0.00066133,23.250227,25.157,2023-08-01
3531,2023-07-27 11:41:00,19700.0,19745.5,7081250,14452550,67.2,22.7,610650,1752800,0.550284,-0.451602,0.00069593,0.00066208,24.233733,25.487564,2023-08-01
899,2023-07-27 11:41:00,19750.0,19745.5,12325050,10021850,38.7,44.35,1421450,1006800,0.515243,-0.484912,0.00068985,0.00065721,24.625215,25.848584,2023-08-01
6161,2023-07-27 11:41:00,19800.0,19745.5,28089500,10110900,21.9,77.65,1578100,552200,0.482959,-0.515499,0.00064188,0.00060888,26.460587,27.899227,2023-08-01
11419,2023-07-27 11:41:00,19850.0,19745.5,22508050,4072250,11.65,117.5,1006900,156600,0.454345,-0.541785,0.00060439,0.00056544,27.943215,29.900512,2023-08-01
16676,2023-07-27 11:41:00,19900.0,19745.5,26643900,3321350,6.5,162.7,1210700,110050,0.430738,-0.561461,0.00055671,0.00050632,30.075527,33.176493,2023-08-01
21930,2023-07-27 11:41:00,19950.0,19745.5,14679850,875250,3.85,209.95,608400,11200,0.411592,-0.57683,0.00050975,0.00045541,32.527625,36.635121,2023-08-01
27182,2023-07-27 11:41:00,20000.0,19745.5,19698300,1554200,2.75,258.05,550100,17350,0.398867,-0.590214,0.00045667,0.00041679,36.023329,39.740853,2023-08-01
24558,2023-07-27 11:42:00,19500.0,19738.35,1503400,10017750,238.0,1.45,25300,459200,,-0.354633,,0.00051138,0.0,31.025126,2023-08-01
19305,2023-07-27 11:42:00,19550.0,19738.35,261900,5939750,189.75,2.25,15500,805400,0.661897,-0.368765,0.00071347,0.00057952,21.846813,27.744779,2023-08-01
14049,2023-07-27 11:42:00,19600.0,19738.35,1647850,10790000,141.35,5.15,103150,1803250,0.626956,-0.394342,0.00075015,0.00061855,21.514124,26.525525,2023-08-01
8792,2023-07-27 11:42:00,19650.0,19738.35,1562250,10170900,98.35,11.95,162100,1806950,0.582432,-0.424379,0.00071078,0.00064377,23.415349,25.942344,2023-08-01
3532,2023-07-27 11:42:00,19700.0,19738.35,7184700,14420250,62.55,26.4,884800,2446050,0.54512,-0.457383,0.00069352,0.00064133,24.36636,26.367676,2023-08-01
900,2023-07-27 11:42:00,19750.0,19738.35,13282800,10049350,35.85,49.95,1406300,1495600,0.510329,-0.489521,0.00067994,0.00062897,25.004942,27.03091,2023-08-01
6162,2023-07-27 11:42:00,19800.0,19738.35,28374250,10097500,20.35,84.75,1959350,954250,0.478984,-0.518077,0.00063027,0.00057657,26.947089,29.467371,2023-08-01
11420,2023-07-27 11:42:00,19850.0,19738.35,22765500,4076950,10.9,125.35,1199150,326750,0.451252,-0.542211,0.00059229,0.00053159,28.500289,31.814291,2023-08-01
16677,2023-07-27 11:42:00,19900.0,19738.35,26809600,3297450,6.2,170.8,1236000,230500,0.428655,-0.560037,0.00054421,0.00047508,30.750745,35.392794,2023-08-01
21931,2023-07-27 11:42:00,19950.0,19738.35,14758050,872950,3.75,217.95,535350,19650,0.410382,-0.574406,0.00049785,0.00042932,33.2963,38.923858,2023-08-01
27183,2023-07-27 11:42:00,20000.0,19738.35,19331300,1553700,2.8,266.65,972500,16850,0.398909,-0.583838,0.00044415,0.00038316,37.056532,43.403024,2023-08-01
24559,2023-07-27 11:43:00,19500.0,19737.4,1503400,10017750,238.2,1.4,10200,312200,,-0.354232,,0.00051484,0.0,30.807411,2023-08-01
19306,2023-07-27 11:43:00,19550.0,19737.4,261900,5939750,188.8,2.25,9900,600600,0.661386,-0.369102,0.00071477,0.00058082,21.822403,27.694218,2023-08-01
14050,2023-07-27 11:43:00,19600.0,19737.4,1647850,10790000,142.0,4.95,95900,1251750,0.613083,-0.3937,0.00066963,0.00062672,24.373739,26.171245,2023-08-01
8793,2023-07-27 11:43:00,19650.0,19737.4,1562250,10170900,98.55,11.6,127600,1267350,0.579028,-0.42398,0.00068416,0.00065417,24.372463,25.528123,2023-08-01
3533,2023-07-27 11:43:00,19700.0,19737.4,7184700,14420250,62.6,25.9,665600,2073750,0.543811,-0.457432,0.00068005,0.00065359,24.861232,25.876319,2023-08-01
901,2023-07-27 11:43:00,19750.0,19737.4,13282800,10049350,35.85,49.0,1098950,1180650,0.50971,-0.490208,0.00067136,0.00064925,25.328191,26.190604,2023-08-01
6163,2023-07-27 11:43:00,19800.0,19737.4,28374250,10097500,20.25,83.7,1304050,717950,0.478617,-0.519916,0.00062599,0.00059949,27.133003,28.337995,2023-08-01
11421,2023-07-27 11:43:00,19850.0,19737.4,22765500,4076950,10.8,124.35,953400,188050,0.450955,-0.54556,0.00058972,0.00055752,28.624808,30.309701,2023-08-01
16678,2023-07-27 11:43:00,19900.0,19737.4,26809600,3297450,6.1,169.3,1001100,150600,0.42831,-0.566687,0.00054304,0.00051252,30.815365,32.722945,2023-08-01
21932,2023-07-27 11:43:00,19950.0,19737.4,14758050,872950,3.7,217.2,458550,24650,0.41019,-0.580785,0.00049647,0.00045594,33.38918,36.53889,2023-08-01
27184,2023-07-27 11:43:00,20000.0,19737.4,19331300,1553700,2.75,265.55,422300,13250,0.398673,-0.593871,0.00044338,0.00041711,37.118542,39.644798,2023-08-01
24560,2023-07-27 11:44:00,19500.0,19735.3,1503400,10017750,237.05,1.45,17100,357800,0.654302,-0.355412,0.00054979,0.0005151,28.598851,30.833629,2023-08-01
19307,2023-07-27 11:44:00,19550.0,19735.3,261900,5939750,188.9,2.25,4200,430150,0.625795,-0.369556,0.00056333,0.00058508,28.685411,27.508404,2023-08-01
14051,2023-07-27 11:44:00,19600.0,19735.3,1647850,10790000,141.55,5.05,77700,855750,0.603634,-0.394688,0.00061859,0.00062951,26.568503,26.077759,2023-08-01
8794,2023-07-27 11:44:00,19650.0,19735.3,1562250,10170900,98.15,11.8,113300,936450,0.57455,-0.425019,0.00065371,0.00065814,25.568816,25.391441,2023-08-01
3534,2023-07-27 11:44:00,19700.0,19735.3,7184700,14420250,62.45,26.3,473700,1312950,0.541394,-0.458604,0.00065838,0.00065843,25.700564,25.698646,2023-08-01
902,2023-07-27 11:44:00,19750.0,19735.3,13282800,10049350,36.0,49.9,741000,853100,0.508407,-0.491588,0.00065257,0.00065181,26.064146,26.094527,2023-08-01
6164,2023-07-27 11:44:00,19800.0,19735.3,28374250,10097500,20.35,84.35,1001600,400700,0.478028,-0.521835,0.00061325,0.00061087,27.699396,27.807741,2023-08-01
11422,2023-07-27 11:44:00,19850.0,19735.3,22765500,4076950,10.95,125.05,1001500,113050,0.450919,-0.548565,0.00057863,0.00057395,29.178589,29.420966,2023-08-01
16679,2023-07-27 11:44:00,19900.0,19735.3,26809600,3297450,6.2,170.4,847900,65850,0.428544,-0.570161,0.00053453,0.00052673,31.315193,31.797174,2023-08-01
21933,2023-07-27 11:44:00,19950.0,19735.3,14758050,872950,3.8,217.85,524150,13300,0.410788,-0.587995,0.00048892,0.0004835,33.922377,34.326166,2023-08-01
27185,2023-07-27 11:44:00,20000.0,19735.3,19331300,1553700,2.8,266.8,926300,13500,0.399154,-0.599595,0.00043822,0.00043385,37.57433,37.983851,2023-08-01
24561,2023-07-27 11:45:00,19500.0,19736.2,1521400,10079200,237.45,1.45,13400,282800,0.669835,-0.355606,0.00060081,0.00051247,25.709871,30.99863,2023-08-01
19308,2023-07-27 11:45:00,19550.0,19736.2,267350,5946450,188.95,2.2,3450,316100,0.633946,-0.3692,0.00059847,0.000584,26.809317,27.551305,2023-08-01
14052,2023-07-27 11:45:00,19600.0,19736.2,1683250,10796250,142.1,4.95,83350,863300,0.605194,-0.394264,0.00062482,0.00062832,26.275946,26.119762,2023-08-01
8795,2023-07-27 11:45:00,19650.0,19736.2,1591200,10128950,98.75,11.6,84950,805000,0.575246,-0.42452,0.00065461,0.00065698,25.525643,25.430482,2023-08-01
3535,2023-07-27 11:45:00,19700.0,19736.2,7340100,14492900,62.9,26.0,462900,1379150,0.542012,-0.458096,0.00065885,0.00065648,25.678434,25.772143,2023-08-01
903,2023-07-27 11:45:00,19750.0,19736.2,13416400,9967850,36.2,49.0,695150,784100,0.508984,-0.491028,0.00065428,0.00065669,25.995705,25.90015,2023-08-01
6165,2023-07-27 11:45:00,19800.0,19736.2,28512000,9990050,20.4,83.45,837150,365000,0.478466,-0.521447,0.00061526,0.00061371,27.6112,27.681033,2023-08-01
11423,2023-07-27 11:45:00,19850.0,19736.2,22717550,4082750,10.9,124.0,736450,104000,0.451154,-0.54854,0.0005813,0.00057849,29.047283,29.190813,2023-08-01
16680,2023-07-27 11:45:00,19900.0,19736.2,26645550,3333600,6.15,169.35,1002150,58950,0.428678,-0.570393,0.00053671,0.00053109,31.190188,31.533845,2023-08-01
21934,2023-07-27 11:45:00,19950.0,19736.2,14704150,878250,3.8,217.65,340200,10750,0.411109,-0.583986,0.00048955,0.00046765,33.885831,35.570028,2023-08-01
27186,2023-07-27 11:45:00,20000.0,19736.2,19241200,1552400,2.85,266.6,324500,9000,0.399874,-0.594466,0.00043717,0.00041733,37.683161,39.617076,2023-08-01
24562,2023-07-27 11:46:00,19500.0,19733.05,1521400,10079200,234.4,1.5,14300,358850,0.664938,-0.356848,0.00059206,0.00051475,26.24843,30.906206,2023-08-01
19309,2023-07-27 11:46:00,19550.0,19733.05,267350,5946450,185.4,2.35,3450,264050,0.638569,-0.371255,0.00062972,0.00058404,25.375382,27.605399,2023-08-01
14053,2023-07-27 11:46:00,19600.0,19733.05,1683250,10796250,138.2,5.15,59300,792900,0.608453,-0.395884,0.00066012,0.00063167,24.819577,26.016393,2023-08-01
8796,2023-07-27 11:46:00,19650.0,19733.05,1591200,10128950,95.15,12.1,77050,1037000,0.575369,-0.42643,0.00067829,0.00065945,24.638319,25.364321,2023-08-01
3536,2023-07-27 11:46:00,19700.0,19733.05,7340100,14492900,60.15,27.25,571400,1385250,0.540411,-0.46029,0.00067054,0.00065401,25.247179,25.889786,2023-08-01
904,2023-07-27 11:46:00,19750.0,19733.05,13416400,9967850,34.0,51.25,812750,726500,0.506831,-0.493022,0.00066562,0.00064762,25.561146,26.271578,2023-08-01
6166,2023-07-27 11:46:00,19800.0,19733.05,28512000,9990050,19.1,86.6,1128650,407100,0.476215,-0.522466,0.00062041,0.00059837,27.379315,28.392968,2023-08-01
11424,2023-07-27 11:46:00,19850.0,19733.05,22717550,4082750,10.25,127.45,830800,99850,0.449201,-0.548509,0.00058212,0.00056184,28.994897,30.063375,2023-08-01
16681,2023-07-27 11:46:00,19900.0,19733.05,26645550,3333600,5.95,173.2,1033500,60500,0.427621,-0.568284,0.00053261,0.00050839,31.422017,32.980143,2023-08-01
21935,2023-07-27 11:46:00,19950.0,19733.05,14704150,878250,3.75,221.0,454750,10050,0.410689,-0.583158,0.00048425,0.00045726,34.255705,36.402975,2023-08-01
27187,2023-07-27 11:46:00,20000.0,19733.05,19241200,1552400,2.85,269.8,833200,7950,0.39987,-0.594187,0.00043209,0.00041155,38.134663,40.190113,2023-08-01
24563,2023-07-27 11:47:00,19500.0,19735.9,1521400,10079200,241.1,1.35,14800,184400,0.619962,-0.354663,0.00042109,0.00051653,38.567262,30.730533,2023-08-01
19310,2023-07-27 11:47:00,19550.0,19735.9,267350,5946450,192.25,2.05,6550,444000,0.609257,-0.368134,0.00048191,0.00058985,33.97573,27.256271,2023-08-01
14054,2023-07-27 11:47:00,19600.0,19735.9,1683250,10796250,144.4,4.55,75100,949150,0.594665,-0.392647,0.00055693,0.00064007,29.687829,25.615324,2023-08-01
8797,2023-07-27 11:47:00,19650.0,19735.9,1591200,10128950,100.8,10.65,85850,842900,0.570407,-0.422715,0.00060689,0.00067741,27.599318,24.645504,2023-08-01
3537,2023-07-27 11:47:00,19700.0,19735.9,7340100,14492900,64.15,24.35,531150,1458300,0.540651,-0.457041,0.000633,0.00068409,26.740541,24.728694,2023-08-01
905,2023-07-27 11:47:00,19750.0,19735.9,13416400,9967850,36.55,46.8,731750,664750,0.508842,-0.491405,0.00064398,0.0006931,26.415747,24.543811,2023-08-01
6167,2023-07-27 11:47:00,19800.0,19735.9,28512000,9990050,20.65,80.8,1032750,434300,0.478731,-0.524258,0.00060729,0.00066048,27.978484,25.714315,2023-08-01
11425,2023-07-27 11:47:00,19850.0,19735.9,22717550,4082750,10.95,121.4,866550,116600,0.451457,-0.555135,0.00057689,0.0006375,29.276517,26.435399,2023-08-01
16682,2023-07-27 11:47:00,19900.0,19735.9,26645550,3333600,6.1,166.2,1196450,74700,0.428813,-0.587494,0.00053488,0.00063402,31.303733,26.189182,2023-08-01
21936,2023-07-27 11:47:00,19950.0,19735.9,14704150,878250,3.75,214.55,580200,9750,0.411221,-0.611771,0.00048834,0.00059072,33.976629,27.666487,2023-08-01
27188,2023-07-27 11:47:00,20000.0,19735.9,19241200,1552400,2.85,263.1,336400,19750,0.400348,,0.00043501,,37.887699,0.0,2023-08-01
24564,2023-07-27 11:48:00,19500.0,19736.4,1530750,10151650,239.95,1.4,3700,88550,0.630115,-0.355658,0.00045926,0.00051187,35.062737,31.042456,2023-08-01
19311,2023-07-27 11:48:00,19550.0,19736.4,269000,5995000,191.0,2.0,4800,317200,0.617843,-0.367783,0.00052242,0.00058995,31.139706,27.244346,2023-08-01
14055,2023-07-27 11:48:00,19600.0,19736.4,1719600,10891550,143.7,4.65,61650,688900,0.598667,-0.393308,0.00058148,0.00063363,28.36353,25.888636,2023-08-01
8798,2023-07-27 11:48:00,19650.0,19736.4,1615400,10304650,99.95,10.95,75900,626400,0.572842,-0.423443,0.00062877,0.00066655,26.610018,25.056996,2023-08-01
3538,2023-07-27 11:48:00,19700.0,19736.4,7572950,14657850,63.8,24.95,404350,836950,0.541372,-0.457404,0.00064195,0.00066879,26.364175,25.297995,2023-08-01
906,2023-07-27 11:48:00,19750.0,19736.4,13605150,10004550,36.4,47.7,605300,457350,0.50914,-0.490971,0.00064826,0.00067161,26.242014,25.329686,2023-08-01
6168,2023-07-27 11:48:00,19800.0,19736.4,28588350,9983750,20.4,81.6,711950,251550,0.478759,-0.522692,0.00061215,0.00063809,27.757726,26.623838,2023-08-01
11426,2023-07-27 11:48:00,19850.0,19736.4,22780250,4095300,10.85,122.3,658350,52050,0.4515,-0.551368,0.00057916,0.00060556,29.163121,27.866427,2023-08-01
16683,2023-07-27 11:48:00,19900.0,19736.4,26711600,3313000,6.1,167.25,572050,31100,0.429074,-0.57788,0.00053496,0.00057728,31.304189,28.912741,2023-08-01
21937,2023-07-27 11:48:00,19950.0,19736.4,14403050,879300,3.7,215.4,291650,2300,0.411197,-0.596299,0.00048959,0.00052313,33.890666,31.575268,2023-08-01
27189,2023-07-27 11:48:00,20000.0,19736.4,19409650,1552700,2.8,264.2,413300,7400,0.400244,-0.614075,0.00043619,0.0004863,37.784563,33.550414,2023-08-01
24565,2023-07-27 11:49:00,19500.0,19726.4,1530750,10151650,227.9,1.6,25750,459000,0.658163,-0.359567,0.00058487,0.00051936,26.791671,30.72985,2023-08-01
19312,2023-07-27 11:49:00,19550.0,19726.4,269000,5995000,178.0,2.45,35400,742500,0.651686,-0.373614,0.0007133,0.00059373,22.122061,27.22465,2023-08-01
14056,2023-07-27 11:49:00,19600.0,19726.4,1719600,10891550,131.95,5.8,192000,1763450,0.604659,-0.400371,0.00066656,0.00063175,24.658569,26.105204,2023-08-01
8799,2023-07-27 11:49:00,19650.0,19726.4,1615400,10304650,89.7,13.7,311800,2020900,0.570836,-0.431477,0.00067983,0.00065357,24.648389,25.665092,2023-08-01
3539,2023-07-27 11:49:00,19700.0,19726.4,7572950,14657850,55.6,30.0,1426850,3400350,0.536052,-0.4649,0.0006745,0.00064771,25.139054,26.18421,2023-08-01
907,2023-07-27 11:49:00,19750.0,19726.4,13605150,10004550,30.75,55.65,2604600,2027900,0.502364,-0.497131,0.00066827,0.00063463,25.476783,26.827127,2023-08-01
6169,2023-07-27 11:49:00,19800.0,19726.4,28588350,9983750,17.1,92.0,3075250,1120850,0.472109,-0.525598,0.00061985,0.00058556,27.400426,29.015986,2023-08-01
11427,2023-07-27 11:49:00,19850.0,19726.4,22780250,4095300,9.1,133.9,2274500,311750,0.445521,-0.549913,0.00057994,0.00054202,29.083582,31.165817,2023-08-01
16684,2023-07-27 11:49:00,19900.0,19726.4,26711600,3313000,5.2,180.4,1838700,248800,0.424133,-0.566973,0.00053158,0.00048133,31.447852,34.872584,2023-08-01
21938,2023-07-27 11:49:00,19950.0,19726.4,14403050,879300,3.35,228.5,647450,31200,0.408131,-0.579498,0.00048068,0.00042832,34.477156,38.958468,2023-08-01
27190,2023-07-27 11:49:00,20000.0,19726.4,19409650,1552700,2.65,277.1,557600,34100,0.398491,-0.590295,0.00042639,0.00038871,38.630613,42.67415,2023-08-01
24566,2023-07-27 11:50:00,19450.0,19721.05,172900,3374050,271.3,1.15,3500,172750,,-0.349541,,0.00046616,0.0,33.905755,2023-08-01
19313,2023-07-27 11:50:00,19500.0,19721.05,1530750,10151650,221.5,1.6,32500,655900,,-0.360285,,0.00052893,0.0,30.20477,2023-08-01
14057,2023-07-27 11:50:00,19550.0,19721.05,269000,5995000,171.3,2.55,34700,1204300,,-0.375334,,0.00060289,0.0,26.859202,2023-08-01
8800,2023-07-27 11:50:00,19600.0,19721.05,1719600,10891550,125.45,6.25,271950,2547900,0.610522,-0.403236,0.00073529,0.00063709,22.268361,25.94289,2023-08-01
3540,2023-07-27 11:50:00,19650.0,19721.05,1615400,10304650,83.8,14.85,390100,2605250,0.570495,-0.434918,0.00072071,0.00065547,23.261785,25.637184,2023-08-01
908,2023-07-27 11:50:00,19700.0,19721.05,7572950,14657850,51.1,32.25,1565650,4215950,0.533099,-0.468443,0.00069664,0.00064586,24.364126,26.287917,2023-08-01
6170,2023-07-27 11:50:00,19750.0,19721.05,13605150,10004550,27.7,58.95,2429850,2558900,0.498514,-0.500457,0.00068232,0.00063142,24.960985,26.973298,2023-08-01
11428,2023-07-27 11:50:00,19800.0,19721.05,28588350,9983750,15.3,96.4,3337100,1532200,0.468287,-0.528142,0.00062667,0.00057735,27.09193,29.426133,2023-08-01
16685,2023-07-27 11:50:00,19850.0,19721.05,22780250,4095300,8.2,138.75,2460000,415000,0.442231,-0.551879,0.00058096,0.00053429,29.008521,31.607086,2023-08-01
21939,2023-07-27 11:50:00,19900.0,19721.05,26711600,3313000,4.85,185.4,2605200,267400,0.421999,-0.56862,0.00052708,0.00047588,31.693166,35.258969,2023-08-01
27191,2023-07-27 11:50:00,19950.0,19721.05,14403050,879300,3.15,234.4,840000,35750,0.406452,-0.577651,0.00047637,0.00041095,34.764962,40.65721,2023-08-01
24567,2023-07-27 11:51:00,19450.0,19722.95,170400,3395950,272.55,1.1,1400,190600,,-0.348796,,0.00046525,0.0,33.944671,2023-08-01
19314,2023-07-27 11:51:00,19500.0,19722.95,1536400,10161150,225.0,1.55,37400,693250,0.645024,-0.359716,0.00054482,0.0005267,29.171263,30.315284,2023-08-01
14058,2023-07-27 11:51:00,19550.0,19722.95,271450,6095550,176.65,2.1,14400,1205600,0.621813,-0.370971,0.00058218,0.00061824,27.879187,26.093766,2023-08-01
8801,2023-07-27 11:51:00,19600.0,19722.95,1726950,10708150,128.8,5.25,255950,2337300,0.602199,-0.398836,0.00066663,0.0006593,24.704908,24.997162,2023-08-01
3541,2023-07-27 11:51:00,19650.0,19722.95,1652250,10353600,86.6,12.95,324350,2437700,0.569022,-0.431205,0.00068698,0.0006843,24.41907,24.517209,2023-08-01
909,2023-07-27 11:51:00,19700.0,19722.95,7808000,14022350,52.9,29.4,1313250,3874850,0.533975,-0.466179,0.00068278,0.00067807,24.853042,25.026561,2023-08-01
6171,2023-07-27 11:51:00,19750.0,19722.95,13848250,9608250,28.9,55.45,1788150,1685100,0.499974,-0.499928,0.00067294,0.00066747,25.308422,25.516036,2023-08-01
11429,2023-07-27 11:51:00,19800.0,19722.95,28305850,9759750,15.95,92.65,2810950,1088100,0.469813,-0.529605,0.00062193,0.0006136,27.305711,27.679529,2023-08-01
16686,2023-07-27 11:51:00,19850.0,19722.95,22548500,3980050,8.4,135.0,2504850,542650,0.443313,-0.5557,0.0005813,0.0005733,29.00202,29.416834,2023-08-01
21940,2023-07-27 11:51:00,19900.0,19722.95,26453850,3268350,4.95,181.45,2904050,175850,0.422926,-0.575827,0.0005277,0.00052079,31.669765,32.109929,2023-08-01
27192,2023-07-27 11:51:00,19950.0,19722.95,14420000,868250,3.1,229.95,1798250,23800,0.406523,-0.589324,0.00048006,0.00046276,34.498328,35.876869,2023-08-01
24568,2023-07-27 11:52:00,19450.0,19725.0,170400,3395950,279.55,1.05,800,141600,0.625848,-0.348009,0.00037964,0.00046422,42.608282,33.99028,2023-08-01
19315,2023-07-27 11:52:00,19500.0,19725.0,1536400,10161150,228.8,1.5,16500,358400,0.62609,-0.35912,0.00046652,0.00052426,34.666365,30.437786,2023-08-01
14059,2023-07-27 11:52:00,19550.0,19725.0,271450,6095550,179.2,2.15,14400,727900,0.618135,-0.371541,0.00055711,0.00060852,29.218844,26.522918,2023-08-01
8802,2023-07-27 11:52:00,19600.0,19725.0,1726950,10708150,132.55,5.0,226650,1687400,0.595199,-0.397526,0.00060705,0.00065836,27.25167,25.009748,2023-08-01
3542,2023-07-27 11:52:00,19650.0,19725.0,1652250,10353600,90.25,12.2,228000,1742950,0.566543,-0.429344,0.00064154,0.00068908,26.176094,24.326003,2023-08-01
910,2023-07-27 11:52:00,19700.0,19725.0,7808000,14022350,55.7,27.7,1145150,2304300,0.534411,-0.464302,0.00065446,0.00069186,25.925083,24.517004,2023-08-01
6172,2023-07-27 11:52:00,19750.0,19725.0,13848250,9608250,30.55,52.75,1630150,1119750,0.501595,-0.49894,0.00065767,0.00069161,25.894973,24.624151,2023-08-01
11430,2023-07-27 11:52:00,19800.0,19725.0,28305850,9759750,16.85,89.15,1894550,671300,0.47164,-0.530677,0.00061384,0.00064822,27.67377,26.194728,2023-08-01
16687,2023-07-27 11:52:00,19850.0,19725.0,22548500,3980050,8.85,131.3,1643700,177550,0.445057,-0.559779,0.00057692,0.00061698,29.239071,27.292392,2023-08-01
21941,2023-07-27 11:52:00,19900.0,19725.0,26453850,3268350,5.15,177.45,1616850,107650,0.42431,-0.585772,0.00052622,0.00058305,31.779353,28.53176,2023-08-01
27193,2023-07-27 11:52:00,19950.0,19725.0,14420000,868250,3.3,226.15,945900,21250,0.408358,-0.602804,0.00047671,0.0005237,34.777826,31.4337,2023-08-01
24569,2023-07-27 11:53:00,19500.0,19730.0,1536400,10161150,233.7,1.5,12250,207250,0.627032,-0.358977,0.00046006,0.00051357,35.118363,31.060975,2023-08-01
19316,2023-07-27 11:53:00,19550.0,19730.0,271450,6095550,184.6,2.1,9050,471600,0.615912,-0.370759,0.00053105,0.00059601,30.700546,27.056401,2023-08-01
14060,2023-07-27 11:53:00,19600.0,19730.0,1726950,10708150,137.5,4.8,198650,1514600,0.595974,-0.395996,0.00059024,0.00064493,28.00931,25.499436,2023-08-01
8803,2023-07-27 11:53:00,19650.0,19730.0,1652250,10353600,94.0,11.3,193350,1272350,0.569825,-0.426377,0.00064134,0.00068271,26.141791,24.514958,2023-08-01
3543,2023-07-27 11:53:00,19700.0,19730.0,7808000,14022350,58.45,26.05,1070450,1848750,0.537808,-0.461109,0.00065711,0.00068453,25.795893,24.755948,2023-08-01
911,2023-07-27 11:53:00,19750.0,19730.0,13848250,9608250,32.5,49.95,1595650,973850,0.504873,-0.495445,0.00065827,0.00068761,25.864867,24.761269,2023-08-01
6173,2023-07-27 11:53:00,19800.0,19730.0,28305850,9759750,17.9,85.75,1816950,630250,0.474527,-0.526941,0.00061689,0.00064043,27.545413,26.526409,2023-08-01
11431,2023-07-27 11:53:00,19850.0,19730.0,22548500,3980050,9.3,127.25,1452050,131700,0.447363,-0.555784,0.00058233,0.0006096,28.984911,27.65832,2023-08-01
16688,2023-07-27 11:53:00,19900.0,19730.0,26453850,3268350,5.2,173.05,1592800,83350,0.42544,-0.581147,0.00053547,0.00057385,31.241781,29.056228,2023-08-01
21942,2023-07-27 11:53:00,19950.0,19730.0,14420000,868250,3.35,221.2,886800,13400,0.409438,-0.601533,0.0004829,0.0005303,34.348256,31.063087,2023-08-01
27194,2023-07-27 11:53:00,20000.0,19730.0,19526300,1532750,2.6,271.4,489000,14700,0.399379,-0.604015,0.00042894,0.00044052,38.426732,37.331736,2023-08-01
24570,2023-07-27 11:54:00,19500.0,19736.95,1540650,10327050,240.85,1.45,13750,126050,0.625977,-0.357978,0.00044248,0.00050233,36.535735,31.716551,2023-08-01
19317,2023-07-27 11:54:00,19550.0,19736.95,270450,6160700,192.45,1.9,10400,594500,0.611645,-0.368118,0.00049097,0.00058678,33.303999,27.41008,2023-08-01
14061,2023-07-27 11:54:00,19600.0,19736.95,1708100,11187450,144.95,4.15,210550,1355800,0.595128,-0.391726,0.00055596,0.00064139,29.743644,25.556343,2023-08-01
8804,2023-07-27 11:54:00,19650.0,19736.95,1691800,10680800,100.2,9.95,218750,1750050,0.572713,-0.421789,0.0006239,0.00067939,26.829664,24.572318,2023-08-01
3544,2023-07-27 11:54:00,19700.0,19736.95,8314750,14554750,63.2,23.1,1155600,2280850,0.542021,-0.456059,0.00064854,0.00068978,26.101645,24.52807,2023-08-01
912,2023-07-27 11:54:00,19750.0,19736.95,14146750,9716200,35.5,45.35,1558350,1077400,0.509447,-0.490705,0.00065742,0.00069807,25.885348,24.378405,2023-08-01
6174,2023-07-27 11:54:00,19800.0,19736.95,28821050,9953750,19.5,79.5,1634950,621300,0.478593,-0.523599,0.00062104,0.00066094,27.370059,25.709773,2023-08-01
11432,2023-07-27 11:54:00,19850.0,19736.95,22372700,3942950,10.05,120.45,1379800,165400,0.450754,-0.55366,0.00058895,0.00062997,28.682663,26.776016,2023-08-01
16689,2023-07-27 11:54:00,19900.0,19736.95,26335750,3245800,5.55,164.85,1150600,101700,0.42814,-0.588325,0.00054245,0.00064335,30.87032,25.807939,2023-08-01
21943,2023-07-27 11:54:00,19950.0,19736.95,13524000,878950,3.4,213.0,485050,19250,0.410735,-0.620172,0.0004929,0.00063094,33.667095,25.745878,2023-08-01
27195,2023-07-27 11:54:00,20000.0,19736.95,19290800,1525350,2.6,263.0,577400,15700,0.40018,-0.625016,0.00043729,0.00052534,37.701929,30.79853,2023-08-01
24571,2023-07-27 11:55:00,19500.0,19742.75,1540650,10327050,245.25,1.3,30650,496250,0.638891,-0.355546,0.00047924,0.00049906,33.337378,31.840532,2023-08-01
19318,2023-07-27 11:55:00,19550.0,19742.75,270450,6160700,196.45,1.8,9050,535950,0.622867,-0.366647,0.00052881,0.00057625,30.644425,27.867695,2023-08-01
14062,2023-07-27 11:55:00,19600.0,19742.75,1708100,11187450,148.9,3.8,215750,2117600,0.60283,-0.389076,0.00058293,0.00063298,28.219693,25.840278,2023-08-01
8805,2023-07-27 11:55:00,19650.0,19742.75,1691800,10680800,103.85,9.3,284800,2007150,0.578446,-0.41904,0.00064288,0.00066667,25.958999,25.000242,2023-08-01
3545,2023-07-27 11:55:00,19700.0,19742.75,8314750,14554750,66.15,21.85,1489900,3108100,0.546448,-0.452849,0.00066052,0.0006739,25.59041,25.077197,2023-08-01
913,2023-07-27 11:55:00,19750.0,19742.75,14146750,9716200,37.5,43.35,2563400,1623750,0.513273,-0.486708,0.00066682,0.0006767,25.507755,25.135346,2023-08-01
6175,2023-07-27 11:55:00,19800.0,19742.75,28821050,9953750,20.65,76.9,2705150,893900,0.481807,-0.51835,0.00062894,0.00063212,27.031176,26.89452,2023-08-01
11433,2023-07-27 11:55:00,19850.0,19742.75,22372700,3942950,10.75,117.15,1860550,239200,0.453712,-0.546366,0.00059387,0.00059463,28.463897,28.427039,2023-08-01
16690,2023-07-27 11:55:00,19900.0,19742.75,26335750,3245800,5.85,162.2,1284400,192050,0.430419,-0.569914,0.00054857,0.00055069,30.550535,30.428563,2023-08-01
21944,2023-07-27 11:55:00,19950.0,19742.75,13524000,878950,3.5,209.8,408400,19950,0.412248,-0.588616,0.0004998,0.0005038,33.22393,32.943878,2023-08-01
27196,2023-07-27 11:55:00,20000.0,19742.75,19290800,1525350,2.65,257.55,383600,42650,0.401323,-0.616847,0.00044291,0.00050825,37.243051,32.038098,2023-08-01
24572,2023-07-27 11:56:00,19500.0,19744.7,1540650,10327050,246.85,1.35,11100,644250,0.643462,-0.356446,0.00049164,0.00049196,32.351676,32.327541,2023-08-01
19319,2023-07-27 11:56:00,19550.0,19744.7,270450,6160700,197.75,1.7,8200,409800,0.628375,-0.365492,0.00054851,0.00057575,29.405151,27.8615,2023-08-01
14063,2023-07-27 11:56:00,19600.0,19744.7,1708100,11187450,149.7,3.75,101450,1404450,0.60859,-0.38873,0.00061076,0.000627,26.824979,26.079406,2023-08-01
8806,2023-07-27 11:56:00,19650.0,19744.7,1691800,10680800,104.65,8.9,153550,1378200,0.581603,-0.417711,0.0006601,0.00066644,25.239822,24.99068,2023-08-01
3546,2023-07-27 11:56:00,19700.0,19744.7,8314750,14554750,66.7,20.95,945300,2081600,0.548396,-0.451351,0.00067234,0.00067696,25.125029,24.951703,2023-08-01
914,2023-07-27 11:56:00,19750.0,19744.7,14146750,9716200,37.95,41.8,1588550,1121250,0.514597,-0.485359,0.00067319,0.0006842,25.26284,24.856107,2023-08-01
6176,2023-07-27 11:56:00,19800.0,19744.7,28821050,9953750,20.95,74.75,1979400,601450,0.482868,-0.517692,0.00063242,0.00064429,26.884744,26.387538,2023-08-01
11434,2023-07-27 11:56:00,19850.0,19744.7,22372700,3942950,10.75,114.65,1300200,143350,0.454314,-0.546909,0.00059957,0.00061186,28.197482,27.62129,2023-08-01
16691,2023-07-27 11:56:00,19900.0,19744.7,26335750,3245800,5.85,160.0,1005250,119950,0.430919,-0.57042,0.00055244,0.00056108,30.342213,29.857072,2023-08-01
21945,2023-07-27 11:56:00,19950.0,19744.7,13524000,878950,3.5,207.6,360200,12900,0.412697,-0.589886,0.00050248,0.00051457,33.054155,32.229128,2023-08-01
27197,2023-07-27 11:56:00,20000.0,19744.7,19290800,1525350,2.6,256.65,394300,15100,0.401324,-0.602643,0.00044625,0.00046068,36.963488,35.711468,2023-08-01
24573,2023-07-27 11:57:00,19500.0,19742.6,1528300,10376150,245.0,1.4,22400,482650,0.639499,-0.357632,0.00048173,0.00049198,33.150654,32.369876,2023-08-01
19320,2023-07-27 11:57:00,19550.0,19742.6,264550,6222400,194.25,1.8,13950,422150,0.648535,-0.367185,0.00064287,0.0005743,24.619677,27.979825,2023-08-01
14064,2023-07-27 11:57:00,19600.0,19742.6,1729300,11007000,147.8,3.9,98150,1339550,0.606985,-0.390142,0.0006094,0.0006271,26.920202,26.106594,2023-08-01
8807,2023-07-27 11:57:00,19650.0,19742.6,1685100,10792750,103.3,9.35,163800,1610700,0.579071,-0.419512,0.00064981,0.00066323,25.677591,25.139606,2023-08-01
3547,2023-07-27 11:57:00,19700.0,19742.6,8140250,14786050,65.45,21.85,1033100,1994200,0.546745,-0.453062,0.00066819,0.00067186,25.298346,25.158478,2023-08-01
915,2023-07-27 11:57:00,19750.0,19742.6,14091000,9915700,37.1,43.5,1694650,1239750,0.513174,-0.48682,0.00066918,0.00067252,25.421778,25.295612,2023-08-01
6177,2023-07-27 11:57:00,19800.0,19742.6,29055600,10025900,20.4,77.0,2145600,838050,0.481683,-0.518315,0.00062948,0.00062944,27.011389,27.013111,2023-08-01
11435,2023-07-27 11:57:00,19850.0,19742.6,22508650,3947950,10.6,116.95,1788350,190450,0.453641,-0.546867,0.00059365,0.00059863,28.477833,28.236796,2023-08-01
16692,2023-07-27 11:57:00,19900.0,19742.6,26531200,3181250,5.8,162.4,1154150,114600,0.43058,-0.569395,0.00054699,0.00054684,30.645101,30.654275,2023-08-01
21946,2023-07-27 11:57:00,19950.0,19742.6,13469900,876500,3.4,210.0,547050,15100,0.412053,-0.587893,0.00050032,0.00050007,33.190002,33.207857,2023-08-01
27198,2023-07-27 11:57:00,20000.0,19742.6,19314600,1510500,2.55,259.35,610400,17200,0.400988,-0.597281,0.00044385,0.00043761,37.161241,37.733248,2023-08-01
24574,2023-07-27 11:58:00,19500.0,19749.85,1528300,10376150,252.15,1.25,18400,232350,0.641069,-0.355049,0.00047328,0.00048671,33.681454,32.626855,2023-08-01
19321,2023-07-27 11:58:00,19550.0,19749.85,264550,6222400,202.65,1.5,10400,429150,0.630831,-0.362887,0.00054544,0.00057252,29.503621,27.947855,2023-08-01
14065,2023-07-27 11:58:00,19600.0,19749.85,1729300,11007000,154.3,3.15,164150,1628650,0.612052,-0.38447,0.0006111,0.00063135,26.739241,25.813252,2023-08-01
8808,2023-07-27 11:58:00,19650.0,19749.85,1685100,10792750,108.8,7.8,210100,2165250,0.585122,-0.413773,0.00065982,0.00066951,25.199313,24.819419,2023-08-01
3548,2023-07-27 11:58:00,19700.0,19749.85,8140250,14786050,70.0,19.2,1268000,2776050,0.551928,-0.447893,0.00067268,0.00067566,25.080975,24.968922,2023-08-01
916,2023-07-27 11:58:00,19750.0,19749.85,14091000,9915700,39.8,39.35,1805800,1515750,0.518138,-0.481893,0.00068137,0.00067799,24.947385,25.071631,2023-08-01
6178,2023-07-27 11:58:00,19800.0,19749.85,29055600,10025900,21.95,71.55,2080650,778400,0.485809,-0.514016,0.00063989,0.00063572,26.575021,26.749942,2023-08-01
11436,2023-07-27 11:58:00,19850.0,19749.85,22508650,3947950,11.15,111.2,1389100,176400,0.456639,-0.542063,0.00060801,0.00059424,27.82066,28.475573,2023-08-01
16693,2023-07-27 11:58:00,19900.0,19749.85,26531200,3181250,6.05,155.7,1080450,111150,0.432888,-0.566021,0.00055884,0.00055153,30.016935,30.428557,2023-08-01
21947,2023-07-27 11:58:00,19950.0,19749.85,13469900,876500,3.55,203.0,566500,17100,0.414061,-0.585298,0.00050897,0.00050588,32.653562,32.864562,2023-08-01
27199,2023-07-27 11:58:00,20000.0,19749.85,19314600,1510500,2.65,252.0,241350,14450,0.402686,-0.59726,0.00045027,0.00045007,36.660337,36.678243,2023-08-01
24575,2023-07-27 11:59:00,19500.0,19753.55,1528300,10376150,252.85,1.3,46300,848050,,-0.355843,,0.00047696,0.0,33.316713,2023-08-01
19322,2023-07-27 11:59:00,19550.0,19753.55,264550,6222400,203.2,1.55,20800,715950,,-0.363531,,0.0005597,0.0,28.60159,2023-08-01
14066,2023-07-27 11:59:00,19600.0,19753.55,1729300,11007000,153.95,3.05,162350,1966150,,-0.383516,,0.0006223,0.0,26.166468,2023-08-01
8809,2023-07-27 11:59:00,19650.0,19753.55,1685100,10792750,108.3,7.55,232750,2338100,0.603555,-0.412456,0.00079108,0.00065866,20.778404,25.206392,2023-08-01
3549,2023-07-27 11:59:00,19700.0,19753.55,8140250,14786050,69.65,18.6,1499300,2799150,0.558411,-0.446104,0.00073372,0.00066387,22.939636,25.394232,2023-08-01
917,2023-07-27 11:59:00,19750.0,19753.55,14091000,9915700,39.7,38.6,2569200,1598350,0.521119,-0.479628,0.00071551,0.00065856,23.745321,25.801367,2023-08-01
6179,2023-07-27 11:59:00,19800.0,19753.55,29055600,10025900,21.9,70.8,2662100,915200,0.487408,-0.510558,0.00066015,0.0006072,25.760036,28.01051,2023-08-01
11437,2023-07-27 11:59:00,19850.0,19753.55,22508650,3947950,11.3,110.35,1548400,265350,0.458008,-0.536444,0.00061803,0.00055699,27.376444,30.418292,2023-08-01
16694,2023-07-27 11:59:00,19900.0,19753.55,26531200,3181250,6.15,154.8,1516650,141450,0.434064,-0.556995,0.00056537,0.00050411,29.681551,33.405076,2023-08-01
21948,2023-07-27 11:59:00,19950.0,19753.55,13469900,876500,3.65,202.2,627350,28000,0.415337,-0.571472,0.00051239,0.00044769,32.454492,37.39243,2023-08-01
27200,2023-07-27 11:59:00,20000.0,19753.55,19314600,1510500,2.7,251.4,345300,23200,0.403665,-0.579305,0.00045326,0.00038885,36.436734,42.886558,2023-08-01
24576,2023-07-27 12:00:00,19500.0,19751.45,1509950,10536950,248.65,1.35,41500,286750,,-0.357045,,0.00047679,0.0,33.37337,2023-08-01
19323,2023-07-27 12:00:00,19550.0,19751.45,257050,6229550,200.3,1.75,18800,600800,,-0.366563,,0.00055244,0.0,29.063353,2023-08-01
14067,2023-07-27 12:00:00,19600.0,19751.45,1713900,11170350,151.85,3.5,147500,1626200,,-0.387166,,0.00060949,0.0,26.79552,2023-08-01
8810,2023-07-27 12:00:00,19650.0,19751.45,1656000,10864350,106.5,8.4,220300,1914550,0.601175,-0.415624,0.00078614,0.0006438,20.94609,25.838573,2023-08-01
3550,2023-07-27 12:00:00,19700.0,19751.45,7762150,14768550,67.8,20.1,1253250,2707350,0.55726,-0.448567,0.00074041,0.00064681,22.7459,26.089855,2023-08-01
918,2023-07-27 12:00:00,19750.0,19751.45,14212400,10065850,38.65,40.7,2541600,1763150,0.519588,-0.481198,0.00071344,0.0006403,23.822911,26.546928,2023-08-01
6180,2023-07-27 12:00:00,19800.0,19751.45,29315600,10013550,21.2,73.5,2841600,964800,0.486068,-0.510986,0.00065893,0.00058689,25.809106,28.983876,2023-08-01
11438,2023-07-27 12:00:00,19850.0,19751.45,22780600,3873600,11.05,113.15,1893300,289650,0.457115,-0.535852,0.00061347,0.00053829,27.578196,31.485254,2023-08-01
16695,2023-07-27 12:00:00,19900.0,19751.45,26566150,3154800,6.05,158.3,1731900,188550,0.433526,-0.553909,0.00056072,0.00047637,29.925623,35.395249,2023-08-01
21949,2023-07-27 12:00:00,19950.0,19751.45,13721100,876750,3.6,206.15,932300,30900,0.415013,-0.565708,0.00050847,0.00041538,32.704284,40.410194,2023-08-01
27201,2023-07-27 12:00:00,20000.0,19751.45,19240350,1499700,2.7,254.8,513900,18100,0.403742,-0.57447,0.00044917,0.00036772,36.776843,45.46792,2023-08-01
24577,2023-07-27 12:01:00,19500.0,19751.7,1509950,10536950,254.0,1.4,9350,490750,0.640238,-0.35804,0.00046694,0.0004729,34.169737,33.682906,2023-08-01
19324,2023-07-27 12:01:00,19550.0,19751.7,257050,6229550,204.0,1.75,6700,326700,0.636138,-0.366807,0.0005633,0.00055073,28.434024,29.16154,2023-08-01
14068,2023-07-27 12:01:00,19600.0,19751.7,1713900,11170350,155.2,3.35,106250,1073400,0.618414,-0.386354,0.00064054,0.00061323,25.388598,26.617326,2023-08-01
8811,2023-07-27 12:01:00,19650.0,19751.7,1656000,10864350,109.8,7.85,124750,1291300,0.587626,-0.414091,0.0006704,0.00065562,24.769547,25.352405,2023-08-01
3551,2023-07-27 12:01:00,19700.0,19751.7,7762150,14768550,70.55,18.9,652700,1788600,0.553777,-0.447231,0.00068216,0.0006659,24.71998,25.332153,2023-08-01
919,2023-07-27 12:01:00,19750.0,19751.7,14212400,10065850,40.55,38.75,1301800,1207750,0.519376,-0.480751,0.00067965,0.00066801,25.009394,25.44571,2023-08-01
6181,2023-07-27 12:01:00,19800.0,19751.7,29315600,10013550,22.5,70.75,1359900,591000,0.487134,-0.512379,0.00063626,0.00062419,26.732723,27.250502,2023-08-01
11439,2023-07-27 12:01:00,19850.0,19751.7,22780600,3873600,11.75,109.8,1052550,173900,0.458603,-0.540449,0.00059899,0.00058875,28.25768,28.755977,2023-08-01
16696,2023-07-27 12:01:00,19900.0,19751.7,26566150,3154800,6.4,154.7,1015000,120100,0.435001,-0.562398,0.00055168,0.00053406,30.436937,31.474442,2023-08-01
21950,2023-07-27 12:01:00,19950.0,19751.7,13721100,876750,3.65,201.35,512300,8100,0.415574,-0.583292,0.00050638,0.00050086,32.85117,33.233931,2023-08-01
27202,2023-07-27 12:01:00,20000.0,19751.7,19240350,1499700,2.7,250.0,372300,20350,0.404022,-0.597681,0.00044856,0.00045496,36.834995,36.277907,2023-08-01
24578,2023-07-27 12:02:00,19500.0,19752.7,1509950,10536950,251.5,1.4,19750,390600,,-0.358244,,0.00047033,0.0,33.873916,2023-08-01
19325,2023-07-27 12:02:00,19550.0,19752.7,257050,6229550,202.1,1.75,13100,329750,,-0.366985,,0.00054733,0.0,29.348066,2023-08-01
14069,2023-07-27 12:02:00,19600.0,19752.7,1713900,11170350,153.75,3.45,125550,1050100,0.667364,-0.387136,0.00089538,0.00060492,17.308308,26.999295,2023-08-01
8812,2023-07-27 12:02:00,19650.0,19752.7,1656000,10864350,109.0,8.1,143550,1297800,0.594559,-0.414838,0.00072288,0.00064334,22.877673,25.847568,2023-08-01
3552,2023-07-27 12:02:00,19700.0,19752.7,7762150,14768550,70.4,19.5,910550,2021950,0.555483,-0.447698,0.00069811,0.00064763,24.141248,26.051192,2023-08-01
920,2023-07-27 12:02:00,19750.0,19752.7,14212400,10065850,40.4,39.45,1711700,1175300,0.520177,-0.480323,0.00068958,0.00064719,24.647376,26.263416,2023-08-01
6182,2023-07-27 12:02:00,19800.0,19752.7,29315600,10013550,22.3,71.65,2077700,686950,0.487479,-0.510742,0.00064367,0.00059885,26.425905,28.407516,2023-08-01
11440,2023-07-27 12:02:00,19850.0,19752.7,22780600,3873600,11.7,110.95,1274150,166600,0.458896,-0.536679,0.00060239,0.00055435,28.100669,30.569222,2023-08-01
16697,2023-07-27 12:02:00,19900.0,19752.7,26566150,3154800,6.35,156.0,1259050,80600,0.435178,-0.555804,0.00055433,0.00049311,30.29406,34.173193,2023-08-01
21951,2023-07-27 12:02:00,19950.0,19752.7,13721100,876750,3.8,203.95,570500,11050,0.416803,-0.568013,0.00050295,0.00042903,33.097966,39.088453,2023-08-01
27203,2023-07-27 12:02:00,20000.0,19752.7,19240350,1499700,2.8,251.95,511200,15050,0.405153,-0.579979,0.00044609,0.00039008,37.066359,42.747103,2023-08-01
24579,2023-07-27 12:03:00,19500.0,19744.75,1509600,10617900,244.6,1.55,36300,168200,,-0.361199,,0.00047505,0.0,33.648584,2023-08-01
19326,2023-07-27 12:03:00,19550.0,19744.75,257650,6161350,195.25,2.05,14900,360850,,-0.371353,,0.00054964,0.0,29.351584,2023-08-01
14070,2023-07-27 12:03:00,19600.0,19744.75,1702700,11309850,147.3,4.3,109200,1283550,0.626803,-0.393435,0.00071862,0.00059827,22.48545,27.437279,2023-08-01
8813,2023-07-27 12:03:00,19650.0,19744.75,1635600,10818550,102.65,9.9,167100,1575350,0.586647,-0.421392,0.00070614,0.00063203,23.540419,26.414188,2023-08-01
3553,2023-07-27 12:03:00,19700.0,19744.75,7551000,14881500,65.3,22.75,928650,2339000,0.549312,-0.453627,0.00068861,0.00063456,24.536004,26.649592,2023-08-01
921,2023-07-27 12:03:00,19750.0,19744.75,14048950,10113550,36.95,44.35,1577250,1581250,0.514644,-0.485519,0.00067953,0.00063221,25.038787,26.913331,2023-08-01
6183,2023-07-27 12:03:00,19800.0,19744.75,29348200,10013000,20.3,77.95,2011300,815900,0.482844,-0.514761,0.00063337,0.0005836,26.856746,29.154051,2023-08-01
11441,2023-07-27 12:03:00,19850.0,19744.75,22747050,3883800,10.7,118.15,1246300,223600,0.455169,-0.53956,0.0005912,0.00053897,28.617058,31.434714,2023-08-01
16698,2023-07-27 12:03:00,19900.0,19744.75,26544750,3138350,5.95,163.8,1160650,159100,0.432628,-0.557226,0.00054155,0.00047677,30.99024,35.342971,2023-08-01
21952,2023-07-27 12:03:00,19950.0,19744.75,13846650,873850,3.65,211.55,364250,17750,0.415247,-0.56979,0.00049062,0.000421,33.916669,39.821259,2023-08-01
27204,2023-07-27 12:03:00,20000.0,19744.75,19064350,1506500,2.75,260.2,578850,27500,0.404366,-0.579144,0.00043523,0.00037537,37.990185,44.462634,2023-08-01
24580,2023-07-27 12:04:00,19500.0,19742.4,1509600,10617900,244.9,1.5,23300,105450,0.636038,-0.361,0.00046965,0.00048036,34.130407,33.276587,2023-08-01
19327,2023-07-27 12:04:00,19550.0,19742.4,257650,6161350,195.7,2.0,5750,405350,0.623602,-0.371307,0.00053319,0.00055639,30.392955,28.999787,2023-08-01
14071,2023-07-27 12:04:00,19600.0,19742.4,1702700,11309850,147.9,4.2,78200,1107400,0.603823,-0.393414,0.0005906,0.00060781,27.851574,27.011139,2023-08-01
8814,2023-07-27 12:04:00,19650.0,19742.4,1635600,10818550,103.5,9.55,106600,1383600,0.576955,-0.421154,0.00063098,0.00064906,26.484813,25.722543,2023-08-01
3554,2023-07-27 12:04:00,19700.0,19742.4,7551000,14881500,65.7,22.2,591450,1893400,0.545681,-0.454021,0.0006505,0.00065627,26.00668,25.776047,2023-08-01
922,2023-07-27 12:04:00,19750.0,19742.4,14048950,10113550,37.2,43.5,1093850,1136350,0.51301,-0.486979,0.00065504,0.00066367,25.983344,25.645321,2023-08-01
6184,2023-07-27 12:04:00,19800.0,19742.4,29348200,10013000,20.35,77.0,1251050,651800,0.482065,-0.51808,0.00061908,0.00062197,27.479616,27.35142,2023-08-01
11442,2023-07-27 12:04:00,19850.0,19742.4,22747050,3883800,10.65,117.3,839950,133050,0.454655,-0.545693,0.00058248,0.00058588,29.046592,28.875249,2023-08-01
16699,2023-07-27 12:04:00,19900.0,19742.4,26544750,3138350,5.95,162.5,1044250,143300,0.432455,-0.568573,0.00053435,0.00054086,31.410936,31.019385,2023-08-01
21953,2023-07-27 12:04:00,19950.0,19742.4,13846650,873850,3.55,209.55,365200,19000,0.414617,-0.591038,0.00048795,0.00051408,34.097022,32.259116,2023-08-01
27205,2023-07-27 12:04:00,20000.0,19742.4,19064350,1506500,2.65,258.2,180800,18300,0.403641,-0.609949,0.00043392,0.00048281,38.094249,33.922631,2023-08-01
24581,2023-07-27 12:05:00,19500.0,19743.8,1509600,10617900,246.9,1.5,9850,261550,0.629779,-0.361168,0.00044409,0.00047702,36.298443,33.51525,2023-08-01
19328,2023-07-27 12:05:00,19550.0,19743.8,257650,6161350,197.65,2.0,4750,503150,0.61922,-0.371437,0.00050928,0.0005519,31.93341,29.238959,2023-08-01
14072,2023-07-27 12:05:00,19600.0,19743.8,1702700,11309850,150.1,4.0,55750,888550,0.600182,-0.392321,0.00056239,0.0006089,29.320076,26.942076,2023-08-01
8815,2023-07-27 12:05:00,19650.0,19743.8,1635600,10818550,105.25,9.2,88050,918200,0.576289,-0.420125,0.00061599,0.00064986,27.138272,25.677433,2023-08-01
3555,2023-07-27 12:05:00,19700.0,19743.8,7551000,14881500,67.45,21.5,483400,1369450,0.545774,-0.452958,0.00063483,0.00065879,26.647925,25.669409,2023-08-01
923,2023-07-27 12:05:00,19750.0,19743.8,14048950,10113550,38.3,42.45,880850,922950,0.513906,-0.486041,0.00064646,0.00066734,26.326011,25.502274,2023-08-01
6185,2023-07-27 12:05:00,19800.0,19743.8,29348200,10013000,21.1,75.4,1067550,426900,0.483262,-0.51765,0.0006123,0.00063105,27.787135,26.958953,2023-08-01
11443,2023-07-27 12:05:00,19850.0,19743.8,22747050,3883800,11.05,115.7,943200,90650,0.455906,-0.545646,0.00057827,0.00059361,29.268397,28.499277,2023-08-01
16700,2023-07-27 12:05:00,19900.0,19743.8,26544750,3138350,6.1,160.75,670900,70600,0.433414,-0.569575,0.00053313,0.00055224,31.495824,30.366246,2023-08-01
21954,2023-07-27 12:05:00,19950.0,19743.8,13846650,873850,3.65,208.8,284800,10000,0.41561,-0.586074,0.00048665,0.00049449,34.206836,33.633111,2023-08-01
27206,2023-07-27 12:05:00,20000.0,19743.8,19064350,1506500,2.7,257.0,235650,12700,0.404419,-0.606842,0.00043344,0.00047423,38.155527,34.61358,2023-08-01
24582,2023-07-27 12:06:00,19500.0,19746.2,1535100,10564350,249.45,1.4,21000,146550,0.628421,-0.359877,0.00043475,0.00047696,37.120172,33.47601,2023-08-01
19329,2023-07-27 12:06:00,19550.0,19746.2,258000,6152800,200.25,1.95,6700,409700,0.617846,-0.370937,0.00049683,0.00054755,32.767035,29.45715,2023-08-01
14073,2023-07-27 12:06:00,19600.0,19746.2,1711100,11256700,152.0,3.85,82150,757150,0.602467,-0.391356,0.0005676,0.00060521,29.005512,27.086204,2023-08-01
8816,2023-07-27 12:06:00,19650.0,19746.2,1629650,10942650,107.1,8.85,120800,1003550,0.577873,-0.418875,0.00061646,0.00064644,27.094779,25.795151,2023-08-01
3556,2023-07-27 12:06:00,19700.0,19746.2,7564200,15183550,68.9,20.8,572400,1673700,0.54736,-0.451539,0.00063565,0.00065552,26.599722,25.784942,2023-08-01
924,2023-07-27 12:06:00,19750.0,19746.2,13979950,10142100,39.2,41.3,1001100,990650,0.515468,-0.484457,0.0006489,0.00066413,26.222077,25.620377,2023-08-01
6186,2023-07-27 12:06:00,19800.0,19746.2,29241550,9961250,21.7,73.9,1119300,483750,0.484692,-0.515938,0.00061313,0.00062676,27.752266,27.147162,2023-08-01
11444,2023-07-27 12:06:00,19850.0,19746.2,22792500,3879150,11.25,113.6,791900,109100,0.456986,-0.544333,0.00058152,0.00059491,29.11183,28.446257,2023-08-01
16701,2023-07-27 12:06:00,19900.0,19746.2,26408400,3142350,6.2,158.05,645600,72150,0.434338,-0.570277,0.00053565,0.00056572,31.35805,29.631689,2023-08-01
21955,2023-07-27 12:06:00,19950.0,19746.2,13768600,875400,3.65,206.5,309050,8150,0.416108,-0.584964,0.00049005,0.00049511,33.976525,33.609824,2023-08-01
27207,2023-07-27 12:06:00,20000.0,19746.2,18937250,1499350,2.75,255.0,215650,8650,0.40527,-0.601736,0.00043436,0.00046002,38.092798,35.805692,2023-08-01
24583,2023-07-27 12:07:00,19500.0,19740.55,1535100,10564350,246.0,1.45,12700,219550,0.614525,-0.361306,0.00039167,0.00048294,41.686242,33.118443,2023-08-01
19330,2023-07-27 12:07:00,19550.0,19740.55,258000,6152800,196.05,1.95,7750,405950,0.609059,-0.371732,0.00046935,0.00055973,34.928689,28.846304,2023-08-01
14074,2023-07-27 12:07:00,19600.0,19740.55,1711100,11256700,149.2,4.1,83700,1193250,0.59119,-0.393752,0.00051652,0.00061332,32.113644,26.782993,2023-08-01
8817,2023-07-27 12:07:00,19650.0,19740.55,1629650,10942650,103.6,9.6,171550,1519350,0.57202,-0.422124,0.00059428,0.0006518,28.195189,25.634557,2023-08-01
3557,2023-07-27 12:07:00,19700.0,19740.55,7564200,15183550,66.0,22.15,826700,2492750,0.543005,-0.454868,0.00062099,0.00066401,27.271452,25.489287,2023-08-01
925,2023-07-27 12:07:00,19750.0,19740.55,13979950,10142100,37.3,43.6,1546200,1704800,0.511815,-0.488216,0.00063516,0.00067408,26.807278,25.259474,2023-08-01
6187,2023-07-27 12:07:00,19800.0,19740.55,29241550,9961250,20.55,77.1,2071350,932950,0.481781,-0.520095,0.0006025,0.00063861,28.243301,26.640198,2023-08-01
11445,2023-07-27 12:07:00,19850.0,19740.55,22792500,3879150,10.7,117.5,1183550,221750,0.454755,-0.54937,0.00057109,0.00061061,29.63572,27.683347,2023-08-01
16702,2023-07-27 12:07:00,19900.0,19740.55,26408400,3142350,5.85,162.1,1201900,144250,0.432382,-0.579222,0.00052844,0.00060117,31.771009,27.774457,2023-08-01
21956,2023-07-27 12:07:00,19950.0,19740.55,13768600,875400,3.55,210.2,323050,15750,0.41513,-0.602621,0.00048126,0.00056244,34.591019,29.278678,2023-08-01
27208,2023-07-27 12:07:00,20000.0,19740.55,18937250,1499350,2.7,258.95,299200,28800,0.404696,-0.639782,0.0004271,0.00058402,38.740201,27.358085,2023-08-01
24584,2023-07-27 12:08:00,19500.0,19741.35,1535100,10564350,248.1,1.45,16900,124400,0.60928,-0.361527,0.00036951,0.00048055,44.360364,33.290589,2023-08-01
19331,2023-07-27 12:08:00,19550.0,19741.35,258000,6152800,199.15,1.9,4000,207150,0.600339,-0.371372,0.00042452,0.0005591,38.850669,28.870572,2023-08-01
14075,2023-07-27 12:08:00,19600.0,19741.35,1711100,11256700,150.65,3.75,55500,763350,0.589329,-0.391819,0.00050139,0.00062208,33.119786,26.370614,2023-08-01
8818,2023-07-27 12:08:00,19650.0,19741.35,1629650,10942650,105.5,8.8,78900,952250,0.570072,-0.420021,0.00057008,0.00066679,29.419034,25.03207,2023-08-01
3558,2023-07-27 12:08:00,19700.0,19741.35,7564200,15183550,67.85,20.8,457450,1469750,0.542434,-0.453375,0.00059918,0.0006827,28.269237,24.781258,2023-08-01
926,2023-07-27 12:08:00,19750.0,19741.35,13979950,10142100,38.5,41.55,790750,785200,0.512333,-0.487654,0.00062118,0.00070168,27.410155,24.265526,2023-08-01
6188,2023-07-27 12:08:00,19800.0,19741.35,29241550,9961250,21.05,74.3,927050,420850,0.482548,-0.521673,0.00059697,0.0006804,28.50785,24.99951,2023-08-01
11446,2023-07-27 12:08:00,19850.0,19741.35,22792500,3879150,10.95,114.4,729600,119350,0.455568,-0.555389,0.00056771,0.0006744,29.819902,25.01506,2023-08-01
16703,2023-07-27 12:08:00,19900.0,19741.35,26408400,3142350,5.95,159.8,698350,88400,0.433071,-0.590823,0.00052683,0.00067791,31.878039,24.474379,2023-08-01
21957,2023-07-27 12:08:00,19950.0,19741.35,13768600,875400,3.55,207.3,313000,8100,0.415454,,0.00048162,,34.572367,0.0,2023-08-01
27209,2023-07-27 12:08:00,20000.0,19741.35,18937250,1499350,2.75,255.75,309700,11600,0.405418,,0.0004258,,38.876569,0.0,2023-08-01
24585,2023-07-27 12:09:00,19500.0,19741.7,1538250,10572850,246.0,1.5,12000,162150,0.619969,-0.36246,0.00041091,0.00047649,39.569213,33.605942,2023-08-01
19332,2023-07-27 12:09:00,19550.0,19741.7,257350,6168250,198.9,1.9,3850,125450,0.602097,-0.371607,0.00043249,0.00055704,38.092842,28.984266,2023-08-01
14076,2023-07-27 12:09:00,19600.0,19741.7,1697400,11291000,149.15,3.95,49300,561250,0.594723,-0.393188,0.00053545,0.00061213,30.914456,26.826599,2023-08-01
8819,2023-07-27 12:09:00,19650.0,19741.7,1607000,11114800,104.55,9.15,85150,598550,0.572351,-0.421052,0.00059062,0.00065465,28.367707,25.511303,2023-08-01
3559,2023-07-27 12:09:00,19700.0,19741.7,7533100,15418800,66.8,21.6,429600,921500,0.543529,-0.454113,0.00061706,0.00066373,27.443153,25.496391,2023-08-01
927,2023-07-27 12:09:00,19750.0,19741.7,13878800,10314800,37.75,42.6,584250,519900,0.512543,-0.487441,0.00063336,0.00067758,26.883736,25.129465,2023-08-01
6189,2023-07-27 12:09:00,19800.0,19741.7,29103200,9986800,20.6,75.6,726350,289800,0.482382,-0.51984,0.00060423,0.00064814,28.166169,26.251171,2023-08-01
11447,2023-07-27 12:09:00,19850.0,19741.7,22708000,3878900,10.8,115.75,574800,54700,0.455493,-0.550307,0.00057035,0.00062669,29.682736,26.966818,2023-08-01
16704,2023-07-27 12:09:00,19900.0,19741.7,26246350,3146150,5.85,160.8,427850,51900,0.432947,-0.579593,0.00052879,0.00060808,31.759757,27.455892,2023-08-01
21958,2023-07-27 12:09:00,19950.0,19741.7,13808450,875850,3.5,208.75,133500,5150,0.415424,-0.606439,0.00048256,0.00058314,34.505909,28.167244,2023-08-01
27210,2023-07-27 12:09:00,20000.0,19741.7,18801450,1491150,2.7,256.05,276250,4900,0.40532,,0.00042672,,38.792537,0.0,2023-08-01
24586,2023-07-27 12:10:00,19500.0,19742.7,1538250,10572850,248.05,1.45,12400,94100,0.614463,-0.361989,0.00038786,0.00047623,42.102007,33.609493,2023-08-01
19333,2023-07-27 12:10:00,19550.0,19742.7,257350,6168250,200.5,1.95,5700,229250,0.600091,-0.372329,0.00042026,0.00055097,39.253533,29.322602,2023-08-01
14077,2023-07-27 12:10:00,19600.0,19742.7,1697400,11291000,150.4,3.95,79000,750150,0.593834,-0.393281,0.00052608,0.00060748,31.482797,27.034112,2023-08-01
8820,2023-07-27 12:10:00,19650.0,19742.7,1607000,11114800,105.5,9.1,110700,992100,0.572509,-0.42088,0.00058622,0.00064983,28.579073,25.698613,2023-08-01
3560,2023-07-27 12:10:00,19700.0,19742.7,7533100,15418800,67.4,21.1,607100,1526550,0.544114,-0.453368,0.00061632,0.00066514,27.471907,25.437126,2023-08-01
928,2023-07-27 12:10:00,19750.0,19742.7,13878800,10314800,38.2,41.9,938350,843900,0.513174,-0.486762,0.0006321,0.00067892,26.936377,25.078702,2023-08-01
6190,2023-07-27 12:10:00,19800.0,19742.7,29103200,9986800,20.8,74.7,1177250,404700,0.482978,-0.519291,0.00060437,0.00065016,28.162074,26.17191,2023-08-01
11448,2023-07-27 12:10:00,19850.0,19742.7,22708000,3878900,10.8,114.55,1002150,120550,0.45586,-0.550443,0.00057238,0.00063433,29.580926,26.641686,2023-08-01
16705,2023-07-27 12:10:00,19900.0,19742.7,26246350,3146150,5.85,159.5,809800,67400,0.433295,-0.581249,0.00053003,0.00062272,31.691232,26.787831,2023-08-01
21959,2023-07-27 12:10:00,19950.0,19742.7,13808450,875850,3.5,207.25,410950,13900,0.415771,-0.616344,0.00048329,0.00063155,34.461251,25.819168,2023-08-01
27211,2023-07-27 12:10:00,20000.0,19742.7,18801450,1491150,2.75,256.3,225200,8750,0.406057,,0.00042568,,38.905158,0.0,2023-08-01
24587,2023-07-27 12:11:00,19500.0,19743.1,1538250,10572850,249.6,1.45,10800,125600,0.609668,-0.362244,0.00036829,0.00047454,44.500004,33.739043,2023-08-01
19334,2023-07-27 12:11:00,19550.0,19743.1,257350,6168250,197.9,1.85,5450,285900,0.61183,-0.371454,0.00047641,0.00055381,34.345806,29.151359,2023-08-01
14078,2023-07-27 12:11:00,19600.0,19743.1,1697400,11291000,150.4,3.85,70100,1043350,0.59503,-0.39287,0.00053234,0.00060841,31.091011,26.986309,2023-08-01
8821,2023-07-27 12:11:00,19650.0,19743.1,1607000,11114800,105.9,8.95,113050,1161650,0.572443,-0.420565,0.00058324,0.00065027,28.727461,25.678396,2023-08-01
3561,2023-07-27 12:11:00,19700.0,19743.1,7533100,15418800,67.8,20.95,802650,1906300,0.544172,-0.453168,0.00061262,0.00066386,27.639061,25.486169,2023-08-01
929,2023-07-27 12:11:00,19750.0,19743.1,13878800,10314800,38.35,41.7,1093400,1124550,0.513424,-0.486496,0.00063113,0.0006771,26.978565,25.146938,2023-08-01
6191,2023-07-27 12:11:00,19800.0,19743.1,29103200,9986800,20.9,74.25,1406100,630750,0.483276,-0.51911,0.00060322,0.00065176,28.217827,26.109428,2023-08-01
11449,2023-07-27 12:11:00,19850.0,19743.1,22708000,3878900,10.75,114.45,943750,182650,0.455993,-0.549436,0.00057332,0.00062686,29.534681,26.969032,2023-08-01
16706,2023-07-27 12:11:00,19900.0,19743.1,26246350,3146150,5.85,159.4,740550,119250,0.433553,-0.578975,0.00052977,0.00060978,31.711774,27.389901,2023-08-01
21960,2023-07-27 12:11:00,19950.0,19743.1,13808450,875850,3.5,207.5,272150,16700,0.416054,-0.603528,0.00048291,0.00057373,34.495543,28.689011,2023-08-01
27212,2023-07-27 12:11:00,20000.0,19743.1,18801450,1491150,2.7,255.0,362800,5050,0.405965,,0.00042666,,38.815487,0.0,2023-08-01
24588,2023-07-27 12:12:00,19500.0,19741.55,1533400,10601800,247.55,1.5,6050,250100,0.611156,-0.363324,0.0003767,0.00047366,43.464906,33.841087,2023-08-01
19335,2023-07-27 12:12:00,19550.0,19741.55,257500,6209550,196.65,1.9,1550,201200,0.609884,-0.372428,0.00047091,0.00055375,34.801988,29.183323,2023-08-01
14079,2023-07-27 12:12:00,19600.0,19741.55,1708600,11292150,150.05,3.85,38300,734450,0.590816,-0.393294,0.00051053,0.00061211,32.506834,26.835,2023-08-01
8822,2023-07-27 12:12:00,19650.0,19741.55,1609950,11255150,105.5,9.0,108300,907200,0.569891,-0.421169,0.00056716,0.00065455,29.580749,25.521946,2023-08-01
3562,2023-07-27 12:12:00,19700.0,19741.55,7587000,15579850,67.05,21.05,561750,1375400,0.54294,-0.453888,0.00060713,0.00067019,27.902501,25.254518,2023-08-01
930,2023-07-27 12:12:00,19750.0,19741.55,13949150,10412050,37.9,41.75,973000,899200,0.512448,-0.487536,0.00062533,0.00068936,27.234898,24.705233,2023-08-01
6192,2023-07-27 12:12:00,19800.0,19741.55,29109100,9883700,20.55,74.65,1307700,556050,0.482512,-0.520733,0.00059987,0.00066399,28.377436,25.62716,2023-08-01
11450,2023-07-27 12:12:00,19850.0,19741.55,22686050,3879900,10.55,114.45,775700,108050,0.45539,-0.553961,0.00057047,0.0006616,29.681539,25.518602,2023-08-01
16707,2023-07-27 12:12:00,19900.0,19741.55,26275100,3130450,5.75,159.7,615550,56150,0.433142,-0.588947,0.00052704,0.00066686,31.875074,24.913706,2023-08-01
21961,2023-07-27 12:12:00,19950.0,19741.55,13783200,873200,3.5,209.2,285450,4200,0.416133,-0.601387,0.00047894,0.00055951,34.787604,29.464937,2023-08-01
27213,2023-07-27 12:12:00,20000.0,19741.55,18694250,1489450,2.7,256.8,186250,2850,0.406117,,0.0004236,,39.105215,0.0,2023-08-01
24589,2023-07-27 12:13:00,19500.0,19743.05,1533400,10601800,249.0,1.4,11900,789150,0.611268,-0.362129,0.00037473,0.00047506,43.690135,33.703234,2023-08-01
19336,2023-07-27 12:13:00,19550.0,19743.05,257500,6209550,198.6,1.9,3050,155450,0.607708,-0.372559,0.0004568,0.00054898,35.9331,29.440378,2023-08-01
14080,2023-07-27 12:13:00,19600.0,19743.05,1708600,11292150,151.25,3.75,36600,477150,0.591726,-0.392733,0.00051121,0.00060947,32.44604,26.94019,2023-08-01
8823,2023-07-27 12:13:00,19650.0,19743.05,1609950,11255150,106.4,8.8,47400,665850,0.571117,-0.420499,0.0005706,0.00065124,29.385746,25.642549,2023-08-01
3563,2023-07-27 12:13:00,19700.0,19743.05,7587000,15579850,68.5,20.6,350100,1102800,0.543417,-0.45301,0.00059839,0.00066755,28.305796,25.347299,2023-08-01
931,2023-07-27 12:13:00,19750.0,19743.05,13949150,10412050,38.9,40.9,766500,618050,0.51338,-0.486505,0.00061938,0.00068864,27.494459,24.728767,2023-08-01
6193,2023-07-27 12:13:00,19800.0,19743.05,29109100,9883700,21.1,73.3,705650,316250,0.483562,-0.519925,0.00059686,0.00066791,28.523398,25.479151,2023-08-01
11451,2023-07-27 12:13:00,19850.0,19743.05,22686050,3879900,11.0,113.4,621950,70050,0.456749,-0.552113,0.00056564,0.00065319,29.94627,25.863045,2023-08-01
16708,2023-07-27 12:13:00,19900.0,19743.05,26275100,3130450,6.0,158.3,388950,75000,0.434492,-0.587516,0.00052362,0.00066441,32.1011,25.025769,2023-08-01
21962,2023-07-27 12:13:00,19950.0,19743.05,13783200,873200,3.6,206.0,181650,13700,0.417138,,0.00047776,,34.892307,0.0,2023-08-01
27214,2023-07-27 12:13:00,20000.0,19743.05,18694250,1489450,2.8,255.15,342550,10950,0.407276,,0.00042184,,39.295891,0.0,2023-08-01
24590,2023-07-27 12:14:00,19500.0,19740.05,1533400,10601800,244.95,1.35,12350,503650,0.615338,-0.361938,0.00039575,0.00048168,41.251776,33.241552,2023-08-01
19337,2023-07-27 12:14:00,19550.0,19740.05,257500,6209550,195.6,1.9,8300,413550,0.607135,-0.373109,0.00046123,0.00055489,35.609916,29.146699,2023-08-01
14081,2023-07-27 12:14:00,19600.0,19740.05,1708600,11292150,148.25,3.9,55650,1064550,0.591088,-0.394231,0.0005177,0.00061246,32.05807,26.843118,2023-08-01
8824,2023-07-27 12:14:00,19650.0,19740.05,1609950,11255150,104.05,9.15,111100,1330800,0.569199,-0.422187,0.00056906,0.0006546,29.497322,25.538365,2023-08-01
3564,2023-07-27 12:14:00,19700.0,19740.05,7587000,15579850,66.0,21.55,795050,1922700,0.541932,-0.455058,0.00060536,0.00066719,27.99733,25.381805,2023-08-01
932,2023-07-27 12:14:00,19750.0,19740.05,13949150,10412050,37.2,42.55,1119050,1202350,0.511514,-0.488572,0.00062224,0.00068618,27.377877,24.826996,2023-08-01
6194,2023-07-27 12:14:00,19800.0,19740.05,29109100,9883700,20.25,75.85,1433250,571450,0.48189,-0.521452,0.00059458,0.00065849,28.633818,25.844058,2023-08-01
11452,2023-07-27 12:14:00,19850.0,19740.05,22686050,3879900,10.5,116.35,906650,133350,0.455247,-0.552827,0.00056361,0.00064079,30.048225,26.362836,2023-08-01
16709,2023-07-27 12:14:00,19900.0,19740.05,26275100,3130450,5.75,161.55,822400,103800,0.433322,-0.585524,0.00052086,0.00063871,32.262291,26.06764,2023-08-01
21963,2023-07-27 12:14:00,19950.0,19740.05,13783200,873200,3.55,210.75,232400,11400,0.416769,-0.60044,0.00047261,0.00055109,35.273153,29.940295,2023-08-01
27215,2023-07-27 12:14:00,20000.0,19740.05,18694250,1489450,2.75,258.25,532750,11650,0.406937,,0.00041828,,39.631524,0.0,2023-08-01
24591,2023-07-27 12:15:00,19500.0,19738.3,1538000,10556000,243.2,1.4,17650,409700,0.614921,-0.363081,0.00039709,0.00048101,41.131962,33.328938,2023-08-01
19338,2023-07-27 12:15:00,19550.0,19738.3,256700,6161450,193.25,1.95,4150,254700,0.60954,-0.374087,0.00047735,0.00055538,34.35355,29.150065,2023-08-01
14082,2023-07-27 12:15:00,19600.0,19738.3,1707200,11287600,145.75,4.1,73000,784650,0.593005,-0.395815,0.00053688,0.0006097,30.882196,26.99815,2023-08-01
8825,2023-07-27 12:15:00,19650.0,19738.3,1615050,11203900,101.2,9.8,96350,961450,0.57064,-0.424328,0.0005944,0.00064515,28.225807,25.944034,2023-08-01
3565,2023-07-27 12:15:00,19700.0,19738.3,7568700,15530150,64.3,22.75,468650,1435050,0.541201,-0.456832,0.00061275,0.00065478,27.669582,25.879822,2023-08-01
933,2023-07-27 12:15:00,19750.0,19738.3,13994050,10265400,36.05,44.55,914400,833150,0.510409,-0.489724,0.00062592,0.00066594,27.223418,25.587422,2023-08-01
6195,2023-07-27 12:15:00,19800.0,19738.3,29113700,9751650,19.5,78.3,1044000,400900,0.480721,-0.52131,0.00059688,0.00063419,28.524283,26.839015,2023-08-01
11453,2023-07-27 12:15:00,19850.0,19738.3,22586050,3861150,10.15,119.15,690000,107200,0.454299,-0.550222,0.00056313,0.00060538,30.0701,27.93306,2023-08-01
16710,2023-07-27 12:15:00,19900.0,19738.3,26149950,3115700,5.7,165.0,626400,92250,0.433082,-0.5743,0.00051659,0.00056196,32.531018,29.804485,2023-08-01
21964,2023-07-27 12:15:00,19950.0,19738.3,13759200,868150,3.6,212.9,214400,11850,0.417136,-0.59576,0.00046705,0.00052529,35.705417,31.510223,2023-08-01
27216,2023-07-27 12:15:00,20000.0,19738.3,18577100,1485300,2.75,262.2,212650,12400,0.407081,-0.609165,0.00041503,0.00047243,39.951418,34.720765,2023-08-01
24592,2023-07-27 12:16:00,19500.0,19733.85,1538000,10556000,235.25,1.5,41650,504650,0.650205,-0.365083,0.00053872,0.0004826,29.379057,33.290164,2023-08-01
19339,2023-07-27 12:16:00,19550.0,19733.85,256700,6161450,188.0,2.25,20200,880050,0.613281,-0.377785,0.00050739,0.0005508,32.239989,29.491273,2023-08-01
14083,2023-07-27 12:16:00,19600.0,19733.85,1707200,11287600,139.65,4.75,180300,2333450,0.598518,-0.399971,0.00059133,0.00060141,27.950099,27.45495,2023-08-01
8826,2023-07-27 12:16:00,19650.0,19733.85,1615050,11203900,95.15,10.95,335500,2409650,0.572788,-0.428027,0.00064609,0.00063752,25.949844,26.308394,2023-08-01
3566,2023-07-27 12:16:00,19700.0,19733.85,7568700,15530150,59.15,25.2,1377000,4294700,0.539994,-0.460462,0.00064943,0.00063873,26.122472,26.563139,2023-08-01
934,2023-07-27 12:16:00,19750.0,19733.85,13994050,10265400,32.55,48.5,2608400,2311250,0.507443,-0.492489,0.00064833,0.00063972,26.294443,26.648184,2023-08-01
6196,2023-07-27 12:16:00,19800.0,19733.85,29113700,9751650,17.55,83.6,3139150,1507450,0.477457,-0.521913,0.00060702,0.00059641,28.043926,28.545093,2023-08-01
11454,2023-07-27 12:16:00,19850.0,19733.85,22586050,3861150,9.15,125.2,2133050,305450,0.451317,-0.547265,0.00056707,0.00055447,29.843371,30.534812,2023-08-01
16711,2023-07-27 12:16:00,19900.0,19733.85,26149950,3115700,5.3,171.4,1595700,231100,0.431085,-0.566277,0.00051439,0.00049875,32.651195,33.713407,2023-08-01
21965,2023-07-27 12:16:00,19950.0,19733.85,13759200,868150,3.4,218.45,733900,26450,0.41572,-0.58668,0.00046372,0.00047428,35.945485,35.09782,2023-08-01
27217,2023-07-27 12:16:00,20000.0,19733.85,18577100,1485300,2.7,267.9,866900,30500,0.406645,-0.595076,0.00040976,0.00041572,40.466528,39.843384,2023-08-01
24593,2023-07-27 12:17:00,19500.0,19736.3,1538000,10556000,239.4,1.5,11600,231100,0.625614,-0.365176,0.00044242,0.00047728,36.610381,33.662244,2023-08-01
19340,2023-07-27 12:17:00,19550.0,19736.3,256700,6161450,189.55,2.2,4400,347450,0.619711,-0.377338,0.00053184,0.00054587,30.603329,29.745205,2023-08-01
14084,2023-07-27 12:17:00,19600.0,19736.3,1707200,11287600,141.75,4.6,67450,1445950,0.600245,-0.399124,0.00059254,0.00059667,27.860179,27.655841,2023-08-01
8827,2023-07-27 12:17:00,19650.0,19736.3,1615050,11203900,97.85,10.4,129450,1042900,0.572612,-0.426449,0.00062754,0.00063717,26.717621,26.302119,2023-08-01
3567,2023-07-27 12:17:00,19700.0,19736.3,7568700,15530150,61.35,23.95,580000,1610550,0.541024,-0.458687,0.00063668,0.00064309,26.637115,26.36958,2023-08-01
935,2023-07-27 12:17:00,19750.0,19736.3,13994050,10265400,33.9,46.5,1008450,888850,0.509061,-0.490971,0.00064229,0.00064841,26.53813,26.2877,2023-08-01
6197,2023-07-27 12:17:00,19800.0,19736.3,29113700,9751650,18.45,81.3,1086400,415000,0.479247,-0.52087,0.0006017,0.00060376,28.29689,28.20014,2023-08-01
11455,2023-07-27 12:17:00,19850.0,19736.3,22586050,3861150,9.7,122.05,787700,77550,0.453218,-0.548176,0.00056257,0.00057528,30.09787,29.420432,2023-08-01
16712,2023-07-27 12:17:00,19900.0,19736.3,26149950,3115700,5.5,168.4,644050,74350,0.432435,-0.567838,0.00051406,0.00051571,32.689665,32.581094,2023-08-01
21966,2023-07-27 12:17:00,19950.0,19736.3,13759200,868150,3.45,215.3,276850,5950,0.416522,-0.591667,0.00046543,0.000502,35.826657,33.062585,2023-08-01
27218,2023-07-27 12:17:00,20000.0,19736.3,18577100,1485300,2.75,264.35,368350,16800,0.407485,-0.606562,0.00041053,0.00045975,40.408964,35.753443,2023-08-01
24594,2023-07-27 12:18:00,19500.0,19737.35,1544550,10385100,242.95,1.55,11400,40750,0.61094,-0.366024,0.00038278,0.00047202,42.808149,34.063986,2023-08-01
19341,2023-07-27 12:18:00,19550.0,19737.35,260750,6128550,194.05,2.25,14150,358350,0.601358,-0.377971,0.00043898,0.00053991,37.57927,30.08972,2023-08-01
14085,2023-07-27 12:18:00,19600.0,19737.35,1694500,11970500,145.25,4.7,116350,1426150,0.590808,-0.399683,0.00052578,0.0005887,31.583604,28.041072,2023-08-01
8828,2023-07-27 12:18:00,19650.0,19737.35,1619600,11171900,101.2,10.35,121350,1349350,0.568297,-0.426269,0.00057621,0.000632,29.154845,26.515238,2023-08-01
3568,2023-07-27 12:18:00,19700.0,19737.35,7635100,15289900,63.7,23.55,795750,1704900,0.540395,-0.458063,0.000608,0.00064187,27.898501,26.415618,2023-08-01
936,2023-07-27 12:18:00,19750.0,19737.35,13969750,10132750,35.75,45.6,1380650,1094750,0.509844,-0.490308,0.00061916,0.0006521,27.52842,26.138067,2023-08-01
6198,2023-07-27 12:18:00,19800.0,19737.35,28894100,9662400,19.45,79.3,1377350,457700,0.480602,-0.521352,0.00058881,0.00062389,28.922184,27.288821,2023-08-01
11456,2023-07-27 12:18:00,19850.0,19737.35,22451750,3818900,10.2,120.2,913250,96050,0.45465,-0.549732,0.0005549,0.00059535,30.527201,28.415226,2023-08-01
16713,2023-07-27 12:18:00,19900.0,19737.35,26022250,3087900,5.75,164.95,644550,88850,0.43375,-0.579769,0.00050944,0.00059211,33.005216,28.217295,2023-08-01
21967,2023-07-27 12:18:00,19950.0,19737.35,13595550,863350,3.55,212.1,199550,11500,0.417484,-0.638507,0.0004634,0.00071218,36.002465,22.482256,2023-08-01
27219,2023-07-27 12:18:00,20000.0,19737.35,18362200,1476300,2.75,261.0,322800,9400,0.407838,,0.00041088,,40.382892,0.0,2023-08-01
24595,2023-07-27 12:19:00,19500.0,19738.1,1544550,10385100,248.0,1.5,11450,70150,0.598069,-0.365612,0.00032813,0.00047208,50.384246,34.048336,2023-08-01
19342,2023-07-27 12:19:00,19550.0,19738.1,260750,6128550,198.0,2.15,8150,284600,0.592248,-0.377218,0.0003903,0.00054135,42.512257,29.991987,2023-08-01
14086,2023-07-27 12:19:00,19600.0,19738.1,1694500,11970500,150.15,4.4,52900,1038500,0.580755,-0.39832,0.00045415,0.00059447,36.770962,27.744535,2023-08-01
8829,2023-07-27 12:19:00,19650.0,19738.1,1619600,11171900,105.3,9.35,118650,1147700,0.563375,-0.423899,0.0005199,0.00065083,32.380338,25.719586,2023-08-01
3569,2023-07-27 12:19:00,19700.0,19738.1,7635100,15289900,67.3,21.5,670650,1349650,0.5388,-0.456118,0.00056214,0.00067271,30.187343,25.191917,2023-08-01
937,2023-07-27 12:19:00,19750.0,19738.1,13969750,10132750,38.05,42.3,965300,826200,0.510452,-0.489954,0.00058952,0.0007024,28.912414,24.266363,2023-08-01
6199,2023-07-27 12:19:00,19800.0,19738.1,28894100,9662400,20.75,75.2,1087600,420600,0.482048,-0.524688,0.00057084,0.00069523,29.838537,24.477605,2023-08-01
11457,2023-07-27 12:19:00,19850.0,19738.1,22451750,3818900,10.75,115.2,798150,102500,0.456063,-0.56409,0.00054574,0.00073616,31.052582,22.861459,2023-08-01
16714,2023-07-27 12:19:00,19900.0,19738.1,26022250,3087900,5.95,160.3,703750,71750,0.434799,,0.00050542,,33.283041,0.0,2023-08-01
21968,2023-07-27 12:19:00,19950.0,19738.1,13595550,863350,3.6,208.15,307950,6700,0.418104,,0.00046224,,36.106288,0.0,2023-08-01
27220,2023-07-27 12:19:00,20000.0,19738.1,18362200,1476300,2.8,257.0,360750,6100,0.408549,,0.00040952,,40.535979,0.0,2023-08-01
24596,2023-07-27 12:20:00,19500.0,19742.45,1544550,10385100,248.8,1.5,29900,94350,0.60809,-0.365559,0.00036303,0.00046381,45.224932,34.648216,2023-08-01
19343,2023-07-27 12:20:00,19550.0,19742.45,260750,6128550,200.35,2.15,6800,215000,0.597693,-0.377071,0.00040886,0.00053006,40.439184,30.622322,2023-08-01
14087,2023-07-27 12:20:00,19600.0,19742.45,1694500,11970500,152.55,4.2,79600,933550,0.585322,-0.396935,0.00047107,0.00058582,35.358497,28.123967,2023-08-01
8830,2023-07-27 12:20:00,19650.0,19742.45,1619600,11171900,107.35,9.1,122550,1018400,0.567414,-0.422557,0.00053732,0.00063559,31.273187,26.314579,2023-08-01
3570,2023-07-27 12:20:00,19700.0,19742.45,7635100,15289900,68.9,20.9,843700,1403900,0.541961,-0.454114,0.00057646,0.00065433,29.409153,25.88084,2023-08-01
938,2023-07-27 12:20:00,19750.0,19742.45,13969750,10132750,38.9,41.2,1239800,837400,0.513002,-0.486951,0.00060429,0.0006772,28.195917,25.160207,2023-08-01
6200,2023-07-27 12:20:00,19800.0,19742.45,28894100,9662400,21.35,73.45,1323900,450300,0.484068,-0.520065,0.00057979,0.00066231,29.379483,25.70696,2023-08-01
11458,2023-07-27 12:20:00,19850.0,19742.45,22451750,3818900,11.1,113.25,856000,115900,0.457807,-0.553459,0.00055202,0.0006625,30.709095,25.500904,2023-08-01
16715,2023-07-27 12:20:00,19900.0,19742.45,26022250,3087900,6.15,158.25,731100,60750,0.436335,-0.593487,0.00050992,0.00069983,33.004988,23.687519,2023-08-01
21969,2023-07-27 12:20:00,19950.0,19742.45,13595550,863350,3.7,205.6,259450,8400,0.419371,,0.00046605,,35.829604,0.0,2023-08-01
27221,2023-07-27 12:20:00,20000.0,19742.45,18362200,1476300,2.9,254.9,263000,14150,0.409881,,0.00041147,,40.369144,0.0,2023-08-01
24597,2023-07-27 12:21:00,19500.0,19742.3,1527850,10369150,247.05,1.65,9600,438700,0.614519,-0.367713,0.00038879,0.0004562,42.031835,35.297491,2023-08-01
19344,2023-07-27 12:21:00,19550.0,19742.3,259300,6153900,198.1,2.25,9100,460100,0.604674,-0.378291,0.00044386,0.00052484,37.0807,30.960023,2023-08-01
14088,2023-07-27 12:21:00,19600.0,19742.3,1717300,12166100,149.7,4.45,65000,867950,0.592509,-0.39846,0.00051902,0.00057682,31.961268,28.594004,2023-08-01
8831,2023-07-27 12:21:00,19650.0,19742.3,1614550,11187450,105.15,9.55,108450,956800,0.570675,-0.423868,0.00057071,0.00062396,29.402908,26.824672,2023-08-01
3571,2023-07-27 12:21:00,19700.0,19742.3,7720400,15384950,67.2,21.75,736700,1067200,0.542951,-0.455037,0.00059838,0.00063832,28.326306,26.539219,2023-08-01
939,2023-07-27 12:21:00,19750.0,19742.3,13841350,10126150,37.85,42.65,953700,755800,0.512904,-0.487085,0.00061706,0.00065174,27.614925,26.145421,2023-08-01
6201,2023-07-27 12:21:00,19800.0,19742.3,28724200,9687600,20.7,75.6,1413650,636900,0.483583,-0.51817,0.00058749,0.00062202,28.995364,27.380662,2023-08-01
11459,2023-07-27 12:21:00,19850.0,19742.3,22386100,3836850,10.8,115.4,636050,127200,0.45735,-0.547808,0.0005556,0.00060571,30.509753,27.944776,2023-08-01
16716,2023-07-27 12:21:00,19900.0,19742.3,25954100,3085000,6.0,160.6,526950,69200,0.435985,-0.574676,0.00051163,0.00057907,32.893048,28.924744,2023-08-01
21970,2023-07-27 12:21:00,19950.0,19742.3,13600900,863350,3.7,208.8,165050,18850,0.419603,-0.595006,0.00046464,0.00053206,35.945205,31.130081,2023-08-01
27222,2023-07-27 12:21:00,20000.0,19742.3,18261150,1475600,2.85,256.75,229700,8150,0.40978,,0.0004116,,40.357389,0.0,2023-08-01
24598,2023-07-27 12:22:00,19500.0,19744.4,1527850,10369150,249.4,1.75,6900,360550,0.613266,-0.368975,0.00038045,0.00044765,42.992236,36.010749,2023-08-01
19345,2023-07-27 12:22:00,19550.0,19744.4,259300,6153900,200.3,2.25,3700,157550,0.604269,-0.378358,0.00043705,0.00051897,37.667388,31.310677,2023-08-01
14089,2023-07-27 12:22:00,19600.0,19744.4,1717300,12166100,151.0,4.35,97150,584500,0.595386,-0.397909,0.00053004,0.00057221,31.240242,28.812814,2023-08-01
8832,2023-07-27 12:22:00,19650.0,19744.4,1614550,11187450,106.0,9.25,71900,839950,0.573384,-0.422882,0.00058491,0.00062044,28.652391,26.962604,2023-08-01
3572,2023-07-27 12:22:00,19700.0,19744.4,7720400,15384950,68.05,21.3,526000,915450,0.544561,-0.454006,0.00060495,0.00063222,28.005013,26.786063,2023-08-01
940,2023-07-27 12:22:00,19750.0,19744.4,13841350,10126150,38.45,41.9,733800,675750,0.514207,-0.485739,0.0006214,0.00064418,27.417956,26.447898,2023-08-01
6202,2023-07-27 12:22:00,19800.0,19744.4,28724200,9687600,21.05,74.55,906950,371300,0.484671,-0.516432,0.00059043,0.00061304,28.852804,27.785636,2023-08-01
11460,2023-07-27 12:22:00,19850.0,19744.4,22386100,3836850,11.0,114.4,550000,94750,0.458335,-0.544661,0.00055749,0.00058715,30.41353,28.853619,2023-08-01
16717,2023-07-27 12:22:00,19900.0,19744.4,25954100,3085000,6.1,159.15,327450,51300,0.436847,-0.570727,0.00051314,0.0005617,32.806218,29.872904,2023-08-01
21971,2023-07-27 12:22:00,19950.0,19744.4,13600900,863350,3.65,206.05,138450,3000,0.419777,-0.603185,0.00046855,0.00057579,35.64678,28.612589,2023-08-01
27223,2023-07-27 12:22:00,20000.0,19744.4,18261150,1475600,2.9,255.0,70650,4650,0.410576,-0.648195,0.00041201,0.00062216,40.334642,25.488665,2023-08-01
24599,2023-07-27 12:23:00,19500.0,19742.15,1527850,10369150,245.0,1.65,6550,500700,0.626488,-0.368301,0.00043493,0.00045433,37.216869,35.466893,2023-08-01
19346,2023-07-27 12:23:00,19550.0,19742.15,259300,6153900,197.0,2.25,4800,177700,0.608473,-0.378842,0.00046271,0.00052271,35.480314,31.104898,2023-08-01
14090,2023-07-27 12:23:00,19600.0,19742.15,1717300,12166100,148.1,4.45,84400,548150,0.597422,-0.398925,0.00055127,0.00057449,30.004222,28.723089,2023-08-01
8833,2023-07-27 12:23:00,19650.0,19742.15,1614550,11187450,103.25,9.8,66300,503150,0.573831,-0.424813,0.00060261,0.00061578,27.810004,27.197298,2023-08-01
3573,2023-07-27 12:23:00,19700.0,19742.15,7720400,15384950,65.95,22.4,345350,765850,0.543599,-0.455821,0.00061329,0.00062483,27.636956,27.122238,2023-08-01
941,2023-07-27 12:23:00,19750.0,19742.15,13841350,10126150,36.9,43.75,612150,519450,0.512806,-0.487194,0.00062722,0.00063188,27.171617,26.971,2023-08-01
6203,2023-07-27 12:23:00,19800.0,19742.15,28724200,9687600,20.3,77.15,699050,224850,0.483364,-0.516877,0.00058996,0.00059466,28.877502,28.648543,2023-08-01
11461,2023-07-27 12:23:00,19850.0,19742.15,22386100,3836850,10.55,117.65,532800,47900,0.457126,-0.54296,0.00055691,0.00055774,30.440506,30.394642,2023-08-01
16718,2023-07-27 12:23:00,19900.0,19742.15,25954100,3085000,6.0,162.75,422800,31200,0.436371,-0.56507,0.00050869,0.00051774,33.092747,32.49515,2023-08-01
21972,2023-07-27 12:23:00,19950.0,19742.15,13600900,863350,3.65,210.0,129300,8400,0.419798,-0.585294,0.0004634,0.00048684,36.050106,34.220882,2023-08-01
27224,2023-07-27 12:23:00,20000.0,19742.15,18261150,1475600,2.95,258.0,167850,2950,0.411048,-0.613369,0.0004068,0.0004945,40.869082,33.080245,2023-08-01
24600,2023-07-27 12:24:00,19500.0,19744.85,1529950,10362200,248.25,1.6,3250,239250,0.621966,-0.367783,0.00041314,0.00045119,39.325694,35.69437,2023-08-01
19347,2023-07-27 12:24:00,19550.0,19744.85,256950,6096500,197.95,2.3,5450,387250,0.619759,-0.379302,0.00050917,0.00051349,31.965459,31.673151,2023-08-01
14091,2023-07-27 12:24:00,19600.0,19744.85,1789350,12223750,150.85,4.4,57800,498350,0.59735,-0.398551,0.00054087,0.00056653,30.58032,29.117388,2023-08-01
8834,2023-07-27 12:24:00,19650.0,19744.85,1629400,11126650,105.75,9.35,89800,643200,0.574643,-0.423371,0.00059434,0.00061314,28.183948,27.29326,2023-08-01
3574,2023-07-27 12:24:00,19700.0,19744.85,7790050,15190750,67.55,21.4,527850,929350,0.545342,-0.454121,0.0006146,0.00062471,27.562561,27.112028,2023-08-01
942,2023-07-27 12:24:00,19750.0,19744.85,14020000,10011200,38.25,42.0,626550,597600,0.514491,-0.485479,0.00062447,0.00063549,27.285574,26.812026,2023-08-01
6204,2023-07-27 12:24:00,19800.0,19744.85,28683950,9439750,20.85,74.85,941350,248000,0.484827,-0.515521,0.00059262,0.0005998,28.750097,28.404828,2023-08-01
11462,2023-07-27 12:24:00,19850.0,19744.85,22417250,3845150,10.9,115.2,489650,115900,0.458537,-0.541743,0.00055797,0.00056074,30.392092,30.239732,2023-08-01
16719,2023-07-27 12:24:00,19900.0,19744.85,26016650,3072100,6.1,159.9,476100,42400,0.437318,-0.565057,0.00051162,0.00052684,32.913404,31.931613,2023-08-01
21973,2023-07-27 12:24:00,19950.0,19744.85,13633100,868500,3.75,207.5,211350,8100,0.42089,-0.583386,0.00046437,0.00048434,35.992286,34.430745,2023-08-01
27225,2023-07-27 12:24:00,20000.0,19744.85,18226950,1474150,2.95,257.2,253350,6550,0.411522,-0.589885,0.00040927,0.00041439,40.63097,40.096691,2023-08-01
24601,2023-07-27 12:25:00,19500.0,19743.1,1529950,10362200,246.55,1.6,9900,105650,0.621166,-0.368213,0.00041313,0.00045288,39.358416,35.580745,2023-08-01
19348,2023-07-27 12:25:00,19550.0,19743.1,256950,6096500,198.0,2.25,1600,358350,0.607824,-0.379291,0.00045731,0.00051812,35.918947,31.394305,2023-08-01
14092,2023-07-27 12:25:00,19600.0,19743.1,1789350,12223750,150.2,4.45,61250,466500,0.59278,-0.399249,0.00051797,0.00056881,32.028212,29.018726,2023-08-01
8835,2023-07-27 12:25:00,19650.0,19743.1,1629400,11126650,105.3,9.6,75400,559700,0.571445,-0.424479,0.00057369,0.00061321,29.246806,27.309445,2023-08-01
3575,2023-07-27 12:25:00,19700.0,19743.1,7790050,15190750,67.35,21.8,356200,964700,0.543397,-0.455147,0.00059776,0.00062631,28.359034,27.055191,2023-08-01
943,2023-07-27 12:25:00,19750.0,19743.1,14020000,10011200,38.1,42.95,589250,473150,0.513389,-0.486595,0.00061244,0.00063334,27.828243,26.909793,2023-08-01
6205,2023-07-27 12:25:00,19800.0,19743.1,28683950,9439750,21.0,76.35,868950,200850,0.484404,-0.516271,0.00058046,0.00059379,29.355575,28.694912,2023-08-01
11463,2023-07-27 12:25:00,19850.0,19743.1,22417250,3845150,10.95,116.45,542300,53000,0.458396,-0.542966,0.00054977,0.00056298,30.849489,30.114479,2023-08-01
16720,2023-07-27 12:25:00,19900.0,19743.1,26016650,3072100,6.1,161.6,475050,39900,0.43727,-0.565314,0.00050613,0.00052246,33.275146,32.201029,2023-08-01
21974,2023-07-27 12:25:00,19950.0,19743.1,13633100,868500,3.8,208.5,165350,12750,0.421242,-0.589089,0.00045884,0.00050667,36.438773,32.813894,2023-08-01
27226,2023-07-27 12:25:00,20000.0,19743.1,18226950,1474150,2.95,258.05,156950,9300,0.411673,-0.597829,0.00040601,0.00044032,40.967538,37.558193,2023-08-01
24602,2023-07-27 12:26:00,19500.0,19737.6,1529950,10362200,238.8,1.6,10750,159200,0.652138,-0.368944,0.00053724,0.00046065,29.414845,35.015214,2023-08-01
19349,2023-07-27 12:26:00,19550.0,19737.6,256950,6096500,190.25,2.4,8750,210200,0.622663,-0.381409,0.00054225,0.00052296,29.960284,31.167425,2023-08-01
14093,2023-07-27 12:26:00,19600.0,19737.6,1789350,12223750,142.65,4.95,61800,648250,0.600234,-0.402536,0.00058722,0.00056912,28.128239,29.074729,2023-08-01
8836,2023-07-27 12:26:00,19650.0,19737.6,1629400,11126650,98.4,10.9,86650,826550,0.573071,-0.428627,0.00062378,0.00060649,26.887164,27.675447,2023-08-01
3576,2023-07-27 12:26:00,19700.0,19737.6,7790050,15190750,61.95,24.6,582000,1151850,0.541337,-0.45936,0.00062561,0.0006103,27.1207,27.806365,2023-08-01
944,2023-07-27 12:26:00,19750.0,19737.6,14020000,10011200,34.5,47.0,873500,734900,0.509949,-0.489992,0.000627,0.00061478,27.198202,27.738792,2023-08-01
6206,2023-07-27 12:26:00,19800.0,19737.6,28683950,9439750,18.9,81.65,1357700,377950,0.480872,-0.518211,0.00058643,0.00057021,29.055612,29.885427,2023-08-01
11464,2023-07-27 12:26:00,19850.0,19737.6,22417250,3845150,9.9,122.7,971800,85000,0.455307,-0.542515,0.00055006,0.00053017,30.817824,31.993292,2023-08-01
16721,2023-07-27 12:26:00,19900.0,19737.6,26016650,3072100,5.75,168.3,606150,62550,0.435452,-0.561611,0.00049983,0.00048206,33.681299,34.964319,2023-08-01
21975,2023-07-27 12:26:00,19950.0,19737.6,13633100,868500,3.7,216.9,341550,8600,0.420394,-0.572341,0.00045085,0.00041843,37.080612,40.096091,2023-08-01
27227,2023-07-27 12:26:00,20000.0,19737.6,18226950,1474150,2.9,265.55,199050,13350,0.411207,-0.582799,0.00039937,0.00037831,41.65151,44.116839,2023-08-01
24603,2023-07-27 12:27:00,19500.0,19739.0,1525700,10327600,244.8,1.6,16900,90000,0.608136,-0.369125,0.00036874,0.00045727,44.551677,35.279373,2023-08-01
19350,2023-07-27 12:27:00,19550.0,19739.0,253900,5992850,195.65,2.3,3400,307200,0.599717,-0.380673,0.00042686,0.00052265,38.708151,31.167837,2023-08-01
14094,2023-07-27 12:27:00,19600.0,19739.0,1797950,12180100,148.0,4.65,83700,979750,0.586169,-0.401197,0.00048854,0.00057232,34.099679,28.887372,2023-08-01
8837,2023-07-27 12:27:00,19650.0,19739.0,1635450,11037250,103.35,9.95,130150,1125500,0.566543,-0.426435,0.00054818,0.00061971,30.684603,27.057609,2023-08-01
3577,2023-07-27 12:27:00,19700.0,19739.0,7766550,15066900,65.5,22.6,634350,1682700,0.540224,-0.457402,0.00058264,0.00063359,29.129399,26.770237,2023-08-01
945,2023-07-27 12:27:00,19750.0,19739.0,14080900,10047850,37.1,44.1,1011450,912050,0.510942,-0.489234,0.00059595,0.0006472,28.613624,26.348195,2023-08-01
6207,2023-07-27 12:27:00,19800.0,19739.0,28862200,9422150,20.45,77.85,1742150,532800,0.482752,-0.519834,0.00056723,0.00061455,30.045721,27.723704,2023-08-01
11465,2023-07-27 12:27:00,19850.0,19739.0,22393750,3817400,10.65,118.0,1253500,135550,0.45726,-0.549413,0.00053915,0.00060163,31.458207,28.136294,2023-08-01
16722,2023-07-27 12:27:00,19900.0,19739.0,26062350,3048250,6.05,163.45,655450,81650,0.436936,-0.576641,0.00049514,0.00057891,34.021101,28.921439,2023-08-01
21976,2023-07-27 12:27:00,19950.0,19739.0,13535750,869950,3.8,210.65,290300,9750,0.421343,-0.624117,0.00044953,0.00065464,37.207594,24.786708,2023-08-01
27228,2023-07-27 12:27:00,20000.0,19739.0,18222600,1470050,2.9,259.2,208700,14150,0.411587,,0.0004001,,41.584436,0.0,2023-08-01
24604,2023-07-27 12:28:00,19500.0,19738.35,1525700,10327600,247.0,1.55,8400,96100,0.59916,-0.368864,0.00033244,0.0004595,49.724392,35.103384,2023-08-01
19351,2023-07-27 12:28:00,19550.0,19738.35,253900,5992850,198.0,2.25,2200,258400,0.591114,-0.38056,0.00038382,0.00052496,43.284099,31.031073,2023-08-01
14095,2023-07-27 12:28:00,19600.0,19738.35,1797950,12180100,149.5,4.45,56700,726900,0.581004,-0.400546,0.00045514,0.00057914,36.70823,28.538168,2023-08-01
8838,2023-07-27 12:28:00,19650.0,19738.35,1635450,11037250,104.6,9.55,103300,897850,0.563506,-0.425797,0.00052001,0.00063033,32.391394,26.596341,2023-08-01
3578,2023-07-27 12:28:00,19700.0,19738.35,7766550,15066900,66.9,21.8,445350,1009850,0.538664,-0.457035,0.00055609,0.00065024,30.534898,26.084718,2023-08-01
946,2023-07-27 12:28:00,19750.0,19738.35,14080900,10047850,37.7,42.85,727000,561300,0.510627,-0.489732,0.00058185,0.00067361,29.310305,25.318286,2023-08-01
6208,2023-07-27 12:28:00,19800.0,19738.35,28862200,9422150,20.8,75.65,1019600,336300,0.482913,-0.52297,0.00055781,0.00066554,30.556581,25.5912,2023-08-01
11466,2023-07-27 12:28:00,19850.0,19738.35,22393750,3817400,10.65,115.85,671100,65800,0.457281,-0.558472,0.00053569,0.00068383,31.664511,24.679724,2023-08-01
16723,2023-07-27 12:28:00,19900.0,19738.35,26062350,3048250,6.0,161.05,420350,43950,0.43688,-0.638709,0.00049346,0.00095602,34.139525,16.755326,2023-08-01
21977,2023-07-27 12:28:00,19950.0,19738.35,13535750,869950,3.75,209.15,142200,5050,0.421256,,0.00044855,,37.291169,0.0,2023-08-01
27229,2023-07-27 12:28:00,20000.0,19738.35,18222600,1470050,2.85,257.6,232850,2500,0.411465,,0.00039957,,41.641498,0.0,2023-08-01
24605,2023-07-27 12:29:00,19500.0,19737.75,1525700,10327600,245.6,1.6,6850,285650,0.600945,-0.369814,0.00034093,0.0004571,48.434947,35.321049,2023-08-01
19352,2023-07-27 12:29:00,19550.0,19737.75,253900,5992850,195.95,2.2,9250,171350,0.594411,-0.380436,0.00040244,0.0005272,41.203555,30.899107,2023-08-01
14096,2023-07-27 12:29:00,19600.0,19737.75,1797950,12180100,148.0,4.5,49600,578700,0.582624,-0.401095,0.00046847,0.00057798,35.63687,28.6081,2023-08-01
8839,2023-07-27 12:29:00,19650.0,19737.75,1635450,11037250,103.0,9.8,81550,735250,0.564632,-0.426668,0.00053545,0.0006255,31.445723,26.815254,2023-08-01
3579,2023-07-27 12:29:00,19700.0,19737.75,7766550,15066900,65.8,22.45,447000,1113950,0.538678,-0.45788,0.00056421,0.00064061,30.098514,26.485674,2023-08-01
947,2023-07-27 12:29:00,19750.0,19737.75,14080900,10047850,36.95,43.5,719300,560850,0.510247,-0.490113,0.00058682,0.00066606,29.065913,25.608449,2023-08-01
6209,2023-07-27 12:29:00,19800.0,19737.75,28862200,9422150,20.4,76.95,933550,250000,0.482478,-0.52231,0.00055953,0.0006458,30.464008,26.378778,2023-08-01
11467,2023-07-27 12:29:00,19850.0,19737.75,22393750,3817400,10.55,117.75,593400,84650,0.457119,-0.553747,0.00053419,0.00063511,31.755217,26.62069,2023-08-01
16724,2023-07-27 12:29:00,19900.0,19737.75,26062350,3048250,5.95,163.0,484600,49800,0.436833,-0.591605,0.0004919,0.00066658,34.250446,24.918508,2023-08-01
21978,2023-07-27 12:29:00,19950.0,19737.75,13535750,869950,3.75,210.4,179150,17050,0.421455,,0.0004464,,37.477993,0.0,2023-08-01
27230,2023-07-27 12:29:00,20000.0,19737.75,18222600,1470050,2.95,258.15,255050,5150,0.412424,,0.0003953,,42.118311,0.0,2023-08-01
24606,2023-07-27 12:30:00,19500.0,19731.5,1529100,10357450,240.95,1.6,19950,226700,0.596166,-0.370612,0.0003299,0.00046638,50.228374,34.655852,2023-08-01
19353,2023-07-27 12:30:00,19550.0,19731.5,254300,6017100,191.4,2.4,5900,287750,0.589309,-0.383085,0.00038911,0.00053195,42.761964,30.698791,2023-08-01
14097,2023-07-27 12:30:00,19600.0,19731.5,1799300,12378200,143.6,4.9,63250,1349800,0.577758,-0.404023,0.00045512,0.00058422,36.788868,28.366539,2023-08-01
8840,2023-07-27 12:30:00,19650.0,19731.5,1643100,11101300,99.4,10.8,126200,1132700,0.559642,-0.430329,0.00051749,0.00062958,32.61401,26.69669,2023-08-01
3580,2023-07-27 12:30:00,19700.0,19731.5,7805300,15313150,62.75,24.25,621000,1978500,0.534674,-0.461652,0.00055199,0.00064734,30.804983,26.245192,2023-08-01
948,2023-07-27 12:30:00,19750.0,19731.5,14049550,10146650,35.1,46.55,1083300,1199950,0.506757,-0.494342,0.00057268,0.00067304,29.800664,25.35789,2023-08-01
6210,2023-07-27 12:30:00,19800.0,19731.5,28863300,9486000,19.2,81.1,1490950,559600,0.479606,-0.526926,0.00054965,0.00065521,31.013064,25.99131,2023-08-01
11468,2023-07-27 12:30:00,19850.0,19731.5,22600750,3805900,9.95,121.85,1004050,129750,0.454845,-0.56343,0.00052471,0.00068528,32.321122,24.592049,2023-08-01
16725,2023-07-27 12:30:00,19900.0,19731.5,26021900,3041650,5.7,167.5,605450,112000,0.435321,,0.00048236,,34.919675,0.0,2023-08-01
21979,2023-07-27 12:30:00,19950.0,19731.5,13473550,870700,3.65,215.4,263150,22200,0.420572,,0.00043764,,38.226044,0.0,2023-08-01
27231,2023-07-27 12:30:00,20000.0,19731.5,18148500,1471700,2.85,264.5,191900,22800,0.411578,,0.00038929,,42.76369,0.0,2023-08-01
24607,2023-07-27 12:31:00,19500.0,19731.05,1529100,10357450,241.05,1.6,10500,65400,0.594747,-0.370945,0.00032429,0.00046601,51.147611,34.69688,2023-08-01
19354,2023-07-27 12:31:00,19550.0,19731.05,254300,6017100,192.6,2.3,11300,210950,0.585778,-0.382536,0.00037052,0.00053596,45.002254,30.45885,2023-08-01
14098,2023-07-27 12:31:00,19600.0,19731.05,1799300,12378200,144.7,4.65,69950,859200,0.574902,-0.403161,0.00043535,0.00059205,38.517013,27.978819,2023-08-01
8841,2023-07-27 12:31:00,19650.0,19731.05,1643100,11101300,100.5,10.15,113550,1427850,0.557696,-0.429181,0.00049746,0.00064525,33.954868,26.037102,2023-08-01
3581,2023-07-27 12:31:00,19700.0,19731.05,7805300,15313150,63.6,23.45,571550,1659350,0.533872,-0.461308,0.00053657,0.00066332,31.698906,25.613413,2023-08-01
949,2023-07-27 12:31:00,19750.0,19731.05,14049550,10146650,35.95,45.75,1032100,1497900,0.506704,-0.494824,0.0005575,0.00069151,30.614532,24.683415,2023-08-01
6211,2023-07-27 12:31:00,19800.0,19731.05,28863300,9486000,19.75,79.65,1362200,546700,0.480072,-0.529707,0.00053861,0.00069654,31.653705,24.439055,2023-08-01
11469,2023-07-27 12:31:00,19850.0,19731.05,22600750,3805900,10.3,120.2,982050,114250,0.455643,-0.577414,0.00051586,0.00080758,32.885692,20.738222,2023-08-01
16726,2023-07-27 12:31:00,19900.0,19731.05,26021900,3041650,5.8,165.65,760700,78000,0.43585,,0.000478,,35.248569,0.0,2023-08-01
21980,2023-07-27 12:31:00,19950.0,19731.05,13473550,870700,3.65,214.75,273000,8150,0.420793,,0.00043579,,38.395599,0.0,2023-08-01
27232,2023-07-27 12:31:00,20000.0,19731.05,18148500,1471700,2.85,262.85,288450,14800,0.411839,,0.00038777,,42.942015,0.0,2023-08-01
24608,2023-07-27 12:32:00,19500.0,19733.15,1529100,10357450,243.6,1.45,9150,178550,0.593881,-0.369207,0.00031724,0.00046847,52.308786,34.460582,2023-08-01
19355,2023-07-27 12:32:00,19550.0,19733.15,254300,6017100,195.9,2.1,3850,310550,0.583823,-0.380769,0.00035504,0.00053855,47.012483,30.268936,2023-08-01
14099,2023-07-27 12:32:00,19600.0,19733.15,1799300,12378200,146.5,4.3,81850,813700,0.575562,-0.401399,0.00043323,0.00059502,38.691293,27.806663,2023-08-01
8842,2023-07-27 12:32:00,19650.0,19733.15,1643100,11101300,101.85,9.55,141450,1702300,0.558865,-0.427518,0.00049867,0.00064806,33.856591,25.903333,2023-08-01
3582,2023-07-27 12:32:00,19700.0,19733.15,7805300,15313150,64.65,22.5,578400,1408300,0.53505,-0.459839,0.00053778,0.00066486,31.618354,25.543653,2023-08-01
950,2023-07-27 12:32:00,19750.0,19733.15,14049550,10146650,36.7,44.45,1082700,1175000,0.507866,-0.493373,0.00055807,0.00069136,30.580618,24.686382,2023-08-01
6212,2023-07-27 12:32:00,19800.0,19733.15,28863300,9486000,20.15,78.0,1190400,423900,0.48113,-0.528178,0.00053977,0.00069547,31.588526,24.482496,2023-08-01
11470,2023-07-27 12:32:00,19850.0,19733.15,22600750,3805900,10.55,118.45,741650,78150,0.456696,-0.573608,0.00051621,0.00078879,32.871772,21.270629,2023-08-01
16727,2023-07-27 12:32:00,19900.0,19733.15,26021900,3041650,5.95,163.9,650600,66450,0.436874,,0.00047803,,35.260388,0.0,2023-08-01
21981,2023-07-27 12:32:00,19950.0,19733.15,13473550,870700,3.7,211.6,226600,8000,0.421526,,0.00043674,,38.325215,0.0,2023-08-01
27233,2023-07-27 12:32:00,20000.0,19733.15,18148500,1471700,3.0,260.8,245350,11150,0.413325,,0.00038559,,43.219906,0.0,2023-08-01
24609,2023-07-27 12:33:00,19500.0,19728.25,1523900,10374950,233.65,1.55,24900,219100,0.607199,-0.371164,0.00038292,0.00047087,42.971348,34.354447,2023-08-01
19356,2023-07-27 12:33:00,19550.0,19728.25,254800,6023650,184.1,2.3,16050,652800,0.60002,-0.383359,0.0004546,0.00054007,36.373896,30.254738,2023-08-01
14100,2023-07-27 12:33:00,19600.0,19728.25,1815800,12413650,137.2,4.95,164450,1453950,0.583494,-0.405357,0.00050928,0.00058901,32.790687,28.169748,2023-08-01
8843,2023-07-27 12:33:00,19650.0,19728.25,1656200,11902400,93.75,11.25,240800,1817750,0.561598,-0.43241,0.00056113,0.00062992,30.065927,26.716553,2023-08-01
3583,2023-07-27 12:33:00,19700.0,19728.25,7820100,15441350,58.15,26.0,969950,2658000,0.533915,-0.46429,0.0005829,0.00063336,29.186969,26.851097,2023-08-01
951,2023-07-27 12:33:00,19750.0,19728.25,14181100,9498650,32.2,50.15,1604450,1685850,0.50464,-0.496067,0.00058884,0.0006376,28.995786,26.778544,2023-08-01
6213,2023-07-27 12:33:00,19800.0,19728.25,29084800,9505050,17.85,85.85,2106400,783750,0.477652,-0.525759,0.00055204,0.00060367,30.882048,28.226022,2023-08-01
11471,2023-07-27 12:33:00,19850.0,19728.25,22369900,3823100,9.3,126.95,1215150,185500,0.453338,-0.556055,0.00052285,0.00060211,32.433402,28.077893,2023-08-01
16728,2023-07-27 12:33:00,19900.0,19728.25,25759950,3037850,5.4,173.1,982550,123400,0.434437,-0.585366,0.00047822,0.0005918,35.222111,28.189433,2023-08-01
21982,2023-07-27 12:33:00,19950.0,19728.25,13348050,863200,3.6,222.0,482600,16500,0.420787,-0.60579,0.00043041,0.000544,38.886967,30.277534,2023-08-01
27234,2023-07-27 12:33:00,20000.0,19728.25,18141900,1475350,2.9,270.6,279450,29300,0.412601,,0.00038133,,43.698091,0.0,2023-08-01
24610,2023-07-27 12:34:00,19450.0,19724.25,170900,3442400,276.3,1.15,950,268650,0.633959,-0.362496,0.00040799,0.00041961,39.479729,38.261236,2023-08-01
19357,2023-07-27 12:34:00,19500.0,19724.25,1523900,10374950,226.8,1.65,27750,438900,0.624357,-0.372978,0.00046132,0.00047202,35.209188,34.333638,2023-08-01
14101,2023-07-27 12:34:00,19550.0,19724.25,254800,6023650,177.55,2.4,19500,581100,0.613127,-0.384895,0.00053414,0.0005443,30.681606,30.06342,2023-08-01
8844,2023-07-27 12:34:00,19600.0,19724.25,1815800,12413650,130.5,5.35,302950,2237150,0.591187,-0.407841,0.00058202,0.00058907,28.575158,28.216677,2023-08-01
3584,2023-07-27 12:34:00,19650.0,19724.25,1656200,11902400,87.7,12.5,296750,2740550,0.563704,-0.435792,0.0006145,0.00062051,27.439252,27.167706,2023-08-01
952,2023-07-27 12:34:00,19700.0,19724.25,7820100,15441350,53.5,28.7,1294550,3899850,0.532579,-0.467476,0.00061529,0.00061356,27.665716,27.744322,2023-08-01
6214,2023-07-27 12:34:00,19750.0,19724.25,14181100,9498650,29.45,54.45,2248500,2349750,0.502005,-0.498021,0.00060356,0.00060492,28.297405,28.233977,2023-08-01
11472,2023-07-27 12:34:00,19800.0,19724.25,29084800,9505050,16.0,91.1,2950550,1119500,0.474636,-0.52535,0.00056335,0.00056314,30.256642,30.268047,2023-08-01
16729,2023-07-27 12:34:00,19850.0,19724.25,22369900,3823100,8.6,133.9,1582900,330200,0.451171,-0.548318,0.00052323,0.00051913,32.397746,32.658965,2023-08-01
21983,2023-07-27 12:34:00,19900.0,19724.25,25759950,3037850,5.2,180.25,1061800,184450,0.433389,-0.566747,0.00047314,0.00047389,35.593824,35.535328,2023-08-01
27235,2023-07-27 12:34:00,19950.0,19724.25,13348050,863200,3.55,228.65,551000,21600,0.420422,-0.579473,0.00042445,0.00042401,39.436022,39.478814,2023-08-01
24611,2023-07-27 12:35:00,19450.0,19721.85,170900,3442400,275.6,1.15,1150,411450,0.618777,-0.362983,0.00035983,0.00042177,45.353982,38.089662,2023-08-01
19358,2023-07-27 12:35:00,19500.0,19721.85,1523900,10374950,224.6,1.65,17950,405800,0.621907,-0.373474,0.00045632,0.00047512,35.674378,34.130817,2023-08-01
14102,2023-07-27 12:35:00,19550.0,19721.85,254800,6023650,175.0,2.45,16850,744500,0.613768,-0.385829,0.00054476,0.00054686,30.074325,29.949973,2023-08-01
8845,2023-07-27 12:35:00,19600.0,19721.85,1815800,12413650,128.2,5.65,147500,2069250,0.590221,-0.409596,0.00058578,0.00058713,28.413402,28.34506,2023-08-01
3585,2023-07-27 12:35:00,19650.0,19721.85,1656200,11902400,86.0,13.3,259150,2615550,0.561838,-0.437847,0.00061013,0.00061402,27.661301,27.482714,2023-08-01
953,2023-07-27 12:35:00,19700.0,19721.85,7820100,15441350,52.85,30.4,1233450,3921150,0.5307,-0.469324,0.0006018,0.00060096,28.301938,28.341864,2023-08-01
6215,2023-07-27 12:35:00,19750.0,19721.85,14181100,9498650,29.3,57.05,1992100,2239100,0.500851,-0.499067,0.00058982,0.00058607,28.962502,29.148086,2023-08-01
11473,2023-07-27 12:35:00,19800.0,19721.85,29084800,9505050,16.25,94.05,2041750,896500,0.474376,-0.525274,0.00054841,0.00054368,31.085155,31.357601,2023-08-01
16730,2023-07-27 12:35:00,19850.0,19721.85,22369900,3823100,8.8,136.7,1409500,262350,0.451407,-0.547644,0.00051135,0.00050392,33.159106,33.657885,2023-08-01
21984,2023-07-27 12:35:00,19900.0,19721.85,25759950,3037850,5.3,183.0,989300,171350,0.433736,-0.565439,0.00046489,0.00046041,36.237386,36.603125,2023-08-01
27236,2023-07-27 12:35:00,19950.0,19721.85,13348050,863200,3.6,230.4,459950,19750,0.420781,-0.583552,0.0004186,0.00043646,40.002117,38.277696,2023-08-01
24612,2023-07-27 12:36:00,19500.0,19727.85,1538350,10398150,230.1,1.5,37200,372350,0.62725,-0.371483,0.00046548,0.00047046,34.808134,34.401726,2023-08-01
19359,2023-07-27 12:36:00,19550.0,19727.85,261650,6080400,182.25,2.2,17050,730650,0.605887,-0.383334,0.00048643,0.00054141,33.865956,30.186343,2023-08-01
14103,2023-07-27 12:36:00,19600.0,19727.85,1765100,12065250,133.8,4.9,135550,2093650,0.592443,-0.405857,0.00057529,0.00058728,28.886738,28.267561,2023-08-01
8846,2023-07-27 12:36:00,19650.0,19727.85,1712250,12306650,90.75,11.75,324500,2594600,0.565188,-0.433906,0.00060553,0.0006159,27.827257,27.348091,2023-08-01
3586,2023-07-27 12:36:00,19700.0,19727.85,7966850,14909500,56.15,27.4,1296300,4653350,0.534409,-0.465455,0.00060408,0.00060795,28.16713,27.986851,2023-08-01
954,2023-07-27 12:36:00,19750.0,19727.85,14418550,8455250,31.45,53.0,2267350,2479750,0.504346,-0.495641,0.00059229,0.0005915,28.833319,28.871695,2023-08-01
6216,2023-07-27 12:36:00,19800.0,19727.85,28958700,9259150,17.55,89.25,2204500,763650,0.477541,-0.52225,0.00055035,0.00054727,30.98306,31.158828,2023-08-01
11474,2023-07-27 12:36:00,19850.0,19727.85,22346750,3804200,9.4,131.2,1676600,220000,0.453999,-0.545338,0.00051559,0.00051012,32.903934,33.263637,2023-08-01
16731,2023-07-27 12:36:00,19900.0,19727.85,25639100,3018700,5.6,176.85,998900,138200,0.435826,-0.565093,0.00046923,0.00047443,35.925115,35.51802,2023-08-01
21985,2023-07-27 12:36:00,19950.0,19727.85,13002800,859200,3.75,225.95,514500,12200,0.422396,-0.573983,0.0004228,0.00040748,39.627538,41.190487,2023-08-01
27237,2023-07-27 12:36:00,20000.0,19727.85,18151350,1452050,3.05,274.3,549450,15350,0.414496,-0.58717,0.0003744,0.00038001,44.564303,43.865596,2023-08-01
24613,2023-07-27 12:37:00,19500.0,19728.85,1538350,10398150,231.8,1.5,15300,219950,0.620149,-0.371707,0.00043523,0.00046753,37.447797,34.62448,2023-08-01
19360,2023-07-27 12:37:00,19550.0,19728.85,261650,6080400,183.55,2.1,9100,451800,0.604177,-0.382588,0.00047487,0.00054218,34.7322,30.12655,2023-08-01
14104,2023-07-27 12:37:00,19600.0,19728.85,1765100,12065250,135.05,4.7,101250,1491450,0.591364,-0.405044,0.00056342,0.00058862,29.51488,28.189292,2023-08-01
8847,2023-07-27 12:37:00,19650.0,19728.85,1712250,12306650,91.0,11.2,233800,1721900,0.566631,-0.432784,0.00061484,0.00062142,27.389697,27.092609,2023-08-01
3587,2023-07-27 12:37:00,19700.0,19728.85,7966850,14909500,56.65,26.65,835050,2875500,0.535013,-0.464699,0.00060402,0.00061195,28.166758,27.799618,2023-08-01
955,2023-07-27 12:37:00,19750.0,19728.85,14418550,8455250,31.8,51.85,1277650,1273400,0.504947,-0.49515,0.00059159,0.00059825,28.867201,28.545937,2023-08-01
6217,2023-07-27 12:37:00,19800.0,19728.85,28958700,9259150,17.7,88.1,1315900,426900,0.47808,-0.522019,0.00055052,0.00055201,30.976835,30.892738,2023-08-01
11475,2023-07-27 12:37:00,19850.0,19728.85,22346750,3804200,9.55,130.05,1024050,179100,0.454676,-0.545316,0.00051429,0.00051423,32.994573,32.998494,2023-08-01
16732,2023-07-27 12:37:00,19900.0,19728.85,25639100,3018700,5.65,175.65,789150,80150,0.436359,-0.565549,0.00046894,0.00047979,35.956412,35.115246,2023-08-01
21986,2023-07-27 12:37:00,19950.0,19728.85,13002800,859200,3.75,224.45,271350,13450,0.422749,-0.576141,0.00042317,0.00041844,39.601059,40.070559,2023-08-01
27238,2023-07-27 12:37:00,20000.0,19728.85,18151350,1452050,3.0,272.05,380500,11000,0.414513,-0.598501,0.00037566,0.00041978,44.415635,39.438684,2023-08-01
24614,2023-07-27 12:38:00,19500.0,19726.05,1538350,10398150,227.8,1.55,12450,235400,0.633326,-0.372852,0.00049306,0.00046879,32.692481,34.573066,2023-08-01
19361,2023-07-27 12:38:00,19550.0,19726.05,261650,6080400,178.55,2.25,8400,397750,0.619267,-0.384519,0.00055991,0.00054081,29.135644,30.254031,2023-08-01
14105,2023-07-27 12:38:00,19600.0,19726.05,1765100,12065250,131.15,5.15,71000,1294250,0.59548,-0.407626,0.00060476,0.00058264,27.433984,28.529543,2023-08-01
8848,2023-07-27 12:38:00,19650.0,19726.05,1712250,12306650,88.4,12.15,210500,1487700,0.565473,-0.435334,0.00062197,0.00061256,27.094683,27.52022,2023-08-01
3588,2023-07-27 12:38:00,19700.0,19726.05,7966850,14909500,54.55,28.45,718850,2480850,0.533465,-0.466842,0.00060868,0.00059943,27.966356,28.399368,2023-08-01
956,2023-07-27 12:38:00,19750.0,19726.05,14418550,8455250,30.5,54.5,1176600,1269850,0.503284,-0.496537,0.00059195,0.00058184,28.857029,29.358299,2023-08-01
6218,2023-07-27 12:38:00,19800.0,19726.05,28958700,9259150,16.95,91.15,1317300,520300,0.476622,-0.522444,0.00054926,0.00053589,31.04749,31.826313,2023-08-01
11476,2023-07-27 12:38:00,19850.0,19726.05,22346750,3804200,9.2,133.75,863450,174950,0.453584,-0.543787,0.00051131,0.00049004,33.183351,34.649149,2023-08-01
16733,2023-07-27 12:38:00,19900.0,19726.05,25639100,3018700,5.5,179.65,601900,82900,0.43569,-0.561293,0.00046515,0.00044837,36.246898,37.648736,2023-08-01
21987,2023-07-27 12:38:00,19950.0,19726.05,13002800,859200,3.65,228.45,249800,6150,0.422224,-0.570564,0.00042019,0.00039003,39.879032,43.111681,2023-08-01
27239,2023-07-27 12:38:00,20000.0,19726.05,18151350,1452050,3.0,278.0,302150,9550,0.414638,-0.57594,0.00037156,0.00034022,44.918752,49.298655,2023-08-01
24615,2023-07-27 12:39:00,19450.0,19718.8,170000,3341450,266.3,1.2,2500,277150,,-0.365242,,0.00041911,0.0,38.427769,2023-08-01
19362,2023-07-27 12:39:00,19500.0,19718.8,1551450,10394150,217.05,1.6,47450,438200,,-0.374346,,0.00047817,0.0,33.952614,2023-08-01
14106,2023-07-27 12:39:00,19550.0,19718.8,264950,6107250,168.0,2.55,32350,669500,,-0.388039,,0.00054479,0.0,30.126298,2023-08-01
8849,2023-07-27 12:39:00,19600.0,19718.8,1773400,12255100,121.35,5.95,213350,2121450,0.612579,-0.412018,0.00076334,0.00058309,21.491043,28.593695,2023-08-01
3589,2023-07-27 12:39:00,19650.0,19718.8,1769250,12250800,79.8,14.7,352000,2637000,0.566361,-0.441245,0.00069138,0.00059496,24.376076,28.412739,2023-08-01
957,2023-07-27 12:39:00,19700.0,19718.8,8138150,14915200,48.2,33.1,1502350,4350550,0.529897,-0.471847,0.00064137,0.00057417,26.571336,29.690707,2023-08-01
6219,2023-07-27 12:39:00,19750.0,19718.8,14636750,7886550,26.5,62.3,2071200,2320600,0.49861,-0.499515,0.00060773,0.00053461,28.120754,31.967087,2023-08-01
11477,2023-07-27 12:39:00,19800.0,19718.8,29150750,9186750,14.5,100.9,2611250,1195150,0.471912,-0.521737,0.00055859,0.00047782,30.519196,35.713898,2023-08-01
16734,2023-07-27 12:39:00,19850.0,19718.8,22488900,3825300,8.05,144.45,1526250,301900,0.449783,-0.53878,0.00051163,0.0004259,33.138009,39.936713,2023-08-01
21988,2023-07-27 12:39:00,19900.0,19718.8,25568650,3034400,5.0,191.55,976400,204900,0.433111,-0.549975,0.00046043,0.00037187,36.594729,45.596004,2023-08-01
27240,2023-07-27 12:39:00,19950.0,19718.8,12931550,856500,3.4,239.75,283200,24650,0.420455,-0.55818,0.00041452,0.00032924,40.406149,51.354772,2023-08-01
24616,2023-07-27 12:40:00,19450.0,19722.9,170000,3341450,272.95,1.1,1800,329250,,-0.363731,,0.00041769,0.0,38.499735,2023-08-01
19363,2023-07-27 12:40:00,19500.0,19722.9,1551450,10394150,224.7,1.45,46950,726800,0.631513,-0.372474,0.00049282,0.00047693,32.771701,33.981959,2023-08-01
14107,2023-07-27 12:40:00,19550.0,19722.9,264950,6107250,174.9,2.2,36300,770600,0.624429,-0.384944,0.0005959,0.00054823,27.268904,29.863174,2023-08-01
8850,2023-07-27 12:40:00,19600.0,19722.9,1773400,12255100,128.1,5.0,223450,2407450,0.594072,-0.407882,0.00060921,0.00059498,27.265287,27.950418,2023-08-01
3590,2023-07-27 12:40:00,19650.0,19722.9,1769250,12250800,85.75,12.3,410300,3114400,0.563537,-0.436614,0.0006229,0.00062108,27.083755,27.164959,2023-08-01
958,2023-07-27 12:40:00,19700.0,19722.9,8138150,14915200,52.5,29.0,1949500,4163000,0.531513,-0.468505,0.00060797,0.00060739,28.018206,28.045234,2023-08-01
6220,2023-07-27 12:40:00,19750.0,19722.9,14636750,7886550,29.3,56.05,2791700,2814800,0.501511,-0.498401,0.0005875,0.00058327,29.085152,29.295854,2023-08-01
11478,2023-07-27 12:40:00,19800.0,19722.9,29150750,9186750,16.3,92.85,2823350,1082550,0.475276,-0.524623,0.0005439,0.00054251,31.35649,31.437123,2023-08-01
16735,2023-07-27 12:40:00,19850.0,19722.9,22488900,3825300,8.9,135.4,1662450,301650,0.452716,-0.547187,0.00050525,0.00050449,33.582031,33.6338,2023-08-01
21989,2023-07-27 12:40:00,19900.0,19722.9,25568650,3034400,5.4,181.8,1286000,191900,0.435406,-0.564812,0.00045848,0.00045966,36.780958,36.682542,2023-08-01
27241,2023-07-27 12:40:00,19950.0,19722.9,12931550,856500,3.6,230.1,558750,38600,0.422228,-0.577516,0.00041448,0.00041343,40.440429,40.54907,2023-08-01
24617,2023-07-27 12:41:00,19450.0,19724.55,170000,3341450,274.85,1.05,400,78400,,-0.363126,,0.00041712,0.0,38.530121,2023-08-01
19364,2023-07-27 12:41:00,19500.0,19724.55,1551450,10394150,225.95,1.4,11000,172200,0.63883,-0.372002,0.0005177,0.00047532,30.986769,34.082548,2023-08-01
14108,2023-07-27 12:41:00,19550.0,19724.55,264950,6107250,176.4,2.1,6500,407350,0.626455,-0.384143,0.00060053,0.00054729,27.011957,29.895966,2023-08-01
8851,2023-07-27 12:41:00,19600.0,19724.55,1773400,12255100,129.7,5.05,97850,1093350,0.59429,-0.408083,0.00060315,0.00058605,27.535113,28.379534,2023-08-01
3591,2023-07-27 12:41:00,19650.0,19724.55,1769250,12250800,85.85,12.35,198650,1341700,0.566713,-0.436464,0.00064795,0.00061037,26.001979,27.639149,2023-08-01
959,2023-07-27 12:41:00,19700.0,19724.55,8138150,14915200,52.55,29.2,883400,1754750,0.532942,-0.467976,0.00062113,0.00059224,27.41628,28.759007,2023-08-01
6221,2023-07-27 12:41:00,19750.0,19724.55,14636750,7886550,30.15,56.55,1267600,879100,0.502564,-0.496999,0.00058303,0.00056094,29.307123,30.461082,2023-08-01
11479,2023-07-27 12:41:00,19800.0,19724.55,29150750,9186750,16.65,93.55,1232950,418700,0.476217,-0.521638,0.0005433,0.00051357,31.395195,33.222778,2023-08-01
16736,2023-07-27 12:41:00,19850.0,19724.55,22488900,3825300,9.2,136.0,1042050,124300,0.453856,-0.542111,0.00050288,0.00047088,33.751354,36.085412,2023-08-01
21990,2023-07-27 12:41:00,19900.0,19724.55,25568650,3034400,5.55,182.15,727850,89050,0.436396,-0.557736,0.00045729,0.00042513,36.890992,39.771379,2023-08-01
27242,2023-07-27 12:41:00,19950.0,19724.55,12931550,856500,3.65,229.85,475200,18400,0.422919,-0.570373,0.00041456,0.00038673,40.446348,43.49453,2023-08-01
24618,2023-07-27 12:42:00,19450.0,19724.85,170400,3357050,276.8,1.05,200,47250,0.632424,-0.363435,0.00040204,0.00041565,40.139901,38.679536,2023-08-01
19365,2023-07-27 12:42:00,19500.0,19724.85,1553800,10446000,228.0,1.4,10100,128700,0.616683,-0.372291,0.00042885,0.00047354,38.13021,34.22085,2023-08-01
14109,2023-07-27 12:42:00,19550.0,19724.85,268800,6148500,178.25,2.0,14650,419200,0.610082,-0.383439,0.00051667,0.00054996,31.80631,29.735871,2023-08-01
8852,2023-07-27 12:42:00,19600.0,19724.85,1782950,12347100,131.0,4.85,106600,1178350,0.58983,-0.407403,0.00056959,0.00058962,29.23738,28.197381,2023-08-01
3592,2023-07-27 12:42:00,19650.0,19724.85,1863850,12512900,87.75,12.05,175900,1262500,0.563595,-0.436015,0.00060886,0.00061349,27.708697,27.494968,2023-08-01
960,2023-07-27 12:42:00,19700.0,19724.85,8702500,14739950,54.2,28.6,708650,1635500,0.532319,-0.467623,0.00059596,0.0005978,28.579436,28.491058,2023-08-01
6222,2023-07-27 12:42:00,19750.0,19724.85,14818050,7218650,30.6,55.4,1100200,740850,0.50286,-0.497063,0.00057661,0.00057264,29.634795,29.840128,2023-08-01
11480,2023-07-27 12:42:00,19800.0,19724.85,29070000,8995400,17.2,91.75,1093250,404450,0.476996,-0.522969,0.00053464,0.00053415,31.9093,31.938305,2023-08-01
16737,2023-07-27 12:42:00,19850.0,19724.85,22405300,3758550,9.45,134.3,791700,72550,0.454634,-0.544654,0.00049787,0.00049218,34.100882,34.502122,2023-08-01
21991,2023-07-27 12:42:00,19900.0,19724.85,25478900,3011850,5.65,180.6,693200,75650,0.437032,-0.561422,0.00045454,0.00044603,37.125253,37.857094,2023-08-01
27243,2023-07-27 12:42:00,19950.0,19724.85,12879100,867650,3.75,227.9,368800,10500,0.42377,-0.578298,0.00041154,0.00042017,40.762048,39.883758,2023-08-01
24619,2023-07-27 12:43:00,19500.0,19727.9,1553800,10446000,231.05,1.4,21150,105550,0.616645,-0.372364,0.00042287,0.00046693,38.667154,34.704587,2023-08-01
19366,2023-07-27 12:43:00,19550.0,19727.9,268800,6148500,181.0,1.95,7550,346050,0.612352,-0.382943,0.00051954,0.00054327,31.575429,30.088077,2023-08-01
14110,2023-07-27 12:43:00,19600.0,19727.9,1782950,12347100,134.1,4.55,126100,1394550,0.589845,-0.405856,0.00055667,0.00058714,29.912929,28.287455,2023-08-01
8853,2023-07-27 12:43:00,19650.0,19727.9,1863850,12512900,90.2,11.05,209450,1284650,0.565195,-0.433622,0.00060538,0.0006189,27.847021,27.22533,2023-08-01
3593,2023-07-27 12:43:00,19700.0,19727.9,8702500,14739950,56.15,26.65,853150,2016650,0.534021,-0.465448,0.00059235,0.00060759,28.740563,28.016695,2023-08-01
961,2023-07-27 12:43:00,19750.0,19727.9,14818050,7218650,31.9,52.6,1484750,918400,0.504654,-0.495525,0.00057427,0.00058534,29.751631,29.189355,2023-08-01
6223,2023-07-27 12:43:00,19800.0,19727.9,29070000,8995400,17.9,88.8,1636000,532250,0.478642,-0.521934,0.00053444,0.00054288,31.925647,31.426953,2023-08-01
11481,2023-07-27 12:43:00,19850.0,19727.9,22405300,3758550,9.7,130.6,1197600,126850,0.455866,-0.545363,0.00050035,0.00051046,33.94074,33.256628,2023-08-01
16738,2023-07-27 12:43:00,19900.0,19727.9,25478900,3011850,5.75,176.75,887100,66350,0.437979,-0.563768,0.00045719,0.00046703,36.920782,36.11744,2023-08-01
21992,2023-07-27 12:43:00,19950.0,19727.9,12879100,867650,3.75,224.7,256500,6750,0.424293,-0.578705,0.00041483,0.00042754,40.446105,39.185434,2023-08-01
27244,2023-07-27 12:43:00,20000.0,19727.9,18105150,1446450,3.0,273.7,226950,9700,0.416251,-0.58962,0.00036854,0.00038832,45.338241,42.886954,2023-08-01
24620,2023-07-27 12:44:00,19500.0,19729.3,1553800,10446000,232.9,1.35,15600,211700,0.613402,-0.371905,0.00040698,0.00046588,40.276557,34.769093,2023-08-01
19367,2023-07-27 12:44:00,19550.0,19729.3,268800,6148500,183.05,1.95,6800,283350,0.607614,-0.383104,0.00049146,0.00053834,33.494786,30.367355,2023-08-01
14111,2023-07-27 12:44:00,19600.0,19729.3,1782950,12347100,136.05,4.5,86800,1462000,0.587844,-0.405666,0.00053665,0.00058241,31.064298,28.513712,2023-08-01
8854,2023-07-27 12:44:00,19650.0,19729.3,1863850,12512900,92.35,10.85,149000,1200900,0.564031,-0.433081,0.00058233,0.000615,28.963464,27.391683,2023-08-01
3594,2023-07-27 12:44:00,19700.0,19729.3,8702500,14739950,57.35,26.2,699000,1771350,0.534601,-0.464712,0.00058532,0.00060432,29.082223,28.16377,2023-08-01
962,2023-07-27 12:44:00,19750.0,19729.3,14818050,7218650,32.55,51.65,1642750,877550,0.505494,-0.494712,0.0005717,0.00058563,29.884954,29.174151,2023-08-01
6224,2023-07-27 12:44:00,19800.0,19729.3,29070000,8995400,18.05,87.2,1698050,462750,0.47928,-0.521645,0.00053609,0.00054997,31.830163,31.022941,2023-08-01
11482,2023-07-27 12:44:00,19850.0,19729.3,22405300,3758550,9.75,129.0,977600,111800,0.456389,-0.545393,0.00050187,0.00051675,33.842347,32.85142,2023-08-01
16739,2023-07-27 12:44:00,19900.0,19729.3,25478900,3011850,5.75,174.65,549100,51400,0.438373,-0.566273,0.00045866,0.00048515,36.807955,34.732313,2023-08-01
21993,2023-07-27 12:44:00,19950.0,19729.3,12879100,867650,3.75,223.75,319900,11050,0.424682,-0.5757,0.00041573,0.00041736,40.366209,40.20107,2023-08-01
27245,2023-07-27 12:44:00,20000.0,19729.3,18105150,1446450,3.0,272.3,311650,15700,0.416637,-0.589252,0.00036905,0.00038901,45.284816,42.820152,2023-08-01
24621,2023-07-27 12:45:00,19500.0,19725.6,1552800,10422750,229.35,1.4,19400,201400,0.611852,-0.373176,0.00040734,0.00046847,40.297738,34.623661,2023-08-01
19368,2023-07-27 12:45:00,19550.0,19725.6,268600,6227300,181.0,2.05,7650,360750,0.598588,-0.384722,0.00045387,0.00054118,36.500878,30.253089,2023-08-01
14112,2023-07-27 12:45:00,19600.0,19725.6,1768700,12611650,131.75,4.95,85550,1204150,0.58924,-0.408411,0.00056208,0.00057906,29.642742,28.733725,2023-08-01
8855,2023-07-27 12:45:00,19650.0,19725.6,1895750,12613250,88.9,11.85,133000,1006450,0.562634,-0.435934,0.00059199,0.00060894,28.513968,27.704063,2023-08-01
3595,2023-07-27 12:45:00,19700.0,19725.6,8628350,14735250,55.0,28.05,616950,1400850,0.532422,-0.467221,0.00058535,0.00059644,29.101599,28.558453,2023-08-01
963,2023-07-27 12:45:00,19750.0,19725.6,14630750,7187700,31.05,54.4,1344350,682000,0.503422,-0.496692,0.00056947,0.00057553,30.011334,29.695016,2023-08-01
6225,2023-07-27 12:45:00,19800.0,19725.6,29035800,8990350,17.2,90.35,1074750,364150,0.477528,-0.523139,0.00053275,0.00054219,32.029981,31.469269,2023-08-01
11483,2023-07-27 12:45:00,19850.0,19725.6,22644250,3727950,9.3,132.2,668200,94500,0.454972,-0.54703,0.00049815,0.00051432,34.090086,32.999153,2023-08-01
16740,2023-07-27 12:45:00,19900.0,19725.6,25538250,2999400,5.55,178.45,597800,32100,0.43745,-0.566049,0.00045414,0.00047359,37.170484,35.592854,2023-08-01
21994,2023-07-27 12:45:00,19950.0,19725.6,12989700,867050,3.65,226.7,268050,10250,0.424109,-0.580322,0.00041145,0.00043002,40.784722,38.936319,2023-08-01
27246,2023-07-27 12:45:00,20000.0,19725.6,18067000,1441700,2.95,273.9,240400,10250,0.416386,-0.638491,0.00036513,0.00054719,45.776296,29.332663,2023-08-01
24622,2023-07-27 12:46:00,19500.0,19726.0,1552800,10422750,231.5,1.4,14500,82050,0.603304,-0.373462,0.00037018,0.00046651,44.615596,34.779143,2023-08-01
19369,2023-07-27 12:46:00,19550.0,19726.0,268600,6227300,182.75,2.0,11750,689750,0.593507,-0.384495,0.0004252,0.00054114,39.088281,30.25169,2023-08-01
14113,2023-07-27 12:46:00,19600.0,19726.0,1768700,12611650,135.1,4.75,93400,1185100,0.580218,-0.407717,0.00049383,0.0005823,33.908875,28.563611,2023-08-01
8856,2023-07-27 12:46:00,19650.0,19726.0,1895750,12613250,91.45,11.3,201900,965750,0.55937,-0.434985,0.00055003,0.00061714,30.729587,27.326767,2023-08-01
3596,2023-07-27 12:46:00,19700.0,19726.0,8628350,14735250,57.15,27.0,728600,1516250,0.531742,-0.466575,0.00055658,0.00060876,30.611449,27.978203,2023-08-01
964,2023-07-27 12:46:00,19750.0,19726.0,14630750,7187700,32.25,52.5,1143750,711850,0.503944,-0.496872,0.00055371,0.00059854,30.866282,28.555021,2023-08-01
6226,2023-07-27 12:46:00,19800.0,19726.0,29035800,8990350,17.7,87.9,1488350,392750,0.478257,-0.525273,0.00052543,0.00057615,32.480867,29.605932,2023-08-01
11484,2023-07-27 12:46:00,19850.0,19726.0,22644250,3727950,9.45,130.0,777200,88450,0.455544,-0.551577,0.00049516,0.00055327,34.303704,30.633968,2023-08-01
16741,2023-07-27 12:46:00,19900.0,19726.0,25538250,2999400,5.6,175.65,717400,56050,0.437915,-0.579879,0.00045258,0.00055261,37.3069,30.30725,2023-08-01
21995,2023-07-27 12:46:00,19950.0,19726.0,12989700,867050,3.65,224.0,365900,12950,0.42442,-0.608562,0.00041086,0.00055004,40.851655,29.91641,2023-08-01
27247,2023-07-27 12:46:00,20000.0,19726.0,18067000,1441700,2.95,274.3,158050,2700,0.416717,-0.605342,0.00036453,0.00043841,45.86165,37.619134,2023-08-01
24623,2023-07-27 12:47:00,19500.0,19734.15,1552800,10422750,240.7,1.3,31800,325800,0.600252,-0.371808,0.00034363,0.0004566,48.14367,35.471475,2023-08-01
19370,2023-07-27 12:47:00,19550.0,19734.15,268600,6227300,191.2,1.75,16150,535550,0.593316,-0.381466,0.00040486,0.00053243,41.042716,30.663608,2023-08-01
14114,2023-07-27 12:47:00,19600.0,19734.15,1768700,12611650,143.05,3.85,166700,2051000,0.581743,-0.402496,0.00047489,0.00058361,35.220636,28.3978,2023-08-01
8857,2023-07-27 12:47:00,19650.0,19734.15,1895750,12613250,98.4,9.35,262350,1824400,0.562739,-0.429359,0.00053663,0.00062194,31.445074,27.040264,2023-08-01
3597,2023-07-27 12:47:00,19700.0,19734.15,8628350,14735250,62.25,23.2,1338350,2664250,0.536157,-0.461172,0.00055285,0.00061852,30.778193,27.492936,2023-08-01
965,2023-07-27 12:47:00,19750.0,19734.15,14630750,7187700,35.75,46.75,2243100,1330100,0.508472,-0.492127,0.00055176,0.00061294,30.959368,27.869889,2023-08-01
6227,2023-07-27 12:47:00,19800.0,19734.15,29035800,8990350,19.6,80.95,1767950,718150,0.482368,-0.521372,0.00052822,0.00058957,32.314942,28.938871,2023-08-01
11485,2023-07-27 12:47:00,19850.0,19734.15,22644250,3727950,10.45,121.95,1309250,155100,0.459164,-0.549572,0.00049909,0.00057616,34.054655,29.425721,2023-08-01
16742,2023-07-27 12:47:00,19900.0,19734.15,25538250,2999400,5.95,167.25,877450,94750,0.44034,-0.580775,0.00046043,0.00058602,36.692818,28.556112,2023-08-01
21996,2023-07-27 12:47:00,19950.0,19734.15,12989700,867050,3.8,215.15,299700,21100,0.426179,,0.00041828,,40.14659,0.0,2023-08-01
27248,2023-07-27 12:47:00,20000.0,19734.15,18067000,1441700,2.95,263.0,210050,13300,0.417506,,0.00037248,,44.886553,0.0,2023-08-01
24624,2023-07-27 12:48:00,19500.0,19736.25,1540750,10406350,241.2,1.25,17950,175900,0.605992,-0.37127,0.00036447,0.00045457,45.212443,35.611491,2023-08-01
19371,2023-07-27 12:48:00,19550.0,19736.25,269250,6343450,192.0,1.75,12900,325300,0.597668,-0.381579,0.00042286,0.00052601,39.187716,31.039415,2023-08-01
14115,2023-07-27 12:48:00,19600.0,19736.25,1763950,12676250,144.6,3.95,122050,1403850,0.583231,-0.403006,0.00047804,0.00057163,34.959921,29.001146,2023-08-01
8858,2023-07-27 12:48:00,19650.0,19736.25,1927100,12813900,99.7,9.45,214300,1909300,0.564256,-0.42934,0.00054055,0.00060821,31.196425,27.649456,2023-08-01
3598,2023-07-27 12:48:00,19700.0,19736.25,8628000,14947550,63.0,22.65,1029750,2057600,0.537579,-0.460099,0.00055896,0.00061314,30.430534,27.725628,2023-08-01
966,2023-07-27 12:48:00,19750.0,19736.25,14111200,7203100,36.1,45.8,1537850,949800,0.509576,-0.490807,0.00055774,0.00060753,30.624517,28.114959,2023-08-01
6228,2023-07-27 12:48:00,19800.0,19736.25,28975050,9016750,19.7,79.6,2194050,445600,0.483155,-0.519836,0.00053356,0.0005844,31.992894,29.199486,2023-08-01
11486,2023-07-27 12:48:00,19850.0,19736.25,22505850,3731050,10.4,120.65,1114600,111650,0.459619,-0.546791,0.00050441,0.00056199,33.697956,30.192009,2023-08-01
16743,2023-07-27 12:48:00,19900.0,19736.25,25503350,3014750,5.95,166.45,872050,65250,0.440824,-0.570803,0.00046342,0.00053322,36.461704,31.536057,2023-08-01
21997,2023-07-27 12:48:00,19950.0,19736.25,12838900,868750,3.85,213.3,325550,11900,0.426895,-0.628387,0.00041913,0.00066435,40.077931,24.3739,2023-08-01
27249,2023-07-27 12:48:00,20000.0,19736.25,18077600,1436950,2.95,262.65,233400,10300,0.41794,,0.0003738,,44.736258,0.0,2023-08-01
24625,2023-07-27 12:49:00,19500.0,19735.85,1540750,10406350,242.5,1.3,7400,133600,0.599636,-0.372326,0.00033836,0.00045132,48.916233,35.903912,2023-08-01
19372,2023-07-27 12:49:00,19550.0,19735.85,269250,6343450,191.95,1.8,7100,223300,0.59611,-0.382453,0.0004157,0.00052292,39.905421,31.247134,2023-08-01
14116,2023-07-27 12:49:00,19600.0,19735.85,1763950,12676250,143.15,3.9,75450,870550,0.585901,-0.403042,0.00049806,0.00057301,33.508122,28.93433,2023-08-01
8859,2023-07-27 12:49:00,19650.0,19735.85,1927100,12813900,98.85,9.45,144750,1006900,0.564742,-0.429592,0.0005482,0.00060821,30.757597,27.654783,2023-08-01
3599,2023-07-27 12:49:00,19700.0,19735.85,8628000,14947550,62.5,23.0,681300,1688850,0.537426,-0.46058,0.00056074,0.00060782,30.337587,27.974333,2023-08-01
967,2023-07-27 12:49:00,19750.0,19735.85,14111200,7203100,35.55,46.25,1192650,657900,0.509322,-0.491012,0.00056098,0.00060217,30.450391,28.368051,2023-08-01
6229,2023-07-27 12:49:00,19800.0,19735.85,28975050,9016750,19.45,80.15,1281050,321500,0.482922,-0.519712,0.00053386,0.00057824,31.976913,29.513664,2023-08-01
11487,2023-07-27 12:49:00,19850.0,19735.85,22505850,3731050,10.25,121.1,695400,72350,0.459427,-0.546566,0.0005043,0.00055788,33.706835,30.419136,2023-08-01
16744,2023-07-27 12:49:00,19900.0,19735.85,25503350,3014750,5.9,167.0,640150,50800,0.440833,-0.569762,0.00046223,0.00052561,36.558458,32.010612,2023-08-01
21998,2023-07-27 12:49:00,19950.0,19735.85,12838900,868750,3.75,213.7,259850,4800,0.426608,-0.628375,0.00041962,0.00066299,40.028623,24.426196,2023-08-01
27250,2023-07-27 12:49:00,20000.0,19735.85,18077600,1436950,2.95,262.55,188750,7250,0.418223,,0.00037228,,44.930757,0.0,2023-08-01
24626,2023-07-27 12:50:00,19500.0,19738.2,1540750,10406350,245.35,1.35,16950,114400,0.598189,-0.373143,0.0003286,0.00044374,50.413327,36.540676,2023-08-01
19373,2023-07-27 12:50:00,19550.0,19738.2,269250,6343450,195.8,1.7,8700,138600,0.591544,-0.381469,0.00038654,0.0005212,43.033927,31.324491,2023-08-01
14117,2023-07-27 12:50:00,19600.0,19738.2,1763950,12676250,147.45,3.65,113800,675950,0.580913,-0.401646,0.00045518,0.00057279,36.762099,28.918286,2023-08-01
8860,2023-07-27 12:50:00,19650.0,19738.2,1927100,12813900,102.85,8.65,165900,954300,0.562576,-0.427421,0.0005112,0.00061528,33.011304,27.308528,2023-08-01
3600,2023-07-27 12:50:00,19700.0,19738.2,8628000,14947550,65.45,21.25,849250,1347600,0.537813,-0.458489,0.00053899,0.00062198,31.557318,27.321657,2023-08-01
968,2023-07-27 12:50:00,19750.0,19738.2,14111200,7203100,37.4,43.6,1237900,807650,0.510722,-0.489691,0.00054885,0.00062202,31.11921,27.459227,2023-08-01
6230,2023-07-27 12:50:00,19800.0,19738.2,28975050,9016750,20.5,76.55,1490250,433450,0.484572,-0.520148,0.00052704,0.00061066,32.394331,27.943667,2023-08-01
11488,2023-07-27 12:50:00,19850.0,19738.2,22505850,3731050,10.65,116.9,820000,120750,0.460786,-0.551314,0.00050281,0.00061457,33.816821,27.571127,2023-08-01
16745,2023-07-27 12:50:00,19900.0,19738.2,25503350,3014750,6.05,162.6,563200,42350,0.441858,-0.585945,0.00046273,0.00063327,36.531573,26.351878,2023-08-01
21999,2023-07-27 12:50:00,19950.0,19738.2,12838900,868750,3.8,210.0,270950,11850,0.427349,,0.00042085,,39.923477,0.0,2023-08-01
27251,2023-07-27 12:50:00,20000.0,19738.2,18077600,1436950,2.9,258.85,270850,13400,0.418336,,0.00037508,,44.595671,0.0,2023-08-01
24627,2023-07-27 12:51:00,19500.0,19737.65,1539000,10431400,245.0,1.25,18850,305650,0.597357,-0.372149,0.00032585,0.00044857,50.870728,36.120546,2023-08-01
19374,2023-07-27 12:51:00,19550.0,19737.65,267350,6364000,194.05,1.65,8900,427850,0.594816,-0.381268,0.00040489,0.00052366,41.005187,31.174896,2023-08-01
14118,2023-07-27 12:51:00,19600.0,19737.65,1710800,12568550,146.3,3.7,102300,1430250,0.582052,-0.402244,0.000465,0.00057107,35.967223,29.019022,2023-08-01
8861,2023-07-27 12:51:00,19650.0,19737.65,1927800,12564750,101.85,8.8,232650,1932850,0.562954,-0.428074,0.0005184,0.00061221,32.551142,27.456476,2023-08-01
3601,2023-07-27 12:51:00,19700.0,19737.65,8597250,15497800,64.8,21.5,955600,2528350,0.537611,-0.458969,0.00054132,0.00061906,31.426267,27.456394,2023-08-01
969,2023-07-27 12:51:00,19750.0,19737.65,13983100,7324800,37.0,43.9,1565150,1167100,0.510417,-0.490025,0.00054908,0.0006202,31.109597,27.543164,2023-08-01
6231,2023-07-27 12:51:00,19800.0,19737.65,28962800,9113800,20.05,77.25,1551900,607300,0.484141,-0.520073,0.00052941,0.00060321,32.250919,28.291964,2023-08-01
11489,2023-07-27 12:51:00,19850.0,19737.65,22421250,3727900,10.4,117.6,1019450,182250,0.460385,-0.550752,0.0005039,0.00060609,33.743606,27.964766,2023-08-01
16746,2023-07-27 12:51:00,19900.0,19737.65,25482800,2995050,5.95,163.15,689550,94950,0.441684,-0.585774,0.00046221,0.00062995,36.573529,26.49579,2023-08-01
22000,2023-07-27 12:51:00,19950.0,19737.65,12856350,862750,3.7,211.0,345800,12750,0.427048,,0.00042112,,39.89583,0.0,2023-08-01
27252,2023-07-27 12:51:00,20000.0,19737.65,17939800,1438100,2.95,260.95,168450,16100,0.418951,,0.00037217,,44.963162,0.0,2023-08-01
24628,2023-07-27 12:52:00,19500.0,19736.95,1539000,10431400,243.0,1.3,11650,188900,0.60091,-0.373223,0.0003421,0.00044581,48.34819,36.381236,2023-08-01
19375,2023-07-27 12:52:00,19550.0,19736.95,267350,6364000,192.4,1.7,4400,142450,0.597887,-0.382199,0.00042239,0.00052114,39.23507,31.352203,2023-08-01
14119,2023-07-27 12:52:00,19600.0,19736.95,1710800,12568550,145.8,3.8,57650,741000,0.581259,-0.403125,0.00046182,0.00056807,36.234042,29.191633,2023-08-01
8862,2023-07-27 12:52:00,19650.0,19736.95,1927800,12564750,101.15,9.05,138450,970550,0.562657,-0.428982,0.00051922,0.00060743,32.506734,27.687002,2023-08-01
3602,2023-07-27 12:52:00,19700.0,19736.95,8597250,15497800,63.7,21.8,566150,1640800,0.537527,-0.459535,0.00054851,0.00061622,31.018123,27.589772,2023-08-01
970,2023-07-27 12:52:00,19750.0,19736.95,13983100,7324800,36.1,44.45,928400,621400,0.509982,-0.490435,0.00055502,0.00061564,30.780883,27.750546,2023-08-01
6232,2023-07-27 12:52:00,19800.0,19736.95,28962800,9113800,19.65,77.85,1186200,274550,0.483702,-0.520306,0.00053055,0.00059982,32.183971,28.454022,2023-08-01
11490,2023-07-27 12:52:00,19850.0,19736.95,22421250,3727900,10.2,118.6,713350,79700,0.460045,-0.54976,0.00050374,0.0005929,33.754675,28.598687,2023-08-01
16747,2023-07-27 12:52:00,19900.0,19736.95,25482800,2995050,5.8,163.95,478800,43200,0.441316,-0.584388,0.00046243,0.0006186,36.555205,27.005416,2023-08-01
22001,2023-07-27 12:52:00,19950.0,19736.95,12856350,862750,3.65,212.3,177100,9900,0.426998,,0.00041999,,40.006887,0.0,2023-08-01
27253,2023-07-27 12:52:00,20000.0,19736.95,17939800,1438100,2.9,260.6,219550,8650,0.418882,,0.00037146,,45.052127,0.0,2023-08-01
24629,2023-07-27 12:53:00,19500.0,19734.7,1539000,10431400,234.0,1.35,25650,256300,,-0.374388,,0.00044562,0.0,36.43936,2023-08-01
19376,2023-07-27 12:53:00,19550.0,19734.7,267350,6364000,184.0,2.0,8550,269900,,-0.385754,,0.00051006,0.0,32.127109,2023-08-01
14120,2023-07-27 12:53:00,19600.0,19734.7,1710800,12568550,139.5,4.45,80900,1083400,0.594242,-0.406859,0.00055949,0.00055204,29.693737,30.114758,2023-08-01
8863,2023-07-27 12:53:00,19650.0,19734.7,1927800,12564750,95.25,10.7,161500,1428650,0.568378,-0.433104,0.0005944,0.00057856,28.332681,29.126732,2023-08-01
3603,2023-07-27 12:53:00,19700.0,19734.7,8597250,15497800,58.7,24.9,687300,1935600,0.538406,-0.462572,0.00060059,0.00057695,28.327585,29.495009,2023-08-01
971,2023-07-27 12:53:00,19750.0,19734.7,13983100,7324800,33.0,48.05,1248400,952300,0.508462,-0.491491,0.00058263,0.00057766,29.33023,29.582651,2023-08-01
6233,2023-07-27 12:53:00,19800.0,19734.7,28962800,9113800,17.5,82.85,1219300,479100,0.481224,-0.518175,0.00055149,0.00054163,30.958926,31.52451,2023-08-01
11491,2023-07-27 12:53:00,19850.0,19734.7,22421250,3727900,9.3,126.2,870100,102900,0.457998,-0.537821,0.00051164,0.00047531,33.221706,35.799368,2023-08-01
16748,2023-07-27 12:53:00,19900.0,19734.7,25482800,2995050,5.35,172.3,652150,69250,0.439664,-0.553232,0.00046589,0.00042441,36.267248,39.914914,2023-08-01
22002,2023-07-27 12:53:00,19950.0,19734.7,12856350,862750,3.5,221.05,236800,6550,0.426264,-0.561642,0.00041893,0.00036644,40.101927,46.087338,2023-08-01
27254,2023-07-27 12:53:00,20000.0,19734.7,17939800,1438100,2.85,269.35,195950,12550,0.41872,-0.571423,0.000369,0.00033513,45.35593,50.183481,2023-08-01
24630,2023-07-27 12:54:00,19500.0,19730.0,1543000,10399500,232.55,1.35,18250,279550,0.618188,-0.375078,0.00042522,0.00045207,38.431087,35.951423,2023-08-01
19377,2023-07-27 12:54:00,19550.0,19730.0,268350,6303800,183.6,2.0,12550,664300,0.605705,-0.386494,0.00047984,0.00051945,34.374046,31.57356,2023-08-01
14121,2023-07-27 12:54:00,19600.0,19730.0,1686100,12387200,136.0,4.6,134950,1635750,0.588288,-0.408391,0.0005371,0.00056052,31.050496,29.695764,2023-08-01
8864,2023-07-27 12:54:00,19650.0,19730.0,1929200,12003850,92.0,11.0,239350,2040600,0.564421,-0.434814,0.00058216,0.00059081,28.985613,28.552488,2023-08-01
3604,2023-07-27 12:54:00,19700.0,19730.0,8671250,15705900,56.9,25.7,1339250,3188550,0.534828,-0.464825,0.00058061,0.00059015,29.33577,28.859388,2023-08-01
972,2023-07-27 12:54:00,19750.0,19730.0,14064750,7309150,31.4,50.55,1779900,1366850,0.505838,-0.494216,0.00057459,0.00057844,29.753132,29.555037,2023-08-01
6234,2023-07-27 12:54:00,19800.0,19730.0,28965000,9014300,16.8,85.9,2191800,866250,0.479305,-0.521017,0.00054118,0.00054607,31.550631,31.266798,2023-08-01
11492,2023-07-27 12:54:00,19850.0,19730.0,22545150,3710800,8.75,127.85,1500450,196050,0.456155,-0.544555,0.00050671,0.00051267,33.538952,33.142111,2023-08-01
16749,2023-07-27 12:54:00,19900.0,19730.0,25469950,2981550,5.1,173.65,1362900,141200,0.438404,-0.565239,0.00046029,0.00048114,36.701947,35.059333,2023-08-01
22003,2023-07-27 12:54:00,19950.0,19730.0,12841250,855500,3.35,222.35,275500,22700,0.425308,-0.577227,0.00041429,0.00042515,40.544406,39.460307,2023-08-01
27255,2023-07-27 12:54:00,20000.0,19730.0,17914150,1433400,2.8,271.1,245300,15450,0.418418,-0.591199,0.00036389,0.00039658,45.999473,41.981614,2023-08-01
24631,2023-07-27 12:55:00,19500.0,19726.8,1543000,10399500,232.9,1.35,12150,180800,0.598992,-0.375655,0.00034998,0.00045618,47.35218,35.653163,2023-08-01
19378,2023-07-27 12:55:00,19550.0,19726.8,268350,6303800,182.3,2.0,6400,334800,0.595789,-0.387098,0.00043573,0.0005256,38.111737,31.225325,2023-08-01
14122,2023-07-27 12:55:00,19600.0,19726.8,1686100,12387200,136.95,4.6,118650,1201950,0.576263,-0.40906,0.00046088,0.00056929,36.426672,29.256289,2023-08-01
8865,2023-07-27 12:55:00,19650.0,19726.8,1929200,12003850,93.0,10.85,153450,1197750,0.557354,-0.435375,0.00052027,0.00060691,32.530702,27.807857,2023-08-01
3605,2023-07-27 12:55:00,19700.0,19726.8,8671250,15705900,57.35,25.3,683900,1915300,0.531806,-0.465879,0.00054485,0.00061517,31.288144,27.697952,2023-08-01
973,2023-07-27 12:55:00,19750.0,19726.8,14064750,7309150,31.9,50.0,1080550,844650,0.504493,-0.49667,0.00054733,0.00061479,31.243682,27.81618,2023-08-01
6235,2023-07-27 12:55:00,19800.0,19726.8,28965000,9014300,16.95,85.2,1156450,374600,0.478715,-0.52646,0.00052474,0.00060053,32.544634,28.41501,2023-08-01
11493,2023-07-27 12:55:00,19850.0,19726.8,22545150,3710800,8.8,127.15,1032200,82500,0.455915,-0.556848,0.0004953,0.00060101,34.316518,28.16526,2023-08-01
16750,2023-07-27 12:55:00,19900.0,19726.8,25469950,2981550,5.1,173.35,591250,56500,0.438292,-0.597113,0.00045249,0.00065355,37.341473,25.388216,2023-08-01
22004,2023-07-27 12:55:00,19950.0,19726.8,12841250,855500,3.4,221.85,358750,7300,0.425641,,0.00040712,,41.275051,0.0,2023-08-01
27256,2023-07-27 12:55:00,20000.0,19726.8,17914150,1433400,2.8,270.85,244900,8850,0.41856,,0.00035936,,46.594002,0.0,2023-08-01
24632,2023-07-27 12:56:00,19500.0,19725.15,1543000,10399500,236.55,1.35,13000,266700,0.586663,-0.376113,0.00029581,0.00045769,56.452801,35.554001,2023-08-01
19379,2023-07-27 12:56:00,19550.0,19725.15,268350,6303800,187.15,1.95,12250,351950,0.579677,-0.387081,0.00034808,0.00053055,48.155863,30.938748,2023-08-01
14123,2023-07-27 12:56:00,19600.0,19725.15,1686100,12387200,139.7,4.45,98850,1353300,0.568644,-0.408849,0.00040656,0.000578,41.445956,28.816187,2023-08-01
8866,2023-07-27 12:56:00,19650.0,19725.15,1929200,12003850,95.6,10.4,179700,1380750,0.552447,-0.435013,0.0004686,0.00062334,36.184977,27.074612,2023-08-01
3606,2023-07-27 12:56:00,19700.0,19725.15,8671250,15705900,59.6,24.3,780750,2350650,0.529725,-0.465993,0.00050367,0.00064262,33.864972,26.519614,2023-08-01
974,2023-07-27 12:56:00,19750.0,19725.15,14064750,7309150,33.25,48.3,1294000,984250,0.504166,-0.498478,0.00051998,0.00066194,32.892115,25.839542,2023-08-01
6236,2023-07-27 12:56:00,19800.0,19725.15,28965000,9014300,17.7,82.55,1709200,466600,0.479171,-0.534032,0.00050641,0.00069883,33.729162,24.38651,2023-08-01
11494,2023-07-27 12:56:00,19850.0,19725.15,22545150,3710800,9.2,124.05,1344850,172450,0.456714,,0.00048232,,35.253393,0.0,2023-08-01
16751,2023-07-27 12:56:00,19900.0,19725.15,25469950,2981550,5.25,170.05,783050,76150,0.438939,,0.00044471,,38.010292,0.0,2023-08-01
22005,2023-07-27 12:56:00,19950.0,19725.15,12841250,855500,3.4,219.0,220550,17650,0.425809,,0.00040352,,41.652791,0.0,2023-08-01
27257,2023-07-27 12:56:00,20000.0,19725.15,17914150,1433400,2.8,267.75,170250,18550,0.418793,,0.00035654,,46.975955,0.0,2023-08-01
24633,2023-07-27 12:57:00,19500.0,19725.25,1551650,10301350,234.95,1.35,9450,269900,0.589438,-0.376436,0.00030889,0.00045619,53.978776,35.682542,2023-08-01
19380,2023-07-27 12:57:00,19550.0,19725.25,270950,6340450,187.0,2.05,11650,255400,0.579901,-0.388313,0.00034921,0.00052392,47.9973,31.360895,2023-08-01
14124,2023-07-27 12:57:00,19600.0,19725.25,1716700,12495250,139.15,4.6,64200,1034950,0.569375,-0.40975,0.00041218,0.00057105,40.870595,29.184213,2023-08-01
8867,2023-07-27 12:57:00,19650.0,19725.25,1914200,12041750,95.0,10.7,115350,810900,0.552982,-0.435746,0.00047499,0.00061397,35.693821,27.498276,2023-08-01
3607,2023-07-27 12:57:00,19700.0,19725.25,8791500,16126250,59.0,24.55,560950,1405550,0.529938,-0.466176,0.00050958,0.00063527,33.473065,26.829157,2023-08-01
975,2023-07-27 12:57:00,19750.0,19725.25,14058350,7446850,32.9,48.45,883800,573650,0.504151,-0.498313,0.00052304,0.00065575,32.702166,26.085115,2023-08-01
6237,2023-07-27 12:57:00,19800.0,19725.25,28906050,8996750,17.55,83.15,1055850,330800,0.479163,-0.532475,0.00050721,0.00067619,33.678433,25.2127,2023-08-01
11495,2023-07-27 12:57:00,19850.0,19725.25,22143400,3677600,9.15,124.65,798650,87600,0.456813,-0.595324,0.00048192,0.00091737,35.286172,18.111268,2023-08-01
16752,2023-07-27 12:57:00,19900.0,19725.25,25305950,2962200,5.3,170.5,558450,44700,0.439387,,0.00044248,,38.210751,0.0,2023-08-01
22006,2023-07-27 12:57:00,19950.0,19725.25,12650850,843100,3.5,219.95,262600,19450,0.42668,,0.00040006,,42.032787,0.0,2023-08-01
27258,2023-07-27 12:57:00,20000.0,19725.25,17880250,1435900,2.8,268.8,134050,11700,0.419122,,0.00035556,,47.115741,0.0,2023-08-01
24634,2023-07-27 12:58:00,19450.0,19719.25,171400,3063750,278.8,1.0,900,124750,0.594031,-0.368437,0.00027047,0.00040774,61.501437,39.663811,2023-08-01
19381,2023-07-27 12:58:00,19500.0,19719.25,1551650,10301350,228.2,1.4,11500,251700,0.590077,-0.377878,0.00032135,0.00046275,51.886863,35.231993,2023-08-01
14125,2023-07-27 12:58:00,19550.0,19719.25,270950,6340450,179.45,2.15,6250,403350,0.581628,-0.390088,0.00037315,0.00053263,44.893771,30.89989,2023-08-01
8868,2023-07-27 12:58:00,19600.0,19719.25,1716700,12495250,131.6,5.0,98350,1532750,0.570518,-0.412511,0.00044323,0.00057746,38.002176,28.917005,2023-08-01
3608,2023-07-27 12:58:00,19650.0,19719.25,1914200,12041750,88.45,11.85,200750,1643600,0.551945,-0.439349,0.000501,0.00061615,33.865065,27.45063,2023-08-01
976,2023-07-27 12:58:00,19700.0,19719.25,8791500,16126250,54.0,27.45,1001600,2661600,0.527241,-0.470289,0.00052632,0.00062501,32.436031,27.302304,2023-08-01
6238,2023-07-27 12:58:00,19750.0,19719.25,14058350,7446850,29.6,53.15,1427450,1190200,0.500755,-0.501782,0.00053259,0.00063515,32.129083,26.941145,2023-08-01
11496,2023-07-27 12:58:00,19800.0,19719.25,28906050,8996750,15.7,89.3,1463800,639250,0.475845,-0.533812,0.00051062,0.0006384,33.449961,26.707888,2023-08-01
16753,2023-07-27 12:58:00,19850.0,19719.25,22143400,3677600,8.3,132.05,1044200,145050,0.454149,-0.573573,0.00047994,0.00069686,35.418044,24.136805,2023-08-01
22007,2023-07-27 12:58:00,19900.0,19719.25,25305950,2962200,4.9,178.25,1041250,107950,0.437456,,0.00043831,,38.559195,0.0,2023-08-01
27259,2023-07-27 12:58:00,19950.0,19719.25,12650850,843100,3.3,226.7,256050,15650,0.425386,,0.00039525,,42.534163,0.0,2023-08-01
24635,2023-07-27 12:59:00,19450.0,19721.85,171400,3063750,285.45,1.05,150,21800,0.587989,-0.36942,0.00024243,0.00040046,68.855069,40.41766,2023-08-01
19382,2023-07-27 12:59:00,19500.0,19721.85,1551650,10301350,235.5,1.35,11300,103150,0.582529,-0.377366,0.00028029,0.00045941,59.734332,35.470594,2023-08-01
14126,2023-07-27 12:59:00,19550.0,19721.85,270950,6340450,186.65,1.95,5100,378900,0.574853,-0.38831,0.00032545,0.00053409,51.64724,30.773139,2023-08-01
8869,2023-07-27 12:59:00,19600.0,19721.85,1716700,12495250,138.0,4.45,58800,1193600,0.565665,-0.410025,0.00039302,0.00058422,42.945562,28.540001,2023-08-01
3609,2023-07-27 12:59:00,19650.0,19721.85,1914200,12041750,94.15,10.45,130400,1323750,0.549815,-0.436328,0.00045389,0.00063313,37.403633,26.680292,2023-08-01
977,2023-07-27 12:59:00,19700.0,19721.85,8791500,16126250,58.35,24.75,684750,1867650,0.527767,-0.467819,0.00049157,0.0006529,34.723952,26.12189,2023-08-01
6239,2023-07-27 12:59:00,19750.0,19721.85,14058350,7446850,32.4,48.95,902500,832350,0.502725,-0.501096,0.00050913,0.00068447,33.606439,24.998063,2023-08-01
11497,2023-07-27 12:59:00,19800.0,19721.85,28906050,8996750,17.45,84.15,1075200,402900,0.478478,-0.538581,0.00049356,0.00073116,34.617303,23.292371,2023-08-01
16754,2023-07-27 12:59:00,19850.0,19721.85,22143400,3677600,9.05,125.8,771350,91700,0.456451,,0.00047191,,36.042043,0.0,2023-08-01
22008,2023-07-27 12:59:00,19900.0,19721.85,25305950,2962200,5.2,172.1,749550,56400,0.439156,,0.00043543,,38.838025,0.0,2023-08-01
27260,2023-07-27 12:59:00,19950.0,19721.85,12650850,843100,3.4,219.9,279150,7750,0.426457,,0.00039521,,42.557118,0.0,2023-08-01
24636,2023-07-27 13:00:00,19500.0,19725.05,1556750,10310700,234.9,1.4,9900,261800,0.588507,-0.378081,0.0003048,0.00044996,54.74453,36.233404,2023-08-01
19383,2023-07-27 13:00:00,19550.0,19725.05,272450,6294950,185.65,1.95,2900,319450,0.581245,-0.388315,0.00035767,0.00052451,46.839661,31.332132,2023-08-01
14127,2023-07-27 13:00:00,19600.0,19725.05,1731100,12477900,138.0,4.4,73300,937150,0.570202,-0.409611,0.00041959,0.00057296,40.142681,29.090752,2023-08-01
8870,2023-07-27 13:00:00,19650.0,19725.05,1950650,12110900,93.9,10.3,118750,1028950,0.553421,-0.435498,0.00048201,0.00061845,35.176391,27.301978,2023-08-01
3610,2023-07-27 13:00:00,19700.0,19725.05,8923700,16156500,58.25,24.5,617150,1898900,0.529898,-0.466431,0.00051199,0.00063159,33.323105,26.99285,2023-08-01
978,2023-07-27 13:00:00,19750.0,19725.05,14172400,7462250,32.55,48.9,886200,822250,0.504083,-0.498243,0.00052119,0.00064329,32.825227,26.59579,2023-08-01
6240,2023-07-27 13:00:00,19800.0,19725.05,28996100,9049950,17.25,83.9,998600,328100,0.479166,-0.531115,0.00050572,0.00065364,33.784665,26.095389,2023-08-01
11498,2023-07-27 13:00:00,19850.0,19725.05,22123950,3646750,9.0,125.85,813350,82350,0.457033,-0.576142,0.00047937,0.00075366,35.483654,22.286378,2023-08-01
16755,2023-07-27 13:00:00,19900.0,19725.05,25296900,2969000,5.25,171.6,557100,51850,0.439933,,0.00043897,,38.532812,0.0,2023-08-01
22009,2023-07-27 13:00:00,19950.0,19725.05,12532050,833300,3.45,221.3,142050,10300,0.427275,,0.00039723,,42.352716,0.0,2023-08-01
27261,2023-07-27 13:00:00,20000.0,19725.05,17842000,1410150,2.8,269.15,323350,13750,0.420094,,0.00035209,,47.614439,0.0,2023-08-01
24637,2023-07-27 13:01:00,19450.0,19722.5,171750,3028150,281.8,1.0,650,113350,0.594168,-0.369273,0.00026731,0.00039998,62.22469,40.464908,2023-08-01
19384,2023-07-27 13:01:00,19500.0,19722.5,1556750,10310700,233.7,1.35,7450,53350,0.585707,-0.377983,0.00029515,0.00045555,56.634925,35.792861,2023-08-01
14128,2023-07-27 13:01:00,19550.0,19722.5,272450,6294950,184.2,2.05,6000,244000,0.578869,-0.389791,0.00034901,0.00052438,48.069225,31.380163,2023-08-01
8871,2023-07-27 13:01:00,19600.0,19722.5,1731100,12477900,136.5,4.5,59500,1013850,0.568125,-0.410651,0.00041151,0.00057666,40.97651,28.927359,2023-08-01
3611,2023-07-27 13:01:00,19650.0,19722.5,1950650,12110900,92.8,10.75,102200,879750,0.551373,-0.437096,0.00047122,0.0006187,36.013486,27.314271,2023-08-01
979,2023-07-27 13:01:00,19700.0,19722.5,8923700,16156500,57.3,25.25,505550,1570900,0.52839,-0.467966,0.0005041,0.00063442,33.860117,26.886406,2023-08-01
6241,2023-07-27 13:01:00,19750.0,19722.5,14172400,7462250,31.9,49.95,824100,710150,0.502912,-0.500035,0.00051479,0.00065122,33.24061,26.277397,2023-08-01
11499,2023-07-27 13:01:00,19800.0,19722.5,28996100,9049950,16.95,85.25,1080150,285200,0.478362,-0.534044,0.00049928,0.00067172,34.223936,25.382484,2023-08-01
16756,2023-07-27 13:01:00,19850.0,19722.5,22123950,3646750,8.9,127.2,949450,126600,0.456614,-0.603679,0.00047302,0.00096375,35.962373,17.153037,2023-08-01
22010,2023-07-27 13:01:00,19900.0,19722.5,25296900,2969000,5.15,173.65,721000,48250,0.439544,,0.00043489,,38.896406,0.0,2023-08-01
27262,2023-07-27 13:01:00,19950.0,19722.5,12532050,833300,3.45,220.85,133450,18050,0.42739,,0.00039247,,42.877874,0.0,2023-08-01
24638,2023-07-27 13:02:00,19450.0,19711.85,171750,3028150,266.95,1.05,3200,117750,0.603982,-0.371164,0.00031895,0.00041002,51.850187,39.563361,2023-08-01
19385,2023-07-27 13:02:00,19500.0,19711.85,1556750,10310700,214.45,1.55,59700,354700,0.61348,-0.38158,0.00044156,0.00046305,37.19802,35.336889,2023-08-01
14129,2023-07-27 13:02:00,19550.0,19711.85,272450,6294950,165.75,2.3,33300,655600,0.599626,-0.393288,0.00049845,0.00053855,33.275231,30.650144,2023-08-01
8872,2023-07-27 13:02:00,19600.0,19711.85,1731100,12477900,119.1,5.75,247000,2254550,0.579589,-0.417343,0.00054947,0.0005746,30.540387,29.15747,2023-08-01
3612,2023-07-27 13:02:00,19650.0,19711.85,1950650,12110900,77.75,14.0,416200,2866800,0.553179,-0.445052,0.0005758,0.0006013,29.472629,28.205619,2023-08-01
980,2023-07-27 13:02:00,19700.0,19711.85,8923700,16156500,45.2,32.1,1956450,4783850,0.524273,-0.475532,0.00058287,0.00059361,29.322429,28.790954,2023-08-01
6242,2023-07-27 13:02:00,19750.0,19711.85,14172400,7462250,23.95,60.75,2683050,2088350,0.495695,-0.504707,0.00056587,0.00057821,30.257303,29.611426,2023-08-01
11500,2023-07-27 13:02:00,19800.0,19711.85,28996100,9049950,12.55,99.0,3844900,1151000,0.470626,-0.531107,0.00052726,0.00054773,32.387253,31.166524,2023-08-01
16757,2023-07-27 13:02:00,19850.0,19711.85,22123950,3646750,6.7,142.75,2339450,389450,0.449706,-0.555313,0.00048596,0.00052218,34.954869,32.475517,2023-08-01
22011,2023-07-27 13:02:00,19900.0,19711.85,25296900,2969000,4.2,190.6,1563850,191300,0.434766,-0.571598,0.00043506,0.00046755,38.829562,36.031317,2023-08-01
27263,2023-07-27 13:02:00,19950.0,19711.85,12532050,833300,3.05,240.15,409200,35550,0.424578,-0.578747,0.00038656,0.00039954,43.500832,42.018112,2023-08-01
24639,2023-07-27 13:03:00,19450.0,19711.15,171750,3038850,268.25,1.05,1400,227950,0.597472,-0.371565,0.00029415,0.00040974,56.470581,39.60846,2023-08-01
19386,2023-07-27 13:03:00,19500.0,19711.15,1535150,10319350,218.85,1.4,50600,704850,0.590913,-0.380188,0.00033897,0.0004706,49.201989,34.735036,2023-08-01
14130,2023-07-27 13:03:00,19550.0,19711.15,270600,6218950,169.7,2.2,23450,1221200,0.582972,-0.392825,0.00040143,0.00054343,41.733093,30.368142,2023-08-01
8873,2023-07-27 13:03:00,19600.0,19711.15,1769400,12329900,123.0,5.3,208750,2582100,0.569081,-0.41603,0.00046329,0.00058876,36.407501,28.43919,2023-08-01
3613,2023-07-27 13:03:00,19650.0,19711.15,2011700,11967700,80.7,13.1,417700,2795200,0.548989,-0.444059,0.00051908,0.00062175,32.741166,27.271186,2023-08-01
981,2023-07-27 13:03:00,19700.0,19711.15,8914000,15787800,47.85,30.35,2138100,4913300,0.523141,-0.475359,0.00053848,0.00062597,31.74797,27.304818,2023-08-01
6243,2023-07-27 13:03:00,19750.0,19711.15,13972200,7114800,25.4,58.4,3392550,2085100,0.496201,-0.506615,0.00053944,0.000625,31.743899,27.395416,2023-08-01
11501,2023-07-27 13:03:00,19800.0,19711.15,28749150,8800400,13.3,96.4,4350650,1097050,0.471677,-0.537256,0.00051079,0.00061674,33.44126,27.645043,2023-08-01
16758,2023-07-27 13:03:00,19850.0,19711.15,21856100,3593000,6.95,139.9,2675450,286200,0.450539,-0.576288,0.00047757,0.00067345,35.581678,24.961577,2023-08-01
22012,2023-07-27 13:03:00,19900.0,19711.15,25037200,2974700,4.15,187.05,2243500,192350,0.434743,,0.0004336,,38.96457,0.0,2023-08-01
27264,2023-07-27 13:03:00,19950.0,19711.15,12431350,822950,2.85,235.75,889050,22800,0.42355,,0.00038947,,43.159176,0.0,2023-08-01
24640,2023-07-27 13:04:00,19450.0,19700.45,171750,3038850,256.95,1.05,4150,305300,0.597839,-0.372672,0.00030964,0.00042354,53.665482,38.377985,2023-08-01
19387,2023-07-27 13:04:00,19500.0,19700.45,1535150,10319350,206.0,1.5,58900,480700,0.595862,-0.382609,0.00038319,0.00048468,43.41964,33.811543,2023-08-01
14131,2023-07-27 13:04:00,19550.0,19700.45,270600,6218950,156.95,2.45,47400,1185900,0.58687,-0.396251,0.00045612,0.00056035,36.67248,29.538979,2023-08-01
8874,2023-07-27 13:04:00,19600.0,19700.45,1769400,12329900,110.35,6.4,320600,3062650,0.570665,-0.421742,0.00052698,0.00059644,32.004335,28.174199,2023-08-01
3614,2023-07-27 13:04:00,19650.0,19700.45,2011700,11967700,70.25,15.8,754200,4214350,0.545719,-0.450688,0.00056172,0.00062406,30.304018,27.247278,2023-08-01
982,2023-07-27 13:04:00,19700.0,19700.45,8914000,15787800,39.95,35.8,2759550,6334150,0.517526,-0.482136,0.00056839,0.00061774,30.117349,27.71024,2023-08-01
6244,2023-07-27 13:04:00,19750.0,19700.45,13972200,7114800,20.6,66.75,3848450,2920550,0.489726,-0.512381,0.00055513,0.0006033,30.856507,28.388472,2023-08-01
11502,2023-07-27 13:04:00,19800.0,19700.45,28749150,8800400,10.75,106.55,4217750,1434650,0.465664,-0.540846,0.00051612,0.00058402,33.076926,29.186031,2023-08-01
16759,2023-07-27 13:04:00,19850.0,19700.45,21856100,3593000,5.9,151.75,2870400,628500,0.446152,-0.568135,0.00047229,0.00056737,35.950054,29.759445,2023-08-01
22013,2023-07-27 13:04:00,19900.0,19700.45,25037200,2974700,3.7,199.6,2161500,374150,0.431842,-0.600237,0.00042469,0.0005792,39.75659,28.645221,2023-08-01
27265,2023-07-27 13:04:00,19950.0,19700.45,12431350,822950,2.75,248.85,816750,45550,0.422511,,0.00037728,,44.557263,0.0,2023-08-01
24641,2023-07-27 13:05:00,19450.0,19703.8,171750,3038850,258.95,1.0,1200,435000,0.602256,-0.371987,0.00032304,0.00042032,51.286365,38.645031,2023-08-01
19388,2023-07-27 13:05:00,19500.0,19703.8,1535150,10319350,211.55,1.4,34700,724400,0.589524,-0.381457,0.00034519,0.00048189,48.379362,33.973159,2023-08-01
14132,2023-07-27 13:05:00,19550.0,19703.8,270600,6218950,162.9,2.15,44100,956100,0.580354,-0.393743,0.0004044,0.00056324,41.504567,29.333649,2023-08-01
8875,2023-07-27 13:05:00,19600.0,19703.8,1769400,12329900,116.7,5.6,259750,2543200,0.565772,-0.418718,0.00046511,0.00060465,36.335584,27.745574,2023-08-01
3615,2023-07-27 13:05:00,19650.0,19703.8,2011700,11967700,74.85,14.1,436650,2938250,0.545492,-0.447696,0.00052549,0.00063798,32.392448,26.624213,2023-08-01
983,2023-07-27 13:05:00,19700.0,19703.8,8914000,15787800,43.35,32.85,2388800,3786900,0.519211,-0.479826,0.00054303,0.00063863,31.514838,26.793968,2023-08-01
6245,2023-07-27 13:05:00,19750.0,19703.8,13972200,7114800,22.65,62.55,2556500,1636100,0.49226,-0.5117,0.00053892,0.00063777,31.785717,26.85274,2023-08-01
11503,2023-07-27 13:05:00,19800.0,19703.8,28749150,8800400,12.0,101.9,3134450,853450,0.468546,-0.543318,0.000504,0.00063331,33.888862,26.893722,2023-08-01
16760,2023-07-27 13:05:00,19850.0,19703.8,21856100,3593000,6.45,146.4,2403550,324650,0.448546,-0.589624,0.00046701,0.0007306,36.381303,22.856793,2023-08-01
22014,2023-07-27 13:05:00,19900.0,19703.8,25037200,2974700,3.9,193.8,1704900,108000,0.433435,,0.00042406,,39.839427,0.0,2023-08-01
27266,2023-07-27 13:05:00,19950.0,19703.8,12431350,822950,2.8,242.95,665400,37000,0.423385,,0.00037892,,44.38026,0.0,2023-08-01
24642,2023-07-27 13:06:00,19450.0,19705.3,171750,2996800,258.3,1.05,1300,453000,0.612724,-0.373041,0.0003616,0.00041404,45.477425,39.266726,2023-08-01
19389,2023-07-27 13:06:00,19500.0,19705.3,1561350,10435700,212.3,1.5,25300,666750,0.591374,-0.382869,0.00035171,0.00047212,47.430786,34.714244,2023-08-01
14133,2023-07-27 13:06:00,19550.0,19705.3,286650,6403900,163.15,2.2,28700,983950,0.583228,-0.394325,0.00041877,0.00055461,40.019092,29.802009,2023-08-01
8876,2023-07-27 13:06:00,19600.0,19705.3,1877900,12718900,116.6,5.5,169450,2334150,0.568463,-0.418352,0.00048334,0.00059972,34.924283,27.968358,2023-08-01
3616,2023-07-27 13:06:00,19650.0,19705.3,2241000,11783000,74.9,14.05,322750,2780750,0.547041,-0.44736,0.00053808,0.0006281,31.619757,27.039958,2023-08-01
984,2023-07-27 13:06:00,19700.0,19705.3,9869350,15567650,43.2,32.55,2053900,3307250,0.520129,-0.478996,0.00055361,0.00062892,30.908726,27.204329,2023-08-01
6246,2023-07-27 13:06:00,19750.0,19705.3,14743950,6651800,22.6,62.45,2100550,1330000,0.492821,-0.509975,0.00054497,0.00061699,31.433407,27.760277,2023-08-01
11504,2023-07-27 13:06:00,19800.0,19705.3,28616200,8408150,11.8,101.7,2410500,745300,0.468701,-0.539419,0.00051048,0.00060002,33.459469,28.414651,2023-08-01
16761,2023-07-27 13:06:00,19850.0,19705.3,21019650,3556600,6.45,146.1,2034050,314500,0.448973,-0.573038,0.00046893,0.00062157,36.237403,27.100839,2023-08-01
22015,2023-07-27 13:06:00,19900.0,19705.3,24512250,2894200,3.9,193.95,1317500,249600,0.433854,,0.00042519,,39.739693,0.0,2023-08-01
27267,2023-07-27 13:06:00,19950.0,19705.3,12142700,815450,2.75,242.7,457400,11600,0.423464,,0.00038084,,44.157475,0.0,2023-08-01
24643,2023-07-27 13:07:00,19450.0,19705.65,171750,2996800,258.15,1.0,1400,62950,0.616213,-0.372579,0.00037419,0.00041512,43.832752,39.150693,2023-08-01
19390,2023-07-27 13:07:00,19500.0,19705.65,1561350,10435700,209.15,1.4,24250,184150,0.604876,-0.381982,0.00041571,0.00047526,39.783261,34.462684,2023-08-01
14134,2023-07-27 13:07:00,19550.0,19705.65,286650,6403900,160.55,2.25,22150,701550,0.592607,-0.395012,0.00047599,0.00054943,35.022134,30.099082,2023-08-01
8877,2023-07-27 13:07:00,19600.0,19705.65,1877900,12718900,113.1,5.7,151250,1670150,0.576904,-0.419244,0.00055696,0.00059023,30.19002,28.432622,2023-08-01
3617,2023-07-27 13:07:00,19650.0,19705.65,2241000,11783000,72.3,14.65,219750,2372650,0.550011,-0.448204,0.00058323,0.00061146,29.14661,27.784932,2023-08-01
985,2023-07-27 13:07:00,19700.0,19705.65,9869350,15567650,41.3,33.9,1396300,2239200,0.520633,-0.479136,0.00058186,0.00060102,29.407768,28.469348,2023-08-01
6247,2023-07-27 13:07:00,19750.0,19705.65,14743950,6651800,21.45,64.45,1466050,1012400,0.492328,-0.50818,0.00056219,0.00057524,30.471415,29.779626,2023-08-01
11505,2023-07-27 13:07:00,19800.0,19705.65,28616200,8408150,11.2,104.1,1743550,528100,0.467978,-0.533568,0.00052025,0.00053715,32.827882,31.784808,2023-08-01
16762,2023-07-27 13:07:00,19850.0,19705.65,21019650,3556600,6.1,148.7,1486850,102750,0.448178,-0.556017,0.00047546,0.0005042,35.732302,33.646974,2023-08-01
22016,2023-07-27 13:07:00,19900.0,19705.65,24512250,2894200,3.8,196.45,938950,62800,0.433676,-0.573134,0.00042681,0.0004603,39.588733,36.596553,2023-08-01
27268,2023-07-27 13:07:00,19950.0,19705.65,12142700,815450,2.7,245.0,448150,6650,0.423468,-0.591296,0.00038134,0.00043756,44.101609,38.128482,2023-08-01
24644,2023-07-27 13:08:00,19450.0,19713.15,171750,2996800,266.3,0.95,350,88850,0.611721,-0.371595,0.00034655,0.00040648,47.475854,39.936971,2023-08-01
19391,2023-07-27 13:08:00,19500.0,19713.15,1561350,10435700,215.95,1.4,16900,264250,0.609935,-0.381715,0.00042329,0.00045967,38.919038,35.612711,2023-08-01
14135,2023-07-27 13:08:00,19550.0,19713.15,286650,6403900,167.35,2.05,17950,620300,0.596424,-0.392858,0.00047623,0.00053679,34.911593,30.751441,2023-08-01
8878,2023-07-27 13:08:00,19600.0,19713.15,1877900,12718900,119.65,4.95,214900,2155100,0.580749,-0.415555,0.00055293,0.00058276,30.341447,28.731342,2023-08-01
3618,2023-07-27 13:08:00,19650.0,19713.15,2241000,11783000,77.1,12.6,265900,2290600,0.555249,-0.44353,0.00059446,0.00061158,28.536983,27.726175,2023-08-01
986,2023-07-27 13:08:00,19700.0,19713.15,9869350,15567650,44.95,30.05,1484900,2704050,0.525079,-0.474531,0.00058571,0.00060544,29.18622,28.233557,2023-08-01
6248,2023-07-27 13:08:00,19750.0,19713.15,14743950,6651800,23.65,59.05,1675400,1025950,0.49642,-0.504035,0.00056593,0.0005805,30.264959,29.505144,2023-08-01
11506,2023-07-27 13:08:00,19800.0,19713.15,28616200,8408150,12.25,97.75,1651250,490200,0.471378,-0.52985,0.00052641,0.0005411,32.455012,31.566809,2023-08-01
16763,2023-07-27 13:08:00,19850.0,19713.15,21019650,3556600,6.55,142.25,1418600,92800,0.450793,-0.551074,0.00048268,0.00049621,35.21612,34.235409,2023-08-01
22017,2023-07-27 13:08:00,19900.0,19713.15,24512250,2894200,3.9,189.1,1049850,88000,0.435142,-0.571128,0.00043607,0.00046832,38.759024,35.992013,2023-08-01
27269,2023-07-27 13:08:00,19950.0,19713.15,12142700,815450,2.7,238.4,273000,13850,0.424276,-0.580464,0.00038977,0.0004084,43.15186,41.084748,2023-08-01
24645,2023-07-27 13:09:00,19450.0,19715.55,171700,3032900,268.75,0.9,650,83600,0.611278,-0.370933,0.0003416,0.00040501,48.17703,40.05676,2023-08-01
19392,2023-07-27 13:09:00,19500.0,19715.55,1575000,10454600,221.6,1.3,31900,255000,0.594462,-0.380608,0.00034836,0.00045924,47.781988,35.613166,2023-08-01
14136,2023-07-27 13:09:00,19550.0,19715.55,283000,6408100,172.0,1.8,16750,657000,0.587682,-0.390581,0.00041858,0.00054164,39.926435,30.425179,2023-08-01
8879,2023-07-27 13:09:00,19600.0,19715.55,1925450,12804150,124.75,4.4,169200,1832500,0.573703,-0.41314,0.00048447,0.00059022,34.748803,28.328696,2023-08-01
3619,2023-07-27 13:09:00,19650.0,19715.55,2279350,12145850,81.55,11.2,316300,2180050,0.553029,-0.440791,0.00054369,0.00062827,31.224039,26.960987,2023-08-01
987,2023-07-27 13:09:00,19700.0,19715.55,10399500,15498050,48.1,27.5,1523400,2517850,0.525872,-0.472522,0.00055661,0.00062953,30.706576,27.142666,2023-08-01
6249,2023-07-27 13:09:00,19750.0,19715.55,14995700,6475600,25.25,55.1,1575700,975750,0.498158,-0.50375,0.00055293,0.00062033,30.976093,27.609388,2023-08-01
11507,2023-07-27 13:09:00,19800.0,19715.55,28613900,8272400,13.15,93.05,1614950,470100,0.473328,-0.533072,0.00051803,0.00059803,32.989085,28.541965,2023-08-01
16764,2023-07-27 13:09:00,19850.0,19715.55,20710050,3488600,6.9,136.6,1133650,120950,0.452348,-0.564946,0.00047987,0.00060989,35.437866,27.710387,2023-08-01
22018,2023-07-27 13:09:00,19900.0,19715.55,24414900,2880650,4.1,183.55,885700,77000,0.436601,,0.00043407,,38.95953,0.0,2023-08-01
27270,2023-07-27 13:09:00,19950.0,19715.55,11883050,810750,2.8,232.55,358450,11850,0.42544,,0.00038898,,43.260806,0.0,2023-08-01
24646,2023-07-27 13:10:00,19450.0,19717.85,171700,3032900,273.2,0.95,750,58650,0.601442,-0.37201,0.00030148,0.00039776,54.963389,40.822803,2023-08-01
19393,2023-07-27 13:10:00,19500.0,19717.85,1575000,10454600,224.1,1.35,35000,260500,0.593831,-0.381411,0.00034147,0.000451,48.763263,36.285293,2023-08-01
14137,2023-07-27 13:10:00,19550.0,19717.85,283000,6408100,174.35,1.9,13550,365850,0.587559,-0.391661,0.00041195,0.00052858,40.569414,31.199436,2023-08-01
8880,2023-07-27 13:10:00,19600.0,19717.85,1925450,12804150,127.0,4.5,160100,1728250,0.57397,-0.413516,0.00047726,0.00057639,35.267619,29.013143,2023-08-01
3620,2023-07-27 13:10:00,19650.0,19717.85,2279350,12145850,83.4,11.15,419550,2208550,0.553981,-0.440336,0.00053935,0.00061501,31.463777,27.535985,2023-08-01
988,2023-07-27 13:10:00,19700.0,19717.85,10399500,15498050,49.65,27.25,1711350,2787100,0.527029,-0.471458,0.00055108,0.00061427,31.00724,27.810478,2023-08-01
6250,2023-07-27 13:10:00,19750.0,19717.85,14995700,6475600,26.5,54.5,1839800,981650,0.499638,-0.501877,0.00054529,0.00060238,31.408907,28.431962,2023-08-01
11508,2023-07-27 13:10:00,19800.0,19717.85,28613900,8272400,13.9,91.75,2019050,594700,0.474974,-0.530542,0.00051237,0.00058297,33.361319,29.292492,2023-08-01
16765,2023-07-27 13:10:00,19850.0,19717.85,20710050,3488600,7.15,135.1,1364350,135000,0.453576,-0.559701,0.00047903,0.00058031,35.510811,29.182428,2023-08-01
22019,2023-07-27 13:10:00,19900.0,19717.85,24414900,2880650,4.2,182.0,889800,82500,0.437559,-0.603358,0.0004344,0.00065338,38.942868,25.327956,2023-08-01
27271,2023-07-27 13:10:00,19950.0,19717.85,11883050,810750,2.9,230.9,290400,22250,0.426575,,0.00038814,,43.376009,0.0,2023-08-01
24647,2023-07-27 13:11:00,19450.0,19720.05,171700,3032900,275.0,0.95,350,22750,0.602774,-0.372231,0.00030386,0.00039369,54.480369,41.251488,2023-08-01
19394,2023-07-27 13:11:00,19500.0,19720.05,1575000,10454600,226.0,1.35,21000,158750,0.594712,-0.381584,0.00034188,0.00044573,48.675989,36.717043,2023-08-01
14138,2023-07-27 13:11:00,19550.0,19720.05,283000,6408100,176.5,1.85,16200,325300,0.587724,-0.391298,0.0004074,0.00052383,41.017121,31.472988,2023-08-01
8881,2023-07-27 13:11:00,19600.0,19720.05,1925450,12804150,127.65,4.2,112400,1478150,0.577827,-0.412131,0.00049931,0.00057681,33.645078,28.967968,2023-08-01
3621,2023-07-27 13:11:00,19650.0,19720.05,2279350,12145850,84.4,10.55,193400,1487450,0.555882,-0.438916,0.00054851,0.0006155,30.916037,27.498195,2023-08-01
989,2023-07-27 13:11:00,19700.0,19720.05,10399500,15498050,50.05,26.25,1252850,1931100,0.528505,-0.470123,0.0005615,0.00061353,30.423009,27.835615,2023-08-01
6251,2023-07-27 13:11:00,19750.0,19720.05,14995700,6475600,26.8,53.3,1638650,770300,0.500689,-0.500431,0.00055101,0.00059705,31.081553,28.684468,2023-08-01
11509,2023-07-27 13:11:00,19800.0,19720.05,28613900,8272400,13.9,90.2,1611850,358150,0.475624,-0.528769,0.00051854,0.00057645,32.966145,29.632664,2023-08-01
16766,2023-07-27 13:11:00,19850.0,19720.05,20710050,3488600,7.15,133.85,1090850,86650,0.454116,-0.554765,0.00048303,0.00055175,35.220739,30.74687,2023-08-01
22020,2023-07-27 13:11:00,19900.0,19720.05,24414900,2880650,4.15,180.15,934850,46150,0.437826,-0.592549,0.00043817,0.00060284,38.609677,27.641141,2023-08-01
27272,2023-07-27 13:11:00,19950.0,19720.05,11883050,810750,2.85,229.3,238450,13850,0.426723,,0.00039111,,43.048268,0.0,2023-08-01
24648,2023-07-27 13:12:00,19450.0,19722.1,172000,3025150,282.6,1.0,500,186000,0.589725,-0.373273,0.00024955,0.0003871,66.882471,41.98958,2023-08-01
19395,2023-07-27 13:12:00,19500.0,19722.1,1546750,10478250,228.25,1.3,32350,566900,0.594047,-0.381143,0.00033542,0.00044342,49.6323,36.894828,2023-08-01
14139,2023-07-27 13:12:00,19550.0,19722.1,273950,6448000,178.2,1.75,27050,636000,0.588797,-0.390446,0.00040854,0.00052221,40.876667,31.549886,2023-08-01
8882,2023-07-27 13:12:00,19600.0,19722.1,1866050,12771500,130.95,4.0,213550,2314000,0.57487,-0.411179,0.00046779,0.00057467,35.962689,29.05913,2023-08-01
3622,2023-07-27 13:12:00,19650.0,19722.1,2194350,12214700,87.35,9.95,354600,3191300,0.55505,-0.437483,0.00052299,0.00061726,32.433251,27.403234,2023-08-01
990,2023-07-27 13:12:00,19700.0,19722.1,10272400,15786250,51.95,24.8,2012450,4083500,0.529329,-0.468598,0.00054929,0.0006224,31.093572,27.429994,2023-08-01
6252,2023-07-27 13:12:00,19750.0,19722.1,14753700,6538200,27.8,51.0,2789700,1587250,0.50193,-0.499542,0.00054609,0.00061288,31.360161,27.942586,2023-08-01
11510,2023-07-27 13:12:00,19800.0,19722.1,28848750,8260350,14.4,87.95,2961300,725100,0.476857,-0.528415,0.00051629,0.00058795,33.114466,29.053872,2023-08-01
16767,2023-07-27 13:12:00,19850.0,19722.1,20627550,3508350,7.35,131.1,1886900,227500,0.455158,-0.557299,0.00048271,0.00058122,35.253292,29.160592,2023-08-01
22021,2023-07-27 13:12:00,19900.0,19722.1,24459900,2875450,4.2,178.0,1570850,120550,0.438533,-0.59441,0.00043931,0.00062035,38.519293,26.829574,2023-08-01
27273,2023-07-27 13:12:00,19950.0,19722.1,11853200,811400,2.9,226.6,311350,32450,0.42751,,0.00039127,,43.045046,0.0,2023-08-01
24649,2023-07-27 13:13:00,19450.0,19724.15,172000,3025150,282.5,1.05,500,80400,0.593482,-0.374271,0.00026273,0.00038073,63.383654,42.726119,2023-08-01
19396,2023-07-27 13:13:00,19500.0,19724.15,1546750,10478250,232.4,1.4,10550,187750,0.58873,-0.382563,0.00030728,0.00043347,54.346822,37.782213,2023-08-01
14140,2023-07-27 13:13:00,19550.0,19724.15,273950,6448000,183.6,1.75,11500,242650,0.580586,-0.390587,0.0003558,0.00051544,47.145289,31.966337,2023-08-01
8883,2023-07-27 13:13:00,19600.0,19724.15,1866050,12771500,135.0,3.65,114200,1165000,0.571062,-0.409424,0.0004298,0.00057843,39.21006,28.839367,2023-08-01
3623,2023-07-27 13:13:00,19650.0,19724.15,2194350,12214700,90.7,9.1,228350,1533200,0.553872,-0.435455,0.00049388,0.00062601,34.357712,26.997073,2023-08-01
991,2023-07-27 13:13:00,19700.0,19724.15,10272400,15786250,54.7,22.85,1133300,2121200,0.529808,-0.466692,0.00052626,0.00064181,32.45014,26.589266,2023-08-01
6253,2023-07-27 13:13:00,19750.0,19724.15,14753700,6538200,29.45,48.55,1553650,902100,0.503342,-0.498652,0.00053258,0.00063267,32.153696,27.067387,2023-08-01
11511,2023-07-27 13:13:00,19800.0,19724.15,28848750,8260350,15.15,83.45,1730500,390550,0.47835,-0.532108,0.00051039,0.00065927,33.503482,25.891546,2023-08-01
16768,2023-07-27 13:13:00,19850.0,19724.15,20627550,3508350,7.7,125.65,1234400,107800,0.456554,-0.59619,0.00047958,0.00091533,35.496207,18.162542,2023-08-01
22022,2023-07-27 13:13:00,19900.0,19724.15,24459900,2875450,4.4,173.25,1008450,80450,0.43989,,0.00043692,,38.74873,0.0,2023-08-01
27274,2023-07-27 13:13:00,19950.0,19724.15,11853200,811400,2.95,221.0,199150,9900,0.428293,,0.00039145,,43.039081,0.0,2023-08-01
24650,2023-07-27 13:14:00,19500.0,19731.25,1546750,10478250,239.85,1.35,22850,357600,0.588518,-0.381763,0.00029572,0.00042317,56.461836,38.66613,2023-08-01
19397,2023-07-27 13:14:00,19550.0,19731.25,273950,6448000,190.0,1.75,12700,738650,0.582631,-0.390277,0.00035246,0.00049709,47.526899,33.129228,2023-08-01
14141,2023-07-27 13:14:00,19600.0,19731.25,1866050,12771500,142.25,3.5,159850,1588800,0.571708,-0.408023,0.00041066,0.00055814,41.013705,29.854456,2023-08-01
8884,2023-07-27 13:14:00,19650.0,19731.25,2194350,12214700,96.95,8.15,248350,2157300,0.556238,-0.432043,0.00047953,0.00061336,35.346536,27.505948,2023-08-01
3624,2023-07-27 13:14:00,19700.0,19731.25,10272400,15786250,59.25,20.6,1592350,3428250,0.53337,-0.462519,0.00052075,0.00063134,32.760656,26.997038,2023-08-01
992,2023-07-27 13:14:00,19750.0,19731.25,14753700,6538200,32.35,43.6,2133600,1379650,0.507138,-0.494282,0.00053117,0.00064352,32.225186,26.600947,2023-08-01
6254,2023-07-27 13:14:00,19800.0,19731.25,28848750,8260350,16.9,78.05,2205700,611800,0.482058,-0.526746,0.00050915,0.00064834,33.590477,26.346385,2023-08-01
11512,2023-07-27 13:14:00,19850.0,19731.25,20627550,3508350,8.55,119.95,1427550,139550,0.459819,-0.568355,0.00048101,0.000727,35.410885,23.20222,2023-08-01
16769,2023-07-27 13:14:00,19900.0,19731.25,24459900,2875450,4.8,165.4,1111700,86400,0.442522,,0.00043995,,38.508597,0.0,2023-08-01
22023,2023-07-27 13:14:00,19950.0,19731.25,11853200,811400,3.1,214.55,299900,17800,0.430031,,0.00039625,,42.538936,0.0,2023-08-01
27275,2023-07-27 13:14:00,20000.0,19731.25,17506450,1376200,2.6,263.45,388300,17150,0.423779,,0.00034724,,48.399748,0.0,2023-08-01
24651,2023-07-27 13:15:00,19500.0,19731.65,1539700,10478150,243.0,1.25,30450,573850,0.583683,-0.38083,0.00027209,0.00042617,61.532566,38.367494,2023-08-01
19398,2023-07-27 13:15:00,19550.0,19731.65,268950,6283500,193.35,1.6,40050,498850,0.577356,-0.389023,0.00032077,0.00050232,52.366754,32.756013,2023-08-01
14142,2023-07-27 13:15:00,19600.0,19731.65,1848550,12579000,144.7,3.0,245550,2198750,0.568491,-0.40536,0.00038423,0.00057488,43.900477,28.939269,2023-08-01
8885,2023-07-27 13:15:00,19650.0,19731.65,2154150,12291850,98.6,7.25,382900,2583150,0.554819,-0.429836,0.00046006,0.00063463,36.861924,26.559171,2023-08-01
3625,2023-07-27 13:15:00,19700.0,19731.65,9858300,16026950,61.0,19.05,2504100,4419100,0.532864,-0.461191,0.00049992,0.00065809,34.130917,25.892714,2023-08-01
993,2023-07-27 13:15:00,19750.0,19731.65,14546800,6776800,33.3,41.35,4148400,2287800,0.50753,-0.494408,0.00051918,0.00068309,32.970953,25.061386,2023-08-01
6255,2023-07-27 13:15:00,19800.0,19731.65,28969050,8383850,17.2,75.15,3838400,1082000,0.482569,-0.531141,0.00050449,0.00072683,33.904034,23.483667,2023-08-01
11513,2023-07-27 13:15:00,19850.0,19731.65,20801900,3502850,8.6,116.75,2075250,271650,0.460196,,0.00047947,,35.529891,0.0,2023-08-01
16770,2023-07-27 13:15:00,19900.0,19731.65,24414350,2834800,4.75,162.55,1884700,185450,0.442639,,0.0004403,,38.481253,0.0,2023-08-01
22024,2023-07-27 13:15:00,19950.0,19731.65,11805300,802850,3.05,210.65,559800,27950,0.430081,,0.00039673,,42.490424,0.0,2023-08-01
27276,2023-07-27 13:15:00,20000.0,19731.65,17498550,1364900,2.55,260.15,492550,42900,0.423794,,0.00034768,,48.342059,0.0,2023-08-01
24652,2023-07-27 13:16:00,19500.0,19731.6,1539700,10478150,243.05,1.3,23950,138550,0.583333,-0.381827,0.00027045,0.00042227,61.921849,38.754994,2023-08-01
19399,2023-07-27 13:16:00,19550.0,19731.6,268950,6283500,193.45,1.6,11000,264200,0.576938,-0.389366,0.00031837,0.00050074,52.776863,32.870146,2023-08-01
14143,2023-07-27 13:16:00,19600.0,19731.6,1848550,12579000,144.85,3.0,134350,1432450,0.568038,-0.405656,0.00038079,0.00057307,44.308468,29.038057,2023-08-01
8886,2023-07-27 13:16:00,19650.0,19731.6,2154150,12291850,99.4,7.3,200600,1597600,0.553826,-0.43019,0.00044819,0.00063117,37.85441,26.711155,2023-08-01
3626,2023-07-27 13:16:00,19700.0,19731.6,9858300,16026950,61.35,19.35,1298350,2668850,0.532624,-0.461564,0.00049353,0.00064971,34.57687,26.230951,2023-08-01
994,2023-07-27 13:16:00,19750.0,19731.6,14546800,6776800,33.5,41.75,2058750,1485000,0.507576,-0.494346,0.00051448,0.00067257,33.273926,25.455137,2023-08-01
6256,2023-07-27 13:16:00,19800.0,19731.6,28969050,8383850,17.1,75.65,2731200,706800,0.482582,-0.530074,0.00050389,0.00070799,33.947065,24.115255,2023-08-01
11514,2023-07-27 13:16:00,19850.0,19731.6,20801900,3502850,8.55,117.2,1480900,151800,0.460285,,0.00047851,,35.604551,0.0,2023-08-01
16771,2023-07-27 13:16:00,19900.0,19731.6,24414350,2834800,4.7,163.5,1200100,141400,0.442709,,0.00043977,,38.531903,0.0,2023-08-01
22025,2023-07-27 13:16:00,19950.0,19731.6,11805300,802850,3.05,211.55,332400,27000,0.430402,,0.00039526,,42.657066,0.0,2023-08-01
27277,2023-07-27 13:16:00,20000.0,19731.6,17498550,1364900,2.55,260.0,200450,15750,0.424147,,0.00034641,,48.530068,0.0,2023-08-01
24653,2023-07-27 13:17:00,19500.0,19725.8,1539700,10478150,234.05,1.45,22700,266850,0.587975,-0.384405,0.0003012,0.00042269,55.478832,38.808609,2023-08-01
19400,2023-07-27 13:17:00,19550.0,19725.8,268950,6283500,184.2,1.85,19600,383200,0.582035,-0.392728,0.00036077,0.00049958,46.469802,33.038197,2023-08-01
14144,2023-07-27 13:17:00,19600.0,19725.8,1848550,12579000,136.35,3.8,158550,1085150,0.571059,-0.411066,0.00042399,0.00055934,39.7549,29.858015,2023-08-01
8887,2023-07-27 13:17:00,19650.0,19725.8,2154150,12291850,91.7,9.05,260450,1653350,0.554393,-0.435753,0.00049002,0.00061017,34.628667,27.706394,2023-08-01
3627,2023-07-27 13:17:00,19700.0,19725.8,9858300,16026950,55.3,22.55,1356900,2657900,0.530595,-0.466164,0.00052351,0.00062614,32.621859,27.256698,2023-08-01
995,2023-07-27 13:17:00,19750.0,19725.8,14546800,6776800,29.4,46.6,2108150,1407400,0.504176,-0.497766,0.00053443,0.00064192,32.047401,26.682098,2023-08-01
6257,2023-07-27 13:17:00,19800.0,19725.8,28969050,8383850,14.85,82.35,2502400,733200,0.478947,-0.529957,0.00051374,0.0006432,33.293618,26.554586,2023-08-01
11515,2023-07-27 13:17:00,19850.0,19725.8,20801900,3502850,7.45,125.0,1377600,174300,0.457054,-0.572987,0.00048193,0.00073157,35.334378,23.020001,2023-08-01
16772,2023-07-27 13:17:00,19900.0,19725.8,24414350,2834800,4.25,171.65,1109400,156150,0.440532,,0.00043742,,38.721569,0.0,2023-08-01
22026,2023-07-27 13:17:00,19950.0,19725.8,11805300,802850,2.85,220.5,365600,21150,0.429087,,0.0003909,,43.123438,0.0,2023-08-01
27278,2023-07-27 13:17:00,20000.0,19725.8,17498550,1364900,2.5,270.0,302600,33400,0.423866,,0.00034045,,49.390715,0.0,2023-08-01
24654,2023-07-27 13:18:00,19500.0,19734.1,1520300,10455250,247.9,1.45,24050,252550,0.580269,-0.384111,0.00025182,0.00040857,66.611699,40.126489,2023-08-01
19401,2023-07-27 13:18:00,19550.0,19734.1,256800,6144350,198.85,1.75,15450,544250,0.573288,-0.391358,0.00029124,0.00048409,57.79586,34.049759,2023-08-01
14145,2023-07-27 13:18:00,19600.0,19734.1,1830650,12001650,149.0,3.2,181350,1569900,0.566071,-0.407139,0.00035746,0.00055275,47.241022,30.133038,2023-08-01
8888,2023-07-27 13:18:00,19650.0,19734.1,2107900,12232550,103.4,7.15,273400,1767350,0.552749,-0.429742,0.00042125,0.00061874,40.290626,27.242548,2023-08-01
3628,2023-07-27 13:18:00,19700.0,19734.1,9446500,16407600,64.6,18.0,1447400,2849900,0.533057,-0.459687,0.00047045,0.00065535,36.270387,25.99338,2023-08-01
996,2023-07-27 13:18:00,19750.0,19734.1,14102450,6913700,35.5,38.5,2164350,1527600,0.509061,-0.492899,0.00049963,0.00070812,34.260532,24.175889,2023-08-01
6258,2023-07-27 13:18:00,19800.0,19734.1,28952200,8421300,17.95,70.95,2489950,769200,0.48424,-0.534059,0.00049765,0.00081207,34.378952,21.007725,2023-08-01
11516,2023-07-27 13:18:00,19850.0,19734.1,20899650,3544850,8.85,112.45,1509950,172750,0.461728,,0.00047645,,35.771206,0.0,2023-08-01
16773,2023-07-27 13:18:00,19900.0,19734.1,24387700,2847650,4.8,158.55,1207350,91800,0.443909,,0.00043929,,38.590764,0.0,2023-08-01
22027,2023-07-27 13:18:00,19950.0,19734.1,11889350,800000,3.0,206.8,372000,14000,0.430929,,0.00039738,,42.440435,0.0,2023-08-01
27279,2023-07-27 13:18:00,20000.0,19734.1,17469300,1384200,2.35,255.2,255300,19700,0.4235,,0.00035169,,47.787,0.0,2023-08-01
24655,2023-07-27 13:19:00,19500.0,19736.85,1520300,10455250,255.45,1.4,36950,272100,0.576013,-0.383689,0.00022598,0.00040538,74.382638,40.425849,2023-08-01
19402,2023-07-27 13:19:00,19550.0,19736.85,256800,6144350,205.4,1.6,28250,512500,0.569968,-0.389935,0.00026505,0.00048402,63.600005,34.017649,2023-08-01
14146,2023-07-27 13:19:00,19600.0,19736.85,1830650,12001650,156.8,2.7,264900,2021600,0.561697,-0.404001,0.00031342,0.00056294,53.971973,29.528493,2023-08-01
8889,2023-07-27 13:19:00,19650.0,19736.85,2107900,12232550,109.85,6.1,412450,2966250,0.550491,-0.426349,0.00037882,0.00063551,44.833165,26.480104,2023-08-01
3629,2023-07-27 13:19:00,19700.0,19736.85,9446500,16407600,69.3,15.55,2638300,5073400,0.533213,-0.456307,0.00043821,0.00068905,38.93469,24.698103,2023-08-01
997,2023-07-27 13:19:00,19750.0,19736.85,14102450,6913700,38.4,34.8,4062250,2472550,0.510684,-0.491096,0.00047886,0.00075967,35.740616,22.53155,2023-08-01
6259,2023-07-27 13:19:00,19800.0,19736.85,28952200,8421300,19.5,65.95,4217300,1147250,0.486373,-0.540508,0.00048531,0.00098358,35.258081,17.316956,2023-08-01
11517,2023-07-27 13:19:00,19850.0,19736.85,20899650,3544850,9.35,105.85,2646200,406500,0.463382,,0.00047352,,36.004494,0.0,2023-08-01
16774,2023-07-27 13:19:00,19900.0,19736.85,24387700,2847650,4.9,151.4,2049300,253900,0.444853,,0.00044097,,38.45411,0.0,2023-08-01
22028,2023-07-27 13:19:00,19950.0,19736.85,11889350,800000,2.9,199.65,858700,30600,0.430838,,0.00040272,,41.873169,0.0,2023-08-01
27280,2023-07-27 13:19:00,20000.0,19736.85,17469300,1384200,2.15,249.35,1360250,49850,0.422402,,0.00035898,,46.788799,0.0,2023-08-01
24656,2023-07-27 13:20:00,19500.0,19742.55,1520300,10455250,260.7,1.3,37250,269200,0.576837,-0.38244,0.00022332,0.00040045,75.221904,40.875089,2023-08-01
19403,2023-07-27 13:20:00,19550.0,19742.55,256800,6144350,210.1,1.45,22900,550650,0.571364,-0.388148,0.00026407,0.00047829,63.779388,34.372227,2023-08-01
14147,2023-07-27 13:20:00,19600.0,19742.55,1830650,12001650,161.55,2.55,188700,2115500,0.563184,-0.402646,0.00031067,0.00054985,54.40564,30.198712,2023-08-01
8890,2023-07-27 13:20:00,19650.0,19742.55,2107900,12232550,114.35,5.4,322900,2369550,0.552341,-0.42325,0.00037477,0.00062923,45.279517,26.69814,2023-08-01
3630,2023-07-27 13:20:00,19700.0,19742.55,9446500,16407600,73.1,14.05,2049750,4306050,0.535566,-0.452799,0.00043425,0.00068016,39.260937,24.989892,2023-08-01
998,2023-07-27 13:20:00,19750.0,19742.55,14102450,6913700,41.0,32.0,3102400,2219200,0.51342,-0.486811,0.00047741,0.00074673,35.833577,22.910363,2023-08-01
6260,2023-07-27 13:20:00,19800.0,19742.55,28952200,8421300,20.5,62.0,3703350,1043750,0.488751,-0.531691,0.00049213,0.00091219,34.768097,18.705693,2023-08-01
11518,2023-07-27 13:20:00,19850.0,19742.55,20899650,3544850,9.6,101.55,2334550,299700,0.465006,,0.00048361,,35.258072,0.0,2023-08-01
16775,2023-07-27 13:20:00,19900.0,19742.55,24387700,2847650,4.9,146.7,1777800,180350,0.445743,,0.0004512,,37.585783,0.0,2023-08-01
22029,2023-07-27 13:20:00,19950.0,19742.55,11889350,800000,2.75,192.75,825500,28250,0.430633,,0.00041435,,40.684416,0.0,2023-08-01
27281,2023-07-27 13:20:00,20000.0,19742.55,17469300,1384200,1.95,242.4,1555650,42600,0.421333,,0.00037033,,45.319373,0.0,2023-08-01
24657,2023-07-27 13:21:00,19500.0,19743.4,1504150,10440800,259.45,1.3,29050,270300,0.578507,-0.382738,0.00023101,0.00039786,72.657893,41.151556,2023-08-01
19404,2023-07-27 13:21:00,19550.0,19743.4,255500,6156150,209.95,1.35,17250,511400,0.572183,-0.387247,0.00026776,0.00048048,62.880604,34.193678,2023-08-01
14148,2023-07-27 13:21:00,19600.0,19743.4,1776350,12021150,161.1,2.3,245400,1812150,0.56425,-0.401015,0.00031711,0.00055705,53.278778,29.778327,2023-08-01
8891,2023-07-27 13:21:00,19650.0,19743.4,2019500,12098450,113.9,5.15,336750,2487700,0.553322,-0.422433,0.00038254,0.00063174,44.347372,26.582056,2023-08-01
3631,2023-07-27 13:21:00,19700.0,19743.4,8973450,16362150,72.25,13.6,1965700,3621100,0.536424,-0.452075,0.00044617,0.00068279,38.205149,24.888912,2023-08-01
999,2023-07-27 13:21:00,19750.0,19743.4,13431700,7384400,40.3,31.5,3304850,2395300,0.513763,-0.486184,0.00048772,0.00074505,35.076056,22.961167,2023-08-01
6261,2023-07-27 13:21:00,19800.0,19743.4,28763750,8542550,19.85,61.7,3461400,1104900,0.488605,-0.529706,0.00050234,0.00088471,34.061725,19.294639,2023-08-01
11519,2023-07-27 13:21:00,19850.0,19743.4,21057300,3489400,9.35,101.15,2107850,298000,0.464871,,0.00048876,,34.886841,0.0,2023-08-01
16776,2023-07-27 13:21:00,19900.0,19743.4,24304000,2845100,4.65,146.95,1736250,147100,0.445152,,0.00045728,,37.079411,0.0,2023-08-01
22030,2023-07-27 13:21:00,19950.0,19743.4,11787450,793000,2.6,193.5,668900,28750,0.430029,,0.00041877,,40.245751,0.0,2023-08-01
27282,2023-07-27 13:21:00,20000.0,19743.4,16811650,1406300,1.95,243.3,1090000,34950,0.421752,,0.00037,,45.370677,0.0,2023-08-01
24658,2023-07-27 13:22:00,19500.0,19734.95,1504150,10440800,249.25,1.35,34400,417050,0.579092,-0.384329,0.00024471,0.0004062,68.606055,40.37664,2023-08-01
19405,2023-07-27 13:22:00,19550.0,19734.95,255500,6156150,199.6,1.55,20100,455100,0.572803,-0.390606,0.00028665,0.00048564,58.748685,33.930426,2023-08-01
14149,2023-07-27 13:22:00,19600.0,19734.95,1776350,12021150,151.1,2.9,141900,1590600,0.564234,-0.406416,0.00034004,0.00055433,49.710518,30.041129,2023-08-01
8892,2023-07-27 13:22:00,19650.0,19734.95,2019500,12098450,104.55,6.45,304250,2268250,0.552169,-0.428445,0.00040963,0.00062671,41.450477,26.886134,2023-08-01
3632,2023-07-27 13:22:00,19700.0,19734.95,8973450,16362150,64.4,16.65,1767000,3548800,0.533481,-0.458496,0.00047121,0.00066976,36.216539,25.432092,2023-08-01
1000,2023-07-27 13:22:00,19750.0,19734.95,13431700,7384400,34.6,36.85,3536600,2421300,0.50938,-0.492394,0.00050735,0.0007261,33.746924,23.582241,2023-08-01
6262,2023-07-27 13:22:00,19800.0,19734.95,28763750,8542550,16.45,68.85,4190050,1162550,0.483555,-0.536927,0.00051517,0.00087889,33.215108,19.40243,2023-08-01
11520,2023-07-27 13:22:00,19850.0,19734.95,21057300,3489400,7.5,110.4,2592900,253150,0.459693,,0.00049761,,34.240647,0.0,2023-08-01
16777,2023-07-27 13:22:00,19900.0,19734.95,24304000,2845100,3.75,156.3,2025050,133500,0.440625,,0.00046073,,36.75894,0.0,2023-08-01
22031,2023-07-27 13:22:00,19950.0,19734.95,11787450,793000,2.2,204.7,729550,17850,0.426799,,0.00041692,,40.384553,0.0,2023-08-01
27283,2023-07-27 13:22:00,20000.0,19734.95,16811650,1406300,1.75,254.35,944250,31150,0.419806,,0.00036548,,45.90855,0.0,2023-08-01
24659,2023-07-27 13:23:00,19500.0,19726.65,1504150,10440800,234.7,1.45,32950,629250,0.587063,-0.386459,0.0002956,0.0004126,56.579876,39.834117,2023-08-01
19406,2023-07-27 13:23:00,19550.0,19726.65,255500,6156150,184.65,1.75,22150,644500,0.581617,-0.393718,0.00035647,0.00049208,47.056898,33.577151,2023-08-01
14150,2023-07-27 13:23:00,19600.0,19726.65,1776350,12021150,135.6,3.65,214650,2296300,0.572977,-0.411873,0.00043622,0.00054995,38.620294,30.392896,2023-08-01
8893,2023-07-27 13:23:00,19650.0,19726.65,2019500,12098450,91.0,8.5,343800,3117450,0.555507,-0.435524,0.00049878,0.00060675,34.019677,27.870205,2023-08-01
3633,2023-07-27 13:23:00,19700.0,19726.65,8973450,16362150,53.95,21.25,2638050,5579650,0.531441,-0.465461,0.00053692,0.00063126,31.813471,27.041419,2023-08-01
1001,2023-07-27 13:23:00,19750.0,19726.65,13431700,7384400,27.2,44.75,4028400,2840050,0.50416,-0.497426,0.00055876,0.00065494,30.663366,26.1615,2023-08-01
6263,2023-07-27 13:23:00,19800.0,19726.65,28763750,8542550,12.5,80.25,4744000,1258250,0.477156,-0.531291,0.00054543,0.00067195,31.362924,25.421097,2023-08-01
11521,2023-07-27 13:23:00,19850.0,19726.65,21057300,3489400,5.55,122.9,3328800,362500,0.453229,-0.622377,0.00051627,0.00115722,32.960296,14.104376,2023-08-01
16778,2023-07-27 13:23:00,19900.0,19726.65,24304000,2845100,2.85,170.1,3041300,220700,0.435209,,0.00046915,,36.039776,0.0,2023-08-01
22032,2023-07-27 13:23:00,19950.0,19726.65,11787450,793000,1.9,219.05,1382100,20250,0.42403,,0.00041349,,40.684565,0.0,2023-08-01
27284,2023-07-27 13:23:00,20000.0,19726.65,16811650,1406300,1.7,268.0,1276650,42050,0.419293,,0.00035664,,47.057546,0.0,2023-08-01
24660,2023-07-27 13:24:00,19500.0,19728.85,1504050,10363600,243.0,1.35,31850,394350,0.578208,-0.385519,0.00024821,0.00041242,67.698206,39.822118,2023-08-01
19407,2023-07-27 13:24:00,19550.0,19728.85,256250,6068150,192.15,1.55,28100,713400,0.573178,-0.391836,0.00030063,0.00049577,56.030543,33.281587,2023-08-01
14151,2023-07-27 13:24:00,19600.0,19728.85,1730600,11575300,143.35,2.9,226450,2860400,0.564692,-0.407714,0.00036207,0.0005704,46.697795,29.230604,2023-08-01
8894,2023-07-27 13:24:00,19650.0,19728.85,2008800,11953450,97.35,6.8,489500,3382500,0.551527,-0.431,0.00043477,0.00064224,39.079509,26.277906,2023-08-01
3634,2023-07-27 13:24:00,19700.0,19728.85,8575550,16368400,58.7,18.1,2233550,5536300,0.531149,-0.462233,0.00049015,0.00067992,34.849439,25.086596,2023-08-01
1002,2023-07-27 13:24:00,19750.0,19728.85,13269750,7181750,30.65,40.25,3298850,2653300,0.506046,-0.496834,0.00052033,0.00072696,32.924688,23.56827,2023-08-01
6264,2023-07-27 13:24:00,19800.0,19728.85,28971600,8384050,14.3,73.75,3946700,1252400,0.480028,-0.543782,0.00052073,0.00090326,32.862179,18.854322,2023-08-01
11522,2023-07-27 13:24:00,19850.0,19728.85,21208400,3377200,6.5,116.35,3289000,315250,0.456614,,0.00049771,,34.221202,0.0,2023-08-01
16779,2023-07-27 13:24:00,19900.0,19728.85,23973550,2817350,3.25,163.5,2463650,175350,0.43805,,0.00045904,,36.874534,0.0,2023-08-01
22033,2023-07-27 13:24:00,19950.0,19728.85,11510800,785200,1.95,210.65,924550,28150,0.42499,,0.00041341,,40.709801,0.0,2023-08-01
27285,2023-07-27 13:24:00,20000.0,19728.85,16231850,1413150,1.65,261.0,1261400,38700,0.419274,,0.00035945,,46.68726,0.0,2023-08-01
24661,2023-07-27 13:25:00,19500.0,19727.3,1504050,10363600,238.15,1.4,21650,443950,0.581875,-0.386574,0.00026923,0.00041093,62.303564,40.003791,2023-08-01
19408,2023-07-27 13:25:00,19550.0,19727.3,256250,6068150,189.1,1.65,15400,524050,0.574702,-0.393365,0.00031331,0.00049214,53.732043,33.568154,2023-08-01
14152,2023-07-27 13:25:00,19600.0,19727.3,1730600,11575300,139.55,3.15,159950,2351600,0.567094,-0.409691,0.00038694,0.00056295,43.659228,29.65677,2023-08-01
8895,2023-07-27 13:25:00,19650.0,19727.3,2008800,11953450,94.2,7.65,307800,2621000,0.55253,-0.433782,0.00045693,0.00062219,37.177657,27.161566,2023-08-01
3635,2023-07-27 13:25:00,19700.0,19727.3,8575550,16368400,56.0,19.85,1465900,3803200,0.53097,-0.464368,0.00051018,0.00065043,33.487234,26.240694,2023-08-01
1003,2023-07-27 13:25:00,19750.0,19727.3,13269750,7181750,29.0,42.7,2498300,2029100,0.505013,-0.497444,0.00053198,0.00068686,32.209443,24.947991,2023-08-01
6265,2023-07-27 13:25:00,19800.0,19727.3,28971600,8384050,13.45,77.65,2951700,864800,0.478795,-0.535552,0.00052681,0.00074616,32.482567,22.874589,2023-08-01
11523,2023-07-27 13:25:00,19850.0,19727.3,21208400,3377200,6.2,120.35,2225700,170050,0.45577,,0.00049822,,34.183039,0.0,2023-08-01
16780,2023-07-27 13:25:00,19900.0,19727.3,23973550,2817350,3.15,167.4,1933000,148650,0.437654,,0.00045716,,37.025035,0.0,2023-08-01
22034,2023-07-27 13:25:00,19950.0,19727.3,11510800,785200,1.95,216.0,1020050,16050,0.42525,,0.00040952,,41.108229,0.0,2023-08-01
27286,2023-07-27 13:25:00,20000.0,19727.3,16231850,1413150,1.65,265.9,585850,27400,0.419598,,0.00035642,,47.098673,0.0,2023-08-01
24662,2023-07-27 13:26:00,19500.0,19727.2,1504050,10363600,236.7,1.4,9750,242300,0.583737,-0.386945,0.00027865,0.00040958,60.140915,40.149701,2023-08-01
19409,2023-07-27 13:26:00,19550.0,19727.2,256250,6068150,186.65,1.75,6700,207150,0.57814,-0.394701,0.00033462,0.00048547,50.229102,34.064079,2023-08-01
14153,2023-07-27 13:26:00,19600.0,19727.2,1730600,11575300,138.7,3.35,81650,1266450,0.567972,-0.411108,0.00039444,0.00055321,42.814912,30.206256,2023-08-01
8896,2023-07-27 13:26:00,19650.0,19727.2,2008800,11953450,93.65,8.1,120600,1292300,0.552815,-0.435099,0.00046123,0.00060776,36.830334,27.824004,2023-08-01
3636,2023-07-27 13:26:00,19700.0,19727.2,8575550,16368400,55.7,20.55,794450,2210000,0.53095,-0.46502,0.00051127,0.00063398,33.418454,26.92779,2023-08-01
1004,2023-07-27 13:26:00,19750.0,19727.2,13269750,7181750,28.8,43.65,1281800,1006050,0.504957,-0.497198,0.00053209,0.0006639,32.205525,25.812508,2023-08-01
6266,2023-07-27 13:26:00,19800.0,19727.2,28971600,8384050,13.4,78.55,1828800,445250,0.478854,-0.533289,0.00052518,0.00070902,32.585471,24.086458,2023-08-01
11524,2023-07-27 13:26:00,19850.0,19727.2,21208400,3377200,6.25,121.5,1541350,131750,0.456134,,0.00049484,,34.42301,0.0,2023-08-01
16781,2023-07-27 13:26:00,19900.0,19727.2,23973550,2817350,3.15,168.3,1175650,64450,0.437957,,0.00045521,,37.19154,0.0,2023-08-01
22035,2023-07-27 13:26:00,19950.0,19727.2,11510800,785200,2.0,217.0,397950,6300,0.426045,,0.00040599,,41.484047,0.0,2023-08-01
27287,2023-07-27 13:26:00,20000.0,19727.2,16231850,1413150,1.6,266.6,902900,8500,0.419466,,0.00035674,,47.057316,0.0,2023-08-01
24663,2023-07-27 13:27:00,19450.0,19720.25,171250,2916050,276.2,1.15,2000,170800,0.595196,-0.381152,0.00027409,0.00036249,60.762917,45.182849,2023-08-01
19410,2023-07-27 13:27:00,19500.0,19720.25,1516900,10380400,226.6,1.4,20600,208050,0.589378,-0.38785,0.00031651,0.00041894,52.802863,39.296262,2023-08-01
14154,2023-07-27 13:27:00,19550.0,19720.25,258750,6137800,175.85,1.9,26450,588000,0.586226,-0.397049,0.00039827,0.00049238,42.038455,33.654342,2023-08-01
8897,2023-07-27 13:27:00,19600.0,19720.25,1720000,11781700,128.45,4.0,227550,2207550,0.57275,-0.415461,0.00045802,0.00055077,36.808197,30.427134,2023-08-01
3637,2023-07-27 13:27:00,19650.0,19720.25,2035150,12216850,84.25,9.7,371500,2766900,0.553918,-0.440084,0.00052128,0.00059943,32.58858,28.278627,2023-08-01
1005,2023-07-27 13:27:00,19700.0,19720.25,8793700,16927450,48.35,24.2,1897400,4349000,0.528426,-0.470036,0.00055479,0.00061308,30.824326,27.885784,2023-08-01
6267,2023-07-27 13:27:00,19750.0,19720.25,13544450,7335400,24.4,50.15,2742050,2140900,0.500684,-0.500781,0.0005547,0.0006166,30.90771,27.804972,2023-08-01
11525,2023-07-27 13:27:00,19800.0,19720.25,29555400,8261050,11.25,86.6,3411150,988700,0.474499,-0.532512,0.00053428,0.00062868,32.023462,27.180124,2023-08-01
16782,2023-07-27 13:27:00,19850.0,19720.25,21323400,3393650,5.35,130.85,2632400,233800,0.452621,-0.567933,0.00049509,0.00065697,34.385224,25.717507,2023-08-01
22036,2023-07-27 13:27:00,19900.0,19720.25,23779100,2822250,2.9,177.9,1845500,153850,0.436173,,0.00044739,,37.830354,0.0,2023-08-01
27288,2023-07-27 13:27:00,19950.0,19720.25,11312150,781850,1.9,228.45,561500,17750,0.425091,,0.00039799,,42.316978,0.0,2023-08-01
24664,2023-07-27 13:28:00,19450.0,19713.75,171250,2916050,270.1,1.1,1600,49050,0.593291,-0.381321,0.00027398,0.0003712,60.88283,44.145257,2023-08-01
19411,2023-07-27 13:28:00,19500.0,19713.75,1516900,10380400,221.1,1.4,26700,212550,0.586007,-0.388728,0.00031045,0.00042807,53.957973,38.498556,2023-08-01
14155,2023-07-27 13:28:00,19550.0,19713.75,258750,6137800,170.0,1.85,29850,866000,0.583219,-0.39755,0.00039643,0.00050887,42.319989,32.587742,2023-08-01
8898,2023-07-27 13:28:00,19600.0,19713.75,1720000,11781700,122.95,4.05,209700,2652050,0.569424,-0.416811,0.00045582,0.00057002,37.057018,29.432559,2023-08-01
3638,2023-07-27 13:28:00,19650.0,19713.75,2035150,12216850,79.1,10.4,439950,2829800,0.550654,-0.442971,0.00052393,0.00061456,32.472231,27.623029,2023-08-01
1006,2023-07-27 13:28:00,19700.0,19713.75,8793700,16927450,44.7,26.4,2068450,4755950,0.52475,-0.473874,0.0005517,0.00062085,31.028421,27.566442,2023-08-01
6268,2023-07-27 13:28:00,19750.0,19713.75,13544450,7335400,22.0,53.6,3071400,2265800,0.497132,-0.505183,0.00055312,0.00063036,31.008036,27.206746,2023-08-01
11526,2023-07-27 13:28:00,19800.0,19713.75,29555400,8261050,10.05,92.1,3969600,992350,0.471345,-0.536339,0.0005303,0.00062505,32.259544,27.326311,2023-08-01
16783,2023-07-27 13:28:00,19850.0,19713.75,21323400,3393650,4.95,136.75,3142000,234450,0.450627,-0.576236,0.00048585,0.0006865,35.031622,24.526366,2023-08-01
22037,2023-07-27 13:28:00,19900.0,19713.75,23779100,2822250,2.75,184.5,1313050,162650,0.435002,,0.00043806,,38.632506,0.0,2023-08-01
27289,2023-07-27 13:28:00,19950.0,19713.75,11312150,781850,2.0,233.95,506500,21250,0.425956,,0.00038404,,43.889649,0.0,2023-08-01
24665,2023-07-27 13:29:00,19450.0,19704.4,171250,2916050,264.2,1.1,4950,195500,0.585395,-0.382361,0.00025088,0.00038151,66.828882,43.011157,2023-08-01
19412,2023-07-27 13:29:00,19500.0,19704.4,1516900,10380400,214.1,1.35,28450,437850,0.580254,-0.389268,0.00029584,0.00044545,56.828914,37.031075,2023-08-01
14156,2023-07-27 13:29:00,19550.0,19704.4,258750,6137800,163.85,1.8,32800,1014350,0.574584,-0.398315,0.00036461,0.00053452,46.241101,31.056493,2023-08-01
8899,2023-07-27 13:29:00,19600.0,19704.4,1720000,11781700,117.4,4.2,239950,3075700,0.561585,-0.41902,0.00042253,0.00059911,40.129604,28.051909,2023-08-01
3639,2023-07-27 13:29:00,19650.0,19704.4,2035150,12216850,74.2,11.35,576000,3731750,0.544002,-0.446963,0.00049453,0.000644,34.4898,26.411524,2023-08-01
1007,2023-07-27 13:29:00,19700.0,19704.4,8793700,16927450,40.55,28.65,2502250,5858150,0.519454,-0.479222,0.00053688,0.00065893,31.925988,26.007944,2023-08-01
6269,2023-07-27 13:29:00,19750.0,19704.4,13544450,7335400,19.6,57.35,3707050,2216200,0.49253,-0.513496,0.00053943,0.00069582,31.807369,24.648672,2023-08-01
11527,2023-07-27 13:29:00,19800.0,19704.4,29555400,8261050,9.05,96.85,4764950,1062600,0.467856,-0.55899,0.00051427,0.0008175,33.261078,20.761813,2023-08-01
16784,2023-07-27 13:29:00,19850.0,19704.4,21323400,3393650,4.55,142.45,3237650,247700,0.448243,,0.00047078,,36.144777,0.0,2023-08-01
22038,2023-07-27 13:29:00,19900.0,19704.4,23779100,2822250,2.75,189.8,1746500,185250,0.43457,,0.00041969,,40.337791,0.0,2023-08-01
27290,2023-07-27 13:29:00,19950.0,19704.4,11312150,781850,2.0,238.6,510700,29700,0.425817,,0.00037058,,45.504906,0.0,2023-08-01
24666,2023-07-27 13:30:00,19450.0,19700.65,170450,2896550,254.0,1.05,4900,249800,0.602288,-0.382318,0.00032764,0.00038759,50.658749,42.346356,2023-08-01
19413,2023-07-27 13:30:00,19500.0,19700.65,1522900,10393350,205.25,1.4,81950,624900,0.592133,-0.390514,0.00036436,0.00044806,45.848674,36.858022,2023-08-01
14157,2023-07-27 13:30:00,19550.0,19700.65,259600,6341700,155.8,1.9,63650,1812700,0.584646,-0.399934,0.00044142,0.00053768,38.007847,30.915042,2023-08-01
8900,2023-07-27 13:30:00,19600.0,19700.65,1776150,11861950,108.8,4.75,407200,4559450,0.569123,-0.422093,0.00051184,0.00059253,33.031394,28.415483,2023-08-01
3640,2023-07-27 13:30:00,19650.0,19700.65,2150950,12492600,67.35,12.75,896700,5968250,0.545619,-0.450202,0.00055856,0.00063082,30.530196,26.998824,2023-08-01
1008,2023-07-27 13:30:00,19700.0,19700.65,9258600,15960300,36.35,32.1,4086050,8881650,0.517606,-0.482003,0.00056887,0.00062374,30.144685,27.49168,2023-08-01
6270,2023-07-27 13:30:00,19750.0,19700.65,13859350,6725750,17.15,62.95,4769700,3233600,0.489635,-0.513025,0.00055886,0.00062047,30.704217,27.650193,2023-08-01
11528,2023-07-27 13:30:00,19800.0,19700.65,29092250,7906400,7.85,103.45,5676050,1443700,0.464914,-0.544186,0.00052457,0.00062052,32.596059,27.492895,2023-08-01
16785,2023-07-27 13:30:00,19850.0,19700.65,20910500,3379250,3.95,149.95,4102400,424150,0.445612,-0.576029,0.00047627,0.0006213,35.705911,27.124727,2023-08-01
22039,2023-07-27 13:30:00,19900.0,19700.65,23240900,2809300,2.35,198.45,2094250,314350,0.431917,,0.00042462,,39.834738,0.0,2023-08-01
27291,2023-07-27 13:30:00,19950.0,19700.65,11068650,767200,1.8,248.4,684750,40000,0.424209,,0.0003712,,45.405027,0.0,2023-08-01
24667,2023-07-27 13:31:00,19450.0,19704.75,170450,2896550,261.5,0.9,1700,151350,0.590696,-0.380146,0.00027397,0.00038918,61.01958,42.094584,2023-08-01
19414,2023-07-27 13:31:00,19500.0,19704.75,1522900,10393350,211.3,1.2,46950,716350,0.586206,-0.388145,0.00032669,0.0004498,51.303985,36.647024,2023-08-01
14158,2023-07-27 13:31:00,19550.0,19704.75,259600,6341700,164.3,1.7,28850,1345400,0.574015,-0.39802,0.00035986,0.00053509,46.870336,31.020939,2023-08-01
8901,2023-07-27 13:31:00,19600.0,19704.75,1776150,11861950,114.6,4.3,338850,3337400,0.566103,-0.419947,0.00046425,0.00058924,36.460609,28.538564,2023-08-01
3641,2023-07-27 13:31:00,19650.0,19704.75,2150950,12492600,71.8,11.5,655600,3037750,0.546228,-0.447447,0.00052998,0.00063286,32.166608,26.883867,2023-08-01
1009,2023-07-27 13:31:00,19700.0,19704.75,9258600,15960300,39.45,29.55,2809400,4546250,0.519766,-0.479344,0.000551,0.00063187,31.110236,27.12561,2023-08-01
6271,2023-07-27 13:31:00,19750.0,19704.75,13859350,6725750,18.95,59.0,3169350,1606300,0.492394,-0.51126,0.00054727,0.00064114,31.355417,26.758535,2023-08-01
11529,2023-07-27 13:31:00,19800.0,19704.75,29092250,7906400,8.9,99.15,3832650,835450,0.468028,-0.543811,0.00051433,0.00064532,33.261877,26.435343,2023-08-01
16786,2023-07-27 13:31:00,19850.0,19704.75,20910500,3379250,4.45,145.0,2691650,188250,0.448455,-0.59894,0.00047046,0.00080084,36.175988,20.768555,2023-08-01
22040,2023-07-27 13:31:00,19900.0,19704.75,23240900,2809300,2.5,193.15,1615500,147100,0.433642,,0.00042492,,39.830441,0.0,2023-08-01
27292,2023-07-27 13:31:00,19950.0,19704.75,11068650,767200,1.8,241.8,598750,16450,0.424818,,0.00037483,,44.972504,0.0,2023-08-01
24668,2023-07-27 13:32:00,19450.0,19702.0,170450,2896550,258.75,0.95,2300,245800,0.590176,-0.381531,0.00027515,0.0003884,60.788197,42.234737,2023-08-01
19415,2023-07-27 13:32:00,19500.0,19702.0,1522900,10393350,208.9,1.25,15850,422100,0.584791,-0.389377,0.00032419,0.0004503,51.75045,36.64696,2023-08-01
14159,2023-07-27 13:32:00,19550.0,19702.0,259600,6341700,159.1,1.8,23350,939700,0.578494,-0.399588,0.00039727,0.00053513,42.372227,31.057618,2023-08-01
8902,2023-07-27 13:32:00,19600.0,19702.0,1776150,11861950,112.55,4.4,212550,2710350,0.564217,-0.421024,0.00045869,0.00059466,36.939151,28.300307,2023-08-01
3642,2023-07-27 13:32:00,19650.0,19702.0,2150950,12492600,69.7,11.95,469950,2571050,0.544765,-0.448995,0.00053021,0.00063652,32.172335,26.748529,2023-08-01
1010,2023-07-27 13:32:00,19700.0,19702.0,9258600,15960300,38.3,30.55,2020050,3673850,0.518208,-0.481046,0.00054483,0.00063587,31.475312,26.966333,2023-08-01
6272,2023-07-27 13:32:00,19750.0,19702.0,13859350,6725750,18.5,60.85,2835700,1490750,0.491281,-0.513044,0.00053835,0.00064163,31.879374,26.74017,2023-08-01
11530,2023-07-27 13:32:00,19800.0,19702.0,29092250,7906400,8.9,101.05,3339700,919500,0.467712,-0.547675,0.00050285,0.0006681,34.02673,25.510801,2023-08-01
16787,2023-07-27 13:32:00,19850.0,19702.0,20910500,3379250,4.6,147.1,2386550,153100,0.448997,,0.0004582,,37.158618,0.0,2023-08-01
22041,2023-07-27 13:32:00,19900.0,19702.0,23240900,2809300,2.75,195.2,1241000,106700,0.435416,,0.0004107,,41.249287,0.0,2023-08-01
27293,2023-07-27 13:32:00,19950.0,19702.0,11068650,767200,1.95,244.45,476650,13350,0.426424,,0.00036491,,46.240608,0.0,2023-08-01
24669,2023-07-27 13:33:00,19450.0,19690.85,172000,2870150,241.55,1.05,12150,601600,0.635515,-0.38419,0.00047117,0.00039654,34.332314,41.479836,2023-08-01
19416,2023-07-27 13:33:00,19500.0,19690.85,1533550,10402750,192.0,1.5,89200,1239550,0.617993,-0.393517,0.00051184,0.00045656,32.080861,36.27511,2023-08-01
14160,2023-07-27 13:33:00,19550.0,19690.85,264250,6610800,143.0,2.4,80300,2815800,0.599807,-0.405901,0.0005722,0.00053531,29.075289,31.191736,2023-08-01
8903,2023-07-27 13:33:00,19600.0,19690.85,1901200,12069050,97.2,6.3,609500,5937800,0.571614,-0.429543,0.00058979,0.00057821,28.654137,29.243452,2023-08-01
3643,2023-07-27 13:33:00,19650.0,19690.85,2462650,12739600,57.65,16.95,1388800,7259900,0.542345,-0.458225,0.00060643,0.00059456,28.165371,28.732348,2023-08-01
1011,2023-07-27 13:33:00,19700.0,19690.85,10412350,15090900,30.25,39.8,4997700,9003500,0.511972,-0.48798,0.00058459,0.00057062,29.370253,30.089105,2023-08-01
6273,2023-07-27 13:33:00,19750.0,19690.85,14782650,6394700,14.25,74.1,5510100,3368550,0.484366,-0.51451,0.000555,0.00053455,30.926251,32.112671,2023-08-01
11531,2023-07-27 13:33:00,19800.0,19690.85,28982050,7625850,7.0,116.95,6760600,1805450,0.461878,-0.535306,0.00050461,0.00047877,33.885108,35.737214,2023-08-01
16788,2023-07-27 13:33:00,19850.0,19690.85,20098600,3323150,3.85,164.25,4354000,406900,0.444984,-0.548591,0.00045099,0.00041226,37.724874,41.35643,2023-08-01
22042,2023-07-27 13:33:00,19900.0,19690.85,22610650,2809550,2.45,212.75,2137550,416900,0.432992,-0.558227,0.00040045,0.00036142,42.288262,47.020393,2023-08-01
27294,2023-07-27 13:33:00,19950.0,19690.85,10851650,762300,1.95,261.85,863250,50400,0.42628,-0.565391,0.00035056,0.00032146,48.161093,52.716672,2023-08-01
24670,2023-07-27 13:34:00,19450.0,19691.6,172000,2870150,244.1,1.0,3200,217950,0.605349,-0.383812,0.00035347,0.00039675,46.89272,41.446851,2023-08-01
19417,2023-07-27 13:34:00,19500.0,19691.6,1533550,10402750,195.9,1.4,26850,602450,0.591197,-0.392741,0.0003777,0.00045855,44.286696,36.098976,2023-08-01
14161,2023-07-27 13:34:00,19550.0,19691.6,264250,6610800,146.85,2.15,50050,1612200,0.582063,-0.40429,0.00045234,0.000543,37.168885,30.720224,2023-08-01
8904,2023-07-27 13:34:00,19600.0,19691.6,1901200,12069050,100.5,5.65,360150,3615000,0.565067,-0.427675,0.00051915,0.00059231,32.647012,28.52335,2023-08-01
3644,2023-07-27 13:34:00,19650.0,19691.6,2462650,12739600,60.05,15.6,654450,4102200,0.540927,-0.456772,0.0005675,0.00061507,30.109682,27.764024,2023-08-01
1012,2023-07-27 13:34:00,19700.0,19691.6,10412350,15090900,31.8,37.35,2738650,4472150,0.512473,-0.48763,0.00056232,0.00060339,30.533083,28.455154,2023-08-01
6274,2023-07-27 13:34:00,19750.0,19691.6,14782650,6394700,14.95,70.95,3013950,1489900,0.485404,-0.51663,0.00054347,0.00058153,31.586613,29.513583,2023-08-01
11532,2023-07-27 13:34:00,19800.0,19691.6,28982050,7625850,7.25,113.45,3126650,736750,0.462829,-0.541883,0.00049931,0.00054355,34.253789,31.428944,2023-08-01
16789,2023-07-27 13:34:00,19850.0,19691.6,20098600,3323150,3.85,160.25,2379700,209000,0.445366,-0.563397,0.00045076,0.00050487,37.750942,33.593569,2023-08-01
22043,2023-07-27 13:34:00,19900.0,19691.6,22610650,2809550,2.55,209.1,1581900,200650,0.434088,-0.579153,0.0003969,0.00045701,42.687544,36.845485,2023-08-01
27295,2023-07-27 13:34:00,19950.0,19691.6,10851650,762300,1.95,258.2,566950,29050,0.426716,-0.605448,0.00034997,0.00046482,48.252713,35.657656,2023-08-01
24671,2023-07-27 13:35:00,19450.0,19697.8,172000,2870150,251.9,0.85,1100,164500,0.596971,-0.381413,0.00030975,0.00039565,53.797274,41.474284,2023-08-01
19418,2023-07-27 13:35:00,19500.0,19697.8,1533550,10402750,201.95,1.2,45600,449750,0.592124,-0.390228,0.00036991,0.00045594,45.183162,36.231128,2023-08-01
14162,2023-07-27 13:35:00,19550.0,19697.8,264250,6610800,153.4,1.6,24350,1245650,0.581375,-0.399094,0.00042848,0.00055296,39.2434,30.058598,2023-08-01
8905,2023-07-27 13:35:00,19600.0,19697.8,1901200,12069050,106.4,4.2,293250,4250300,0.566534,-0.42159,0.00050132,0.00061337,33.779346,27.456375,2023-08-01
3645,2023-07-27 13:35:00,19650.0,19697.8,2462650,12739600,64.7,12.8,485000,3974050,0.543988,-0.451783,0.00055831,0.00063527,30.572951,26.835966,2023-08-01
1013,2023-07-27 13:35:00,19700.0,19697.8,10412350,15090900,34.4,33.2,2601000,3903700,0.515967,-0.483823,0.00056544,0.0006174,30.347907,27.793244,2023-08-01
6275,2023-07-27 13:35:00,19750.0,19697.8,14782650,6394700,16.5,64.85,2216050,1095950,0.488743,-0.514418,0.00054405,0.00061195,31.553483,28.045434,2023-08-01
11533,2023-07-27 13:35:00,19800.0,19697.8,28982050,7625850,7.95,106.65,2233800,530850,0.465667,-0.542431,0.00050204,0.00058378,34.081213,29.251204,2023-08-01
16790,2023-07-27 13:35:00,19850.0,19697.8,20098600,3323150,4.15,152.85,1840700,174750,0.447616,-0.57413,0.00045451,0.00059646,37.458443,28.29402,2023-08-01
22044,2023-07-27 13:35:00,19900.0,19697.8,22610650,2809550,2.7,201.0,1120500,83950,0.435852,,0.00040042,,42.333363,0.0,2023-08-01
27296,2023-07-27 13:35:00,19950.0,19697.8,10851650,762300,2.1,251.3,516800,16850,0.428662,,0.00035102,,48.139964,0.0,2023-08-01
24672,2023-07-27 13:36:00,19450.0,19698.5,172700,2795400,254.15,0.95,1150,284300,0.591558,-0.383385,0.00028568,0.00038702,58.526048,42.466094,2023-08-01
19419,2023-07-27 13:36:00,19500.0,19698.5,1520450,10338400,202.5,1.25,17000,346350,0.592517,-0.391186,0.00037052,0.00044983,45.099644,36.750189,2023-08-01
14163,2023-07-27 13:36:00,19550.0,19698.5,278700,6553400,153.9,1.75,26750,987750,0.581829,-0.400869,0.00042943,0.00053956,39.149095,30.842244,2023-08-01
8906,2023-07-27 13:36:00,19600.0,19698.5,1978450,13155500,106.55,4.6,173200,2911550,0.567629,-0.423412,0.00050843,0.00059264,33.292309,28.443452,2023-08-01
3646,2023-07-27 13:36:00,19650.0,19698.5,2621300,12063000,64.55,13.4,468200,2157550,0.544895,-0.452544,0.00056776,0.00061394,30.057438,27.775415,2023-08-01
1014,2023-07-27 13:36:00,19700.0,19698.5,11292800,14052450,34.35,33.6,2056750,2682450,0.516376,-0.483482,0.00056933,0.00060072,30.140021,28.565037,2023-08-01
6276,2023-07-27 13:36:00,19750.0,19698.5,15238850,5719350,16.3,65.4,2010000,864400,0.488902,-0.512841,0.00054871,0.00058639,31.286931,29.272841,2023-08-01
11534,2023-07-27 13:36:00,19800.0,19698.5,28338250,7199750,7.85,107.0,2151050,475300,0.465791,-0.538884,0.00050431,0.00055152,33.929226,30.991405,2023-08-01
16791,2023-07-27 13:36:00,19850.0,19698.5,19475500,3220600,4.15,153.3,1390700,119400,0.44799,-0.562362,0.00045418,0.00052144,37.491841,32.533111,2023-08-01
22045,2023-07-27 13:36:00,19900.0,19698.5,21707650,2725500,2.65,201.8,842600,107400,0.43594,-0.584624,0.00040134,0.00049862,42.239133,33.665667,2023-08-01
27297,2023-07-27 13:36:00,19950.0,19698.5,10535950,766400,2.1,251.9,434800,9800,0.429094,-0.585867,0.00035037,0.00040517,48.240521,41.401994,2023-08-01
24673,2023-07-27 13:37:00,19450.0,19704.45,172700,2795400,260.0,0.95,800,69150,0.592097,-0.38338,0.00028038,0.00037766,59.599899,43.50808,2023-08-01
19420,2023-07-27 13:37:00,19500.0,19704.45,1520450,10338400,210.55,1.15,23850,368900,0.585735,-0.38984,0.00032481,0.00044277,51.636336,37.291057,2023-08-01
14164,2023-07-27 13:37:00,19550.0,19704.45,278700,6553400,161.1,1.5,28400,818450,0.578651,-0.398163,0.0003917,0.00053531,42.980136,31.024379,2023-08-01
8907,2023-07-27 13:37:00,19600.0,19704.45,1978450,13155500,114.1,3.6,249850,2670100,0.565154,-0.418474,0.00045671,0.00060365,37.092758,27.848025,2023-08-01
3647,2023-07-27 13:37:00,19650.0,19704.45,2621300,12063000,70.7,10.6,460350,2969850,0.546123,-0.447055,0.00053107,0.00064223,32.114974,26.499425,2023-08-01
1015,2023-07-27 13:37:00,19700.0,19704.45,11292800,14052450,38.4,28.35,2265650,3230250,0.519587,-0.479403,0.00055038,0.00064318,31.159538,26.660223,2023-08-01
6277,2023-07-27 13:37:00,19750.0,19704.45,15238850,5719350,18.5,58.6,2417900,987600,0.492556,-0.511421,0.00053922,0.00064005,31.837163,26.815462,2023-08-01
11535,2023-07-27 13:37:00,19800.0,19704.45,28338250,7199750,8.85,99.05,2311800,534200,0.469078,-0.544071,0.00050143,0.00064594,34.139688,26.419186,2023-08-01
16792,2023-07-27 13:37:00,19850.0,19704.45,19475500,3220600,4.55,144.65,1681350,130550,0.450522,,0.00045558,,37.398498,0.0,2023-08-01
22046,2023-07-27 13:37:00,19900.0,19704.45,21707650,2725500,2.9,192.65,946900,100900,0.438256,,0.00040195,,42.204521,0.0,2023-08-01
27298,2023-07-27 13:37:00,19950.0,19704.45,10535950,766400,2.2,242.55,372900,12650,0.430564,,0.00035288,,47.918348,0.0,2023-08-01
24674,2023-07-27 13:38:00,19450.0,19700.2,172700,2795400,251.2,1.0,2800,65850,0.622777,-0.384817,0.00040739,0.00037886,40.146335,43.430662,2023-08-01
19421,2023-07-27 13:38:00,19500.0,19700.2,1520450,10338400,202.3,1.2,23850,296100,0.603634,-0.391208,0.00042153,0.00044588,39.361538,37.077844,2023-08-01
14165,2023-07-27 13:38:00,19550.0,19700.2,278700,6553400,153.7,1.7,20600,753950,0.589303,-0.400955,0.00047263,0.0005331,35.425291,31.218998,2023-08-01
8908,2023-07-27 13:38:00,19600.0,19700.2,1978450,13155500,106.35,4.35,190800,2569850,0.572402,-0.422714,0.00054483,0.00058952,31.002815,28.58552,2023-08-01
3648,2023-07-27 13:38:00,19650.0,19700.2,2621300,12063000,64.45,12.8,470000,2618150,0.547073,-0.451613,0.000589,0.00061182,28.956557,27.865455,2023-08-01
1016,2023-07-27 13:38:00,19700.0,19700.2,11292800,14052450,34.15,32.75,2036850,2978950,0.517414,-0.482499,0.00058173,0.00059545,29.496147,28.816046,2023-08-01
6278,2023-07-27 13:38:00,19750.0,19700.2,15238850,5719350,16.15,64.8,2227200,883250,0.48953,-0.511082,0.00055537,0.00056903,30.914628,30.171471,2023-08-01
11536,2023-07-27 13:38:00,19800.0,19700.2,28338250,7199750,7.8,106.45,2094550,436900,0.466415,-0.535212,0.0005067,0.00052332,33.775589,32.691462,2023-08-01
16793,2023-07-27 13:38:00,19850.0,19700.2,19475500,3220600,4.15,153.0,1799600,108600,0.448774,-0.553524,0.00045416,0.00046913,37.504597,36.280563,2023-08-01
22047,2023-07-27 13:38:00,19900.0,19700.2,21707650,2725500,2.7,201.8,1313400,72400,0.437097,-0.564716,0.00039918,0.00040771,42.490025,41.569682,2023-08-01
27299,2023-07-27 13:38:00,19950.0,19700.2,10535950,766400,2.1,251.85,607450,11950,0.429976,-0.567236,0.00034938,0.00033922,48.399114,49.909638,2023-08-01
24675,2023-07-27 13:39:00,19450.0,19699.4,173100,2745100,250.0,1.05,2550,307250,0.63764,-0.385976,0.00046255,0.00037568,34.90254,43.841189,2023-08-01
19422,2023-07-27 13:39:00,19500.0,19699.4,1520650,10360200,201.4,1.25,19400,468950,0.604094,-0.392279,0.00042547,0.00044266,38.989521,37.380489,2023-08-01
14166,2023-07-27 13:39:00,19550.0,19699.4,286000,6626500,150.75,1.65,18100,821300,0.608176,-0.40091,0.00059097,0.00053617,27.990533,31.043043,2023-08-01
8909,2023-07-27 13:39:00,19600.0,19699.4,2010000,13646750,104.3,4.5,177550,2485100,0.576349,-0.423706,0.00058545,0.00058494,28.800963,28.826473,2023-08-01
3649,2023-07-27 13:39:00,19650.0,19699.4,2631400,12374250,62.95,13.25,384150,2218550,0.547585,-0.452563,0.00060647,0.00060388,28.120845,28.242875,2023-08-01
1017,2023-07-27 13:39:00,19700.0,19699.4,11694250,14157500,33.15,33.5,1617550,2185400,0.51699,-0.483027,0.00058961,0.00058668,29.106319,29.251698,2023-08-01
6279,2023-07-27 13:39:00,19750.0,19699.4,15649000,5630900,15.7,66.1,1651400,683450,0.489013,-0.510804,0.00055694,0.00055295,30.829934,31.052733,2023-08-01
11537,2023-07-27 13:39:00,19800.0,19699.4,28480400,7128050,7.5,108.05,1685400,381050,0.465841,-0.533362,0.00050837,0.00050035,33.66422,34.209924,2023-08-01
16794,2023-07-27 13:39:00,19850.0,19699.4,19603500,3185050,4.05,154.9,1138400,99050,0.448576,-0.548811,0.00045305,0.00043628,37.598253,39.076639,2023-08-01
22048,2023-07-27 13:39:00,19900.0,19699.4,21190100,2700950,2.75,203.05,571250,70900,0.437714,-0.561562,0.00039476,0.00039138,42.980701,43.364519,2023-08-01
27300,2023-07-27 13:39:00,19950.0,19699.4,10380000,764600,2.1,252.55,219900,16700,0.430344,-0.567605,0.00034699,0.00033955,48.745637,49.85915,2023-08-01
24676,2023-07-27 13:40:00,19450.0,19693.9,173100,2745100,247.3,1.05,5900,157000,0.598084,-0.386771,0.00031993,0.00038138,52.077364,43.226985,2023-08-01
19423,2023-07-27 13:40:00,19500.0,19693.9,1520650,10360200,198.1,1.4,35400,463050,0.589955,-0.394824,0.00036655,0.00044302,45.681013,37.429673,2023-08-01
14167,2023-07-27 13:40:00,19550.0,19693.9,286000,6626500,149.75,1.85,40950,1233750,0.578741,-0.403657,0.00042235,0.00053865,39.88863,30.965289,2023-08-01
8910,2023-07-27 13:40:00,19600.0,19693.9,2010000,13646750,102.1,4.9,310750,3380600,0.565608,-0.426293,0.00051234,0.00059214,33.083278,28.521423,2023-08-01
3650,2023-07-27 13:40:00,19650.0,19693.9,2631400,12374250,61.6,14.15,749300,3985650,0.541523,-0.455299,0.00055305,0.00061607,30.900792,27.715933,2023-08-01
1018,2023-07-27 13:40:00,19700.0,19693.9,11694250,14157500,32.1,35.15,2928200,4184500,0.51376,-0.486249,0.00055983,0.00060576,30.674666,28.348984,2023-08-01
6280,2023-07-27 13:40:00,19750.0,19693.9,15649000,5630900,15.1,68.25,2629550,1167550,0.486951,-0.515614,0.00053761,0.00058777,31.94481,29.211647,2023-08-01
11538,2023-07-27 13:40:00,19800.0,19693.9,28480400,7128050,7.35,110.95,2900700,655250,0.464803,-0.540705,0.0004915,0.00054429,34.824283,31.40515,2023-08-01
16795,2023-07-27 13:40:00,19850.0,19693.9,19603500,3185050,3.95,157.8,1539200,145050,0.447892,-0.562375,0.0004416,0.00050589,38.577988,33.549734,2023-08-01
22049,2023-07-27 13:40:00,19900.0,19693.9,21190100,2700950,2.7,206.3,978100,140450,0.437403,-0.585769,0.00038609,0.00049274,43.956356,34.063024,2023-08-01
27301,2023-07-27 13:40:00,19950.0,19693.9,10380000,764600,2.15,256.3,353700,19200,0.430903,-0.588785,0.00033804,0.00040864,50.06708,41.003455,2023-08-01
24677,2023-07-27 13:41:00,19450.0,19696.9,173100,2745100,254.3,1.15,3000,145450,0.585959,-0.388256,0.0002627,0.00037078,63.878196,44.508207,2023-08-01
19424,2023-07-27 13:41:00,19500.0,19696.9,1520650,10360200,204.45,1.35,17750,377200,0.5805,-0.394417,0.00031018,0.00043814,54.26055,37.832666,2023-08-01
14168,2023-07-27 13:41:00,19550.0,19696.9,286000,6626500,154.85,1.75,18650,1046600,0.573702,-0.40283,0.00037851,0.00053311,44.615428,31.268051,2023-08-01
8911,2023-07-27 13:41:00,19600.0,19696.9,2010000,13646750,107.75,4.35,171600,1958550,0.561053,-0.424017,0.00045091,0.00059623,37.656867,28.292348,2023-08-01
3651,2023-07-27 13:41:00,19650.0,19696.9,2631400,12374250,65.85,12.45,450650,2273750,0.541222,-0.452465,0.00051438,0.00063358,33.223774,26.925372,2023-08-01
1019,2023-07-27 13:41:00,19700.0,19696.9,11694250,14157500,34.95,31.95,1720100,2411850,0.515408,-0.484309,0.00053554,0.00063523,32.058456,27.026611,2023-08-01
6281,2023-07-27 13:41:00,19750.0,19696.9,15649000,5630900,16.45,63.4,1719550,634300,0.489122,-0.516664,0.00052632,0.000649,32.632354,26.450448,2023-08-01
11539,2023-07-27 13:41:00,19800.0,19696.9,28480400,7128050,7.85,104.75,1809850,336950,0.46662,-0.554464,0.00048823,0.0007028,35.068119,24.218883,2023-08-01
16796,2023-07-27 13:41:00,19850.0,19696.9,19603500,3185050,4.05,151.55,1361550,131900,0.44893,,0.00044352,,38.420542,0.0,2023-08-01
22050,2023-07-27 13:41:00,19900.0,19696.9,21190100,2700950,2.65,200.1,506100,93550,0.437656,,0.00039036,,43.4753,0.0,2023-08-01
27302,2023-07-27 13:41:00,19950.0,19696.9,10380000,764600,2.15,249.75,237650,10450,0.431444,,0.00033983,,49.810709,0.0,2023-08-01
24678,2023-07-27 13:42:00,19450.0,19699.25,173200,2642850,255.15,1.1,2200,128700,0.589267,-0.387861,0.00027467,0.00036866,60.977846,44.74911,2023-08-01
19425,2023-07-27 13:42:00,19500.0,19699.25,1525300,10240550,203.45,1.3,18850,180650,0.589848,-0.394054,0.00035551,0.00043463,47.095186,38.127296,2023-08-01
14169,2023-07-27 13:42:00,19550.0,19699.25,288850,6630600,153.8,1.7,22800,594100,0.583177,-0.40251,0.00043612,0.00052689,38.534848,31.62895,2023-08-01
8912,2023-07-27 13:42:00,19600.0,19699.25,2071150,13971200,106.15,4.3,174500,2014650,0.569102,-0.423763,0.00051881,0.0005853,32.617301,28.815931,2023-08-01
3652,2023-07-27 13:42:00,19650.0,19699.25,2702300,12688450,64.6,12.65,406800,2271400,0.544987,-0.452281,0.00056177,0.00061054,30.388039,27.93848,2023-08-01
1020,2023-07-27 13:42:00,19700.0,19699.25,11993050,13917900,34.2,32.45,1595900,1982150,0.516765,-0.48305,0.00056259,0.0005991,30.511358,28.651481,2023-08-01
6282,2023-07-27 13:42:00,19750.0,19699.25,15947850,5529950,16.1,64.45,1823350,533800,0.489643,-0.512107,0.00054146,0.00057964,31.719184,29.626424,2023-08-01
11540,2023-07-27 13:42:00,19800.0,19699.25,28160200,7073150,7.75,106.55,2007400,324050,0.467025,-0.536605,0.00049568,0.00053236,34.542262,32.136809,2023-08-01
16797,2023-07-27 13:42:00,19850.0,19699.25,19609250,3153050,4.15,152.0,1091700,81850,0.449894,-0.564889,0.00044412,0.00054075,38.378964,31.350526,2023-08-01
22051,2023-07-27 13:42:00,19900.0,19699.25,20966300,2635450,2.65,200.55,544550,58950,0.438184,-0.599454,0.00039227,0.00057161,43.270791,29.117489,2023-08-01
27303,2023-07-27 13:42:00,19950.0,19699.25,10217200,766350,2.1,250.5,148400,9750,0.431568,-0.606349,0.00034235,0.00048225,49.444161,34.352092,2023-08-01
24679,2023-07-27 13:43:00,19450.0,19699.15,173200,2642850,253.9,1.05,3050,93250,0.592251,-0.387623,0.00028786,0.00036974,58.084492,44.613546,2023-08-01
19426,2023-07-27 13:43:00,19500.0,19699.15,1525300,10240550,205.35,1.3,31350,250450,0.58327,-0.394455,0.00032126,0.00043295,52.312836,38.28868,2023-08-01
14170,2023-07-27 13:43:00,19550.0,19699.15,288850,6630600,155.25,1.65,27250,568150,0.577851,-0.402415,0.00040095,0.00052783,42.0346,31.573168,2023-08-01
8913,2023-07-27 13:43:00,19600.0,19699.15,2071150,13971200,108.25,4.05,220200,2401550,0.563983,-0.423016,0.00046978,0.0005927,36.102994,28.447886,2023-08-01
3653,2023-07-27 13:43:00,19650.0,19699.15,2702300,12688450,66.0,12.15,526350,2276850,0.543347,-0.451781,0.00053254,0.00062039,32.073528,27.492468,2023-08-01
1021,2023-07-27 13:43:00,19700.0,19699.15,11993050,13917900,35.05,31.6,1710700,2295300,0.516643,-0.483025,0.00054571,0.00061351,31.457823,27.980627,2023-08-01
6283,2023-07-27 13:43:00,19750.0,19699.15,15947850,5529950,16.6,63.05,1937250,674350,0.490135,-0.513497,0.00052984,0.00060952,32.41841,28.173058,2023-08-01
11541,2023-07-27 13:43:00,19800.0,19699.15,28160200,7073150,8.0,104.45,1877600,459650,0.467757,-0.54334,0.00048789,0.00060149,35.101729,28.396643,2023-08-01
16798,2023-07-27 13:43:00,19850.0,19699.15,19609250,3153050,4.15,150.55,1078750,116900,0.450193,-0.60243,0.0004419,0.00079191,38.577983,20.977628,2023-08-01
22052,2023-07-27 13:43:00,19900.0,19699.15,20966300,2635450,2.65,199.25,659100,69850,0.43855,,0.00039037,,43.490534,0.0,2023-08-01
27304,2023-07-27 13:43:00,19950.0,19699.15,10217200,766350,2.1,248.25,186700,9950,0.431978,,0.00034073,,49.691612,0.0,2023-08-01
24680,2023-07-27 13:44:00,19450.0,19700.95,173200,2642850,255.1,1.1,1700,35000,0.594176,-0.388555,0.00029375,0.00036338,56.852637,45.424894,2023-08-01
19427,2023-07-27 13:44:00,19500.0,19700.95,1525300,10240550,204.5,1.3,21750,138200,0.592149,-0.394707,0.00036393,0.00042782,45.946041,38.753371,2023-08-01
14171,2023-07-27 13:44:00,19550.0,19700.95,288850,6630600,154.65,1.7,19600,346050,0.586372,-0.403094,0.00045171,0.00051754,37.141351,32.214245,2023-08-01
8914,2023-07-27 13:44:00,19600.0,19700.95,2071150,13971200,107.45,4.3,187200,2028850,0.569925,-0.424093,0.00051804,0.00057303,32.655639,29.439345,2023-08-01
3654,2023-07-27 13:44:00,19650.0,19700.95,2702300,12688450,65.45,12.45,380800,1898700,0.546065,-0.451897,0.00056379,0.00059917,30.27149,28.466849,2023-08-01
1022,2023-07-27 13:44:00,19700.0,19700.95,11993050,13917900,35.05,32.1,1733500,2254400,0.517688,-0.482138,0.00055736,0.00058461,30.796362,29.360202,2023-08-01
6284,2023-07-27 13:44:00,19750.0,19700.95,15947850,5529950,16.7,63.8,1648300,642700,0.490868,-0.510398,0.00053464,0.00056298,32.12788,30.508411,2023-08-01
11542,2023-07-27 13:44:00,19800.0,19700.95,28160200,7073150,8.0,105.55,1272200,305600,0.468283,-0.534126,0.00049148,0.00051611,34.848115,33.168454,2023-08-01
16799,2023-07-27 13:44:00,19850.0,19700.95,19609250,3153050,4.1,151.5,992450,70850,0.450489,-0.555466,0.00044521,0.00048422,38.293965,35.13892,2023-08-01
22053,2023-07-27 13:44:00,19900.0,19700.95,20966300,2635450,2.65,199.8,537000,58650,0.439044,-0.574182,0.00039142,0.00045436,43.381578,37.158587,2023-08-01
27305,2023-07-27 13:44:00,19950.0,19700.95,10217200,766350,2.1,249.45,133950,9900,0.432474,-0.582643,0.00034122,0.000397,49.630577,42.345949,2023-08-01
24681,2023-07-27 13:45:00,19450.0,19701.6,171350,2664250,254.1,1.1,1750,72700,0.601989,-0.388918,0.00032515,0.000361,51.106835,45.738693,2023-08-01
19428,2023-07-27 13:45:00,19500.0,19701.6,1526550,10217950,205.2,1.35,25700,204600,0.591638,-0.395603,0.00036012,0.00042219,46.447393,39.296083,2023-08-01
14172,2023-07-27 13:45:00,19550.0,19701.6,291300,6554100,156.6,1.75,13500,347250,0.580916,-0.403861,0.00041448,0.00051068,40.599008,32.663766,2023-08-01
8915,2023-07-27 13:45:00,19600.0,19701.6,2103550,14382050,108.7,4.1,138500,1990500,0.5682,-0.423473,0.00049869,0.00057514,33.949573,29.322968,2023-08-01
3655,2023-07-27 13:45:00,19650.0,19701.6,2781350,12977600,66.9,12.3,293450,1704300,0.545218,-0.451694,0.00054241,0.00059594,31.473577,28.620266,2023-08-01
1023,2023-07-27 13:45:00,19700.0,19701.6,12344700,13918650,35.85,31.6,1296700,1721850,0.517987,-0.481755,0.00054722,0.0005851,31.36705,29.335199,2023-08-01
6285,2023-07-27 13:45:00,19750.0,19701.6,16496050,5562450,17.0,62.9,1182950,439000,0.491409,-0.510291,0.0005303,0.00056894,32.392843,30.190108,2023-08-01
11543,2023-07-27 13:45:00,19800.0,19701.6,27924800,7093500,8.2,104.15,1225550,228950,0.46902,-0.535633,0.00048722,0.00053533,35.158858,31.968288,2023-08-01
16800,2023-07-27 13:45:00,19850.0,19701.6,19638950,3150650,4.2,150.4,705900,46450,0.45127,-0.557818,0.00044203,0.000502,38.580807,33.86708,2023-08-01
22054,2023-07-27 13:45:00,19900.0,19701.6,20848250,2612150,2.65,199.0,433200,36950,0.439463,-0.575873,0.00039066,0.000464,43.474205,36.358811,2023-08-01
27306,2023-07-27 13:45:00,19950.0,19701.6,10103300,769600,2.1,248.7,101250,3150,0.432922,-0.584196,0.00034041,0.0004038,49.759695,41.599539,2023-08-01
24682,2023-07-27 13:46:00,19450.0,19703.65,171350,2664250,256.15,1.05,1000,39900,0.601767,-0.388545,0.00032142,0.00035936,51.706205,45.932644,2023-08-01
19429,2023-07-27 13:46:00,19500.0,19703.65,1526550,10217950,206.15,1.3,28150,148950,0.597624,-0.395287,0.00038562,0.00041933,43.214534,39.554119,2023-08-01
14173,2023-07-27 13:46:00,19550.0,19703.65,291300,6554100,156.9,1.7,11900,451900,0.588275,-0.403591,0.00045563,0.00050561,36.781841,32.984591,2023-08-01
8916,2023-07-27 13:46:00,19600.0,19703.65,2103550,14382050,108.15,4.05,200450,1754950,0.576464,-0.423278,0.00056379,0.00056608,29.913461,29.788626,2023-08-01
3656,2023-07-27 13:46:00,19650.0,19703.65,2781350,12977600,66.1,12.25,438050,1301700,0.548971,-0.451286,0.00058653,0.00058229,29.072543,29.286432,2023-08-01
1024,2023-07-27 13:46:00,19700.0,19703.65,12344700,13918650,35.55,31.6,1356000,1496900,0.519271,-0.480742,0.00056653,0.00056501,30.292249,30.373564,2023-08-01
6286,2023-07-27 13:46:00,19750.0,19703.65,16496050,5562450,16.85,63.1,1331050,398750,0.49204,-0.507745,0.00054095,0.00053588,31.755469,32.056037,2023-08-01
11544,2023-07-27 13:46:00,19800.0,19703.65,27924800,7093500,8.2,104.75,1116300,217600,0.469593,-0.529275,0.0004917,0.00047993,34.841456,35.703775,2023-08-01
16801,2023-07-27 13:46:00,19850.0,19703.65,19638950,3150650,4.3,150.95,769500,62900,0.452186,-0.545316,0.00044203,0.00042561,38.589968,40.108635,2023-08-01
22055,2023-07-27 13:46:00,19900.0,19703.65,20848250,2612150,2.7,199.0,314300,28600,0.440285,-0.557734,0.00039064,0.00038122,43.488773,44.596719,2023-08-01
27307,2023-07-27 13:46:00,19950.0,19703.65,10103300,769600,2.1,246.5,151250,2800,0.433432,-0.587223,0.00034116,0.00041849,49.658806,40.070528,2023-08-01
24683,2023-07-27 13:47:00,19450.0,19699.75,171350,2664250,250.15,1.05,6050,13000,0.661005,-0.389236,0.00054132,0.00036258,29.126484,45.560706,2023-08-01
19430,2023-07-27 13:47:00,19500.0,19699.75,1526550,10217950,201.5,1.3,32500,131150,0.603265,-0.395998,0.00042079,0.00042431,39.466438,39.1191,2023-08-01
14174,2023-07-27 13:47:00,19550.0,19699.75,291300,6554100,151.75,1.75,23950,680650,0.596448,-0.404782,0.0005188,0.00051119,32.153796,32.657272,2023-08-01
8917,2023-07-27 13:47:00,19600.0,19699.75,2103550,14382050,104.8,4.2,202650,2630500,0.573494,-0.42472,0.00055742,0.00057385,30.306645,29.413929,2023-08-01
3657,2023-07-27 13:47:00,19650.0,19699.75,2781350,12977600,63.3,13.15,500300,2760450,0.546406,-0.453575,0.00058219,0.00058251,29.319682,29.303205,2023-08-01
1025,2023-07-27 13:47:00,19700.0,19699.75,12344700,13918650,33.5,33.6,1809800,2206850,0.517051,-0.482968,0.00056504,0.00056108,30.387962,30.60252,2023-08-01
6287,2023-07-27 13:47:00,19750.0,19699.75,16496050,5562450,15.85,66.0,1882500,671650,0.49017,-0.509595,0.00053578,0.00053074,32.066875,32.371758,2023-08-01
11545,2023-07-27 13:47:00,19800.0,19699.75,27924800,7093500,7.75,107.7,1674950,385700,0.468245,-0.531571,0.0004859,0.00048407,35.257665,35.392252,2023-08-01
16802,2023-07-27 13:47:00,19850.0,19699.75,19638950,3150650,4.05,154.6,935250,109300,0.451111,-0.546275,0.00043771,0.00042102,38.968099,40.545031,2023-08-01
22056,2023-07-27 13:47:00,19900.0,19699.75,20848250,2612150,2.7,202.4,442250,60950,0.440409,-0.56059,0.0003828,0.00038746,44.393361,43.843038,2023-08-01
27308,2023-07-27 13:47:00,19950.0,19699.75,10103300,769600,2.1,252.4,131550,6350,0.43369,-0.563164,0.00033527,0.00032392,50.549905,52.389139,2023-08-01
24684,2023-07-27 13:48:00,19450.0,19696.7,169850,2687700,249.6,1.1,5000,64400,0.598057,-0.390506,0.00031587,0.00036228,52.767966,45.649889,2023-08-01
19431,2023-07-27 13:48:00,19500.0,19696.7,1532900,10194000,201.1,1.3,38000,163550,0.586929,-0.396644,0.00034525,0.0004279,48.602862,38.816693,2023-08-01
14175,2023-07-27 13:48:00,19550.0,19696.7,297600,6432000,151.05,1.7,34350,707850,0.581784,-0.404996,0.00043461,0.00052028,38.718408,32.09826,2023-08-01
8918,2023-07-27 13:48:00,19600.0,19696.7,2180850,15357150,103.85,4.05,295000,2448350,0.566553,-0.424815,0.00050725,0.00059002,33.415351,28.615358,2023-08-01
3658,2023-07-27 13:48:00,19650.0,19696.7,2908800,12444550,62.55,12.95,563500,2962600,0.542946,-0.454274,0.00055053,0.00060302,31.043234,28.31867,2023-08-01
1026,2023-07-27 13:48:00,19700.0,19696.7,12557000,13693000,32.65,33.35,2024750,3018050,0.515305,-0.484615,0.00055163,0.00059003,31.139111,29.112054,2023-08-01
6288,2023-07-27 13:48:00,19750.0,19696.7,16626100,5444300,15.3,65.75,2362750,825100,0.488937,-0.51341,0.00052772,0.00057579,32.561055,29.83742,2023-08-01
11546,2023-07-27 13:48:00,19800.0,19696.7,28086350,7052150,7.45,108.05,2334900,502500,0.467347,-0.538601,0.00048017,0.00053852,35.679201,31.770731,2023-08-01
16803,2023-07-27 13:48:00,19850.0,19696.7,19516750,3165950,3.9,155.0,1135650,137150,0.450512,-0.559464,0.00043297,0.0004964,39.396576,34.243432,2023-08-01
22057,2023-07-27 13:48:00,19900.0,19696.7,20783500,2596250,2.55,202.85,622150,106400,0.43967,,0.00038073,,44.632601,0.0,2023-08-01
27309,2023-07-27 13:48:00,19950.0,19696.7,10038900,769150,2.0,253.25,225550,13600,0.433202,-0.593264,0.00033327,0.00042942,50.854802,38.931727,2023-08-01
24685,2023-07-27 13:49:00,19450.0,19683.4,169850,2687700,228.4,1.15,13100,270600,,-0.392497,,0.00037565,0.0,44.121475,2023-08-01
19432,2023-07-27 13:49:00,19500.0,19683.4,1532900,10194000,180.05,1.45,71700,573100,,-0.399724,,0.00044347,0.0,37.558767,2023-08-01
14176,2023-07-27 13:49:00,19550.0,19683.4,297600,6432000,130.0,2.1,88500,1557800,,-0.409987,,0.00053631,0.0,31.256032,2023-08-01
8919,2023-07-27 13:49:00,19600.0,19683.4,2180850,15357150,84.15,6.05,612100,4360950,0.614471,-0.433962,0.00106362,0.00057861,15.503196,29.322651,2023-08-01
3659,2023-07-27 13:49:00,19650.0,19683.4,2908800,12444550,46.9,18.8,1244750,5671250,0.541588,-0.463879,0.00069748,0.0005651,24.529714,30.317123,2023-08-01
1027,2023-07-27 13:49:00,19700.0,19683.4,12557000,13693000,23.0,44.3,4334200,6177650,0.507284,-0.491703,0.00061562,0.00052607,27.93893,32.693526,2023-08-01
6289,2023-07-27 13:49:00,19750.0,19683.4,16626100,5444300,10.3,81.45,4285900,1782900,0.479948,-0.514304,0.00055917,0.0004698,30.725615,36.593152,2023-08-01
11547,2023-07-27 13:49:00,19800.0,19683.4,28086350,7052150,5.0,126.5,4346650,1031900,0.459167,-0.52886,0.00049514,0.00039569,34.560516,43.361771,2023-08-01
16804,2023-07-27 13:49:00,19850.0,19683.4,19516750,3165950,3.0,174.0,2566250,257050,0.445366,-0.538447,0.00042892,0.00033858,39.72989,50.571548,2023-08-01
22058,2023-07-27 13:49:00,19900.0,19683.4,20783500,2596250,2.15,223.8,1236100,208750,0.436536,-0.541739,0.00037196,0.00028211,45.662001,60.645093,2023-08-01
27310,2023-07-27 13:49:00,19950.0,19683.4,10038900,769150,1.9,272.4,480450,25700,0.432309,-0.547281,0.00032089,0.00025401,52.835844,67.249048,2023-08-01
24686,2023-07-27 13:50:00,19450.0,19687.5,169850,2687700,238.65,1.1,16750,487300,0.612658,-0.392004,0.00038979,0.00037089,42.355944,44.666241,2023-08-01
19433,2023-07-27 13:50:00,19500.0,19687.5,1532900,10194000,189.4,1.25,61400,625350,0.599455,-0.397631,0.00042945,0.00044425,38.800858,37.436103,2023-08-01
14177,2023-07-27 13:50:00,19550.0,19687.5,297600,6432000,140.65,1.75,80600,1639700,0.585685,-0.407082,0.00049121,0.00054024,34.204939,30.970525,2023-08-01
8920,2023-07-27 13:50:00,19600.0,19687.5,2180850,15357150,93.35,4.65,488100,4235650,0.568131,-0.429078,0.00057502,0.00060393,29.475249,28.029388,2023-08-01
3660,2023-07-27 13:50:00,19650.0,19687.5,2908800,12444550,53.35,14.9,1098700,5427600,0.540063,-0.459358,0.00060182,0.00061475,28.436131,27.834062,2023-08-01
1028,2023-07-27 13:50:00,19700.0,19687.5,12557000,13693000,26.4,37.8,3746400,4507100,0.510017,-0.49007,0.00058052,0.0005941,29.619822,28.942812,2023-08-01
6290,2023-07-27 13:50:00,19750.0,19687.5,16626100,5444300,11.55,73.1,3716450,1366200,0.482815,-0.517906,0.00054928,0.00056172,31.284881,30.589834,2023-08-01
11548,2023-07-27 13:50:00,19800.0,19687.5,28086350,7052150,5.45,117.25,4890350,846100,0.461413,-0.539562,0.00049336,0.00050206,34.699974,34.090803,2023-08-01
16805,2023-07-27 13:50:00,19850.0,19687.5,19516750,3165950,2.95,164.55,3067250,289900,0.445812,-0.557275,0.00043684,0.00045517,39.010445,37.398428,2023-08-01
22059,2023-07-27 13:50:00,19900.0,19687.5,20783500,2596250,1.95,214.2,1917800,155950,0.435625,-0.563362,0.00038275,0.00037832,44.352673,44.890342,2023-08-01
27311,2023-07-27 13:50:00,19950.0,19687.5,10038900,769150,1.55,263.35,807950,19100,0.429667,-0.573932,0.00033459,0.00034703,50.605789,48.710461,2023-08-01
24687,2023-07-27 13:51:00,19450.0,19687.4,169900,2709500,239.25,1.0,4850,77950,0.603498,-0.391142,0.00035245,0.00037458,47.153858,44.201814,2023-08-01
19434,2023-07-27 13:51:00,19500.0,19687.4,1560000,10073850,188.4,1.3,38350,487950,0.611608,-0.398613,0.00049037,0.00043952,33.697097,37.865817,2023-08-01
14178,2023-07-27 13:51:00,19550.0,19687.4,304850,6492300,139.05,1.75,36800,1128050,0.597344,-0.407473,0.00057,0.00053802,29.27511,31.107949,2023-08-01
8921,2023-07-27 13:51:00,19600.0,19687.4,2276700,15555000,92.25,4.75,341250,2898450,0.571258,-0.429738,0.00060803,0.00059778,27.838031,28.328104,2023-08-01
3661,2023-07-27 13:51:00,19650.0,19687.4,3167800,12664900,52.65,15.35,1013700,3735250,0.540497,-0.459976,0.00061293,0.00060235,27.919522,28.413407,2023-08-01
1029,2023-07-27 13:51:00,19700.0,19687.4,12766500,12639200,25.85,38.75,2654650,2670650,0.509914,-0.490001,0.00058698,0.00057463,29.295831,29.925495,2023-08-01
6291,2023-07-27 13:51:00,19750.0,19687.4,16416050,5179300,11.6,74.35,2348450,824150,0.483007,-0.51637,0.00054503,0.00053443,31.5322,32.159706,2023-08-01
11549,2023-07-27 13:51:00,19800.0,19687.4,27257100,6905700,5.55,118.65,2666700,421650,0.461959,-0.535693,0.00048806,0.00046737,35.0841,36.657161,2023-08-01
16806,2023-07-27 13:51:00,19850.0,19687.4,18523400,3053600,3.1,166.7,2017900,99500,0.446952,-0.547057,0.00042984,0.00039489,39.663818,43.257119,2023-08-01
22060,2023-07-27 13:51:00,19900.0,19687.4,20136550,2544100,2.1,215.5,1039900,114300,0.437209,-0.555572,0.00037565,0.00034444,45.222501,49.454925,2023-08-01
27312,2023-07-27 13:51:00,19950.0,19687.4,9873750,761450,1.7,264.7,347800,9200,0.431578,-0.562349,0.0003279,0.00030718,51.686841,55.312373,2023-08-01
24688,2023-07-27 13:52:00,19450.0,19689.6,169900,2709500,242.35,1.05,4700,181050,0.596815,-0.39207,0.00032078,0.00036722,52.035053,45.115332,2023-08-01
19435,2023-07-27 13:52:00,19500.0,19689.6,1560000,10073850,193.1,1.3,41750,974400,0.588537,-0.398842,0.00036787,0.0004332,45.601335,38.423255,2023-08-01
14179,2023-07-27 13:52:00,19550.0,19689.6,304850,6492300,143.55,1.65,25550,866450,0.581305,-0.406739,0.00045377,0.00053462,37.116322,31.290524,2023-08-01
8922,2023-07-27 13:52:00,19600.0,19689.6,2276700,15555000,96.25,4.3,283400,2840700,0.56565,-0.428011,0.00053667,0.00060152,31.615846,28.128522,2023-08-01
3662,2023-07-27 13:52:00,19650.0,19689.6,3167800,12664900,55.4,13.8,779300,3440800,0.540455,-0.457837,0.00058281,0.00061942,29.361597,27.613929,2023-08-01
1030,2023-07-27 13:52:00,19700.0,19689.6,12766500,12639200,27.35,35.9,2563700,2777900,0.511262,-0.488859,0.00057435,0.00060239,29.936155,28.542854,2023-08-01
6292,2023-07-27 13:52:00,19750.0,19689.6,16416050,5179300,12.3,70.9,2469400,748050,0.484561,-0.517154,0.00053872,0.00056942,31.904836,30.179573,2023-08-01
11550,2023-07-27 13:52:00,19800.0,19689.6,27257100,6905700,5.9,114.6,2915500,387900,0.463523,-0.540501,0.00048369,0.00052038,35.412446,32.883967,2023-08-01
16807,2023-07-27 13:52:00,19850.0,19689.6,18523400,3053600,3.3,162.1,1619450,134750,0.448501,-0.558802,0.00042632,0.00047032,40.010161,36.174369,2023-08-01
22061,2023-07-27 13:52:00,19900.0,19689.6,20136550,2544100,2.25,211.0,706800,71200,0.438842,-0.573969,0.00037218,0.00042923,45.672109,39.382257,2023-08-01
27313,2023-07-27 13:52:00,19950.0,19689.6,9873750,761450,1.9,260.75,324400,5300,0.43388,-0.580806,0.0003225,0.00037381,52.601755,45.068072,2023-08-01
24689,2023-07-27 13:53:00,19450.0,19693.2,169900,2709500,247.0,1.05,3250,80300,0.591851,-0.39224,0.0002941,0.00036083,56.92348,45.914604,2023-08-01
19436,2023-07-27 13:53:00,19500.0,19693.2,1560000,10073850,197.6,1.3,44300,213600,0.584973,-0.398962,0.00034155,0.00042438,49.209118,39.219866,2023-08-01
14180,2023-07-27 13:53:00,19550.0,19693.2,304850,6492300,148.05,1.65,27550,782600,0.577999,-0.40679,0.00041942,0.00052118,40.220112,32.094738,2023-08-01
8923,2023-07-27 13:53:00,19600.0,19693.2,2276700,15555000,100.1,4.2,307900,2227550,0.565327,-0.427397,0.0005134,0.00058576,33.049818,28.874051,2023-08-01
3663,2023-07-27 13:53:00,19650.0,19693.2,3167800,12664900,59.75,13.1,653500,2889850,0.540651,-0.45617,0.0005434,0.00060789,31.486088,28.121497,2023-08-01
1031,2023-07-27 13:53:00,19700.0,19693.2,12766500,12639200,29.9,34.0,2502050,2891950,0.513359,-0.486691,0.00055572,0.00059819,30.931513,28.735609,2023-08-01
6293,2023-07-27 13:53:00,19750.0,19693.2,16416050,5179300,13.5,67.95,1942700,716950,0.486951,-0.515198,0.00053023,0.00057122,32.418865,30.086843,2023-08-01
11551,2023-07-27 13:53:00,19800.0,19693.2,27257100,6905700,6.4,111.25,2189200,350850,0.465612,-0.538846,0.00048054,0.0005226,35.657149,32.753614,2023-08-01
16808,2023-07-27 13:53:00,19850.0,19693.2,18523400,3053600,3.4,158.0,1533900,62050,0.449651,-0.562262,0.0004288,0.00050279,39.789243,33.789491,2023-08-01
22062,2023-07-27 13:53:00,19900.0,19693.2,20136550,2544100,2.3,207.2,644350,54150,0.439806,-0.576672,0.00037398,0.00044898,45.463731,37.596988,2023-08-01
27314,2023-07-27 13:53:00,19950.0,19693.2,9873750,761450,1.75,256.55,262300,3700,0.433164,-0.604216,0.00032918,0.00046317,51.513045,35.858284,2023-08-01
24690,2023-07-27 13:54:00,19450.0,19694.3,169700,2730450,247.05,1.0,2550,138550,0.596441,-0.391947,0.00031244,0.0003603,53.43018,45.973658,2023-08-01
19437,2023-07-27 13:54:00,19500.0,19694.3,1559800,10243900,199.6,1.2,37650,664950,0.58197,-0.398167,0.00032308,0.00042585,52.106087,39.064614,2023-08-01
14181,2023-07-27 13:54:00,19550.0,19694.3,300300,6413600,149.2,1.55,37750,1139350,0.577653,-0.406136,0.00041372,0.00052149,40.781622,32.063312,2023-08-01
8924,2023-07-27 13:54:00,19600.0,19694.3,2296350,15867500,102.4,3.95,288050,2660400,0.562579,-0.426524,0.00047953,0.00058777,35.424071,28.76393,2023-08-01
3664,2023-07-27 13:54:00,19650.0,19694.3,3207750,13222450,60.8,12.5,590800,2676400,0.540863,-0.455292,0.0005354,0.00061182,31.955183,27.934735,2023-08-01
1032,2023-07-27 13:54:00,19700.0,19694.3,13469250,12734800,30.95,32.7,2119700,2433400,0.513984,-0.486023,0.00054404,0.00060939,31.594212,28.205918,2023-08-01
6294,2023-07-27 13:54:00,19750.0,19694.3,16556950,5147300,14.0,65.85,1977700,617700,0.487882,-0.515934,0.00052358,0.00059858,32.833701,28.709871,2023-08-01
11552,2023-07-27 13:54:00,19800.0,19694.3,27105500,6836850,6.55,108.8,2065150,343800,0.466403,-0.543394,0.00047809,0.00057262,35.846447,29.857896,2023-08-01
16809,2023-07-27 13:54:00,19850.0,19694.3,18247900,3024750,3.4,155.6,1055800,88850,0.450101,-0.586062,0.00042897,0.00065942,39.779685,25.472569,2023-08-01
22063,2023-07-27 13:54:00,19900.0,19694.3,19755900,2530550,2.25,203.85,584650,52550,0.439935,,0.00037529,,45.308026,0.0,2023-08-01
27315,2023-07-27 13:54:00,19950.0,19694.3,9743000,760500,1.7,256.0,398150,8350,0.433211,-0.580784,0.00033032,0.0003803,51.336503,44.294685,2023-08-01
24691,2023-07-27 13:55:00,19450.0,19699.95,169700,2730450,244.85,0.95,1500,98150,,-0.391315,,0.00035419,0.0,46.735598,2023-08-01
19438,2023-07-27 13:55:00,19500.0,19699.95,1559800,10243900,205.05,1.2,33350,396850,0.582809,-0.398142,0.00031741,0.00041365,53.002704,40.206885,2023-08-01
14182,2023-07-27 13:55:00,19550.0,19699.95,300300,6413600,155.4,1.55,43300,700450,0.576334,-0.406019,0.00038849,0.00050292,43.449154,33.237878,2023-08-01
8925,2023-07-27 13:55:00,19600.0,19699.95,2296350,15867500,107.6,3.5,333600,2401200,0.564168,-0.424091,0.00046795,0.00057861,36.269707,29.178559,2023-08-01
3665,2023-07-27 13:55:00,19650.0,19699.95,3207750,13222450,65.15,11.15,602050,2407700,0.543415,-0.452198,0.00052609,0.0006048,32.491016,28.226951,2023-08-01
1033,2023-07-27 13:55:00,19700.0,19699.95,13469250,12734800,33.75,29.7,2211850,2713200,0.517042,-0.48259,0.00054028,0.00060802,31.797399,28.253949,2023-08-01
6295,2023-07-27 13:55:00,19750.0,19699.95,16556950,5147300,15.4,61.45,1919400,633450,0.490839,-0.512575,0.00052353,0.0005991,32.836233,28.68756,2023-08-01
11553,2023-07-27 13:55:00,19800.0,19699.95,27105500,6836850,7.15,103.45,2148900,382500,0.468905,-0.540895,0.00048019,0.00058066,35.700141,29.457727,2023-08-01
16810,2023-07-27 13:55:00,19850.0,19699.95,18247900,3024750,3.55,149.9,1806750,104600,0.451658,-0.587723,0.00043471,0.00069702,39.264936,24.070692,2023-08-01
22064,2023-07-27 13:55:00,19900.0,19699.95,19755900,2530550,2.35,198.4,659750,54750,0.441361,,0.0003787,,44.914316,0.0,2023-08-01
27316,2023-07-27 13:55:00,19950.0,19699.95,9743000,760500,1.8,247.95,394100,16350,0.434777,,0.00033157,,51.165803,0.0,2023-08-01
24692,2023-07-27 13:56:00,19450.0,19704.0,169700,2730450,262.25,0.9,1850,235850,0.581342,-0.390779,0.00023242,0.00035029,72.431374,47.230669,2023-08-01
19439,2023-07-27 13:56:00,19500.0,19704.0,1559800,10243900,211.3,1.0,72550,476850,0.577858,-0.395767,0.00028341,0.0004164,59.505372,39.872073,2023-08-01
14183,2023-07-27 13:56:00,19550.0,19704.0,300300,6413600,162.0,1.25,56050,1634350,0.570785,-0.402909,0.00033947,0.00050866,49.846674,32.794141,2023-08-01
8926,2023-07-27 13:56:00,19600.0,19704.0,2296350,15867500,112.85,2.85,453650,4737700,0.562254,-0.42058,0.00043106,0.00058806,39.398965,28.655577,2023-08-01
3666,2023-07-27 13:56:00,19650.0,19704.0,3207750,13222450,69.65,9.05,981600,5015150,0.543857,-0.448006,0.0004961,0.00063226,34.446551,26.96142,2023-08-01
1034,2023-07-27 13:56:00,19700.0,19704.0,13469250,12734800,36.55,26.3,4002750,5225650,0.51912,-0.47982,0.00052581,0.000635,32.660337,27.040802,2023-08-01
6296,2023-07-27 13:56:00,19750.0,19704.0,16556950,5147300,16.75,56.2,3355050,1356000,0.493197,-0.512341,0.00051793,0.00065595,33.190351,26.198214,2023-08-01
11554,2023-07-27 13:56:00,19800.0,19704.0,27105500,6836850,7.85,97.35,4013600,681300,0.471257,-0.55102,0.00047603,0.0007211,36.023319,23.647229,2023-08-01
16811,2023-07-27 13:56:00,19850.0,19704.0,18247900,3024750,3.9,143.55,2573400,144900,0.453879,,0.00043181,,39.549178,0.0,2023-08-01
22065,2023-07-27 13:56:00,19900.0,19704.0,19755900,2530550,2.4,192.1,1158550,107450,0.442346,,0.00038144,,44.601652,0.0,2023-08-01
27317,2023-07-27 13:56:00,19950.0,19704.0,9743000,760500,1.8,241.05,217100,19750,0.435392,,0.00033436,,50.745136,0.0,2023-08-01
24693,2023-07-27 13:57:00,19450.0,19705.05,169600,2726250,255.5,0.9,4350,185300,0.635091,-0.391155,0.00044347,0.00034732,36.524799,47.648375,2023-08-01
19440,2023-07-27 13:57:00,19500.0,19705.05,1546950,10333500,206.8,1.0,45200,155850,0.599268,-0.396128,0.00039079,0.00041253,42.626558,40.256697,2023-08-01
14184,2023-07-27 13:57:00,19550.0,19705.05,298300,6273450,157.4,1.3,38000,665300,0.589897,-0.403809,0.00046159,0.00049988,36.29776,33.389703,2023-08-01
8927,2023-07-27 13:57:00,19600.0,19705.05,2248250,15538050,109.4,3.2,303950,3470900,0.573785,-0.42265,0.0005331,0.00056452,31.69789,29.882114,2023-08-01
3667,2023-07-27 13:57:00,19650.0,19705.05,3048500,13441350,66.35,10.3,1050250,4098600,0.54893,-0.450094,0.00057262,0.00058843,29.799235,28.989652,2023-08-01
1035,2023-07-27 13:57:00,19700.0,19705.05,13126200,13210450,34.05,28.35,3749300,5127250,0.520128,-0.479812,0.00057402,0.00057961,29.914228,29.625236,2023-08-01
6297,2023-07-27 13:57:00,19750.0,19705.05,16528250,5227400,15.45,59.75,3464500,1144350,0.492654,-0.507581,0.00054407,0.00054984,31.595841,31.263547,2023-08-01
11555,2023-07-27 13:57:00,19800.0,19705.05,27086850,6918250,7.1,102.0,5129950,661850,0.470116,-0.529246,0.00049334,0.00048658,34.752934,35.239378,2023-08-01
16812,2023-07-27 13:57:00,19850.0,19705.05,18795850,3009950,3.5,148.75,2640250,146050,0.452622,-0.544691,0.00044322,0.00042538,38.517452,40.164431,2023-08-01
22066,2023-07-27 13:57:00,19900.0,19705.05,19620850,2539650,2.2,196.15,1104200,100300,0.44147,-0.563824,0.00038758,0.00041311,43.881677,41.085137,2023-08-01
27318,2023-07-27 13:57:00,19950.0,19705.05,9598150,760350,1.75,246.9,350550,25600,0.435459,-0.560239,0.00033544,0.0003196,50.584068,53.181039,2023-08-01
24694,2023-07-27 13:58:00,19450.0,19707.45,169600,2726250,260.65,0.85,1000,55550,0.593784,-0.390716,0.00028381,0.00034556,58.894945,47.872744,2023-08-01
19441,2023-07-27 13:58:00,19500.0,19707.45,1546950,10333500,210.8,1.0,25800,369850,0.588761,-0.396391,0.00033503,0.00040641,50.040012,40.867843,2023-08-01
14185,2023-07-27 13:58:00,19550.0,19707.45,298300,6273450,160.95,1.25,26050,371850,0.583179,-0.403461,0.0004129,0.00049441,40.729443,33.749832,2023-08-01
8928,2023-07-27 13:58:00,19600.0,19707.45,2248250,15538050,112.6,3.05,235650,2301150,0.570937,-0.421929,0.00049645,0.00055866,34.081231,30.182902,2023-08-01
3668,2023-07-27 13:58:00,19650.0,19707.45,3048500,13441350,69.2,9.65,580400,2430050,0.548663,-0.448709,0.0005464,0.0005877,31.230017,29.011085,2023-08-01
1036,2023-07-27 13:58:00,19700.0,19707.45,13126200,13210450,36.5,26.85,2588350,2885400,0.521209,-0.478366,0.00055014,0.00058364,31.20642,29.413831,2023-08-01
6298,2023-07-27 13:58:00,19750.0,19707.45,16528250,5227400,16.4,57.35,2197150,715050,0.494233,-0.506687,0.00053692,0.00056102,32.016714,30.640448,2023-08-01
11556,2023-07-27 13:58:00,19800.0,19707.45,27086850,6918250,7.55,98.7,2646600,456050,0.471704,-0.530579,0.00048897,0.00051397,35.071364,33.351415,2023-08-01
16813,2023-07-27 13:58:00,19850.0,19707.45,18795850,3009950,3.65,144.65,1776200,82950,0.45386,-0.55224,0.00044212,0.00048393,38.625833,35.221023,2023-08-01
22067,2023-07-27 13:58:00,19900.0,19707.45,19620850,2539650,2.25,194.0,675600,63700,0.442382,-0.56103,0.00038775,0.00040439,43.87491,42.016093,2023-08-01
27319,2023-07-27 13:58:00,19950.0,19707.45,9598150,760350,1.85,243.15,314800,14450,0.436874,-0.573088,0.00033322,0.00037075,50.946382,45.59096,2023-08-01
24695,2023-07-27 13:59:00,19450.0,19707.8,169600,2726250,259.8,0.85,350,41750,0.600351,-0.391149,0.0003102,0.00034342,53.663655,48.189644,2023-08-01
19442,2023-07-27 13:59:00,19500.0,19707.8,1546950,10333500,208.25,1.05,21800,103550,0.630946,-0.397457,0.00052623,0.00040076,30.895794,41.476105,2023-08-01
14186,2023-07-27 13:59:00,19550.0,19707.8,298300,6273450,160.1,1.3,11950,209500,0.589702,-0.404415,0.00045232,0.00048768,37.046233,34.238322,2023-08-01
8929,2023-07-27 13:59:00,19600.0,19707.8,2248250,15538050,111.1,3.25,114050,1642350,0.578241,-0.423222,0.00055838,0.00054586,30.196784,30.912282,2023-08-01
3669,2023-07-27 13:59:00,19650.0,19707.8,3048500,13441350,67.75,10.35,332150,1545350,0.551233,-0.449941,0.0005836,0.00056536,29.217226,30.170992,2023-08-01
1037,2023-07-27 13:59:00,19700.0,19707.8,13126200,13210450,35.1,27.55,1517050,1716200,0.521725,-0.478418,0.00057542,0.00056456,29.835031,30.409612,2023-08-01
6299,2023-07-27 13:59:00,19750.0,19707.8,16528250,5227400,15.8,58.5,1514850,403400,0.494027,-0.505375,0.00054721,0.00053159,31.41612,32.34007,2023-08-01
11557,2023-07-27 13:59:00,19800.0,19707.8,27086850,6918250,7.1,100.1,1938700,289050,0.471071,-0.526653,0.00049777,0.00047302,34.449575,36.266145,2023-08-01
16814,2023-07-27 13:59:00,19850.0,19707.8,18795850,3009950,3.5,146.05,1107400,50750,0.45359,-0.543591,0.00044501,0.00042592,38.373405,40.126196,2023-08-01
22068,2023-07-27 13:59:00,19900.0,19707.8,19620850,2539650,2.15,196.0,610250,29350,0.442126,-0.547483,0.00038967,0.00033987,43.657475,50.228633,2023-08-01
27320,2023-07-27 13:59:00,19950.0,19707.8,9598150,760350,1.75,245.75,260350,7900,0.436499,-0.550687,0.00033507,0.00028798,50.660923,59.220846,2023-08-01
24696,2023-07-27 14:00:00,19450.0,19700.65,169300,2707450,249.8,0.9,4950,187500,,-0.392813,,0.00034728,0.0,47.730544,2023-08-01
19443,2023-07-27 14:00:00,19500.0,19700.65,1544100,10309000,200.95,1.05,83000,501650,,-0.398443,,0.00041075,0.0,40.511285,2023-08-01
14187,2023-07-27 14:00:00,19550.0,19700.65,293700,6224900,151.0,1.35,50850,764150,0.651907,-0.405997,0.00082946,0.00050078,19.2148,33.389289,2023-08-01
8930,2023-07-27 14:00:00,19600.0,19700.65,2251150,15311800,104.3,3.65,443600,3567650,0.575245,-0.426278,0.00056884,0.00055492,29.698663,30.465868,2023-08-01
3670,2023-07-27 14:00:00,19650.0,19700.65,3020650,13613550,62.0,11.65,1141400,3981800,0.54726,-0.453609,0.00058813,0.00057295,29.040494,29.817639,2023-08-01
1038,2023-07-27 14:00:00,19700.0,19700.65,13110050,13503100,31.0,31.2,3927700,4922600,0.517629,-0.482499,0.00057934,0.00055765,29.66066,30.815263,2023-08-01
6300,2023-07-27 14:00:00,19750.0,19700.65,16831950,5312300,13.65,64.0,3775450,1465900,0.490175,-0.508657,0.00054592,0.00052042,31.498006,33.043304,2023-08-01
11558,2023-07-27 14:00:00,19800.0,19700.65,27436750,6905200,6.25,106.95,4455200,711300,0.468216,-0.528104,0.00049047,0.00045377,34.958298,37.811572,2023-08-01
16815,2023-07-27 14:00:00,19850.0,19700.65,18887800,3004650,3.05,153.95,2458200,166000,0.451141,-0.541298,0.00044,0.00039186,38.798436,43.659524,2023-08-01
22069,2023-07-27 14:00:00,19900.0,19700.65,19686550,2541450,1.9,202.7,1148800,128500,0.440252,-0.549367,0.00038513,0.00033726,44.160319,50.610132,2023-08-01
27321,2023-07-27 14:00:00,19950.0,19700.65,9465800,757250,1.5,253.3,491650,20750,0.43437,-0.548847,0.00033389,0.00027433,50.817156,62.229327,2023-08-01
24697,2023-07-27 14:01:00,19450.0,19702.65,169300,2707450,255.45,0.85,1200,100600,0.594169,-0.392418,0.00029155,0.00034591,57.342854,47.905005,2023-08-01
19444,2023-07-27 14:01:00,19500.0,19702.65,1544100,10309000,204.55,1.0,23550,279500,0.595934,-0.398092,0.00037945,0.00040826,44.011544,40.748131,2023-08-01
14188,2023-07-27 14:01:00,19550.0,19702.65,293700,6224900,155.7,1.25,18300,695650,0.583778,-0.405154,0.00043018,0.00049946,39.098387,33.459176,2023-08-01
8931,2023-07-27 14:01:00,19600.0,19702.65,2251150,15311800,106.45,3.15,243000,2278350,0.574455,-0.42404,0.00055119,0.0005647,30.659944,29.904861,2023-08-01
3671,2023-07-27 14:01:00,19650.0,19702.65,3020650,13613550,63.65,10.35,552550,2593000,0.54804,-0.451488,0.00058124,0.00058916,29.377266,28.977839,2023-08-01
1039,2023-07-27 14:01:00,19700.0,19702.65,13110050,13503100,32.0,28.9,2079350,2240050,0.518763,-0.481218,0.00057641,0.00057862,29.806913,29.692993,2023-08-01
6301,2023-07-27 14:01:00,19750.0,19702.65,16831950,5312300,13.95,61.1,1970300,796800,0.491175,-0.508709,0.00054799,0.0005453,31.379475,31.534991,2023-08-01
11559,2023-07-27 14:01:00,19800.0,19702.65,27436750,6905200,6.25,103.4,2291100,321750,0.468797,-0.53088,0.00049463,0.0004913,34.666803,34.904502,2023-08-01
16816,2023-07-27 14:01:00,19850.0,19702.65,18887800,3004650,3.05,150.4,1507050,75050,0.451695,-0.546708,0.0004422,0.00043176,38.610489,39.563209,2023-08-01
22070,2023-07-27 14:01:00,19900.0,19702.65,19686550,2541450,1.95,199.1,816750,67550,0.441197,-0.557778,0.00038437,0.00037953,44.261825,44.842885,2023-08-01
27322,2023-07-27 14:01:00,19950.0,19702.65,9465800,757250,1.5,248.9,302050,8250,0.43493,-0.561584,0.00033434,0.00032163,50.758987,52.838593,2023-08-01
24698,2023-07-27 14:02:00,19450.0,19699.05,169300,2707450,248.45,0.9,2600,83900,,-0.393838,,0.00034559,0.0,48.009509,2023-08-01
19445,2023-07-27 14:02:00,19500.0,19699.05,1544100,10309000,199.4,1.0,23550,190150,0.646584,-0.398815,0.00061572,0.00041236,26.033839,40.372646,2023-08-01
14189,2023-07-27 14:02:00,19550.0,19699.05,293700,6224900,149.85,1.4,27950,506250,0.60764,-0.407502,0.00058931,0.00049667,28.124564,33.703865,2023-08-01
8932,2023-07-27 14:02:00,19600.0,19699.05,2251150,15311800,101.8,3.55,196150,2222050,0.579308,-0.426701,0.00061465,0.00055956,27.435356,30.225858,2023-08-01
3672,2023-07-27 14:02:00,19650.0,19699.05,3020650,13613550,59.65,11.5,596950,2398850,0.547599,-0.454155,0.00061114,0.00057991,27.95075,29.471276,2023-08-01
1040,2023-07-27 14:02:00,19700.0,19699.05,13110050,13503100,29.2,31.4,2384300,2464600,0.516765,-0.483376,0.00059234,0.00056225,29.018811,30.572448,2023-08-01
6302,2023-07-27 14:02:00,19750.0,19699.05,16831950,5312300,12.5,64.7,2254700,791500,0.488885,-0.50962,0.00055481,0.00052309,30.9971,32.879955,2023-08-01
11560,2023-07-27 14:02:00,19800.0,19699.05,27436750,6905200,5.55,107.75,2771600,392000,0.466715,-0.529483,0.00049754,0.00046006,34.458537,37.29321,2023-08-01
16817,2023-07-27 14:02:00,19850.0,19699.05,18887800,3004650,2.7,154.65,1508150,88700,0.449895,-0.543962,0.00044339,0.0004045,38.495156,42.273978,2023-08-01
22071,2023-07-27 14:02:00,19900.0,19699.05,19686550,2541450,1.75,204.25,809100,67800,0.439819,-0.548895,0.0003842,0.00033268,44.268549,51.325448,2023-08-01
27323,2023-07-27 14:02:00,19950.0,19699.05,9465800,757250,1.35,253.8,377150,14000,0.43373,-0.55298,0.00033422,0.00028707,50.764604,59.40111,2023-08-01
24699,2023-07-27 14:03:00,19450.0,19694.2,170150,2687350,244.85,0.9,7750,109500,0.617691,-0.394635,0.00039832,0.00034965,41.311962,47.492617,2023-08-01
19446,2023-07-27 14:03:00,19500.0,19694.2,1537450,10298400,195.95,1.0,51550,252650,0.595669,-0.399638,0.00039538,0.00041886,42.269343,39.780358,2023-08-01
14190,2023-07-27 14:03:00,19550.0,19694.2,302950,6246600,146.5,1.35,45600,466950,0.586731,-0.407841,0.0004755,0.00051095,35.334238,32.779084,2023-08-01
8933,2023-07-27 14:03:00,19600.0,19694.2,2277050,15346750,98.7,3.5,373800,3138700,0.569795,-0.42744,0.00055269,0.00057964,30.660606,29.197981,2023-08-01
3673,2023-07-27 14:03:00,19650.0,19694.2,3031600,13543950,55.75,11.55,972350,3292550,0.544835,-0.455605,0.00061574,0.00060723,27.773175,28.165773,2023-08-01
1041,2023-07-27 14:03:00,19700.0,19694.2,13470550,13098450,26.7,31.95,3693350,3987900,0.513889,-0.486108,0.00059232,0.00059689,29.037086,28.81498,2023-08-01
6303,2023-07-27 14:03:00,19750.0,19694.2,16991750,5315750,10.85,65.95,4217400,1192200,0.485855,-0.514595,0.00056146,0.00057032,30.632647,30.155247,2023-08-01
11561,2023-07-27 14:03:00,19800.0,19694.2,27009600,6840150,4.65,109.8,4987000,553300,0.463631,-0.537429,0.00050378,0.00051392,34.019413,33.339695,2023-08-01
16818,2023-07-27 14:03:00,19850.0,19694.2,18772000,3005250,2.2,157.55,2299000,133700,0.446813,-0.554019,0.00044897,0.00045414,37.990531,37.547342,2023-08-01
22072,2023-07-27 14:03:00,19900.0,19694.2,19365450,2524950,1.5,206.8,1538350,123700,0.437744,-0.564006,0.00038498,0.00039292,44.157911,43.234907,2023-08-01
27324,2023-07-27 14:03:00,19950.0,19694.2,9402300,752550,1.15,257.25,699850,13850,0.431727,-0.561793,0.00033542,0.00031263,50.555111,54.38602,2023-08-01
24700,2023-07-27 14:04:00,19450.0,19690.7,170150,2687350,239.45,0.85,4050,32700,,-0.394636,,0.00035504,0.0,46.783049,2023-08-01
19447,2023-07-27 14:04:00,19500.0,19690.7,1537450,10298400,189.65,1.05,33200,105500,,-0.401003,,0.00041986,0.0,39.730724,2023-08-01
14191,2023-07-27 14:04:00,19550.0,19690.7,302950,6246600,140.05,1.35,26800,696200,,-0.408581,,0.00051853,0.0,32.321869,2023-08-01
8934,2023-07-27 14:04:00,19600.0,19690.7,2277050,15346750,92.65,3.75,225800,2742600,0.583908,-0.429319,0.00071082,0.00058181,23.679282,29.121192,2023-08-01
3674,2023-07-27 14:04:00,19650.0,19690.7,3031600,13543950,51.3,12.65,725150,2798000,0.545151,-0.458064,0.00066651,0.00060077,25.661573,28.49489,2023-08-01
1042,2023-07-27 14:04:00,19700.0,19690.7,13470550,13098450,23.2,34.5,2807700,2875150,0.511725,-0.488145,0.00062987,0.00058039,27.317359,29.646193,2023-08-01
6304,2023-07-27 14:04:00,19750.0,19690.7,16991750,5315750,9.0,70.0,3374250,787950,0.482635,-0.514706,0.00058467,0.00053591,29.41407,32.099167,2023-08-01
11562,2023-07-27 14:04:00,19800.0,19690.7,27009600,6840150,3.75,115.05,3864700,499750,0.460265,-0.532546,0.00051849,0.00045292,33.035662,37.880012,2023-08-01
16819,2023-07-27 14:04:00,19850.0,19690.7,18772000,3005250,1.9,163.3,1960300,102200,0.444783,-0.542801,0.00045158,0.00037761,37.753313,45.32395,2023-08-01
22073,2023-07-27 14:04:00,19900.0,19690.7,19365450,2524950,1.35,213.05,1037900,80400,0.436507,-0.546595,0.00038434,0.00031085,44.219399,54.998344,2023-08-01
27325,2023-07-27 14:04:00,19950.0,19690.7,9402300,752550,1.15,263.2,507800,10750,0.432132,-0.547618,0.0003298,0.00026116,51.438593,65.443731,2023-08-01
24701,2023-07-27 14:05:00,19450.0,19692.2,170150,2687350,244.7,0.8,2750,72300,0.593345,-0.394261,0.00030207,0.00035425,55.419518,46.875044,2023-08-01
19448,2023-07-27 14:05:00,19500.0,19692.2,1537450,10298400,196.0,0.95,38200,284600,0.582975,-0.40004,0.00033262,0.00042132,50.628719,39.567241,2023-08-01
14192,2023-07-27 14:05:00,19550.0,19692.2,302950,6246600,145.15,1.2,31200,611200,0.581692,-0.407227,0.00044812,0.00052202,37.60525,32.079413,2023-08-01
8935,2023-07-27 14:05:00,19600.0,19692.2,2277050,15346750,97.45,3.1,384750,2985150,0.566329,-0.42647,0.00052919,0.00060098,32.077959,28.155092,2023-08-01
3675,2023-07-27 14:05:00,19650.0,19692.2,3031600,13543950,54.85,10.7,1002500,3199450,0.542545,-0.455292,0.00059467,0.00063804,28.781862,26.80968,2023-08-01
1043,2023-07-27 14:05:00,19700.0,19692.2,13470550,13098450,25.4,30.75,3314300,3361100,0.512701,-0.487332,0.00059309,0.00064045,29.009332,26.864042,2023-08-01
6305,2023-07-27 14:05:00,19750.0,19692.2,16991750,5315750,9.8,65.1,3655100,810550,0.484326,-0.518883,0.0005691,0.00063156,30.224152,27.225644,2023-08-01
11563,2023-07-27 14:05:00,19800.0,19692.2,27009600,6840150,4.1,109.45,4228300,464950,0.462096,-0.548217,0.00050863,0.00060747,33.690644,28.129606,2023-08-01
16820,2023-07-27 14:05:00,19850.0,19692.2,18772000,3005250,2.0,159.0,2078550,153650,0.446067,-0.557834,0.00044793,0.00047195,38.078143,36.089795,2023-08-01
22074,2023-07-27 14:05:00,19900.0,19692.2,19365450,2524950,1.55,207.1,1227800,93050,0.439058,,0.00037557,,45.298597,0.0,2023-08-01
27326,2023-07-27 14:05:00,19950.0,19692.2,9402300,752550,1.15,257.85,363600,15200,0.432704,-0.582635,0.00032957,0.0003839,51.486779,43.873995,2023-08-01
24702,2023-07-27 14:06:00,19450.0,19685.75,171800,2685200,232.85,0.8,4750,101050,,-0.395183,,0.00036065,0.0,46.091507,2023-08-01
19449,2023-07-27 14:06:00,19500.0,19685.75,1554700,10279550,182.0,1.0,40800,458800,,-0.401664,,0.00042789,0.0,39.016618,2023-08-01
14193,2023-07-27 14:06:00,19550.0,19685.75,307200,6307950,132.95,1.3,41900,475000,,-0.409357,,0.00053172,0.0,31.547025,2023-08-01
8936,2023-07-27 14:06:00,19600.0,19685.75,2283600,15889650,85.75,4.1,258200,2714000,,-0.432045,,0.00058438,0.0,29.039525,2023-08-01
3676,2023-07-27 14:06:00,19650.0,19685.75,3066850,14340750,45.55,14.55,903900,2778250,0.544798,-0.461762,0.00073184,0.00058438,23.382251,29.332611,2023-08-01
1044,2023-07-27 14:06:00,19700.0,19685.75,14396350,13382350,19.5,38.75,2764700,3118200,0.508412,-0.490705,0.00066091,0.00054646,26.050286,31.504751,2023-08-01
6306,2023-07-27 14:06:00,19750.0,19685.75,17132100,5344800,7.25,76.45,2899400,874950,0.478858,-0.513795,0.00059976,0.00047871,28.672415,35.951514,2023-08-01
11564,2023-07-27 14:06:00,19800.0,19685.75,25941000,6860150,3.1,122.45,3023750,456300,0.457476,-0.527297,0.00052023,0.00039044,32.913988,44.002832,2023-08-01
16821,2023-07-27 14:06:00,19850.0,19685.75,18020400,2989700,1.8,171.3,2155950,115500,0.444447,-0.533741,0.00044018,0.00031747,38.742277,54.049278,2023-08-01
22075,2023-07-27 14:06:00,19900.0,19685.75,18539200,2491000,1.5,221.0,1257850,81700,0.438747,-0.536692,0.00036622,0.00026476,46.467878,64.766616,2023-08-01
27327,2023-07-27 14:06:00,19950.0,19685.75,9322700,751450,1.15,269.25,587200,8600,0.433039,-0.542909,0.00032099,0.00024206,52.891191,70.728974,2023-08-01
24703,2023-07-27 14:07:00,19450.0,19684.1,171800,2685200,238.45,0.85,4400,37450,0.584423,-0.396516,0.00027236,0.00035772,61.815364,46.518363,2023-08-01
19450,2023-07-27 14:07:00,19500.0,19684.1,1554700,10279550,189.0,1.0,57200,603450,0.577956,-0.402256,0.00031966,0.00042873,52.848618,38.961313,2023-08-01
14194,2023-07-27 14:07:00,19550.0,19684.1,307200,6307950,139.3,1.3,52900,825500,0.571454,-0.409943,0.00039993,0.00053406,42.373582,31.424717,2023-08-01
8937,2023-07-27 14:07:00,19600.0,19684.1,2283600,15889650,91.2,3.5,343600,3365500,0.559696,-0.430116,0.000504,0.00061569,33.7899,27.543522,2023-08-01
3677,2023-07-27 14:07:00,19650.0,19684.1,3066850,14340750,49.85,12.15,1258100,3790750,0.536809,-0.459785,0.00057303,0.00065523,29.928372,26.152102,2023-08-01
1045,2023-07-27 14:07:00,19700.0,19684.1,14396350,13382350,21.95,34.2,3559900,3566100,0.50798,-0.492692,0.00058454,0.00066263,29.458853,25.987872,2023-08-01
6307,2023-07-27 14:07:00,19750.0,19684.1,17132100,5344800,8.1,70.5,3620050,965150,0.480109,-0.526416,0.00056254,0.00067308,30.579052,25.532528,2023-08-01
11565,2023-07-27 14:07:00,19800.0,19684.1,25941000,6860150,3.4,115.95,3863450,490300,0.458919,-0.57016,0.00050012,0.00076217,34.255369,22.247183,2023-08-01
16822,2023-07-27 14:07:00,19850.0,19684.1,18020400,2989700,1.8,164.65,1851300,126850,0.444752,,0.00043412,,39.292738,0.0,2023-08-01
22076,2023-07-27 14:07:00,19900.0,19684.1,18539200,2491000,1.45,213.6,1236250,86700,0.43867,,0.0003639,,46.768758,0.0,2023-08-01
27328,2023-07-27 14:07:00,19950.0,19684.1,9322700,751450,1.2,263.95,354650,14550,0.43414,,0.00031545,,53.854088,0.0,2023-08-01
24704,2023-07-27 14:08:00,19450.0,19684.65,171800,2685200,236.95,0.8,4000,64400,0.592663,-0.396223,0.00030983,0.00035807,54.084496,46.465429,2023-08-01
19451,2023-07-27 14:08:00,19500.0,19684.65,1554700,10279550,188.0,0.95,32650,483750,0.582933,-0.40202,0.00034732,0.00042865,48.51623,38.963662,2023-08-01
14195,2023-07-27 14:08:00,19550.0,19684.65,307200,6307950,138.25,1.15,33650,502900,0.576659,-0.40863,0.00043708,0.00054094,38.67682,31.002001,2023-08-01
8938,2023-07-27 14:08:00,19600.0,19684.65,2283600,15889650,89.85,3.1,265400,3643600,0.56444,-0.428481,0.00055353,0.00062926,30.709696,26.930698,2023-08-01
3678,2023-07-27 14:08:00,19650.0,19684.65,3066850,14340750,48.95,11.65,1082950,3691150,0.538165,-0.45916,0.00059842,0.00066127,28.650663,25.910081,2023-08-01
1046,2023-07-27 14:08:00,19700.0,19684.65,14396350,13382350,20.9,33.6,2625600,2644050,0.508086,-0.492352,0.00060837,0.000666,28.306085,25.856891,2023-08-01
6308,2023-07-27 14:08:00,19750.0,19684.65,17132100,5344800,7.4,69.95,2920100,912350,0.479255,-0.526042,0.00058188,0.00067301,29.560545,25.538079,2023-08-01
11566,2023-07-27 14:08:00,19800.0,19684.65,25941000,6860150,3.1,115.75,3284950,412950,0.458014,-0.561524,0.00051042,0.00068639,33.557394,24.794638,2023-08-01
16823,2023-07-27 14:08:00,19850.0,19684.65,18020400,2989700,1.65,164.8,1183150,101150,0.444002,,0.00043988,,38.769299,0.0,2023-08-01
22077,2023-07-27 14:08:00,19900.0,19684.65,18539200,2491000,1.35,213.9,836450,77350,0.438171,,0.00036691,,46.37781,0.0,2023-08-01
27329,2023-07-27 14:08:00,19950.0,19684.65,9322700,751450,1.1,263.45,370500,45750,0.433455,,0.00031835,,53.348674,0.0,2023-08-01
24705,2023-07-27 14:09:00,19450.0,19690.3,172650,2713800,242.6,0.7,2150,79700,0.592697,-0.39473,0.00030189,0.00035531,55.493924,46.768651,2023-08-01
19452,2023-07-27 14:09:00,19500.0,19690.3,1546850,10317350,191.3,0.95,39800,201400,0.601794,-0.40206,0.00043485,0.00041543,38.30383,40.196502,2023-08-01
14196,2023-07-27 14:09:00,19550.0,19690.3,317350,6320150,141.65,1.2,47100,774050,0.592655,-0.409185,0.00052819,0.00051602,31.719052,32.502603,2023-08-01
8939,2023-07-27 14:09:00,19600.0,19690.3,2397700,16629050,93.0,3.2,362050,2965550,0.575832,-0.428597,0.00063553,0.00059156,26.604666,28.642236,2023-08-01
3679,2023-07-27 14:09:00,19650.0,19690.3,3339950,14535100,51.3,11.6,1155350,2924350,0.543478,-0.45774,0.00063809,0.00061284,26.826568,27.941037,2023-08-01
1047,2023-07-27 14:09:00,19700.0,19690.3,15055500,13146400,22.75,33.15,3008800,2507700,0.511495,-0.488439,0.00061748,0.00059531,27.876092,28.914473,2023-08-01
6309,2023-07-27 14:09:00,19750.0,19690.3,17147600,5279700,8.45,68.95,3301650,819350,0.482638,-0.515787,0.00058016,0.00055136,29.653692,31.207826,2023-08-01
11567,2023-07-27 14:09:00,19800.0,19690.3,25298450,6706750,3.5,114.35,2971200,395350,0.460843,-0.534145,0.00051116,0.00046553,33.526229,36.854752,2023-08-01
16824,2023-07-27 14:09:00,19850.0,19690.3,17219500,2962350,1.9,162.15,1182450,100850,0.446874,-0.54776,0.00043781,0.00040576,38.983501,42.134896,2023-08-01
22078,2023-07-27 14:09:00,19900.0,19690.3,18339200,2452950,1.5,211.65,1062650,89650,0.440427,-0.553621,0.0003663,0.00034032,46.486573,50.142135,2023-08-01
27330,2023-07-27 14:09:00,19950.0,19690.3,9245250,730500,1.15,259.8,280400,17850,0.434789,-0.579161,0.00032011,0.0003689,53.075074,45.757908,2023-08-01
24706,2023-07-27 14:10:00,19450.0,19692.55,172650,2713800,242.25,0.75,4650,127250,,-0.395889,,0.00034708,0.0,47.913203,2023-08-01
19453,2023-07-27 14:10:00,19500.0,19692.55,1546850,10317350,193.45,0.9,30700,213750,0.603285,-0.401687,0.00043705,0.00041231,38.070893,40.488439,2023-08-01
14197,2023-07-27 14:10:00,19550.0,19692.55,317350,6320150,143.9,1.1,25900,299950,0.592327,-0.40827,0.00051791,0.00051402,32.353762,32.610327,2023-08-01
8940,2023-07-27 14:10:00,19600.0,19692.55,2397700,16629050,95.7,2.85,199050,2827450,0.573081,-0.42691,0.00059454,0.00059462,28.475446,28.47116,2023-08-01
3680,2023-07-27 14:10:00,19650.0,19692.55,3339950,14535100,53.6,10.8,757400,2482900,0.543784,-0.456284,0.00061547,0.00061412,27.808858,27.870849,2023-08-01
1048,2023-07-27 14:10:00,19700.0,19692.55,15055500,13146400,24.25,31.75,2308150,1932800,0.512891,-0.487101,0.00060278,0.00059522,28.551583,28.914366,2023-08-01
6310,2023-07-27 14:10:00,19750.0,19692.55,17147600,5279700,9.15,66.75,2397100,580500,0.484438,-0.514956,0.00057064,0.00055908,30.152944,30.777875,2023-08-01
11568,2023-07-27 14:10:00,19800.0,19692.55,25298450,6706750,3.95,111.85,2371050,297050,0.463202,-0.5343,0.00049987,0.00047664,34.301027,35.993021,2023-08-01
16825,2023-07-27 14:10:00,19850.0,19692.55,17219500,2962350,2.25,159.85,1407900,76200,0.449886,-0.547468,0.00042554,0.00040955,40.144803,41.747134,2023-08-01
22079,2023-07-27 14:10:00,19900.0,19692.55,18339200,2452950,1.8,209.3,1590900,35800,0.443637,-0.553749,0.00035579,0.00034428,47.914204,49.560822,2023-08-01
27331,2023-07-27 14:10:00,19950.0,19692.55,9245250,730500,1.5,259.15,892700,41300,0.439197,-0.556536,0.00030737,0.00029271,55.370633,58.234927,2023-08-01
24707,2023-07-27 14:11:00,19450.0,19690.0,172650,2713800,240.1,0.75,2250,98350,,-0.396558,,0.00034823,0.0,47.785921,2023-08-01
19454,2023-07-27 14:11:00,19500.0,19690.0,1546850,10317350,190.8,0.95,39350,214950,0.604721,-0.403035,0.00045014,0.00041113,36.935208,40.647475,2023-08-01
14198,2023-07-27 14:11:00,19550.0,19690.0,317350,6320150,140.7,1.0,30750,651700,0.604244,-0.407669,0.00060426,0.00052717,27.523681,31.791201,2023-08-01
8941,2023-07-27 14:11:00,19600.0,19690.0,2397700,16629050,92.45,2.75,257800,2827650,0.576648,-0.427049,0.00064555,0.00060895,26.185246,27.80886,2023-08-01
3681,2023-07-27 14:11:00,19650.0,19690.0,3339950,14535100,50.45,11.15,730700,2851100,0.543814,-0.457594,0.00064906,0.00061986,26.37472,27.627798,2023-08-01
1049,2023-07-27 14:11:00,19700.0,19690.0,15055500,13146400,22.2,32.85,2467200,2381750,0.511301,-0.488631,0.00061943,0.00059807,27.79337,28.785507,2023-08-01
6311,2023-07-27 14:11:00,19750.0,19690.0,17147600,5279700,8.3,69.0,2092100,626850,0.482717,-0.515838,0.00057546,0.00054926,29.900766,31.331849,2023-08-01
11569,2023-07-27 14:11:00,19800.0,19690.0,25298450,6706750,3.6,114.7,2276550,273900,0.461872,-0.533426,0.00050028,0.00045785,34.268781,37.484981,2023-08-01
16826,2023-07-27 14:11:00,19850.0,19690.0,17219500,2962350,2.1,163.15,1416000,46700,0.449135,-0.543641,0.00042345,0.0003809,40.341783,44.945853,2023-08-01
22080,2023-07-27 14:11:00,19900.0,19690.0,18339200,2452950,1.75,212.2,1623800,70100,0.443604,-0.551172,0.0003519,0.00032933,48.452628,51.865054,2023-08-01
27332,2023-07-27 14:11:00,19950.0,19690.0,9245250,730500,1.4,262.05,481550,15700,0.438671,-0.553677,0.00030643,0.00028055,55.54003,60.832254,2023-08-01
24708,2023-07-27 14:12:00,19450.0,19693.65,173400,2716650,244.7,0.75,4600,196900,0.603019,-0.396807,0.00034094,0.00034166,48.816295,48.70836,2023-08-01
19455,2023-07-27 14:12:00,19500.0,19693.65,1545550,10578150,193.5,0.85,46100,364400,,-0.401869,,0.000409,0.0,40.824578,2023-08-01
14199,2023-07-27 14:12:00,19550.0,19693.65,302000,6393650,143.55,0.95,33800,710400,,-0.407168,,0.0005173,0.0,32.384145,2023-08-01
8942,2023-07-27 14:12:00,19600.0,19693.65,2427350,16723050,95.5,2.5,384250,3008100,0.581485,-0.42556,0.00066804,0.00060115,25.238462,28.146108,2023-08-01
3682,2023-07-27 14:12:00,19650.0,19693.65,3402350,14657050,52.85,10.15,950950,3446150,0.54652,-0.455473,0.00065497,0.00061667,26.113779,27.75152,2023-08-01
1050,2023-07-27 14:12:00,19700.0,19693.65,15573750,13087250,23.55,30.95,3085150,3096100,0.513563,-0.486449,0.00062244,0.00059228,27.650828,29.058709,2023-08-01
6312,2023-07-27 14:12:00,19750.0,19693.65,17531800,5285950,8.75,66.5,2664750,817050,0.484551,-0.513249,0.00058069,0.00053807,29.633348,31.98726,2023-08-01
11570,2023-07-27 14:12:00,19800.0,19693.65,25442800,6738700,3.75,111.9,2729250,393550,0.463282,-0.530365,0.00050434,0.00044517,34.00064,38.571866,2023-08-01
16827,2023-07-27 14:12:00,19850.0,19693.65,17234950,2964400,2.05,160.0,1218150,98900,0.449513,-0.540967,0.00043072,0.00037336,39.66082,45.880463,2023-08-01
22081,2023-07-27 14:12:00,19900.0,19693.65,17954650,2424550,1.8,209.8,1095850,49250,0.444662,-0.544387,0.000353,0.00030535,48.314543,56.04706,2023-08-01
27333,2023-07-27 14:12:00,19950.0,19693.65,9153400,713600,1.5,259.1,493100,15850,0.440299,-0.549088,0.00030474,0.00026861,55.87624,63.625567,2023-08-01
24709,2023-07-27 14:13:00,19450.0,19697.9,173400,2716650,251.6,0.75,2100,60800,0.585584,-0.397018,0.00025982,0.00033453,64.740032,49.745459,2023-08-01
19456,2023-07-27 14:13:00,19500.0,19697.9,1545550,10578150,201.25,0.8,32150,379400,0.582314,-0.401312,0.00031848,0.00040267,52.909709,41.445191,2023-08-01
14200,2023-07-27 14:13:00,19550.0,19697.9,302000,6393650,152.45,0.9,21400,411200,0.573015,-0.406605,0.00037113,0.00050624,45.614862,33.076082,2023-08-01
8943,2023-07-27 14:13:00,19600.0,19697.9,2427350,16723050,102.45,2.0,205350,2375250,0.566811,-0.422186,0.00050398,0.00060785,33.684615,27.786168,2023-08-01
3683,2023-07-27 14:13:00,19650.0,19697.9,3402350,14657050,58.3,8.0,595850,2627500,0.545391,-0.451071,0.00058425,0.00064774,29.279564,26.381759,2023-08-01
1051,2023-07-27 14:13:00,19700.0,19697.9,15573750,13087250,26.65,26.2,2098200,1861400,0.516074,-0.483653,0.00059408,0.00064721,28.959736,26.581402,2023-08-01
6313,2023-07-27 14:13:00,19750.0,19697.9,17531800,5285950,10.15,59.55,2301350,492900,0.487725,-0.515481,0.00056555,0.00063577,30.430578,27.062103,2023-08-01
11571,2023-07-27 14:13:00,19800.0,19697.9,25442800,6738700,3.95,103.35,2255650,277950,0.464943,-0.547536,0.00050925,0.00063676,33.680584,26.848435,2023-08-01
16828,2023-07-27 14:13:00,19850.0,19697.9,17234950,2964400,2.15,151.2,1076850,83750,0.450954,,0.00043333,,39.434162,0.0,2023-08-01
22082,2023-07-27 14:13:00,19900.0,19697.9,17954650,2424550,1.8,201.1,631550,41700,0.445347,,0.0003568,,47.804272,0.0,2023-08-01
27334,2023-07-27 14:13:00,19950.0,19697.9,9153400,713600,1.45,250.65,271350,13750,0.440469,,0.00030878,,55.139644,0.0,2023-08-01
24710,2023-07-27 14:14:00,19450.0,19696.1,173400,2716650,249.55,0.55,4550,236500,0.585916,-0.394131,0.00026362,0.00034886,63.804349,47.61579,2023-08-01
19457,2023-07-27 14:14:00,19500.0,19696.1,1545550,10578150,199.2,0.6,44250,819700,0.582787,-0.398496,0.00032433,0.00042035,51.950136,39.635103,2023-08-01
14201,2023-07-27 14:14:00,19550.0,19696.1,302000,6393650,148.2,0.7,37850,1257100,0.583579,-0.403995,0.00044861,0.00052891,37.541882,31.612143,2023-08-01
8944,2023-07-27 14:14:00,19600.0,19696.1,2427350,16723050,99.65,1.85,309500,3802750,0.570065,-0.421651,0.000545,0.00062344,31.10989,27.088001,2023-08-01
3684,2023-07-27 14:14:00,19650.0,19696.1,3402350,14657050,56.05,8.3,883850,4011500,0.545428,-0.45227,0.00060503,0.00064748,28.27847,26.406379,2023-08-01
1052,2023-07-27 14:14:00,19700.0,19696.1,15573750,13087250,25.2,27.6,3296250,3516950,0.515026,-0.484883,0.00060297,0.00063146,28.540139,27.252274,2023-08-01
6314,2023-07-27 14:14:00,19750.0,19696.1,17531800,5285950,9.45,61.95,2891250,872250,0.486534,-0.514971,0.00056907,0.00060039,30.244613,28.663062,2023-08-01
11572,2023-07-27 14:14:00,19800.0,19696.1,25442800,6738700,3.85,106.65,2829600,345350,0.464659,-0.538586,0.00050302,0.00053481,34.100692,32.049437,2023-08-01
16829,2023-07-27 14:14:00,19850.0,19696.1,17234950,2964400,2.0,153.8,1580750,77000,0.450241,-0.57909,0.00043284,0.00062165,39.476066,27.155886,2023-08-01
22083,2023-07-27 14:14:00,19900.0,19696.1,17954650,2424550,1.55,203.45,701400,84600,0.443657,,0.00036146,,47.166684,0.0,2023-08-01
27335,2023-07-27 14:14:00,19950.0,19696.1,9153400,713600,1.3,253.85,266400,17450,0.439429,-0.58241,0.00031044,0.00038872,54.832543,43.353022,2023-08-01
24711,2023-07-27 14:15:00,19450.0,19702.7,173400,2671550,260.8,0.55,4950,247700,0.576564,-0.394238,0.00020977,0.00033874,80.556364,49.028798,2023-08-01
19458,2023-07-27 14:15:00,19500.0,19702.7,1542900,10190900,211.45,0.6,45100,786200,0.570546,-0.398571,0.00024227,0.00040594,69.949657,41.03285,2023-08-01
14202,2023-07-27 14:15:00,19550.0,19702.7,297500,6360800,161.0,0.75,63550,931600,0.56525,-0.404898,0.00030202,0.00050097,56.24041,33.384891,2023-08-01
8945,2023-07-27 14:15:00,19600.0,19702.7,2414000,16531350,112.05,1.4,421200,3715300,0.556755,-0.417425,0.00038104,0.00062294,44.72466,27.043387,2023-08-01
3685,2023-07-27 14:15:00,19650.0,19702.7,3472650,14695550,66.3,5.9,1020900,3855650,0.542404,-0.445807,0.00048172,0.00068158,35.537377,25.026104,2023-08-01
1053,2023-07-27 14:15:00,19700.0,19702.7,15951900,13273550,31.65,21.3,3621800,3606300,0.518473,-0.479823,0.00053579,0.0007093,32.09813,24.241345,2023-08-01
6315,2023-07-27 14:15:00,19750.0,19702.7,17905200,5290400,12.3,52.35,3286050,1171500,0.491678,-0.517553,0.00053657,0.00077109,32.07927,22.305898,2023-08-01
11573,2023-07-27 14:15:00,19800.0,19702.7,25597400,6781700,4.85,94.95,3782900,493250,0.469134,,0.00049122,,34.943132,0.0,2023-08-01
16830,2023-07-27 14:15:00,19850.0,19702.7,17377650,2956350,2.3,142.85,2330100,118900,0.45315,,0.00043273,,39.510838,0.0,2023-08-01
22084,2023-07-27 14:15:00,19900.0,19702.7,17828050,2412250,1.75,192.05,1219050,118350,0.446163,,0.00036108,,47.245114,0.0,2023-08-01
27336,2023-07-27 14:15:00,19950.0,19702.7,9106650,709400,1.35,241.5,469450,16700,0.440691,,0.00031342,,54.323612,0.0,2023-08-01
24712,2023-07-27 14:16:00,19450.0,19702.25,173400,2671550,254.3,0.55,4400,200100,0.592132,-0.394803,0.00028344,0.00033715,59.118989,49.283069,2023-08-01
19459,2023-07-27 14:16:00,19500.0,19702.25,1542900,10190900,203.45,0.55,56700,292950,0.595779,-0.398121,0.00037955,0.00040902,44.050692,40.715167,2023-08-01
14203,2023-07-27 14:16:00,19550.0,19702.25,297500,6360800,154.3,0.6,57100,1273800,0.583611,-0.402653,0.00043036,0.00051613,39.126171,32.361639,2023-08-01
8946,2023-07-27 14:16:00,19600.0,19702.25,2414000,16531350,105.15,1.45,318450,3556250,0.573193,-0.418418,0.00054201,0.00061682,31.231132,27.328522,2023-08-01
3686,2023-07-27 14:16:00,19650.0,19702.25,3472650,14695550,60.35,6.75,1024050,4572750,0.549478,-0.448276,0.00060974,0.00064675,28.020736,26.398271,2023-08-01
1054,2023-07-27 14:16:00,19700.0,19702.25,15951900,13273550,27.85,24.2,4244600,5100750,0.51874,-0.48101,0.00060373,0.00063037,28.487847,27.283137,2023-08-01
6316,2023-07-27 14:16:00,19750.0,19702.25,17905200,5290400,10.6,57.3,3861900,1376700,0.489998,-0.510858,0.00056981,0.00059018,30.207428,29.163336,2023-08-01
11574,2023-07-27 14:16:00,19800.0,19702.25,25597400,6781700,4.2,101.7,3452300,569350,0.467404,-0.532503,0.00050679,0.00050582,33.86147,33.926791,2023-08-01
16831,2023-07-27 14:16:00,19850.0,19702.25,17377650,2956350,2.1,149.3,2308850,113350,0.452293,-0.549583,0.00043703,0.00044929,39.116119,38.02622,2023-08-01
22085,2023-07-27 14:16:00,19900.0,19702.25,17828050,2412250,1.65,198.3,1006500,112550,0.445824,-0.563362,0.00036189,0.00040516,47.138982,41.959744,2023-08-01
27337,2023-07-27 14:16:00,19950.0,19702.25,9106650,709400,1.35,249.05,343500,16900,0.441236,-0.556548,0.00031093,0.00030299,54.773843,56.255193,2023-08-01
24713,2023-07-27 14:17:00,19450.0,19689.75,173400,2671550,236.45,0.6,9150,255100,,-0.39712,,0.00034631,0.0,48.090539,2023-08-01
19460,2023-07-27 14:17:00,19500.0,19689.75,1542900,10190900,186.6,0.65,110500,856550,,-0.401481,,0.00041965,0.0,39.799938,2023-08-01
14204,2023-07-27 14:17:00,19550.0,19689.75,297500,6360800,136.45,0.75,80550,1871300,,-0.406916,,0.00053312,0.0,31.435568,2023-08-01
8947,2023-07-27 14:17:00,19600.0,19689.75,2414000,16531350,88.45,2.55,645600,6093450,,-0.428248,,0.00059858,0.0,28.318304,2023-08-01
3687,2023-07-27 14:17:00,19650.0,19689.75,3472650,14695550,46.55,10.95,1818550,6533700,0.549455,-0.458521,0.00076541,0.00060374,22.337842,28.384658,2023-08-01
1055,2023-07-27 14:17:00,19700.0,19689.75,15951900,13273550,19.55,34.05,6054150,7624000,0.511041,-0.48858,0.0006587,0.000554,26.147693,31.088825,2023-08-01
6317,2023-07-27 14:17:00,19750.0,19689.75,17905200,5290400,7.0,71.35,6051300,1692300,0.481766,-0.512148,0.0005901,0.00048293,29.168222,35.662024,2023-08-01
11575,2023-07-27 14:17:00,19800.0,19689.75,25597400,6781700,2.9,117.65,5340600,950650,0.460991,-0.525222,0.00050711,0.00038609,33.814556,44.538161,2023-08-01
16832,2023-07-27 14:17:00,19850.0,19689.75,17377650,2956350,1.7,166.65,2470800,215850,0.448912,-0.531107,0.0004241,0.00031006,40.293756,55.400524,2023-08-01
22086,2023-07-27 14:17:00,19900.0,19689.75,17828050,2412250,1.5,215.85,1263950,176100,0.444486,-0.535096,0.00034766,0.00026262,49.079966,65.35406,2023-08-01
27338,2023-07-27 14:17:00,19950.0,19689.75,9106650,709400,1.15,265.8,378300,30750,0.439289,-0.53617,0.00030404,0.00022405,56.013663,76.58773,2023-08-01
24714,2023-07-27 14:18:00,19450.0,19691.55,170900,2695600,240.15,0.6,8600,267700,,-0.397536,,0.00034183,0.0,48.732286,2023-08-01
19461,2023-07-27 14:18:00,19500.0,19691.55,1518700,9881200,191.45,0.6,81950,722850,,-0.400954,,0.00041827,0.0,39.917159,2023-08-01
14205,2023-07-27 14:18:00,19550.0,19691.55,298300,6436600,141.15,0.7,66500,1348550,,-0.406434,,0.00052966,0.0,31.631022,2023-08-01
8948,2023-07-27 14:18:00,19600.0,19691.55,2452100,15714050,92.75,1.8,481150,4940300,0.585974,-0.423438,0.00072456,0.00063477,23.22537,26.642018,2023-08-01
3688,2023-07-27 14:18:00,19650.0,19691.55,3392050,14297500,49.55,9.25,1748750,6062000,0.546877,-0.455844,0.00068948,0.00063579,24.816627,26.933532,2023-08-01
1056,2023-07-27 14:18:00,19700.0,19691.55,15686800,12719200,20.6,31.05,5178750,5165100,0.512228,-0.487701,0.00064716,0.00059182,26.611247,29.099601,2023-08-01
6318,2023-07-27 14:18:00,19750.0,19691.55,18059450,5211300,7.3,68.2,5247900,1386350,0.482962,-0.513154,0.00058753,0.0005158,29.298963,33.385947,2023-08-01
11576,2023-07-27 14:18:00,19800.0,19691.55,25493550,6576750,2.9,114.7,3805050,684400,0.461599,-0.527124,0.00051001,0.00040831,33.62682,42.10003,2023-08-01
16833,2023-07-27 14:18:00,19850.0,19691.55,17460900,2938350,1.65,163.35,1538450,172650,0.449115,-0.534594,0.00042754,0.00033239,39.971444,51.641519,2023-08-01
22087,2023-07-27 14:18:00,19900.0,19691.55,17874550,2374450,1.35,211.35,700800,148500,0.443655,-0.544207,0.00035408,0.00030186,48.173963,56.728568,2023-08-01
27339,2023-07-27 14:18:00,19950.0,19691.55,9023900,702550,1.15,262.4,321300,22400,0.439917,-0.540937,0.00030379,0.00024025,56.070745,71.33816,2023-08-01
24715,2023-07-27 14:19:00,19450.0,19681.8,170900,2695600,225.7,0.65,8500,166650,,-0.399608,,0.00034825,0.0,47.927339,2023-08-01
19462,2023-07-27 14:19:00,19500.0,19681.8,1518700,9881200,177.3,0.7,102200,716900,,-0.403988,,0.00042516,0.0,39.368223,2023-08-01
14206,2023-07-27 14:19:00,19550.0,19681.8,298300,6436600,127.55,0.8,80750,1109550,,-0.409393,,0.00054706,0.0,30.69673,2023-08-01
8949,2023-07-27 14:19:00,19600.0,19681.8,2452100,15714050,79.5,2.85,569600,4952000,,-0.431603,,0.00061559,0.0,27.592215,2023-08-01
3689,2023-07-27 14:19:00,19650.0,19681.8,3392050,14297500,39.05,12.55,1901100,6128700,0.546069,-0.462909,0.00082916,0.00061545,20.652799,27.89017,2023-08-01
1057,2023-07-27 14:19:00,19700.0,19681.8,15686800,12719200,15.05,38.4,5589300,5708100,0.505537,-0.492948,0.000687,0.00055139,25.091508,31.260426,2023-08-01
6319,2023-07-27 14:19:00,19750.0,19681.8,18059450,5211300,4.75,78.55,5487350,1580000,0.475493,-0.514225,0.00061552,0.00045734,27.954975,37.670882,2023-08-01
11577,2023-07-27 14:19:00,19800.0,19681.8,25493550,6576750,2.15,125.85,3631650,714200,0.456819,-0.524863,0.00050797,0.0003597,33.739262,47.834107,2023-08-01
16834,2023-07-27 14:19:00,19850.0,19681.8,17460900,2938350,1.35,176.75,1515550,205450,0.446277,-0.526168,0.00041961,0.00027291,40.711137,63.032942,2023-08-01
22088,2023-07-27 14:19:00,19900.0,19681.8,17874550,2374450,1.35,225.45,626250,132050,0.443831,-0.530279,0.00033866,0.0002368,50.39963,72.592769,2023-08-01
27340,2023-07-27 14:19:00,19950.0,19681.8,9023900,702550,1.15,276.0,420150,24950,0.440309,-0.529619,0.00029254,0.0001998,58.268931,86.047356,2023-08-01
24716,2023-07-27 14:20:00,19450.0,19676.05,170900,2695600,219.8,0.6,18400,158450,,-0.399657,,0.00035747,0.0,46.709025,2023-08-01
19463,2023-07-27 14:20:00,19500.0,19676.05,1518700,9881200,170.2,0.65,187700,691400,,-0.404073,,0.00043887,0.0,38.154604,2023-08-01
14207,2023-07-27 14:20:00,19550.0,19676.05,298300,6436600,120.0,0.85,103300,1499650,,-0.411139,,0.00055844,0.0,30.112556,2023-08-01
8950,2023-07-27 14:20:00,19600.0,19676.05,2452100,15714050,73.0,3.35,853900,7541850,,-0.435081,,0.00061747,0.0,27.559009,2023-08-01
3690,2023-07-27 14:20:00,19650.0,19676.05,3392050,14297500,34.6,14.85,2530450,8655150,0.541545,-0.466966,0.000837,0.00060053,20.492418,28.619084,2023-08-01
1058,2023-07-27 14:20:00,19700.0,19676.05,15686800,12719200,12.75,43.3,6712650,6819250,0.501542,-0.495507,0.00069013,0.0005214,24.989041,33.073978,2023-08-01
6320,2023-07-27 14:20:00,19750.0,19676.05,18059450,5211300,4.3,84.8,6731600,1969700,0.473217,-0.51436,0.00059664,0.00042502,28.839746,40.550359,2023-08-01
11578,2023-07-27 14:20:00,19800.0,19676.05,25493550,6576750,1.95,132.7,5444600,998950,0.455311,-0.522997,0.00049629,0.00033172,34.531121,51.902897,2023-08-01
16835,2023-07-27 14:20:00,19850.0,19676.05,17460900,2938350,1.25,183.0,1668400,226600,0.445424,-0.525069,0.00041088,0.00026046,41.57977,66.08235,2023-08-01
22089,2023-07-27 14:20:00,19900.0,19676.05,17874550,2374450,1.25,233.0,893000,142750,0.44316,-0.526216,0.00033336,0.00021786,51.207251,78.988912,2023-08-01
27341,2023-07-27 14:20:00,19950.0,19676.05,9023900,702550,1.15,282.45,566900,29050,0.440812,-0.52766,0.00028544,0.00019128,59.752648,89.943244,2023-08-01
24717,2023-07-27 14:21:00,19400.0,19671.6,453750,5871250,269.8,0.6,4650,316400,,-0.397169,,0.0003023,0.0,55.15823,2023-08-01
19464,2023-07-27 14:21:00,19450.0,19671.6,173500,2687700,219.4,0.6,12250,219100,,-0.400506,,0.00036128,0.0,46.25689,2023-08-01
14208,2023-07-27 14:21:00,19500.0,19671.6,1584700,9753450,168.4,0.75,86950,587650,,-0.406614,,0.00043621,0.0,38.458518,2023-08-01
8951,2023-07-27 14:21:00,19550.0,19671.6,324850,6461200,119.05,0.9,92850,1172600,,-0.412747,,0.00056599,0.0,29.746968,2023-08-01
3691,2023-07-27 14:21:00,19600.0,19671.6,2666550,16350400,71.1,3.5,652350,6300150,,-0.436694,,0.00063237,0.0,26.935223,2023-08-01
1059,2023-07-27 14:21:00,19650.0,19671.6,3869350,13990050,32.95,15.5,2077200,6838850,0.535417,-0.469089,0.0007658,0.00062028,22.437764,27.728008,2023-08-01
6321,2023-07-27 14:21:00,19700.0,19671.6,16791800,11502700,12.05,44.45,5127800,4410000,0.499044,-0.498559,0.00066089,0.000551,26.102351,31.307751,2023-08-01
11579,2023-07-27 14:21:00,19750.0,19671.6,17400400,4825300,3.95,86.55,5720000,1366400,0.47152,-0.518652,0.0005833,0.00045437,29.499347,37.925284,2023-08-01
16836,2023-07-27 14:21:00,19800.0,19671.6,24157400,6517900,1.9,134.7,3470350,528400,0.454939,-0.527845,0.00048188,0.00035486,35.570594,48.495175,2023-08-01
22090,2023-07-27 14:21:00,19850.0,19671.6,16594250,2920500,1.2,184.15,1170500,137600,0.445161,-0.531946,0.00040241,0.00028692,42.463095,59.93032,2023-08-01
27342,2023-07-27 14:21:00,19900.0,19671.6,17577750,2379800,1.15,233.55,885450,84100,0.442484,-0.534971,0.00033006,0.00024486,51.722076,70.181921,2023-08-01
24718,2023-07-27 14:22:00,19400.0,19667.7,453750,5871250,268.55,0.55,9600,482100,0.602051,-0.397068,0.00030415,0.00030754,54.866696,54.22987,2023-08-01
19465,2023-07-27 14:22:00,19450.0,19667.7,173500,2687700,217.5,0.6,11400,234800,,-0.401322,,0.0003644,0.0,45.897203,2023-08-01
14209,2023-07-27 14:22:00,19500.0,19667.7,1584700,9753450,167.05,0.65,84700,990650,,-0.405772,,0.00045134,0.0,37.160295,2023-08-01
8952,2023-07-27 14:22:00,19550.0,19667.7,324850,6461200,117.95,1.0,72200,1405300,,-0.414936,,0.00056697,0.0,29.740003,2023-08-01
3692,2023-07-27 14:22:00,19600.0,19667.7,2666550,16350400,70.4,3.6,622950,5321950,0.567755,-0.438014,0.00072121,0.00064798,23.579615,26.307602,2023-08-01
1060,2023-07-27 14:22:00,19650.0,19667.7,3869350,13990050,32.05,15.7,2513950,6274150,0.530579,-0.47075,0.0007004,0.00065053,24.564097,26.453899,2023-08-01
6322,2023-07-27 14:22:00,19700.0,19667.7,16791800,11502700,11.3,45.0,5241550,4068000,0.496917,-0.501904,0.00064229,0.00059546,26.864769,28.978041,2023-08-01
11580,2023-07-27 14:22:00,19750.0,19667.7,17400400,4825300,3.65,87.6,5061750,1022950,0.470084,-0.524545,0.00057227,0.00050428,30.067752,34.153357,2023-08-01
16837,2023-07-27 14:22:00,19800.0,19667.7,24157400,6517900,1.8,136.0,3288950,535550,0.454305,-0.535111,0.00047243,0.00039556,36.285047,43.453692,2023-08-01
22091,2023-07-27 14:22:00,19850.0,19667.7,16594250,2920500,1.2,185.8,1197850,106850,0.445486,-0.538807,0.0003925,0.00031408,43.551566,54.678757,2023-08-01
27343,2023-07-27 14:22:00,19900.0,19667.7,17577750,2379800,1.1,234.7,1052950,93250,0.442372,-0.545433,0.00032541,0.00027918,52.472661,61.406845,2023-08-01
24719,2023-07-27 14:23:00,19450.0,19675.6,173500,2687700,221.9,0.65,8850,87200,,-0.402192,,0.00034698,0.0,48.212479,2023-08-01
19466,2023-07-27 14:23:00,19500.0,19675.6,1584700,9753450,172.1,0.7,51400,1648650,,-0.406594,,0.00042619,0.0,39.359844,2023-08-01
14210,2023-07-27 14:23:00,19550.0,19675.6,324850,6461200,122.7,1.15,77050,1509850,,-0.416546,,0.00052058,0.0,32.407513,2023-08-01
8953,2023-07-27 14:23:00,19600.0,19675.6,2666550,16350400,74.45,3.25,581050,4483450,,-0.435813,,0.00061226,0.0,27.808137,2023-08-01
3693,2023-07-27 14:23:00,19650.0,19675.6,3869350,13990050,35.05,13.8,2598250,5623000,0.539081,-0.466639,0.00078155,0.000619,21.965161,27.769635,2023-08-01
1061,2023-07-27 14:23:00,19700.0,19675.6,16791800,11502700,12.6,41.15,5312550,3703950,0.501457,-0.496504,0.00067515,0.00055827,25.549245,30.897375,2023-08-01
6323,2023-07-27 14:23:00,19750.0,19675.6,17400400,4825300,4.05,82.65,5281050,897250,0.473256,-0.517326,0.00059206,0.00046079,29.069624,37.399871,2023-08-01
11581,2023-07-27 14:23:00,19800.0,19675.6,24157400,6517900,1.9,130.7,2905300,498250,0.456238,-0.526826,0.00048704,0.00035773,35.204216,48.111034,2023-08-01
16838,2023-07-27 14:23:00,19850.0,19675.6,16594250,2920500,1.1,179.8,1338800,103000,0.445356,-0.531881,0.00041021,0.00029217,41.656213,58.851272,2023-08-01
22092,2023-07-27 14:23:00,19900.0,19675.6,17577750,2379800,1.0,229.75,1195050,90350,0.441964,-0.533365,0.00033755,0.00024259,50.560375,70.857303,2023-08-01
27344,2023-07-27 14:23:00,19950.0,19675.6,8910750,696150,0.85,279.5,483250,14550,0.438691,-0.534607,0.00029179,0.00021034,58.416949,81.697871,2023-08-01
24720,2023-07-27 14:24:00,19400.0,19671.35,451600,5944250,269.8,0.5,1750,136050,,-0.396986,,0.00030332,0.0,54.979337,2023-08-01
19467,2023-07-27 14:24:00,19450.0,19671.35,173100,2812550,220.3,0.55,5150,169500,,-0.401256,,0.00035834,0.0,46.668759,2023-08-01
14211,2023-07-27 14:24:00,19500.0,19671.35,1597100,10055550,170.0,0.6,50000,1735400,,-0.405701,,0.000442,0.0,37.941467,2023-08-01
8954,2023-07-27 14:24:00,19550.0,19671.35,341800,6365950,120.7,1.1,53050,1301650,,-0.416857,,0.00053595,0.0,31.492577,2023-08-01
3694,2023-07-27 14:24:00,19600.0,19671.35,2652650,16241000,73.15,3.4,494850,3456600,0.573997,-0.437404,0.00076306,0.00062564,22.222198,27.238763,2023-08-01
1062,2023-07-27 14:24:00,19650.0,19671.35,4543850,13920000,33.6,14.6,1716050,4057300,0.533676,-0.468862,0.00071741,0.00063368,23.965387,27.146271,2023-08-01
6324,2023-07-27 14:24:00,19700.0,19671.35,17362600,10524200,12.1,43.0,4034250,2511350,0.499253,-0.499272,0.00064243,0.00057509,26.858089,30.00327,2023-08-01
11582,2023-07-27 14:24:00,19750.0,19671.35,16834650,4374300,3.7,85.0,3558200,579050,0.471592,-0.521106,0.00058026,0.00048374,29.660759,35.619554,2023-08-01
16839,2023-07-27 14:24:00,19800.0,19671.35,22875800,6448700,1.7,133.15,3345750,362250,0.454849,-0.53144,0.00048161,0.00037956,35.597326,45.318007,2023-08-01
22093,2023-07-27 14:24:00,19850.0,19671.35,15681100,2868350,0.95,181.45,1324750,51450,0.443834,-0.540716,0.00040887,0.00032922,41.78191,52.137715,2023-08-01
27345,2023-07-27 14:24:00,19900.0,19671.35,16512000,2364650,0.9,230.85,1534250,40250,0.441096,-0.545436,0.0003352,0.00028305,50.913128,60.56408,2023-08-01
24721,2023-07-27 14:25:00,19400.0,19671.5,451600,5944250,271.35,0.55,7900,256550,,-0.398498,,0.00029737,0.0,56.139054,2023-08-01
19468,2023-07-27 14:25:00,19450.0,19671.5,173100,2812550,222.35,0.6,2800,355600,0.597104,-0.402731,0.00035065,0.0003514,47.745016,47.637895,2023-08-01
14212,2023-07-27 14:25:00,19500.0,19671.5,1597100,10055550,171.05,0.65,39350,1483800,,-0.407158,,0.00043343,0.0,38.728672,2023-08-01
8955,2023-07-27 14:25:00,19550.0,19671.5,341800,6365950,121.15,1.1,40150,1549100,,-0.417352,,0.00053153,0.0,31.764877,2023-08-01
3695,2023-07-27 14:25:00,19600.0,19671.5,2652650,16241000,74.25,3.4,377650,3323450,0.566607,-0.437756,0.00067358,0.00062011,25.260006,27.487177,2023-08-01
1063,2023-07-27 14:25:00,19650.0,19671.5,4543850,13920000,34.45,14.1,1424950,3026550,0.53279,-0.468531,0.00068552,0.00064174,25.08637,26.805274,2023-08-01
6325,2023-07-27 14:25:00,19700.0,19671.5,17362600,10524200,12.25,41.7,2941950,1897700,0.499512,-0.499768,0.00063447,0.00060088,27.19682,28.717359,2023-08-01
11583,2023-07-27 14:25:00,19750.0,19671.5,16834650,4374300,3.75,83.45,3469300,444650,0.472103,-0.523857,0.00057445,0.00052034,29.964923,33.102803,2023-08-01
16840,2023-07-27 14:25:00,19800.0,19671.5,22875800,6448700,1.6,132.0,2831000,410600,0.454571,-0.534334,0.0004843,0.00040088,35.398697,42.884801,2023-08-01
22094,2023-07-27 14:25:00,19850.0,19671.5,15681100,2868350,0.9,181.4,982200,71300,0.443743,-0.53978,0.00040967,0.0003248,41.701146,52.862514,2023-08-01
27346,2023-07-27 14:25:00,19900.0,19671.5,16512000,2364650,0.95,231.5,1672500,46050,0.442405,-0.540805,0.00033022,0.00026592,51.708737,64.550671,2023-08-01
24722,2023-07-27 14:26:00,19400.0,19665.0,451600,5944250,265.4,0.55,7000,114850,0.612389,-0.399483,0.00034665,0.00030158,47.808184,55.412754,2023-08-01
19469,2023-07-27 14:26:00,19450.0,19665.0,173100,2812550,215.15,0.5,12850,332250,,-0.401827,,0.00036692,0.0,45.615766,2023-08-01
14213,2023-07-27 14:26:00,19500.0,19665.0,1597100,10055550,166.0,0.6,84300,545700,0.589997,-0.407295,0.00043417,0.00044999,38.744123,37.321176,2023-08-01
8956,2023-07-27 14:26:00,19550.0,19665.0,341800,6365950,115.55,0.9,92600,1409450,0.597086,-0.415914,0.00067287,0.00057197,24.891765,29.507892,2023-08-01
3696,2023-07-27 14:26:00,19600.0,19665.0,2652650,16241000,68.4,3.6,661700,4241300,0.562033,-0.439848,0.00067251,0.00064747,25.357711,26.357852,2023-08-01
1064,2023-07-27 14:26:00,19650.0,19665.0,4543850,13920000,30.15,15.65,2244800,5619400,0.52835,-0.47221,0.00068718,0.00066375,25.057277,25.944618,2023-08-01
6326,2023-07-27 14:26:00,19700.0,19665.0,17362600,10524200,9.9,45.45,5226800,3500500,0.495162,-0.504153,0.00064285,0.00061798,26.851055,27.932406,2023-08-01
11584,2023-07-27 14:26:00,19750.0,19665.0,16834650,4374300,2.8,88.1,4922650,956000,0.467686,-0.530171,0.00058278,0.00055609,29.523757,30.953762,2023-08-01
16841,2023-07-27 14:26:00,19800.0,19665.0,22875800,6448700,1.35,136.8,2657850,435350,0.452342,-0.542478,0.00047729,0.00043986,35.90914,39.023095,2023-08-01
22095,2023-07-27 14:26:00,19850.0,19665.0,15681100,2868350,0.95,186.65,971250,101600,0.444652,-0.546523,0.00039125,0.00034723,43.696338,49.376302,2023-08-01
27347,2023-07-27 14:26:00,19900.0,19665.0,16512000,2364650,0.9,236.45,926100,76000,0.442174,-0.549573,0.00032273,0.00029163,52.925438,58.735143,2023-08-01
24723,2023-07-27 14:27:00,19400.0,19665.15,448550,5920400,262.0,0.4,4700,317700,,-0.396914,,0.00031139,0.0,53.579412,2023-08-01
19470,2023-07-27 14:27:00,19450.0,19665.15,170900,2858150,212.75,0.45,5700,391150,,-0.401311,,0.00036904,0.0,45.341324,2023-08-01
14214,2023-07-27 14:27:00,19500.0,19665.15,1593050,10375700,161.0,0.6,60700,791750,0.554859,-0.407859,0.00016916,0.00044631,101.089813,37.644291,2023-08-01
8957,2023-07-27 14:27:00,19550.0,19665.15,344000,6546550,112.5,1.0,72200,855350,,-0.417744,,0.00055669,0.0,30.349536,2023-08-01
3697,2023-07-27 14:27:00,19600.0,19665.15,2800100,16359500,64.45,3.85,677450,3976700,,-0.44115,,0.00062868,0.0,27.16063,2023-08-01
1065,2023-07-27 14:27:00,19650.0,19665.15,5026600,14088200,27.2,16.75,2052900,4973300,0.531306,-0.473003,0.00079881,0.00062527,21.545096,27.546397,2023-08-01
6327,2023-07-27 14:27:00,19700.0,19665.15,18139400,10193900,8.6,47.7,4361950,2581800,0.494131,-0.50212,0.00068556,0.00055113,25.17913,31.323637,2023-08-01
11585,2023-07-27 14:27:00,19750.0,19665.15,16777600,4240200,2.6,91.45,4340450,747050,0.467188,-0.520708,0.00059013,0.00044427,29.154745,38.806387,2023-08-01
16842,2023-07-27 14:27:00,19800.0,19665.15,22155850,6385400,1.35,140.5,1818350,363350,0.452855,-0.527596,0.00047407,0.00033806,36.161098,50.944297,2023-08-01
22096,2023-07-27 14:27:00,19850.0,19665.15,15100650,2867300,0.9,190.45,997700,107000,0.444584,-0.529913,0.00039189,0.00026932,43.62631,63.920098,2023-08-01
27348,2023-07-27 14:27:00,19900.0,19665.15,15624250,2367500,0.85,240.3,871000,69050,0.442101,-0.531225,0.0003232,0.00022663,52.851299,75.942395,2023-08-01
24724,2023-07-27 14:28:00,19400.0,19663.9,448550,5920400,263.45,0.35,5250,396850,,-0.396302,,0.00031537,0.0,52.887943,2023-08-01
19471,2023-07-27 14:28:00,19450.0,19663.9,170900,2858150,213.65,0.45,7250,153600,,-0.401993,,0.00036815,0.0,45.477049,2023-08-01
14215,2023-07-27 14:28:00,19500.0,19663.9,1593050,10375700,163.5,0.55,55350,794800,,-0.407566,,0.00045148,0.0,37.211751,2023-08-01
8958,2023-07-27 14:28:00,19550.0,19663.9,344000,6546550,113.65,1.0,67400,1188500,,-0.418379,,0.00055744,0.0,30.323036,2023-08-01
3698,2023-07-27 14:28:00,19600.0,19663.9,2800100,16359500,66.45,3.55,561350,4315600,0.565588,-0.440545,0.00072991,0.00064794,23.334381,26.350813,2023-08-01
1066,2023-07-27 14:28:00,19650.0,19663.9,5026600,14088200,28.5,16.0,2026950,4510000,0.528113,-0.473115,0.00070968,0.00065621,24.268806,26.251733,2023-08-01
6328,2023-07-27 14:28:00,19700.0,19663.9,18139400,10193900,9.25,46.55,4098400,2410000,0.494406,-0.504291,0.00064452,0.00059943,26.786265,28.802053,2023-08-01
11586,2023-07-27 14:28:00,19750.0,19663.9,16777600,4240200,2.8,90.5,4213550,600150,0.468216,-0.525603,0.00056828,0.00049404,30.286237,34.876132,2023-08-01
16843,2023-07-27 14:28:00,19800.0,19663.9,22155850,6385400,1.4,139.15,1824500,317900,0.453693,-0.535413,0.0004637,0.00038724,36.983935,44.41099,2023-08-01
22097,2023-07-27 14:28:00,19850.0,19663.9,15100650,2867300,0.85,189.0,851100,72700,0.44443,-0.538609,0.00039016,0.00030748,43.823686,55.889649,2023-08-01
27349,2023-07-27 14:28:00,19900.0,19663.9,15624250,2367500,0.8,239.25,732650,64050,0.44197,-0.538654,0.00032213,0.00025109,53.031295,68.439745,2023-08-01
24725,2023-07-27 14:29:00,19400.0,19664.2,448550,5920400,264.05,0.45,1600,409400,,-0.399316,,0.00030326,0.0,55.114584,2023-08-01
19472,2023-07-27 14:29:00,19450.0,19664.2,170900,2858150,214.25,0.5,4150,111850,,-0.40365,,0.00035988,0.0,46.57327,2023-08-01
14216,2023-07-27 14:29:00,19500.0,19664.2,1593050,10375700,165.0,0.5,37200,344400,0.591402,-0.407096,0.00044462,0.00045339,37.811583,37.046141,2023-08-01
8959,2023-07-27 14:29:00,19550.0,19664.2,344000,6546550,115.15,0.9,34350,869100,0.585052,-0.417604,0.00058352,0.00056229,28.915557,30.050891,2023-08-01
3699,2023-07-27 14:29:00,19600.0,19664.2,2800100,16359500,67.6,3.35,415450,3226150,0.560709,-0.440061,0.00066221,0.00065183,25.772072,26.190337,2023-08-01
1067,2023-07-27 14:29:00,19650.0,19664.2,5026600,14088200,29.35,15.4,1171200,2985750,0.527651,-0.472703,0.00068112,0.00066573,25.28975,25.876043,2023-08-01
6329,2023-07-27 14:29:00,19700.0,19664.2,18139400,10193900,9.55,45.55,2942650,1480150,0.49495,-0.504657,0.00063195,0.00061817,27.32101,27.930346,2023-08-01
11587,2023-07-27 14:29:00,19750.0,19664.2,16777600,4240200,2.9,89.05,2921600,361800,0.469053,-0.528757,0.00056008,0.00053341,30.736483,32.286499,2023-08-01
16844,2023-07-27 14:29:00,19800.0,19664.2,22155850,6385400,1.4,138.0,933400,175450,0.454227,-0.53889,0.00046086,0.00041206,37.219901,41.704615,2023-08-01
22098,2023-07-27 14:29:00,19850.0,19664.2,15100650,2867300,0.85,187.45,1048550,37000,0.445051,-0.544996,0.00038762,0.00033841,44.121928,50.697848,2023-08-01
27350,2023-07-27 14:29:00,19900.0,19664.2,15624250,2367500,0.8,237.25,697100,25450,0.442638,-0.547866,0.00031996,0.00028446,53.406728,60.26274,2023-08-01
24726,2023-07-27 14:30:00,19400.0,19663.45,446300,5752450,258.05,0.45,2650,436900,,-0.399963,,0.00030166,0.0,55.435344,2023-08-01
19473,2023-07-27 14:30:00,19450.0,19663.45,174050,2934550,212.2,0.45,12250,93900,,-0.403235,,0.00036317,0.0,46.143965,2023-08-01
14217,2023-07-27 14:30:00,19500.0,19663.45,1606600,10402600,161.9,0.55,99550,250200,,-0.408786,,0.00044558,0.0,37.737614,2023-08-01
8960,2023-07-27 14:30:00,19550.0,19663.45,341850,6933650,112.1,0.75,78800,1423900,,-0.416018,,0.00057863,0.0,29.180249,2023-08-01
3700,2023-07-27 14:30:00,19600.0,19663.45,2931650,16998950,64.5,3.25,920700,4877800,0.579455,-0.440124,0.00091309,0.0006578,18.535957,25.955777,2023-08-01
1068,2023-07-27 14:30:00,19650.0,19663.45,5648850,14228550,27.0,15.85,2744350,5844100,0.528593,-0.473424,0.00074385,0.00065576,23.155543,26.275194,2023-08-01
6330,2023-07-27 14:30:00,19700.0,19663.45,18869200,9846000,8.5,47.0,4964250,3388750,0.493775,-0.504166,0.00065638,0.00058637,26.30577,29.448651,2023-08-01
11588,2023-07-27 14:30:00,19750.0,19663.45,16193850,4143750,2.55,91.3,4170150,746300,0.467782,-0.524094,0.0005704,0.000474,30.175688,36.365515,2023-08-01
16845,2023-07-27 14:30:00,19800.0,19663.45,21516150,6306400,1.3,140.55,1555600,394000,0.45379,-0.531124,0.00046147,0.00035731,37.169287,48.182298,2023-08-01
22099,2023-07-27 14:30:00,19850.0,19663.45,14345050,2823250,0.9,190.2,859000,86200,0.446316,-0.534573,0.00037982,0.00028819,45.052681,59.696693,2023-08-01
27351,2023-07-27 14:30:00,19900.0,19663.45,14888750,2355900,0.85,240.3,849850,74700,0.444033,-0.535135,0.00031377,0.00023853,54.493688,72.115761,2023-08-01
24727,2023-07-27 14:31:00,19400.0,19660.4,446300,5752450,258.75,0.45,7050,223650,,-0.400761,,0.00030238,0.0,55.344472,2023-08-01
19474,2023-07-27 14:31:00,19450.0,19660.4,174050,2934550,208.65,0.5,11600,93600,,-0.405107,,0.00035984,0.0,46.635956,2023-08-01
14218,2023-07-27 14:31:00,19500.0,19660.4,1606600,10402600,159.0,0.55,85550,139250,,-0.409604,,0.00044927,0.0,37.454623,2023-08-01
8961,2023-07-27 14:31:00,19550.0,19660.4,341850,6933650,109.2,0.8,70400,803650,,-0.417599,,0.00058081,0.0,29.102222,2023-08-01
3701,2023-07-27 14:31:00,19600.0,19660.4,2931650,16998950,61.7,3.45,911650,4811850,0.574912,-0.441771,0.00089138,0.00066355,19.034694,25.752743,2023-08-01
1069,2023-07-27 14:31:00,19650.0,19660.4,5648850,14228550,24.9,17.05,2902250,6331250,0.526416,-0.475495,0.00074877,0.00065243,23.017331,26.424335,2023-08-01
6331,2023-07-27 14:31:00,19700.0,19660.4,18869200,9846000,7.6,49.75,5069400,2890750,0.491768,-0.505291,0.00065653,0.00056693,26.303286,30.464322,2023-08-01
11589,2023-07-27 14:31:00,19750.0,19660.4,16193850,4143750,2.45,94.85,3762100,679850,0.467203,-0.522956,0.00055665,0.00044569,30.924395,38.690052,2023-08-01
16846,2023-07-27 14:31:00,19800.0,19660.4,21516150,6306400,1.15,143.55,1879850,298850,0.45262,-0.53104,0.00045969,0.00034972,37.309296,49.239598,2023-08-01
22100,2023-07-27 14:31:00,19850.0,19660.4,14345050,2823250,0.85,193.15,427200,62950,0.446125,-0.534524,0.00037499,0.00028402,45.640371,60.587456,2023-08-01
27352,2023-07-27 14:31:00,19900.0,19660.4,14888750,2355900,0.8,242.85,535900,70750,0.443905,-0.536587,0.00031063,0.00024098,55.055033,71.374079,2023-08-01
24728,2023-07-27 14:32:00,19400.0,19658.45,446300,5752450,256.3,0.45,3600,75800,,-0.401494,,0.00030196,0.0,55.458626,2023-08-01
19475,2023-07-27 14:32:00,19450.0,19658.45,174050,2934550,205.0,0.45,4400,56050,,-0.404799,,0.00036491,0.0,45.987556,2023-08-01
14219,2023-07-27 14:32:00,19500.0,19658.45,1606600,10402600,155.85,0.55,53800,185900,,-0.410349,,0.00045035,0.0,37.387278,2023-08-01
8962,2023-07-27 14:32:00,19550.0,19658.45,341850,6933650,105.05,0.85,62250,1023300,,-0.419047,,0.00057857,0.0,29.241895,2023-08-01
3702,2023-07-27 14:32:00,19600.0,19658.45,2931650,16998950,58.5,3.95,571600,3776950,,-0.44432,,0.0006455,0.0,26.501743,2023-08-01
1070,2023-07-27 14:32:00,19650.0,19658.45,5648850,14228550,23.1,18.8,2044150,4245650,0.525354,-0.477278,0.00076994,0.0006211,22.391954,27.769331,2023-08-01
6332,2023-07-27 14:32:00,19700.0,19658.45,18869200,9846000,6.9,52.8,4494350,2139400,0.490339,-0.504702,0.00066099,0.00052184,26.127842,33.102413,2023-08-01
11590,2023-07-27 14:32:00,19750.0,19658.45,16193850,4143750,2.35,98.45,4042050,356800,0.466817,-0.519406,0.0005486,0.00040005,31.381075,43.132098,2023-08-01
16847,2023-07-27 14:32:00,19800.0,19658.45,21516150,6306400,1.25,147.8,1478450,189050,0.453998,-0.524496,0.000444,0.00030528,38.649756,56.481487,2023-08-01
22101,2023-07-27 14:32:00,19850.0,19658.45,14345050,2823250,0.85,197.25,649650,51450,0.44668,-0.527411,0.00036872,0.00025099,46.433511,68.665723,2023-08-01
27353,2023-07-27 14:32:00,19900.0,19658.45,14888750,2355900,0.75,247.0,1085250,35200,0.443778,-0.528588,0.00030882,0.00021321,55.38298,80.817177,2023-08-01
24729,2023-07-27 14:33:00,19400.0,19655.9,443000,5707900,251.05,0.45,16250,273650,,-0.40227,,0.00030212,0.0,55.466633,2023-08-01
19476,2023-07-27 14:33:00,19450.0,19655.9,181900,2891600,200.9,0.55,33200,1075200,,-0.407573,,0.00035613,0.0,47.210137,2023-08-01
14220,2023-07-27 14:33:00,19500.0,19655.9,1590100,10533750,151.0,0.55,211550,1059800,,-0.411142,,0.00045291,0.0,37.200215,2023-08-01
8963,2023-07-27 14:33:00,19550.0,19655.9,373200,7048100,101.2,0.9,237500,1326200,,-0.420501,,0.00057929,0.0,29.233318,2023-08-01
3703,2023-07-27 14:33:00,19600.0,19655.9,3277750,16981550,54.6,4.15,1779100,8310450,,-0.445756,,0.00064921,0.0,26.36873,2023-08-01
1071,2023-07-27 14:33:00,19650.0,19655.9,7030700,12698050,20.5,20.7,4596100,9977600,0.524161,-0.479181,0.00081533,0.0005962,21.153701,28.942343,2023-08-01
6333,2023-07-27 14:33:00,19700.0,19655.9,19222300,8367150,6.2,56.55,7568150,4164350,0.488625,-0.504147,0.00066174,0.00047768,26.100549,36.170345,2023-08-01
11591,2023-07-27 14:33:00,19750.0,19655.9,15127250,3810700,2.3,102.8,4814950,906600,0.466605,-0.51627,0.00053543,0.00036037,32.157995,47.908133,2023-08-01
16848,2023-07-27 14:33:00,19800.0,19655.9,20632600,6177650,1.25,151.9,1818050,485600,0.454364,-0.520985,0.00043388,0.00028068,39.562984,61.476362,2023-08-01
22102,2023-07-27 14:33:00,19850.0,19655.9,13862450,2784950,0.95,201.5,896850,117850,0.448546,-0.523018,0.00035535,0.00023066,48.219521,74.785602,2023-08-01
27354,2023-07-27 14:33:00,19900.0,19655.9,14381100,2344200,0.75,251.55,933750,99000,0.444436,-0.52314,0.00030353,0.00019481,56.374119,88.546705,2023-08-01
24730,2023-07-27 14:34:00,19400.0,19658.1,443000,5707900,251.95,0.4,5250,150450,,-0.401665,,0.00030172,0.0,55.516271,2023-08-01
19477,2023-07-27 14:34:00,19450.0,19658.1,181900,2891600,201.5,0.45,13000,739350,,-0.40607,,0.00035943,0.0,46.732759,2023-08-01
14221,2023-07-27 14:34:00,19500.0,19658.1,1590100,10533750,152.0,0.5,79250,467850,,-0.410599,,0.00044985,0.0,37.440082,2023-08-01
8964,2023-07-27 14:34:00,19550.0,19658.1,373200,7048100,102.45,0.9,107850,996550,,-0.42089,,0.00056478,0.0,29.989137,2023-08-01
3704,2023-07-27 14:34:00,19600.0,19658.1,3277750,16981550,55.75,4.05,963500,4178500,,-0.445452,,0.00063211,0.0,27.078281,2023-08-01
1072,2023-07-27 14:34:00,19650.0,19658.1,7030700,12698050,21.55,20.1,2615150,4637600,0.525996,-0.478081,0.00081724,0.00058114,21.097103,29.686702,2023-08-01
6334,2023-07-27 14:34:00,19700.0,19658.1,19222300,8367150,6.55,55.45,4055050,2032700,0.490109,-0.502549,0.00066084,0.00046474,26.137816,37.177552,2023-08-01
11592,2023-07-27 14:34:00,19750.0,19658.1,15127250,3810700,2.25,101.05,2265950,410750,0.467093,-0.515048,0.00054326,0.0003563,31.696019,48.459009,2023-08-01
16849,2023-07-27 14:34:00,19800.0,19658.1,20632600,6177650,1.25,150.3,1215300,199450,0.455077,-0.519379,0.00043558,0.00027508,39.415251,62.736217,2023-08-01
22103,2023-07-27 14:34:00,19850.0,19658.1,13862450,2784950,1.05,200.5,1251050,39100,0.45046,-0.520142,0.00035001,0.00022134,48.982898,77.961795,2023-08-01
27355,2023-07-27 14:34:00,19900.0,19658.1,14381100,2344200,0.9,250.0,985500,94950,0.447373,-0.521233,0.0002953,0.00019038,58.000649,90.627597,2023-08-01
24731,2023-07-27 14:35:00,19400.0,19644.05,443000,5707900,235.65,0.4,14800,391300,,-0.4032,,0.00031438,0.0,53.374477,2023-08-01
19478,2023-07-27 14:35:00,19450.0,19644.05,181900,2891600,185.55,0.45,43250,557100,,-0.407656,,0.00037884,0.0,44.415944,2023-08-01
14222,2023-07-27 14:35:00,19500.0,19644.05,1590100,10533750,135.8,0.65,241850,1021200,,-0.415014,,0.00046465,0.0,36.36705,2023-08-01
8965,2023-07-27 14:35:00,19550.0,19644.05,373200,7048100,86.15,1.3,276600,3163800,,-0.427048,,0.00058484,0.0,29.070744,2023-08-01
3705,2023-07-27 14:35:00,19600.0,19644.05,3277750,16981550,42.3,7.65,2387150,11428900,,-0.456749,,0.00058772,0.0,29.248606,2023-08-01
1073,2023-07-27 14:35:00,19650.0,19644.05,7030700,12698050,14.45,29.85,5244650,9646350,0.514432,-0.486133,0.00080696,0.00051547,21.414054,33.525414,2023-08-01
6335,2023-07-27 14:35:00,19700.0,19644.05,19222300,8367150,4.25,70.2,7834750,4391150,0.481692,-0.50453,0.00064264,0.00038992,26.878821,44.343691,2023-08-01
11593,2023-07-27 14:35:00,19750.0,19644.05,15127250,3810700,1.7,117.75,3835000,889950,0.462477,-0.512187,0.00051366,0.00029445,33.514393,58.696914,2023-08-01
16850,2023-07-27 14:35:00,19800.0,19644.05,20632600,6177650,1.2,168.0,1762850,503350,0.454279,-0.513714,0.00040262,0.00022825,42.665212,75.711883,2023-08-01
22104,2023-07-27 14:35:00,19850.0,19644.05,13862450,2784950,1.0,217.8,797150,183000,0.450096,-0.514382,0.00032968,0.0001903,52.038149,90.807849,2023-08-01
27356,2023-07-27 14:35:00,19900.0,19644.05,14381100,2344200,0.9,267.7,687000,125700,0.447905,-0.514148,0.00027912,0.00016399,61.420681,105.376748,2023-08-01
24732,2023-07-27 14:36:00,19400.0,19630.65,441850,5453650,222.85,0.5,16100,694800,,-0.406772,,0.00031836,0.0,52.863998,2023-08-01
19479,2023-07-27 14:36:00,19450.0,19630.65,196350,2474850,172.0,0.5,51350,1168600,,-0.410257,,0.00039401,0.0,42.803435,2023-08-01
14223,2023-07-27 14:36:00,19500.0,19630.65,1661250,10223600,122.15,0.65,244450,1760450,,-0.416637,,0.00050031,0.0,33.830255,2023-08-01
8966,2023-07-27 14:36:00,19550.0,19630.65,511150,7171250,73.6,2.0,457100,7526450,,-0.434207,,0.00059509,0.0,28.682623,2023-08-01
3706,2023-07-27 14:36:00,19600.0,19630.65,4075100,16072450,33.3,11.55,3220800,13708100,0.558102,-0.465238,0.0011218,0.00057281,15.261929,30.095513,2023-08-01
1074,2023-07-27 14:36:00,19650.0,19630.65,8719650,11263750,10.95,39.3,5940500,9030200,0.504348,-0.492364,0.00072292,0.00047851,23.935665,36.157293,2023-08-01
6336,2023-07-27 14:36:00,19700.0,19630.65,19289300,7089450,3.4,82.0,10492150,4238300,0.476431,-0.507675,0.00058884,0.00036417,29.336162,47.509408,2023-08-01
11594,2023-07-27 14:36:00,19750.0,19630.65,13664300,3575450,1.65,129.95,4373600,824800,0.461222,-0.514128,0.00046621,0.00028126,36.942223,61.486737,2023-08-01
16851,2023-07-27 14:36:00,19800.0,19630.65,19834550,6088800,1.15,179.6,2105050,584550,0.453705,-0.516086,0.00037565,0.00022536,45.75534,76.723166,2023-08-01
22105,2023-07-27 14:36:00,19850.0,19630.65,13177400,2783500,1.0,229.5,750650,140950,0.450458,-0.516454,0.00030998,0.00018886,55.393191,91.550335,2023-08-01
27357,2023-07-27 14:36:00,19900.0,19630.65,14199900,2321950,0.95,279.65,898000,147800,0.44919,-0.515712,0.0002629,0.0001625,65.287329,106.408931,2023-08-01
24733,2023-07-27 14:37:00,19350.0,19620.8,52450,1357900,274.8,0.4,2400,451200,0.578102,-0.402738,0.00019757,0.00028167,85.950857,59.63598,2023-08-01
19480,2023-07-27 14:37:00,19400.0,19620.8,441850,5453650,222.1,0.45,22550,658100,0.584589,-0.407096,0.00029233,0.00033242,57.892165,50.66753,2023-08-01
14224,2023-07-27 14:37:00,19450.0,19620.8,196350,2474850,172.05,0.55,52100,852950,0.580974,-0.412536,0.00036601,0.00040447,46.328507,41.775095,2023-08-01
8967,2023-07-27 14:37:00,19500.0,19620.8,1661250,10223600,122.75,0.95,347900,2322750,0.571069,-0.422167,0.00044279,0.00049718,38.481197,34.160745,2023-08-01
3707,2023-07-27 14:37:00,19550.0,19620.8,511150,7171250,74.5,2.35,595900,8666700,0.557115,-0.437827,0.00056079,0.00062517,30.55829,27.358894,2023-08-01
1075,2023-07-27 14:37:00,19600.0,19620.8,4075100,16072450,34.2,11.9,3919000,14472400,0.530168,-0.468655,0.00061277,0.00065418,28.175384,26.38587,2023-08-01
6337,2023-07-27 14:37:00,19650.0,19620.8,8719650,11263750,11.1,39.15,7115250,7272750,0.499815,-0.50086,0.00059955,0.00062979,28.87918,27.492482,2023-08-01
11595,2023-07-27 14:37:00,19700.0,19620.8,19289300,7089450,3.5,81.35,11231550,3125450,0.475303,-0.529133,0.00052629,0.00058537,32.836424,29.499911,2023-08-01
16852,2023-07-27 14:37:00,19750.0,19620.8,13664300,3575450,1.6,129.6,4377100,696900,0.460555,-0.550278,0.00043637,0.00051896,39.48438,33.098604,2023-08-01
22106,2023-07-27 14:37:00,19800.0,19620.8,19834550,6088800,1.25,179.6,2473950,506900,0.454918,-0.553473,0.00035026,0.0003935,49.117312,43.605902,2023-08-01
27358,2023-07-27 14:37:00,19850.0,19620.8,13177400,2783500,1.15,229.8,1054000,114650,0.452669,-0.551658,0.00028967,0.00030621,59.352481,56.069579,2023-08-01
24734,2023-07-27 14:38:00,19400.0,19625.85,441850,5453650,218.35,0.4,18450,291500,,-0.406328,,0.00032784,0.0,51.341501,2023-08-01
19481,2023-07-27 14:38:00,19450.0,19625.85,196350,2474850,168.85,0.45,40500,523650,,-0.410847,,0.00040192,0.0,41.991815,2023-08-01
14225,2023-07-27 14:38:00,19500.0,19625.85,1661250,10223600,118.8,0.75,256700,1598500,,-0.41977,,0.00049558,0.0,34.2224,2023-08-01
8968,2023-07-27 14:38:00,19550.0,19625.85,511150,7171250,70.25,2.1,470950,7406900,,-0.436299,,0.00060506,0.0,28.245367,2023-08-01
3708,2023-07-27 14:38:00,19600.0,19625.85,4075100,16072450,30.35,12.5,3936150,12424300,0.547257,-0.467846,0.00098938,0.00057791,17.374151,29.857731,2023-08-01
1076,2023-07-27 14:38:00,19650.0,19625.85,8719650,11263750,9.2,41.45,7012950,5629650,0.500954,-0.4948,0.00071756,0.00048436,24.125267,35.737215,2023-08-01
6338,2023-07-27 14:38:00,19700.0,19625.85,19289300,7089450,2.75,85.25,8709350,2627750,0.473898,-0.509377,0.00058441,0.00036367,29.55837,47.588501,2023-08-01
11596,2023-07-27 14:38:00,19750.0,19625.85,13664300,3575450,1.5,133.5,2935400,679450,0.460761,-0.515386,0.00045206,0.0002807,38.109026,61.62573,2023-08-01
16853,2023-07-27 14:38:00,19800.0,19625.85,19834550,6088800,1.2,183.25,1711650,413500,0.455262,-0.517052,0.00035778,0.0002249,48.080026,76.903168,2023-08-01
22107,2023-07-27 14:38:00,19850.0,19625.85,13177400,2783500,1.15,233.35,1310650,133100,0.453447,-0.516956,0.00029237,0.00018763,58.80634,92.181793,2023-08-01
27359,2023-07-27 14:38:00,19900.0,19625.85,14199900,2321950,1.1,283.3,1402950,134300,0.452474,-0.516466,0.00024882,0.00016246,69.079348,106.467265,2023-08-01
24735,2023-07-27 14:39:00,19350.0,19620.8,50900,1374400,268.9,0.4,1500,208200,,-0.404023,,0.00027657,0.0,60.79262,2023-08-01
19482,2023-07-27 14:39:00,19400.0,19620.8,445700,5444500,218.45,0.4,15650,237000,,-0.407322,,0.00033137,0.0,50.841631,2023-08-01
14226,2023-07-27 14:39:00,19450.0,19620.8,198000,2372400,169.15,0.45,35250,301100,,-0.411857,,0.00040842,0.0,41.36034,2023-08-01
8969,2023-07-27 14:39:00,19500.0,19620.8,1778300,10355550,117.7,0.7,230400,1706450,,-0.420037,,0.0005139,0.0,33.018151,2023-08-01
3709,2023-07-27 14:39:00,19550.0,19620.8,643250,8445900,69.45,2.35,447200,5283850,,-0.438751,,0.00061361,0.0,27.888021,2023-08-01
1077,2023-07-27 14:39:00,19600.0,19620.8,5304650,16533100,29.55,12.85,3230250,7915100,0.535205,-0.469864,0.00078023,0.00061173,22.108228,28.227087,2023-08-01
6339,2023-07-27 14:39:00,19650.0,19620.8,10295750,9217550,8.65,42.15,5652300,3526750,0.498238,-0.498601,0.00067221,0.00053416,25.760931,32.418672,2023-08-01
11597,2023-07-27 14:39:00,19700.0,19620.8,17884150,6260200,2.6,86.6,6695800,1637800,0.472778,-0.51476,0.00055962,0.00040341,30.872066,42.896941,2023-08-01
16854,2023-07-27 14:39:00,19750.0,19620.8,12441200,3300900,1.55,135.15,2444650,429500,0.461287,-0.521485,0.00043091,0.00031026,39.997473,55.733684,2023-08-01
22108,2023-07-27 14:39:00,19800.0,19620.8,18484800,5964750,1.15,185.3,1373500,310800,0.455229,-0.522586,0.00034867,0.00024354,49.351975,70.991226,2023-08-01
27360,2023-07-27 14:39:00,19850.0,19620.8,12234900,2750650,1.1,235.15,1166150,81450,0.453555,-0.523189,0.00028631,0.00020425,60.071816,84.638446,2023-08-01
24736,2023-07-27 14:40:00,19350.0,19618.45,50900,1374400,267.7,0.4,1150,225000,,-0.404824,,0.00027611,0.0,60.935682,2023-08-01
19483,2023-07-27 14:40:00,19400.0,19618.45,445700,5444500,219.8,0.45,27000,485750,0.582314,-0.40919,0.00028441,0.00032638,59.598361,51.686368,2023-08-01
14227,2023-07-27 14:40:00,19450.0,19618.45,198000,2372400,169.5,0.5,29150,650350,0.581023,-0.413695,0.00037181,0.00040353,45.619886,41.913668,2023-08-01
8970,2023-07-27 14:40:00,19500.0,19618.45,1778300,10355550,120.55,0.75,299450,1959300,0.568403,-0.421578,0.00042935,0.00051164,39.745896,33.196235,2023-08-01
3710,2023-07-27 14:40:00,19550.0,19618.45,643250,8445900,71.1,2.3,517700,5724250,0.559916,-0.439225,0.00061546,0.00062659,27.82375,27.320539,2023-08-01
1078,2023-07-27 14:40:00,19600.0,19618.45,5304650,16533100,30.55,11.95,3678950,10180300,0.530051,-0.469984,0.00066368,0.00066238,26.023327,26.074565,2023-08-01
6340,2023-07-27 14:40:00,19650.0,19618.45,10295750,9217550,8.75,40.15,5911100,4485350,0.497484,-0.502483,0.00063697,0.00063561,27.191177,27.249105,2023-08-01
11598,2023-07-27 14:40:00,19700.0,19618.45,17884150,6260200,2.45,84.05,6269150,1902300,0.47216,-0.526835,0.00055054,0.00053766,31.383552,32.141149,2023-08-01
16855,2023-07-27 14:40:00,19750.0,19618.45,12441200,3300900,1.35,133.3,2563750,519300,0.460119,-0.535739,0.00043198,0.00040209,39.894344,42.902854,2023-08-01
22109,2023-07-27 14:40:00,19800.0,19618.45,18484800,5964750,1.2,183.45,1331300,266300,0.456309,-0.537014,0.00033917,0.00030663,50.759591,56.24308,2023-08-01
27361,2023-07-27 14:40:00,19850.0,19618.45,12234900,2750650,1.1,233.45,1332050,82850,0.454256,-0.537775,0.00028117,0.00025213,61.19573,68.388546,2023-08-01
24737,2023-07-27 14:41:00,19350.0,19625.0,50900,1374400,273.6,0.3,1450,115450,,-0.402697,,0.00027696,0.0,60.651419,2023-08-01
19484,2023-07-27 14:41:00,19400.0,19625.0,445700,5444500,222.45,0.35,38800,415550,,-0.407207,,0.00032515,0.0,51.806676,2023-08-01
14228,2023-07-27 14:41:00,19450.0,19625.0,198000,2372400,173.5,0.45,18850,462000,,-0.41289,,0.00039234,0.0,43.07743,2023-08-01
8971,2023-07-27 14:41:00,19500.0,19625.0,1778300,10355550,123.25,0.7,203350,1493000,,-0.420959,,0.00048988,0.0,34.650407,2023-08-01
3711,2023-07-27 14:41:00,19550.0,19625.0,643250,8445900,74.85,2.2,437750,5381900,,-0.438404,,0.00058615,0.0,29.188663,2023-08-01
1079,2023-07-27 14:41:00,19600.0,19625.0,5304650,16533100,33.3,11.4,3464750,9850600,0.536526,-0.467637,0.00072484,0.00060064,23.788759,28.733706,2023-08-01
6341,2023-07-27 14:41:00,19650.0,19625.0,10295750,9217550,9.75,38.3,5273950,3796150,0.501191,-0.496674,0.00066404,0.00054877,26.076148,31.552608,2023-08-01
11599,2023-07-27 14:41:00,19700.0,19625.0,17884150,6260200,2.8,81.65,4948250,1696000,0.475104,-0.514838,0.00056003,0.00042521,30.858755,40.694752,2023-08-01
16856,2023-07-27 14:41:00,19750.0,19625.0,12441200,3300900,1.45,130.5,1218500,376900,0.46198,-0.521397,0.00043958,0.00031839,39.211817,54.306117,2023-08-01
22110,2023-07-27 14:41:00,19800.0,19625.0,18484800,5964750,1.25,180.5,1003700,283650,0.457661,-0.522908,0.00034373,0.00024949,50.091303,69.288458,2023-08-01
27362,2023-07-27 14:41:00,19850.0,19625.0,12234900,2750650,1.0,229.95,735950,53450,0.453948,-0.524667,0.00028946,0.00021196,59.421331,81.536983,2023-08-01
24738,2023-07-27 14:42:00,19350.0,19623.35,51100,1485550,270.75,0.35,1100,29050,,-0.404735,,0.0002708,0.0,62.120122,2023-08-01
19485,2023-07-27 14:42:00,19400.0,19623.35,448000,5665850,217.65,0.4,15750,527950,,-0.409151,,0.0003187,0.0,52.924879,2023-08-01
14229,2023-07-27 14:42:00,19450.0,19623.35,201650,2559150,167.5,0.5,14950,807750,,-0.414655,,0.00038604,0.0,43.830787,2023-08-01
8972,2023-07-27 14:42:00,19500.0,19623.35,1829400,10241000,118.85,0.8,208500,1435450,,-0.423094,,0.00047982,0.0,35.420396,2023-08-01
3712,2023-07-27 14:42:00,19550.0,19623.35,688100,9175050,69.55,2.1,321850,3802750,,-0.43852,,0.00059691,0.0,28.667951,2023-08-01
1080,2023-07-27 14:42:00,19600.0,19623.35,6198100,17738000,29.35,12.0,2674150,6841850,0.540632,-0.468864,0.00087728,0.00059293,19.638488,29.119117,2023-08-01
6342,2023-07-27 14:42:00,19650.0,19623.35,11784900,8714650,7.5,40.0,5336300,2723650,0.498884,-0.497115,0.00073371,0.00052862,23.603611,32.76068,2023-08-01
11600,2023-07-27 14:42:00,19700.0,19623.35,17885750,6080100,2.15,84.5,4328500,1073800,0.472457,-0.512732,0.00058398,0.00039158,29.584654,44.204531,2023-08-01
16857,2023-07-27 14:42:00,19750.0,19623.35,11651700,3162600,1.55,134.65,1375350,269400,0.463174,-0.515963,0.00042499,0.00027992,40.575692,61.818015,2023-08-01
22111,2023-07-27 14:42:00,19800.0,19623.35,17824250,5897450,1.25,184.65,1601100,161950,0.458278,-0.516957,0.00033767,0.00022217,51.0066,77.878454,2023-08-01
27363,2023-07-27 14:42:00,19850.0,19623.35,11768600,2755000,1.0,235.05,547050,42600,0.45468,-0.516046,0.00028482,0.00018342,60.411027,94.340458,2023-08-01
24739,2023-07-27 14:43:00,19350.0,19624.05,51100,1485550,268.55,0.35,850,41250,,-0.405367,,0.00026749,0.0,62.916319,2023-08-01
19486,2023-07-27 14:43:00,19400.0,19624.05,448000,5665850,217.0,0.35,12950,311050,,-0.408648,,0.00031996,0.0,52.702734,2023-08-01
14230,2023-07-27 14:43:00,19450.0,19624.05,201650,2559150,167.3,0.45,25150,143950,,-0.414306,,0.00038643,0.0,43.779109,2023-08-01
8973,2023-07-27 14:43:00,19500.0,19624.05,1829400,10241000,117.4,0.65,184150,860350,,-0.421552,,0.00048906,0.0,34.725715,2023-08-01
3713,2023-07-27 14:43:00,19550.0,19624.05,688100,9175050,68.2,1.65,289150,4933450,,-0.436086,,0.00062119,0.0,27.521734,2023-08-01
1081,2023-07-27 14:43:00,19600.0,19624.05,6198100,17738000,28.0,11.45,2677550,7123300,0.547272,-0.468344,0.00103737,0.00059636,16.577606,28.949224,2023-08-01
6343,2023-07-27 14:43:00,19650.0,19624.05,11784900,8714650,7.4,41.35,4943300,2780950,0.499285,-0.495674,0.00074068,0.00048426,23.382347,35.761096,2023-08-01
11601,2023-07-27 14:43:00,19700.0,19624.05,17885750,6080100,2.15,86.15,4101900,1234700,0.473011,-0.509077,0.00058193,0.00035303,29.692817,49.045168,2023-08-01
16858,2023-07-27 14:43:00,19750.0,19624.05,11651700,3162600,1.4,135.3,1214500,211300,0.462682,-0.513269,0.000431,0.00026462,40.007124,65.411427,2023-08-01
22112,2023-07-27 14:43:00,19800.0,19624.05,17824250,5897450,1.2,185.2,1217250,143450,0.458515,-0.514191,0.00033767,0.00021151,51.011121,81.828668,2023-08-01
27364,2023-07-27 14:43:00,19850.0,19624.05,11768600,2755000,1.05,235.9,558650,28300,0.456016,-0.512675,0.0002805,0.00017377,61.367019,99.61742,2023-08-01
24740,2023-07-27 14:44:00,19400.0,19629.7,448000,5665850,226.6,0.3,10800,435500,,-0.407694,,0.00031564,0.0,53.381747,2023-08-01
19487,2023-07-27 14:44:00,19450.0,19629.7,201650,2559150,175.65,0.4,23100,171000,,-0.413534,,0.00037794,0.0,44.733778,2023-08-01
14231,2023-07-27 14:44:00,19500.0,19629.7,1829400,10241000,126.5,0.55,164250,566200,,-0.420121,,0.00047842,0.0,35.464251,2023-08-01
8974,2023-07-27 14:44:00,19550.0,19629.7,688100,9175050,76.5,1.15,290850,4159450,,-0.431913,,0.00062755,0.0,27.188499,2023-08-01
3714,2023-07-27 14:44:00,19600.0,19629.7,6198100,17738000,33.85,8.15,2634250,7478900,0.546703,-0.46315,0.00088761,0.00064512,19.373605,26.725488,2023-08-01
1082,2023-07-27 14:44:00,19650.0,19629.7,11784900,8714650,9.55,34.15,4745250,2661700,0.503768,-0.494274,0.00071153,0.00055957,24.333798,30.940563,2023-08-01
6344,2023-07-27 14:44:00,19700.0,19629.7,17885750,6080100,2.7,77.6,3886500,980800,0.47678,-0.512129,0.00057465,0.00041575,30.080537,41.628719,2023-08-01
11602,2023-07-27 14:44:00,19750.0,19629.7,11651700,3162600,1.35,126.4,1405750,229000,0.463305,-0.518418,0.00044562,0.0003081,38.691232,56.140229,2023-08-01
16859,2023-07-27 14:44:00,19800.0,19629.7,17824250,5897450,1.05,176.3,1271050,119450,0.457893,-0.51996,0.00035113,0.00024142,49.037383,71.631581,2023-08-01
22113,2023-07-27 14:44:00,19850.0,19629.7,11768600,2755000,1.0,226.1,415350,42000,0.45628,-0.520501,0.00028569,0.00020133,60.243976,85.891382,2023-08-01
27365,2023-07-27 14:44:00,19900.0,19629.7,13558550,2263200,0.85,275.75,467300,40000,0.454195,-0.520813,0.00024647,0.00017498,69.78781,98.819331,2023-08-01
24741,2023-07-27 14:45:00,19400.0,19631.55,449900,5526900,224.7,0.35,19950,472000,,-0.409546,,0.00030438,0.0,55.415962,2023-08-01
19488,2023-07-27 14:45:00,19450.0,19631.55,203950,2642550,174.3,0.4,28850,223800,,-0.414106,,0.00037066,0.0,45.626036,2023-08-01
14232,2023-07-27 14:45:00,19500.0,19631.55,1843450,9909200,124.35,0.5,294000,664100,,-0.419741,,0.00047447,0.0,35.751162,2023-08-01
8975,2023-07-27 14:45:00,19550.0,19631.55,700850,9762200,73.8,0.75,492750,5260450,0.546182,-0.427551,0.0003469,0.0006619,49.577502,25.726564,2023-08-01
3715,2023-07-27 14:45:00,19600.0,19631.55,6811100,18512550,31.25,8.55,3716450,9831250,,-0.463531,,0.00060463,0.0,28.516882,2023-08-01
1083,2023-07-27 14:45:00,19650.0,19631.55,12788100,8340550,8.4,35.5,7224100,4645600,0.504451,-0.492254,0.00078964,0.00049578,21.92586,34.917668,2023-08-01
6345,2023-07-27 14:45:00,19700.0,19631.55,17622750,5794050,2.3,79.6,5934500,1840350,0.475944,-0.50653,0.00060495,0.00035412,28.569589,48.888231,2023-08-01
11603,2023-07-27 14:45:00,19750.0,19631.55,11528250,3091150,1.3,128.5,1623600,297950,0.463644,-0.511081,0.00044964,0.00026327,38.348118,65.741343,2023-08-01
16860,2023-07-27 14:45:00,19800.0,19631.55,17785750,5848550,1.1,178.4,896600,228800,0.45917,-0.511951,0.00034778,0.00020876,49.525191,82.90195,2023-08-01
22114,2023-07-27 14:45:00,19850.0,19631.55,11530500,2739500,1.0,229.1,542600,54250,0.457077,-0.510412,0.00028464,0.00017087,60.477285,101.298553,2023-08-01
27366,2023-07-27 14:45:00,19900.0,19631.55,13435500,2227650,0.9,278.05,308750,47950,0.455697,-0.511122,0.00024324,0.00015179,70.743607,114.025302,2023-08-01
24742,2023-07-27 14:46:00,19400.0,19631.65,449900,5526900,227.85,0.3,22300,357700,,-0.40901,,0.00030671,0.0,54.982313,2023-08-01
19489,2023-07-27 14:46:00,19450.0,19631.65,203950,2642550,178.6,0.4,25450,336050,,-0.414805,,0.00036652,0.0,46.162542,2023-08-01
14233,2023-07-27 14:46:00,19500.0,19631.65,1843450,9909200,128.85,0.5,258100,1270650,,-0.42043,,0.00046908,0.0,36.177396,2023-08-01
8976,2023-07-27 14:46:00,19550.0,19631.65,700850,9762200,78.75,1.0,652950,6059650,,-0.43139,,0.00061954,0.0,27.534876,2023-08-01
3716,2023-07-27 14:46:00,19600.0,19631.65,6811100,18512550,34.9,6.8,5001600,10636750,0.549846,-0.461038,0.00091861,0.00066622,18.702679,25.866956,2023-08-01
1084,2023-07-27 14:46:00,19650.0,19631.65,12788100,8340550,8.9,30.7,8745950,4796300,0.50478,-0.493831,0.00075619,0.00061066,22.896937,28.352207,2023-08-01
6346,2023-07-27 14:46:00,19700.0,19631.65,17622750,5794050,1.85,73.9,7269200,2021400,0.474284,-0.514207,0.00063287,0.00045571,27.303821,37.973036,2023-08-01
11604,2023-07-27 14:46:00,19750.0,19631.65,11528250,3091150,0.8,122.7,2812800,415250,0.459293,-0.521558,0.00048613,0.00033472,35.43366,51.656619,2023-08-01
16861,2023-07-27 14:46:00,19800.0,19631.65,17785750,5848550,0.6,172.7,2374350,266200,0.453474,-0.523081,0.00037896,0.000258,45.381867,67.003711,2023-08-01
22115,2023-07-27 14:46:00,19850.0,19631.65,11530500,2739500,0.6,222.95,1596400,71750,0.452287,-0.52247,0.00030383,0.00020924,56.583149,82.624162,2023-08-01
27367,2023-07-27 14:46:00,19900.0,19631.65,13435500,2227650,0.65,272.85,1207400,87300,0.452899,-0.522179,0.00025202,0.00017945,68.228477,96.344074,2023-08-01
24743,2023-07-27 14:47:00,19400.0,19632.05,449900,5526900,224.6,0.4,17650,286450,,-0.411982,,0.00029235,0.0,57.785553,2023-08-01
19490,2023-07-27 14:47:00,19450.0,19632.05,203950,2642550,174.25,0.4,35550,499350,,-0.415488,,0.00036181,0.0,46.783516,2023-08-01
14234,2023-07-27 14:47:00,19500.0,19632.05,1843450,9909200,125.45,0.55,175400,1621850,,-0.421996,,0.00045615,0.0,37.2344,2023-08-01
8977,2023-07-27 14:47:00,19550.0,19632.05,700850,9762200,75.75,1.15,421150,4098150,,-0.433509,,0.00059353,0.0,28.769213,2023-08-01
3717,2023-07-27 14:47:00,19600.0,19632.05,6811100,18512550,32.5,8.05,3523900,6618800,0.585063,-0.463246,0.00163952,0.0006042,10.320937,28.538822,2023-08-01
1085,2023-07-27 14:47:00,19650.0,19632.05,12788100,8340550,8.1,33.75,6127250,3076000,0.504787,-0.492328,0.00079758,0.00051545,21.709815,33.588796,2023-08-01
6347,2023-07-27 14:47:00,19700.0,19632.05,17622750,5794050,1.8,77.55,5584300,1104800,0.474546,-0.507636,0.00063271,0.00036988,27.313044,46.808446,2023-08-01
11605,2023-07-27 14:47:00,19750.0,19632.05,11528250,3091150,0.85,127.2,1740050,305250,0.460576,-0.511305,0.00047699,0.0002655,36.126413,65.195418,2023-08-01
16862,2023-07-27 14:47:00,19800.0,19632.05,17785750,5848550,0.6,176.95,1484400,136200,0.454256,-0.512353,0.00037549,0.00021084,45.814275,82.091006,2023-08-01
22116,2023-07-27 14:47:00,19850.0,19632.05,11530500,2739500,0.45,227.05,879100,54100,0.450152,-0.511699,0.00031298,0.00017495,54.895903,98.939579,2023-08-01
27368,2023-07-27 14:47:00,19900.0,19632.05,13435500,2227650,0.55,276.7,808850,63350,0.451983,-0.511249,0.00025521,0.00015226,67.359027,113.683955,2023-08-01
24744,2023-07-27 14:48:00,19400.0,19635.4,447950,5443400,228.9,0.35,14400,68950,,-0.411416,,0.00029022,0.0,58.18323,2023-08-01
19491,2023-07-27 14:48:00,19450.0,19635.4,207900,2660750,178.2,0.4,22450,102700,,-0.415967,,0.00035209,0.0,48.082211,2023-08-01
14235,2023-07-27 14:48:00,19500.0,19635.4,1867150,9939000,128.5,0.5,154650,853500,,-0.421562,,0.00044784,0.0,37.913552,2023-08-01
8978,2023-07-27 14:48:00,19550.0,19635.4,747000,10017000,78.6,1.0,289000,2831400,,-0.432336,,0.00058428,0.0,29.207389,2023-08-01
3718,2023-07-27 14:48:00,19600.0,19635.4,7162000,20231050,34.75,6.9,2056400,4968150,,-0.461016,,0.00060872,0.0,28.308653,2023-08-01
1086,2023-07-27 14:48:00,19650.0,19635.4,13701000,8144950,9.05,31.0,3893400,2217100,0.507454,-0.490728,0.00079825,0.00052578,21.687043,32.922985,2023-08-01
6348,2023-07-27 14:48:00,19700.0,19635.4,17211350,5751000,1.85,73.9,3129000,829000,0.475952,-0.507285,0.00064528,0.00038154,26.784129,45.373401,2023-08-01
11606,2023-07-27 14:48:00,19750.0,19635.4,10685950,3061150,0.85,123.2,1069100,222350,0.461511,-0.511722,0.00048282,0.00027402,35.694596,63.160142,2023-08-01
16863,2023-07-27 14:48:00,19800.0,19635.4,16477700,5816050,0.65,172.95,1455700,99300,0.45596,-0.512887,0.00037305,0.00021607,46.131057,80.093136,2023-08-01
22117,2023-07-27 14:48:00,19850.0,19635.4,11092250,2739450,0.5,223.65,592600,27600,0.452139,-0.511179,0.00030915,0.00017513,55.603393,98.832238,2023-08-01
27369,2023-07-27 14:48:00,19900.0,19635.4,13175100,2212450,0.5,273.1,505900,50950,0.451887,-0.511074,0.00025827,0.00015303,66.553477,113.099264,2023-08-01
24745,2023-07-27 14:49:00,19400.0,19634.95,447950,5443400,229.6,0.3,18550,507300,,-0.410995,,0.00029281,0.0,57.660666,2023-08-01
19492,2023-07-27 14:49:00,19450.0,19634.95,207900,2660750,179.3,0.3,27950,191900,,-0.414368,,0.00036195,0.0,46.735846,2023-08-01
14236,2023-07-27 14:49:00,19500.0,19634.95,1867150,9939000,129.6,0.45,134500,650200,,-0.421358,,0.00045084,0.0,37.660402,2023-08-01
8979,2023-07-27 14:49:00,19550.0,19634.95,747000,10017000,80.0,0.75,306500,2233150,,-0.429996,,0.00061207,0.0,27.854989,2023-08-01
3719,2023-07-27 14:49:00,19600.0,19634.95,7162000,20231050,35.4,5.9,2541650,6337500,0.581978,-0.459583,0.00148814,0.0006488,11.389698,26.552686,2023-08-01
1087,2023-07-27 14:49:00,19650.0,19634.95,13701000,8144950,9.1,29.35,4623100,2888650,0.507177,-0.491439,0.00077725,0.0005687,22.275529,30.442134,2023-08-01
6349,2023-07-27 14:49:00,19700.0,19634.95,17211350,5751000,1.9,72.15,3217050,953650,0.476535,-0.510026,0.00063008,0.00041676,27.435452,41.53707,2023-08-01
11607,2023-07-27 14:49:00,19750.0,19634.95,10685950,3061150,0.9,121.4,1072950,238200,0.462687,-0.515226,0.00047082,0.00029695,36.618347,58.272013,2023-08-01
16864,2023-07-27 14:49:00,19800.0,19634.95,16477700,5816050,0.65,171.3,859300,165550,0.456725,-0.516403,0.00036783,0.000231,46.799635,74.898418,2023-08-01
22118,2023-07-27 14:49:00,19850.0,19634.95,11092250,2739450,0.6,219.8,393400,38950,0.45488,-0.519972,0.00029739,0.00020307,57.854677,85.167897,2023-08-01
27370,2023-07-27 14:49:00,19900.0,19634.95,13175100,2212450,0.55,269.95,458300,24250,0.453832,-0.51873,0.00025171,0.00017191,68.33291,100.617472,2023-08-01
24746,2023-07-27 14:50:00,19400.0,19636.5,447950,5443400,228.9,0.4,17550,295600,,-0.41378,,0.00027767,0.0,60.900453,2023-08-01
19493,2023-07-27 14:50:00,19450.0,19636.5,207900,2660750,178.2,0.4,24050,368800,,-0.417339,,0.00034216,0.0,49.518514,2023-08-01
14237,2023-07-27 14:50:00,19500.0,19636.5,1867150,9939000,128.95,0.5,243050,1087900,,-0.422913,,0.00043442,0.0,39.113924,2023-08-01
8980,2023-07-27 14:50:00,19550.0,19636.5,747000,10017000,79.7,0.8,355300,4550250,,-0.43123,,0.00058898,0.0,28.962392,2023-08-01
3720,2023-07-27 14:50:00,19600.0,19636.5,7162000,20231050,34.55,6.25,3421150,8767400,,-0.460283,,0.0006101,0.0,28.241845,2023-08-01
1088,2023-07-27 14:50:00,19650.0,19636.5,13701000,8144950,8.25,30.45,6310950,4029000,0.508229,-0.489989,0.00085034,0.00051086,20.359478,33.885333,2023-08-01
6350,2023-07-27 14:50:00,19700.0,19636.5,17211350,5751000,1.5,74.15,6877400,1222950,0.475207,-0.504905,0.0006715,0.00035564,25.737692,48.686614,2023-08-01
11608,2023-07-27 14:50:00,19750.0,19636.5,10685950,3061150,0.95,123.6,2019150,344450,0.464001,-0.508495,0.00046578,0.000255,37.025052,67.89171,2023-08-01
16865,2023-07-27 14:50:00,19800.0,19636.5,16477700,5816050,0.8,173.5,1156550,186100,0.459659,-0.508991,0.00035464,0.00020078,48.577164,86.224607,2023-08-01
22119,2023-07-27 14:50:00,19850.0,19636.5,11092250,2739450,0.7,223.8,444500,47750,0.457369,-0.507744,0.00028917,0.00016545,59.54127,104.638747,2023-08-01
27371,2023-07-27 14:50:00,19900.0,19636.5,13175100,2212450,0.55,272.75,706750,59900,0.454776,-0.508178,0.00024996,0.00014663,68.830057,118.071713,2023-08-01
24747,2023-07-27 14:51:00,19400.0,19627.4,443300,5442150,219.1,0.5,20050,312950,,-0.416785,,0.00027583,0.0,61.440742,2023-08-01
19494,2023-07-27 14:51:00,19450.0,19627.4,207100,2595650,169.35,0.5,26050,306050,,-0.420524,,0.00034247,0.0,49.581772,2023-08-01
14238,2023-07-27 14:51:00,19500.0,19627.4,1827850,9770650,119.45,0.6,231600,1279450,,-0.42595,,0.00044264,0.0,38.465194,2023-08-01
8981,2023-07-27 14:51:00,19550.0,19627.4,735600,9559350,69.55,1.0,482100,4504300,,-0.434934,,0.00060996,0.0,28.025478,2023-08-01
3721,2023-07-27 14:51:00,19600.0,19627.4,7120400,20588650,27.0,8.6,3943950,9830600,,-0.466158,,0.00060193,0.0,28.679719,2023-08-01
1089,2023-07-27 14:51:00,19650.0,19627.4,14510300,8088750,5.7,37.45,6943650,4404900,0.500777,-0.493855,0.00082401,0.00047505,21.025796,36.466369,2023-08-01
6351,2023-07-27 14:51:00,19700.0,19627.4,17449350,5640950,1.1,83.1,4501500,1459200,0.471087,-0.505559,0.00064036,0.000327,26.984535,52.977302,2023-08-01
11609,2023-07-27 14:51:00,19750.0,19627.4,10485750,2914950,0.85,132.75,1167400,311500,0.46293,-0.508083,0.00044038,0.00023915,39.171984,72.432018,2023-08-01
16866,2023-07-27 14:51:00,19800.0,19627.4,16013850,5788700,0.85,182.25,1265500,214000,0.460831,-0.50882,0.00033155,0.00019315,52.003723,89.679043,2023-08-01
22120,2023-07-27 14:51:00,19850.0,19627.4,10828150,2747350,0.75,232.4,818700,49050,0.458933,-0.507609,0.00027293,0.00016092,63.143453,107.644499,2023-08-01
27372,2023-07-27 14:51:00,19900.0,19627.4,12780900,2204400,0.7,282.85,854200,75250,0.458367,-0.505333,0.0002321,0.00013751,74.239455,125.985384,2023-08-01
24748,2023-07-27 14:52:00,19350.0,19622.45,49850,1443250,267.75,0.35,1700,117150,,-0.411765,,0.00024286,0.0,69.609095,2023-08-01
19495,2023-07-27 14:52:00,19400.0,19622.45,443300,5442150,217.6,0.4,19300,177300,,-0.416204,,0.00028595,0.0,59.267304,2023-08-01
14239,2023-07-27 14:52:00,19450.0,19622.45,207100,2595650,167.2,0.5,36450,338950,,-0.421613,,0.0003466,0.0,49.035227,2023-08-01
8982,2023-07-27 14:52:00,19500.0,19622.45,1827850,9770650,117.65,0.65,210900,488650,,-0.427764,,0.00044627,0.0,38.196543,2023-08-01
3722,2023-07-27 14:52:00,19550.0,19622.45,735600,9559350,67.8,1.0,475650,4447500,,-0.435994,,0.00063493,0.0,26.943698,2023-08-01
1090,2023-07-27 14:52:00,19600.0,19622.45,7120400,20588650,25.65,8.7,4312550,9395150,0.546424,-0.467807,0.00106064,0.00064719,16.229315,26.691742,2023-08-01
6352,2023-07-27 14:52:00,19650.0,19622.45,14510300,8088750,5.15,38.5,7761600,4081750,0.497631,-0.497419,0.00076717,0.00052114,22.590571,33.255213,2023-08-01
11610,2023-07-27 14:52:00,19700.0,19622.45,17449350,5640950,1.0,84.75,3417550,1305550,0.469921,-0.51006,0.0006118,0.0003575,28.247146,48.462431,2023-08-01
16867,2023-07-27 14:52:00,19750.0,19622.45,10485750,2914950,0.7,134.25,914250,307550,0.461479,-0.513278,0.00043475,0.00026214,39.67829,66.077911,2023-08-01
22121,2023-07-27 14:52:00,19800.0,19622.45,16013850,5788700,0.7,184.65,967450,223700,0.459583,-0.512636,0.00032952,0.00020406,52.324799,84.888728,2023-08-01
27373,2023-07-27 14:52:00,19850.0,19622.45,10828150,2747350,0.65,234.55,583750,33500,0.458349,-0.511988,0.00027004,0.00017098,63.829996,101.317434,2023-08-01
24749,2023-07-27 14:53:00,19350.0,19620.2,49850,1443250,268.6,0.3,1650,134900,,-0.411604,,0.00024601,0.0,68.724188,2023-08-01
19496,2023-07-27 14:53:00,19400.0,19620.2,443300,5442150,216.15,0.4,16400,133900,,-0.417094,,0.00028483,0.0,59.538305,2023-08-01
14240,2023-07-27 14:53:00,19450.0,19620.2,207100,2595650,166.25,0.5,29750,132150,,-0.422507,,0.00034607,0.0,49.141178,2023-08-01
8983,2023-07-27 14:53:00,19500.0,19620.2,1827850,9770650,116.0,0.65,237550,679150,,-0.428655,,0.00044748,0.0,38.1166,2023-08-01
3723,2023-07-27 14:53:00,19550.0,19620.2,735600,9559350,66.35,1.1,377150,4043300,,-0.437841,,0.00063014,0.0,27.173806,2023-08-01
1091,2023-07-27 14:53:00,19600.0,19620.2,7120400,20588650,24.5,9.1,2893450,6860450,0.541084,-0.469151,0.00097526,0.0006515,17.679642,26.527035,2023-08-01
6353,2023-07-27 14:53:00,19650.0,19620.2,14510300,8088750,4.65,39.25,6627400,2641350,0.496106,-0.499025,0.00075664,0.00053739,22.908414,32.25642,2023-08-01
11611,2023-07-27 14:53:00,19700.0,19620.2,17449350,5640950,1.0,85.65,3201450,917700,0.470136,-0.512161,0.00059014,0.00037148,29.290573,46.640432,2023-08-01
16868,2023-07-27 14:53:00,19750.0,19620.2,10485750,2914950,0.7,135.3,1313750,216900,0.462102,-0.51525,0.00042288,0.0002703,40.805596,64.083075,2023-08-01
22122,2023-07-27 14:53:00,19800.0,19620.2,16013850,5788700,0.55,185.4,696000,162900,0.458032,-0.51521,0.00033351,0.00021233,51.687466,81.580051,2023-08-01
27374,2023-07-27 14:53:00,19850.0,19620.2,10828150,2747350,0.55,235.3,310550,24750,0.457598,-0.51466,0.00027055,0.0001776,63.707469,97.534654,2023-08-01
24750,2023-07-27 14:54:00,19350.0,19614.85,51050,1450150,263.6,0.35,3950,113900,,-0.413736,,0.00024267,0.0,69.779742,2023-08-01
19497,2023-07-27 14:54:00,19400.0,19614.85,432800,5425700,213.25,0.4,26100,309050,,-0.418216,,0.00028725,0.0,59.093736,2023-08-01
14241,2023-07-27 14:54:00,19450.0,19614.85,210050,2574450,164.0,0.45,39850,368700,,-0.422829,,0.00035633,0.0,47.750236,2023-08-01
8984,2023-07-27 14:54:00,19500.0,19614.85,1835050,9767300,114.65,0.65,265200,1106500,,-0.429807,,0.00045878,0.0,37.209205,2023-08-01
3724,2023-07-27 14:54:00,19550.0,19614.85,864700,10317650,65.1,1.6,583100,7399550,0.584331,-0.442893,0.00095779,0.00060828,17.698362,28.214376,2023-08-01
1092,2023-07-27 14:54:00,19600.0,19614.85,7951500,20443950,23.6,10.05,4691500,11981300,0.52973,-0.471989,0.00074996,0.00067993,23.057306,25.439808,2023-08-01
6354,2023-07-27 14:54:00,19650.0,19614.85,15246500,7091200,4.4,40.65,9276800,4364350,0.493704,-0.504508,0.00069174,0.00062541,25.064319,27.724237,2023-08-01
11612,2023-07-27 14:54:00,19700.0,19614.85,15803250,5266450,0.9,87.45,3309300,1680500,0.469048,-0.521696,0.00056415,0.00045369,30.64417,38.163466,2023-08-01
16869,2023-07-27 14:54:00,19750.0,19614.85,9720200,2823750,0.65,137.4,1288650,423750,0.461909,-0.52494,0.00040823,0.00032031,42.282333,54.029191,2023-08-01
22123,2023-07-27 14:54:00,19800.0,19614.85,15537300,5716500,0.55,186.95,1297350,292200,0.458842,-0.528013,0.00032096,0.00026062,53.737723,66.368764,2023-08-01
27375,2023-07-27 14:54:00,19850.0,19614.85,10529150,2724950,0.55,237.15,395250,47800,0.458589,-0.526533,0.00026175,0.00021105,65.888608,81.978206,2023-08-01
24751,2023-07-27 14:55:00,19350.0,19617.15,51050,1450150,266.9,0.4,1700,69600,,-0.415172,,0.00023369,0.0,72.513763,2023-08-01
19498,2023-07-27 14:55:00,19400.0,19617.15,432800,5425700,218.65,0.45,12650,446800,0.572792,-0.41961,0.0002341,0.00027643,72.831679,61.447882,2023-08-01
14242,2023-07-27 14:55:00,19450.0,19617.15,210050,2574450,168.3,0.5,26300,291100,0.570395,-0.424208,0.00030655,0.00034219,55.679025,49.753921,2023-08-01
8985,2023-07-27 14:55:00,19500.0,19617.15,1835050,9767300,119.7,0.75,170500,1047000,0.558598,-0.431567,0.00034579,0.00043467,49.602429,39.302499,2023-08-01
3725,2023-07-27 14:55:00,19550.0,19617.15,864700,10317650,70.55,1.95,406600,7382200,0.549615,-0.445275,0.0004849,0.00055697,35.481466,30.838073,2023-08-01
1093,2023-07-27 14:55:00,19600.0,19617.15,7951500,20443950,27.6,9.2,3025700,8663600,0.528223,-0.470612,0.0006263,0.00067253,27.615882,25.712081,2023-08-01
6355,2023-07-27 14:55:00,19650.0,19617.15,15246500,7091200,5.4,37.1,6260000,2677500,0.496235,-0.505181,0.00065289,0.00071185,26.556678,24.355862,2023-08-01
11613,2023-07-27 14:55:00,19700.0,19617.15,15803250,5266450,0.95,82.95,1975000,1041000,0.470454,-0.540916,0.00056282,0.00071246,30.723291,24.209222,2023-08-01
16870,2023-07-27 14:55:00,19750.0,19617.15,9720200,2823750,0.7,132.7,1225250,294900,0.463508,,0.00040359,,42.782828,0.0,2023-08-01
22124,2023-07-27 14:55:00,19800.0,19617.15,15537300,5716500,0.6,183.0,805400,232250,0.460629,-0.546351,0.00031593,0.00035007,54.616201,49.196152,2023-08-01
27376,2023-07-27 14:55:00,19850.0,19617.15,10529150,2724950,0.5,232.4,596150,120300,0.458643,,0.00026374,,65.390332,0.0,2023-08-01
24752,2023-07-27 14:56:00,19350.0,19616.2,51050,1450150,266.85,0.35,650,107250,0.58234,-0.415115,0.00022328,0.00023499,76.005625,72.118528,2023-08-01
19499,2023-07-27 14:56:00,19400.0,19616.2,432800,5425700,215.8,0.35,18450,331400,,-0.418697,,0.00028266,0.0,60.071442,2023-08-01
14243,2023-07-27 14:56:00,19450.0,19616.2,210050,2574450,165.7,0.4,27850,198450,,-0.423359,,0.0003498,0.0,48.657019,2023-08-01
8986,2023-07-27 14:56:00,19500.0,19616.2,1835050,9767300,116.55,0.65,229700,613050,0.577747,-0.431156,0.00051603,0.00044188,32.964906,38.658574,2023-08-01
3726,2023-07-27 14:56:00,19550.0,19616.2,864700,10317650,66.95,1.55,409550,6419150,0.565582,-0.443655,0.00070862,0.00058667,24.140574,29.263643,2023-08-01
1094,2023-07-27 14:56:00,19600.0,19616.2,7951500,20443950,24.5,9.45,3641350,9457850,0.53017,-0.471409,0.00072825,0.00066634,23.744188,25.95789,2023-08-01
6356,2023-07-27 14:56:00,19650.0,19616.2,15246500,7091200,4.05,39.5,5868150,2625950,0.494158,-0.503326,0.00071116,0.00061269,24.382103,28.302459,2023-08-01
11614,2023-07-27 14:56:00,19700.0,19616.2,15803250,5266450,0.85,86.25,2435050,1095850,0.470008,-0.519892,0.00056166,0.00043994,30.787846,39.368518,2023-08-01
16871,2023-07-27 14:56:00,19750.0,19616.2,9720200,2823750,0.75,135.95,1251650,273900,0.464913,-0.523989,0.00039107,0.00031699,44.171471,54.606436,2023-08-01
22125,2023-07-27 14:56:00,19800.0,19616.2,15537300,5716500,0.55,186.2,858150,144600,0.46072,-0.523287,0.00031405,0.00024174,54.950955,71.614445,2023-08-01
27377,2023-07-27 14:56:00,19850.0,19616.2,10529150,2724950,0.5,235.5,634550,35150,0.459678,-0.526559,0.00025912,0.00021205,66.581237,81.597451,2023-08-01
24753,2023-07-27 14:57:00,19350.0,19609.9,53700,1454250,256.75,0.35,3000,124300,,-0.416304,,0.00023662,0.0,71.696339,2023-08-01
19500,2023-07-27 14:57:00,19400.0,19609.9,442800,5387300,207.45,0.35,22850,231500,,-0.41993,,0.00028598,0.0,59.435625,2023-08-01
14244,2023-07-27 14:57:00,19450.0,19609.9,213300,2545900,156.6,0.4,69950,167650,,-0.424622,,0.00035656,0.0,47.783181,2023-08-01
8987,2023-07-27 14:57:00,19500.0,19609.9,1823850,9879900,107.35,0.7,324800,1486400,,-0.433041,,0.00045074,0.0,37.944891,2023-08-01
3727,2023-07-27 14:57:00,19550.0,19609.9,953200,11500800,58.4,1.8,707900,7429850,,-0.446427,,0.00060144,0.0,28.583861,2023-08-01
1095,2023-07-27 14:57:00,19600.0,19609.9,8443600,18929300,17.65,11.55,6193150,13540300,0.529118,-0.475595,0.00089525,0.00066791,19.326303,25.924923,2023-08-01
6357,2023-07-27 14:57:00,19650.0,19609.9,15755500,6606550,2.4,46.5,10502300,4043100,0.488472,-0.503971,0.00075113,0.00052155,23.086205,33.260802,2023-08-01
11615,2023-07-27 14:57:00,19700.0,19609.9,14781750,5004500,0.75,94.65,2906650,1510200,0.468847,-0.513664,0.00053399,0.00034916,32.388279,49.655623,2023-08-01
16872,2023-07-27 14:57:00,19750.0,19609.9,9261550,2770250,0.6,144.75,734350,345550,0.463453,-0.514843,0.00038432,0.00025283,44.950313,68.567037,2023-08-01
22126,2023-07-27 14:57:00,19800.0,19609.9,15140200,5644300,0.6,195.15,857300,235950,0.462452,-0.513406,0.00029699,0.00019758,58.15454,87.751649,2023-08-01
27378,2023-07-27 14:57:00,19850.0,19609.9,10263950,2723500,0.6,245.3,738200,55100,0.462571,-0.511751,0.00024349,0.00016456,70.934067,105.3763,2023-08-01
24754,2023-07-27 14:58:00,19350.0,19604.9,53700,1454250,251.5,0.3,3650,70450,,-0.416468,,0.00024165,0.0,70.234895,2023-08-01
19501,2023-07-27 14:58:00,19400.0,19604.9,442800,5387300,202.45,0.4,22600,749850,,-0.42197,,0.00028288,0.0,60.168982,2023-08-01
14245,2023-07-27 14:58:00,19450.0,19604.9,213300,2545900,152.75,0.45,49250,422550,,-0.426664,,0.00035519,0.0,48.02994,2023-08-01
8988,2023-07-27 14:58:00,19500.0,19604.9,1823850,9879900,103.4,0.75,277550,2046850,,-0.434781,,0.00045616,0.0,37.533199,2023-08-01
3728,2023-07-27 14:58:00,19550.0,19604.9,953200,11500800,54.45,1.9,751550,6217300,,-0.448111,,0.00062337,0.0,27.602727,2023-08-01
1096,2023-07-27 14:58:00,19600.0,19604.9,8443600,18929300,15.35,12.5,5674250,11709350,0.523569,-0.478347,0.00083347,0.00071082,20.784586,24.377729,2023-08-01
6358,2023-07-27 14:58:00,19650.0,19604.9,15755500,6606550,1.95,49.2,8184250,3351650,0.485663,-0.508439,0.00072402,0.00056664,23.953197,30.618762,2023-08-01
11616,2023-07-27 14:58:00,19700.0,19604.9,14781750,5004500,0.7,98.55,1730600,1124500,0.468453,-0.51628,0.00050938,0.00035708,33.961534,48.558482,2023-08-01
16873,2023-07-27 14:58:00,19750.0,19604.9,9261550,2770250,0.65,148.85,1175550,300500,0.46489,-0.51668,0.00036299,0.00025587,47.622538,67.763789,2023-08-01
22127,2023-07-27 14:58:00,19800.0,19604.9,15140200,5644300,0.6,198.8,616600,279500,0.463422,-0.516429,0.00028616,0.00020493,60.387506,84.609837,2023-08-01
27379,2023-07-27 14:58:00,19850.0,19604.9,10263950,2723500,0.55,249.45,424550,53400,0.462852,-0.513099,0.00023849,0.00016599,72.448911,104.492825,2023-08-01
24755,2023-07-27 14:59:00,19350.0,19606.3,53700,1454250,256.0,0.35,2350,57600,,-0.41807,,0.00023243,0.0,73.081415,2023-08-01
19502,2023-07-27 14:59:00,19400.0,19606.3,442800,5387300,206.1,0.35,23400,692300,,-0.421771,,0.00028172,0.0,60.411698,2023-08-01
14246,2023-07-27 14:59:00,19450.0,19606.3,213300,2545900,156.65,0.4,32900,372400,0.577287,-0.426499,0.00037824,0.00035282,45.016612,48.34906,2023-08-01
8989,2023-07-27 14:59:00,19500.0,19606.3,1823850,9879900,106.55,0.55,305400,1992400,0.578431,-0.432873,0.00056842,0.00046779,29.937866,36.57061,2023-08-01
3729,2023-07-27 14:59:00,19550.0,19606.3,953200,11500800,57.8,1.8,802500,5862400,0.554611,-0.448028,0.00065162,0.00061089,26.381524,28.165833,2023-08-01
1097,2023-07-27 14:59:00,19600.0,19606.3,8443600,18929300,17.15,11.55,5139350,10142400,0.523441,-0.477269,0.00075925,0.00071601,22.816854,24.197341,2023-08-01
6359,2023-07-27 14:59:00,19650.0,19606.3,15755500,6606550,2.8,47.3,6915600,2232700,0.489114,-0.508742,0.00065386,0.00059529,26.530558,29.144466,2023-08-01
11617,2023-07-27 14:59:00,19700.0,19606.3,14781750,5004500,0.85,95.65,1867050,877300,0.470962,-0.521051,0.00049009,0.00040761,35.315563,42.514557,2023-08-01
16874,2023-07-27 14:59:00,19750.0,19606.3,9261550,2770250,0.8,145.85,1205600,363050,0.467722,-0.521935,0.00034842,0.00028671,49.643908,60.435874,2023-08-01
22128,2023-07-27 14:59:00,19800.0,19606.3,15140200,5644300,0.65,195.7,1263850,169350,0.465196,-0.52261,0.00028016,0.0002295,61.705637,75.494944,2023-08-01
27380,2023-07-27 14:59:00,19850.0,19606.3,10263950,2723500,0.55,246.05,538250,93550,0.463947,-0.519838,0.00023596,0.00018541,73.243841,93.478806,2023-08-01
24756,2023-07-27 15:00:00,19400.0,19629.2,463500,5612250,226.0,0.3,74350,376300,,-0.419922,,0.00025749,0.0,65.961399,2023-08-01
19503,2023-07-27 15:00:00,19450.0,19629.2,228050,2557700,175.75,0.3,110400,374500,,-0.423613,,0.00032012,0.0,53.154103,2023-08-01
14247,2023-07-27 15:00:00,19500.0,19629.2,1897250,9901500,126.1,0.45,695100,1689100,,-0.430304,,0.00040235,0.0,42.423821,2023-08-01
8990,2023-07-27 15:00:00,19550.0,19629.2,1109500,11789650,76.45,0.7,1838950,8503150,,-0.437828,,0.00056401,0.0,30.360638,2023-08-01
3730,2023-07-27 15:00:00,19600.0,19629.2,10025500,19409250,29.2,3.55,13709600,22136150,,-0.459024,,0.00076038,0.0,22.677082,2023-08-01
1098,2023-07-27 15:00:00,19650.0,19629.2,15797350,5605450,4.4,28.9,14330550,5629800,0.501972,-0.495482,0.00085394,0.00062039,20.299326,27.939613,2023-08-01
6360,2023-07-27 15:00:00,19700.0,19629.2,13221450,4767650,1.15,76.0,5753700,1937150,0.476902,-0.5093,0.00056809,0.00037717,30.462604,45.946697,2023-08-01
11618,2023-07-27 15:00:00,19750.0,19629.2,8613900,2652500,0.95,125.2,1980900,524950,0.470929,-0.513224,0.00038408,0.00027277,45.012507,63.515397,2023-08-01
16875,2023-07-27 15:00:00,19800.0,19629.2,14648900,5562400,0.8,176.4,1236750,366750,0.468225,-0.50998,0.00029686,0.00019894,58.208254,87.106125,2023-08-01
22129,2023-07-27 15:00:00,19850.0,19629.2,9899950,2691600,0.65,226.25,659800,103100,0.466388,-0.50895,0.00024673,0.00016549,70.007932,104.722149,2023-08-01
27381,2023-07-27 15:00:00,19900.0,19629.2,11538850,2081000,0.55,275.1,422750,157500,0.465544,-0.510373,0.00021215,0.00014923,81.403466,116.119309,2023-08-01
24757,2023-07-27 15:01:00,19400.0,19633.8,463500,5612250,231.05,0.3,48700,411500,,-0.420397,,0.00024885,0.0,68.256952,2023-08-01
19504,2023-07-27 15:01:00,19450.0,19633.8,228050,2557700,180.35,0.25,60400,308500,,-0.422946,,0.00031502,0.0,53.988239,2023-08-01
14248,2023-07-27 15:01:00,19500.0,19633.8,1897250,9901500,130.3,0.3,436650,1125350,,-0.427844,,0.00040659,0.0,41.927772,2023-08-01
8991,2023-07-27 15:01:00,19550.0,19633.8,1109500,11789650,80.3,0.5,1128250,5028750,,-0.435412,,0.00056136,0.0,30.468976,2023-08-01
3731,2023-07-27 15:01:00,19600.0,19633.8,10025500,19409250,32.7,2.5,8883700,17286950,,-0.455001,,0.00077126,0.0,22.328846,2023-08-01
1099,2023-07-27 15:01:00,19650.0,19633.8,15797350,5605450,4.3,23.15,14556050,6326650,0.505493,-0.493531,0.00096709,0.00074066,17.919818,23.397391,2023-08-01
6361,2023-07-27 15:01:00,19700.0,19633.8,13221450,4767650,1.2,70.15,6526300,1803450,0.478589,-0.510987,0.00058332,0.00042332,29.669632,40.926572,2023-08-01
11619,2023-07-27 15:01:00,19750.0,19633.8,8613900,2652500,0.8,120.85,1854600,348000,0.47046,-0.511839,0.00040192,0.00027187,43.004346,63.721022,2023-08-01
16876,2023-07-27 15:01:00,19800.0,19633.8,14648900,5562400,0.7,171.0,1376600,294450,0.468003,-0.511195,0.00030502,0.00020753,56.638647,83.481191,2023-08-01
22130,2023-07-27 15:01:00,19850.0,19633.8,9899950,2691600,0.7,221.1,615050,69000,0.468153,-0.509584,0.00024438,0.00016952,70.696603,102.208861,2023-08-01
27382,2023-07-27 15:01:00,19900.0,19633.8,11538850,2081000,0.6,270.7,488700,77900,0.467506,-0.508867,0.00020927,0.00014731,82.547095,117.626408,2023-08-01
24758,2023-07-27 15:02:00,19400.0,19628.15,463500,5612250,224.0,0.25,71000,239200,0.579871,-0.420577,0.00025787,0.00025555,65.883376,66.497904,2023-08-01
19505,2023-07-27 15:02:00,19450.0,19628.15,228050,2557700,173.9,0.3,87100,97950,,-0.425402,,0.00031119,0.0,54.738956,2023-08-01
14249,2023-07-27 15:02:00,19500.0,19628.15,1897250,9901500,124.0,0.35,304550,1400350,,-0.430255,,0.00040624,0.0,42.024846,2023-08-01
8992,2023-07-27 15:02:00,19550.0,19628.15,1109500,11789650,73.65,0.5,769850,3943550,,-0.436654,,0.00058487,0.0,29.269596,2023-08-01
3732,2023-07-27 15:02:00,19600.0,19628.15,10025500,19409250,26.25,2.9,6498550,13175450,,-0.457831,,0.00081108,0.0,21.256865,2023-08-01
1100,2023-07-27 15:02:00,19650.0,19628.15,15797350,5605450,2.15,29.7,16220300,5528750,0.499138,-0.495776,0.00107574,0.00059679,16.117259,29.050209,2023-08-01
6362,2023-07-27 15:02:00,19700.0,19628.15,13221450,4767650,0.65,78.45,5152200,1352250,0.473662,-0.505883,0.00060791,0.00033312,28.458539,52.04208,2023-08-01
11620,2023-07-27 15:02:00,19750.0,19628.15,8613900,2652500,0.65,128.2,1313850,344650,0.469308,-0.507466,0.00039329,0.00023661,43.953813,73.263144,2023-08-01
16877,2023-07-27 15:02:00,19800.0,19628.15,14648900,5562400,0.55,178.15,890550,177900,0.466829,-0.506678,0.00030224,0.00018565,57.165836,93.377953,2023-08-01
22131,2023-07-27 15:02:00,19850.0,19628.15,9899950,2691600,0.55,228.55,542500,63650,0.467091,-0.50403,0.00024321,0.00015156,71.043952,114.391402,2023-08-01
27383,2023-07-27 15:02:00,19900.0,19628.15,11538850,2081000,0.55,277.9,389600,78950,0.468035,-0.503294,0.00020441,0.00013341,84.547412,129.951695,2023-08-01
24759,2023-07-27 15:03:00,19400.0,19627.05,485100,5510700,216.45,0.3,38550,220950,,-0.422536,,0.0002467,0.0,68.959349,2023-08-01
19506,2023-07-27 15:03:00,19450.0,19627.05,223000,2496500,167.3,0.25,69550,138800,,-0.425225,,0.00031452,0.0,54.160284,2023-08-01
14250,2023-07-27 15:03:00,19500.0,19627.05,1763650,10192950,116.45,0.3,297950,354650,,-0.430153,,0.00041077,0.0,41.564664,2023-08-01
8993,2023-07-27 15:03:00,19550.0,19627.05,870000,9601600,66.85,0.35,731250,2448500,,-0.434643,,0.0006161,0.0,27.766312,2023-08-01
3733,2023-07-27 15:03:00,19600.0,19627.05,8514250,20162300,19.05,2.9,6652950,13189300,,-0.458506,,0.00081694,0.0,21.110791,2023-08-01
1101,2023-07-27 15:03:00,19650.0,19627.05,17159300,6352850,1.25,35.1,13913650,5069850,0.496698,-0.49334,0.00122357,0.00044666,14.171236,38.816756,2023-08-01
6363,2023-07-27 15:03:00,19700.0,19627.05,13148600,4662250,0.45,84.75,2728100,1052800,0.471569,-0.498675,0.00062933,0.00025909,27.483146,66.926219,2023-08-01
11621,2023-07-27 15:03:00,19750.0,19627.05,8343450,2610050,0.45,134.35,1325550,237950,0.467176,-0.498877,0.00040618,0.0001912,42.545685,90.692178,2023-08-01
16878,2023-07-27 15:03:00,19800.0,19627.05,14165900,5476200,0.4,184.75,1538500,218500,0.465163,-0.496527,0.00030889,0.00015106,55.9225,114.782018,2023-08-01
22132,2023-07-27 15:03:00,19850.0,19627.05,9656000,2671850,0.4,234.8,430250,66850,0.465424,-0.493937,0.00024831,0.00012684,69.571372,136.693988,2023-08-01
27384,2023-07-27 15:03:00,19900.0,19627.05,11288950,2055100,0.45,284.3,636450,64750,0.467454,-0.491842,0.00020541,0.00011136,84.134412,155.672881,2023-08-01
24760,2023-07-27 15:04:00,19400.0,19632.1,485100,5510700,224.7,0.25,27700,173850,,-0.422,,0.00024275,0.0,70.04826,2023-08-01
19507,2023-07-27 15:04:00,19450.0,19632.1,223000,2496500,174.2,0.25,31050,207250,,-0.425755,,0.00030122,0.0,56.556257,2023-08-01
14251,2023-07-27 15:04:00,19500.0,19632.1,1763650,10192950,124.1,0.25,231750,1230400,,-0.429481,,0.00039944,0.0,42.722555,2023-08-01
8994,2023-07-27 15:04:00,19550.0,19632.1,870000,9601600,74.0,0.3,695950,2444900,,-0.434106,,0.00058687,0.0,29.137321,2023-08-01
3734,2023-07-27 15:04:00,19600.0,19632.1,8514250,20162300,25.3,1.6,5652650,12071500,,-0.452,,0.0008694,0.0,19.796628,2023-08-01
1102,2023-07-27 15:04:00,19650.0,19632.1,17159300,6352850,1.75,28.15,12429600,3881950,0.502738,-0.492618,0.00126886,0.00053504,13.663014,32.397454,2023-08-01
6364,2023-07-27 15:04:00,19700.0,19632.1,13148600,4662250,0.4,77.0,2139500,1002550,0.47238,-0.501084,0.00066879,0.000295,25.860449,58.768929,2023-08-01
11622,2023-07-27 15:04:00,19750.0,19632.1,8343450,2610050,0.4,126.75,1001700,366100,0.467452,-0.501762,0.00042046,0.00021032,41.09582,82.431846,2023-08-01
16879,2023-07-27 15:04:00,19800.0,19632.1,14165900,5476200,0.3,177.45,1556100,153700,0.463967,-0.499114,0.00032323,0.00016164,53.416908,107.253479,2023-08-01
22133,2023-07-27 15:04:00,19850.0,19632.1,9656000,2671850,0.3,227.25,429050,42150,0.464133,-0.497068,0.00025788,0.00013549,66.956153,127.957926,2023-08-01
27385,2023-07-27 15:04:00,19900.0,19632.1,11288950,2055100,0.3,277.7,1111500,37400,0.465021,-0.493514,0.00021547,0.0001153,80.151179,150.338621,2023-08-01
24761,2023-07-27 15:05:00,19400.0,19636.45,485100,5510700,227.55,0.15,14200,335900,,-0.419874,,0.00024805,0.0,68.466928,2023-08-01
19508,2023-07-27 15:05:00,19450.0,19636.45,223000,2496500,177.0,0.15,40350,249050,,-0.423403,,0.00030722,0.0,55.380326,2023-08-01
14252,2023-07-27 15:05:00,19500.0,19636.45,1763650,10192950,127.25,0.1,209950,1270700,,-0.424256,,0.00042491,0.0,40.057493,2023-08-01
8995,2023-07-27 15:05:00,19550.0,19636.45,870000,9601600,76.85,0.25,522700,2253150,,-0.43348,,0.00056574,0.0,30.213092,2023-08-01
3735,2023-07-27 15:05:00,19600.0,19636.45,8514250,20162300,28.6,0.75,4657900,11151700,,-0.444501,,0.00094274,0.0,18.208899,2023-08-01
1103,2023-07-27 15:05:00,19650.0,19636.45,17159300,6352850,2.05,24.5,10011250,3503150,0.508454,-0.490471,0.00138781,0.00055329,12.487517,31.32057,2023-08-01
6365,2023-07-27 15:05:00,19700.0,19636.45,13148600,4662250,0.4,73.15,1783900,827500,0.473966,-0.499752,0.00069302,0.0002944,24.959268,58.879459,2023-08-01
11623,2023-07-27 15:05:00,19750.0,19636.45,8343450,2610050,0.25,123.75,1322050,223100,0.465179,-0.499155,0.00045528,0.00020142,37.928533,86.058173,2023-08-01
16880,2023-07-27 15:05:00,19800.0,19636.45,14165900,5476200,0.3,174.2,1338200,136250,0.465174,-0.496702,0.00032433,0.00015602,53.242672,111.100284,2023-08-01
22134,2023-07-27 15:05:00,19850.0,19636.45,9656000,2671850,0.25,224.0,631050,64150,0.463875,-0.494409,0.00026324,0.00013056,65.580093,132.751158,2023-08-01
27386,2023-07-27 15:05:00,19900.0,19636.45,11288950,2055100,0.25,273.9,511450,29700,0.464759,-0.491607,0.00021905,0.00011274,78.824742,153.719028,2023-08-01
24762,2023-07-27 15:06:00,19400.0,19646.25,487700,5439750,240.85,0.1,24400,483200,,-0.418108,,0.00024441,0.0,69.394597,2023-08-01
19509,2023-07-27 15:06:00,19450.0,19646.25,225300,2436950,189.7,0.1,58000,186700,,-0.421495,,0.0003004,0.0,56.558844,2023-08-01
14253,2023-07-27 15:06:00,19500.0,19646.25,1692150,9757800,140.0,0.15,320550,1167900,,-0.427243,,0.00037408,0.0,45.54629,2023-08-01
8996,2023-07-27 15:06:00,19550.0,19646.25,802250,9045200,90.4,0.15,635850,1835600,,-0.430341,,0.00054099,0.0,31.538419,2023-08-01
3736,2023-07-27 15:06:00,19600.0,19646.25,8477300,19915300,40.4,0.4,6413150,8706500,,-0.439521,,0.00086863,0.0,19.717517,2023-08-01
1104,2023-07-27 15:06:00,19650.0,19646.25,18252100,6738600,4.45,14.6,14614950,6401100,0.523407,-0.484429,0.00150036,0.00072289,11.528555,23.95045,2023-08-01
6366,2023-07-27 15:06:00,19700.0,19646.25,12036000,4597650,0.45,60.7,3672900,1592350,0.477668,-0.50195,0.00076365,0.00036285,22.653762,47.751138,2023-08-01
11624,2023-07-27 15:06:00,19750.0,19646.25,7524100,2548400,0.25,110.9,1012250,279550,0.466822,-0.503123,0.00048224,0.00023602,35.805212,73.408695,2023-08-01
16881,2023-07-27 15:06:00,19800.0,19646.25,13266950,5448000,0.3,161.0,899900,254600,0.466447,-0.501702,0.00033529,0.00017921,51.49441,96.681105,2023-08-01
22135,2023-07-27 15:06:00,19850.0,19646.25,9254300,2672000,0.2,210.8,617600,83250,0.463337,-0.499867,0.00027603,0.00014754,62.506001,117.434441,2023-08-01
27387,2023-07-27 15:06:00,19900.0,19646.25,10632650,2054700,0.2,259.95,606900,56700,0.464141,-0.499091,0.00022768,0.00012948,75.7952,133.818731,2023-08-01
24763,2023-07-27 15:07:00,19400.0,19640.65,487700,5439750,235.5,0.1,27250,243400,,-0.419512,,0.00024448,0.0,69.448,2023-08-01
19510,2023-07-27 15:07:00,19450.0,19640.65,225300,2436950,184.75,0.1,49950,120150,,-0.422952,,0.00030207,0.0,56.307464,2023-08-01
14254,2023-07-27 15:07:00,19500.0,19640.65,1692150,9757800,134.05,0.15,217500,609550,,-0.428697,,0.00037934,0.0,44.960382,2023-08-01
8997,2023-07-27 15:07:00,19550.0,19640.65,802250,9045200,84.2,0.1,509900,1850600,,-0.42895,,0.00058683,0.0,29.067003,2023-08-01
3737,2023-07-27 15:07:00,19600.0,19640.65,8477300,19915300,34.6,0.3,4610350,6233350,,-0.437583,,0.00099499,0.0,17.20658,2023-08-01
1105,2023-07-27 15:07:00,19650.0,19640.65,18252100,6738600,3.0,19.35,14643250,6267050,0.514082,-0.488416,0.00135507,0.00063074,12.783197,27.468768,2023-08-01
6367,2023-07-27 15:07:00,19700.0,19640.65,12036000,4597650,0.4,67.15,2654050,1420250,0.476347,-0.500682,0.00070367,0.00031988,24.588822,54.184978,2023-08-01
11625,2023-07-27 15:07:00,19750.0,19640.65,7524100,2548400,0.3,117.0,463150,272200,0.468824,-0.501414,0.00043999,0.00021828,39.273711,79.405796,2023-08-01
16882,2023-07-27 15:07:00,19800.0,19640.65,13266950,5448000,0.25,167.6,920050,240400,0.466243,-0.498681,0.00032596,0.0001648,52.984847,105.173628,2023-08-01
22136,2023-07-27 15:07:00,19850.0,19640.65,9254300,2672000,0.2,217.55,592000,85250,0.464796,-0.496164,0.00026397,0.00013604,65.406479,127.404524,2023-08-01
27388,2023-07-27 15:07:00,19900.0,19640.65,10632650,2054700,0.25,266.55,538000,57850,0.467602,-0.4952,0.00021324,0.00012028,81.017131,144.095844,2023-08-01
24764,2023-07-27 15:08:00,19400.0,19642.45,487700,5439750,234.75,0.1,9450,75650,,-0.420422,,0.00023764,0.0,71.480859,2023-08-01
19511,2023-07-27 15:08:00,19450.0,19642.45,225300,2436950,184.8,0.1,29050,48850,,-0.423923,,0.00029311,0.0,58.054435,2023-08-01
14255,2023-07-27 15:08:00,19500.0,19642.45,1692150,9757800,134.1,0.1,116300,1073100,,-0.427319,,0.00038428,0.0,44.353413,2023-08-01
8998,2023-07-27 15:08:00,19550.0,19642.45,802250,9045200,84.4,0.1,275950,633050,,-0.430122,,0.00056443,0.0,30.23565,2023-08-01
3738,2023-07-27 15:08:00,19600.0,19642.45,8477300,19915300,34.95,0.3,3139650,2734400,,-0.438904,,0.00093967,0.0,18.228589,2023-08-01
1106,2023-07-27 15:08:00,19650.0,19642.45,18252100,6738600,1.85,17.15,11646550,4532600,0.520954,-0.487265,0.00188208,0.00067168,9.196525,25.79158,2023-08-01
6368,2023-07-27 15:08:00,19700.0,19642.45,12036000,4597650,0.4,65.65,2329600,831150,0.4775,-0.499633,0.00070604,0.00031395,24.509837,55.207829,2023-08-01
11626,2023-07-27 15:08:00,19750.0,19642.45,7524100,2548400,0.35,116.0,987850,168450,0.471084,-0.499355,0.00042692,0.00020893,40.492528,82.95905,2023-08-01
16883,2023-07-27 15:08:00,19800.0,19642.45,13266950,5448000,0.2,166.3,902400,152650,0.4659,-0.496879,0.00033116,0.00015965,52.146929,108.562824,2023-08-01
22137,2023-07-27 15:08:00,19850.0,19642.45,9254300,2672000,0.15,216.0,444650,39550,0.464052,-0.494588,0.00026886,0.0001328,64.204236,130.505488,2023-08-01
27389,2023-07-27 15:08:00,19900.0,19642.45,10632650,2054700,0.2,266.0,302500,29450,0.467295,,0.00021532,,80.225347,0.0,2023-08-01
24765,2023-07-27 15:09:00,19400.0,19650.3,493400,5324300,240.4,0.1,15400,131000,,-0.420908,,0.00022566,0.0,75.269429,2023-08-01
19512,2023-07-27 15:09:00,19450.0,19650.3,239400,2267050,190.9,0.05,41600,204400,,-0.421077,,0.00029573,0.0,57.440006,2023-08-01
14256,2023-07-27 15:09:00,19500.0,19650.3,1639650,9048450,141.25,0.15,259850,404700,,-0.430189,,0.00034212,0.0,49.86782,2023-08-01
8999,2023-07-27 15:09:00,19550.0,19650.3,723950,7819800,91.2,0.15,426700,975850,,-0.433583,,0.00048899,0.0,34.941323,2023-08-01
3739,2023-07-27 15:09:00,19600.0,19650.3,7487100,17914850,41.3,0.15,4358000,4973100,,-0.434658,,0.00088832,0.0,19.242992,2023-08-01
1107,2023-07-27 15:09:00,19650.0,19650.3,19853350,7797700,3.15,12.55,15530350,7030950,0.553026,-0.481976,0.00287794,0.00067332,5.967304,25.707304,2023-08-01
6369,2023-07-27 15:09:00,19700.0,19650.3,11344150,4462850,0.45,60.05,2001350,1182100,0.480835,-0.496126,0.00076177,0.00029991,22.71914,57.770416,2023-08-01
11627,2023-07-27 15:09:00,19750.0,19650.3,7183650,2512450,0.3,109.55,635200,286300,0.47152,-0.496726,0.00045516,0.00020325,37.970342,85.243958,2023-08-01
16884,2023-07-27 15:09:00,19800.0,19650.3,12763650,5445400,0.25,160.1,652250,201400,0.468875,-0.493678,0.000329,0.00015302,52.504068,113.2193,2023-08-01
22138,2023-07-27 15:09:00,19850.0,19650.3,8987900,2670800,0.15,210.55,281700,48150,0.465446,-0.489848,0.00027187,0.00012405,63.492638,139.625576,2023-08-01
27390,2023-07-27 15:09:00,19900.0,19650.3,10102550,2041350,0.2,259.7,638550,45900,0.468681,,0.00021625,,79.876384,0.0,2023-08-01
24766,2023-07-27 15:10:00,19400.0,19646.7,493400,5324300,237.45,0.1,12550,174300,,-0.422204,,0.00022329,0.0,76.137733,2023-08-01
19513,2023-07-27 15:10:00,19450.0,19646.7,239400,2267050,185.9,0.05,27000,109850,,-0.422544,,0.00029364,0.0,57.905095,2023-08-01
14257,2023-07-27 15:10:00,19500.0,19646.7,1639650,9048450,137.45,0.1,150800,369950,,-0.429396,,0.00035732,0.0,47.741315,2023-08-01
9000,2023-07-27 15:10:00,19550.0,19646.7,723950,7819800,87.3,0.1,306000,839300,,-0.43247,,0.0005179,0.0,32.983922,2023-08-01
3740,2023-07-27 15:10:00,19600.0,19646.7,7487100,17914850,37.35,0.2,3173150,4311750,,-0.438128,,0.00088522,0.0,19.342357,2023-08-01
1108,2023-07-27 15:10:00,19650.0,19646.7,19853350,7797700,1.95,14.75,13218450,6306600,0.53751,-0.484563,0.00251595,0.00064049,6.858067,27.038959,2023-08-01
6370,2023-07-27 15:10:00,19700.0,19646.7,11344150,4462850,0.3,63.0,2200500,1359900,0.478431,-0.496392,0.00075372,0.00029007,22.960726,59.74655,2023-08-01
11628,2023-07-27 15:10:00,19750.0,19646.7,7183650,2512450,0.25,113.2,701550,236900,0.471242,-0.495636,0.00044232,0.00019361,39.080624,89.509458,2023-08-01
16885,2023-07-27 15:10:00,19800.0,19646.7,12763650,5445400,0.2,163.5,610200,175400,0.468634,-0.492616,0.00032359,0.0001479,53.393892,117.159155,2023-08-01
22139,2023-07-27 15:10:00,19850.0,19646.7,8987900,2670800,0.15,213.95,541900,89150,0.467058,-0.488554,0.00026127,0.00012025,66.107406,144.068192,2023-08-01
27391,2023-07-27 15:10:00,19900.0,19646.7,10102550,2041350,0.25,263.95,267450,46850,0.47221,,0.00020321,,85.081394,0.0,2023-08-01
24767,2023-07-27 15:11:00,19400.0,19651.65,493400,5324300,242.5,0.15,8600,185750,,-0.424513,,0.00020508,0.0,82.97771,2023-08-01
19514,2023-07-27 15:11:00,19450.0,19651.65,239400,2267050,193.05,0.05,15950,94900,,-0.423465,,0.00027996,0.0,60.751534,2023-08-01
14258,2023-07-27 15:11:00,19500.0,19651.65,1639650,9048450,143.0,0.05,124450,614000,,-0.426745,,0.00036313,0.0,46.911782,2023-08-01
9001,2023-07-27 15:11:00,19550.0,19651.65,723950,7819800,93.0,0.05,244850,516550,,-0.42947,,0.00052127,0.0,32.721138,2023-08-01
3741,2023-07-27 15:11:00,19600.0,19651.65,7487100,17914850,43.3,0.1,2646500,2599250,,-0.434354,,0.00087426,0.0,19.55118,2023-08-01
1109,2023-07-27 15:11:00,19650.0,19651.65,19853350,7797700,3.1,10.2,9580450,4869200,0.574186,-0.480343,0.00376843,0.00073897,4.518471,23.420563,2023-08-01
6371,2023-07-27 15:11:00,19700.0,19651.65,11344150,4462850,0.25,57.65,2960400,942650,0.479633,-0.496036,0.00082144,0.00030406,21.067246,56.985873,2023-08-01
11629,2023-07-27 15:11:00,19750.0,19651.65,7183650,2512450,0.25,108.15,734650,243050,0.472678,-0.495029,0.00044979,0.00019543,38.434618,88.657966,2023-08-01
16886,2023-07-27 15:11:00,19800.0,19651.65,12763650,5445400,0.2,158.0,761450,171050,0.470057,-0.492565,0.00032465,0.00015004,53.223736,115.467914,2023-08-01
22140,2023-07-27 15:11:00,19850.0,19651.65,8987900,2670800,0.15,208.15,359650,27350,0.468575,-0.48887,0.00026035,0.00012222,66.35012,141.720218,2023-08-01
27392,2023-07-27 15:11:00,19900.0,19651.65,10102550,2041350,0.15,258.5,343250,49250,0.469854,,0.0002135,,80.929622,0.0,2023-08-01
24768,2023-07-27 15:12:00,19400.0,19658.1,494000,5003300,250.0,0.1,13150,109700,,-0.423448,,0.00020351,0.0,83.551826,2023-08-01
19515,2023-07-27 15:12:00,19450.0,19658.1,237850,2195350,200.8,0.05,22850,43950,,-0.424281,,0.00026493,0.0,64.208901,2023-08-01
14259,2023-07-27 15:12:00,19500.0,19658.1,1588450,8665200,150.0,0.05,217350,159550,,-0.427674,,0.00034055,0.0,50.030962,2023-08-01
9002,2023-07-27 15:12:00,19550.0,19658.1,644700,6883800,100.3,0.05,324850,1147500,,-0.430623,,0.00048042,0.0,35.51271,2023-08-01
3742,2023-07-27 15:12:00,19600.0,19658.1,7320300,16578250,50.5,0.1,3730900,4086500,,-0.436091,,0.000769,0.0,22.237663,2023-08-01
1110,2023-07-27 15:12:00,19650.0,19658.1,21108850,8821100,4.35,3.9,12339000,9274900,,-0.468283,,0.00109067,0.0,15.83309,2023-08-01
6372,2023-07-27 15:12:00,19700.0,19658.1,11463000,4531400,0.3,50.2,2589700,1355000,0.48338,-0.49618,0.00087326,0.00033692,19.82063,51.415559,2023-08-01
11630,2023-07-27 15:12:00,19750.0,19658.1,7022000,2448150,0.25,100.55,614000,258500,0.474238,-0.495923,0.00046409,0.00020776,37.250003,83.3781,2023-08-01
16887,2023-07-27 15:12:00,19800.0,19658.1,12163200,5393350,0.2,150.65,739050,197250,0.471514,-0.493164,0.00032857,0.00015526,52.589741,111.559955,2023-08-01
22141,2023-07-27 15:12:00,19850.0,19658.1,8835150,2647750,0.2,200.65,289200,68600,0.472124,-0.489677,0.00025247,0.00012584,68.449543,137.613649,2023-08-01
27393,2023-07-27 15:12:00,19900.0,19658.1,9823600,2020350,0.15,251.0,272550,34700,0.471454,,0.00021278,,81.208293,0.0,2023-08-01
24769,2023-07-27 15:13:00,19400.0,19661.05,494000,5003300,252.05,0.1,9700,151250,,-0.424255,,0.00019585,0.0,86.848705,2023-08-01
19516,2023-07-27 15:13:00,19450.0,19661.05,237850,2195350,201.7,0.1,19050,229850,,-0.42813,,0.00023772,0.0,71.681133,2023-08-01
14260,2023-07-27 15:13:00,19500.0,19661.05,1588450,8665200,151.85,0.1,143350,585750,,-0.431982,,0.00030352,0.0,56.239256,2023-08-01
9003,2023-07-27 15:13:00,19550.0,19661.05,644700,6883800,101.7,0.05,289800,224500,,-0.431934,,0.00045604,0.0,37.429855,2023-08-01
3743,2023-07-27 15:13:00,19600.0,19661.05,7320300,16578250,51.7,0.05,2668900,3235350,,-0.433089,,0.00077813,0.0,21.947345,2023-08-01
1111,2023-07-27 15:13:00,19650.0,19661.05,21108850,8821100,4.5,2.75,13077600,11646350,,-0.464572,,0.00110933,0.0,15.553345,2023-08-01
6373,2023-07-27 15:13:00,19700.0,19661.05,11463000,4531400,0.55,48.9,2585900,1446500,0.4879,-0.493731,0.00080182,0.0003125,21.593559,55.423207,2023-08-01
11631,2023-07-27 15:13:00,19750.0,19661.05,7022000,2448150,0.35,98.2,841500,294100,0.477696,-0.494218,0.00044127,0.00020121,39.194258,86.078651,2023-08-01
16888,2023-07-27 15:13:00,19800.0,19661.05,12163200,5393350,0.25,149.3,930600,195300,0.474491,-0.489633,0.00031611,0.00014499,54.685578,119.432793,2023-08-01
22142,2023-07-27 15:13:00,19850.0,19661.05,8835150,2647750,0.2,198.85,317250,93150,0.473739,-0.48643,0.00024879,0.00011926,69.475753,145.165549,2023-08-01
27394,2023-07-27 15:13:00,19900.0,19661.05,9823600,2020350,0.25,249.1,399400,76900,0.477007,,0.00019734,,87.633019,0.0,2023-08-01
24770,2023-07-27 15:14:00,19400.0,19664.7,494000,5003300,256.75,0.05,13450,118000,,-0.422666,,0.00020039,0.0,84.802687,2023-08-01
19517,2023-07-27 15:14:00,19450.0,19664.7,237850,2195350,206.55,0.1,25950,83100,,-0.428963,,0.0002272,0.0,75.021835,2023-08-01
14261,2023-07-27 15:14:00,19500.0,19664.7,1588450,8665200,156.25,0.1,149150,248000,,-0.432922,,0.00028876,0.0,59.131685,2023-08-01
9004,2023-07-27 15:14:00,19550.0,19664.7,644700,6883800,106.25,0.05,272800,181950,,-0.433215,,0.00043003,0.0,39.71104,2023-08-01
3744,2023-07-27 15:14:00,19600.0,19664.7,7320300,16578250,56.45,0.1,3352900,3010350,,-0.439107,,0.00066113,0.0,25.89202,2023-08-01
1112,2023-07-27 15:14:00,19650.0,19664.7,21108850,8821100,7.45,1.1,15034950,10885050,,-0.454425,,0.001313,0.0,13.10508,2023-08-01
6374,2023-07-27 15:14:00,19700.0,19664.7,11463000,4531400,0.5,43.75,3707050,1961900,0.4895,-0.4944,0.00085788,0.00034519,20.182405,50.170652,2023-08-01
11632,2023-07-27 15:14:00,19750.0,19664.7,7022000,2448150,0.3,93.75,544150,390850,0.478171,-0.494476,0.00045415,0.0002072,38.080114,83.582634,2023-08-01
16889,2023-07-27 15:14:00,19800.0,19664.7,12163200,5393350,0.2,144.0,589600,321600,0.474543,-0.491076,0.00032308,0.00015152,53.500541,114.284118,2023-08-01
22143,2023-07-27 15:14:00,19850.0,19664.7,8835150,2647750,0.2,194.4,289800,105100,0.475395,-0.486452,0.00024559,0.00012025,70.389785,143.945906,2023-08-01
27395,2023-07-27 15:14:00,19900.0,19664.7,9823600,2020350,0.2,244.0,295900,58500,0.477116,,0.00019922,,86.796092,0.0,2023-08-01
24771,2023-07-27 15:15:00,19400.0,19663.5,485500,4896850,254.55,0.1,27850,80300,,,,,0.0,0.0,2023-08-01
19518,2023-07-27 15:15:00,19450.0,19663.5,228400,1992400,204.5,0.1,49650,144750,,-0.430176,,0.00022124,0.0,77.095606,2023-08-01
14262,2023-07-27 15:15:00,19500.0,19663.5,1550850,8386350,154.05,0.1,162950,393650,,-0.434246,,0.00028161,0.0,60.675148,2023-08-01
9005,2023-07-27 15:15:00,19550.0,19663.5,521700,6185650,104.2,0.05,291400,115200,,-0.434794,,0.00042065,0.0,40.628745,2023-08-01
3745,2023-07-27 15:15:00,19600.0,19663.5,5740100,14044650,54.05,0.1,2373350,1547050,,-0.440652,,0.00065114,0.0,26.308385,2023-08-01
1113,2023-07-27 15:15:00,19650.0,19663.5,15953800,10290900,5.95,2.1,12049400,9140950,,-0.463336,,0.00105543,0.0,16.343226,2023-08-01
6375,2023-07-27 15:15:00,19700.0,19663.5,12490450,4405250,0.35,46.35,3071300,1749300,0.488223,-0.492505,0.00086791,0.00030493,19.950051,56.798285,2023-08-01
11633,2023-07-27 15:15:00,19750.0,19663.5,6765300,2368450,0.25,96.05,1137050,405500,0.47831,-0.491798,0.00044646,0.00019012,38.74215,91.092042,2023-08-01
16890,2023-07-27 15:15:00,19800.0,19663.5,11608850,5364050,0.2,146.75,656350,251300,0.476163,-0.487144,0.00031052,0.00013828,55.685689,125.20932,2023-08-01
22144,2023-07-27 15:15:00,19850.0,19663.5,8526350,2648250,0.15,196.65,465700,132750,0.475341,-0.482847,0.00024458,0.0001122,70.689617,154.244259,2023-08-01
27396,2023-07-27 15:15:00,19900.0,19663.5,9438900,1960900,0.15,246.15,406500,75000,0.477153,,0.00019837,,87.180304,0.0,2023-08-01
24772,2023-07-27 15:16:00,19400.0,19659.6,485500,4896850,248.5,0.1,49600,212450,,,,,0.0,0.0,2023-08-01
19519,2023-07-27 15:16:00,19450.0,19659.6,228400,1992400,198.35,0.1,27500,60450,,-0.431619,,0.00021747,0.0,78.50216,2023-08-01
14263,2023-07-27 15:16:00,19500.0,19659.6,1550850,8386350,148.05,0.05,177600,378350,,-0.433107,,0.00029861,0.0,57.207586,2023-08-01
9006,2023-07-27 15:16:00,19550.0,19659.6,521700,6185650,97.95,0.05,301350,122550,,-0.436577,,0.00041971,0.0,40.760896,2023-08-01
3746,2023-07-27 15:16:00,19600.0,19659.6,5740100,14044650,48.1,0.1,2148550,1521300,,-0.442269,,0.00066525,0.0,25.77277,2023-08-01
1114,2023-07-27 15:16:00,19650.0,19659.6,15953800,10290900,2.1,4.65,10937700,8122350,,-0.472998,,0.00081054,0.0,21.328208,2023-08-01
6376,2023-07-27 15:16:00,19700.0,19659.6,12490450,4405250,0.25,53.05,3883350,1903050,0.486219,-0.489242,0.00081944,0.00024679,21.132286,70.185145,2023-08-01
11634,2023-07-27 15:16:00,19750.0,19659.6,6765300,2368450,0.25,103.35,893750,405750,0.479509,-0.486058,0.00041546,0.00015873,41.650299,109.094332,2023-08-01
16891,2023-07-27 15:16:00,19800.0,19659.6,11608850,5364050,0.2,153.35,660800,169450,0.477926,-0.481411,0.00029282,0.00012099,59.083184,143.050469,2023-08-01
22145,2023-07-27 15:16:00,19850.0,19659.6,8526350,2648250,0.2,203.35,266900,77850,0.479363,-0.47625,0.00022448,9.899e-05,77.082536,174.721297,2023-08-01
27397,2023-07-27 15:16:00,19900.0,19659.6,9438900,1960900,0.15,252.9,278400,37000,0.479507,,0.00018896,,91.574481,0.0,2023-08-01
24773,2023-07-27 15:17:00,19400.0,19665.1,485500,4896850,254.55,0.1,31700,389350,,,,,0.0,0.0,2023-08-01
19520,2023-07-27 15:17:00,19450.0,19665.1,228400,1992400,204.55,0.05,24000,57250,,-0.430139,,0.00021915,0.0,77.832244,2023-08-01
14264,2023-07-27 15:17:00,19500.0,19665.1,1550850,8386350,154.15,0.05,210400,271450,,-0.434113,,0.0002792,0.0,61.199028,2023-08-01
9007,2023-07-27 15:17:00,19550.0,19665.1,521700,6185650,104.35,0.05,209950,94250,,-0.437804,,0.00038726,0.0,44.1888,2023-08-01
3747,2023-07-27 15:17:00,19600.0,19665.1,5740100,14044650,54.5,0.15,2464000,1761100,,-0.446022,,0.00056314,0.0,30.479927,2023-08-01
1115,2023-07-27 15:17:00,19650.0,19665.1,15953800,10290900,5.5,1.2,13676800,8780850,,-0.459393,,0.00113152,0.0,15.230431,2023-08-01
6377,2023-07-27 15:17:00,19700.0,19665.1,12490450,4405250,0.25,45.8,4222550,2033200,0.489079,-0.490104,0.00089133,0.00027562,19.428052,62.83374,2023-08-01
11635,2023-07-27 15:17:00,19750.0,19665.1,6765300,2368450,0.15,96.3,775300,443300,0.478422,-0.487047,0.00045332,0.00016718,38.158663,103.568831,2023-08-01
16892,2023-07-27 15:17:00,19800.0,19665.1,11608850,5364050,0.15,146.7,468400,208550,0.477902,-0.481778,0.00030279,0.00012363,57.124862,139.975034,2023-08-01
22146,2023-07-27 15:17:00,19850.0,19665.1,8526350,2648250,0.15,196.3,340450,66900,0.479334,-0.477056,0.00022958,0.00010135,75.355166,170.63958,2023-08-01
27398,2023-07-27 15:17:00,19900.0,19665.1,9438900,1960900,0.15,246.05,337700,39650,0.481554,,0.00018591,,93.081312,0.0,2023-08-01
24774,2023-07-27 15:18:00,19400.0,19664.3,483800,4597900,252.75,0.05,7700,271550,,,,,0.0,0.0,2023-08-01
19521,2023-07-27 15:18:00,19450.0,19664.3,223900,1822500,202.05,0.05,16750,124900,,-0.431482,,0.00021141,0.0,80.737771,2023-08-01
14265,2023-07-27 15:18:00,19500.0,19664.3,1543000,8416200,152.05,0.1,163900,174650,,-0.437924,,0.00025122,0.0,68.126859,2023-08-01
9008,2023-07-27 15:18:00,19550.0,19664.3,552550,6032650,102.0,0.05,186850,103550,,-0.439462,,0.00037469,0.0,45.706155,2023-08-01
3748,2023-07-27 15:18:00,19600.0,19664.3,5118450,13659200,52.25,0.15,1737000,1151000,,-0.447596,,0.00054721,0.0,31.387839,2023-08-01
1116,2023-07-27 15:18:00,19650.0,19664.3,15365450,10294650,4.25,1.75,10561400,7947500,,-0.464537,,0.0009828,0.0,17.558701,2023-08-01
6378,2023-07-27 15:18:00,19700.0,19664.3,12076150,4439400,0.1,47.45,3294550,1611200,0.486514,-0.488512,0.00097228,0.00025187,17.808977,68.759171,2023-08-01
11636,2023-07-27 15:18:00,19750.0,19664.3,6536950,2317650,0.1,97.55,929200,364000,0.47793,-0.484988,0.00045478,0.00015726,38.037929,110.091236,2023-08-01
16893,2023-07-27 15:18:00,19800.0,19664.3,11591650,5305100,0.1,148.15,789900,217050,0.477554,-0.478887,0.00030343,0.0001161,57.006798,149.020085,2023-08-01
22147,2023-07-27 15:18:00,19850.0,19664.3,8367800,2653200,0.1,198.8,367450,56750,0.47909,,0.00022983,,75.280655,0.0,2023-08-01
27399,2023-07-27 15:18:00,19900.0,19664.3,9195250,1940400,0.1,247.3,243250,21100,,,,,0.0,0.0,2023-08-01
24775,2023-07-27 15:19:00,19450.0,19677.05,223900,1822500,207.2,0.05,11850,31050,,,,,0.0,0.0,2023-08-01
19522,2023-07-27 15:19:00,19500.0,19677.05,1543000,8416200,156.7,0.1,106950,321900,,-0.437997,,0.00022498,0.0,76.031405,2023-08-01
14266,2023-07-27 15:19:00,19550.0,19677.05,552550,6032650,106.8,0.05,205200,162100,,-0.440123,,0.00032627,0.0,52.470746,2023-08-01
9009,2023-07-27 15:19:00,19600.0,19677.05,5118450,13659200,57.05,0.1,1892250,1597850,,-0.446545,,0.00047205,0.0,36.351116,2023-08-01
3749,2023-07-27 15:19:00,19650.0,19677.05,15365450,10294650,7.2,0.4,10234350,8088050,,-0.454794,,0.00091089,0.0,18.887051,2023-08-01
1117,2023-07-27 15:19:00,19700.0,19677.05,12076150,4439400,0.2,43.2,2474850,1609900,0.496855,-0.481365,0.00120404,0.00020457,14.380527,84.550175,2023-08-01
6379,2023-07-27 15:19:00,19750.0,19677.05,6536950,2317650,0.1,93.4,517300,495550,0.480309,-0.475654,0.00050145,0.00012828,34.488019,134.723911,2023-08-01
11637,2023-07-27 15:19:00,19800.0,19677.05,11591650,5305100,0.1,143.3,634700,260850,0.4794,-0.46885,0.00031707,9.731e-05,54.537711,177.398794,2023-08-01
16894,2023-07-27 15:19:00,19850.0,19677.05,8367800,2653200,0.1,193.55,402400,44700,0.480935,,0.00023446,,73.768633,0.0,2023-08-01
22148,2023-07-27 15:19:00,19900.0,19677.05,9195250,1940400,0.15,243.05,236400,38250,,,,,0.0,0.0,2023-08-01
27400,2023-07-27 15:19:00,19950.0,19677.05,5362500,551150,0.05,292.6,70100,9750,,,,,0.0,0.0,2023-08-01
24776,2023-07-27 15:20:00,19400.0,19672.35,483800,4597900,256.35,0.05,19450,55800,,,,,0.0,0.0,2023-08-01
19523,2023-07-27 15:20:00,19450.0,19672.35,223900,1822500,205.85,0.05,19350,18800,,,,,0.0,0.0,2023-08-01
14267,2023-07-27 15:20:00,19500.0,19672.35,1543000,8416200,156.25,0.05,158650,221400,,-0.437786,,0.00023593,0.0,72.519244,2023-08-01
9010,2023-07-27 15:20:00,19550.0,19672.35,552550,6032650,106.2,0.05,232500,160900,,-0.442118,,0.00032211,0.0,53.205725,2023-08-01
3750,2023-07-27 15:20:00,19600.0,19672.35,5118450,13659200,56.45,0.05,2121550,1938650,,-0.445507,,0.00051617,0.0,33.242399,2023-08-01
1118,2023-07-27 15:20:00,19650.0,19672.35,15365450,10294650,6.7,0.3,10542700,6791000,,-0.453297,,0.00107211,0.0,16.044841,2023-08-01
6380,2023-07-27 15:20:00,19700.0,19672.35,12076150,4439400,0.1,43.7,2571300,1781650,0.492511,-0.483258,0.00110387,0.00021375,15.688075,80.960903,2023-08-01
11638,2023-07-27 15:20:00,19750.0,19672.35,6536950,2317650,0.15,93.7,484400,459400,0.48361,-0.477678,0.00042982,0.00013316,40.263117,129.872655,2023-08-01
16895,2023-07-27 15:20:00,19800.0,19672.35,11591650,5305100,0.15,144.35,632950,240750,0.483864,-0.469914,0.00027896,9.85e-05,62.039759,175.346262,2023-08-01
22149,2023-07-27 15:20:00,19850.0,19672.35,8367800,2653200,0.05,194.15,650950,128650,0.479882,,0.00023427,,73.841529,0.0,2023-08-01
27401,2023-07-27 15:20:00,19900.0,19672.35,9195250,1940400,0.1,244.0,382250,58550,,,,,0.0,0.0,2023-08-01
24777,2023-07-27 15:21:00,19450.0,19676.9,217150,1720050,206.4,0.05,13450,12350,,,,,0.0,0.0,2023-08-01
19524,2023-07-27 15:21:00,19500.0,19676.9,1502450,8374250,156.65,0.05,120900,1321000,,-0.438762,,0.0002187,0.0,78.250988,2023-08-01
14268,2023-07-27 15:21:00,19550.0,19676.9,527500,5827600,106.95,0.05,110800,43000,,-0.443371,,0.00029585,0.0,57.944229,2023-08-01
9011,2023-07-27 15:21:00,19600.0,19676.9,4427950,12268700,57.0,0.05,1427300,2669350,,-0.447232,,0.00046412,0.0,36.986165,2023-08-01
3751,2023-07-27 15:21:00,19650.0,19676.9,11603050,10349400,6.85,0.15,7351500,5014050,,-0.451572,,0.00099396,0.0,17.294423,2023-08-01
1119,2023-07-27 15:21:00,19700.0,19676.9,11528150,4460850,0.1,43.7,2230000,1414850,0.496542,-0.478894,0.00121926,0.00018248,14.202944,94.769988,2023-08-01
6381,2023-07-27 15:21:00,19750.0,19676.9,5833400,2117550,0.1,93.6,1302600,256900,0.483795,-0.4716,0.00045297,0.00011573,38.200085,149.258649,2023-08-01
11639,2023-07-27 15:21:00,19800.0,19676.9,11237400,5177500,0.1,143.75,579050,147350,0.483923,-0.463162,0.00028666,8.732e-05,60.362439,197.469138,2023-08-01
16896,2023-07-27 15:21:00,19850.0,19676.9,8009200,2583900,0.05,194.1,189550,49150,0.482495,,0.00022757,,76.025409,0.0,2023-08-01
22150,2023-07-27 15:21:00,19900.0,19676.9,8922200,1882550,0.1,243.15,773900,44050,,,,,0.0,0.0,2023-08-01
27402,2023-07-27 15:21:00,19950.0,19676.9,5055850,517800,0.1,294.0,137450,37900,,,,,0.0,0.0,2023-08-01
24778,2023-07-27 15:22:00,19450.0,19682.95,217150,1720050,207.15,0.05,14450,32250,,,,,0.0,0.0,2023-08-01
19525,2023-07-27 15:22:00,19500.0,19682.95,1502450,8374250,156.95,0.05,112550,218050,,-0.439508,,0.00020007,0.0,85.542995,2023-08-01
14269,2023-07-27 15:22:00,19550.0,19682.95,527500,5827600,107.3,0.05,174850,52650,,-0.444434,,0.00026759,0.0,64.073725,2023-08-01
9012,2023-07-27 15:22:00,19600.0,19682.95,4427950,12268700,57.3,0.05,1154500,528300,,-0.448807,,0.00040925,0.0,41.956797,2023-08-01
3752,2023-07-27 15:22:00,19650.0,19682.95,11603050,10349400,7.45,0.1,8255850,3738750,,-0.45252,,0.00084181,0.0,20.421387,2023-08-01
1120,2023-07-27 15:22:00,19700.0,19682.95,11528150,4460850,0.15,42.95,2213600,1507650,0.503607,-0.474219,0.00137972,0.00015685,12.548123,110.151508,2023-08-01
6382,2023-07-27 15:22:00,19750.0,19682.95,5833400,2117550,0.05,92.9,1090800,346250,0.483333,-0.464876,0.00050043,0.00010032,34.567691,171.916722,2023-08-01
11640,2023-07-27 15:22:00,19800.0,19682.95,11237400,5177500,0.1,143.1,918150,177150,0.486254,-0.454896,0.00028263,7.609e-05,61.223059,226.091178,2023-08-01
16897,2023-07-27 15:22:00,19850.0,19682.95,8009200,2583900,0.1,192.6,225900,85350,0.488859,,0.00020638,,83.857772,0.0,2023-08-01
22151,2023-07-27 15:22:00,19900.0,19682.95,8922200,1882550,0.05,242.7,866050,34100,,,,,0.0,0.0,2023-08-01
27403,2023-07-27 15:22:00,19950.0,19682.95,5055850,517800,0.05,292.35,181900,7450,,,,,0.0,0.0,2023-08-01
24779,2023-07-27 15:23:00,19450.0,19689.2,217150,1720050,207.85,0.05,7200,4000,,,,,0.0,0.0,2023-08-01
19526,2023-07-27 15:23:00,19500.0,19689.2,1502450,8374250,157.8,0.05,63650,144800,,,,,0.0,0.0,2023-08-01
14270,2023-07-27 15:23:00,19550.0,19689.2,527500,5827600,108.4,0.05,90550,28100,,-0.445375,,0.00024024,0.0,71.373052,2023-08-01
9013,2023-07-27 15:23:00,19600.0,19689.2,4427950,12268700,58.15,0.05,787150,701350,,-0.450269,,0.00035897,0.0,47.844702,2023-08-01
3753,2023-07-27 15:23:00,19650.0,19689.2,11603050,10349400,8.3,0.1,6496200,1701300,,-0.45537,,0.0006793,0.0,25.321417,2023-08-01
1121,2023-07-27 15:23:00,19700.0,19689.2,11528150,4460850,0.1,41.95,1905850,1103050,0.515606,-0.469541,0.00201762,0.00013629,8.572545,126.630006,2023-08-01
6383,2023-07-27 15:23:00,19750.0,19689.2,5833400,2117550,0.15,92.1,746050,194800,0.489913,-0.457838,0.00044422,8.731e-05,38.953216,197.139676,2023-08-01
11641,2023-07-27 15:23:00,19800.0,19689.2,11237400,5177500,0.1,142.45,273600,106950,0.48875,-0.446044,0.00027754,6.636e-05,62.342744,258.450251,2023-08-01
16898,2023-07-27 15:23:00,19850.0,19689.2,8009200,2583900,0.1,192.35,183650,25400,0.49174,,0.00019974,,86.641274,0.0,2023-08-01
22152,2023-07-27 15:23:00,19900.0,19689.2,8922200,1882550,0.05,242.0,235000,105000,,,,,0.0,0.0,2023-08-01
27404,2023-07-27 15:23:00,19950.0,19689.2,5055850,517800,0.1,291.15,103250,9400,,,,,0.0,0.0,2023-08-01
24780,2023-07-27 15:24:00,19450.0,19695.65,214900,1707300,209.3,0.05,11100,1300,,,,,0.0,0.0,2023-08-01
19527,2023-07-27 15:24:00,19500.0,19695.65,1488350,7542500,159.25,0.05,124350,53300,,,,,0.0,0.0,2023-08-01
14271,2023-07-27 15:24:00,19550.0,19695.65,500150,5761550,109.0,0.05,119050,27250,,-0.446128,,0.00021358,0.0,80.283777,2023-08-01
9014,2023-07-27 15:24:00,19600.0,19695.65,3984200,10643250,59.15,0.05,995850,276750,,-0.451587,,0.00031237,0.0,54.990381,2023-08-01
3754,2023-07-27 15:24:00,19650.0,19695.65,9858350,8977400,9.3,0.1,7659950,1693200,,-0.457692,,0.00055203,0.0,31.171242,2023-08-01
1122,2023-07-27 15:24:00,19700.0,19695.65,11247600,4418050,0.2,40.95,2447400,1523400,0.543439,-0.464409,0.00318521,0.0001181,5.400654,145.93899,2023-08-01
6384,2023-07-27 15:24:00,19750.0,19695.65,5233100,2004400,0.15,91.15,454300,362400,0.492285,-0.450139,0.00045281,7.592e-05,38.209867,226.153732,2023-08-01
11642,2023-07-27 15:24:00,19800.0,19695.65,10666900,5014900,0.05,141.5,780750,123300,0.488474,-0.436434,0.0002926,5.789e-05,59.117721,295.147862,2023-08-01
16899,2023-07-27 15:24:00,19850.0,19695.65,7881450,2574100,0.05,191.75,214450,68800,0.491511,,0.00020614,,83.927046,0.0,2023-08-01
22153,2023-07-27 15:24:00,19900.0,19695.65,8459300,1849900,0.05,241.35,230050,52550,,,,,0.0,0.0,2023-08-01
27405,2023-07-27 15:24:00,19950.0,19695.65,4989450,510850,0.05,290.3,340900,32650,,,,,0.0,0.0,2023-08-01
24781,2023-07-27 15:25:00,19450.0,19695.75,214900,1707300,209.65,0.05,25300,12900,,,,,0.0,0.0,2023-08-01
19528,2023-07-27 15:25:00,19500.0,19695.75,1488350,7542500,158.95,0.05,78050,89400,,,,,0.0,0.0,2023-08-01
14272,2023-07-27 15:25:00,19550.0,19695.75,500150,5761550,109.4,0.05,113900,32400,,-0.44739,,0.00019495,0.0,87.998581,2023-08-01
9015,2023-07-27 15:25:00,19600.0,19695.75,3984200,10643250,59.2,0.05,727500,259250,,-0.453446,,0.00028508,0.0,60.292943,2023-08-01
3755,2023-07-27 15:25:00,19650.0,19695.75,9858350,8977400,9.4,0.05,5656900,1907850,,-0.457741,,0.00054999,0.0,31.289083,2023-08-01
1123,2023-07-27 15:25:00,19700.0,19695.75,11247600,4418050,0.2,40.85,2571950,1679250,0.540785,-0.461345,0.00295686,0.00010788,5.822229,159.660489,2023-08-01
6385,2023-07-27 15:25:00,19750.0,19695.75,5233100,2004400,0.15,90.85,468800,256900,0.494586,-0.445151,0.00041405,6.949e-05,41.793185,246.690236,2023-08-01
11643,2023-07-27 15:25:00,19800.0,19695.75,10666900,5014900,0.05,141.0,755600,161850,0.491989,-0.430014,0.0002674,5.304e-05,64.70654,321.268199,2023-08-01
16900,2023-07-27 15:25:00,19850.0,19695.75,7881450,2574100,0.05,191.15,530850,40250,0.495816,,0.00018833,,91.885273,0.0,2023-08-01
22154,2023-07-27 15:25:00,19900.0,19695.75,8459300,1849900,0.1,241.35,1024550,50900,,,,,0.0,0.0,2023-08-01
27406,2023-07-27 15:25:00,19950.0,19695.75,4989450,510850,0.1,290.5,132650,16400,,,,,0.0,0.0,2023-08-01
24782,2023-07-27 15:26:00,19450.0,19699.85,214900,1707300,209.55,0.05,4800,7800,,,,,0.0,0.0,2023-08-01
19529,2023-07-27 15:26:00,19500.0,19699.85,1488350,7542500,159.35,0.05,22950,51350,,,,,0.0,0.0,2023-08-01
14273,2023-07-27 15:26:00,19550.0,19699.85,500150,5761550,109.35,0.05,45100,11450,,,,,0.0,0.0,2023-08-01
9016,2023-07-27 15:26:00,19600.0,19699.85,3984200,10643250,59.75,0.05,324850,128750,,-0.454671,,0.00024569,0.0,69.973883,2023-08-01
3756,2023-07-27 15:26:00,19650.0,19699.85,9858350,8977400,9.8,0.05,2831300,815100,,-0.460317,,0.00045647,0.0,37.719858,2023-08-01
1124,2023-07-27 15:26:00,19700.0,19699.85,11247600,4418050,0.2,40.45,2278100,571450,0.530669,-0.454999,0.00014277,9.231e-05,1.208378,186.258655,2023-08-01
6386,2023-07-27 15:26:00,19750.0,19699.85,5233100,2004400,0.1,90.75,205050,67200,0.495988,-0.435024,0.00041927,5.929e-05,41.269193,287.952869,2023-08-01
11644,2023-07-27 15:26:00,19800.0,19699.85,10666900,5014900,0.05,140.8,433250,82400,0.495872,,0.00024793,,69.788118,0.0,2023-08-01
16901,2023-07-27 15:26:00,19850.0,19699.85,7881450,2574100,0.05,190.6,204400,12550,,,,,0.0,0.0,2023-08-01
22155,2023-07-27 15:26:00,19900.0,19699.85,8459300,1849900,0.1,241.0,709650,13950,,,,,0.0,0.0,2023-08-01
27407,2023-07-27 15:26:00,19950.0,19699.85,4989450,510850,0.05,290.25,571700,5050,,,,,0.0,0.0,2023-08-01
24783,2023-07-27 15:27:00,19450.0,19701.65,217350,1703050,210.1,0.05,4350,1050,,,,,0.0,0.0,2023-08-01
19530,2023-07-27 15:27:00,19500.0,19701.65,1430900,7422550,159.25,0.05,50450,9350,,,,,0.0,0.0,2023-08-01
14274,2023-07-27 15:27:00,19550.0,19701.65,469000,5691850,109.6,0.05,29250,17150,,,,,0.0,0.0,2023-08-01
9017,2023-07-27 15:27:00,19600.0,19701.65,3507150,10272000,59.65,0.05,405000,80700,,-0.455751,,0.00020948,0.0,82.093861,2023-08-01
3757,2023-07-27 15:27:00,19650.0,19701.65,9040700,7612100,9.8,0.1,3275650,1287950,,-0.464162,,0.0003515,0.0,49.028712,2023-08-01
1125,2023-07-27 15:27:00,19700.0,19701.65,11285650,4501050,0.2,40.45,3109650,675750,,-0.447331,,7.803e-05,0.0,219.8181,2023-08-01
6387,2023-07-27 15:27:00,19750.0,19701.65,4997850,1944050,0.15,90.75,503900,97500,0.500532,-0.422987,0.00035387,5.013e-05,48.897054,338.724236,2023-08-01
11645,2023-07-27 15:27:00,19800.0,19701.65,9911800,4938650,0.1,140.75,483350,66050,0.503742,,0.00020188,,85.708334,0.0,2023-08-01
16902,2023-07-27 15:27:00,19850.0,19701.65,7636700,2554350,0.05,190.85,194400,27550,,,,,0.0,0.0,2023-08-01
22156,2023-07-27 15:27:00,19900.0,19701.65,7380600,1843050,0.05,240.95,660050,10100,,,,,0.0,0.0,2023-08-01
27408,2023-07-27 15:27:00,19950.0,19701.65,4728500,494450,0.05,289.75,44750,4050,,,,,0.0,0.0,2023-08-01
24784,2023-07-27 15:28:00,19450.0,19700.75,217350,1703050,210.05,0.05,2500,3750,,,,,0.0,0.0,2023-08-01
19531,2023-07-27 15:28:00,19500.0,19700.75,1430900,7422550,159.35,0.05,36500,16150,,,,,0.0,0.0,2023-08-01
14275,2023-07-27 15:28:00,19550.0,19700.75,469000,5691850,109.45,0.05,43900,30250,,,,,0.0,0.0,2023-08-01
9018,2023-07-27 15:28:00,19600.0,19700.75,3507150,10272000,59.5,0.05,553700,90900,,,,,0.0,0.0,2023-08-01
3758,2023-07-27 15:28:00,19650.0,19700.75,9040700,7612100,9.85,0.05,2510000,876400,,-0.465566,,0.00031819,0.0,54.183277,2023-08-01
1126,2023-07-27 15:28:00,19700.0,19700.75,11285650,4501050,0.1,40.5,1698550,462500,,-0.436843,,6.409e-05,0.0,266.633316,2023-08-01
6388,2023-07-27 15:28:00,19750.0,19700.75,4997850,1944050,0.05,90.5,607600,76500,0.501873,-0.406665,0.00032886,4.112e-05,52.621903,409.320107,2023-08-01
11646,2023-07-27 15:28:00,19800.0,19700.75,9911800,4938650,0.05,140.75,360200,100800,,,,,0.0,0.0,2023-08-01
16903,2023-07-27 15:28:00,19850.0,19700.75,7636700,2554350,0.05,190.55,372100,25250,,,,,0.0,0.0,2023-08-01
22157,2023-07-27 15:28:00,19900.0,19700.75,7380600,1843050,0.05,240.95,197900,19650,,,,,0.0,0.0,2023-08-01
27409,2023-07-27 15:28:00,19950.0,19700.75,4728500,494450,0.05,289.75,139500,9900,,,,,0.0,0.0,2023-08-01
24785,2023-07-27 15:29:00,19450.0,19700.2,217350,1703050,209.9,0.05,3500,500,,,,,0.0,0.0,2023-08-01
19532,2023-07-27 15:29:00,19500.0,19700.2,1430900,7422550,160.3,0.05,47000,108600,,,,,0.0,0.0,2023-08-01
14276,2023-07-27 15:29:00,19550.0,19700.2,469000,5691850,109.3,0.05,41100,46450,,,,,0.0,0.0,2023-08-01
9019,2023-07-27 15:29:00,19600.0,19700.2,3507150,10272000,59.6,0.05,444600,32800,,,,,0.0,0.0,2023-08-01
3759,2023-07-27 15:29:00,19650.0,19700.2,9040700,7612100,9.8,0.05,2557200,346250,,-0.466864,,0.00022726,0.0,75.890606,2023-08-01
1127,2023-07-27 15:29:00,19700.0,19700.2,11285650,4501050,0.05,40.4,2192350,879100,,-0.412686,,4.521e-05,0.0,373.614694,2023-08-01
6389,2023-07-27 15:29:00,19750.0,19700.2,4997850,1944050,0.15,90.7,621200,151350,0.513856,,0.00019911,,86.869266,0.0,2023-08-01
11647,2023-07-27 15:29:00,19800.0,19700.2,9911800,4938650,0.1,140.6,536900,140800,,,,,0.0,0.0,2023-08-01
16904,2023-07-27 15:29:00,19850.0,19700.2,7636700,2554350,0.05,190.1,538450,41450,,,,,0.0,0.0,2023-08-01
22158,2023-07-27 15:29:00,19900.0,19700.2,7380600,1843050,0.05,240.0,200250,19800,,,,,0.0,0.0,2023-08-01
27410,2023-07-27 15:29:00,19950.0,19700.2,4728500,494450,0.05,291.45,35600,26200,,,,,0.0,0.0,2023-08-01
1128,2023-07-27 15:30:00,19700.0,19699.0,11285650,4501050,0.05,40.4,26400,250,,-0.476529,,0.00121854,0.0,14.18024,2023-08-01
6390,2023-07-27 15:30:00,19750.0,19699.0,4997850,1944050,0.1,90.75,2150,100,0.567248,-0.521315,5.729e-05,0.00079006,2.978424,21.877311,2023-08-01
24786,2023-07-28 09:15:00,19400.0,19635.2,113250,2082250,300.4,30.35,15550,469400,0.840677,-0.154622,0.00095584,0.00095582,11.970368,11.737099,2023-08-01
19533,2023-07-28 09:15:00,19450.0,19635.2,33150,729450,259.6,39.45,16050,289800,0.791634,-0.20427,0.00115021,0.00115718,11.761288,11.553749,2023-08-01
14277,2023-07-28 09:15:00,19500.0,19635.2,489700,2579950,217.25,51.2,105000,1074100,0.740364,-0.265017,0.00137455,0.00135279,11.119699,11.417858,2023-08-01
9020,2023-07-28 09:15:00,19550.0,19635.2,141050,1007750,183.45,65.25,59700,752550,0.665907,-0.334815,0.00153376,0.00152775,11.188934,11.242498,2023-08-01
3760,2023-07-28 09:15:00,19600.0,19635.2,1075200,3105900,149.65,82.75,472900,1994450,0.587912,-0.413487,0.00167958,0.00165219,10.927587,11.117558,2023-08-01
1129,2023-07-28 09:15:00,19650.0,19635.2,906400,1157050,121.1,103.95,689850,1339100,0.502501,-0.497465,0.00173143,0.00170498,10.865004,11.033561,2023-08-01
6391,2023-07-28 09:15:00,19700.0,19635.2,4084500,3610600,95.3,128.65,1943050,1908000,0.415596,-0.58259,0.00171448,0.00168069,10.726145,10.952554,2023-08-01
11648,2023-07-28 09:15:00,19750.0,19635.2,1926650,745300,74.3,156.3,810500,530450,0.332595,-0.665819,0.00159988,0.00158715,10.707535,10.8137,2023-08-01
16905,2023-07-28 09:15:00,19800.0,19635.2,10133400,5612450,56.5,189.45,1926250,858500,0.256483,-0.739047,0.00142449,0.00140746,10.662095,10.888023,2023-08-01
22159,2023-07-28 09:15:00,19850.0,19635.2,2642900,457500,42.35,225.0,518200,153250,0.191276,-0.80373,0.00120506,0.00119899,10.662581,10.88631,2023-08-01
27411,2023-07-28 09:15:00,19900.0,19635.2,4598750,923750,31.25,263.4,859300,172050,0.13804,-0.857493,0.00097274,0.00097591,10.686759,10.884955,2023-08-01
24787,2023-07-28 09:16:00,19400.0,19629.05,113250,2082250,290.0,30.3,13300,583800,0.851014,-0.157026,0.00097919,0.00098036,11.182132,11.564833,2023-08-01
19534,2023-07-28 09:16:00,19450.0,19629.05,33150,729450,250.1,39.75,15750,283450,0.796706,-0.208618,0.00119602,0.00118674,11.151082,11.411848,2023-08-01
14278,2023-07-28 09:16:00,19500.0,19629.05,489700,2579950,211.9,51.65,87250,823700,0.733736,-0.27083,0.00140609,0.00138608,11.015614,11.270554,2023-08-01
9021,2023-07-28 09:16:00,19550.0,19629.05,141050,1007750,177.1,65.95,68450,562700,0.659602,-0.342356,0.0015797,0.00156201,10.946931,11.095088,2023-08-01
3761,2023-07-28 09:16:00,19600.0,19629.05,1075200,3105900,145.15,84.0,483300,1602000,0.578105,-0.422876,0.00170207,0.00167987,10.844445,10.99316,2023-08-01
1130,2023-07-28 09:16:00,19650.0,19629.05,906400,1157050,116.2,105.0,785600,1024400,0.491652,-0.50817,0.00175801,0.00173397,10.702834,10.851331,2023-08-01
6392,2023-07-28 09:16:00,19700.0,19629.05,4084500,3610600,91.6,130.4,1331150,884850,0.404256,-0.594304,0.00171801,0.00169439,10.637399,10.795328,2023-08-01
11649,2023-07-28 09:16:00,19750.0,19629.05,1926650,745300,70.4,158.9,610900,289350,0.320276,-0.67744,0.0015996,0.00158296,10.550203,10.69269,2023-08-01
16906,2023-07-28 09:16:00,19800.0,19629.05,10133400,5612450,53.15,192.1,1769350,536050,0.244566,-0.751039,0.00141001,0.00139533,10.507533,10.71986,2023-08-01
22160,2023-07-28 09:16:00,19850.0,19629.05,2642900,457500,39.85,228.85,760550,99050,0.181323,-0.812951,0.00117886,0.00117385,10.548735,10.800757,2023-08-01
27412,2023-07-28 09:16:00,19900.0,19629.05,4598750,923750,29.0,268.55,757500,128500,0.1289,-0.862625,0.00094084,0.0009491,10.544702,10.921269,2023-08-01
24788,2023-07-28 09:17:00,19400.0,19631.75,123250,2491350,292.0,29.0,16800,812200,0.854362,-0.151928,0.00096718,0.00096903,11.149225,11.446929,2023-08-01
19535,2023-07-28 09:17:00,19450.0,19631.75,45600,837650,251.2,38.2,15150,277750,0.802641,-0.202983,0.00118859,0.0011799,11.022141,11.292388,2023-08-01
14279,2023-07-28 09:17:00,19500.0,19631.75,569650,2808950,212.55,49.8,87550,797300,0.740339,-0.264842,0.00140729,0.00138587,10.865207,11.145442,2023-08-01
9022,2023-07-28 09:17:00,19550.0,19631.75,174350,1032300,177.0,64.15,54350,436450,0.666649,-0.336891,0.00159595,0.0015654,10.747175,11.002363,2023-08-01
3762,2023-07-28 09:17:00,19600.0,19631.75,1515300,3829450,145.65,82.05,441100,1533950,0.583485,-0.417753,0.00171458,0.00168838,10.734508,10.908349,2023-08-01
1131,2023-07-28 09:17:00,19650.0,19631.75,1530300,1860250,116.5,103.05,597800,723450,0.496311,-0.503541,0.00177613,0.00174449,10.594914,10.787086,2023-08-01
6393,2023-07-28 09:17:00,19700.0,19631.75,4849150,3841600,91.7,128.2,1190300,627150,0.407918,-0.590342,0.00173959,0.00170946,10.528478,10.725138,2023-08-01
11650,2023-07-28 09:17:00,19750.0,19631.75,2196150,835600,70.8,156.5,464100,233100,0.323585,-0.674325,0.00161598,0.00160019,10.487323,10.618863,2023-08-01
16907,2023-07-28 09:17:00,19800.0,19631.75,10648250,5465250,53.5,190.1,1285050,521700,0.247258,-0.7476,0.00142544,0.00140752,10.454473,10.703908,2023-08-01
22161,2023-07-28 09:17:00,19850.0,19631.75,2747150,451800,40.15,226.05,460550,72350,0.183461,-0.811926,0.00119256,0.00118823,10.503619,10.705588,2023-08-01
27413,2023-07-28 09:17:00,19900.0,19631.75,4840300,875900,29.3,266.7,802300,118450,0.130717,-0.859158,0.00095279,0.00096168,10.513306,10.962225,2023-08-01
24789,2023-07-28 09:18:00,19400.0,19630.7,123250,2491350,292.05,29.15,5800,648100,0.850411,-0.152819,0.00097271,0.00097338,11.2879,11.441581,2023-08-01
19536,2023-07-28 09:18:00,19450.0,19630.7,45600,837650,252.6,38.5,8500,273450,0.795408,-0.204383,0.00118366,0.00118401,11.311169,11.300931,2023-08-01
14280,2023-07-28 09:18:00,19500.0,19630.7,569650,2808950,213.5,50.25,57950,624600,0.735173,-0.266621,0.00139609,0.00138845,11.064987,11.164019,2023-08-01
9023,2023-07-28 09:18:00,19550.0,19630.7,174350,1032300,178.25,64.5,53650,368550,0.662109,-0.338525,0.00157415,0.00156857,10.955224,11.002157,2023-08-01
3763,2023-07-28 09:18:00,19600.0,19630.7,1515300,3829450,145.9,82.55,379000,1495350,0.581063,-0.419579,0.00170296,0.00168901,10.82318,10.916223,2023-08-01
1132,2023-07-28 09:18:00,19650.0,19630.7,1530300,1860250,116.75,103.55,348200,586450,0.494516,-0.505378,0.00176313,0.00174457,10.67392,10.787553,2023-08-01
6394,2023-07-28 09:18:00,19700.0,19630.7,4849150,3841600,91.95,128.55,783600,557400,0.406735,-0.59234,0.00172679,0.00171112,10.600356,10.703415,2023-08-01
11651,2023-07-28 09:18:00,19750.0,19630.7,2196150,835600,71.25,157.6,324750,221850,0.323278,-0.67529,0.00160221,0.00159152,10.57478,10.665158,2023-08-01
16908,2023-07-28 09:18:00,19800.0,19630.7,10648250,5465250,53.8,190.1,718500,229650,0.247203,-0.750703,0.00141602,0.00140886,10.524181,10.625334,2023-08-01
22162,2023-07-28 09:18:00,19850.0,19630.7,2747150,451800,40.3,226.75,375250,40350,0.183369,-0.813417,0.00118656,0.00118364,10.554827,10.695745,2023-08-01
27414,2023-07-28 09:18:00,19900.0,19630.7,4840300,875900,29.45,266.3,802750,24900,0.130856,-0.863969,0.00094904,0.00095404,10.564035,10.792761,2023-08-01
24790,2023-07-28 09:19:00,19400.0,19629.2,123250,2491350,292.9,28.1,15250,487700,0.842549,-0.150154,0.00097977,0.00097892,11.595061,11.2463,2023-08-01
19537,2023-07-28 09:19:00,19450.0,19629.2,45600,837650,250.8,37.35,6200,149450,0.795314,-0.202188,0.00119279,0.00119694,11.229492,11.108785,2023-08-01
14281,2023-07-28 09:19:00,19500.0,19629.2,569650,2808950,214.35,48.95,68000,613550,0.729108,-0.265098,0.00138441,0.00140969,11.288133,10.965652,2023-08-01
9024,2023-07-28 09:19:00,19550.0,19629.2,174350,1032300,178.6,63.3,22900,250050,0.657866,-0.338432,0.0015616,0.00159491,11.097929,10.821053,2023-08-01
3764,2023-07-28 09:19:00,19600.0,19629.2,1515300,3829450,146.7,80.65,237300,872850,0.577381,-0.420409,0.00168003,0.00172981,10.993275,10.664969,2023-08-01
1133,2023-07-28 09:19:00,19650.0,19629.2,1530300,1860250,116.7,101.4,269200,454700,0.491952,-0.508335,0.00175133,0.00179103,10.746376,10.508013,2023-08-01
6395,2023-07-28 09:19:00,19700.0,19629.2,4849150,3841600,91.75,126.0,554350,425700,0.404573,-0.598031,0.00171708,0.00175985,10.647789,10.371912,2023-08-01
11652,2023-07-28 09:19:00,19750.0,19629.2,2196150,835600,70.55,155.2,288900,135300,0.320653,-0.68327,0.00159899,0.00162736,10.561958,10.324157,2023-08-01
16909,2023-07-28 09:19:00,19800.0,19629.2,10648250,5465250,53.35,187.75,824450,178000,0.245114,-0.760763,0.00140949,0.00142839,10.526621,10.251591,2023-08-01
22163,2023-07-28 09:19:00,19850.0,19629.2,2747150,451800,39.7,224.25,239450,25950,0.180949,-0.825567,0.00117996,0.00118424,10.527822,10.249756,2023-08-01
27415,2023-07-28 09:19:00,19900.0,19629.2,4840300,875900,28.8,264.95,774400,25150,0.128282,-0.873547,0.00094064,0.00093842,10.514342,10.43448,2023-08-01
24791,2023-07-28 09:20:00,19350.0,19613.6,27550,898000,324.0,23.5,900,262700,0.865427,-0.122473,0.00084923,0.00083747,12.048083,11.443768,2023-08-01
19538,2023-07-28 09:20:00,19400.0,19613.6,121500,3141250,281.5,30.9,13200,600700,0.823404,-0.165657,0.00104105,0.0010463,11.761299,11.233298,2023-08-01
14282,2023-07-28 09:20:00,19450.0,19613.6,48050,912650,240.75,40.9,19250,318850,0.771655,-0.221151,0.00124605,0.00126375,11.462126,11.098251,2023-08-01
9025,2023-07-28 09:20:00,19500.0,19613.6,620900,3272050,204.1,53.5,90700,959700,0.705693,-0.287653,0.00143096,0.00146772,11.375019,10.972284,2023-08-01
3765,2023-07-28 09:20:00,19550.0,19613.6,209350,1187800,169.25,68.7,98100,479450,0.632333,-0.363585,0.00159233,0.00163919,11.175153,10.815274,2023-08-01
1134,2023-07-28 09:20:00,19600.0,19613.6,1895050,4565100,137.75,87.5,477200,1859900,0.550965,-0.447721,0.0016982,0.00174591,11.003922,10.698571,2023-08-01
6396,2023-07-28 09:20:00,19650.0,19613.6,1894500,2212500,109.5,109.75,762550,1089350,0.464928,-0.535982,0.00173438,0.00177394,10.821121,10.577659,2023-08-01
11653,2023-07-28 09:20:00,19700.0,19613.6,5494900,4013050,85.9,135.7,895800,892550,0.379122,-0.62417,0.00167223,0.00171297,10.745656,10.461749,2023-08-01
16910,2023-07-28 09:20:00,19750.0,19613.6,2307900,893550,65.85,166.35,442900,291900,0.297997,-0.705884,0.00153443,0.00155685,10.668771,10.452067,2023-08-01
22164,2023-07-28 09:20:00,19800.0,19613.6,10954750,5285500,49.3,199.2,1070950,344250,0.22519,-0.781344,0.00133711,0.0013525,10.597961,10.302668,2023-08-01
27416,2023-07-28 09:20:00,19850.0,19613.6,2823600,483850,36.8,237.65,452300,64800,0.165574,-0.839043,0.00110483,0.00110538,10.634747,10.435966,2023-08-01
24792,2023-07-28 09:21:00,19350.0,19603.55,27550,898000,316.9,24.45,250,235100,0.852988,-0.129016,0.00088824,0.00087659,12.238356,11.344073,2023-08-01
19539,2023-07-28 09:21:00,19400.0,19603.55,121500,3141250,273.8,32.2,16650,420200,0.812043,-0.17437,0.00107977,0.00109106,11.797157,11.139012,2023-08-01
14283,2023-07-28 09:21:00,19450.0,19603.55,48050,912650,233.45,42.45,13050,363650,0.758483,-0.231794,0.00128324,0.00131192,11.487128,10.984814,2023-08-01
9026,2023-07-28 09:21:00,19500.0,19603.55,620900,3272050,196.7,55.5,159450,1041050,0.69192,-0.300688,0.00146811,0.00151501,11.324734,10.856138,2023-08-01
3766,2023-07-28 09:21:00,19550.0,19603.55,209350,1187800,162.55,71.25,107600,706750,0.616591,-0.37896,0.00161991,0.00168038,11.137085,10.698436,2023-08-01
1135,2023-07-28 09:21:00,19600.0,19603.55,1895050,4565100,131.65,90.9,703550,2220700,0.533965,-0.465046,0.00171378,0.00177134,10.960365,10.601925,2023-08-01
6397,2023-07-28 09:21:00,19650.0,19603.55,1894500,2212500,104.7,113.8,519850,972400,0.4476,-0.554354,0.00172477,0.00178311,10.835708,10.474258,2023-08-01
11654,2023-07-28 09:21:00,19700.0,19603.55,5494900,4013050,81.35,140.7,1016500,913750,0.362007,-0.642417,0.00165329,0.00169972,10.713543,10.37678,2023-08-01
16911,2023-07-28 09:21:00,19750.0,19603.55,2307900,893550,62.35,170.45,508700,291700,0.282789,-0.726497,0.00149775,0.00154317,10.671575,10.190155,2023-08-01
22165,2023-07-28 09:21:00,19800.0,19603.55,10954750,5285500,46.5,205.35,1015400,376300,0.212122,-0.797708,0.00129173,0.00130927,10.605503,10.173823,2023-08-01
27417,2023-07-28 09:21:00,19850.0,19603.55,2823600,483850,34.55,242.6,428250,37800,0.154797,-0.859062,0.00105742,0.00105109,10.639567,10.052057,2023-08-01
24793,2023-07-28 09:22:00,19350.0,19606.85,27550,898000,314.7,24.1,150,254650,0.871243,-0.12671,0.00086555,0.00086345,11.471644,11.372168,2023-08-01
19540,2023-07-28 09:22:00,19400.0,19606.85,121500,3141250,271.3,31.85,10150,325350,0.830161,-0.171703,0.00107701,0.00107611,11.0953,11.182383,2023-08-01
14284,2023-07-28 09:22:00,19450.0,19606.85,48050,912650,231.2,42.25,8700,214100,0.773988,-0.229019,0.00130187,0.00129394,10.9129,11.061769,2023-08-01
9027,2023-07-28 09:22:00,19500.0,19606.85,620900,3272050,194.1,55.3,135300,803050,0.705476,-0.2972,0.00151034,0.00149439,10.786349,10.946808,2023-08-01
3767,2023-07-28 09:22:00,19550.0,19606.85,209350,1187800,160.2,71.6,135350,375850,0.626749,-0.37519,0.00167471,0.00164991,10.682904,10.861268,2023-08-01
1136,2023-07-28 09:22:00,19600.0,19606.85,1895050,4565100,130.35,91.3,608100,1454250,0.540628,-0.45982,0.00176065,0.00173887,10.650896,10.78556,2023-08-01
6398,2023-07-28 09:22:00,19650.0,19606.85,1894500,2212500,103.3,114.15,384750,550400,0.45187,-0.547483,0.00177496,0.0017534,10.542764,10.674487,2023-08-01
11655,2023-07-28 09:22:00,19700.0,19606.85,5494900,4013050,80.4,141.35,985500,900700,0.364561,-0.633501,0.00169359,0.00167215,10.482673,10.635875,2023-08-01
16912,2023-07-28 09:22:00,19750.0,19606.85,2307900,893550,61.4,172.1,554800,163000,0.283644,-0.713652,0.00153137,0.00151731,10.451544,10.596239,2023-08-01
22166,2023-07-28 09:22:00,19800.0,19606.85,10954750,5285500,46.2,207.0,1073850,303150,0.213259,-0.782763,0.00131309,0.00130486,10.464672,10.644211,2023-08-01
27418,2023-07-28 09:22:00,19850.0,19606.85,2823600,483850,34.5,245.0,280550,24650,0.155937,-0.84005,0.00107273,0.00107303,10.537773,10.712013,2023-08-01
24794,2023-07-28 09:23:00,19350.0,19609.6,27500,958500,316.0,23.45,550,130100,0.877022,-0.123593,0.00085047,0.00085121,11.306419,11.336212,2023-08-01
19541,2023-07-28 09:23:00,19400.0,19609.6,134750,3269650,274.55,30.95,25450,284850,0.829975,-0.167668,0.00106357,0.00106454,11.242665,11.132111,2023-08-01
14285,2023-07-28 09:23:00,19450.0,19609.6,54450,981750,234.0,41.15,9650,185850,0.775717,-0.224414,0.00128547,0.00128514,11.003492,11.009968,2023-08-01
9028,2023-07-28 09:23:00,19500.0,19609.6,755350,3606650,196.75,53.9,79850,511900,0.70822,-0.292041,0.00149229,0.0014908,10.868854,10.884263,2023-08-01
3768,2023-07-28 09:23:00,19550.0,19609.6,306850,1272600,162.8,69.95,125450,338300,0.630334,-0.369926,0.00165552,0.00165235,10.772559,10.795701,2023-08-01
1137,2023-07-28 09:23:00,19600.0,19609.6,2662250,5334850,132.5,89.5,663100,1344500,0.545237,-0.454823,0.00174846,0.00174592,10.711104,10.726838,2023-08-01
6399,2023-07-28 09:23:00,19650.0,19609.6,2256050,2360550,105.45,112.3,359200,441900,0.4571,-0.542859,0.00176433,0.00176281,10.621693,10.630931,2023-08-01
11656,2023-07-28 09:23:00,19700.0,19609.6,6181850,3856050,82.2,139.0,769300,416500,0.370026,-0.629815,0.00169123,0.00168939,10.548409,10.561385,2023-08-01
16913,2023-07-28 09:23:00,19750.0,19609.6,2598300,926000,63.0,169.65,396600,125900,0.289125,-0.710747,0.00153515,0.00153445,10.520352,10.527277,2023-08-01
22167,2023-07-28 09:23:00,19800.0,19609.6,11669900,5400450,47.35,204.5,778550,157300,0.217842,-0.780509,0.00132375,0.00132011,10.508614,10.583396,2023-08-01
27419,2023-07-28 09:23:00,19850.0,19609.6,3011450,495500,35.55,241.95,261250,21500,0.160195,-0.839844,0.00108596,0.00108596,10.594447,10.592772,2023-08-01
24795,2023-07-28 09:24:00,19350.0,19617.6,27500,958500,321.3,22.6,200,120300,0.888995,-0.118124,0.00080903,0.0008199,11.049653,11.396333,2023-08-01
19542,2023-07-28 09:24:00,19400.0,19617.6,134750,3269650,278.0,29.95,6950,232000,0.84788,-0.160908,0.00102889,0.00102912,10.803871,11.208385,2023-08-01
14286,2023-07-28 09:24:00,19450.0,19617.6,54450,981750,238.0,39.9,8300,177950,0.791442,-0.215998,0.00126246,0.00124725,10.738915,11.094846,2023-08-01
9029,2023-07-28 09:24:00,19500.0,19617.6,755350,3606650,200.4,52.5,75550,399400,0.724101,-0.282153,0.00148304,0.00145147,10.64402,10.994738,2023-08-01
3769,2023-07-28 09:24:00,19550.0,19617.6,306850,1272600,165.65,68.2,57400,218950,0.64649,-0.358224,0.00166658,0.00161624,10.535344,10.914406,2023-08-01
1138,2023-07-28 09:24:00,19600.0,19617.6,2662250,5334850,135.1,86.8,611550,971850,0.560196,-0.441256,0.00177138,0.00172575,10.516198,10.80021,2023-08-01
6400,2023-07-28 09:24:00,19650.0,19617.6,2256050,2360550,107.4,109.4,317950,410400,0.470596,-0.528406,0.00180287,0.00175008,10.423327,10.739697,2023-08-01
11657,2023-07-28 09:24:00,19700.0,19617.6,6181850,3856050,83.6,136.05,560100,335600,0.381374,-0.614453,0.00173943,0.00168419,10.350373,10.724547,2023-08-01
16914,2023-07-28 09:24:00,19750.0,19617.6,2598300,926000,64.35,165.9,314700,89900,0.298753,-0.695821,0.00158128,0.00154812,10.365913,10.674092,2023-08-01
22168,2023-07-28 09:24:00,19800.0,19617.6,11669900,5400450,48.3,200.85,705400,201200,0.225181,-0.764993,0.00136863,0.00134254,10.354989,10.811508,2023-08-01
27420,2023-07-28 09:24:00,19850.0,19617.6,3011450,495500,36.25,236.7,168600,39600,0.165629,-0.828428,0.00112487,0.00112301,10.448848,10.706035,2023-08-01
24796,2023-07-28 09:25:00,19350.0,19614.7,27500,958500,321.3,22.75,100,138650,0.877991,-0.119544,0.0008336,0.00083046,11.470291,11.349504,2023-08-01
19543,2023-07-28 09:25:00,19400.0,19614.7,134750,3269650,276.85,30.1,3800,589750,0.840937,-0.16268,0.00104248,0.00104201,10.984117,11.15158,2023-08-01
14287,2023-07-28 09:25:00,19450.0,19614.7,54450,981750,237.1,40.2,1700,136500,0.784214,-0.218627,0.00126814,0.00126181,10.908372,11.046219,2023-08-01
9030,2023-07-28 09:25:00,19500.0,19614.7,755350,3606650,199.05,52.7,60150,348250,0.71833,-0.285105,0.00148699,0.00146886,10.725696,10.921364,2023-08-01
3770,2023-07-28 09:25:00,19550.0,19614.7,306850,1272600,164.75,68.6,85150,201000,0.640383,-0.362142,0.00166084,0.00163256,10.638081,10.848371,2023-08-01
1139,2023-07-28 09:25:00,19600.0,19614.7,2662250,5334850,134.15,87.8,396450,943350,0.55471,-0.446162,0.00176323,0.00173286,10.588489,10.77728,2023-08-01
6401,2023-07-28 09:25:00,19650.0,19614.7,2256050,2360550,106.7,110.4,235850,361350,0.46564,-0.533638,0.00178867,0.00175569,10.497993,10.696883,2023-08-01
11658,2023-07-28 09:25:00,19700.0,19614.7,6181850,3856050,83.25,136.9,476950,370200,0.377385,-0.620235,0.00171941,0.00168944,10.439622,10.64542,2023-08-01
16915,2023-07-28 09:25:00,19750.0,19614.7,2598300,926000,64.0,167.15,265450,113750,0.295482,-0.701417,0.00156281,0.00154466,10.438151,10.611382,2023-08-01
22169,2023-07-28 09:25:00,19800.0,19614.7,11669900,5400450,48.05,201.55,782850,194950,0.222721,-0.772092,0.00135155,0.00133874,10.422943,10.660809,2023-08-01
27421,2023-07-28 09:25:00,19850.0,19614.7,3011450,495500,36.15,239.2,136300,20050,0.164087,-0.830854,0.00111049,0.00110928,10.522686,10.742581,2023-08-01
24797,2023-07-28 09:26:00,19350.0,19610.15,27950,1030300,313.5,23.05,550,128150,0.887979,-0.122031,0.00083298,0.00084761,10.808001,11.285685,2023-08-01
19544,2023-07-28 09:26:00,19400.0,19610.15,152800,3699300,271.25,30.5,4150,755850,0.842224,-0.166017,0.0010639,0.00106251,10.709188,11.084872,2023-08-01
14288,2023-07-28 09:26:00,19450.0,19610.15,64200,1061550,232.2,41.0,2800,136400,0.782148,-0.223653,0.00129686,0.001283,10.729073,11.009483,2023-08-01
9031,2023-07-28 09:26:00,19500.0,19610.15,803000,3916650,195.0,54.1,62350,340900,0.713182,-0.291903,0.00151365,0.00148502,10.631742,10.926596,2023-08-01
3771,2023-07-28 09:26:00,19550.0,19610.15,313000,1451500,161.1,70.45,41450,233750,0.63369,-0.369829,0.00168377,0.00164131,10.562327,10.869702,2023-08-01
1140,2023-07-28 09:26:00,19600.0,19610.15,3077350,5977600,130.85,90.0,349500,1048400,0.546951,-0.45415,0.00177984,0.00173393,10.519283,10.801302,2023-08-01
6402,2023-07-28 09:26:00,19650.0,19610.15,2430150,2472600,103.65,113.35,259650,384700,0.457157,-0.54135,0.00179861,0.00174244,10.421684,10.761918,2023-08-01
11659,2023-07-28 09:26:00,19700.0,19610.15,6368250,3952200,80.9,140.5,486200,380850,0.369052,-0.626744,0.00171459,0.00166551,10.398023,10.743629,2023-08-01
16916,2023-07-28 09:26:00,19750.0,19610.15,2679100,929050,62.0,171.5,187700,92200,0.287622,-0.705766,0.00154988,0.00151359,10.397,10.76,2023-08-01
22170,2023-07-28 09:26:00,19800.0,19610.15,12113450,5280300,46.5,206.55,450800,149850,0.21597,-0.773833,0.00133185,0.00130857,10.394961,10.862896,2023-08-01
27422,2023-07-28 09:26:00,19850.0,19610.15,3111850,506950,34.7,244.0,122650,14450,0.157841,-0.832091,0.00108846,0.00108745,10.470317,10.910094,2023-08-01
24798,2023-07-28 09:27:00,19350.0,19606.1,27950,1030300,310.0,23.85,150,182800,0.884675,-0.126092,0.000851,0.00086524,10.803839,11.315125,2023-08-01
19545,2023-07-28 09:27:00,19400.0,19606.1,152800,3699300,269.35,31.6,15500,627200,0.833455,-0.17129,0.00108207,0.00108008,10.90996,11.129143,2023-08-01
14289,2023-07-28 09:27:00,19450.0,19606.1,64200,1061550,230.1,42.3,10600,230450,0.77434,-0.229631,0.00130866,0.00129813,10.851487,11.047491,2023-08-01
9032,2023-07-28 09:27:00,19500.0,19606.1,803000,3916650,194.0,55.7,105150,768600,0.703536,-0.298616,0.00150839,0.00149539,10.837787,10.968112,2023-08-01
3772,2023-07-28 09:27:00,19550.0,19606.1,313000,1451500,160.35,72.0,91700,498300,0.624774,-0.376559,0.00166756,0.00165027,10.75147,10.876156,2023-08-01
1141,2023-07-28 09:27:00,19600.0,19606.1,3077350,5977600,130.35,92.15,572550,1987750,0.539153,-0.4613,0.00175459,0.00173168,10.696454,10.839132,2023-08-01
6403,2023-07-28 09:27:00,19650.0,19606.1,2430150,2472600,103.3,115.5,536700,838950,0.450696,-0.548365,0.00176847,0.00173801,10.582356,10.770945,2023-08-01
11660,2023-07-28 09:27:00,19700.0,19606.1,6368250,3952200,80.95,142.9,757600,707800,0.364368,-0.633421,0.00167965,0.00165544,10.572449,10.748833,2023-08-01
16917,2023-07-28 09:27:00,19750.0,19606.1,2679100,929050,62.0,174.0,424650,201350,0.284176,-0.712127,0.0015197,0.0015005,10.545953,10.746697,2023-08-01
22171,2023-07-28 09:27:00,19800.0,19606.1,12113450,5280300,46.5,209.2,817600,473400,0.213563,-0.779679,0.00130695,0.0012927,10.527221,10.836723,2023-08-01
27423,2023-07-28 09:27:00,19850.0,19606.1,3111850,506950,34.95,247.2,202600,44900,0.156964,-0.836215,0.00106933,0.00106926,10.621807,10.921952,2023-08-01
24799,2023-07-28 09:28:00,19350.0,19611.1,27950,1030300,313.95,23.5,500,130250,0.890109,-0.123239,0.00082641,0.00084614,10.746401,11.385007,2023-08-01
19546,2023-07-28 09:28:00,19400.0,19611.1,152800,3699300,273.15,30.95,12750,304700,0.839588,-0.166929,0.00105921,0.00105771,10.875178,11.175938,2023-08-01
14290,2023-07-28 09:28:00,19450.0,19611.1,64200,1061550,233.55,41.45,8200,188700,0.781713,-0.22414,0.00128881,0.00127481,10.80979,11.095187,2023-08-01
9033,2023-07-28 09:28:00,19500.0,19611.1,803000,3916650,197.35,54.3,91300,471800,0.711302,-0.291404,0.0014917,0.00147653,10.82281,10.981935,2023-08-01
3773,2023-07-28 09:28:00,19550.0,19611.1,313000,1451500,163.3,70.4,79800,305550,0.633339,-0.368614,0.00165823,0.00163497,10.729656,10.901398,2023-08-01
1142,2023-07-28 09:28:00,19600.0,19611.1,3077350,5977600,132.65,89.9,500500,1028850,0.548119,-0.45263,0.00175827,0.00172826,10.645812,10.833099,2023-08-01
6404,2023-07-28 09:28:00,19650.0,19611.1,2430150,2472600,105.3,112.75,380650,352400,0.459355,-0.539755,0.0017799,0.00174511,10.538508,10.751041,2023-08-01
11661,2023-07-28 09:28:00,19700.0,19611.1,6368250,3952200,82.3,139.45,560650,411450,0.371896,-0.625766,0.0017025,0.00167475,10.499184,10.694461,2023-08-01
16918,2023-07-28 09:28:00,19750.0,19611.1,2679100,929050,63.0,170.5,241050,112650,0.290387,-0.705067,0.00154639,0.00152104,10.468714,10.720221,2023-08-01
22172,2023-07-28 09:28:00,19800.0,19611.1,12113450,5280300,47.2,204.35,866050,183550,0.218331,-0.776322,0.00133386,0.00132159,10.445897,10.689872,2023-08-01
27424,2023-07-28 09:28:00,19850.0,19611.1,3111850,506950,35.4,242.55,253550,30500,0.160328,-0.833157,0.00109309,0.00109226,10.534512,10.818769,2023-08-01
24800,2023-07-28 09:29:00,19350.0,19609.8,28800,1101550,313.65,23.75,50,155900,0.886018,-0.124504,0.0008373,0.00085168,10.889156,11.393721,2023-08-01
19547,2023-07-28 09:29:00,19400.0,19609.8,166200,4357600,273.25,31.2,1750,207850,0.834587,-0.168294,0.0010644,0.00106341,11.041983,11.176086,2023-08-01
14291,2023-07-28 09:29:00,19450.0,19609.8,72650,1153900,233.55,41.65,13050,114450,0.777475,-0.225502,0.00128843,0.00128101,10.934391,11.081047,2023-08-01
9034,2023-07-28 09:29:00,19500.0,19609.8,866000,4187300,196.8,54.75,104000,418450,0.708667,-0.29343,0.00149259,0.00148058,10.864147,10.988861,2023-08-01
3774,2023-07-28 09:29:00,19550.0,19609.8,377850,1601650,162.85,70.95,67950,220550,0.630734,-0.370826,0.00165618,0.00163717,10.769623,10.909599,2023-08-01
1143,2023-07-28 09:29:00,19600.0,19609.8,3349700,6150900,132.3,90.4,372950,711750,0.545681,-0.454856,0.00175336,0.0017306,10.684913,10.827147,2023-08-01
6405,2023-07-28 09:29:00,19650.0,19609.8,2631000,2491350,104.9,113.3,285450,244800,0.457143,-0.542074,0.00177501,0.00174596,10.562935,10.740951,2023-08-01
11662,2023-07-28 09:29:00,19700.0,19609.8,6568250,4043400,81.85,140.1,389700,287950,0.369798,-0.628072,0.00169795,0.00167322,10.509586,10.684767,2023-08-01
16919,2023-07-28 09:29:00,19750.0,19609.8,2757350,907350,62.5,171.15,184150,79200,0.288285,-0.707412,0.00154194,0.00151844,10.464672,10.700548,2023-08-01
22173,2023-07-28 09:29:00,19800.0,19609.8,12329350,5103600,46.8,205.1,339300,108750,0.216514,-0.778486,0.001328,0.00131691,10.443023,10.670135,2023-08-01
27425,2023-07-28 09:29:00,19850.0,19609.8,3122500,515400,34.95,243.0,190650,22200,0.158436,-0.836179,0.0010868,0.00108659,10.515081,10.748998,2023-08-01
24801,2023-07-28 09:30:00,19350.0,19617.7,28800,1101550,318.15,22.9,350,119950,0.901218,-0.119079,0.00078463,0.00082094,10.475378,11.452417,2023-08-01
19548,2023-07-28 09:30:00,19400.0,19617.7,166200,4357600,278.9,30.2,3750,270750,0.845284,-0.161594,0.00102887,0.00102864,10.93121,11.250276,2023-08-01
14292,2023-07-28 09:30:00,19450.0,19617.7,72650,1153900,238.55,40.3,11150,112350,0.790249,-0.21693,0.00125953,0.00124463,10.805286,11.151277,2023-08-01
9035,2023-07-28 09:30:00,19500.0,19617.7,866000,4187300,200.95,52.75,89600,449750,0.723227,-0.282533,0.00147773,0.00144857,10.704054,11.029268,2023-08-01
3775,2023-07-28 09:30:00,19550.0,19617.7,377850,1601650,166.5,68.35,69150,218250,0.645582,-0.358288,0.00165518,0.00161384,10.622773,10.9366,2023-08-01
1144,2023-07-28 09:30:00,19600.0,19617.7,3349700,6150900,135.75,87.5,524650,813100,0.56004,-0.441461,0.00176167,0.00171458,10.579926,10.876686,2023-08-01
6406,2023-07-28 09:30:00,19650.0,19617.7,2631000,2491350,108.0,110.0,344600,321400,0.470921,-0.528072,0.00179383,0.00174035,10.481556,10.805609,2023-08-01
11663,2023-07-28 09:30:00,19700.0,19617.7,6568250,4043400,84.35,136.3,426850,306100,0.382317,-0.614015,0.00172913,0.00168045,10.424869,10.757228,2023-08-01
16920,2023-07-28 09:30:00,19750.0,19617.7,2757350,907350,64.7,166.35,234750,59150,0.299463,-0.694832,0.00157812,0.0015431,10.402947,10.729492,2023-08-01
22174,2023-07-28 09:30:00,19800.0,19617.7,12329350,5103600,48.5,200.9,374500,101150,0.225708,-0.764671,0.00136799,0.00134231,10.378569,10.826783,2023-08-01
27426,2023-07-28 09:30:00,19850.0,19617.7,3122500,515400,36.45,237.9,158400,15000,0.166227,-0.824803,0.00112517,0.00112172,10.475474,10.867255,2023-08-01
24802,2023-07-28 09:31:00,19350.0,19625.0,28800,1101550,324.05,22.05,250,163500,0.908758,-0.113945,0.00074639,0.00079279,10.383409,11.490767,2023-08-01
19549,2023-07-28 09:31:00,19400.0,19625.0,166200,4357600,283.2,29.1,14100,335700,0.858368,-0.154989,0.00099288,0.0009972,10.673969,11.288267,2023-08-01
14293,2023-07-28 09:31:00,19450.0,19625.0,72650,1153900,242.45,39.05,14200,156700,0.8043,-0.209155,0.00123406,0.00121163,10.577559,11.210457,2023-08-01
9036,2023-07-28 09:31:00,19500.0,19625.0,866000,4187300,205.0,51.3,111150,524200,0.736507,-0.273402,0.00145996,0.00141532,10.567989,11.105545,2023-08-01
3776,2023-07-28 09:31:00,19550.0,19625.0,377850,1601650,170.25,66.6,78500,276800,0.659064,-0.34768,0.00164776,0.00158356,10.516113,11.023087,2023-08-01
1145,2023-07-28 09:31:00,19600.0,19625.0,3349700,6150900,139.1,85.15,836850,1173050,0.573444,-0.429406,0.00176608,0.00169444,10.490162,10.948105,2023-08-01
6407,2023-07-28 09:31:00,19650.0,19625.0,2631000,2491350,110.9,107.0,508000,383800,0.483864,-0.515259,0.00181038,0.00173377,10.401855,10.86242,2023-08-01
11664,2023-07-28 09:31:00,19700.0,19625.0,6568250,4043400,86.85,133.0,777950,472000,0.394296,-0.600946,0.00175526,0.0016832,10.358164,10.836601,2023-08-01
16921,2023-07-28 09:31:00,19750.0,19625.0,2757350,907350,66.7,163.15,307100,98150,0.309904,-0.681164,0.00161231,0.00155112,10.335723,10.874935,2023-08-01
22175,2023-07-28 09:31:00,19800.0,19625.0,12329350,5103600,50.0,196.5,519350,167100,0.234189,-0.75326,0.0014061,0.00136743,10.304916,10.901962,2023-08-01
27427,2023-07-28 09:31:00,19850.0,19625.0,3122500,515400,37.4,234.25,176600,13450,0.172265,-0.811523,0.00116173,0.00114989,10.37793,11.093626,2023-08-01
24803,2023-07-28 09:32:00,19400.0,19634.2,168250,4422900,286.45,28.35,32500,347750,0.883869,-0.148819,0.00092806,0.00095879,9.945677,11.423445,2023-08-01
19550,2023-07-28 09:32:00,19450.0,19634.2,87200,1202000,246.45,37.85,14650,154150,0.825651,-0.200558,0.00119846,0.00116923,10.133254,11.32625,2023-08-01
14294,2023-07-28 09:32:00,19500.0,19634.2,925600,4457800,208.05,50.0,112450,521650,0.758769,-0.263252,0.0014531,0.00136965,10.131081,11.255189,2023-08-01
9037,2023-07-28 09:32:00,19550.0,19634.2,381650,1720000,173.05,65.15,85050,324350,0.679662,-0.335687,0.00166317,0.00153675,10.15838,11.204175,2023-08-01
3777,2023-07-28 09:32:00,19600.0,19634.2,3454600,6609600,141.2,83.3,731200,1015150,0.592431,-0.41526,0.0018061,0.00165282,10.149805,11.140269,2023-08-01
1146,2023-07-28 09:32:00,19650.0,19634.2,2746900,2646200,113.0,105.0,542900,413200,0.500418,-0.499223,0.00185833,0.00169761,10.137817,11.097618,2023-08-01
6408,2023-07-28 09:32:00,19700.0,19634.2,6654450,4082950,88.25,130.6,879650,478400,0.408081,-0.583312,0.00181706,0.00166045,10.091687,11.097661,2023-08-01
11665,2023-07-28 09:32:00,19750.0,19634.2,2827950,935800,67.95,159.7,287250,100550,0.321166,-0.663468,0.00167266,0.00155226,10.111609,11.103063,2023-08-01
16922,2023-07-28 09:32:00,19800.0,19634.2,12376850,5118450,51.0,193.05,522550,138500,0.242989,-0.734651,0.00146253,0.00138075,10.105444,11.209963,2023-08-01
22176,2023-07-28 09:32:00,19850.0,19634.2,3096700,521700,37.9,229.55,157050,21950,0.178046,-0.795475,0.00121096,0.0011812,10.162705,11.343513,2023-08-01
27428,2023-07-28 09:32:00,19900.0,19634.2,5281150,833650,27.75,270.3,324950,25850,0.126328,-0.841186,0.00095664,0.00097723,10.236954,11.70062,2023-08-01
24804,2023-07-28 09:33:00,19400.0,19632.95,168250,4422900,284.35,29.1,6250,198900,0.886853,-0.151648,0.0009276,0.00096437,9.769378,11.502382,2023-08-01
19551,2023-07-28 09:33:00,19450.0,19632.95,87200,1202000,243.9,38.75,3450,95850,0.829304,-0.203649,0.00120833,0.0011718,9.917129,11.406954,2023-08-01
14295,2023-07-28 09:33:00,19500.0,19632.95,925600,4457800,206.15,51.2,53100,300050,0.759451,-0.266715,0.00146794,0.00136696,10.014654,11.354189,2023-08-01
9038,2023-07-28 09:33:00,19550.0,19632.95,381650,1720000,171.45,66.5,54850,176950,0.678884,-0.338903,0.00167846,0.00152917,10.077467,11.303018,2023-08-01
3778,2023-07-28 09:33:00,19600.0,19632.95,3454600,6609600,140.1,85.1,407700,671100,0.590458,-0.418213,0.00181456,0.00163653,10.115782,11.270717,2023-08-01
1147,2023-07-28 09:33:00,19650.0,19632.95,2746900,2646200,111.8,107.1,292500,237300,0.498058,-0.501268,0.00186816,0.00167551,10.085862,11.245595,2023-08-01
6409,2023-07-28 09:33:00,19700.0,19632.95,6654450,4082950,87.55,132.8,498300,259700,0.405679,-0.584215,0.00181692,0.00163778,10.079192,11.247436,2023-08-01
11666,2023-07-28 09:33:00,19750.0,19632.95,2827950,935800,66.85,162.5,200600,68850,0.317972,-0.662488,0.00167646,0.00152578,10.047972,11.310177,2023-08-01
16923,2023-07-28 09:33:00,19800.0,19632.95,12376850,5118450,50.4,195.9,452650,144100,0.240631,-0.732381,0.00145837,0.00136057,10.082256,11.426982,2023-08-01
22177,2023-07-28 09:33:00,19850.0,19632.95,3096700,521700,37.3,232.05,208000,13350,0.175657,-0.793084,0.00120507,0.00117025,10.127004,11.530591,2023-08-01
27429,2023-07-28 09:33:00,19900.0,19632.95,5281150,833650,27.25,272.0,317450,95300,0.124258,-0.84044,0.0009492,0.00097246,10.200331,11.795861,2023-08-01
24805,2023-07-28 09:34:00,19400.0,19633.6,168250,4422900,285.55,28.35,2450,624650,0.88484,-0.14905,0.0009287,0.00096122,9.881556,11.40857,2023-08-01
19552,2023-07-28 09:34:00,19450.0,19633.6,87200,1202000,244.15,37.95,3150,132000,0.831017,-0.201158,0.00120519,0.00117191,9.879324,11.322799,2023-08-01
14296,2023-07-28 09:34:00,19500.0,19633.6,925600,4457800,207.45,50.3,58550,312950,0.758282,-0.264343,0.0014574,0.00137081,10.114249,11.271627,2023-08-01
9039,2023-07-28 09:34:00,19550.0,19633.6,381650,1720000,172.4,65.45,50950,183550,0.679078,-0.336743,0.00166883,0.00153738,10.133599,11.215447,2023-08-01
3779,2023-07-28 09:34:00,19600.0,19633.6,3454600,6609600,140.85,84.1,375600,642350,0.591328,-0.416643,0.00180713,0.00164597,10.152683,11.197234,2023-08-01
1148,2023-07-28 09:34:00,19650.0,19633.6,2746900,2646200,112.6,105.55,305400,326500,0.49929,-0.500238,0.00185989,0.00169383,10.131271,11.124562,2023-08-01
6410,2023-07-28 09:34:00,19700.0,19633.6,6654450,4082950,87.75,131.2,492800,256750,0.406768,-0.584111,0.00181975,0.00165591,10.070704,11.125444,2023-08-01
11667,2023-07-28 09:34:00,19750.0,19633.6,2827950,935800,67.35,160.55,151950,48200,0.319502,-0.663721,0.00167546,0.00154517,10.074817,11.152931,2023-08-01
16924,2023-07-28 09:34:00,19800.0,19633.6,12376850,5118450,50.35,193.7,689000,129450,0.240963,-0.735011,0.00146345,0.00137672,10.055298,11.237204,2023-08-01
22178,2023-07-28 09:34:00,19850.0,19633.6,3096700,521700,37.5,230.4,161000,9800,0.176557,-0.7952,0.00120835,0.00117727,10.132791,11.392635,2023-08-01
27430,2023-07-28 09:34:00,19900.0,19633.6,5281150,833650,27.3,270.75,186200,90250,0.124622,-0.841848,0.00095212,0.00097487,10.190434,11.699091,2023-08-01
24806,2023-07-28 09:35:00,19350.0,19624.3,27850,1153200,317.55,22.35,3500,174850,0.934391,-0.115156,0.0006601,0.00079657,9.143569,11.526815,2023-08-01
19553,2023-07-28 09:35:00,19400.0,19624.3,158350,4726100,279.55,29.5,6800,372650,0.868601,-0.156505,0.00098775,0.00100027,10.196561,11.330142,2023-08-01
14297,2023-07-28 09:35:00,19450.0,19624.3,84200,1254200,239.1,39.7,11500,203400,0.811846,-0.211248,0.0012488,0.00121223,10.207844,11.274692,2023-08-01
9040,2023-07-28 09:35:00,19500.0,19624.3,929850,4566250,201.85,52.35,96250,579650,0.741519,-0.276076,0.00148915,0.00141008,10.262746,11.204536,2023-08-01
3780,2023-07-28 09:35:00,19550.0,19624.3,392650,1779700,167.25,68.1,92550,423850,0.661712,-0.350435,0.00168617,0.00156963,10.249605,11.157163,2023-08-01
1149,2023-07-28 09:35:00,19600.0,19624.3,3459600,6961900,136.4,87.2,724450,1481300,0.573687,-0.431609,0.0018054,0.00166965,10.264264,11.125588,2023-08-01
6411,2023-07-28 09:35:00,19650.0,19624.3,2835400,2834200,108.5,109.4,573150,662150,0.482152,-0.516107,0.00184552,0.00170244,10.205646,11.065404,2023-08-01
11668,2023-07-28 09:35:00,19700.0,19624.3,6717700,4114100,84.7,135.35,825000,635200,0.391107,-0.600327,0.00178274,0.00165473,10.179192,11.031536,2023-08-01
16925,2023-07-28 09:35:00,19750.0,19624.3,2820200,954650,64.8,165.0,321450,176150,0.305752,-0.680014,0.00162972,0.00153337,10.168572,11.021461,2023-08-01
22179,2023-07-28 09:35:00,19800.0,19624.3,12618600,5105850,48.35,199.7,622950,190900,0.229583,-0.748351,0.00141296,0.00134525,10.145717,11.202468,2023-08-01
27431,2023-07-28 09:35:00,19850.0,19624.3,3087200,521100,36.0,235.4,271800,35800,0.167744,-0.810737,0.00115955,0.00114527,10.225341,11.170965,2023-08-01
24807,2023-07-28 09:36:00,19400.0,19637.9,158350,4726100,290.15,27.15,8950,284650,0.885124,-0.14353,0.00091226,0.0009426,10.041481,11.342161,2023-08-01
19554,2023-07-28 09:36:00,19450.0,19637.9,84200,1254200,249.4,36.4,11500,203200,0.830098,-0.194526,0.00117893,0.00115623,10.133997,11.245563,2023-08-01
14298,2023-07-28 09:36:00,19500.0,19637.9,929850,4566250,211.9,48.55,106500,595700,0.761262,-0.257269,0.0014259,0.00135955,10.267397,11.206873,2023-08-01
9041,2023-07-28 09:36:00,19550.0,19637.9,392650,1779700,176.15,63.1,117150,286050,0.684723,-0.328808,0.00164138,0.00153597,10.225682,11.119672,2023-08-01
3781,2023-07-28 09:36:00,19600.0,19637.9,3459600,6961900,144.15,81.35,733200,1045500,0.598437,-0.408799,0.00178652,0.00165366,10.224079,11.095096,2023-08-01
1150,2023-07-28 09:36:00,19650.0,19637.9,2835400,2834200,115.2,102.45,617300,518500,0.507269,-0.492942,0.00185363,0.00170956,10.163268,11.019846,2023-08-01
6412,2023-07-28 09:36:00,19700.0,19637.9,6717700,4114100,90.5,127.35,774900,436700,0.415275,-0.578095,0.00181439,0.0016836,10.149727,10.976398,2023-08-01
11669,2023-07-28 09:36:00,19750.0,19637.9,2820200,954650,69.3,156.5,275100,110800,0.327251,-0.659093,0.00168643,0.00157364,10.108137,11.008346,2023-08-01
16926,2023-07-28 09:36:00,19800.0,19637.9,12618600,5105850,52.05,189.9,572600,140500,0.248165,-0.730899,0.00148061,0.00139953,10.097107,11.139723,2023-08-01
22180,2023-07-28 09:36:00,19850.0,19637.9,3087200,521100,38.6,225.85,148150,8650,0.181895,-0.793611,0.00123042,0.00120007,10.138608,11.226954,2023-08-01
27432,2023-07-28 09:36:00,19900.0,19637.9,5442800,771500,27.95,264.6,518000,35150,0.128154,-0.84546,0.00097307,0.00099114,10.166476,11.332671,2023-08-01
24808,2023-07-28 09:37:00,19400.0,19645.9,158350,4726100,295.05,25.85,12150,377100,0.900463,-0.136289,0.00085285,0.00090902,9.68284,11.350884,2023-08-01
19555,2023-07-28 09:37:00,19450.0,19645.9,84200,1254200,253.85,34.65,10650,277400,0.846488,-0.185309,0.0011364,0.00112228,9.837341,11.241446,2023-08-01
14299,2023-07-28 09:37:00,19500.0,19645.9,929850,4566250,215.35,46.2,112600,736000,0.77954,-0.246046,0.0014066,0.0013303,9.950753,11.182904,2023-08-01
9042,2023-07-28 09:37:00,19550.0,19645.9,392650,1779700,179.0,60.45,119250,359250,0.702924,-0.316564,0.00164524,0.00151194,9.933642,11.116753,2023-08-01
3782,2023-07-28 09:37:00,19600.0,19645.9,3459600,6961900,146.65,78.0,836650,1136800,0.615278,-0.395441,0.00180867,0.0016421,9.976366,11.074386,2023-08-01
1151,2023-07-28 09:37:00,19650.0,19645.9,2835400,2834200,117.6,98.85,573150,496800,0.52242,-0.479292,0.00188549,0.00170554,9.974163,11.029116,2023-08-01
6413,2023-07-28 09:37:00,19700.0,19645.9,6717700,4114100,92.2,123.45,820800,487700,0.428372,-0.564378,0.00186197,0.00168828,9.952626,11.011316,2023-08-01
11670,2023-07-28 09:37:00,19750.0,19645.9,2820200,954650,70.7,151.65,301850,136200,0.338146,-0.646489,0.00173767,0.00159496,9.934943,11.004253,2023-08-01
16927,2023-07-28 09:37:00,19800.0,19645.9,12618600,5105850,52.9,184.15,854150,299800,0.25622,-0.720429,0.00153318,0.00143154,9.913366,11.094188,2023-08-01
22181,2023-07-28 09:37:00,19850.0,19645.9,3087200,521100,39.3,220.7,263300,21200,0.188028,-0.782369,0.00127584,0.00122938,9.977987,11.30095,2023-08-01
27433,2023-07-28 09:37:00,19900.0,19645.9,5442800,771500,28.5,259.85,393900,103850,0.132649,-0.83342,0.00101047,0.00102373,10.0232,11.519334,2023-08-01
24809,2023-07-28 09:38:00,19400.0,19647.9,165850,4807050,295.6,25.15,9400,247350,0.907384,-0.133253,0.00082821,0.00089964,9.456124,11.293042,2023-08-01
19556,2023-07-28 09:38:00,19450.0,19647.9,92900,1386000,253.65,33.8,6800,189400,0.855632,-0.181831,0.00112247,0.00111484,9.558819,11.183359,2023-08-01
14300,2023-07-28 09:38:00,19500.0,19647.9,962550,4598300,215.95,45.05,71850,744000,0.785025,-0.241944,0.00140266,0.00132712,9.834507,11.108318,2023-08-01
9043,2023-07-28 09:38:00,19550.0,19647.9,410500,1797550,179.65,59.15,54750,232050,0.707751,-0.312454,0.00164652,0.00151317,9.850978,11.045564,2023-08-01
3783,2023-07-28 09:38:00,19600.0,19647.9,3429900,7107900,147.5,76.8,483400,706400,0.619348,-0.391763,0.00181024,0.00164424,9.935857,11.031213,2023-08-01
1152,2023-07-28 09:38:00,19650.0,19647.9,2910550,2972800,117.75,97.05,415150,377700,0.526392,-0.47573,0.00190198,0.00171821,9.881478,10.941994,2023-08-01
6414,2023-07-28 09:38:00,19700.0,19647.9,6749550,4111950,92.35,121.85,534300,325250,0.431532,-0.561326,0.00187911,0.00169855,9.875671,10.957897,2023-08-01
11671,2023-07-28 09:38:00,19750.0,19647.9,2816850,943100,70.8,149.95,218550,76700,0.340536,-0.643967,0.00175454,0.0016064,9.865865,10.953284,2023-08-01
16928,2023-07-28 09:38:00,19800.0,19647.9,12767200,5040800,52.55,182.35,1023650,318600,0.256957,-0.71849,0.00155222,0.0014429,9.806182,11.043463,2023-08-01
22182,2023-07-28 09:38:00,19850.0,19647.9,3130600,510850,38.85,218.45,177450,19750,0.187753,-0.781857,0.00128962,0.00124129,9.862311,11.207445,2023-08-01
27434,2023-07-28 09:38:00,19900.0,19647.9,5801600,741600,28.1,258.8,440250,35850,0.13198,-0.830084,0.00101816,0.00103134,9.912624,11.580874,2023-08-01
24810,2023-07-28 09:39:00,19400.0,19650.4,165850,4807050,298.6,25.1,8250,237450,0.905888,-0.132187,0.00082443,0.00089015,9.612191,11.349953,2023-08-01
19557,2023-07-28 09:39:00,19450.0,19650.4,92900,1386000,256.85,33.75,12700,117650,0.854139,-0.180395,0.00111005,0.00110295,9.732486,11.247463,2023-08-01
14301,2023-07-28 09:39:00,19500.0,19650.4,962550,4598300,217.45,44.85,68950,394950,0.789765,-0.239677,0.00139193,0.00131386,9.781653,11.162517,2023-08-01
9044,2023-07-28 09:39:00,19550.0,19650.4,410500,1797550,182.0,58.7,63300,228150,0.710588,-0.30926,0.00162778,0.0015012,9.918614,11.08355,2023-08-01
3784,2023-07-28 09:39:00,19600.0,19650.4,3429900,7107900,149.0,76.0,483500,777300,0.62395,-0.387809,0.00180463,0.001637,9.929008,11.047594,2023-08-01
1153,2023-07-28 09:39:00,19650.0,19650.4,2910550,2972800,119.35,96.55,515200,413300,0.531082,-0.471573,0.00189606,0.00170726,9.903435,11.004086,2023-08-01
6415,2023-07-28 09:39:00,19700.0,19650.4,6749550,4111950,93.6,120.8,730350,401800,0.436269,-0.556945,0.00188152,0.00169738,9.88235,10.983081,2023-08-01
11672,2023-07-28 09:39:00,19750.0,19650.4,2816850,943100,71.8,149.0,288900,91000,0.344933,-0.639289,0.00176278,0.00160584,9.866986,11.006508,2023-08-01
16929,2023-07-28 09:39:00,19800.0,19650.4,12767200,5040800,53.5,181.0,747650,279000,0.261172,-0.714337,0.00156275,0.0014489,9.821967,11.074657,2023-08-01
22183,2023-07-28 09:39:00,19850.0,19650.4,3130600,510850,39.6,216.0,131200,16200,0.191295,-0.78033,0.00130272,0.00125467,9.875555,11.132022,2023-08-01
27435,2023-07-28 09:39:00,19900.0,19650.4,5801600,741600,28.55,255.95,536350,34800,0.134363,-0.830029,0.0010314,0.00104217,9.906207,11.46242,2023-08-01
24811,2023-07-28 09:40:00,19400.0,19649.95,165850,4807050,297.1,25.7,17550,224050,0.910419,-0.13431,0.00081298,0.00089346,9.398715,11.433704,2023-08-01
19558,2023-07-28 09:40:00,19450.0,19649.95,92900,1386000,255.9,34.4,6950,179350,0.855808,-0.182477,0.00111157,0.00110353,9.645166,11.323815,2023-08-01
14302,2023-07-28 09:40:00,19500.0,19649.95,962550,4598300,217.45,45.8,94550,444850,0.788096,-0.242187,0.0013921,0.00130965,9.826927,11.263259,2023-08-01
9045,2023-07-28 09:40:00,19550.0,19649.95,410500,1797550,181.5,59.7,141800,236050,0.710238,-0.311365,0.00163214,0.00149311,9.898809,11.177681,2023-08-01
3785,2023-07-28 09:40:00,19600.0,19649.95,3429900,7107900,148.4,77.1,524950,835700,0.623512,-0.38943,0.00181127,0.00162513,9.897207,11.14281,2023-08-01
1154,2023-07-28 09:40:00,19650.0,19649.95,2910550,2972800,119.15,97.25,605700,490600,0.530212,-0.472445,0.00189549,0.00170008,9.909103,11.053458,2023-08-01
6416,2023-07-28 09:40:00,19700.0,19649.95,6749550,4111950,93.3,121.75,801950,458300,0.43536,-0.557324,0.00188247,0.00168653,9.874743,11.053429,2023-08-01
11673,2023-07-28 09:40:00,19750.0,19649.95,2816850,943100,71.7,150.3,307050,94750,0.344258,-0.63873,0.00176011,0.00159183,9.875738,11.110429,2023-08-01
16930,2023-07-28 09:40:00,19800.0,19649.95,12767200,5040800,53.6,182.15,712050,194350,0.261036,-0.713408,0.00155816,0.00143951,9.849282,11.165309,2023-08-01
22184,2023-07-28 09:40:00,19850.0,19649.95,3130600,510850,39.55,218.1,212000,22450,0.190898,-0.776711,0.00130006,0.0012438,9.884247,11.335835,2023-08-01
27436,2023-07-28 09:40:00,19900.0,19649.95,5801600,741600,28.5,256.95,552600,75100,0.13403,-0.828753,0.0010291,0.00103974,9.912489,11.545555,2023-08-01
24812,2023-07-28 09:41:00,19400.0,19644.7,174100,4801900,294.75,26.45,15950,141050,0.896252,-0.138656,0.00086668,0.00091494,9.824051,11.415215,2023-08-01
19559,2023-07-28 09:41:00,19450.0,19644.7,98850,1398800,250.95,35.4,2600,108050,0.852177,-0.188029,0.00114147,0.001126,9.554145,11.310215,2023-08-01
14303,2023-07-28 09:41:00,19500.0,19644.7,972100,4812050,215.0,46.8,51050,266950,0.776248,-0.248264,0.00140863,0.00133296,10.024685,11.218622,2023-08-01
9046,2023-07-28 09:41:00,19550.0,19644.7,418300,1867100,178.55,61.1,60500,184450,0.70016,-0.318789,0.00164519,0.00151288,9.979747,11.147114,2023-08-01
3786,2023-07-28 09:41:00,19600.0,19644.7,3361000,7435300,146.35,78.8,396000,532000,0.612604,-0.397706,0.00180417,0.00163996,10.025425,11.110215,2023-08-01
1155,2023-07-28 09:41:00,19650.0,19644.7,3003800,3187100,117.05,99.8,403500,361400,0.520122,-0.481402,0.00188425,0.00170029,9.987687,11.070357,2023-08-01
6417,2023-07-28 09:41:00,19700.0,19644.7,6931000,4205350,91.9,124.3,610300,317600,0.426317,-0.566296,0.00185556,0.00168406,9.981338,11.034299,2023-08-01
11674,2023-07-28 09:41:00,19750.0,19644.7,2928750,962550,70.4,152.45,188900,78700,0.336316,-0.648331,0.00173117,0.00159114,9.955151,11.01431,2023-08-01
16931,2023-07-28 09:41:00,19800.0,19644.7,12465300,4825050,52.45,185.0,482100,218100,0.254203,-0.722089,0.00152813,0.00142699,9.908956,11.101627,2023-08-01
22185,2023-07-28 09:41:00,19850.0,19644.7,3173950,513950,38.8,220.8,144050,7000,0.185905,-0.785736,0.00127005,0.00122824,9.957239,11.214093,2023-08-01
27437,2023-07-28 09:41:00,19900.0,19644.7,5999000,735500,27.95,260.25,252350,39950,0.130366,-0.836139,0.00100291,0.0010191,9.982265,11.453497,2023-08-01
24813,2023-07-28 09:42:00,19400.0,19642.85,174100,4801900,292.1,26.95,16100,226600,0.899044,-0.14095,0.00086654,0.00092298,9.634298,11.444603,2023-08-01
19560,2023-07-28 09:42:00,19450.0,19642.85,98850,1398800,253.15,35.9,1450,173050,0.836677,-0.190403,0.00115295,0.00113349,10.104055,11.324656,2023-08-01
14304,2023-07-28 09:42:00,19500.0,19642.85,972100,4812050,212.4,47.5,31550,273700,0.776983,-0.251191,0.00142739,0.00133853,9.876201,11.243701,2023-08-01
9047,2023-07-28 09:42:00,19550.0,19642.85,418300,1867100,177.0,62.15,31900,162050,0.697631,-0.32229,0.00165651,0.00151343,9.950925,11.195965,2023-08-01
3787,2023-07-28 09:42:00,19600.0,19642.85,3361000,7435300,144.25,79.9,232450,513800,0.610261,-0.401061,0.00182518,0.00163817,9.928912,11.148983,2023-08-01
1156,2023-07-28 09:42:00,19650.0,19642.85,3003800,3187100,115.45,100.9,264400,323800,0.516703,-0.484576,0.00189621,0.00169732,9.930357,11.095443,2023-08-01
6418,2023-07-28 09:42:00,19700.0,19642.85,6931000,4205350,90.45,125.75,378600,243950,0.422418,-0.569111,0.00186292,0.00167523,9.924765,11.080875,2023-08-01
11675,2023-07-28 09:42:00,19750.0,19642.85,2928750,962550,69.25,154.55,149950,70950,0.332412,-0.649946,0.00173095,0.00157441,9.91257,11.114734,2023-08-01
16932,2023-07-28 09:42:00,19800.0,19642.85,12465300,4825050,51.65,187.55,304500,99050,0.25087,-0.722179,0.00152125,0.00140906,9.886521,11.243103,2023-08-01
22186,2023-07-28 09:42:00,19850.0,19642.85,3173950,513950,38.25,223.8,138400,68550,0.183316,-0.784017,0.00126041,0.00121326,9.947976,11.407305,2023-08-01
27438,2023-07-28 09:42:00,19900.0,19642.85,5999000,735500,27.45,262.55,176700,11900,0.128048,-0.835646,0.00099255,0.00101133,9.96358,11.566012,2023-08-01
24814,2023-07-28 09:43:00,19400.0,19637.65,174100,4801900,287.1,27.5,12150,201000,0.896522,-0.144701,0.00089056,0.00094414,9.547553,11.392538,2023-08-01
19561,2023-07-28 09:43:00,19450.0,19637.65,98850,1398800,247.0,36.7,2350,179750,0.837281,-0.195447,0.00118305,0.00115654,9.826675,11.281525,2023-08-01
14305,2023-07-28 09:43:00,19500.0,19637.65,972100,4812050,209.4,48.55,35650,298600,0.766944,-0.257431,0.00144678,0.00136133,9.99166,11.202403,2023-08-01
9048,2023-07-28 09:43:00,19550.0,19637.65,418300,1867100,173.65,63.5,24250,155000,0.688525,-0.329651,0.00167451,0.0015333,9.977033,11.157013,2023-08-01
3788,2023-07-28 09:43:00,19600.0,19637.65,3361000,7435300,142.0,81.55,246350,671900,0.599818,-0.409294,0.0018211,0.00165312,10.026832,11.108487,2023-08-01
1157,2023-07-28 09:43:00,19650.0,19637.65,3003800,3187100,113.15,103.0,239100,428950,0.50682,-0.493405,0.00188866,0.00170356,9.980796,11.065361,2023-08-01
6419,2023-07-28 09:43:00,19700.0,19637.65,6931000,4205350,88.6,128.4,392550,318550,0.413237,-0.577903,0.0018443,0.00167065,9.979627,11.069054,2023-08-01
11676,2023-07-28 09:43:00,19750.0,19637.65,2928750,962550,67.8,157.3,128500,66100,0.324409,-0.658645,0.00170475,0.00156564,9.969825,11.076641,2023-08-01
16933,2023-07-28 09:43:00,19800.0,19637.65,12465300,4825050,50.35,190.1,289150,119000,0.243824,-0.731281,0.00149323,0.0013986,9.923285,11.145645,2023-08-01
22187,2023-07-28 09:43:00,19850.0,19637.65,3173950,513950,37.3,227.75,82250,6750,0.177864,-0.789822,0.00123186,0.00119215,9.991067,11.430203,2023-08-01
27439,2023-07-28 09:43:00,19900.0,19637.65,5999000,735500,26.8,266.85,154900,12600,0.124146,-0.840095,0.00096679,0.00099061,10.014248,11.602831,2023-08-01
24815,2023-07-28 09:44:00,19400.0,19636.2,199900,4856000,286.45,27.45,8100,257200,0.892631,-0.145107,0.00090433,0.00094985,9.658131,11.347238,2023-08-01
19562,2023-07-28 09:44:00,19450.0,19636.2,99450,1521400,246.05,36.65,10450,360450,0.83476,-0.196117,0.00119102,0.00116408,9.860253,11.233528,2023-08-01
14306,2023-07-28 09:44:00,19500.0,19636.2,979250,4852150,208.15,48.75,75900,338950,0.765273,-0.258983,0.00145552,0.00136854,9.9726,11.179902,2023-08-01
9049,2023-07-28 09:44:00,19550.0,19636.2,419250,1895100,173.1,63.7,51450,223950,0.68528,-0.331455,0.00167403,0.00154103,10.026045,11.127081,2023-08-01
3789,2023-07-28 09:44:00,19600.0,19636.2,3434000,7442850,140.75,81.9,369350,668950,0.597508,-0.411522,0.00183072,0.00165891,9.990595,11.08584,2023-08-01
1158,2023-07-28 09:44:00,19650.0,19636.2,3075750,3253750,112.4,103.05,307150,389350,0.504077,-0.495883,0.00188853,0.00171344,9.983993,11.0042,2023-08-01
6420,2023-07-28 09:44:00,19700.0,19636.2,7086750,4233400,87.85,128.6,474850,294950,0.41048,-0.580766,0.00184314,0.00167703,9.971756,11.012512,2023-08-01
11677,2023-07-28 09:44:00,19750.0,19636.2,2971500,938450,67.05,157.85,231200,56850,0.32159,-0.661396,0.00170221,0.00156571,9.950319,11.043579,2023-08-01
16934,2023-07-28 09:44:00,19800.0,19636.2,12673500,4759750,49.75,191.25,633900,146250,0.24128,-0.732962,0.00148742,0.00139198,9.907111,11.165065,2023-08-01
22188,2023-07-28 09:44:00,19850.0,19636.2,3185700,475950,36.85,227.8,151850,14250,0.175792,-0.794012,0.00122431,0.00119046,9.980076,11.312932,2023-08-01
27440,2023-07-28 09:44:00,19900.0,19636.2,5976550,713450,26.45,268.5,192750,11400,0.122486,-0.840105,0.00095883,0.0009849,10.004099,11.671438,2023-08-01
24816,2023-07-28 09:45:00,19400.0,19644.85,199900,4856000,292.75,26.6,13150,258400,0.905524,-0.139058,0.0008433,0.00091469,9.431172,11.444498,2023-08-01
19563,2023-07-28 09:45:00,19450.0,19644.85,99450,1521400,251.3,35.4,2750,125200,0.85146,-0.187927,0.00114097,0.00112535,9.592398,11.316581,2023-08-01
14307,2023-07-28 09:45:00,19500.0,19644.85,979250,4852150,213.7,47.15,87200,300200,0.780447,-0.248916,0.00141848,0.00132953,9.8511,11.266943,2023-08-01
9050,2023-07-28 09:45:00,19550.0,19644.85,419250,1895100,178.1,61.55,39650,222000,0.701499,-0.319343,0.00165202,0.0015069,9.921521,11.203045,2023-08-01
3790,2023-07-28 09:45:00,19600.0,19644.85,3434000,7442850,145.3,79.2,370700,685100,0.614107,-0.39786,0.00182344,0.00163354,9.911419,11.158632,2023-08-01
1159,2023-07-28 09:45:00,19650.0,19644.85,3075750,3253750,116.3,99.95,328950,404100,0.52052,-0.481189,0.00189973,0.00169722,9.908945,11.0936,2023-08-01
6421,2023-07-28 09:45:00,19700.0,19644.85,7086750,4233400,91.1,125.1,565550,318100,0.425914,-0.565529,0.00187122,0.00167186,9.899043,11.121968,2023-08-01
11678,2023-07-28 09:45:00,19750.0,19644.85,2971500,938450,69.7,153.7,234450,53850,0.335324,-0.646376,0.00174269,0.00157534,9.881076,11.1505,2023-08-01
16935,2023-07-28 09:45:00,19800.0,19644.85,12673500,4759750,51.95,186.0,545850,147300,0.253102,-0.719826,0.00153396,0.00141798,9.851957,11.219936,2023-08-01
22189,2023-07-28 09:45:00,19850.0,19644.85,3185700,475950,38.4,222.6,219550,10900,0.184772,-0.781074,0.0012721,0.00121994,9.906682,11.435486,2023-08-01
27441,2023-07-28 09:45:00,19900.0,19644.85,5976550,713450,27.65,261.6,265100,19550,0.129374,-0.832084,0.00100233,0.00101891,9.938617,11.641773,2023-08-01
24817,2023-07-28 09:46:00,19400.0,19638.8,199900,4856000,287.55,27.35,9100,226800,0.899902,-0.143757,0.00087847,0.00093941,9.44952,11.401637,2023-08-01
19564,2023-07-28 09:46:00,19450.0,19638.8,99450,1521400,247.8,36.5,2700,376450,0.839094,-0.194244,0.00117666,0.00115156,9.810007,11.289908,2023-08-01
14308,2023-07-28 09:46:00,19500.0,19638.8,979250,4852150,208.95,48.5,44700,472650,0.772211,-0.256425,0.00145186,0.0013549,9.832104,11.23479,2023-08-01
9051,2023-07-28 09:46:00,19550.0,19638.8,419250,1895100,173.75,63.65,66450,205400,0.691744,-0.32868,0.00167957,0.00152377,9.903904,11.215575,2023-08-01
3791,2023-07-28 09:46:00,19600.0,19638.8,3434000,7442850,141.35,81.9,334900,575350,0.603229,-0.408025,0.0018422,0.00163994,9.891322,11.191429,2023-08-01
1160,2023-07-28 09:46:00,19650.0,19638.8,3075750,3253750,112.7,103.35,320800,352950,0.509028,-0.491487,0.00190838,0.00169025,9.878418,11.153556,2023-08-01
6422,2023-07-28 09:46:00,19700.0,19638.8,7086750,4233400,88.0,128.6,488700,282400,0.414362,-0.575431,0.0018661,0.0016608,9.871124,11.150383,2023-08-01
11679,2023-07-28 09:46:00,19750.0,19638.8,2971500,938450,67.25,157.45,195850,59300,0.324655,-0.655703,0.0017227,0.00155882,9.870872,11.163292,2023-08-01
16936,2023-07-28 09:46:00,19800.0,19638.8,12673500,4759750,49.85,190.45,512600,142200,0.243413,-0.727506,0.00150619,0.0013935,9.830763,11.266808,2023-08-01
22190,2023-07-28 09:46:00,19850.0,19638.8,3185700,475950,36.85,227.4,136200,5700,0.177048,-0.787342,0.00123951,0.00119462,9.902474,11.487348,2023-08-01
27442,2023-07-28 09:46:00,19900.0,19638.8,5976550,713450,26.65,266.75,259450,11450,0.123978,-0.836859,0.00097099,0.00099501,9.963336,11.705628,2023-08-01
24818,2023-07-28 09:47:00,19400.0,19634.85,218800,4863700,283.45,28.4,18400,236000,0.899295,-0.148623,0.00089405,0.00095634,9.328584,11.456247,2023-08-01
19565,2023-07-28 09:47:00,19450.0,19634.85,101000,1840500,242.85,37.7,10400,160200,0.840636,-0.199704,0.00120039,0.00116688,9.558425,11.333448,2023-08-01
14309,2023-07-28 09:47:00,19500.0,19634.85,997650,4974100,205.0,50.25,55750,463750,0.769135,-0.263199,0.00148119,0.00136417,9.712875,11.312778,2023-08-01
9052,2023-07-28 09:47:00,19550.0,19634.85,433350,1947150,169.95,65.5,56950,351350,0.68712,-0.335472,0.00171151,0.00152892,9.784916,11.272197,2023-08-01
3792,2023-07-28 09:47:00,19600.0,19634.85,3512500,7640100,138.4,84.0,448250,1230650,0.596425,-0.414885,0.00186099,0.00163918,9.837946,11.244083,2023-08-01
1161,2023-07-28 09:47:00,19650.0,19634.85,3136700,3330750,110.25,105.8,351850,616500,0.501474,-0.498154,0.00191568,0.00168219,9.846023,11.212606,2023-08-01
6423,2023-07-28 09:47:00,19700.0,19634.85,7142550,4350450,85.95,131.55,574400,526900,0.406764,-0.581373,0.00186287,0.00164429,9.847455,11.231717,2023-08-01
11680,2023-07-28 09:47:00,19750.0,19634.85,3024850,961800,65.45,161.05,284700,114050,0.317332,-0.660148,0.0017121,0.00153474,9.84074,11.285938,2023-08-01
16937,2023-07-28 09:47:00,19800.0,19634.85,12987950,4746150,48.7,193.8,549750,265850,0.237654,-0.731598,0.00148595,0.00137408,9.838401,11.3432,2023-08-01
22191,2023-07-28 09:47:00,19850.0,19634.85,3268850,480500,35.9,230.9,176300,12950,0.172223,-0.790518,0.00121804,0.0011768,9.904553,11.562176,2023-08-01
27443,2023-07-28 09:47:00,19900.0,19634.85,5898350,714600,26.0,271.45,323300,29850,0.120501,-0.836362,0.0009507,0.00097943,9.977599,11.918681,2023-08-01
24819,2023-07-28 09:48:00,19400.0,19639.15,218800,4863700,288.7,27.1,7650,200950,0.896528,-0.142811,0.00088527,0.00093766,9.607418,11.373779,2023-08-01
19566,2023-07-28 09:48:00,19450.0,19639.15,101000,1840500,244.55,36.15,4250,114650,0.852689,-0.193078,0.00117275,0.0011511,9.285627,11.254731,2023-08-01
14310,2023-07-28 09:48:00,19500.0,19639.15,997650,4974100,208.85,48.2,30750,254600,0.773735,-0.255498,0.00145301,0.00135532,9.788619,11.211733,2023-08-01
9053,2023-07-28 09:48:00,19550.0,19639.15,433350,1947150,173.65,63.1,37950,173850,0.692979,-0.327491,0.00168294,0.00152797,9.868048,11.170008,2023-08-01
3793,2023-07-28 09:48:00,19600.0,19639.15,3512500,7640100,141.95,81.05,211150,535500,0.603481,-0.406895,0.00183459,0.00164951,9.932093,11.120554,2023-08-01
1162,2023-07-28 09:48:00,19650.0,19639.15,3136700,3330750,113.2,102.35,175750,278350,0.50967,-0.490872,0.00190241,0.00170283,9.910482,11.072424,2023-08-01
6424,2023-07-28 09:48:00,19700.0,19639.15,7142550,4350450,88.55,127.35,293950,303100,0.415343,-0.575606,0.00185992,0.00167643,9.910745,11.047067,2023-08-01
11681,2023-07-28 09:48:00,19750.0,19639.15,3024850,961800,67.5,156.3,142950,58900,0.325446,-0.656477,0.00172236,0.00157097,9.884096,11.069196,2023-08-01
16938,2023-07-28 09:48:00,19800.0,19639.15,12987950,4746150,50.15,189.75,502700,177850,0.244401,-0.727958,0.00150626,0.00139867,9.853243,11.217518,2023-08-01
22192,2023-07-28 09:48:00,19850.0,19639.15,3268850,480500,37.1,225.55,147050,15800,0.177966,-0.790802,0.00124104,0.00120278,9.924044,11.301885,2023-08-01
27444,2023-07-28 09:48:00,19900.0,19639.15,5898350,714600,26.85,265.75,147950,17800,0.124762,-0.838522,0.00097343,0.0009965,9.983724,11.612036,2023-08-01
24820,2023-07-28 09:49:00,19400.0,19642.25,218800,4863700,291.95,26.5,6050,130700,0.896871,-0.139689,0.00087371,0.00092449,9.710406,11.363342,2023-08-01
19567,2023-07-28 09:49:00,19450.0,19642.25,101000,1840500,250.8,35.3,5800,91350,0.842434,-0.189018,0.00115712,0.0011385,9.840219,11.231026,2023-08-01
14311,2023-07-28 09:49:00,19500.0,19642.25,997650,4974100,212.0,47.0,26900,201700,0.775931,-0.2505,0.00143017,0.00134633,9.889401,11.169064,2023-08-01
9054,2023-07-28 09:49:00,19550.0,19642.25,433350,1947150,176.7,61.5,26100,176650,0.69638,-0.321863,0.00165748,0.00152549,9.969499,11.108052,2023-08-01
3794,2023-07-28 09:49:00,19600.0,19642.25,3512500,7640100,144.4,79.3,211650,436100,0.60859,-0.401349,0.00181772,0.00165152,9.987768,11.067619,2023-08-01
1163,2023-07-28 09:49:00,19650.0,19642.25,3136700,3330750,115.3,100.2,218500,216150,0.515514,-0.485537,0.00189329,0.0017128,9.952891,11.002793,2023-08-01
6425,2023-07-28 09:49:00,19700.0,19642.25,7142550,4350450,89.9,125.15,345200,206350,0.421044,-0.570773,0.0018668,0.00168825,9.903278,10.9939,2023-08-01
11682,2023-07-28 09:49:00,19750.0,19642.25,3024850,961800,68.85,154.1,110100,51750,0.331054,-0.652059,0.00173128,0.0015831,9.900509,11.035893,2023-08-01
16939,2023-07-28 09:49:00,19800.0,19642.25,12987950,4746150,51.1,186.7,324750,109400,0.24904,-0.725538,0.00152161,0.001418,9.851773,11.112411,2023-08-01
22193,2023-07-28 09:49:00,19850.0,19642.25,3268850,480500,37.85,222.75,98650,11550,0.181771,-0.788418,0.00125778,0.00121764,9.922176,11.237568,2023-08-01
27445,2023-07-28 09:49:00,19900.0,19642.25,5898350,714600,27.4,262.5,126950,12550,0.127636,-0.83777,0.00098954,0.00100902,9.977617,11.501937,2023-08-01
24821,2023-07-28 09:50:00,19400.0,19649.9,229800,4882100,298.85,25.5,7750,252900,0.902392,-0.133614,0.00083519,0.00089315,9.755311,11.406279,2023-08-01
19568,2023-07-28 09:50:00,19450.0,19649.9,100850,1849100,256.1,33.8,4050,139100,0.854759,-0.180731,0.0011125,0.00110541,9.692233,11.245933,2023-08-01
14312,2023-07-28 09:50:00,19500.0,19649.9,1001250,5118300,218.0,45.0,104650,447900,0.786232,-0.240331,0.00138849,0.00131609,9.911103,11.170597,2023-08-01
9055,2023-07-28 09:50:00,19550.0,19649.9,432350,1994400,181.45,59.15,61700,216400,0.710142,-0.31047,0.00163262,0.00150011,9.905563,11.120793,2023-08-01
3795,2023-07-28 09:50:00,19600.0,19649.9,3548000,7795400,148.9,76.25,428150,780900,0.622745,-0.388683,0.00180248,0.00163792,9.959975,11.058809,2023-08-01
1164,2023-07-28 09:50:00,19650.0,19649.9,3168300,3378650,118.45,96.6,448250,424600,0.530246,-0.472426,0.00190834,0.00171102,9.850403,10.991787,2023-08-01
6426,2023-07-28 09:50:00,19700.0,19649.9,7069100,4463900,92.8,121.1,596150,330700,0.43489,-0.557847,0.00189118,0.00169708,9.835415,10.9916,2023-08-01
11683,2023-07-28 09:50:00,19750.0,19649.9,3011050,971100,71.4,148.9,235050,81250,0.343676,-0.640705,0.00176423,0.00161031,9.854496,10.971255,2023-08-01
16940,2023-07-28 09:50:00,19800.0,19649.9,13017450,4578050,53.15,180.95,451750,200200,0.259882,-0.715921,0.00156225,0.00145113,9.809175,11.038616,2023-08-01
22194,2023-07-28 09:50:00,19850.0,19649.9,3266200,483150,39.3,217.65,175550,11400,0.190071,-0.778062,0.00130053,0.00124628,9.862406,11.283544,2023-08-01
27446,2023-07-28 09:50:00,19900.0,19649.9,5889700,710750,28.5,256.15,240450,14100,0.13395,-0.831228,0.0010287,0.00104023,9.920436,11.442277,2023-08-01
24822,2023-07-28 09:51:00,19400.0,19651.2,229800,4882100,301.05,25.15,11400,670600,0.898992,-0.131996,0.00083922,0.00088737,9.954743,11.384878,2023-08-01
19569,2023-07-28 09:51:00,19450.0,19651.2,100850,1849100,258.5,33.1,5800,186450,0.851279,-0.178036,0.0011072,0.0011008,9.894665,11.187081,2023-08-01
14313,2023-07-28 09:51:00,19500.0,19651.2,1001250,5118300,220.2,43.9,131750,474550,0.784536,-0.236812,0.00137358,0.00131638,10.064992,11.078495,2023-08-01
9056,2023-07-28 09:51:00,19550.0,19651.2,432350,1994400,184.0,57.6,119400,237850,0.708833,-0.306571,0.00160613,0.00150872,10.090305,10.996433,2023-08-01
3796,2023-07-28 09:51:00,19600.0,19651.2,3548000,7795400,150.8,74.8,536600,741900,0.623789,-0.385613,0.00178088,0.00164868,10.072216,10.961567,2023-08-01
1165,2023-07-28 09:51:00,19650.0,19651.2,3168300,3378650,120.8,94.6,542450,462450,0.532267,-0.469883,0.00187691,0.00173215,10.01156,10.852827,2023-08-01
6427,2023-07-28 09:51:00,19700.0,19651.2,7069100,4463900,94.7,118.15,733000,387450,0.438178,-0.556883,0.00186983,0.00173267,9.961144,10.769782,2023-08-01
11684,2023-07-28 09:51:00,19750.0,19651.2,3011050,971100,72.4,145.8,313650,89600,0.346698,-0.641603,0.00176128,0.00164389,9.903495,10.737978,2023-08-01
16941,2023-07-28 09:51:00,19800.0,19651.2,13017450,4578050,53.8,177.5,352550,150400,0.262435,-0.719035,0.00156614,0.0014803,9.834273,10.764018,2023-08-01
22195,2023-07-28 09:51:00,19850.0,19651.2,3266200,483150,39.75,213.35,180650,13100,0.192088,-0.784566,0.00130713,0.00126863,9.876551,10.896713,2023-08-01
27447,2023-07-28 09:51:00,19900.0,19651.2,5889700,710750,28.75,252.6,211900,22300,0.135243,-0.836955,0.00103563,0.00104707,9.919357,11.116919,2023-08-01
24823,2023-07-28 09:52:00,19400.0,19655.95,229800,4882100,304.05,24.95,14400,1115550,0.907765,-0.129673,0.00080237,0.0008695,9.738126,11.475342,2023-08-01
19570,2023-07-28 09:52:00,19450.0,19655.95,100850,1849100,262.55,32.6,3300,268550,0.856023,-0.1742,0.00108106,0.00107936,9.914137,11.251195,2023-08-01
14314,2023-07-28 09:52:00,19500.0,19655.95,1001250,5118300,222.65,43.2,102900,1069550,0.794563,-0.231811,0.00135619,0.00129352,9.911252,11.140065,2023-08-01
9057,2023-07-28 09:52:00,19550.0,19655.95,432350,1994400,186.0,56.75,101100,324950,0.719324,-0.300558,0.00160222,0.00148577,9.938455,11.066166,2023-08-01
3797,2023-07-28 09:52:00,19600.0,19655.95,3548000,7795400,153.0,73.35,633550,973050,0.633254,-0.378162,0.00178084,0.00163357,9.988484,10.996424,2023-08-01
1166,2023-07-28 09:52:00,19650.0,19655.95,3168300,3378650,122.65,93.0,636450,535900,0.541464,-0.461821,0.00188754,0.00172082,9.932255,10.903574,2023-08-01
6428,2023-07-28 09:52:00,19700.0,19655.95,7069100,4463900,96.0,116.65,993600,435350,0.44651,-0.548196,0.00189355,0.00172254,9.864965,10.862861,2023-08-01
11685,2023-07-28 09:52:00,19750.0,19655.95,3011050,971100,73.8,144.0,436800,87250,0.354334,-0.632566,0.00178434,0.00164243,9.851569,10.836967,2023-08-01
16942,2023-07-28 09:52:00,19800.0,19655.95,13017450,4578050,54.95,175.35,748100,126350,0.268973,-0.710159,0.00159273,0.00148812,9.789947,10.865559,2023-08-01
22196,2023-07-28 09:52:00,19850.0,19655.95,3266200,483150,40.65,211.35,259700,37350,0.197335,-0.775147,0.00133409,0.00128113,9.835358,11.05682,2023-08-01
27448,2023-07-28 09:52:00,19900.0,19655.95,5889700,710750,29.25,250.05,303250,28000,0.138628,-0.828913,0.00105996,0.00106656,9.85532,11.256072,2023-08-01
24824,2023-07-28 09:53:00,19400.0,19651.65,225900,4061250,303.3,24.8,3050,437250,0.891869,-0.130667,0.00085286,0.00088467,10.292796,11.34177,2023-08-01
19571,2023-07-28 09:53:00,19450.0,19651.65,102350,1907500,260.7,32.55,5100,127500,0.845244,-0.176183,0.00110623,0.00109982,10.170069,11.124885,2023-08-01
14315,2023-07-28 09:53:00,19500.0,19651.65,1014150,5637300,222.45,43.2,42300,740800,0.779799,-0.234806,0.00135841,0.00131875,10.307294,11.008357,2023-08-01
9058,2023-07-28 09:53:00,19550.0,19651.65,443100,2030150,185.95,56.7,45800,169100,0.706235,-0.304558,0.001584,0.0015159,10.275064,10.913932,2023-08-01
3798,2023-07-28 09:53:00,19600.0,19651.65,3458500,7963000,152.5,73.55,286700,477400,0.622918,-0.383777,0.00175666,0.00166323,10.219935,10.85188,2023-08-01
1167,2023-07-28 09:53:00,19650.0,19651.65,3137850,3436550,122.35,93.15,312400,345850,0.53274,-0.46881,0.00185299,0.00175174,10.141208,10.730724,2023-08-01
6429,2023-07-28 09:53:00,19700.0,19651.65,7030400,4503950,96.0,117.1,447000,241450,0.439691,-0.556567,0.00185123,0.00174592,10.068567,10.690815,2023-08-01
11686,2023-07-28 09:53:00,19750.0,19651.65,2992000,964950,73.6,144.6,216900,60750,0.349005,-0.642107,0.00174749,0.00165765,10.007415,10.64512,2023-08-01
16943,2023-07-28 09:53:00,19800.0,19651.65,12980600,4555950,54.85,176.0,395200,96900,0.265189,-0.720781,0.00155909,0.00149368,9.932829,10.636952,2023-08-01
22197,2023-07-28 09:53:00,19850.0,19651.65,3253850,477750,40.4,211.95,166100,17700,0.194208,-0.786716,0.00130749,0.00127594,9.941552,10.772863,2023-08-01
27449,2023-07-28 09:53:00,19900.0,19651.65,5864950,711800,29.25,250.2,175600,16500,0.137064,-0.842429,0.00103928,0.00104908,9.976869,10.852174,2023-08-01
24825,2023-07-28 09:54:00,19400.0,19663.15,225900,4061250,312.0,23.6,16000,381350,0.906551,-0.122766,0.00078457,0.00083936,10.053738,11.44016,2023-08-01
19572,2023-07-28 09:54:00,19450.0,19663.15,102350,1907500,270.0,30.95,4800,374850,0.858272,-0.165831,0.00104528,0.00104858,10.142885,11.219413,2023-08-01
14316,2023-07-28 09:54:00,19500.0,19663.15,1014150,5637300,230.0,40.8,126450,427750,0.798845,-0.221028,0.00130845,0.00126764,10.142466,11.063563,2023-08-01
9059,2023-07-28 09:54:00,19550.0,19663.15,443100,2030150,192.25,53.75,104750,269800,0.728208,-0.288415,0.00155664,0.00146935,10.067228,10.976605,2023-08-01
3799,2023-07-28 09:54:00,19600.0,19663.15,3458500,7963000,158.4,69.55,492050,818950,0.644915,-0.365099,0.00174659,0.00163244,10.070032,10.877997,2023-08-01
1168,2023-07-28 09:54:00,19650.0,19663.15,3137850,3436550,127.2,88.75,498150,453850,0.554791,-0.448994,0.00187082,0.00173157,9.978322,10.794452,2023-08-01
6430,2023-07-28 09:54:00,19700.0,19663.15,7030400,4503950,100.3,111.75,943600,329500,0.460487,-0.536244,0.00188655,0.00174718,9.940449,10.74175,2023-08-01
11687,2023-07-28 09:54:00,19750.0,19663.15,2992000,964950,77.3,138.3,341900,102550,0.367937,-0.622434,0.00179747,0.00168002,9.904711,10.684981,2023-08-01
16944,2023-07-28 09:54:00,19800.0,19663.15,12980600,4555950,57.85,169.4,614200,139600,0.281538,-0.701725,0.00162029,0.00152662,9.840205,10.730737,2023-08-01
22198,2023-07-28 09:54:00,19850.0,19663.15,3253850,477750,42.8,204.4,215400,13000,0.207628,-0.770203,0.00137154,0.00132169,9.860094,10.847398,2023-08-01
27450,2023-07-28 09:54:00,19900.0,19663.15,5864950,711800,30.7,242.8,471700,45100,0.146173,-0.82602,0.00109925,0.00109946,9.847887,11.034439,2023-08-01
24826,2023-07-28 09:55:00,19400.0,19665.6,225900,4061250,313.45,23.15,11550,427650,0.911419,-0.120455,0.00076436,0.00082907,9.917659,11.427891,2023-08-01
19573,2023-07-28 09:55:00,19450.0,19665.6,102350,1907500,270.9,30.45,15500,230650,0.865033,-0.163177,0.00102902,0.00103798,9.965176,11.215613,2023-08-01
14317,2023-07-28 09:55:00,19500.0,19665.6,1014150,5637300,231.5,40.25,124750,830950,0.803271,-0.218028,0.00129774,0.00125707,10.089583,11.068871,2023-08-01
9060,2023-07-28 09:55:00,19550.0,19665.6,443100,2030150,193.65,53.0,108700,212650,0.732839,-0.28478,0.00154953,0.00146074,10.026241,10.974588,2023-08-01
3800,2023-07-28 09:55:00,19600.0,19665.6,3458500,7963000,159.65,68.8,616300,822100,0.649677,-0.361269,0.00174418,0.00162442,10.034766,10.892262,2023-08-01
1169,2023-07-28 09:55:00,19650.0,19665.6,3137850,3436550,128.7,87.7,691700,470150,0.559319,-0.444757,0.0018659,0.00172895,9.987743,10.794898,2023-08-01
6431,2023-07-28 09:55:00,19700.0,19665.6,7030400,4503950,101.4,110.5,1006450,405950,0.465059,-0.531976,0.00189065,0.00174904,9.929123,10.739751,2023-08-01
11688,2023-07-28 09:55:00,19750.0,19665.6,2992000,964950,77.95,137.35,454850,82600,0.371852,-0.617824,0.00181043,0.00167909,9.867316,10.730127,2023-08-01
16945,2023-07-28 09:55:00,19800.0,19665.6,12980600,4555950,58.55,167.6,733500,148000,0.285203,-0.698399,0.00163277,0.0015376,9.825256,10.707236,2023-08-01
22199,2023-07-28 09:55:00,19850.0,19665.6,3253850,477750,43.2,202.75,260600,25550,0.210222,-0.766794,0.00138602,0.00133147,9.828333,10.856034,2023-08-01
27451,2023-07-28 09:55:00,19900.0,19665.6,5864950,711800,31.0,240.0,422350,37800,0.148124,-0.82594,0.00111237,0.00111154,9.818231,10.917245,2023-08-01
24827,2023-07-28 09:56:00,19400.0,19661.6,225950,3984550,310.5,24.2,5050,194000,0.905897,-0.125266,0.00079074,0.00084703,10.029206,11.500303,2023-08-01
19574,2023-07-28 09:56:00,19450.0,19661.6,107650,1830650,267.8,31.8,5550,125350,0.859966,-0.169093,0.00105145,0.00105469,10.003924,11.298031,2023-08-01
14318,2023-07-28 09:56:00,19500.0,19661.6,1041250,6265300,227.55,42.1,53500,289650,0.800556,-0.22529,0.00132306,0.00126855,9.981544,11.179213,2023-08-01
9061,2023-07-28 09:56:00,19550.0,19661.6,428800,2049500,191.15,55.15,48600,208400,0.725758,-0.292437,0.0015635,0.00146518,10.070143,11.082125,2023-08-01
3801,2023-07-28 09:56:00,19600.0,19661.6,3294550,8024550,156.9,71.55,289050,573800,0.642881,-0.369292,0.00175934,0.00161675,10.019635,11.027816,2023-08-01
1170,2023-07-28 09:56:00,19650.0,19661.6,3131100,3554200,126.35,90.9,412650,347500,0.551863,-0.452266,0.00187211,0.0017104,9.983744,10.941933,2023-08-01
6432,2023-07-28 09:56:00,19700.0,19661.6,6973900,4619150,99.65,114.15,648200,308500,0.457608,-0.538333,0.00188312,0.00172128,9.953556,10.900677,2023-08-01
11689,2023-07-28 09:56:00,19750.0,19661.6,3027650,965250,76.65,141.2,241750,66200,0.365141,-0.622757,0.00179312,0.00164907,9.906028,10.885299,2023-08-01
16946,2023-07-28 09:56:00,19800.0,19661.6,12834650,4533950,57.2,172.0,396300,69050,0.278765,-0.701201,0.00161475,0.00150465,9.829096,10.898718,2023-08-01
22200,2023-07-28 09:56:00,19850.0,19661.6,3243650,484000,42.3,204.45,140000,12050,0.205287,-0.774797,0.0013637,0.00132142,9.852789,10.729539,2023-08-01
27452,2023-07-28 09:56:00,19900.0,19661.6,6068800,718000,30.45,244.85,226500,19600,0.144731,-0.82535,0.00109087,0.00109157,9.860045,11.144085,2023-08-01
24828,2023-07-28 09:57:00,19400.0,19656.4,225950,3984550,307.5,24.6,10550,182550,0.895461,-0.128333,0.00083064,0.00086676,10.314278,11.433351,2023-08-01
19575,2023-07-28 09:57:00,19450.0,19656.4,107650,1830650,265.0,32.5,5900,303450,0.849009,-0.173656,0.00108161,0.00107752,10.233958,11.252432,2023-08-01
14319,2023-07-28 09:57:00,19500.0,19656.4,1041250,6265300,225.45,42.65,49950,574750,0.787948,-0.230142,0.00133906,0.00129475,10.231246,11.089007,2023-08-01
9062,2023-07-28 09:57:00,19550.0,19656.4,428800,2049500,189.15,56.2,31900,167550,0.713971,-0.299138,0.00156619,0.00148896,10.263551,11.023101,2023-08-01
3802,2023-07-28 09:57:00,19600.0,19656.4,3294550,8024550,155.4,72.65,345900,527650,0.63135,-0.376853,0.00174552,0.00164027,10.211959,10.943957,2023-08-01
1171,2023-07-28 09:57:00,19650.0,19656.4,3131100,3554200,124.6,92.2,316850,320950,0.541663,-0.460874,0.00185612,0.00173016,10.103764,10.846403,2023-08-01
6433,2023-07-28 09:57:00,19700.0,19656.4,6973900,4619150,98.0,115.5,586700,347800,0.448317,-0.547885,0.00186191,0.0017374,10.042516,10.775142,2023-08-01
11690,2023-07-28 09:57:00,19750.0,19656.4,3027650,965250,75.05,142.75,199500,76950,0.356635,-0.633081,0.00176931,0.00165708,9.961874,10.74035,2023-08-01
16947,2023-07-28 09:57:00,19800.0,19656.4,12834650,4533950,56.15,173.6,358400,77900,0.272,-0.712314,0.00158358,0.00150447,9.905559,10.713923,2023-08-01
22201,2023-07-28 09:57:00,19850.0,19656.4,3243650,484000,41.5,208.0,122350,7700,0.199991,-0.782013,0.00133325,0.00129963,9.925071,10.711992,2023-08-01
27453,2023-07-28 09:57:00,19900.0,19656.4,6068800,718000,29.7,246.25,155050,13850,0.140267,-0.838271,0.00106328,0.00107064,9.907163,10.81744,2023-08-01
24829,2023-07-28 09:58:00,19400.0,19648.7,225950,3984550,302.05,25.6,2700,169000,0.884359,-0.134324,0.00087584,0.00089792,10.521592,11.395365,2023-08-01
19576,2023-07-28 09:58:00,19450.0,19648.7,107650,1830650,260.5,33.65,1950,97050,0.834524,-0.180869,0.00112062,0.00111169,10.494803,11.195795,2023-08-01
14320,2023-07-28 09:58:00,19500.0,19648.7,1041250,6265300,220.75,44.3,30950,472600,0.7743,-0.239515,0.00136889,0.00132859,10.378914,11.052892,2023-08-01
9063,2023-07-28 09:58:00,19550.0,19648.7,428800,2049500,184.4,58.0,67600,197800,0.70055,-0.309672,0.00158953,0.00152187,10.335416,10.957321,2023-08-01
3803,2023-07-28 09:58:00,19600.0,19648.7,3294550,8024550,150.75,75.1,245600,611450,0.617592,-0.389113,0.00176268,0.00166376,10.234447,10.898274,2023-08-01
1172,2023-07-28 09:58:00,19650.0,19648.7,3131100,3554200,120.7,94.95,291450,412150,0.527252,-0.47409,0.00185553,0.0017464,10.143537,10.779801,2023-08-01
6434,2023-07-28 09:58:00,19700.0,19648.7,6973900,4619150,94.7,118.95,521500,320500,0.434283,-0.56156,0.00184561,0.00173829,10.0829,10.723517,2023-08-01
11691,2023-07-28 09:58:00,19750.0,19648.7,3027650,965250,72.5,146.3,201500,92000,0.343962,-0.647107,0.00173699,0.00165081,10.019369,10.642083,2023-08-01
16948,2023-07-28 09:58:00,19800.0,19648.7,12834650,4533950,54.05,178.3,329050,97750,0.260959,-0.724532,0.00154388,0.00147927,9.95419,10.675766,2023-08-01
22202,2023-07-28 09:58:00,19850.0,19648.7,3243650,484000,39.9,212.7,114050,10700,0.191124,-0.794115,0.00129085,0.00126928,9.977304,10.61274,2023-08-01
27454,2023-07-28 09:58:00,19900.0,19648.7,6068800,718000,28.55,252.0,175550,27750,0.133649,-0.847058,0.00102314,0.00103529,9.966085,10.78843,2023-08-01
24830,2023-07-28 09:59:00,19400.0,19645.9,223050,4065650,300.0,25.6,6950,101350,0.880618,-0.135337,0.00089106,0.00090849,10.580064,11.323465,2023-08-01
19577,2023-07-28 09:59:00,19450.0,19645.9,111000,1692750,258.35,33.9,4850,123550,0.831007,-0.183041,0.00113438,0.00112474,10.511379,11.151286,2023-08-01
14321,2023-07-28 09:59:00,19500.0,19645.9,1059600,6717700,219.7,44.75,39800,316250,0.767689,-0.242605,0.00137416,0.00134213,10.510321,11.020364,2023-08-01
9064,2023-07-28 09:59:00,19550.0,19645.9,443800,2106650,182.85,58.55,51600,172300,0.695357,-0.313374,0.00159549,0.0015352,10.378973,10.920679,2023-08-01
3804,2023-07-28 09:59:00,19600.0,19645.9,3386800,8244150,150.25,75.55,231000,577800,0.611345,-0.393198,0.00174954,0.00167876,10.362798,10.835155,2023-08-01
1173,2023-07-28 09:59:00,19650.0,19645.9,3157150,3635200,120.5,95.6,311700,400100,0.521823,-0.478893,0.00183356,0.00175787,10.276033,10.719491,2023-08-01
6435,2023-07-28 09:59:00,19700.0,19645.9,7165550,4693500,94.35,119.75,500900,330200,0.429813,-0.566863,0.00182503,0.00174551,10.179103,10.658375,2023-08-01
11692,2023-07-28 09:59:00,19750.0,19645.9,3084550,969450,72.25,147.45,159650,57450,0.340449,-0.652465,0.0017156,0.00165011,10.107219,10.589914,2023-08-01
16949,2023-07-28 09:59:00,19800.0,19645.9,12886200,4543150,53.55,179.2,282400,84350,0.257593,-0.730675,0.00152703,0.00147735,9.999013,10.572955,2023-08-01
22203,2023-07-28 09:59:00,19850.0,19645.9,3305300,486300,39.55,215.0,114850,16650,0.188611,-0.796985,0.00127484,0.00125536,10.02297,10.643486,2023-08-01
27455,2023-07-28 09:59:00,19900.0,19645.9,6083600,720700,28.35,254.2,148500,13950,0.132007,-0.849925,0.00100955,0.00102243,10.016833,10.790066,2023-08-01
24831,2023-07-28 10:00:00,19400.0,19644.6,223050,4065650,297.5,26.25,4300,150550,0.884679,-0.137931,0.00088936,0.00091498,10.345265,11.391774,2023-08-01
19578,2023-07-28 10:00:00,19450.0,19644.6,111000,1692750,255.0,34.65,9800,99400,0.837105,-0.185865,0.00114353,0.00112908,10.183974,11.216429,2023-08-01
14322,2023-07-28 10:00:00,19500.0,19644.6,1059600,6717700,216.05,45.5,86250,343050,0.772918,-0.245299,0.00140072,0.00134429,10.18193,11.07006,2023-08-01
9065,2023-07-28 10:00:00,19550.0,19644.6,443800,2106650,180.35,59.75,68450,220300,0.696279,-0.316662,0.00162108,0.00153028,10.20281,11.006396,2023-08-01
3805,2023-07-28 10:00:00,19600.0,19644.6,3386800,8244150,147.4,77.3,309600,570100,0.611166,-0.396515,0.00178594,0.00166329,10.154427,10.962679,2023-08-01
1174,2023-07-28 10:00:00,19650.0,19644.6,3157150,3635200,118.35,97.5,600550,420500,0.519645,-0.48135,0.00185983,0.00173778,10.13523,10.84841,2023-08-01
6436,2023-07-28 10:00:00,19700.0,19644.6,7165550,4693500,92.25,122.0,500250,405200,0.426332,-0.568105,0.00184871,0.00172006,10.034018,10.811889,2023-08-01
11693,2023-07-28 10:00:00,19750.0,19644.6,3084550,969450,70.65,150.0,224750,74750,0.336493,-0.652115,0.00172683,0.00162354,9.997811,10.768799,2023-08-01
16950,2023-07-28 10:00:00,19800.0,19644.6,12886200,4543150,52.5,182.6,350150,146050,0.254119,-0.727372,0.00152688,0.00144931,9.930834,10.844833,2023-08-01
22204,2023-07-28 10:00:00,19850.0,19644.6,3305300,486300,38.8,217.6,193300,12050,0.185727,-0.794325,0.00126926,0.00124259,9.973048,10.838143,2023-08-01
27456,2023-07-28 10:00:00,19900.0,19644.6,6083600,720700,27.85,256.4,277800,29400,0.129874,-0.847745,0.00100174,0.00101764,9.983504,10.946908,2023-08-01
24832,2023-07-28 10:01:00,19400.0,19638.65,223050,4065650,292.55,27.2,4150,223400,0.878823,-0.143246,0.00091946,0.00093986,10.367211,11.382853,2023-08-01
19579,2023-07-28 10:01:00,19450.0,19638.65,111000,1692750,252.55,35.85,6000,158750,0.822604,-0.192451,0.0011702,0.00115494,10.514997,11.207272,2023-08-01
14323,2023-07-28 10:01:00,19500.0,19638.65,1059600,6717700,212.9,47.05,52050,523000,0.761085,-0.253294,0.00141883,0.00136833,10.343576,11.066851,2023-08-01
9066,2023-07-28 10:01:00,19550.0,19638.65,443800,2106650,177.0,61.65,55450,270100,0.685247,-0.325759,0.00163422,0.00154956,10.283804,11.002619,2023-08-01
3806,2023-07-28 10:01:00,19600.0,19638.65,3386800,8244150,144.65,79.2,313500,835150,0.599638,-0.406097,0.00178449,0.0016809,10.248336,10.919467,2023-08-01
1175,2023-07-28 10:01:00,19650.0,19638.65,3157150,3635200,115.45,100.0,644850,525600,0.508553,-0.491693,0.00185649,0.00174375,10.167369,10.824901,2023-08-01
6437,2023-07-28 10:01:00,19700.0,19638.65,7165550,4693500,90.1,124.85,563500,461150,0.415878,-0.578563,0.00182852,0.00171718,10.094896,10.780897,2023-08-01
11694,2023-07-28 10:01:00,19750.0,19638.65,3084550,969450,68.95,153.05,312800,82400,0.327301,-0.662541,0.0016979,0.00161378,10.060723,10.714212,2023-08-01
16951,2023-07-28 10:01:00,19800.0,19638.65,12886200,4543150,51.05,185.4,477900,99600,0.24615,-0.738451,0.0014947,0.00143676,9.978463,10.716857,2023-08-01
22205,2023-07-28 10:01:00,19850.0,19638.65,3305300,486300,37.55,221.95,268750,20350,0.178987,-0.801665,0.00123698,0.00121633,10.003492,10.838044,2023-08-01
27457,2023-07-28 10:01:00,19900.0,19638.65,6083600,720700,27.0,261.0,216850,24150,0.125034,-0.853941,0.00097173,0.00099098,10.027414,10.938042,2023-08-01
24833,2023-07-28 10:02:00,19400.0,19633.45,225250,4077000,290.0,27.65,4000,159200,0.867248,-0.146732,0.00095245,0.00096132,10.668074,11.31433,2023-08-01
19580,2023-07-28 10:02:00,19450.0,19633.45,112850,1702450,248.45,36.35,7200,101350,0.816342,-0.196754,0.00119572,0.00117979,10.520666,11.12365,2023-08-01
14324,2023-07-28 10:02:00,19500.0,19633.45,1093800,6796250,210.2,47.75,46900,405250,0.75083,-0.258902,0.00143263,0.00139502,10.482486,10.98367,2023-08-01
9067,2023-07-28 10:02:00,19550.0,19633.45,441450,2140050,174.85,62.85,56950,252350,0.674408,-0.333068,0.00163439,0.00157204,10.432975,10.946234,2023-08-01
3807,2023-07-28 10:02:00,19600.0,19633.45,3442700,8364150,142.45,80.5,298950,869000,0.589537,-0.414291,0.00177935,0.00170166,10.345815,10.841774,2023-08-01
1176,2023-07-28 10:02:00,19650.0,19633.45,3401550,3701300,113.65,101.5,398550,466700,0.498943,-0.500813,0.00184023,0.00175962,10.263098,10.733303,2023-08-01
6438,2023-07-28 10:02:00,19700.0,19633.45,7291050,4743850,88.45,126.75,473600,379050,0.407059,-0.588241,0.00180706,0.00172311,10.166614,10.69153,2023-08-01
11695,2023-07-28 10:02:00,19750.0,19633.45,3124100,963000,67.6,155.4,206150,76050,0.319614,-0.672217,0.00167107,0.00160855,10.126012,10.629596,2023-08-01
16952,2023-07-28 10:02:00,19800.0,19633.45,13054250,4520600,50.05,188.3,394450,128150,0.239934,-0.747281,0.00146472,0.00142094,10.046293,10.648092,2023-08-01
22206,2023-07-28 10:02:00,19850.0,19633.45,3413650,494650,36.8,223.75,143750,7300,0.174201,-0.813512,0.00120844,0.00119907,10.069218,10.591398,2023-08-01
27458,2023-07-28 10:02:00,19900.0,19633.45,6091050,714050,26.35,263.45,151200,24900,0.121183,-0.864171,0.00094637,0.00096377,10.076236,10.709987,2023-08-01
24834,2023-07-28 10:03:00,19400.0,19629.1,225250,4077000,283.0,28.85,7050,224350,0.875318,-0.152286,0.00096072,0.0009802,10.128938,11.378381,2023-08-01
19581,2023-07-28 10:03:00,19450.0,19629.1,112850,1702450,241.8,38.1,20850,185950,0.821144,-0.20402,0.00122737,0.0011952,10.083726,11.225521,2023-08-01
14325,2023-07-28 10:03:00,19500.0,19629.1,1093800,6796250,204.4,49.95,90450,522350,0.750839,-0.26711,0.00147657,0.00140305,10.17343,11.099799,2023-08-01
9068,2023-07-28 10:03:00,19550.0,19629.1,441450,2140050,169.25,65.3,89700,300600,0.671613,-0.341313,0.00168719,0.00157252,10.144729,11.050542,2023-08-01
3808,2023-07-28 10:03:00,19600.0,19629.1,3442700,8364150,137.75,83.85,420850,864600,0.583363,-0.422763,0.0018231,0.00168494,10.135647,11.001644,2023-08-01
1177,2023-07-28 10:03:00,19650.0,19629.1,3401550,3701300,109.45,105.5,611050,567450,0.490683,-0.508246,0.00187442,0.00172926,10.076256,10.922703,2023-08-01
6439,2023-07-28 10:03:00,19700.0,19629.1,7291050,4743850,85.35,131.15,708400,437150,0.398055,-0.593934,0.00181736,0.00168642,10.054185,10.890574,2023-08-01
11696,2023-07-28 10:03:00,19750.0,19629.1,3124100,963000,64.75,160.8,271000,107350,0.310144,-0.674842,0.00167093,0.00156295,10.000592,10.907249,2023-08-01
16953,2023-07-28 10:03:00,19800.0,19629.1,13054250,4520600,47.9,194.15,578700,248200,0.231486,-0.747074,0.00144987,0.00138107,9.953587,10.963569,2023-08-01
22207,2023-07-28 10:03:00,19850.0,19629.1,3413650,494650,35.25,230.85,259000,11100,0.167432,-0.808227,0.00118598,0.00116856,10.005961,11.059952,2023-08-01
27459,2023-07-28 10:03:00,19900.0,19629.1,6091050,714050,25.3,272.0,270850,37500,0.11626,-0.85305,0.00092258,0.00095483,10.04068,11.405968,2023-08-01
24835,2023-07-28 10:04:00,19350.0,19622.45,225250,1300100,283.0,22.05,0,118450,0.912726,-0.11451,0.00074235,0.000801,10.128938,11.445528,2023-08-01
19582,2023-07-28 10:04:00,19400.0,19622.45,225250,4077000,277.45,29.4,12500,277650,0.868577,-0.156823,0.00099586,0.00100847,10.139828,11.280875,2023-08-01
14326,2023-07-28 10:04:00,19450.0,19622.45,112850,1702450,237.55,38.8,12500,632700,0.809643,-0.209882,0.001259,0.00122748,10.223214,11.119795,2023-08-01
9069,2023-07-28 10:04:00,19500.0,19622.45,1093800,6796250,200.4,51.35,115500,908250,0.738871,-0.275525,0.00149876,0.00143274,10.276115,11.043774,2023-08-01
3809,2023-07-28 10:04:00,19550.0,19622.45,441450,2140050,165.7,66.95,67750,320750,0.658969,-0.350969,0.00169738,0.00159952,10.238749,10.981813,2023-08-01
1178,2023-07-28 10:04:00,19600.0,19622.45,3442700,8364150,134.6,85.85,491700,1356400,0.570681,-0.433583,0.00182098,0.00170567,10.21582,10.926882,2023-08-01
6440,2023-07-28 10:04:00,19650.0,19622.45,3401550,3701300,106.7,108.25,571200,681250,0.478391,-0.51985,0.00186041,0.00173543,10.144289,10.877316,2023-08-01
11697,2023-07-28 10:04:00,19700.0,19622.45,7291050,4743850,82.75,134.3,692400,581900,0.386381,-0.605648,0.00179717,0.00168245,10.08722,10.837475,2023-08-01
16954,2023-07-28 10:04:00,19750.0,19622.45,3124100,963000,62.65,164.0,303900,127850,0.299744,-0.68677,0.00164081,0.00155317,10.035215,10.809553,2023-08-01
22208,2023-07-28 10:04:00,19800.0,19622.45,13054250,4520600,46.45,198.05,610650,179600,0.223278,-0.757712,0.00141301,0.00135958,10.011756,10.888708,2023-08-01
27460,2023-07-28 10:04:00,19850.0,19622.45,3413650,494650,34.05,235.75,250050,13050,0.160736,-0.816078,0.00115032,0.00113997,10.050866,11.052985,2023-08-01
24836,2023-07-28 10:05:00,19350.0,19622.7,27800,1295600,320.45,21.8,450,113300,0.913219,-0.113566,0.00074027,0.00079887,10.115067,11.409436,2023-08-01
19583,2023-07-28 10:05:00,19400.0,19622.7,226100,4111100,279.0,29.05,23650,264750,0.863889,-0.15562,0.0009991,0.00100737,10.354188,11.236867,2023-08-01
14327,2023-07-28 10:05:00,19450.0,19622.7,111600,2023750,237.75,38.15,8200,208400,0.809942,-0.207999,0.0012577,0.0012294,10.22461,11.044389,2023-08-01
9070,2023-07-28 10:05:00,19500.0,19622.7,1103950,6738400,200.5,50.5,62250,500100,0.739431,-0.273575,0.00149847,0.00143938,10.26745,10.955118,2023-08-01
3810,2023-07-28 10:05:00,19550.0,19622.7,445250,2097450,165.8,66.55,37150,281700,0.659488,-0.350153,0.00169752,0.00160301,10.232669,10.949373,2023-08-01
1179,2023-07-28 10:05:00,19600.0,19622.7,3317450,7972450,134.55,85.25,321350,959450,0.57126,-0.432878,0.00182401,0.00171297,10.196876,10.877804,2023-08-01
6441,2023-07-28 10:05:00,19650.0,19622.7,3330400,3585400,106.9,107.5,472250,578600,0.478869,-0.519558,0.00185923,0.0017454,10.152086,10.816303,2023-08-01
11698,2023-07-28 10:05:00,19700.0,19622.7,7338950,4674000,82.95,133.8,461750,435700,0.386927,-0.60559,0.0017963,0.00168813,10.096977,10.802255,2023-08-01
16955,2023-07-28 10:05:00,19750.0,19622.7,3184650,972750,62.95,163.75,226400,80050,0.300552,-0.686551,0.00163924,0.00155507,10.057787,10.800343,2023-08-01
22209,2023-07-28 10:05:00,19800.0,19622.7,13241050,4566800,46.5,197.15,399100,138550,0.223565,-0.759043,0.00141441,0.00136571,10.009856,10.808189,2023-08-01
27461,2023-07-28 10:05:00,19850.0,19622.7,3403700,491850,34.2,233.5,143600,11500,0.161307,-0.821467,0.00115162,0.00114534,10.06346,10.798949,2023-08-01
24837,2023-07-28 10:06:00,19350.0,19614.6,27800,1295600,314.95,22.65,900,160050,0.900428,-0.118986,0.0007955,0.0008303,10.424994,11.352281,2023-08-01
19584,2023-07-28 10:06:00,19400.0,19614.6,226100,4111100,274.0,30.1,14900,494800,0.849626,-0.162482,0.00104258,0.00104296,10.618518,11.170107,2023-08-01
14328,2023-07-28 10:06:00,19450.0,19614.6,111600,2023750,233.15,39.9,10450,375550,0.794503,-0.217707,0.00129042,0.0012653,10.452211,11.026034,2023-08-01
9071,2023-07-28 10:06:00,19500.0,19614.6,1103950,6738400,196.25,52.5,69100,667350,0.723685,-0.284657,0.00151698,0.00147354,10.451094,10.915201,2023-08-01
3811,2023-07-28 10:06:00,19550.0,19614.6,445250,2097450,161.95,68.8,78750,406100,0.643649,-0.362463,0.00170149,0.00163312,10.385784,10.884481,2023-08-01
1180,2023-07-28 10:06:00,19600.0,19614.6,3317450,7972450,131.25,87.85,534950,1391250,0.555729,-0.446429,0.00181134,0.00173584,10.338276,10.796031,2023-08-01
6442,2023-07-28 10:06:00,19650.0,19614.6,3330400,3585400,103.6,110.6,587100,848650,0.464129,-0.534004,0.00184093,0.00175628,10.23092,10.72843,2023-08-01
11699,2023-07-28 10:06:00,19700.0,19614.6,7338950,4674000,80.35,137.1,860550,633300,0.373545,-0.620641,0.00176262,0.00168986,10.185253,10.675126,2023-08-01
16956,2023-07-28 10:06:00,19750.0,19614.6,3184650,972750,60.85,167.65,360850,134250,0.288975,-0.701308,0.0015975,0.00154149,10.140324,10.670781,2023-08-01
22210,2023-07-28 10:06:00,19800.0,19614.6,13241050,4566800,44.75,201.7,682200,221450,0.213787,-0.77268,0.00137015,0.00133867,10.075621,10.681706,2023-08-01
27462,2023-07-28 10:06:00,19850.0,19614.6,3403700,491850,32.9,239.45,262650,32250,0.153808,-0.831181,0.00110907,0.00110839,10.132772,10.77407,2023-08-01
24838,2023-07-28 10:07:00,19350.0,19612.6,27800,1295600,310.6,22.85,950,116700,0.909515,-0.120305,0.00077831,0.00083814,9.931707,11.336041,2023-08-01
19585,2023-07-28 10:07:00,19400.0,19612.6,226100,4111100,272.25,30.6,18450,299800,0.847887,-0.164932,0.00105227,0.0010517,10.603501,11.187548,2023-08-01
14329,2023-07-28 10:07:00,19450.0,19612.6,111600,2023750,232.25,40.4,5350,148850,0.790096,-0.220294,0.00129654,0.00127381,10.53596,11.029124,2023-08-01
9072,2023-07-28 10:07:00,19500.0,19612.6,1103950,6738400,194.75,53.2,73000,448300,0.720801,-0.287814,0.00152613,0.00147985,10.443159,10.92772,2023-08-01
3812,2023-07-28 10:07:00,19550.0,19612.6,445250,2097450,160.0,69.35,40050,225800,0.641108,-0.365528,0.00171733,0.00164069,10.317467,10.867018,2023-08-01
1181,2023-07-28 10:07:00,19600.0,19612.6,3317450,7972450,130.2,88.55,330100,940500,0.552056,-0.449839,0.00181213,0.00174059,10.348646,10.780639,2023-08-01
6443,2023-07-28 10:07:00,19650.0,19612.6,3330400,3585400,102.75,111.65,326000,479300,0.460505,-0.537504,0.00183697,0.0017544,10.246004,10.733455,2023-08-01
11700,2023-07-28 10:07:00,19700.0,19612.6,7338950,4674000,79.45,138.2,595250,386900,0.36995,-0.624081,0.00175829,0.0016861,10.180479,10.670768,2023-08-01
16957,2023-07-28 10:07:00,19750.0,19612.6,3184650,972750,60.35,168.9,255750,96150,0.286186,-0.704466,0.0015871,0.00153481,10.161954,10.66723,2023-08-01
22211,2023-07-28 10:07:00,19800.0,19612.6,13241050,4566800,44.25,203.5,405400,151650,0.211213,-0.774426,0.0013597,0.00132764,10.083291,10.725648,2023-08-01
27463,2023-07-28 10:07:00,19850.0,19612.6,3403700,491850,32.35,241.4,195200,7300,0.151247,-0.832197,0.00109847,0.00109883,10.119096,10.827705,2023-08-01
24839,2023-07-28 10:08:00,19350.0,19609.4,28200,1337200,312.75,22.8,250,117600,0.887429,-0.121164,0.00083652,0.00084918,10.837679,11.247654,2023-08-01
19586,2023-07-28 10:08:00,19400.0,19609.4,250700,4201850,269.85,30.6,9150,150900,0.843757,-0.16643,0.00106797,0.00106646,10.637027,11.100089,2023-08-01
14330,2023-07-28 10:08:00,19450.0,19609.4,115850,1926900,231.0,40.35,4250,122800,0.78265,-0.222288,0.00130444,0.00129272,10.689696,10.926603,2023-08-01
9073,2023-07-28 10:08:00,19500.0,19609.4,1119000,6689350,194.2,53.25,46050,383050,0.712423,-0.290837,0.00151992,0.00150145,10.638119,10.826167,2023-08-01
3813,2023-07-28 10:08:00,19550.0,19609.4,458450,2112850,160.0,69.4,33900,263700,0.633027,-0.369496,0.00169543,0.00166463,10.532563,10.751622,2023-08-01
1182,2023-07-28 10:08:00,19600.0,19609.4,3504800,7781100,129.85,88.8,272500,708250,0.545668,-0.454996,0.00179076,0.00176209,10.495521,10.668334,2023-08-01
6444,2023-07-28 10:08:00,19650.0,19609.4,3487300,3458950,102.55,111.75,212350,338050,0.455272,-0.543787,0.00181082,0.00177651,10.382039,10.585367,2023-08-01
11701,2023-07-28 10:08:00,19700.0,19609.4,7557300,4632350,79.15,138.4,466750,309600,0.365692,-0.631498,0.00173418,0.00170198,10.285222,10.506441,2023-08-01
16958,2023-07-28 10:08:00,19750.0,19609.4,3263250,981750,59.75,169.0,181350,78500,0.28217,-0.713196,0.0015684,0.00154389,10.21637,10.459592,2023-08-01
22212,2023-07-28 10:08:00,19800.0,19609.4,13521800,4612950,43.9,203.5,306550,107600,0.208346,-0.784417,0.00134073,0.00132628,10.146644,10.464103,2023-08-01
27464,2023-07-28 10:08:00,19850.0,19609.4,3449600,486600,32.2,241.1,139350,15700,0.149499,-0.843901,0.00108241,0.0010842,10.192421,10.471402,2023-08-01
24840,2023-07-28 10:09:00,19350.0,19611.9,28200,1337200,315.5,22.8,200,66200,0.887287,-0.120346,0.00082911,0.00084035,10.943913,11.311155,2023-08-01
19587,2023-07-28 10:09:00,19400.0,19611.9,250700,4201850,271.3,30.5,15700,153050,0.848403,-0.164941,0.00105548,0.00105501,10.549557,11.155076,2023-08-01
14331,2023-07-28 10:09:00,19450.0,19611.9,115850,1926900,231.55,40.55,3900,134150,0.789629,-0.221129,0.00130083,0.00127698,10.517112,11.027768,2023-08-01
9074,2023-07-28 10:09:00,19500.0,19611.9,1119000,6689350,195.0,53.45,37300,360050,0.71817,-0.288923,0.00152074,0.00148208,10.529927,10.933308,2023-08-01
3814,2023-07-28 10:09:00,19550.0,19611.9,458450,2112850,160.45,69.65,78700,233750,0.638721,-0.36673,0.00170574,0.00164195,10.41341,10.872746,2023-08-01
1183,2023-07-28 10:09:00,19600.0,19611.9,3504800,7781100,130.0,89.0,338000,786700,0.55069,-0.451122,0.00180956,0.00173913,10.370086,10.796214,2023-08-01
6445,2023-07-28 10:09:00,19650.0,19611.9,3487300,3458950,102.45,112.0,296800,470750,0.45923,-0.538745,0.00183565,0.00175413,10.252139,10.734048,2023-08-01
11702,2023-07-28 10:09:00,19700.0,19611.9,7557300,4632350,79.15,138.75,438750,310100,0.368701,-0.625109,0.00175655,0.00168256,10.181354,10.68618,2023-08-01
16959,2023-07-28 10:09:00,19750.0,19611.9,3263250,981750,59.7,169.5,245900,65250,0.284228,-0.705289,0.00158874,0.00153082,10.120316,10.683464,2023-08-01
22213,2023-07-28 10:09:00,19800.0,19611.9,13521800,4612950,43.9,203.7,297600,120600,0.209827,-0.776114,0.00135698,0.00132637,10.066595,10.692395,2023-08-01
27465,2023-07-28 10:09:00,19850.0,19611.9,3449600,486600,32.1,242.0,148400,12650,0.150157,-0.832815,0.00109465,0.00109556,10.10761,10.836333,2023-08-01
24841,2023-07-28 10:10:00,19350.0,19613.15,28200,1337200,315.0,22.4,150,72800,0.894158,-0.118561,0.000813,0.00083414,10.667782,11.276063,2023-08-01
19588,2023-07-28 10:10:00,19400.0,19613.15,250700,4201850,272.5,29.85,9600,131350,0.849125,-0.162352,0.00104947,0.00104975,10.576513,11.096562,2023-08-01
14332,2023-07-28 10:10:00,19450.0,19613.15,115850,1926900,232.6,39.5,4100,101250,0.790998,-0.217593,0.00129435,0.00127608,10.529408,10.934036,2023-08-01
9075,2023-07-28 10:10:00,19500.0,19613.15,1119000,6689350,195.45,52.2,41700,295150,0.720975,-0.285358,0.00152047,0.00148682,10.481109,10.834751,2023-08-01
3815,2023-07-28 10:10:00,19550.0,19613.15,458450,2112850,161.55,68.4,30950,400200,0.640459,-0.363711,0.00169775,0.00164999,10.445253,10.7901,2023-08-01
1184,2023-07-28 10:10:00,19600.0,19613.15,3504800,7781100,130.95,87.55,259200,792800,0.552839,-0.448561,0.00180409,0.00175237,10.39434,10.706087,2023-08-01
6446,2023-07-28 10:10:00,19650.0,19613.15,3487300,3458950,103.5,110.35,294300,324600,0.461694,-0.536943,0.00182918,0.00177134,10.29491,10.634496,2023-08-01
11703,2023-07-28 10:10:00,19700.0,19613.15,7557300,4632350,80.0,137.15,293050,270850,0.3713,-0.624035,0.0017549,0.00169799,10.214415,10.598787,2023-08-01
16960,2023-07-28 10:10:00,19750.0,19613.15,3263250,981750,60.45,167.5,168850,65250,0.286855,-0.70562,0.00159039,0.00154815,10.154396,10.558589,2023-08-01
22214,2023-07-28 10:10:00,19800.0,19613.15,13521800,4612950,44.4,202.1,248200,177500,0.211932,-0.776225,0.00136249,0.00133614,10.084922,10.611403,2023-08-01
27466,2023-07-28 10:10:00,19850.0,19613.15,3449600,486600,32.6,239.5,97450,10050,0.152244,-0.835945,0.00110144,0.00110228,10.138159,10.639695,2023-08-01
24842,2023-07-28 10:11:00,19350.0,19620.8,28300,1345650,320.1,21.45,100,81300,0.906284,-0.112881,0.00076418,0.00080322,10.380726,11.305385,2023-08-01
19589,2023-07-28 10:11:00,19400.0,19620.8,266350,4207400,277.45,28.7,7900,145500,0.861809,-0.155312,0.00100893,0.00101564,10.366188,11.137332,2023-08-01
14333,2023-07-28 10:11:00,19450.0,19620.8,118250,1943050,237.45,38.0,5650,173350,0.803905,-0.208739,0.0012624,0.00124084,10.389018,10.97193,2023-08-01
9076,2023-07-28 10:11:00,19500.0,19620.8,1155900,6681900,199.5,50.5,58250,380650,0.735681,-0.275179,0.00150314,0.00145229,10.316818,10.895582,2023-08-01
3816,2023-07-28 10:11:00,19550.0,19620.8,488650,2179750,165.5,65.9,61500,510500,0.654827,-0.351459,0.00168978,0.00162629,10.338578,10.813611,2023-08-01
1185,2023-07-28 10:11:00,19600.0,19620.8,3758250,7585600,133.95,85.05,446350,981750,0.567452,-0.435604,0.00181817,0.00173135,10.25304,10.781063,2023-08-01
6447,2023-07-28 10:11:00,19650.0,19620.8,3612650,3393300,106.3,107.0,431950,423100,0.475412,-0.523267,0.00185197,0.00176803,10.192833,10.678839,2023-08-01
11704,2023-07-28 10:11:00,19700.0,19620.8,7843400,4655850,82.1,133.15,579450,315500,0.383456,-0.610616,0.00179227,0.00170962,10.098813,10.634517,2023-08-01
16961,2023-07-28 10:11:00,19750.0,19620.8,3399250,975900,62.2,163.0,229100,66700,0.297276,-0.692972,0.00163251,0.00157111,10.055005,10.600412,2023-08-01
22215,2023-07-28 10:11:00,19800.0,19620.8,13658450,4660950,45.95,196.85,322650,103200,0.220847,-0.765538,0.00140483,0.00136898,10.013953,10.628229,2023-08-01
27467,2023-07-28 10:11:00,19850.0,19620.8,3509100,483450,33.7,234.45,107400,4400,0.158882,-0.825111,0.00114146,0.0011374,10.058975,10.739816,2023-08-01
24843,2023-07-28 10:12:00,19350.0,19618.35,28300,1345650,315.0,22.5,350,66150,0.916796,-0.11726,0.00074088,0.00081684,9.800645,11.424192,2023-08-01
19590,2023-07-28 10:12:00,19400.0,19618.35,266350,4207400,272.25,30.1,11700,124600,0.871069,-0.160745,0.00101094,0.0010263,9.865677,11.275586,2023-08-01
14334,2023-07-28 10:12:00,19450.0,19618.35,118250,1943050,232.4,39.85,7950,182500,0.810395,-0.215141,0.00128864,0.0012447,9.972449,11.135262,2023-08-01
9077,2023-07-28 10:12:00,19500.0,19618.35,1155900,6681900,194.8,52.75,74400,346100,0.738802,-0.281812,0.00154544,0.00144619,9.975705,11.071465,2023-08-01
3817,2023-07-28 10:12:00,19550.0,19618.35,488650,2179750,160.85,68.85,49750,179850,0.655151,-0.358105,0.00174384,0.00160493,10.016603,11.032928,2023-08-01
1186,2023-07-28 10:12:00,19600.0,19618.35,3758250,7585600,130.3,88.25,391850,616650,0.564277,-0.440935,0.00186117,0.00170117,10.031637,10.997697,2023-08-01
6448,2023-07-28 10:12:00,19650.0,19618.35,3612650,3393300,103.1,111.15,415250,307600,0.470232,-0.526758,0.00188601,0.00172094,10.002024,10.967279,2023-08-01
11705,2023-07-28 10:12:00,19700.0,19618.35,7843400,4655850,79.75,137.95,506950,219000,0.377501,-0.61122,0.00180705,0.00165638,9.970754,10.973747,2023-08-01
16962,2023-07-28 10:12:00,19750.0,19618.35,3399250,975900,60.2,168.35,197550,44400,0.291014,-0.690197,0.001636,0.00152107,9.937353,10.99474,2023-08-01
22216,2023-07-28 10:12:00,19800.0,19618.35,13658450,4660950,44.4,202.85,313150,72850,0.215128,-0.758949,0.00139756,0.00133011,9.916977,11.108694,2023-08-01
27468,2023-07-28 10:12:00,19850.0,19618.35,3509100,483450,32.6,240.55,143450,10350,0.154352,-0.816234,0.0011281,0.00111869,9.988202,11.267057,2023-08-01
24844,2023-07-28 10:13:00,19350.0,19620.5,28300,1345650,316.0,22.6,200,83450,0.92245,-0.116932,0.00071641,0.00081015,9.610379,11.495392,2023-08-01
19591,2023-07-28 10:13:00,19400.0,19620.5,266350,4207400,272.55,30.2,16050,121200,0.879277,-0.160086,0.00099068,0.00101689,9.614916,11.34915,2023-08-01
14335,2023-07-28 10:13:00,19450.0,19620.5,118250,1943050,232.5,40.0,4300,126700,0.818378,-0.214168,0.00128259,0.00123211,9.755297,11.21912,2023-08-01
9078,2023-07-28 10:13:00,19500.0,19620.5,1155900,6681900,195.4,52.8,35200,356750,0.744489,-0.280044,0.00154539,0.00143172,9.862585,11.1491,2023-08-01
3818,2023-07-28 10:13:00,19550.0,19620.5,488650,2179750,161.35,69.1,61800,222000,0.660326,-0.355942,0.00175076,0.00158612,9.919812,11.139755,2023-08-01
1187,2023-07-28 10:13:00,19600.0,19620.5,3758250,7585600,130.75,88.65,283300,601700,0.568785,-0.437957,0.00187247,0.00167915,9.951674,11.128773,2023-08-01
6449,2023-07-28 10:13:00,19650.0,19620.5,3612650,3393300,103.35,111.55,257500,335250,0.474035,-0.522705,0.00190273,0.00169977,9.920514,11.110629,2023-08-01
11706,2023-07-28 10:13:00,19700.0,19620.5,7843400,4655850,79.9,138.15,349750,309200,0.380461,-0.606284,0.00182528,0.00164125,9.894605,11.113967,2023-08-01
16963,2023-07-28 10:13:00,19750.0,19620.5,3399250,975900,60.5,168.75,173800,52650,0.293606,-0.684052,0.00165065,0.00150897,9.889628,11.176761,2023-08-01
22217,2023-07-28 10:13:00,19800.0,19620.5,13658450,4660950,44.5,203.0,317300,80450,0.216754,-0.752513,0.00141191,0.00132732,9.858845,11.291014,2023-08-01
27469,2023-07-28 10:13:00,19850.0,19620.5,3509100,483450,32.6,240.8,140850,14550,0.155242,-0.809024,0.00113944,0.001123,9.926101,11.493781,2023-08-01
24845,2023-07-28 10:14:00,19350.0,19618.5,28750,1334550,314.55,22.2,1050,164050,0.919477,-0.11617,0.00073177,0.00081486,9.682347,11.378196,2023-08-01
19592,2023-07-28 10:14:00,19400.0,19618.5,286450,4229050,272.3,29.8,6650,159500,0.871501,-0.159743,0.0010098,0.00102576,9.855331,11.237275,2023-08-01
14336,2023-07-28 10:14:00,19450.0,19618.5,123900,1996450,232.0,39.5,3700,73550,0.812235,-0.214129,0.00128992,0.00124583,9.904343,11.096409,2023-08-01
9079,2023-07-28 10:14:00,19500.0,19618.5,1172300,6682950,194.95,52.1,18600,302250,0.738925,-0.280393,0.00154429,0.0014518,9.98226,11.003601,2023-08-01
3819,2023-07-28 10:14:00,19550.0,19618.5,510850,2351650,160.4,68.1,31550,170200,0.656243,-0.356986,0.00175195,0.00161397,9.959945,10.960884,2023-08-01
1188,2023-07-28 10:14:00,19600.0,19618.5,3959000,7594600,130.25,87.7,177750,617650,0.56463,-0.440443,0.00186345,0.00170851,10.019444,10.950114,2023-08-01
6450,2023-07-28 10:14:00,19650.0,19618.5,3788300,3418200,102.7,110.25,202650,216100,0.470347,-0.526742,0.00189489,0.00173386,9.956927,10.887298,2023-08-01
11707,2023-07-28 10:14:00,19700.0,19618.5,7966300,4742900,79.6,137.2,224300,154100,0.377499,-0.611671,0.00181094,0.00166598,9.950868,10.908553,2023-08-01
16964,2023-07-28 10:14:00,19750.0,19618.5,3485000,974600,60.0,167.15,138000,33650,0.290731,-0.691878,0.00163968,0.00153358,9.912149,10.880817,2023-08-01
22218,2023-07-28 10:14:00,19800.0,19618.5,13746600,4687300,44.0,202.05,175050,48800,0.214117,-0.760344,0.00140098,0.00133537,9.86724,11.031708,2023-08-01
27470,2023-07-28 10:14:00,19850.0,19618.5,3540600,491550,32.35,240.15,80900,5950,0.153598,-0.816862,0.00112867,0.00111994,9.952393,11.232265,2023-08-01
24846,2023-07-28 10:15:00,19350.0,19618.65,28750,1334550,315.0,21.8,250,77600,0.918164,-0.114731,0.00073571,0.0008123,9.749375,11.314298,2023-08-01
19593,2023-07-28 10:15:00,19400.0,19618.65,286450,4229050,273.6,29.3,7500,135350,0.867148,-0.158119,0.00101381,0.00102521,10.045866,11.169151,2023-08-01
14337,2023-07-28 10:15:00,19450.0,19618.65,123900,1996450,234.0,38.6,3450,88400,0.806495,-0.211665,0.00128126,0.00124988,10.158122,10.986882,2023-08-01
9080,2023-07-28 10:15:00,19500.0,19618.65,1172300,6682950,196.95,51.1,35700,225500,0.734698,-0.278253,0.00152326,0.00146091,10.204257,10.89516,2023-08-01
3820,2023-07-28 10:15:00,19550.0,19618.65,510850,2351650,162.4,67.05,34650,153400,0.653632,-0.355467,0.001722,0.00162712,10.16263,10.856767,2023-08-01
1189,2023-07-28 10:15:00,19600.0,19618.65,3959000,7594600,131.25,86.05,179750,839050,0.564363,-0.439386,0.00184683,0.00173292,10.111511,10.79232,2023-08-01
6451,2023-07-28 10:15:00,19650.0,19618.65,3788300,3418200,103.8,108.65,194150,177250,0.470962,-0.526919,0.00187622,0.00175799,10.057924,10.738348,2023-08-01
11708,2023-07-28 10:15:00,19700.0,19618.65,7966300,4742900,80.25,135.3,247200,188900,0.378477,-0.613325,0.00180185,0.00169193,10.009861,10.728823,2023-08-01
16965,2023-07-28 10:15:00,19750.0,19618.65,3485000,974600,60.65,165.4,118550,43850,0.292182,-0.694549,0.00163316,0.0015523,9.975574,10.70922,2023-08-01
22219,2023-07-28 10:15:00,19800.0,19618.65,13746600,4687300,44.5,200.0,182050,66350,0.215568,-0.764634,0.00139901,0.0013489,9.920733,10.81416,2023-08-01
27471,2023-07-28 10:15:00,19850.0,19618.65,3540600,491550,32.65,237.75,59400,3700,0.154617,-0.822921,0.00112966,0.00112494,9.987991,10.94945,2023-08-01
24847,2023-07-28 10:16:00,19350.0,19620.8,28750,1334550,315.15,21.75,1100,36050,0.92782,-0.113898,0.00069577,0.00080484,9.37031,11.359686,2023-08-01
19594,2023-07-28 10:16:00,19400.0,19620.8,286450,4229050,274.3,29.0,4450,146200,0.873569,-0.156225,0.00099736,0.00101574,9.866845,11.184,2023-08-01
14338,2023-07-28 10:16:00,19450.0,19620.8,123900,1996450,234.5,38.35,1650,86650,0.812978,-0.209648,0.00127467,0.00123918,9.998784,11.019317,2023-08-01
9081,2023-07-28 10:16:00,19500.0,19620.8,1172300,6682950,197.3,50.95,34050,236450,0.740818,-0.27608,0.00152615,0.00144805,10.063604,10.949522,2023-08-01
3821,2023-07-28 10:16:00,19550.0,19620.8,510850,2351650,163.15,66.35,23200,137800,0.658333,-0.35205,0.00172496,0.00162049,10.09302,10.863332,2023-08-01
1190,2023-07-28 10:16:00,19600.0,19620.8,3959000,7594600,131.7,85.55,171750,671400,0.568836,-0.435886,0.00185795,0.00172392,10.031584,10.833241,2023-08-01
6452,2023-07-28 10:16:00,19650.0,19620.8,3788300,3418200,104.15,107.75,226550,182850,0.474779,-0.523104,0.00189089,0.00175638,9.986102,10.754342,2023-08-01
11709,2023-07-28 10:16:00,19700.0,19620.8,7966300,4742900,80.35,134.8,254600,200250,0.381376,-0.608962,0.00182078,0.00168614,9.928605,10.799991,2023-08-01
16966,2023-07-28 10:16:00,19750.0,19620.8,3485000,974600,60.85,164.7,117850,26250,0.294571,-0.690065,0.00164894,0.00155219,9.9172,10.778501,2023-08-01
22220,2023-07-28 10:16:00,19800.0,19620.8,13746600,4687300,44.85,199.25,206600,56350,0.217874,-0.760009,0.0014118,0.00135279,9.891261,10.898467,2023-08-01
27472,2023-07-28 10:16:00,19850.0,19620.8,3540600,491550,32.95,236.95,70700,5650,0.156471,-0.81826,0.00114118,0.00113288,9.964951,11.051437,2023-08-01
24848,2023-07-28 10:17:00,19350.0,19616.45,28950,1408750,308.6,22.45,1350,111100,0.937788,-0.11765,0.00066327,0.00082302,8.764933,11.370922,2023-08-01
19595,2023-07-28 10:17:00,19400.0,19616.45,295050,4229300,272.75,30.0,20150,289850,0.861217,-0.161265,0.00102864,0.00103483,10.204502,11.211946,2023-08-01
14339,2023-07-28 10:17:00,19450.0,19616.45,124950,2006800,231.3,39.6,11000,158700,0.806667,-0.215679,0.00129728,0.00125685,10.030003,11.049223,2023-08-01
9082,2023-07-28 10:17:00,19500.0,19616.45,1206900,6683550,195.15,52.15,129050,531400,0.731814,-0.282282,0.0015355,0.00146515,10.181211,10.942578,2023-08-01
3822,2023-07-28 10:17:00,19550.0,19616.45,520400,2439800,160.4,67.8,76850,412050,0.650642,-0.35901,0.00173781,0.0016336,10.104851,10.854354,2023-08-01
1191,2023-07-28 10:17:00,19600.0,19616.45,4083700,7829750,129.65,87.05,592600,1150200,0.560465,-0.443238,0.00185584,0.00173468,10.080845,10.799889,2023-08-01
6453,2023-07-28 10:17:00,19650.0,19616.45,3930750,3482650,102.6,110.0,630550,670400,0.466793,-0.530714,0.00187658,0.00175298,10.050518,10.764572,2023-08-01
11710,2023-07-28 10:17:00,19700.0,19616.45,8076350,4801500,79.0,136.85,904600,559100,0.374119,-0.616733,0.00180115,0.00168318,9.980332,10.759496,2023-08-01
16967,2023-07-28 10:17:00,19750.0,19616.45,3562650,969700,59.7,167.3,301500,117900,0.288227,-0.697091,0.001626,0.00153941,9.958497,10.761739,2023-08-01
22221,2023-07-28 10:17:00,19800.0,19616.45,13856700,4710350,43.9,202.1,527100,225100,0.212545,-0.766311,0.00138742,0.00133611,9.924453,10.877565,2023-08-01
27473,2023-07-28 10:17:00,19850.0,19616.45,3581200,521800,32.3,240.0,282750,65300,0.152576,-0.823799,0.00111789,0.00111424,10.007473,11.022952,2023-08-01
24849,2023-07-28 10:18:00,19400.0,19627.75,295050,4229300,283.0,27.4,12750,352700,0.869625,-0.148162,0.00097291,0.00098486,10.330806,11.133722,2023-08-01
19596,2023-07-28 10:18:00,19450.0,19627.75,124950,2006800,241.25,36.1,7650,158350,0.817701,-0.199287,0.00123316,0.0012116,10.17036,10.933235,2023-08-01
14340,2023-07-28 10:18:00,19500.0,19627.75,1206900,6683550,203.25,47.8,114500,549450,0.749159,-0.263564,0.00148456,0.00143228,10.168048,10.813813,2023-08-01
9083,2023-07-28 10:18:00,19550.0,19627.75,520400,2439800,168.3,62.55,90950,437150,0.669348,-0.338835,0.00169282,0.00161918,10.152179,10.716172,2023-08-01
3823,2023-07-28 10:18:00,19600.0,19627.75,4083700,7829750,136.6,80.85,649350,1088700,0.581098,-0.422731,0.00183181,0.00174255,10.112753,10.651616,2023-08-01
1192,2023-07-28 10:18:00,19650.0,19627.75,3930750,3482650,108.4,102.5,699100,626950,0.488028,-0.511169,0.00188077,0.00178868,10.053557,10.571773,2023-08-01
6454,2023-07-28 10:18:00,19700.0,19627.75,8076350,4801500,83.95,128.3,834600,520450,0.394679,-0.599664,0.00182796,0.00173819,9.985881,10.541722,2023-08-01
11711,2023-07-28 10:18:00,19750.0,19627.75,3562650,969700,63.55,157.6,335150,124350,0.306478,-0.683791,0.00167484,0.00160724,9.938267,10.497492,2023-08-01
16968,2023-07-28 10:18:00,19800.0,19627.75,13856700,4710350,46.8,191.25,440100,112900,0.227618,-0.757799,0.00144811,0.00140478,9.884852,10.545602,2023-08-01
22222,2023-07-28 10:18:00,19850.0,19627.75,3581200,521800,34.4,228.35,148750,16500,0.164074,-0.819621,0.00117889,0.00117142,9.948128,10.635674,2023-08-01
27474,2023-07-28 10:18:00,19900.0,19627.75,6299150,686000,24.6,268.7,198800,33700,0.113337,-0.867726,0.00091247,0.00093921,9.982715,10.808942,2023-08-01
24850,2023-07-28 10:19:00,19400.0,19625.3,295050,4229300,278.1,28.25,4350,123150,0.878032,-0.151902,0.00097253,0.00099601,9.867655,11.195944,2023-08-01
19597,2023-07-28 10:19:00,19450.0,19625.3,124950,2006800,237.85,37.55,5350,75400,0.81935,-0.204726,0.00125084,0.00121843,9.971787,11.050798,2023-08-01
14341,2023-07-28 10:19:00,19500.0,19625.3,1206900,6683550,199.45,49.55,56650,205000,0.750479,-0.269349,0.00151613,0.00143199,9.930542,10.937694,2023-08-01
9084,2023-07-28 10:19:00,19550.0,19625.3,520400,2439800,164.85,64.85,53650,190550,0.668148,-0.344874,0.00172869,0.00160707,9.957974,10.871811,2023-08-01
3824,2023-07-28 10:19:00,19600.0,19625.3,4083700,7829750,133.65,83.7,302100,517700,0.577678,-0.428162,0.00186296,0.00171755,9.963176,10.83705,2023-08-01
1193,2023-07-28 10:19:00,19650.0,19625.3,3930750,3482650,105.8,106.0,339300,215550,0.483142,-0.515133,0.00190488,0.0017508,9.92395,10.799198,2023-08-01
6455,2023-07-28 10:19:00,19700.0,19625.3,8076350,4801500,81.95,131.9,384750,203550,0.389179,-0.601746,0.00183782,0.0017004,9.895407,10.763393,2023-08-01
11712,2023-07-28 10:19:00,19750.0,19625.3,3562650,969700,62.0,162.35,159850,35700,0.301105,-0.682286,0.00167341,0.00156146,9.870626,10.829278,2023-08-01
16969,2023-07-28 10:19:00,19800.0,19625.3,13856700,4710350,45.65,195.7,285550,47350,0.222931,-0.754895,0.00143849,0.00137426,9.83642,10.851603,2023-08-01
22223,2023-07-28 10:19:00,19850.0,19625.3,3581200,521800,33.4,233.15,80300,5800,0.15982,-0.814319,0.00116559,0.00115353,9.892989,10.999883,2023-08-01
27475,2023-07-28 10:19:00,19900.0,19625.3,6299150,686000,23.9,273.85,125400,7700,0.110175,-0.860305,0.00089791,0.00093674,9.943328,11.252409,2023-08-01
24851,2023-07-28 10:20:00,19350.0,19621.45,28950,1429950,315.0,21.85,1100,81250,0.931751,-0.114024,0.00067833,0.00080321,9.208794,11.395148,2023-08-01
19598,2023-07-28 10:20:00,19400.0,19621.45,304450,4182700,272.7,29.35,7750,138450,0.882879,-0.157009,0.00098091,0.00101297,9.510153,11.254941,2023-08-01
14342,2023-07-28 10:20:00,19450.0,19621.45,124900,2018050,231.3,38.7,9100,130100,0.826288,-0.210151,0.00128269,0.00123389,9.489272,11.085444,2023-08-01
9085,2023-07-28 10:20:00,19500.0,19621.45,1220500,6681050,195.7,51.15,59500,278200,0.746918,-0.275912,0.00154489,0.00144195,9.821695,10.995795,2023-08-01
3825,2023-07-28 10:20:00,19550.0,19621.45,526100,2455000,161.15,66.85,48150,244250,0.6633,-0.351956,0.00176047,0.00160918,9.836835,10.941899,2023-08-01
1194,2023-07-28 10:20:00,19600.0,19621.45,3994300,7752450,130.65,86.05,305450,571400,0.570971,-0.435198,0.00188309,0.00171146,9.891087,10.912252,2023-08-01
6456,2023-07-28 10:20:00,19650.0,19621.45,3967550,3399250,103.15,108.75,343200,298000,0.475616,-0.521669,0.00191615,0.00173614,9.858694,10.885175,2023-08-01
11713,2023-07-28 10:20:00,19700.0,19621.45,8052050,4786900,79.6,135.35,397100,260150,0.381308,-0.606988,0.00183966,0.00167471,9.829062,10.892267,2023-08-01
16970,2023-07-28 10:20:00,19750.0,19621.45,3583200,960000,60.1,165.3,198150,44300,0.29364,-0.687388,0.00166381,0.00154326,9.817107,10.884568,2023-08-01
22224,2023-07-28 10:20:00,19800.0,19621.45,13807400,4648500,44.05,200.05,325250,76000,0.216084,-0.756368,0.0014214,0.00134692,9.780619,11.039086,2023-08-01
27476,2023-07-28 10:20:00,19850.0,19621.45,3566150,520850,32.2,238.4,125350,8900,0.154303,-0.812433,0.00114417,0.00113125,9.850687,11.290072,2023-08-01
24852,2023-07-28 10:21:00,19350.0,19602.35,28950,1429950,299.7,24.15,1500,278900,0.909388,-0.128062,0.000809,0.00088009,9.580903,11.297009,2023-08-01
19599,2023-07-28 10:21:00,19400.0,19602.35,304450,4182700,260.0,32.35,26800,447950,0.850039,-0.175062,0.00110219,0.00109746,10.044478,11.157308,2023-08-01
14343,2023-07-28 10:21:00,19450.0,19602.35,124900,2018050,219.85,42.45,20950,323600,0.789299,-0.23234,0.00137562,0.00132106,9.969138,10.977661,2023-08-01
9086,2023-07-28 10:21:00,19500.0,19602.35,1220500,6681050,183.4,56.2,168950,881200,0.713323,-0.302915,0.00161853,0.00151854,9.989459,10.92115,2023-08-01
3826,2023-07-28 10:21:00,19550.0,19602.35,526100,2455000,149.95,72.85,169700,671350,0.627513,-0.382174,0.00180349,0.00167035,9.96396,10.844239,2023-08-01
1195,2023-07-28 10:21:00,19600.0,19602.35,3994300,7752450,120.3,93.3,863450,2014250,0.534554,-0.467837,0.00189666,0.00174659,9.951717,10.812191,2023-08-01
6457,2023-07-28 10:21:00,19650.0,19602.35,3967550,3399250,94.3,117.5,967100,1043750,0.439537,-0.555207,0.00188809,0.00173746,9.919081,10.7999,2023-08-01
11714,2023-07-28 10:21:00,19700.0,19602.35,8052050,4786900,72.3,145.25,1072400,889550,0.347688,-0.639983,0.00177315,0.00164751,9.896432,10.784417,2023-08-01
16971,2023-07-28 10:21:00,19750.0,19602.35,3583200,960000,54.35,177.05,497200,222450,0.264447,-0.717304,0.00156935,0.00148324,9.901404,10.828088,2023-08-01
22225,2023-07-28 10:21:00,19800.0,19602.35,13807400,4648500,39.7,212.8,988350,283800,0.19239,-0.783098,0.00131413,0.0012728,9.882223,10.95805,2023-08-01
27477,2023-07-28 10:21:00,19850.0,19602.35,3566150,520850,29.1,252.0,387350,52900,0.136657,-0.835681,0.00104157,0.00105156,9.982697,11.180758,2023-08-01
24853,2023-07-28 10:22:00,19350.0,19597.65,28950,1429950,292.55,25.25,1100,195650,0.919495,-0.133391,0.00079059,0.00090109,8.975855,11.352725,2023-08-01
19600,2023-07-28 10:22:00,19400.0,19597.65,304450,4182700,251.7,33.85,23700,374000,0.86149,-0.181837,0.00112061,0.0011169,9.367241,11.232183,2023-08-01
14344,2023-07-28 10:22:00,19450.0,19597.65,124900,2018050,211.75,44.75,25450,243800,0.7965,-0.241211,0.00143112,0.00133267,9.390378,11.112184,2023-08-01
9087,2023-07-28 10:22:00,19500.0,19597.65,1220500,6681050,175.95,58.95,131650,762850,0.714602,-0.31225,0.00169505,0.0015199,9.5213,11.061582,2023-08-01
3827,2023-07-28 10:22:00,19550.0,19597.65,526100,2455000,143.7,76.55,80850,608350,0.622932,-0.391876,0.00187489,0.00165306,9.624663,11.041222,2023-08-01
1196,2023-07-28 10:22:00,19600.0,19597.65,3994300,7752450,114.7,97.8,684450,1806950,0.526281,-0.476468,0.00195836,0.00171239,9.656602,11.048441,2023-08-01
6458,2023-07-28 10:22:00,19650.0,19597.65,3967550,3399250,89.6,122.95,606050,846650,0.428856,-0.561576,0.00192704,0.00168779,9.678057,11.09501,2023-08-01
11715,2023-07-28 10:22:00,19700.0,19597.65,8052050,4786900,68.3,151.4,884250,751100,0.335924,-0.64327,0.00178962,0.0015926,9.681255,11.124244,2023-08-01
16972,2023-07-28 10:22:00,19750.0,19597.65,3583200,960000,51.2,183.95,331550,142400,0.253244,-0.716877,0.0015629,0.00143116,9.725196,11.233898,2023-08-01
22226,2023-07-28 10:22:00,19800.0,19597.65,13807400,4648500,37.3,220.5,675250,270700,0.182689,-0.778622,0.00129204,0.00123199,9.737998,11.458413,2023-08-01
27478,2023-07-28 10:22:00,19850.0,19597.65,3566150,520850,27.25,259.75,399600,24950,0.128734,-0.829263,0.00101272,0.0010294,9.856366,11.710618,2023-08-01
24854,2023-07-28 10:23:00,19350.0,19609.0,29100,1431450,301.0,23.4,5500,199200,0.936949,-0.123258,0.00068564,0.00085315,8.575481,11.344982,2023-08-01
19601,2023-07-28 10:23:00,19400.0,19609.0,318700,4235250,260.0,31.35,18000,366900,0.879061,-0.168808,0.00104263,0.00106768,9.160249,11.203255,2023-08-01
14345,2023-07-28 10:23:00,19450.0,19609.0,133150,2005500,220.85,41.5,10450,296800,0.811657,-0.225393,0.00136069,0.00128824,9.41864,11.065222,2023-08-01
9088,2023-07-28 10:23:00,19500.0,19609.0,1221200,6581900,183.95,54.9,129800,824800,0.733805,-0.294266,0.0016394,0.00148702,9.508444,11.004724,2023-08-01
3828,2023-07-28 10:23:00,19550.0,19609.0,573500,2426050,150.4,71.5,83800,583450,0.644837,-0.372387,0.00184826,0.00163897,9.565874,10.961296,2023-08-01
1197,2023-07-28 10:23:00,19600.0,19609.0,3964800,7781400,120.45,91.8,607200,1604550,0.548731,-0.456751,0.00195943,0.00171893,9.595289,10.955279,2023-08-01
6459,2023-07-28 10:23:00,19650.0,19609.0,3866450,3300100,94.6,115.8,502850,714250,0.450565,-0.54291,0.00195122,0.00171703,9.633557,10.968393,2023-08-01
11716,2023-07-28 10:23:00,19700.0,19609.0,8057800,4662200,72.4,143.85,651550,600750,0.355776,-0.626089,0.00183602,0.00163035,9.635515,11.0336,2023-08-01
16973,2023-07-28 10:23:00,19750.0,19609.0,3594350,916200,54.3,175.6,324950,115300,0.269888,-0.702141,0.00162496,0.0014782,9.659711,11.132232,2023-08-01
22227,2023-07-28 10:23:00,19800.0,19609.0,13755550,4506900,39.65,210.8,680050,370500,0.195964,-0.76816,0.00135816,0.00128498,9.667929,11.270426,2023-08-01
27479,2023-07-28 10:23:00,19850.0,19609.0,3710850,525700,29.0,250.4,233650,25200,0.138734,-0.819276,0.00107369,0.0010751,9.782508,11.618272,2023-08-01
24855,2023-07-28 10:24:00,19350.0,19609.8,29100,1431450,302.0,23.45,1000,96800,0.936045,-0.123158,0.00068794,0.00085052,8.642354,11.374051,2023-08-01
19602,2023-07-28 10:24:00,19400.0,19609.8,318700,4235250,260.7,31.65,17450,162400,0.879805,-0.16932,0.00103768,0.00106363,9.164364,11.268335,2023-08-01
14346,2023-07-28 10:24:00,19450.0,19609.8,133150,2005500,220.85,41.75,8450,153850,0.814913,-0.225473,0.00135845,0.00128207,9.333231,11.121171,2023-08-01
9089,2023-07-28 10:24:00,19500.0,19609.8,1221200,6581900,184.45,55.1,74550,379550,0.735306,-0.293895,0.00163622,0.0014795,9.500029,11.054734,2023-08-01
3829,2023-07-28 10:24:00,19550.0,19609.8,573500,2426050,150.95,71.7,47900,280800,0.646265,-0.371634,0.00184493,0.00163027,9.569818,11.013034,2023-08-01
1198,2023-07-28 10:24:00,19600.0,19609.8,3964800,7781400,121.25,92.1,403500,726350,0.55013,-0.455611,0.00195156,0.00170834,9.630172,11.020165,2023-08-01
6460,2023-07-28 10:24:00,19650.0,19609.8,3866450,3300100,95.05,116.25,309250,301900,0.452152,-0.541193,0.00195097,0.00170479,9.639888,11.052688,2023-08-01
11717,2023-07-28 10:24:00,19700.0,19609.8,8057800,4662200,72.6,143.8,500900,288650,0.357051,-0.624329,0.00184075,0.00162671,9.623267,11.075101,2023-08-01
16974,2023-07-28 10:24:00,19750.0,19609.8,3594350,916200,54.6,174.95,208750,64200,0.271256,-0.701209,0.00162845,0.00148221,9.663794,11.118421,2023-08-01
22228,2023-07-28 10:24:00,19800.0,19609.8,13755550,4506900,39.95,210.9,394800,154100,0.197303,-0.765648,0.00136227,0.00128419,9.678984,11.345555,2023-08-01
27480,2023-07-28 10:24:00,19850.0,19609.8,3710850,525700,29.0,249.55,134700,5350,0.139026,-0.819073,0.0010777,0.00107872,9.760506,11.587931,2023-08-01
24856,2023-07-28 10:25:00,19350.0,19611.75,29100,1431450,305.0,23.4,850,80550,0.931054,-0.122343,0.00070544,0.00084346,8.932728,11.415723,2023-08-01
19603,2023-07-28 10:25:00,19400.0,19611.75,318700,4235250,262.85,31.4,18250,151950,0.879716,-0.167642,0.00102881,0.00105503,9.248081,11.287455,2023-08-01
14347,2023-07-28 10:25:00,19450.0,19611.75,133150,2005500,222.55,41.3,7500,124350,0.817016,-0.223043,0.00134567,0.00127375,9.354925,11.125016,2023-08-01
9090,2023-07-28 10:25:00,19500.0,19611.75,1221200,6581900,185.95,54.65,49750,289700,0.738268,-0.291274,0.00162497,0.00147118,9.510803,11.070862,2023-08-01
3830,2023-07-28 10:25:00,19550.0,19611.75,573500,2426050,152.15,71.2,51200,235150,0.649962,-0.368705,0.00183923,0.00162271,9.56301,11.035786,2023-08-01
1199,2023-07-28 10:25:00,19600.0,19611.75,3964800,7781400,122.1,91.45,405400,719100,0.554067,-0.45236,0.00195426,0.00170358,9.604141,11.040304,2023-08-01
6461,2023-07-28 10:25:00,19650.0,19611.75,3866450,3300100,96.0,114.85,360550,276700,0.455947,-0.53803,0.00195318,0.00171234,9.639471,11.012494,2023-08-01
11718,2023-07-28 10:25:00,19700.0,19611.75,8057800,4662200,73.7,142.75,351300,299650,0.361061,-0.621084,0.00184208,0.00162993,9.653496,11.082609,2023-08-01
16975,2023-07-28 10:25:00,19750.0,19611.75,3594350,916200,55.3,174.2,226000,46400,0.274528,-0.697456,0.00163725,0.00148352,9.66898,11.171179,2023-08-01
22229,2023-07-28 10:25:00,19800.0,19611.75,13755550,4506900,40.5,209.55,332050,149250,0.200044,-0.763115,0.00137307,0.00129155,9.682924,11.347726,2023-08-01
27481,2023-07-28 10:25:00,19850.0,19611.75,3710850,525700,29.55,248.05,151800,3850,0.141617,-0.817064,0.00108903,0.00108653,9.780663,11.584164,2023-08-01
24857,2023-07-28 10:26:00,19350.0,19621.3,29100,1389700,306.5,21.7,150,119800,0.980992,-0.113513,0.00033359,0.00080289,6.597791,11.368924,2023-08-01
19604,2023-07-28 10:26:00,19400.0,19621.3,333600,4227700,270.65,29.05,12100,255850,0.890943,-0.156102,0.00096614,0.00101366,9.180869,11.210088,2023-08-01
14348,2023-07-28 10:26:00,19450.0,19621.3,138100,2026250,230.65,38.7,9850,136550,0.827937,-0.210212,0.00128491,0.00123488,9.420213,11.084032,2023-08-01
9091,2023-07-28 10:26:00,19500.0,19621.3,1261700,6557850,192.7,51.1,68700,422300,0.754229,-0.275916,0.00157647,0.0014437,9.48091,10.988065,2023-08-01
3831,2023-07-28 10:26:00,19550.0,19621.3,593900,2452900,158.2,66.85,50700,334800,0.667805,-0.352119,0.0018074,0.00161066,9.535647,10.93918,2023-08-01
1200,2023-07-28 10:26:00,19600.0,19621.3,4140250,7928700,127.4,86.35,436350,915750,0.572845,-0.435593,0.00194392,0.00170846,9.578073,10.938662,2023-08-01
6462,2023-07-28 10:26:00,19650.0,19621.3,3991700,3338650,100.6,109.35,485600,509050,0.474573,-0.521836,0.0019642,0.00172838,9.620799,10.939309,2023-08-01
11719,2023-07-28 10:26:00,19700.0,19621.3,8202400,4638400,77.3,136.0,508900,411450,0.378239,-0.606735,0.0018777,0.0016669,9.611022,10.950731,2023-08-01
16976,2023-07-28 10:26:00,19750.0,19621.3,3672100,894700,58.25,166.5,252800,63800,0.289626,-0.685848,0.0016857,0.00153091,9.63247,11.001113,2023-08-01
22230,2023-07-28 10:26:00,19800.0,19621.3,13688150,4371350,42.85,201.7,377700,160700,0.212612,-0.753256,0.00142771,0.00133582,9.650938,11.212621,2023-08-01
27482,2023-07-28 10:26:00,19850.0,19621.3,3670700,523750,31.2,239.1,139700,20050,0.150921,-0.811172,0.00114232,0.00112917,9.727545,11.363464,2023-08-01
24858,2023-07-28 10:27:00,19350.0,19616.3,31900,1389700,312.45,22.6,550,123700,0.918348,-0.118151,0.00074141,0.00082423,9.66879,11.397876,2023-08-01
19605,2023-07-28 10:27:00,19400.0,19616.3,333600,4227700,265.5,30.25,9150,354600,0.889778,-0.16204,0.00098979,0.0010355,9.03315,11.249171,2023-08-01
14349,2023-07-28 10:27:00,19450.0,19616.3,138100,2026250,225.0,40.0,6900,152650,0.827324,-0.216757,0.00132041,0.00125572,9.190851,11.100344,2023-08-01
9092,2023-07-28 10:27:00,19500.0,19616.3,1261700,6557850,188.4,53.1,75250,426950,0.747896,-0.284238,0.00161079,0.00145691,9.408577,11.050134,2023-08-01
3832,2023-07-28 10:27:00,19550.0,19616.3,593900,2452900,154.45,69.3,59800,284200,0.659416,-0.361038,0.00183426,0.00161492,9.490901,11.010403,2023-08-01
1201,2023-07-28 10:27:00,19600.0,19616.3,4140250,7928700,124.25,89.3,427300,822000,0.563231,-0.444536,0.00195702,0.0017019,9.557167,11.022181,2023-08-01
6463,2023-07-28 10:27:00,19650.0,19616.3,3991700,3338650,97.6,112.7,467000,345100,0.464566,-0.530204,0.00197036,0.00171302,9.575516,11.025942,2023-08-01
11720,2023-07-28 10:27:00,19700.0,19616.3,8202400,4638400,74.7,140.15,488150,285500,0.368239,-0.61367,0.00187141,0.00163925,9.564589,11.082989,2023-08-01
16977,2023-07-28 10:27:00,19750.0,19616.3,3672100,894700,56.25,171.25,254350,60950,0.280686,-0.690786,0.00166584,0.00149844,9.605951,11.166483,2023-08-01
22231,2023-07-28 10:27:00,19800.0,19616.3,13688150,4371350,41.15,205.8,450600,100850,0.204641,-0.758499,0.00140157,0.00131256,9.615238,11.283768,2023-08-01
27483,2023-07-28 10:27:00,19850.0,19616.3,3670700,523750,30.1,245.5,239300,13550,0.145221,-0.80994,0.00111381,0.00110247,9.726095,11.689274,2023-08-01
24859,2023-07-28 10:28:00,19350.0,19618.7,31900,1389700,307.8,22.15,150,67000,0.954915,-0.115851,0.00056248,0.00081391,8.012934,11.382274,2023-08-01
19606,2023-07-28 10:28:00,19400.0,19618.7,333600,4227700,266.05,29.7,4850,133100,0.899204,-0.159261,0.00095721,0.00102506,8.75536,11.235551,2023-08-01
14350,2023-07-28 10:28:00,19450.0,19618.7,138100,2026250,226.0,39.4,4100,81250,0.833983,-0.213667,0.00130638,0.00124565,9.057631,11.096796,2023-08-01
9093,2023-07-28 10:28:00,19500.0,19618.7,1261700,6557850,189.35,52.25,30700,256100,0.753981,-0.280463,0.00160662,0.00144961,9.310819,11.034174,2023-08-01
3833,2023-07-28 10:28:00,19550.0,19618.7,593900,2452900,155.3,68.35,44050,174550,0.665077,-0.357052,0.00183761,0.00161,9.411973,11.001181,2023-08-01
1202,2023-07-28 10:28:00,19600.0,19618.7,4140250,7928700,125.2,88.0,233000,488200,0.568221,-0.440319,0.00196203,0.00170342,9.512398,10.994842,2023-08-01
6464,2023-07-28 10:28:00,19650.0,19618.7,3991700,3338650,98.2,111.05,227000,211800,0.469074,-0.526223,0.00198437,0.00172113,9.516522,10.981316,2023-08-01
11721,2023-07-28 10:28:00,19700.0,19618.7,8202400,4638400,75.3,138.25,247700,170750,0.372182,-0.610283,0.00188585,0.00165127,9.52383,11.029569,2023-08-01
16978,2023-07-28 10:28:00,19750.0,19618.7,3672100,894700,56.5,169.25,146350,32000,0.283426,-0.687988,0.00168425,0.00151097,9.545149,11.116886,2023-08-01
22232,2023-07-28 10:28:00,19800.0,19618.7,13688150,4371350,41.4,204.5,163650,60200,0.206832,-0.754561,0.00141738,0.00131925,9.567882,11.324612,2023-08-01
27484,2023-07-28 10:28:00,19850.0,19618.7,3670700,523750,30.15,243.0,89700,6700,0.146339,-0.809096,0.00112665,0.00111366,9.664489,11.602825,2023-08-01
24860,2023-07-28 10:29:00,19350.0,19616.6,31900,1401950,308.85,22.7,150,51700,0.937133,-0.118387,0.00066609,0.00082368,8.808081,11.423326,2023-08-01
19607,2023-07-28 10:29:00,19400.0,19616.6,334450,4304250,263.5,30.25,4200,158500,0.900635,-0.161892,0.00096212,0.00103418,8.621908,11.258427,2023-08-01
14351,2023-07-28 10:29:00,19450.0,19616.6,139200,2023250,225.0,40.1,1050,66000,0.828596,-0.216811,0.00131904,0.00125353,9.158458,11.123007,2023-08-01
9094,2023-07-28 10:29:00,19500.0,19616.6,1261600,6606450,186.75,53.2,34050,171500,0.753482,-0.28416,0.00163059,0.001454,9.185638,11.072471,2023-08-01
3834,2023-07-28 10:29:00,19550.0,19616.6,608000,2501500,153.0,69.6,29750,117350,0.662746,-0.361049,0.00186194,0.00160881,9.315922,11.053986,2023-08-01
1203,2023-07-28 10:29:00,19600.0,19616.6,4144150,7961700,122.7,89.65,171550,352300,0.5649,-0.444249,0.00199168,0.00169452,9.385815,11.070735,2023-08-01
6465,2023-07-28 10:29:00,19650.0,19616.6,4056850,3304000,96.3,112.65,164800,146200,0.464562,-0.529671,0.00200004,0.00171181,9.434823,11.036527,2023-08-01
11722,2023-07-28 10:29:00,19700.0,19616.6,8243250,4676750,73.7,140.15,255850,153000,0.36724,-0.613022,0.001892,0.00163768,9.453409,11.10071,2023-08-01
16979,2023-07-28 10:29:00,19750.0,19616.6,3687700,886200,55.4,171.2,113850,29750,0.279058,-0.690127,0.00167886,0.001498,9.506065,11.181783,2023-08-01
22233,2023-07-28 10:29:00,19800.0,19616.6,13768500,4355800,40.5,206.6,206650,39300,0.202916,-0.755937,0.00140712,0.00130718,9.530523,11.39678,2023-08-01
27485,2023-07-28 10:29:00,19850.0,19616.6,3634600,512250,29.5,245.0,39300,1000,0.143297,-0.810338,0.00111408,0.00110433,9.638097,11.656246,2023-08-01
24861,2023-07-28 10:30:00,19350.0,19609.8,31450,1401950,302.85,23.2,900,95150,0.931563,-0.122271,0.00070833,0.00084948,8.850077,11.335958,2023-08-01
19608,2023-07-28 10:30:00,19400.0,19609.8,334450,4304250,261.75,31.1,8400,207500,0.875291,-0.167631,0.0010446,0.00106437,9.346945,11.193618,2023-08-01
14352,2023-07-28 10:30:00,19450.0,19609.8,139200,2023250,222.6,41.2,4450,153100,0.808942,-0.224066,0.00135083,0.00128572,9.576389,11.055792,2023-08-01
9095,2023-07-28 10:30:00,19500.0,19609.8,1261600,6606450,185.05,54.55,85250,404950,0.733789,-0.292853,0.00162888,0.00148567,9.575253,10.996096,2023-08-01
3835,2023-07-28 10:30:00,19550.0,19609.8,608000,2501500,151.0,71.15,51000,288400,0.646164,-0.371007,0.0018441,0.00163826,9.579831,10.958772,2023-08-01
1204,2023-07-28 10:30:00,19600.0,19609.8,4144150,7961700,121.25,91.45,340100,826800,0.550103,-0.455393,0.00195163,0.00171872,9.634665,10.958347,2023-08-01
6466,2023-07-28 10:30:00,19650.0,19609.8,4056850,3304000,95.2,115.5,365900,435150,0.4522,-0.541536,0.00194813,0.0017165,9.658895,10.981753,2023-08-01
11723,2023-07-28 10:30:00,19700.0,19609.8,8243250,4676750,72.95,143.35,379000,370250,0.357527,-0.624895,0.00183503,0.00163302,9.662584,11.032577,2023-08-01
16980,2023-07-28 10:30:00,19750.0,19609.8,3687700,886200,54.5,175.1,225300,65700,0.270988,-0.701022,0.00162958,0.00148098,9.657113,11.136344,2023-08-01
22234,2023-07-28 10:30:00,19800.0,19609.8,13768500,4355800,39.95,210.4,339500,105600,0.197262,-0.766867,0.00136222,0.00128729,9.682936,11.29113,2023-08-01
27486,2023-07-28 10:30:00,19850.0,19609.8,3634600,512250,29.2,250.0,113700,11300,0.139665,-0.818006,0.00107815,0.00107789,9.791733,11.64541,2023-08-01
24862,2023-07-28 10:31:00,19350.0,19611.05,31450,1401950,303.6,23.05,100,61300,0.934388,-0.121344,0.00069252,0.00084443,8.761929,11.343209,2023-08-01
19609,2023-07-28 10:31:00,19400.0,19611.05,334450,4304250,262.75,30.9,1650,90750,0.876838,-0.166427,0.00103654,0.00105883,9.337821,11.200216,2023-08-01
14353,2023-07-28 10:31:00,19450.0,19611.05,139200,2023250,222.65,41.1,900,102450,0.81377,-0.222974,0.00134745,0.00127916,9.450281,11.081833,2023-08-01
9096,2023-07-28 10:31:00,19500.0,19611.05,1261600,6606450,185.45,54.35,30500,226850,0.737076,-0.291328,0.00162858,0.00147936,9.516888,11.01647,2023-08-01
3836,2023-07-28 10:31:00,19550.0,19611.05,608000,2501500,152.1,70.95,22250,185550,0.648029,-0.369258,0.00183471,0.00163172,9.610842,10.986036,2023-08-01
1205,2023-07-28 10:31:00,19600.0,19611.05,4144150,7961700,121.75,91.15,160000,462650,0.552645,-0.45334,0.00195427,0.00171387,9.613851,10.983031,2023-08-01
6467,2023-07-28 10:31:00,19650.0,19611.05,4056850,3304000,95.55,114.75,180850,226950,0.454497,-0.539442,0.00195461,0.00171919,9.633572,10.970653,2023-08-01
11724,2023-07-28 10:31:00,19700.0,19611.05,8243250,4676750,73.15,142.6,166400,176250,0.359363,-0.622896,0.00184425,0.00163615,9.631561,11.029967,2023-08-01
16981,2023-07-28 10:31:00,19750.0,19611.05,3687700,886200,54.7,173.45,135300,25350,0.272522,-0.700672,0.00163809,0.00149364,9.634158,11.04799,2023-08-01
22235,2023-07-28 10:31:00,19800.0,19611.05,13768500,4355800,40.05,209.0,239050,51950,0.198275,-0.766453,0.00137032,0.0012953,9.655791,11.232552,2023-08-01
27487,2023-07-28 10:31:00,19850.0,19611.05,3634600,512250,29.2,247.85,46250,4350,0.140129,-0.819818,0.00108446,0.00108509,9.756899,11.495988,2023-08-01
24863,2023-07-28 10:32:00,19350.0,19617.65,31450,1418450,303.45,22.1,50,71550,0.97614,-0.115977,0.00039081,0.00081719,6.830112,11.349726,2023-08-01
19610,2023-07-28 10:32:00,19400.0,19617.65,336500,4328850,266.45,29.6,2100,150350,0.89203,-0.159397,0.00097915,0.00102979,8.999951,11.194545,2023-08-01
14354,2023-07-28 10:32:00,19450.0,19617.65,139600,2043650,225.65,39.4,1750,83400,0.830688,-0.214312,0.00131258,0.00125163,9.133173,11.067407,2023-08-01
9097,2023-07-28 10:32:00,19500.0,19617.65,1282000,6642500,188.8,51.95,31600,252950,0.751646,-0.280771,0.00161006,0.00145981,9.341531,10.967092,2023-08-01
3837,2023-07-28 10:32:00,19550.0,19617.65,613700,2515650,155.0,68.05,31250,152050,0.662447,-0.357893,0.00183497,0.00162208,9.45793,10.932409,2023-08-01
1206,2023-07-28 10:32:00,19600.0,19617.65,4180750,8094050,124.35,87.7,225000,489450,0.566294,-0.441756,0.00196866,0.00171633,9.491885,10.922276,2023-08-01
6468,2023-07-28 10:32:00,19650.0,19617.65,4096900,3336500,97.6,111.0,282850,232000,0.466944,-0.52822,0.0019851,0.00172972,9.512553,10.92722,2023-08-01
11725,2023-07-28 10:32:00,19700.0,19617.65,8288700,4646650,75.25,138.15,219250,205950,0.370712,-0.612766,0.00187586,0.00165899,9.566032,10.962306,2023-08-01
16982,2023-07-28 10:32:00,19750.0,19617.65,3728000,895100,56.1,169.2,198800,39400,0.281554,-0.690822,0.00167974,0.00151546,9.543981,11.044283,2023-08-01
22236,2023-07-28 10:32:00,19800.0,19617.65,13659550,4355500,41.05,204.3,267200,52950,0.205143,-0.758035,0.00141171,0.00132152,9.563363,11.222752,2023-08-01
27488,2023-07-28 10:32:00,19850.0,19617.65,3651050,513150,30.0,243.5,66550,3150,0.145387,-0.811043,0.00112068,0.00111025,9.677176,11.569785,2023-08-01
24864,2023-07-28 10:33:00,19350.0,19615.1,31100,1418450,310.35,22.7,50,48100,0.922088,-0.118835,0.00073181,0.00082879,9.459525,11.38783,2023-08-01
19611,2023-07-28 10:33:00,19400.0,19615.1,336500,4328850,263.25,30.6,1900,89150,0.894089,-0.16362,0.00098537,0.00104073,8.821647,11.269796,2023-08-01
14355,2023-07-28 10:33:00,19450.0,19615.1,139600,2043650,223.4,40.5,2300,64500,0.828033,-0.218782,0.00132988,0.00125978,9.106557,11.130279,2023-08-01
9098,2023-07-28 10:33:00,19500.0,19615.1,1282000,6642500,186.0,53.45,35250,200350,0.750014,-0.285957,0.00163517,0.00146161,9.232179,11.052484,2023-08-01
3838,2023-07-28 10:33:00,19550.0,19615.1,613700,2515650,152.55,70.0,25650,113650,0.659012,-0.363293,0.00185833,0.00161472,9.37742,11.041272,2023-08-01
1207,2023-07-28 10:33:00,19600.0,19615.1,4180750,8094050,122.45,90.25,210250,353150,0.561511,-0.446782,0.00198138,0.00169706,9.451398,11.068358,2023-08-01
6469,2023-07-28 10:33:00,19650.0,19615.1,4096900,3336500,95.9,113.9,204200,182050,0.461697,-0.532097,0.00199164,0.00170382,9.472137,11.087524,2023-08-01
11726,2023-07-28 10:33:00,19700.0,19615.1,8288700,4646650,73.5,141.25,239150,113150,0.364988,-0.615254,0.00187981,0.0016317,9.499118,11.127031,2023-08-01
16983,2023-07-28 10:33:00,19750.0,19615.1,3728000,895100,54.9,172.5,132150,19700,0.27655,-0.691836,0.00167143,0.00148996,9.510157,11.219536,2023-08-01
22237,2023-07-28 10:33:00,19800.0,19615.1,13659550,4355500,40.2,208.05,183100,53550,0.201101,-0.757065,0.0013979,0.00129909,9.545778,11.443795,2023-08-01
27489,2023-07-28 10:33:00,19850.0,19615.1,3651050,513150,29.45,247.0,49650,2900,0.142516,-0.809836,0.00110598,0.00109636,9.676791,11.764914,2023-08-01
24865,2023-07-28 10:34:00,19400.0,19626.8,336500,4328850,273.5,28.4,5050,117800,0.90495,-0.151652,0.00090914,0.00098985,8.830971,11.266372,2023-08-01
19612,2023-07-28 10:34:00,19450.0,19626.8,139600,2043650,232.25,38.2,6250,87200,0.845701,-0.205485,0.00125198,0.00120768,9.010292,11.186708,2023-08-01
14356,2023-07-28 10:34:00,19500.0,19626.8,1282000,6642500,194.5,50.65,40050,316400,0.769405,-0.270327,0.00156854,0.00141258,9.20527,11.121061,2023-08-01
9099,2023-07-28 10:34:00,19550.0,19626.8,613700,2515650,159.7,66.3,38250,159100,0.681807,-0.345168,0.00182106,0.00157814,9.302256,11.087492,2023-08-01
3839,2023-07-28 10:34:00,19600.0,19626.8,4180750,8094050,128.9,85.5,325050,523800,0.584963,-0.427117,0.00196831,0.00168003,9.404815,11.08659,2023-08-01
1208,2023-07-28 10:34:00,19650.0,19626.8,4096900,3336500,101.25,108.25,230800,208400,0.484918,-0.512127,0.00201101,0.00170619,9.412814,11.097276,2023-08-01
6470,2023-07-28 10:34:00,19700.0,19626.8,8288700,4646650,78.1,135.1,313000,209650,0.386693,-0.595687,0.00192125,0.00164715,9.459231,11.167938,2023-08-01
11727,2023-07-28 10:34:00,19750.0,19626.8,3728000,895100,58.5,166.0,143700,31450,0.295394,-0.672938,0.00173307,0.00151547,9.459039,11.305925,2023-08-01
16984,2023-07-28 10:34:00,19800.0,19626.8,13659550,4355500,42.95,200.9,254750,58050,0.216407,-0.739834,0.00146783,0.00133495,9.487844,11.541046,2023-08-01
22238,2023-07-28 10:34:00,19850.0,19626.8,3651050,513150,31.4,238.5,61800,4900,0.153851,-0.796434,0.00117295,0.00114032,9.598882,11.781564,2023-08-01
27490,2023-07-28 10:34:00,19900.0,19626.8,6192200,660800,22.6,280.45,89200,8750,0.105822,-0.837615,0.00089375,0.00094898,9.715049,12.292245,2023-08-01
24866,2023-07-28 10:35:00,19400.0,19627.9,337250,4337750,273.25,28.35,5600,286250,0.91191,-0.151026,0.00088322,0.00098518,8.592177,11.288943,2023-08-01
19613,2023-07-28 10:35:00,19450.0,19627.9,135000,2052800,231.8,37.65,9700,252100,0.852591,-0.20335,0.00124273,0.00120435,8.805673,11.148388,2023-08-01
14357,2023-07-28 10:35:00,19500.0,19627.9,1290650,6635150,194.0,50.0,63300,330100,0.775182,-0.268067,0.00157464,0.00141159,9.03982,11.082415,2023-08-01
9100,2023-07-28 10:35:00,19550.0,19627.9,621900,2507800,159.5,65.5,80200,152450,0.685688,-0.342851,0.001832,0.00158048,9.198849,11.043383,2023-08-01
3840,2023-07-28 10:35:00,19600.0,19627.9,4293100,8111700,128.6,84.95,362900,425900,0.587979,-0.42521,0.00198546,0.00167995,9.308031,11.077381,2023-08-01
1209,2023-07-28 10:35:00,19650.0,19627.9,4162450,3360500,101.3,107.45,328850,193600,0.487033,-0.510291,0.00202229,0.00171046,9.362306,11.071268,2023-08-01
6471,2023-07-28 10:35:00,19700.0,19627.9,8327050,4669850,77.6,134.15,380000,190900,0.387637,-0.594177,0.0019425,0.00165369,9.362585,11.13446,2023-08-01
11728,2023-07-28 10:35:00,19750.0,19627.9,3837150,891900,58.45,164.75,179050,34150,0.296369,-0.672136,0.00174419,0.00152484,9.413215,11.247903,2023-08-01
16985,2023-07-28 10:35:00,19800.0,19627.9,13638250,4337900,42.95,199.6,253700,45000,0.217131,-0.73949,0.00147622,0.00134288,9.452354,11.481019,2023-08-01
22239,2023-07-28 10:35:00,19850.0,19627.9,3646200,513250,31.35,237.3,98150,5950,0.154152,-0.796141,0.00117917,0.00114585,9.560837,11.735037,2023-08-01
27491,2023-07-28 10:35:00,19900.0,19627.9,6232150,658600,22.65,278.85,93500,12850,0.106297,-0.838532,0.00089858,0.00095303,9.69443,12.19533,2023-08-01
24867,2023-07-28 10:36:00,19400.0,19625.1,337250,4337750,269.8,28.85,5750,115000,0.914367,-0.153774,0.00088508,0.00099731,8.396757,11.288459,2023-08-01
19614,2023-07-28 10:36:00,19450.0,19625.1,135000,2052800,228.6,38.35,2950,86450,0.852776,-0.206898,0.00126118,0.00121615,8.67147,11.156867,2023-08-01
14358,2023-07-28 10:36:00,19500.0,19625.1,1290650,6635150,191.85,50.9,28400,254450,0.770829,-0.272247,0.00159259,0.00142125,9.037111,11.09512,2023-08-01
9101,2023-07-28 10:36:00,19550.0,19625.1,621900,2507800,157.8,66.9,39350,118550,0.680128,-0.347865,0.00184133,0.00158281,9.222542,11.089497,2023-08-01
3841,2023-07-28 10:36:00,19600.0,19625.1,4293100,8111700,126.8,86.2,252350,339950,0.582503,-0.429975,0.00199427,0.00168258,9.297093,11.087076,2023-08-01
1210,2023-07-28 10:36:00,19650.0,19625.1,4162450,3360500,99.75,109.1,245750,192300,0.481344,-0.515033,0.00202351,0.00170565,9.353492,11.100824,2023-08-01
6472,2023-07-28 10:36:00,19700.0,19625.1,8327050,4669850,76.7,135.85,333100,182250,0.382604,-0.598673,0.00192877,0.0016471,9.395165,11.149883,2023-08-01
11729,2023-07-28 10:36:00,19750.0,19625.1,3837150,891900,57.55,166.7,135300,31550,0.29171,-0.676075,0.00172981,0.00151465,9.424341,11.270391,2023-08-01
16986,2023-07-28 10:36:00,19800.0,19625.1,13638250,4337900,42.3,201.05,230000,40700,0.213431,-0.744181,0.00145919,0.00133633,9.469894,11.43173,2023-08-01
22240,2023-07-28 10:36:00,19850.0,19625.1,3646200,513250,30.9,240.05,77950,5000,0.151443,-0.797666,0.00116282,0.00113293,9.584069,11.818446,2023-08-01
27492,2023-07-28 10:36:00,19900.0,19625.1,6232150,658600,22.25,281.2,82750,9750,0.104075,-0.840731,0.00088401,0.0009429,9.706875,12.219144,2023-08-01
24868,2023-07-28 10:37:00,19400.0,19627.65,337250,4337750,273.0,28.5,950,89300,0.911809,-0.151591,0.0008845,0.00098635,8.588657,11.30564,2023-08-01
19615,2023-07-28 10:37:00,19450.0,19627.65,135000,2052800,231.4,37.65,2950,71150,0.853067,-0.203488,0.00124417,0.00120574,8.777984,11.142064,2023-08-01
14359,2023-07-28 10:37:00,19500.0,19627.65,1290650,6635150,194.05,50.05,39250,280100,0.774034,-0.268369,0.00157394,0.00141281,9.071604,11.081038,2023-08-01
9102,2023-07-28 10:37:00,19550.0,19627.65,621900,2507800,159.65,65.65,24100,114900,0.68458,-0.343331,0.00182776,0.00158049,9.235671,11.051131,2023-08-01
3842,2023-07-28 10:37:00,19600.0,19627.65,4293100,8111700,128.7,84.6,240950,417750,0.58725,-0.425349,0.00198091,0.00168715,9.334963,11.032822,2023-08-01
1211,2023-07-28 10:37:00,19650.0,19627.65,4162450,3360500,101.35,107.5,215650,156300,0.48655,-0.510738,0.00201845,0.00171165,9.381413,11.065251,2023-08-01
6473,2023-07-28 10:37:00,19700.0,19627.65,8327050,4669850,78.1,134.25,263650,168150,0.387869,-0.59464,0.00193044,0.00165395,9.424393,11.131561,2023-08-01
11730,2023-07-28 10:37:00,19750.0,19627.65,3837150,891900,58.65,164.6,108600,21000,0.296526,-0.673001,0.00173908,0.00152761,9.444843,11.217473,2023-08-01
16987,2023-07-28 10:37:00,19800.0,19627.65,13638250,4337900,43.0,198.8,240750,78500,0.217092,-0.741827,0.00147395,0.00134923,9.46762,11.375911,2023-08-01
22241,2023-07-28 10:37:00,19850.0,19627.65,3646200,513250,31.35,237.25,44450,3650,0.154031,-0.79702,0.00117771,0.00114574,9.569433,11.708078,2023-08-01
27493,2023-07-28 10:37:00,19900.0,19627.65,6232150,658600,22.6,278.55,97200,4950,0.106034,-0.840098,0.00089712,0.00095212,9.694608,12.131704,2023-08-01
24869,2023-07-28 10:38:00,19400.0,19626.85,336150,4194900,273.3,28.7,9900,555900,0.906122,-0.152549,0.00090552,0.00098984,8.788297,11.314401,2023-08-01
19616,2023-07-28 10:38:00,19450.0,19626.85,140250,2212400,230.6,37.9,8050,150150,0.852635,-0.204632,0.00124964,0.0012089,8.75787,11.151436,2023-08-01
14360,2023-07-28 10:38:00,19500.0,19626.85,1293050,6724100,194.5,50.35,66750,213450,0.769571,-0.269649,0.00156863,0.00141521,9.20403,11.090071,2023-08-01
9103,2023-07-28 10:38:00,19550.0,19626.85,623000,2520350,160.0,65.85,53400,224950,0.681364,-0.344491,0.00181642,0.00158377,9.334521,11.043555,2023-08-01
3843,2023-07-28 10:38:00,19600.0,19626.85,4337000,8175300,129.0,85.0,325150,413650,0.584983,-0.426744,0.00196682,0.00168732,9.414901,11.040336,2023-08-01
1212,2023-07-28 10:38:00,19650.0,19626.85,4227150,3432500,101.3,107.75,317900,202500,0.485004,-0.512132,0.00201057,0.00171368,9.418032,11.052382,2023-08-01
6474,2023-07-28 10:38:00,19700.0,19626.85,8327250,4641100,77.95,134.3,371350,190650,0.38656,-0.596315,0.00192459,0.00165812,9.444942,11.093281,2023-08-01
11731,2023-07-28 10:38:00,19750.0,19626.85,3848000,879050,58.65,164.65,133350,31450,0.29573,-0.674917,0.00173153,0.00153032,9.475534,11.172172,2023-08-01
16988,2023-07-28 10:38:00,19800.0,19626.85,13761500,4324300,42.85,199.05,212800,90550,0.21613,-0.743528,0.00146885,0.00134855,9.477309,11.344048,2023-08-01
22242,2023-07-28 10:38:00,19850.0,19626.85,3652750,512500,31.3,237.45,95300,3600,0.153513,-0.798889,0.00117309,0.00114401,9.586907,11.662488,2023-08-01
27494,2023-07-28 10:38:00,19900.0,19626.85,6216800,655950,22.5,278.45,108450,10150,0.105446,-0.842788,0.00089305,0.00094905,9.700894,12.037672,2023-08-01
24870,2023-07-28 10:39:00,19400.0,19630.75,336150,4194900,275.75,27.65,3500,198350,0.914478,-0.147602,0.00086413,0.00097269,8.591547,11.262249,2023-08-01
19617,2023-07-28 10:39:00,19450.0,19630.75,140250,2212400,234.45,36.35,3950,487500,0.854871,-0.198104,0.00122334,0.00119486,8.853704,11.06406,2023-08-01
14361,2023-07-28 10:39:00,19500.0,19630.75,1293050,6724100,196.65,48.45,39450,255400,0.778111,-0.262433,0.00155221,0.00140757,9.103951,10.996818,2023-08-01
9104,2023-07-28 10:39:00,19550.0,19630.75,623000,2520350,161.85,63.75,43600,170900,0.690059,-0.337234,0.00181208,0.00158238,9.245562,10.962661,2023-08-01
3844,2023-07-28 10:39:00,19600.0,19630.75,4337000,8175300,130.6,83.2,263650,480050,0.593348,-0.42004,0.00197304,0.00168457,9.338744,11.0206,2023-08-01
1213,2023-07-28 10:39:00,19650.0,19630.75,4227150,3432500,102.9,105.6,232950,245600,0.49279,-0.505478,0.0020205,0.00171829,9.375749,11.025536,2023-08-01
6475,2023-07-28 10:39:00,19700.0,19630.75,8327250,4641100,79.15,131.25,375900,235750,0.393496,-0.590598,0.00194451,0.00167716,9.39441,11.00441,2023-08-01
11732,2023-07-28 10:39:00,19750.0,19630.75,3848000,879050,59.45,160.8,174000,32150,0.301272,-0.671113,0.00175766,0.00155791,9.412762,11.025061,2023-08-01
16989,2023-07-28 10:39:00,19800.0,19630.75,13761500,4324300,43.7,195.25,262150,91850,0.221134,-0.740616,0.00149297,0.00137144,9.446784,11.218928,2023-08-01
22243,2023-07-28 10:39:00,19850.0,19630.75,3652750,512500,31.8,232.0,127150,2500,0.156872,-0.800798,0.00119587,0.00116817,9.538473,11.354618,2023-08-01
27495,2023-07-28 10:39:00,19900.0,19630.75,6216800,655950,22.85,273.65,141300,9050,0.107788,-0.843842,0.00091178,0.00096329,9.65241,11.806076,2023-08-01
24871,2023-07-28 10:40:00,19400.0,19630.45,336150,4194900,273.7,27.85,3900,105150,0.923544,-0.148356,0.00083038,0.00097415,8.216358,11.284899,2023-08-01
19618,2023-07-28 10:40:00,19450.0,19630.45,140250,2212400,233.75,36.8,1000,92250,0.856386,-0.199512,0.00122436,0.00119461,8.784837,11.114849,2023-08-01
14362,2023-07-28 10:40:00,19500.0,19630.45,1293050,6724100,195.85,49.2,56450,187750,0.779432,-0.264278,0.00155929,0.00140278,9.032589,11.075004,2023-08-01
9105,2023-07-28 10:40:00,19550.0,19630.45,623000,2520350,161.45,64.3,39650,118450,0.689907,-0.338353,0.00181669,0.00157762,9.224971,11.010941,2023-08-01
3845,2023-07-28 10:40:00,19600.0,19630.45,4337000,8175300,130.25,83.55,311250,365900,0.592911,-0.420699,0.00197721,0.00168173,9.322448,11.04399,2023-08-01
1214,2023-07-28 10:40:00,19650.0,19630.45,4227150,3432500,102.65,106.05,294400,196150,0.492168,-0.505969,0.00202244,0.00171368,9.367404,11.056077,2023-08-01
6476,2023-07-28 10:40:00,19700.0,19630.45,8327250,4641100,78.95,132.2,343300,174350,0.39283,-0.590451,0.00194502,0.00166567,9.388458,11.082344,2023-08-01
11733,2023-07-28 10:40:00,19750.0,19630.45,3848000,879050,59.15,162.15,141450,28600,0.300346,-0.669826,0.00175898,0.00154376,9.393532,11.144659,2023-08-01
16990,2023-07-28 10:40:00,19800.0,19630.45,13761500,4324300,43.4,196.7,221200,47250,0.220082,-0.738485,0.00149278,0.00136085,9.423093,11.355109,2023-08-01
22244,2023-07-28 10:40:00,19850.0,19630.45,3652750,512500,31.75,234.4,66450,4350,0.156566,-0.795781,0.00119408,0.00115934,9.541441,11.613995,2023-08-01
27496,2023-07-28 10:40:00,19900.0,19630.45,6216800,655950,22.75,275.6,107150,4550,0.107333,-0.83953,0.00090972,0.00096242,9.645704,12.030918,2023-08-01
24872,2023-07-28 10:41:00,19400.0,19633.0,333900,3994450,275.8,27.25,4750,145650,0.92667,-0.145396,0.00080838,0.00096293,8.174999,11.262554,2023-08-01
19619,2023-07-28 10:41:00,19450.0,19633.0,141350,2484800,235.4,36.1,9550,207650,0.861513,-0.196101,0.00120461,0.00118401,8.711015,11.097602,2023-08-01
14363,2023-07-28 10:41:00,19500.0,19633.0,1295500,6749250,196.9,48.35,66950,313950,0.786306,-0.260399,0.0015506,0.00139418,8.918153,11.058744,2023-08-01
9106,2023-07-28 10:41:00,19550.0,19633.0,619050,2545500,162.35,63.45,55800,185850,0.696342,-0.334357,0.00181852,0.00156999,9.130427,11.012867,2023-08-01
3846,2023-07-28 10:41:00,19600.0,19633.0,4381300,8199800,131.3,82.35,358550,501250,0.598452,-0.4163,0.00198107,0.00168022,9.271663,11.027868,2023-08-01
1215,2023-07-28 10:41:00,19650.0,19633.0,4282450,3498850,103.5,104.8,365050,266200,0.497285,-0.501606,0.00203309,0.00171426,9.319479,11.052933,2023-08-01
6477,2023-07-28 10:41:00,19700.0,19633.0,8344750,4694550,79.45,131.15,390750,260050,0.397095,-0.585936,0.00196365,0.00166477,9.326453,11.116492,2023-08-01
11734,2023-07-28 10:41:00,19750.0,19633.0,3854300,867050,59.65,161.1,187650,53700,0.303969,-0.665139,0.00177671,0.001545,9.34953,11.197593,2023-08-01
16991,2023-07-28 10:41:00,19800.0,19633.0,13795600,4301250,43.85,195.25,281700,51350,0.223088,-0.734474,0.00150955,0.0013678,9.39053,11.384933,2023-08-01
22245,2023-07-28 10:41:00,19850.0,19633.0,3674000,513450,31.95,232.75,126900,8600,0.158361,-0.792326,0.00120915,0.00116837,9.492927,11.638989,2023-08-01
27497,2023-07-28 10:41:00,19900.0,19633.0,6212250,656550,23.05,273.85,127650,11500,0.109139,-0.836498,0.00092269,0.00097185,9.624533,12.059846,2023-08-01
24873,2023-07-28 10:42:00,19400.0,19637.3,333900,3994450,280.45,26.6,4850,110300,0.92588,-0.141589,0.00079785,0.00094447,8.349891,11.277293,2023-08-01
19620,2023-07-28 10:42:00,19450.0,19637.3,141350,2484800,238.1,35.1,3050,88550,0.87066,-0.190865,0.00116886,0.0011653,8.564386,11.089635,2023-08-01
14364,2023-07-28 10:42:00,19500.0,19637.3,1295500,6749250,200.7,47.3,43300,217450,0.791299,-0.25471,0.00151829,0.00137622,8.981376,11.073791,2023-08-01
9107,2023-07-28 10:42:00,19550.0,19637.3,619050,2545500,165.0,62.25,42450,119550,0.704884,-0.327995,0.00180237,0.00155412,9.092549,11.038883,2023-08-01
3847,2023-07-28 10:42:00,19600.0,19637.3,4381300,8199800,133.5,80.9,240450,354350,0.607443,-0.409305,0.00197844,0.00166906,9.226392,11.056225,2023-08-01
1216,2023-07-28 10:42:00,19650.0,19637.3,4282450,3498850,105.65,102.6,285450,205950,0.506025,-0.494238,0.00203555,0.00171646,9.306092,11.036231,2023-08-01
6478,2023-07-28 10:42:00,19700.0,19637.3,8344750,4694550,81.35,128.65,271550,172950,0.405519,-0.578898,0.0019747,0.00167331,9.323649,11.099845,2023-08-01
11735,2023-07-28 10:42:00,19750.0,19637.3,3854300,867050,61.45,158.35,131750,16100,0.312056,-0.658668,0.00179277,0.00155807,9.371974,11.184521,2023-08-01
16992,2023-07-28 10:42:00,19800.0,19637.3,13795600,4301250,45.0,192.8,187700,49100,0.229298,-0.727734,0.00153504,0.00137925,9.377716,11.431931,2023-08-01
22246,2023-07-28 10:42:00,19850.0,19637.3,3674000,513450,32.8,230.35,128000,7100,0.16314,-0.785603,0.00123498,0.00118171,9.47536,11.722883,2023-08-01
27498,2023-07-28 10:42:00,19900.0,19637.3,6212250,656550,23.6,271.2,93400,7350,0.112382,-0.830604,0.00094517,0.00098729,9.593545,12.144064,2023-08-01
24874,2023-07-28 10:43:00,19400.0,19636.4,333900,3994450,277.0,27.1,7950,230700,0.940099,-0.14355,0.00073096,0.00094892,7.73,11.330738,2023-08-01
19621,2023-07-28 10:43:00,19450.0,19636.4,141350,2484800,235.25,35.85,9350,200100,0.879374,-0.193466,0.00116058,0.00116731,8.216343,11.164055,2023-08-01
14365,2023-07-28 10:43:00,19500.0,19636.4,1295500,6749250,198.05,47.9,51200,259200,0.796569,-0.256728,0.00153918,0.0013768,8.72729,11.116208,2023-08-01
9108,2023-07-28 10:43:00,19550.0,19636.4,619050,2545500,163.1,63.0,82050,235750,0.706142,-0.330073,0.0018276,0.0015514,8.950503,11.087823,2023-08-01
3848,2023-07-28 10:43:00,19600.0,19636.4,4381300,8199800,132.1,81.8,301000,813450,0.606595,-0.411217,0.00199844,0.00166284,9.140727,11.111382,2023-08-01
1217,2023-07-28 10:43:00,19650.0,19636.4,4282450,3498850,104.05,103.95,331200,321350,0.50419,-0.495782,0.0020601,0.00170262,9.19692,11.127865,2023-08-01
6479,2023-07-28 10:43:00,19700.0,19636.4,8344750,4694550,80.25,129.9,459550,340400,0.403012,-0.579846,0.00198626,0.00166138,9.25602,11.175574,2023-08-01
11736,2023-07-28 10:43:00,19750.0,19636.4,3854300,867050,60.35,160.0,168100,54700,0.308924,-0.658534,0.00180021,0.00154297,9.293582,11.29709,2023-08-01
16993,2023-07-28 10:43:00,19800.0,19636.4,13795600,4301250,44.25,194.15,238900,84000,0.226579,-0.727543,0.00153378,0.0013702,9.32384,11.5129,2023-08-01
22247,2023-07-28 10:43:00,19850.0,19636.4,3674000,513450,32.2,232.35,117700,11150,0.160728,-0.783563,0.00122963,0.00117264,9.425887,11.880217,2023-08-01
27499,2023-07-28 10:43:00,19900.0,19636.4,6212250,656550,23.1,273.15,88650,10450,0.110282,-0.828298,0.00093755,0.00098301,9.543055,12.304663,2023-08-01
24875,2023-07-28 10:44:00,19400.0,19630.35,334000,3986250,272.5,28.3,1700,99800,0.929567,-0.149796,0.00080398,0.000975,7.972695,11.351856,2023-08-01
19622,2023-07-28 10:44:00,19450.0,19630.35,138550,2569350,231.3,37.35,4450,95050,0.866613,-0.201045,0.00121603,0.00119289,8.413576,11.185878,2023-08-01
14366,2023-07-28 10:44:00,19500.0,19630.35,1297150,6760950,194.35,49.9,58300,248250,0.783835,-0.265819,0.00157275,0.0013973,8.854861,11.155117,2023-08-01
9109,2023-07-28 10:44:00,19550.0,19630.35,620650,2550150,159.7,65.4,35450,165850,0.69322,-0.340015,0.00184534,0.00156471,9.042118,11.126434,2023-08-01
3849,2023-07-28 10:44:00,19600.0,19630.35,4353600,8232050,128.55,84.55,260250,558650,0.594282,-0.421508,0.00201157,0.00166813,9.158617,11.14239,2023-08-01
1218,2023-07-28 10:44:00,19650.0,19630.35,4307100,3578300,101.05,107.35,311450,274550,0.491747,-0.506039,0.00205579,0.00169513,9.218328,11.180734,2023-08-01
6480,2023-07-28 10:44:00,19700.0,19630.35,8437450,4700700,77.8,133.95,411000,388750,0.391332,-0.589257,0.00196595,0.00164235,9.281712,11.251304,2023-08-01
11737,2023-07-28 10:44:00,19750.0,19630.35,3842250,875250,58.35,164.9,128300,36800,0.298559,-0.666079,0.00176932,0.00151369,9.316551,11.420977,2023-08-01
16994,2023-07-28 10:44:00,19800.0,19630.35,13787600,4283400,42.9,198.9,212050,48700,0.218575,-0.734424,0.00149555,0.00134445,9.371765,11.588207,2023-08-01
22248,2023-07-28 10:44:00,19850.0,19630.35,3712100,513200,31.2,237.2,85900,11600,0.154655,-0.789497,0.00119312,0.0011488,9.475314,11.936493,2023-08-01
27500,2023-07-28 10:44:00,19900.0,19630.35,6248550,660800,22.4,278.0,95450,12250,0.105995,-0.833652,0.00090638,0.00096142,9.597243,12.332334,2023-08-01
24876,2023-07-28 10:45:00,19400.0,19626.25,334000,3986250,270.1,29.0,5650,127250,0.919059,-0.153698,0.00086337,0.00099257,8.256416,11.346405,2023-08-01
19623,2023-07-28 10:45:00,19450.0,19626.25,138550,2569350,229.45,38.25,5550,154450,0.854577,-0.205888,0.00125273,0.00121066,8.664068,11.182592,2023-08-01
14367,2023-07-28 10:45:00,19500.0,19626.25,1297150,6760950,191.9,50.85,74600,386600,0.775149,-0.271149,0.00159344,0.00141471,8.942011,11.131591,2023-08-01
9110,2023-07-28 10:45:00,19550.0,19626.25,620650,2550150,157.5,66.65,51050,250500,0.68435,-0.346233,0.00185471,0.00157827,9.110976,11.10969,2023-08-01
3850,2023-07-28 10:45:00,19600.0,19626.25,4353600,8232050,126.9,86.3,432300,803950,0.585269,-0.428399,0.00200409,0.00167316,9.243988,11.149146,2023-08-01
1219,2023-07-28 10:45:00,19650.0,19626.25,4307100,3578300,99.9,109.1,426600,483750,0.48353,-0.513028,0.00203348,0.00169815,9.316224,11.159452,2023-08-01
6481,2023-07-28 10:45:00,19700.0,19626.25,8437450,4700700,76.75,135.95,518850,488600,0.384219,-0.596208,0.00194048,0.00163955,9.356633,11.226535,2023-08-01
11738,2023-07-28 10:45:00,19750.0,19626.25,3842250,875250,57.55,166.55,241550,81000,0.292775,-0.673583,0.00174075,0.00151222,9.387414,11.331752,2023-08-01
16995,2023-07-28 10:45:00,19800.0,19626.25,13787600,4283400,42.1,201.65,289650,97450,0.213549,-0.739965,0.00146917,0.00133065,9.415039,11.586189,2023-08-01
22249,2023-07-28 10:45:00,19850.0,19626.25,3712100,513200,30.7,239.75,121800,13800,0.151196,-0.795213,0.00116895,0.00113543,9.530051,11.885677,2023-08-01
27501,2023-07-28 10:45:00,19900.0,19626.25,6248550,660800,22.15,281.1,163300,10900,0.10396,-0.837737,0.00088756,0.0009469,9.666988,12.324792,2023-08-01
24877,2023-07-28 10:46:00,19400.0,19638.0,334000,3986250,280.75,26.35,8150,251550,0.928159,-0.140479,0.00078574,0.00094123,8.280732,11.259288,2023-08-01
19624,2023-07-28 10:46:00,19450.0,19638.0,138550,2569350,238.95,34.8,9100,204000,0.870269,-0.189603,0.00116535,0.00116278,8.610743,11.071667,2023-08-01
14368,2023-07-28 10:46:00,19500.0,19638.0,1297150,6760950,200.8,46.7,97750,512450,0.793816,-0.252811,0.00151702,0.00137702,8.927303,11.027169,2023-08-01
9111,2023-07-28 10:46:00,19550.0,19638.0,620650,2550150,165.5,61.35,79350,450500,0.706102,-0.325864,0.00179862,0.00156038,9.096814,10.968764,2023-08-01
3851,2023-07-28 10:46:00,19600.0,19638.0,4353600,8232050,133.95,79.9,581650,1133600,0.60879,-0.40757,0.00197613,0.00167864,9.231009,10.985,2023-08-01
1220,2023-07-28 10:46:00,19650.0,19638.0,4307100,3578300,105.9,101.8,612750,590850,0.507434,-0.493043,0.00203812,0.00172386,9.296533,10.991541,2023-08-01
6482,2023-07-28 10:46:00,19700.0,19638.0,8437450,4700700,81.8,127.95,638500,454950,0.407012,-0.577992,0.00197374,0.00167913,9.339421,11.06969,2023-08-01
11739,2023-07-28 10:46:00,19750.0,19638.0,3842250,875250,61.4,157.05,270700,106700,0.312682,-0.658851,0.00180051,0.00157048,9.342504,11.097142,2023-08-01
16996,2023-07-28 10:46:00,19800.0,19638.0,13787600,4283400,45.0,191.55,453500,124050,0.229776,-0.728339,0.00154072,0.00138817,9.356784,11.349191,2023-08-01
22250,2023-07-28 10:46:00,19850.0,19638.0,3712100,513200,32.85,228.95,173850,20150,0.163606,-0.78693,0.00123919,0.00118821,9.463453,11.620043,2023-08-01
27502,2023-07-28 10:46:00,19900.0,19638.0,6248550,660800,23.65,269.55,164100,29650,0.112746,-0.832859,0.0009485,0.0009906,9.584849,12.003171,2023-08-01
24878,2023-07-28 10:47:00,19400.0,19637.65,334400,3976650,280.1,26.35,7150,118100,0.929696,-0.140609,0.00077992,0.00094263,8.205991,11.25063,2023-08-01
19625,2023-07-28 10:47:00,19450.0,19637.65,140150,2595900,239.8,34.9,5200,102550,0.864803,-0.190075,0.00117368,0.00116428,8.797138,11.075518,2023-08-01
14369,2023-07-28 10:47:00,19500.0,19637.65,1310450,6842450,201.3,46.65,36050,264500,0.790704,-0.252965,0.00151351,0.00137968,9.028467,11.010597,2023-08-01
9112,2023-07-28 10:47:00,19550.0,19637.65,623200,2590500,165.85,61.55,35550,172350,0.704129,-0.326539,0.00179102,0.00156049,9.164545,10.978354,2023-08-01
3852,2023-07-28 10:47:00,19600.0,19637.65,4296150,8335200,134.35,80.05,303050,545450,0.607401,-0.408166,0.00196465,0.00167917,9.295124,10.986575,2023-08-01
1221,2023-07-28 10:47:00,19650.0,19637.65,4317600,3542250,106.15,101.8,348650,275150,0.506703,-0.493648,0.00202883,0.00172653,9.340374,10.975912,2023-08-01
6483,2023-07-28 10:47:00,19700.0,19637.65,8439600,4840950,81.95,127.7,447600,184000,0.406628,-0.578908,0.00196692,0.00168502,9.37059,11.026993,2023-08-01
11740,2023-07-28 10:47:00,19750.0,19637.65,3884050,901800,61.7,157.0,195400,32000,0.312884,-0.659784,0.00179254,0.00157272,9.38762,11.070894,2023-08-01
16997,2023-07-28 10:47:00,19800.0,19637.65,13804500,4266900,45.3,190.7,258800,72400,0.230335,-0.730976,0.00153539,0.00139588,9.402993,11.232754,2023-08-01
22251,2023-07-28 10:47:00,19850.0,19637.65,3695300,515100,32.9,227.95,99850,7250,0.163599,-0.79035,0.001237,0.00119212,9.480907,11.473914,2023-08-01
27503,2023-07-28 10:47:00,19900.0,19637.65,6247700,655850,23.55,268.1,83400,8150,0.112272,-0.83778,0.00094623,0.00098992,9.579888,11.782202,2023-08-01
24879,2023-07-28 10:48:00,19400.0,19639.3,334400,3976650,282.0,26.25,3400,73400,0.928728,-0.13964,0.00077917,0.00093586,8.300617,11.278991,2023-08-01
19626,2023-07-28 10:48:00,19450.0,19639.3,140150,2595900,240.55,34.6,6300,55750,0.869515,-0.188305,0.00115883,0.00115679,8.694886,11.083138,2023-08-01
14370,2023-07-28 10:48:00,19500.0,19639.3,1310450,6842450,202.65,46.35,46000,134100,0.792942,-0.251012,0.0015022,0.00137188,9.038864,11.027997,2023-08-01
9113,2023-07-28 10:48:00,19550.0,19639.3,623200,2590500,167.2,60.95,34450,101800,0.706635,-0.323877,0.00177961,0.00155606,9.187202,10.972731,2023-08-01
3853,2023-07-28 10:48:00,19600.0,19639.3,4296150,8335200,134.8,79.3,207650,294600,0.611299,-0.40532,0.00197149,0.00167768,9.236766,10.977298,2023-08-01
1222,2023-07-28 10:48:00,19650.0,19639.3,4317600,3542250,106.35,100.9,215550,140500,0.51009,-0.490798,0.00204314,0.00172825,9.273252,10.963493,2023-08-01
6484,2023-07-28 10:48:00,19700.0,19639.3,8439600,4840950,82.15,126.85,243050,94400,0.409331,-0.576109,0.00198146,0.00168678,9.316885,11.030924,2023-08-01
11741,2023-07-28 10:48:00,19750.0,19639.3,3884050,901800,62.0,156.35,108700,21050,0.31523,-0.656708,0.00180447,0.00157301,9.355436,11.106699,2023-08-01
16998,2023-07-28 10:48:00,19800.0,19639.3,13804500,4266900,45.5,190.45,164900,47400,0.232071,-0.727011,0.00154718,0.00139467,9.370506,11.324874,2023-08-01
22252,2023-07-28 10:48:00,19850.0,19639.3,3695300,515100,33.15,227.5,49300,2400,0.165193,-0.78662,0.001247,0.0011954,9.464126,11.561126,2023-08-01
27504,2023-07-28 10:48:00,19900.0,19639.3,6247700,655850,23.65,268.3,90200,5200,0.113119,-0.832261,0.00095417,0.00099561,9.551319,11.971478,2023-08-01
24880,2023-07-28 10:49:00,19400.0,19637.1,334400,3976650,281.0,26.5,3900,77950,0.921775,-0.141299,0.00081539,0.00094513,8.517459,11.260368,2023-08-01
19627,2023-07-28 10:49:00,19450.0,19637.1,140150,2595900,238.85,35.1,5100,96300,0.866262,-0.190936,0.00117541,0.00116648,8.720714,11.087469,2023-08-01
14371,2023-07-28 10:49:00,19500.0,19637.1,1310450,6842450,200.5,46.8,32300,170950,0.791097,-0.25372,0.00152002,0.00138195,8.981606,11.011812,2023-08-01
9114,2023-07-28 10:49:00,19550.0,19637.1,623200,2590500,165.9,61.75,31900,126850,0.702175,-0.327421,0.00178697,0.00156209,9.214856,10.981259,2023-08-01
3854,2023-07-28 10:49:00,19600.0,19637.1,4296150,8335200,133.95,80.15,224500,301300,0.606376,-0.408999,0.00196742,0.00168203,9.290542,10.975464,2023-08-01
1223,2023-07-28 10:49:00,19650.0,19637.1,4317600,3542250,105.75,101.9,210850,201200,0.505579,-0.494605,0.00203123,0.00172922,9.331512,10.961336,2023-08-01
6485,2023-07-28 10:49:00,19700.0,19637.1,8439600,4840950,81.65,127.95,303950,162900,0.405484,-0.579885,0.00196667,0.00168507,9.367008,11.023291,2023-08-01
11742,2023-07-28 10:49:00,19750.0,19637.1,3884050,901800,61.4,157.7,113850,26150,0.311701,-0.660148,0.00179156,0.001567,9.379191,11.108895,2023-08-01
16999,2023-07-28 10:49:00,19800.0,19637.1,13804500,4266900,45.0,191.45,234000,44150,0.229107,-0.731012,0.00153338,0.00139087,9.388987,11.274643,2023-08-01
22253,2023-07-28 10:49:00,19850.0,19637.1,3695300,515100,32.75,229.2,71350,2800,0.162835,-0.788995,0.00123367,0.00118649,9.479415,11.574234,2023-08-01
27505,2023-07-28 10:49:00,19900.0,19637.1,6247700,655850,23.4,269.35,95300,7250,0.11155,-0.83615,0.0009427,0.00098759,9.57336,11.889437,2023-08-01
24881,2023-07-28 10:50:00,19400.0,19640.8,338050,3991250,283.2,25.9,7750,90550,0.930704,-0.13791,0.00076563,0.00092919,8.267539,11.264935,2023-08-01
19628,2023-07-28 10:50:00,19450.0,19640.8,142900,2613200,240.4,34.15,6450,97650,0.877696,-0.186186,0.00113846,0.00115056,8.460692,11.066415,2023-08-01
14372,2023-07-28 10:50:00,19500.0,19640.8,1313250,6862500,203.15,45.8,55700,201300,0.797417,-0.248606,0.00149707,0.0013671,8.953561,11.011085,2023-08-01
9115,2023-07-28 10:50:00,19550.0,19640.8,640150,2618850,167.7,60.55,58300,168600,0.71056,-0.321687,0.00178044,0.00155031,9.126161,10.983555,2023-08-01
3855,2023-07-28 10:50:00,19600.0,19640.8,4292850,8405050,135.85,78.65,324750,455100,0.614108,-0.402757,0.00196472,0.0016759,9.249991,10.97225,2023-08-01
1224,2023-07-28 10:50:00,19650.0,19640.8,4365950,3579550,107.15,100.4,338150,256200,0.513146,-0.488227,0.00204283,0.00172494,9.273456,10.983654,2023-08-01
6486,2023-07-28 10:50:00,19700.0,19640.8,8435100,4824300,82.9,126.05,386800,194250,0.412354,-0.573591,0.0019835,0.00168882,9.324451,11.031947,2023-08-01
11743,2023-07-28 10:50:00,19750.0,19640.8,3861400,913750,62.45,155.65,167450,32400,0.317709,-0.654087,0.00181269,0.00157459,9.344859,11.128204,2023-08-01
17000,2023-07-28 10:50:00,19800.0,19640.8,13802850,4261500,45.8,188.75,202550,79350,0.233973,-0.726303,0.00155697,0.00140584,9.354712,11.250306,2023-08-01
22254,2023-07-28 10:50:00,19850.0,19640.8,3691600,517450,33.2,226.6,109150,6350,0.16606,-0.784427,0.00125629,0.00120038,9.426859,11.582851,2023-08-01
27506,2023-07-28 10:50:00,19900.0,19640.8,6264050,658350,23.65,266.65,111800,9250,0.113555,-0.832105,0.0009608,0.00100158,9.512385,11.908237,2023-08-01
24882,2023-07-28 10:51:00,19400.0,19640.35,338050,3991250,283.85,25.65,6250,199150,0.924693,-0.137251,0.00079323,0.0009304,8.506069,11.214705,2023-08-01
19629,2023-07-28 10:51:00,19450.0,19640.35,142900,2613200,242.45,33.85,9550,169000,0.86626,-0.185557,0.00115662,0.00115379,8.862489,11.013509,2023-08-01
14373,2023-07-28 10:51:00,19500.0,19640.35,1313250,6862500,204.45,45.35,81250,280550,0.791246,-0.247909,0.00148819,0.00137361,9.16981,10.943652,2023-08-01
9116,2023-07-28 10:51:00,19550.0,19640.35,640150,2618850,168.85,59.75,71350,209450,0.706433,-0.320863,0.00176034,0.00156337,9.292529,10.881362,2023-08-01
3856,2023-07-28 10:51:00,19600.0,19640.35,4292850,8405050,136.5,77.7,376350,504350,0.612128,-0.402562,0.0019475,0.00169348,9.346652,10.858164,2023-08-01
1225,2023-07-28 10:51:00,19650.0,19640.35,4365950,3579550,108.1,99.05,373150,284600,0.512118,-0.488917,0.00201746,0.00174956,9.391818,10.830761,2023-08-01
6487,2023-07-28 10:51:00,19700.0,19640.35,8435100,4824300,83.45,124.9,417600,175950,0.412177,-0.575338,0.00196764,0.00170869,9.399661,10.895652,2023-08-01
11744,2023-07-28 10:51:00,19750.0,19640.35,3861400,913750,62.75,154.15,174600,38300,0.317779,-0.657282,0.0018036,0.00159497,9.393864,10.94903,2023-08-01
17001,2023-07-28 10:51:00,19800.0,19640.35,13802850,4261500,46.0,187.55,247400,65650,0.234172,-0.729919,0.00155152,0.00141699,9.393006,11.089336,2023-08-01
22255,2023-07-28 10:51:00,19850.0,19640.35,3691600,517450,33.45,224.7,127450,10250,0.166656,-0.790308,0.00125324,0.0012083,9.472673,11.323787,2023-08-01
27507,2023-07-28 10:51:00,19900.0,19640.35,6264050,658350,23.9,265.5,166400,9200,0.114328,-0.836553,0.00096051,0.00100056,9.562267,11.716545,2023-08-01
24883,2023-07-28 10:52:00,19400.0,19642.05,338050,3991250,284.35,25.35,3400,165400,0.931524,-0.135611,0.00075808,0.00092296,8.274333,11.212493,2023-08-01
19630,2023-07-28 10:52:00,19450.0,19642.05,142900,2613200,243.0,33.45,3200,148050,0.872073,-0.183469,0.00114001,0.00114625,8.719579,11.00811,2023-08-01
14374,2023-07-28 10:52:00,19500.0,19642.05,1313250,6862500,204.55,44.7,22050,228050,0.797816,-0.245103,0.00148585,0.00136822,9.011444,10.919937,2023-08-01
9117,2023-07-28 10:52:00,19550.0,19642.05,640150,2618850,169.05,59.35,28600,118850,0.711683,-0.318456,0.00176678,0.00155601,9.180861,10.898339,2023-08-01
3857,2023-07-28 10:52:00,19600.0,19642.05,4292850,8405050,136.8,77.3,277650,297100,0.616348,-0.399919,0.00195757,0.00168631,9.268765,10.885659,2023-08-01
1226,2023-07-28 10:52:00,19650.0,19642.05,4365950,3579550,108.35,98.65,253250,168350,0.515625,-0.48598,0.00203103,0.00174297,9.326169,10.869126,2023-08-01
6488,2023-07-28 10:52:00,19700.0,19642.05,8435100,4824300,83.5,124.2,256700,110800,0.414846,-0.572297,0.00198567,0.0017079,9.328241,10.916398,2023-08-01
11745,2023-07-28 10:52:00,19750.0,19642.05,3861400,913750,62.9,153.2,124750,23350,0.31992,-0.654473,0.0018184,0.00159868,9.343721,10.957025,2023-08-01
17002,2023-07-28 10:52:00,19800.0,19642.05,13802850,4261500,46.2,187.0,164950,32700,0.235965,-0.726363,0.00156384,0.00141816,9.358322,11.152465,2023-08-01
22256,2023-07-28 10:52:00,19850.0,19642.05,3691600,517450,33.5,223.9,44600,1300,0.167633,-0.787224,0.00126385,0.00121326,9.428604,11.374317,2023-08-01
27508,2023-07-28 10:52:00,19900.0,19642.05,6264050,658350,23.95,263.95,107200,4550,0.115019,-0.835512,0.00096845,0.00100732,9.52461,11.685847,2023-08-01
24884,2023-07-28 10:53:00,19400.0,19637.35,341050,4013200,278.05,25.95,4100,152700,0.939544,-0.139376,0.00073133,0.00094307,7.788253,11.184036,2023-08-01
19631,2023-07-28 10:53:00,19450.0,19637.35,145750,2678750,239.4,34.2,2700,98400,0.865033,-0.188203,0.00117529,0.00116829,8.779318,10.97602,2023-08-01
14375,2023-07-28 10:53:00,19500.0,19637.35,1328650,7015800,201.2,45.65,101450,270850,0.789775,-0.2509,0.00151449,0.00139024,9.050774,10.885361,2023-08-01
9118,2023-07-28 10:53:00,19550.0,19637.35,622150,2631050,166.4,60.55,42250,142800,0.701888,-0.325275,0.00178065,0.00157543,9.254554,10.862581,2023-08-01
3858,2023-07-28 10:53:00,19600.0,19637.35,4235400,8444150,134.4,78.85,277550,474900,0.606523,-0.407625,0.00196081,0.00169974,9.323856,10.855613,2023-08-01
1227,2023-07-28 10:53:00,19650.0,19637.35,4291500,3686500,106.1,100.6,320950,259800,0.506063,-0.494177,0.00202661,0.00174802,9.355627,10.846781,2023-08-01
6489,2023-07-28 10:53:00,19700.0,19637.35,8423400,4839400,82.0,126.35,408650,220750,0.406192,-0.580596,0.00196268,0.00170707,9.393112,10.880676,2023-08-01
11746,2023-07-28 10:53:00,19750.0,19637.35,3850350,907550,61.7,155.8,139550,37800,0.312525,-0.662324,0.0017896,0.00158884,9.403207,10.93261,2023-08-01
17003,2023-07-28 10:53:00,19800.0,19637.35,13807950,4259250,45.2,189.9,255850,71950,0.229806,-0.733492,0.00153375,0.00140325,9.405736,11.126694,2023-08-01
22257,2023-07-28 10:53:00,19850.0,19637.35,3679100,514650,32.85,226.75,91650,4200,0.163254,-0.794268,0.0012351,0.0011967,9.487317,11.309099,2023-08-01
27509,2023-07-28 10:53:00,19900.0,19637.35,6288900,659200,23.45,267.6,134450,7800,0.111781,-0.840162,0.00094407,0.00098875,9.576733,11.688847,2023-08-01
24885,2023-07-28 10:54:00,19400.0,19636.45,341050,4013200,279.75,26.15,1350,76200,0.924686,-0.140377,0.00080572,0.00094712,8.378406,11.191931,2023-08-01
19632,2023-07-28 10:54:00,19450.0,19636.45,145750,2678750,238.55,34.5,2250,69200,0.864374,-0.18956,0.00118129,0.00117202,8.765134,10.991013,2023-08-01
14376,2023-07-28 10:54:00,19500.0,19636.45,1328650,7015800,200.7,46.4,25750,134750,0.78777,-0.253305,0.00151878,0.00138966,9.076681,10.946216,2023-08-01
9119,2023-07-28 10:54:00,19550.0,19636.45,622150,2631050,165.45,61.3,17050,115300,0.70098,-0.327399,0.00179018,0.00157267,9.219232,10.91194,2023-08-01
3859,2023-07-28 10:54:00,19600.0,19636.45,4235400,8444150,133.5,79.7,119650,288500,0.605126,-0.409544,0.00197026,0.00169405,9.289389,10.905955,2023-08-01
1228,2023-07-28 10:54:00,19650.0,19636.45,4291500,3686500,105.45,101.7,144850,207100,0.504234,-0.495752,0.00203041,0.00173757,9.339864,10.913936,2023-08-01
6490,2023-07-28 10:54:00,19700.0,19636.45,8423400,4839400,81.25,127.8,195900,94900,0.404069,-0.581399,0.00196728,0.00169174,9.360038,10.976077,2023-08-01
11747,2023-07-28 10:54:00,19750.0,19636.45,3850350,907550,61.15,157.7,71750,15950,0.31049,-0.661791,0.00178886,0.00157019,9.381711,11.070652,2023-08-01
17004,2023-07-28 10:54:00,19800.0,19636.45,13807950,4259250,44.65,191.3,130450,34800,0.227647,-0.733157,0.00153092,0.0013935,9.374532,11.213105,2023-08-01
22258,2023-07-28 10:54:00,19850.0,19636.45,3679100,514650,32.5,228.6,47150,1350,0.161674,-0.792425,0.00122972,0.00118837,9.469942,11.450155,2023-08-01
27510,2023-07-28 10:54:00,19900.0,19636.45,6288900,659200,23.25,269.2,93000,5250,0.110781,-0.838618,0.00093866,0.00098518,9.571315,11.806559,2023-08-01
24886,2023-07-28 10:55:00,19400.0,19626.6,341050,4013200,272.6,27.7,15600,194200,0.908029,-0.14938,0.00090081,0.00099035,8.713669,11.167511,2023-08-01
19633,2023-07-28 10:55:00,19450.0,19626.6,145750,2678750,231.9,36.5,3550,118400,0.846008,-0.200875,0.00125359,0.00121703,9.002582,10.970596,2023-08-01
14377,2023-07-28 10:55:00,19500.0,19626.6,1328650,7015800,194.5,48.8,40800,274450,0.768514,-0.266525,0.0015684,0.00143208,9.242048,10.9108,2023-08-01
9120,2023-07-28 10:55:00,19550.0,19626.6,622150,2631050,159.4,64.2,48750,187550,0.681658,-0.342437,0.00182484,0.00160813,9.301036,10.867271,2023-08-01
3860,2023-07-28 10:55:00,19600.0,19626.6,4235400,8444150,128.5,83.35,353600,693550,0.584713,-0.426097,0.00197466,0.00171536,9.392257,10.872015,2023-08-01
1229,2023-07-28 10:55:00,19650.0,19626.6,4291500,3686500,101.05,106.0,318850,391250,0.484391,-0.512937,0.00201323,0.00174379,9.418408,10.876253,2023-08-01
6491,2023-07-28 10:55:00,19700.0,19626.6,8423400,4839400,77.7,132.65,362600,325550,0.385811,-0.598486,0.00192669,0.00168398,9.442694,10.923373,2023-08-01
11748,2023-07-28 10:55:00,19750.0,19626.6,3850350,907550,58.3,162.75,181850,51850,0.294642,-0.678732,0.00173395,0.00155354,9.459633,10.967282,2023-08-01
17005,2023-07-28 10:55:00,19800.0,19626.6,13807950,4259250,42.7,197.4,214400,90250,0.215424,-0.74795,0.00146784,0.0013615,9.479335,11.149991,2023-08-01
22259,2023-07-28 10:55:00,19850.0,19626.6,3679100,514650,30.9,235.7,134400,4000,0.151953,-0.804248,0.00117101,0.00114939,9.552631,11.436429,2023-08-01
27511,2023-07-28 10:55:00,19900.0,19626.6,6288900,659200,22.1,276.15,95650,8450,0.103809,-0.85013,0.00088831,0.0009464,9.65644,11.711711,2023-08-01
24887,2023-07-28 10:56:00,19350.0,19621.95,29700,1478900,310.5,21.1,2500,64900,0.958192,-0.111035,0.00053434,0.00079727,7.953474,11.297462,2023-08-01
19634,2023-07-28 10:56:00,19400.0,19621.95,343950,4057700,270.35,28.5,11000,156000,0.895127,-0.153905,0.00095435,0.00101098,9.057815,11.16235,2023-08-01
14378,2023-07-28 10:56:00,19450.0,19621.95,143050,2700600,228.6,37.55,6250,95450,0.838121,-0.206568,0.00128502,0.00123787,9.078083,10.970639,2023-08-01
9121,2023-07-28 10:56:00,19500.0,19621.95,1301950,7099500,191.15,50.2,60350,325750,0.760755,-0.273395,0.00159466,0.00144957,9.259762,10.920884,2023-08-01
3861,2023-07-28 10:56:00,19550.0,19621.95,620700,2663350,156.8,65.85,47100,217850,0.672115,-0.349997,0.00183595,0.00162105,9.361222,10.87185,2023-08-01
1230,2023-07-28 10:56:00,19600.0,19621.95,4135900,8558850,126.2,85.55,256900,746800,0.575143,-0.434241,0.0019748,0.00171784,9.441086,10.899467,2023-08-01
6492,2023-07-28 10:56:00,19650.0,19621.95,4246750,3660350,99.15,108.45,315550,408450,0.475177,-0.521005,0.00200104,0.00173982,9.467673,10.895198,2023-08-01
11749,2023-07-28 10:56:00,19700.0,19621.95,8401450,4940550,76.15,135.3,378800,284300,0.377474,-0.606249,0.00190521,0.00167479,9.489507,10.929541,2023-08-01
17006,2023-07-28 10:56:00,19750.0,19621.95,3816600,914600,57.0,166.15,162150,80050,0.287374,-0.685125,0.00170767,0.00153378,9.496844,11.018304,2023-08-01
22260,2023-07-28 10:56:00,19800.0,19621.95,13784100,4270350,41.7,201.0,205700,72000,0.209547,-0.753377,0.00143921,0.00134087,9.51597,11.194876,2023-08-01
27512,2023-07-28 10:56:00,19850.0,19621.95,3692400,512700,30.15,239.1,141350,12150,0.147472,-0.809683,0.00114388,0.00113068,9.588882,11.431163,2023-08-01
24888,2023-07-28 10:57:00,19350.0,19617.35,29700,1478900,307.05,21.4,850,69750,0.950713,-0.113471,0.00059184,0.00081443,8.199784,11.23589,2023-08-01
19635,2023-07-28 10:57:00,19400.0,19617.35,343950,4057700,266.4,29.0,8300,159800,0.890524,-0.157503,0.00098399,0.00103149,9.064248,11.111937,2023-08-01
14379,2023-07-28 10:57:00,19450.0,19617.35,143050,2700600,225.25,38.15,7550,136500,0.830686,-0.211062,0.0013152,0.00126084,9.13403,10.911671,2023-08-01
9122,2023-07-28 10:57:00,19500.0,19617.35,1301950,7099500,187.85,50.9,97350,332950,0.75302,-0.27883,0.00162017,0.00147373,9.275065,10.849559,2023-08-01
3862,2023-07-28 10:57:00,19550.0,19617.35,620700,2663350,153.85,66.95,50900,218750,0.663402,-0.356812,0.00185289,0.001641,9.375663,10.817413,2023-08-01
1231,2023-07-28 10:57:00,19600.0,19617.35,4135900,8558850,123.3,86.95,401550,833050,0.566158,-0.441895,0.00198734,0.0017321,9.422798,10.845925,2023-08-01
6493,2023-07-28 10:57:00,19650.0,19617.35,4246750,3660350,96.85,110.25,318000,395750,0.465987,-0.529152,0.00199742,0.00174541,9.47169,10.849746,2023-08-01
11750,2023-07-28 10:57:00,19700.0,19617.35,8401450,4940550,74.0,137.65,413800,306900,0.368472,-0.614199,0.00189488,0.00166928,9.471015,10.905658,2023-08-01
17007,2023-07-28 10:57:00,19750.0,19617.35,3816600,914600,55.4,169.0,205150,94150,0.279559,-0.692255,0.0016857,0.00151985,9.497349,11.012905,2023-08-01
22261,2023-07-28 10:57:00,19800.0,19617.35,13784100,4270350,40.4,204.15,284100,81600,0.202889,-0.759602,0.00141282,0.00132335,9.512942,11.191045,2023-08-01
27513,2023-07-28 10:57:00,19850.0,19617.35,3692400,512700,29.35,242.35,154250,6650,0.142898,-0.815335,0.00111726,0.00111232,9.614456,11.408997,2023-08-01
24889,2023-07-28 10:58:00,19350.0,19613.1,29700,1478900,305.4,21.3,300,58200,0.935746,-0.114423,0.00068128,0.00082857,8.781778,11.113437,2023-08-01
19636,2023-07-28 10:58:00,19400.0,19613.1,343950,4057700,266.35,28.75,7050,104600,0.871103,-0.158627,0.00103497,0.00105096,9.674113,10.96036,2023-08-01
14380,2023-07-28 10:58:00,19450.0,19613.1,143050,2700600,225.6,38.2,3900,136150,0.811864,-0.213931,0.00132987,0.00128535,9.656237,10.791548,2023-08-01
9123,2023-07-28 10:58:00,19500.0,19613.1,1301950,7099500,188.6,50.9,67500,401850,0.736125,-0.282634,0.00159842,0.0015034,9.735035,10.708557,2023-08-01
3863,2023-07-28 10:58:00,19550.0,19613.1,620700,2663350,154.6,67.0,40650,211800,0.64989,-0.361985,0.00180788,0.00167345,9.75548,10.663869,2023-08-01
1232,2023-07-28 10:58:00,19600.0,19613.1,4135900,8558850,124.25,86.85,286750,703050,0.555824,-0.448446,0.00192578,0.00176767,9.766132,10.655195,2023-08-01
6494,2023-07-28 10:58:00,19650.0,19613.1,4246750,3660350,97.25,109.85,260650,379800,0.458684,-0.537529,0.00194355,0.00178348,9.720243,10.602625,2023-08-01
11751,2023-07-28 10:58:00,19700.0,19613.1,8401450,4940550,74.7,137.05,294150,307300,0.363967,-0.624751,0.00183927,0.00170288,9.720451,10.604002,2023-08-01
17008,2023-07-28 10:58:00,19750.0,19613.1,3816600,914600,55.85,168.15,145950,54600,0.276729,-0.705177,0.00164262,0.00154353,9.701049,10.63966,2023-08-01
22262,2023-07-28 10:58:00,19800.0,19613.1,13784100,4270350,40.65,203.15,229600,106400,0.201055,-0.774561,0.00138141,0.00133083,9.679362,10.741171,2023-08-01
27514,2023-07-28 10:58:00,19850.0,19613.1,3692400,512700,29.6,242.0,123550,8750,0.142088,-0.829739,0.00109553,0.00109987,9.77049,10.964686,2023-08-01
24890,2023-07-28 10:59:00,19350.0,19615.75,29450,1500350,307.55,21.55,50,74100,0.938882,-0.114479,0.0006599,0.00082073,8.719091,11.222915,2023-08-01
19637,2023-07-28 10:59:00,19400.0,19615.75,346300,4097950,266.3,29.15,11950,121150,0.883308,-0.158682,0.00100509,0.00103873,9.289761,11.091389,2023-08-01
14381,2023-07-28 10:59:00,19450.0,19615.75,146500,2687150,224.45,38.5,5550,94200,0.826746,-0.21301,0.00132466,0.00126819,9.205496,10.909607,2023-08-01
9124,2023-07-28 10:59:00,19500.0,19615.75,1265150,7145450,187.65,51.3,38650,342050,0.747752,-0.281051,0.00161801,0.00148068,9.394489,10.842952,2023-08-01
3864,2023-07-28 10:59:00,19550.0,19615.75,607800,2671900,153.7,67.65,51350,179500,0.658897,-0.359603,0.00184334,0.00164366,9.474947,10.831995,2023-08-01
1233,2023-07-28 10:59:00,19600.0,19615.75,4096600,8646850,123.3,87.35,221200,528600,0.562391,-0.444542,0.00197098,0.00173855,9.518072,10.818731,2023-08-01
6495,2023-07-28 10:59:00,19650.0,19615.75,4268450,3618650,96.8,110.6,198700,247150,0.4631,-0.532103,0.00198086,0.00175178,9.547068,10.806838,2023-08-01
11752,2023-07-28 10:59:00,19700.0,19615.75,8423500,4830200,74.0,138.05,307950,230750,0.366373,-0.617438,0.00187814,0.0016732,9.539799,10.855672,2023-08-01
17009,2023-07-28 10:59:00,19750.0,19615.75,3808950,954200,55.5,168.9,104700,54400,0.278314,-0.69666,0.00167007,0.00152661,9.567809,10.896967,2023-08-01
22263,2023-07-28 10:59:00,19800.0,19615.75,13792650,4264550,40.4,203.9,159000,58650,0.201904,-0.76485,0.0014013,0.00132585,9.565592,11.038246,2023-08-01
27515,2023-07-28 10:59:00,19850.0,19615.75,3658350,511700,29.35,242.85,72250,3550,0.142259,-0.818994,0.00110873,0.00110713,9.661525,11.322982,2023-08-01
24891,2023-07-28 11:00:00,19350.0,19618.2,29450,1500350,307.35,21.1,50,51800,0.953991,-0.112133,0.00056964,0.00080983,8.064061,11.206757,2023-08-01
19638,2023-07-28 11:00:00,19400.0,19618.2,346300,4097950,269.95,28.3,4250,82250,0.879197,-0.154885,0.00100118,0.00102761,9.556631,11.033627,2023-08-01
14382,2023-07-28 11:00:00,19450.0,19618.2,146500,2687150,228.95,37.45,3150,71700,0.820926,-0.208615,0.00130213,0.00125976,9.562243,10.848595,2023-08-01
9125,2023-07-28 11:00:00,19500.0,19618.2,1265150,7145450,190.85,50.1,33200,272950,0.747971,-0.276428,0.00158877,0.00147625,9.562598,10.787603,2023-08-01
3865,2023-07-28 11:00:00,19550.0,19618.2,607800,2671900,157.1,65.7,62850,154400,0.660433,-0.354168,0.00180368,0.00165208,9.666187,10.718889,2023-08-01
1234,2023-07-28 11:00:00,19600.0,19618.2,4096600,8646850,126.05,85.4,195600,518600,0.566352,-0.439824,0.00194053,0.00175008,9.651282,10.72833,2023-08-01
6496,2023-07-28 11:00:00,19650.0,19618.2,4268450,3618650,98.85,108.0,162900,257200,0.468251,-0.528227,0.00196631,0.00177522,9.628055,10.671551,2023-08-01
11753,2023-07-28 11:00:00,19700.0,19618.2,8423500,4830200,75.75,135.2,211450,192100,0.371935,-0.614894,0.00187313,0.00169908,9.612116,10.710948,2023-08-01
17010,2023-07-28 11:00:00,19750.0,19618.2,3808950,954200,56.8,165.65,110250,46000,0.28341,-0.695894,0.00167612,0.00155334,9.616838,10.721109,2023-08-01
22264,2023-07-28 11:00:00,19800.0,19618.2,13792650,4264550,41.35,200.75,160300,43700,0.206161,-0.764919,0.00141381,0.00134523,9.599177,10.876983,2023-08-01
27516,2023-07-28 11:00:00,19850.0,19618.2,3658350,511700,30.2,238.6,70600,5450,0.146097,-0.822789,0.00112355,0.00112199,9.706349,11.02459,2023-08-01
24892,2023-07-28 11:01:00,19350.0,19616.0,29450,1500350,310.05,21.5,200,43300,0.927625,-0.114214,0.00070885,0.00081959,9.253055,11.221635,2023-08-01
19639,2023-07-28 11:01:00,19400.0,19616.0,346300,4097950,265.65,29.35,8300,103700,0.887305,-0.159184,0.00099652,0.00103758,9.141578,11.128395,2023-08-01
14383,2023-07-28 11:01:00,19450.0,19616.0,146500,2687150,225.85,38.65,7650,75050,0.822734,-0.213238,0.00131978,0.00126597,9.376071,10.937214,2023-08-01
9126,2023-07-28 11:01:00,19500.0,19616.0,1265150,7145450,188.2,51.65,29700,235200,0.74717,-0.281523,0.00161242,0.00147542,9.439967,10.892119,2023-08-01
3866,2023-07-28 11:01:00,19550.0,19616.0,607800,2671900,154.3,67.75,43450,141100,0.658631,-0.359429,0.00183485,0.00164048,9.523045,10.852796,2023-08-01
1235,2023-07-28 11:01:00,19600.0,19616.0,4096600,8646850,124.05,87.55,223950,433500,0.562506,-0.444255,0.00195841,0.00173359,9.58019,10.850243,2023-08-01
6497,2023-07-28 11:01:00,19650.0,19616.0,4268450,3618650,97.25,110.85,179900,173350,0.46372,-0.531554,0.00197456,0.00174616,9.580375,10.84445,2023-08-01
11754,2023-07-28 11:01:00,19700.0,19616.0,8423500,4830200,74.35,138.25,256850,169850,0.36717,-0.616669,0.00187468,0.00166909,9.565718,10.890591,2023-08-01
17011,2023-07-28 11:01:00,19750.0,19616.0,3808950,954200,56.0,168.95,92500,44850,0.279639,-0.695935,0.00166627,0.00152531,9.613259,10.919575,2023-08-01
22265,2023-07-28 11:01:00,19800.0,19616.0,13792650,4264550,40.55,204.45,192850,43900,0.202481,-0.762892,0.0014023,0.00132228,9.576589,11.12046,2023-08-01
27517,2023-07-28 11:01:00,19850.0,19616.0,3658350,511700,29.5,242.2,90300,3050,0.142854,-0.819985,0.00111037,0.00110905,9.675969,11.266273,2023-08-01
24893,2023-07-28 11:02:00,19350.0,19620.85,29750,1496750,310.65,21.15,200,73400,0.950654,-0.111502,0.00058488,0.0008012,8.307176,11.28218,2023-08-01
19640,2023-07-28 11:02:00,19400.0,19620.85,350650,4101550,268.8,28.6,10550,74950,0.896744,-0.154663,0.00095499,0.0010159,8.955298,11.150575,2023-08-01
14384,2023-07-28 11:02:00,19450.0,19620.85,148050,2678500,228.15,37.85,3550,82350,0.834956,-0.208027,0.001292,0.00124268,9.1484,10.979765,2023-08-01
9127,2023-07-28 11:02:00,19500.0,19620.85,1277500,7144900,190.7,50.45,30850,242500,0.757915,-0.274834,0.00159716,0.00145475,9.309996,10.916294,2023-08-01
3867,2023-07-28 11:02:00,19550.0,19620.85,622850,2677350,156.25,66.3,34050,126750,0.669726,-0.351859,0.0018374,0.00162363,9.386394,10.881492,2023-08-01
1236,2023-07-28 11:02:00,19600.0,19620.85,4201650,8684000,125.55,85.8,171550,391800,0.572941,-0.436028,0.001977,0.00172298,9.445712,10.881021,2023-08-01
6498,2023-07-28 11:02:00,19650.0,19620.85,4319800,3635350,98.65,108.95,156650,143300,0.472966,-0.522961,0.00199925,0.00174052,9.477979,10.893899,2023-08-01
11755,2023-07-28 11:02:00,19700.0,19620.85,8492050,4853700,75.65,135.8,271100,181150,0.375308,-0.608263,0.00190259,0.00167475,9.490796,10.920274,2023-08-01
17012,2023-07-28 11:02:00,19750.0,19620.85,3803700,956800,56.75,166.55,107750,36350,0.285754,-0.687372,0.00170076,0.00153382,9.515158,10.990229,2023-08-01
22266,2023-07-28 11:02:00,19800.0,19620.85,13861600,4256000,41.5,201.2,240050,64450,0.208233,-0.756172,0.00143222,0.00134063,9.53228,11.134605,2023-08-01
27518,2023-07-28 11:02:00,19850.0,19620.85,3651750,511900,30.05,240.05,107450,5800,0.146646,-0.810685,0.00113757,0.00112589,9.611168,11.448941,2023-08-01
24894,2023-07-28 11:03:00,19350.0,19621.95,29750,1496750,312.1,20.65,50,73000,0.948868,-0.109396,0.00059307,0.00079454,8.428216,11.22256,2023-08-01
19641,2023-07-28 11:03:00,19400.0,19621.95,350650,4101550,271.95,27.95,5150,96700,0.88796,-0.152108,0.00096993,0.00101078,9.351832,11.084387,2023-08-01
14385,2023-07-28 11:03:00,19450.0,19621.95,148050,2678500,230.1,36.95,1600,78150,0.832402,-0.204892,0.00128334,0.001241,9.302108,10.896489,2023-08-01
9128,2023-07-28 11:03:00,19500.0,19621.95,1277500,7144900,193.0,49.35,30500,287650,0.755542,-0.271591,0.00157505,0.00145827,9.490824,10.82634,2023-08-01
3868,2023-07-28 11:03:00,19550.0,19621.95,622850,2677350,157.7,64.95,53100,127500,0.67046,-0.348764,0.00182071,0.00163372,9.464254,10.779926,2023-08-01
1237,2023-07-28 11:03:00,19600.0,19621.95,4201650,8684000,127.05,84.2,198550,441850,0.574479,-0.433491,0.00195771,0.00173938,9.532068,10.767307,2023-08-01
6499,2023-07-28 11:03:00,19650.0,19621.95,4319800,3635350,100.0,106.8,214600,192000,0.475394,-0.521429,0.00198374,0.0017665,9.556134,10.736236,2023-08-01
11756,2023-07-28 11:03:00,19700.0,19621.95,8492050,4853700,76.85,133.55,267250,176500,0.378327,-0.60806,0.00189277,0.00170022,9.564123,10.758581,2023-08-01
17013,2023-07-28 11:03:00,19750.0,19621.95,3803700,956800,57.8,164.7,117000,30900,0.289046,-0.687633,0.00169742,0.00155018,9.585949,10.870633,2023-08-01
22267,2023-07-28 11:03:00,19800.0,19621.95,13861600,4256000,42.0,198.85,173300,43300,0.210361,-0.758259,0.00143736,0.00135595,9.555481,10.957963,2023-08-01
27519,2023-07-28 11:03:00,19850.0,19621.95,3651750,511900,30.5,236.45,81000,4150,0.148608,-0.816768,0.00114434,0.00113714,9.640007,11.1089,2023-08-01
24895,2023-07-28 11:04:00,19350.0,19619.75,29750,1496750,309.7,20.9,150,44100,0.94959,-0.110933,0.00059349,0.0008034,8.328913,11.212516,2023-08-01
19642,2023-07-28 11:04:00,19400.0,19619.75,350650,4101550,269.25,28.25,4050,90550,0.889328,-0.154019,0.00097638,0.00102069,9.210583,11.070173,2023-08-01
14386,2023-07-28 11:04:00,19450.0,19619.75,148050,2678500,228.45,37.2,850,58650,0.829095,-0.206937,0.00129716,0.00125227,9.321024,10.86431,2023-08-01
9129,2023-07-28 11:04:00,19500.0,19619.75,1277500,7144900,192.0,49.9,29600,179200,0.750381,-0.274641,0.00158036,0.00146781,9.56716,10.817769,2023-08-01
3869,2023-07-28 11:04:00,19550.0,19619.75,622850,2677350,156.95,65.55,25800,105450,0.665194,-0.352136,0.00181748,0.00164242,9.542805,10.762464,2023-08-01
1238,2023-07-28 11:04:00,19600.0,19619.75,4201650,8684000,126.9,85.15,191000,315600,0.56938,-0.437338,0.00193905,0.00174197,9.648402,10.770516,2023-08-01
6500,2023-07-28 11:04:00,19650.0,19619.75,4319800,3635350,99.6,107.9,172000,164600,0.471268,-0.525314,0.00196804,0.00176546,9.627561,10.738553,2023-08-01
11757,2023-07-28 11:04:00,19700.0,19619.75,8492050,4853700,76.5,134.8,181050,149150,0.374935,-0.611794,0.0018761,0.00169571,9.623923,10.760031,2023-08-01
17014,2023-07-28 11:04:00,19750.0,19619.75,3803700,956800,57.4,165.25,90650,43450,0.286117,-0.692505,0.00168258,0.00155233,9.625908,10.783568,2023-08-01
22268,2023-07-28 11:04:00,19800.0,19619.75,13861600,4256000,41.9,200.25,149700,36350,0.20868,-0.761545,0.00142187,0.00134789,9.615975,10.943722,2023-08-01
27520,2023-07-28 11:04:00,19850.0,19619.75,3651750,511900,30.3,238.95,61400,4550,0.147031,-0.816996,0.001132,0.00112584,9.677625,11.21389,2023-08-01
24896,2023-07-28 11:05:00,19350.0,19618.4,29850,1493150,312.3,21.55,50,45800,0.928836,-0.11363,0.000698,0.00081167,9.278035,11.292152,2023-08-01
19643,2023-07-28 11:05:00,19400.0,19618.4,358750,4095900,267.0,29.15,2900,80500,0.892857,-0.157457,0.00097444,0.00102687,9.017725,11.166606,2023-08-01
14387,2023-07-28 11:05:00,19450.0,19618.4,147500,2670450,225.45,38.5,3050,65600,0.834461,-0.211288,0.00130936,0.0012532,9.048013,10.991809,2023-08-01
9130,2023-07-28 11:05:00,19500.0,19618.4,1292800,7175550,188.65,51.3,26400,154900,0.75461,-0.278686,0.0016139,0.00146287,9.284573,10.934024,2023-08-01
3870,2023-07-28 11:05:00,19550.0,19618.4,629100,2643900,154.7,67.3,16400,93450,0.665045,-0.356015,0.00184604,0.00162871,9.398223,10.897168,2023-08-01
1239,2023-07-28 11:05:00,19600.0,19618.4,4224150,8742900,124.45,87.1,142150,387950,0.567847,-0.440392,0.0019746,0.00172216,9.482491,10.909042,2023-08-01
6501,2023-07-28 11:05:00,19650.0,19618.4,4358350,3607650,97.65,110.3,131800,152650,0.468144,-0.5272,0.00199275,0.00173757,9.503955,10.909135,2023-08-01
11758,2023-07-28 11:05:00,19700.0,19618.4,8576850,4859500,74.8,137.5,170050,115050,0.370898,-0.612059,0.00189188,0.00166574,9.51214,10.953128,2023-08-01
17015,2023-07-28 11:05:00,19750.0,19618.4,3821550,950300,55.95,168.25,85650,13050,0.281696,-0.690901,0.00168845,0.00152451,9.522665,11.007092,2023-08-01
22269,2023-07-28 11:05:00,19800.0,19618.4,13875950,4261900,40.8,203.5,111700,30250,0.204652,-0.758153,0.00141823,0.00132711,9.531455,11.202644,2023-08-01
27521,2023-07-28 11:05:00,19850.0,19618.4,3661600,515200,29.65,241.6,54900,3600,0.144283,-0.814203,0.00112343,0.00111657,9.62998,11.41576,2023-08-01
24897,2023-07-28 11:06:00,19350.0,19619.2,29850,1493150,312.3,21.35,0,29400,0.929408,-0.112678,0.00069372,0.00080786,9.278035,11.278083,2023-08-01
19644,2023-07-28 11:06:00,19400.0,19619.2,358750,4095900,268.8,28.85,1250,78650,0.888665,-0.156153,0.00098008,0.0010233,9.216912,11.144838,2023-08-01
14388,2023-07-28 11:06:00,19450.0,19619.2,147500,2670450,227.75,38.05,750,38100,0.829304,-0.209575,0.00130124,0.00125107,9.286349,10.95847,2023-08-01
9131,2023-07-28 11:06:00,19500.0,19619.2,1292800,7175550,190.4,50.85,7950,131350,0.752702,-0.277069,0.00159649,0.00146205,9.425275,10.909565,2023-08-01
3871,2023-07-28 11:06:00,19550.0,19619.2,629100,2643900,155.35,66.7,9700,78550,0.666312,-0.354299,0.00184076,0.00163091,9.411562,10.864272,2023-08-01
1240,2023-07-28 11:06:00,19600.0,19619.2,4224150,8742900,125.1,86.4,80050,278250,0.569298,-0.438831,0.00196951,0.00172685,9.501355,10.873322,2023-08-01
6502,2023-07-28 11:06:00,19650.0,19619.2,4358350,3607650,98.1,109.1,83800,107050,0.469749,-0.526037,0.00199238,0.00175059,9.509121,10.830571,2023-08-01
11759,2023-07-28 11:06:00,19700.0,19619.2,8576850,4859500,75.1,136.3,121200,94550,0.372354,-0.611503,0.001895,0.00167783,9.508879,10.879127,2023-08-01
17016,2023-07-28 11:06:00,19750.0,19619.2,3821550,950300,56.3,167.35,47950,14750,0.283202,-0.69036,0.00169136,0.00153138,9.531058,10.966539,2023-08-01
22270,2023-07-28 11:06:00,19800.0,19619.2,13875950,4261900,41.0,202.15,87750,19150,0.205723,-0.758874,0.00142295,0.00133556,9.52978,11.114222,2023-08-01
27522,2023-07-28 11:06:00,19850.0,19619.2,3661600,515200,30.0,241.15,61400,2950,0.145784,-0.812941,0.00112844,0.0011195,9.654637,11.434189,2023-08-01
24898,2023-07-28 11:07:00,19350.0,19622.15,29850,1493150,312.3,20.45,0,75750,0.931446,-0.108598,0.0006782,0.00079261,9.278035,11.194448,2023-08-01
19645,2023-07-28 11:07:00,19400.0,19622.15,358750,4095900,273.5,27.65,4000,130750,0.882292,-0.151031,0.00097944,0.00100974,9.595097,11.047093,2023-08-01
14389,2023-07-28 11:07:00,19450.0,19622.15,147500,2670450,232.4,36.6,1550,86700,0.824961,-0.203781,0.00127767,0.00124167,9.609622,10.858922,2023-08-01
9132,2023-07-28 11:07:00,19500.0,19622.15,1292800,7175550,194.8,48.8,31900,246500,0.751411,-0.270237,0.00155653,0.00146254,9.693503,10.771278,2023-08-01
3872,2023-07-28 11:07:00,19550.0,19622.15,629100,2643900,160.6,64.05,36100,169450,0.666015,-0.347281,0.00177445,0.00164482,9.76599,10.69379,2023-08-01
1241,2023-07-28 11:07:00,19600.0,19622.15,4224150,8742900,129.15,83.2,215400,545250,0.573417,-0.432619,0.00191851,0.00175398,9.734865,10.677146,2023-08-01
6503,2023-07-28 11:07:00,19650.0,19622.15,4358350,3607650,101.4,105.45,175100,278650,0.476143,-0.521394,0.0019579,0.00178727,9.686453,10.614981,2023-08-01
11760,2023-07-28 11:07:00,19700.0,19622.15,8576850,4859500,77.85,131.95,214900,209500,0.379828,-0.609281,0.00187725,0.00172269,9.657998,10.612348,2023-08-01
17017,2023-07-28 11:07:00,19750.0,19622.15,3821550,950300,58.4,162.15,107150,35300,0.290479,-0.691557,0.00169158,0.00157852,9.64446,10.620329,2023-08-01
22271,2023-07-28 11:07:00,19800.0,19622.15,13875950,4261900,42.8,196.95,168250,88800,0.212735,-0.762098,0.00143394,0.00136905,9.644529,10.762228,2023-08-01
27523,2023-07-28 11:07:00,19850.0,19622.15,3661600,515200,31.0,235.2,75350,4650,0.150338,-0.819599,0.00114608,0.00114032,9.703149,10.974097,2023-08-01
24899,2023-07-28 11:08:00,19400.0,19626.0,360550,4131050,274.0,28.0,5500,79800,0.898215,-0.150512,0.00093077,0.00099327,9.095113,11.203234,2023-08-01
19646,2023-07-28 11:08:00,19450.0,19626.0,147800,2665800,232.65,37.0,3850,55450,0.840292,-0.202538,0.00125794,0.00121838,9.199364,11.024834,2023-08-01
14390,2023-07-28 11:08:00,19500.0,19626.0,1294550,7187400,195.5,49.15,31350,153100,0.763296,-0.267717,0.0015576,0.0014333,9.432187,10.93824,2023-08-01
9133,2023-07-28 11:08:00,19550.0,19626.0,645150,2630450,160.5,64.65,78150,104900,0.677643,-0.343722,0.00180254,0.00160744,9.476054,10.899325,2023-08-01
3873,2023-07-28 11:08:00,19600.0,19626.0,4252850,8660850,129.5,83.65,225650,289300,0.582337,-0.427177,0.00194877,0.00171637,9.539801,10.883204,2023-08-01
1242,2023-07-28 11:08:00,19650.0,19626.0,4409750,3559450,101.75,106.05,217650,178800,0.483336,-0.514089,0.00199226,0.00174845,9.527045,10.858283,2023-08-01
6504,2023-07-28 11:08:00,19700.0,19626.0,8565850,4827050,78.1,132.4,227600,119750,0.385382,-0.600152,0.00191306,0.00169215,9.517461,10.870903,2023-08-01
11761,2023-07-28 11:08:00,19750.0,19626.0,3834300,948250,58.75,162.9,124400,16700,0.294911,-0.680183,0.00172233,0.00155491,9.538051,10.949022,2023-08-01
17018,2023-07-28 11:08:00,19800.0,19626.0,13892800,4265850,42.9,196.9,156200,30950,0.215507,-0.750935,0.00146188,0.00136622,9.53062,11.053748,2023-08-01
22272,2023-07-28 11:08:00,19850.0,19626.0,3678550,514800,30.95,234.6,77300,2050,0.15178,-0.809112,0.00116745,0.00115153,9.585097,11.253731,2023-08-01
27524,2023-07-28 11:08:00,19900.0,19626.0,6318800,657400,22.25,275.5,100850,2150,0.104123,-0.854091,0.0008869,0.00094249,9.703797,11.564046,2023-08-01
24900,2023-07-28 11:09:00,19350.0,19623.45,360550,1517850,274.0,20.85,0,66750,0.936168,-0.109631,0.00065469,0.00079079,9.095113,11.297874,2023-08-01
19647,2023-07-28 11:09:00,19400.0,19623.45,360550,4131050,270.85,28.35,1200,63450,0.900121,-0.152703,0.00093591,0.0010045,8.923204,11.187384,2023-08-01
14391,2023-07-28 11:09:00,19450.0,19623.45,147800,2665800,230.5,37.25,3600,55250,0.837333,-0.20476,0.00127472,0.0012313,9.189655,10.982702,2023-08-01
9134,2023-07-28 11:09:00,19500.0,19623.45,1294550,7187400,193.0,50.0,20300,171400,0.760978,-0.271648,0.00157832,0.0014421,9.360228,10.953546,2023-08-01
3874,2023-07-28 11:09:00,19550.0,19623.45,645150,2630450,159.35,65.55,46550,106000,0.672002,-0.347852,0.00180385,0.00161461,9.538704,10.901604,2023-08-01
1243,2023-07-28 11:09:00,19600.0,19623.45,4252850,8660850,127.7,84.7,200550,232150,0.577571,-0.431556,0.00195962,0.00172019,9.512372,10.882926,2023-08-01
6505,2023-07-28 11:09:00,19650.0,19623.45,4409750,3559450,100.15,107.7,189250,115200,0.478176,-0.518466,0.00199717,0.00174149,9.499742,10.899119,2023-08-01
11762,2023-07-28 11:09:00,19700.0,19623.45,8565850,4827050,77.2,134.1,184250,96550,0.380765,-0.604199,0.00190234,0.00168356,9.538748,10.899012,2023-08-01
17019,2023-07-28 11:09:00,19750.0,19623.45,3834300,948250,57.85,163.65,240650,15950,0.290542,-0.685556,0.00171055,0.00155652,9.539465,10.861842,2023-08-01
22273,2023-07-28 11:09:00,19800.0,19623.45,13892800,4265850,42.1,198.9,295500,26400,0.211566,-0.753884,0.00144784,0.0013545,9.522162,11.081058,2023-08-01
27525,2023-07-28 11:09:00,19850.0,19623.45,3678550,514800,30.6,237.05,53400,1100,0.149526,-0.810608,0.00115269,0.00113937,9.613675,11.321367,2023-08-01
24901,2023-07-28 11:10:00,19350.0,19621.4,360550,1517850,274.0,21.65,0,43150,0.934829,-0.113041,0.00066546,0.00080217,9.095113,11.386741,2023-08-01
19648,2023-07-28 11:10:00,19400.0,19621.4,360550,4131050,268.5,29.1,15100,100450,0.900833,-0.155947,0.00094222,0.00101368,8.818904,11.243339,2023-08-01
14392,2023-07-28 11:10:00,19450.0,19621.4,147800,2665800,227.0,38.4,2700,80350,0.841806,-0.209115,0.00128951,0.00123703,8.921887,11.070926,2023-08-01
9135,2023-07-28 11:10:00,19500.0,19621.4,1294550,7187400,190.35,51.15,27700,165800,0.760911,-0.27576,0.00160216,0.00144452,9.224107,11.018755,2023-08-01
3875,2023-07-28 11:10:00,19550.0,19621.4,645150,2630450,156.5,67.25,32550,126800,0.670912,-0.352464,0.00183719,0.00160728,9.379878,11.005964,2023-08-01
1244,2023-07-28 11:10:00,19600.0,19621.4,4252850,8660850,125.8,86.8,167550,311550,0.574048,-0.435763,0.00197756,0.00170401,9.444119,11.00798,2023-08-01
6506,2023-07-28 11:10:00,19650.0,19621.4,4409750,3559450,98.6,109.8,124400,174500,0.473922,-0.52178,0.0020065,0.00172397,9.451278,11.007322,2023-08-01
11763,2023-07-28 11:10:00,19700.0,19621.4,8565850,4827050,75.7,137.25,182150,121500,0.376066,-0.605692,0.00190761,0.00165194,9.477823,11.098238,2023-08-01
17020,2023-07-28 11:10:00,19750.0,19621.4,3834300,948250,56.75,167.9,119650,24050,0.28622,-0.683843,0.00170584,0.00151751,9.500183,11.168972,2023-08-01
22274,2023-07-28 11:10:00,19800.0,19621.4,13892800,4265850,41.2,202.65,123950,32200,0.207655,-0.751574,0.00143797,0.00133038,9.484632,11.340572,2023-08-01
27526,2023-07-28 11:10:00,19850.0,19621.4,3678550,514800,30.0,240.85,59450,1400,0.146647,-0.807123,0.00114036,0.00112489,9.593778,11.598184,2023-08-01
24902,2023-07-28 11:11:00,19350.0,19620.7,29900,1518350,308.45,21.5,100,47350,0.962632,-0.112722,0.00050473,0.00080366,7.695354,11.343987,2023-08-01
19649,2023-07-28 11:11:00,19400.0,19620.7,351700,4095250,268.0,28.9,3250,77750,0.899634,-0.15562,0.00094828,0.00101672,8.840832,11.195473,2023-08-01
14393,2023-07-28 11:11:00,19450.0,19620.7,149450,2658050,227.5,38.2,2500,71650,0.836705,-0.209011,0.00129372,0.00124198,9.080171,11.024902,2023-08-01
9136,2023-07-28 11:11:00,19500.0,19620.7,1302750,7187700,191.0,50.9,26650,204250,0.756472,-0.27585,0.00159363,0.00145169,9.367714,10.967408,2023-08-01
3876,2023-07-28 11:11:00,19550.0,19620.7,675050,2611400,156.95,66.9,40150,162300,0.66799,-0.35281,0.00182443,0.00161722,9.480057,10.943504,2023-08-01
1245,2023-07-28 11:11:00,19600.0,19620.7,4333250,8604300,125.95,86.25,172250,404650,0.572252,-0.43651,0.00196746,0.00171786,9.501719,10.923861,2023-08-01
6507,2023-07-28 11:11:00,19650.0,19620.7,4484400,3523250,99.15,109.2,139800,197550,0.472806,-0.523226,0.00198748,0.00173839,9.541037,10.915079,2023-08-01
11764,2023-07-28 11:11:00,19700.0,19620.7,8602650,4814700,76.0,136.1,197100,160350,0.37551,-0.60838,0.00189485,0.00167204,9.538358,10.945328,2023-08-01
17021,2023-07-28 11:11:00,19750.0,19620.7,3761350,937700,57.0,167.05,89850,46100,0.286097,-0.687038,0.00169623,0.00152937,9.553196,11.035631,2023-08-01
22275,2023-07-28 11:11:00,19800.0,19620.7,14056150,4264150,41.4,201.65,127400,56100,0.207788,-0.755743,0.00143163,0.00133792,9.531359,11.176162,2023-08-01
27527,2023-07-28 11:11:00,19850.0,19620.7,3695950,515100,30.15,240.25,41950,2600,0.146864,-0.810776,0.00113678,0.00112509,9.634691,11.462392,2023-08-01
24903,2023-07-28 11:12:00,19350.0,19618.65,29900,1518350,308.2,21.6,300,51000,0.951545,-0.113686,0.00058411,0.00081108,8.205617,11.31077,2023-08-01
19650,2023-07-28 11:12:00,19400.0,19618.65,351700,4095250,265.0,29.05,4700,83550,0.903508,-0.156989,0.00094588,0.00102583,8.61311,11.162421,2023-08-01
14394,2023-07-28 11:12:00,19450.0,19618.65,149450,2658050,226.65,38.55,6200,67550,0.830964,-0.211225,0.00130618,0.00125171,9.19827,11.00921,2023-08-01
9137,2023-07-28 11:12:00,19500.0,19618.65,1302750,7187700,189.0,51.5,34800,260100,0.754514,-0.278843,0.00161067,0.00145949,9.310477,10.968618,2023-08-01
3877,2023-07-28 11:12:00,19550.0,19618.65,675050,2611400,155.35,67.4,37850,151900,0.664637,-0.355842,0.00183671,0.0016259,9.45583,10.920328,2023-08-01
1246,2023-07-28 11:12:00,19600.0,19618.65,4333250,8604300,124.8,87.3,193750,413450,0.568172,-0.440129,0.00197011,0.00171765,9.508194,10.942815,2023-08-01
6508,2023-07-28 11:12:00,19650.0,19618.65,4484400,3523250,98.0,110.35,163350,204050,0.468688,-0.526755,0.00198845,0.0017355,9.530941,10.929196,2023-08-01
11765,2023-07-28 11:12:00,19700.0,19618.65,8602650,4814700,74.9,137.45,234650,221150,0.371321,-0.611614,0.00189281,0.00166542,9.51638,10.96504,2023-08-01
17022,2023-07-28 11:12:00,19750.0,19618.65,3761350,937700,56.25,168.5,104200,34450,0.282543,-0.689917,0.00168701,0.00152127,9.550028,11.052157,2023-08-01
22276,2023-07-28 11:12:00,19800.0,19618.65,14056150,4264150,41.0,203.15,186250,52400,0.205342,-0.758318,0.0014189,0.00132944,9.551472,11.18528,2023-08-01
27528,2023-07-28 11:12:00,19850.0,19618.65,3695950,515100,29.65,242.05,67700,3950,0.144337,-0.81239,0.00112466,0.00111611,9.627328,11.495863,2023-08-01
24904,2023-07-28 11:13:00,19350.0,19612.35,29900,1518350,307.0,22.4,500,100250,0.92377,-0.118431,0.00073326,0.00083686,9.317672,11.289823,2023-08-01
19651,2023-07-28 11:13:00,19400.0,19612.35,351700,4095250,261.8,30.25,4250,139700,0.886684,-0.163578,0.00101409,0.00105395,9.029193,11.164978,2023-08-01
14395,2023-07-28 11:13:00,19450.0,19612.35,149450,2658050,221.25,40.05,6000,123500,0.823821,-0.219214,0.00134842,0.00127931,9.152084,11.010794,2023-08-01
9138,2023-07-28 11:13:00,19500.0,19612.35,1302750,7187700,185.05,53.5,50500,280100,0.742426,-0.288383,0.00163816,0.00148155,9.393496,10.98526,2023-08-01
3878,2023-07-28 11:13:00,19550.0,19612.35,675050,2611400,151.75,70.0,47150,214550,0.652087,-0.366539,0.00185133,0.00163776,9.516802,10.956255,2023-08-01
1247,2023-07-28 11:13:00,19600.0,19612.35,4333250,8604300,121.6,90.1,257600,622650,0.555471,-0.451017,0.00197098,0.00172313,9.555621,10.95361,2023-08-01
6509,2023-07-28 11:13:00,19650.0,19612.35,4484400,3523250,95.2,114.1,220500,331400,0.456344,-0.537457,0.00197612,0.00172298,9.566291,10.989205,2023-08-01
11766,2023-07-28 11:13:00,19700.0,19612.35,8602650,4814700,72.7,141.85,227650,232100,0.360093,-0.621175,0.00186546,0.0016416,9.56134,11.046515,2023-08-01
17023,2023-07-28 11:13:00,19750.0,19612.35,3761350,937700,54.5,173.15,134750,71250,0.272928,-0.698331,0.00165179,0.00149438,9.593984,11.119331,2023-08-01
22277,2023-07-28 11:13:00,19800.0,19612.35,14056150,4264150,39.75,208.55,157650,87800,0.197865,-0.76436,0.00138034,0.00129852,9.606372,11.298581,2023-08-01
27529,2023-07-28 11:13:00,19850.0,19612.35,3695950,515100,28.85,247.65,77300,5200,0.139155,-0.817072,0.00108943,0.00108886,9.699495,11.604728,2023-08-01
24905,2023-07-28 11:14:00,19350.0,19607.7,29900,1510100,304.0,22.5,400,70000,0.914972,-0.120278,0.00077652,0.00085388,9.558388,11.189872,2023-08-01
19652,2023-07-28 11:14:00,19400.0,19607.7,358100,4092700,260.0,30.5,4350,121300,0.872564,-0.166537,0.00105875,0.00107545,9.397284,11.073047,2023-08-01
14396,2023-07-28 11:14:00,19450.0,19607.7,157900,2659150,220.15,40.3,14650,85050,0.808443,-0.222966,0.0013676,0.00130516,9.509682,10.901518,2023-08-01
9139,2023-07-28 11:14:00,19500.0,19607.7,1316300,7187400,184.0,53.7,39200,286750,0.729018,-0.293053,0.00163407,0.0015117,9.66662,10.850803,2023-08-01
3879,2023-07-28 11:14:00,19550.0,19607.7,676550,2655300,150.5,70.8,45100,249750,0.64085,-0.373167,0.00183666,0.00166205,9.705549,10.86274,2023-08-01
1248,2023-07-28 11:14:00,19600.0,19607.7,4357250,8708750,120.55,91.05,243550,791200,0.545591,-0.458685,0.00194497,0.00174444,9.717297,10.847047,2023-08-01
6510,2023-07-28 11:14:00,19650.0,19607.7,4475550,3524400,94.5,114.9,187950,278600,0.448069,-0.546172,0.00194004,0.00174377,9.722858,10.836653,2023-08-01
11767,2023-07-28 11:14:00,19700.0,19607.7,8601850,4783800,72.3,142.85,231500,270550,0.353732,-0.630788,0.00182518,0.00165399,9.714486,10.878197,2023-08-01
17024,2023-07-28 11:14:00,19750.0,19607.7,3766050,976200,54.1,174.3,110400,56450,0.267981,-0.708633,0.00161616,0.00149738,9.719356,10.925262,2023-08-01
22278,2023-07-28 11:14:00,19800.0,19607.7,14079450,4262750,39.25,209.95,163200,92150,0.193689,-0.774738,0.00135059,0.00129097,9.694816,11.085597,2023-08-01
27530,2023-07-28 11:14:00,19850.0,19607.7,3757950,519900,28.55,249.15,167050,9250,0.136393,-0.827465,0.00106495,0.00107301,9.790741,11.353103,2023-08-01
24906,2023-07-28 11:15:00,19350.0,19606.05,30450,1510100,300.85,22.6,100,80450,0.921491,-0.121164,0.00075903,0.00086033,9.209529,11.165375,2023-08-01
19653,2023-07-28 11:15:00,19400.0,19606.05,358100,4092700,260.45,30.5,8300,139200,0.863442,-0.167325,0.00107655,0.00108333,9.694953,11.027893,2023-08-01
14397,2023-07-28 11:15:00,19450.0,19606.05,157900,2659150,220.85,40.45,8950,98600,0.799737,-0.224474,0.0013669,0.00131413,9.77624,10.870458,2023-08-01
9140,2023-07-28 11:15:00,19500.0,19606.05,1316300,7187400,184.35,53.75,63200,362400,0.722759,-0.2947,0.00162302,0.00152291,9.844511,10.800757,2023-08-01
3880,2023-07-28 11:15:00,19550.0,19606.05,676550,2655300,150.95,70.45,65550,266000,0.635743,-0.374842,0.00181597,0.00168004,9.865273,10.763534,2023-08-01
1249,2023-07-28 11:15:00,19600.0,19606.05,4357250,8708750,121.15,90.95,412250,817800,0.541786,-0.461311,0.00191703,0.00175913,9.870938,10.765461,2023-08-01
6511,2023-07-28 11:15:00,19650.0,19606.05,4475550,3524400,94.85,114.5,322300,389850,0.445543,-0.549664,0.00191622,0.00176203,9.836962,10.714761,2023-08-01
11768,2023-07-28 11:15:00,19700.0,19606.05,8601850,4783800,72.6,142.2,322150,363750,0.352181,-0.635529,0.00180424,0.00167203,9.813417,10.716632,2023-08-01
17025,2023-07-28 11:15:00,19750.0,19606.05,3766050,976200,54.4,173.65,142650,76850,0.267269,-0.714407,0.00159908,0.00150876,9.811632,10.742805,2023-08-01
22279,2023-07-28 11:15:00,19800.0,19606.05,14079450,4262750,39.5,209.45,266000,111950,0.193492,-0.780939,0.00133854,0.00129321,9.777663,10.893315,2023-08-01
27531,2023-07-28 11:15:00,19850.0,19606.05,3757950,519900,28.75,248.25,129500,19450,0.136465,-0.835258,0.00105742,0.00106766,9.865663,11.077797,2023-08-01
24907,2023-07-28 11:16:00,19350.0,19600.25,30450,1510100,297.55,23.55,350,85650,0.908441,-0.126413,0.00081863,0.00088583,9.586088,11.175005,2023-08-01
19654,2023-07-28 11:16:00,19400.0,19600.25,358100,4092700,256.15,31.75,4550,190600,0.855077,-0.173998,0.00111175,0.00110968,9.778137,11.043182,2023-08-01
14398,2023-07-28 11:16:00,19450.0,19600.25,157900,2659150,216.25,42.0,11200,166100,0.792025,-0.232445,0.00140035,0.00133889,9.763691,10.884816,2023-08-01
9141,2023-07-28 11:16:00,19500.0,19600.25,1316300,7187400,180.35,55.8,67900,402550,0.713018,-0.304071,0.00164858,0.00154098,9.858119,10.8308,2023-08-01
3881,2023-07-28 11:16:00,19550.0,19600.25,676550,2655300,147.0,73.15,57400,307550,0.625472,-0.385173,0.00183805,0.001686,9.839337,10.81886,2023-08-01
1250,2023-07-28 11:16:00,19600.0,19600.25,4357250,8708750,117.8,94.0,314550,804100,0.530674,-0.471633,0.00192448,0.00175595,9.861515,10.812619,2023-08-01
6512,2023-07-28 11:16:00,19650.0,19600.25,4475550,3524400,91.8,118.05,248550,341350,0.434264,-0.559553,0.00191353,0.00174774,9.812006,10.7694,2023-08-01
11769,2023-07-28 11:16:00,19700.0,19600.25,8601850,4783800,70.15,146.3,347950,292250,0.341581,-0.64428,0.00178665,0.00164803,9.802329,10.786077,2023-08-01
17026,2023-07-28 11:16:00,19750.0,19600.25,3766050,976200,52.5,177.9,140450,60300,0.258072,-0.722233,0.00157114,0.00148275,9.81251,10.78986,2023-08-01
22280,2023-07-28 11:16:00,19800.0,19600.25,14079450,4262750,38.1,214.4,255650,82700,0.186126,-0.786421,0.0013057,0.00126423,9.790875,10.984962,2023-08-01
27532,2023-07-28 11:16:00,19850.0,19600.25,3757950,519900,27.75,252.95,110050,13050,0.130995,-0.840744,0.00102596,0.00104197,9.889964,11.107471,2023-08-01
24908,2023-07-28 11:17:00,19350.0,19592.45,30400,1528550,293.1,24.2,450,154100,0.891855,-0.131418,0.00088456,0.00091826,10.024162,11.079885,2023-08-01
19655,2023-07-28 11:17:00,19400.0,19592.45,365600,4128950,253.4,32.7,21250,402200,0.833401,-0.180884,0.00115569,0.00114687,10.31737,10.955321,2023-08-01
14399,2023-07-28 11:17:00,19450.0,19592.45,161850,2605650,213.7,43.35,13850,271050,0.771253,-0.241466,0.00141729,0.0013777,10.195892,10.807102,2023-08-01
9142,2023-07-28 11:17:00,19500.0,19592.45,1366100,7186750,178.0,57.25,137400,702950,0.693937,-0.314464,0.00164104,0.00158078,10.204841,10.719467,2023-08-01
3882,2023-07-28 11:17:00,19550.0,19592.45,703950,2669750,145.15,74.75,94700,515600,0.607833,-0.397122,0.0018067,0.00172404,10.153187,10.67664,2023-08-01
1251,2023-07-28 11:17:00,19600.0,19592.45,4478050,8770800,116.2,96.0,485950,1642500,0.515339,-0.485206,0.00187895,0.0017852,10.127798,10.660251,2023-08-01
6513,2023-07-28 11:17:00,19650.0,19592.45,4511050,3476350,90.6,120.6,436050,635200,0.421408,-0.574271,0.00185685,0.00176271,10.056259,10.615904,2023-08-01
11770,2023-07-28 11:17:00,19700.0,19592.45,8687400,4782950,68.95,149.15,661750,810550,0.330893,-0.659726,0.00173177,0.00165034,9.993278,10.601562,2023-08-01
17027,2023-07-28 11:17:00,19750.0,19592.45,3783800,967650,51.6,181.35,261650,150200,0.249826,-0.737416,0.00151817,0.0014681,9.988081,10.600548,2023-08-01
22281,2023-07-28 11:17:00,19800.0,19592.45,14186000,4256450,37.55,217.6,337900,153100,0.180399,-0.802615,0.00125861,0.00123998,9.965906,10.692491,2023-08-01
27533,2023-07-28 11:17:00,19850.0,19592.45,3783950,516550,27.25,257.2,156500,9200,0.126656,-0.854183,0.00098809,0.00100531,10.036695,10.863573,2023-08-01
24909,2023-07-28 11:18:00,19350.0,19587.8,30400,1528550,288.8,25.2,1750,188450,0.888881,-0.136537,0.00090689,0.00093975,9.972785,11.11821,2023-08-01
19656,2023-07-28 11:18:00,19400.0,19587.8,365600,4128950,249.1,33.85,19700,395050,0.829795,-0.186781,0.001181,0.00116776,10.239473,10.980047,2023-08-01
14400,2023-07-28 11:18:00,19450.0,19587.8,161850,2605650,209.8,44.9,10100,468750,0.765691,-0.248694,0.00144389,0.00139497,10.146248,10.847504,2023-08-01
9143,2023-07-28 11:18:00,19500.0,19587.8,1366100,7186750,173.7,59.35,101100,1170250,0.688306,-0.322825,0.00167473,0.00158914,10.082854,10.784965,2023-08-01
3883,2023-07-28 11:18:00,19550.0,19587.8,703950,2669750,141.45,77.3,135250,490650,0.600202,-0.405776,0.0018322,0.00172215,10.067524,10.751649,2023-08-01
1252,2023-07-28 11:18:00,19600.0,19587.8,4478050,8770800,112.9,98.8,601650,1537600,0.506611,-0.493526,0.00189525,0.00177606,10.049966,10.724512,2023-08-01
6514,2023-07-28 11:18:00,19650.0,19587.8,4511050,3476350,87.85,123.6,420700,583750,0.412247,-0.582058,0.00185925,0.00174807,9.997086,10.66627,2023-08-01
11771,2023-07-28 11:18:00,19700.0,19587.8,8687400,4782950,66.8,152.8,627450,579550,0.322241,-0.666112,0.00172004,0.00162585,9.956699,10.685848,2023-08-01
17028,2023-07-28 11:18:00,19750.0,19587.8,3783800,967650,49.9,185.2,341350,135250,0.242201,-0.742663,0.00149763,0.00144284,9.961248,10.677775,2023-08-01
22282,2023-07-28 11:18:00,19800.0,19587.8,14186000,4256450,36.1,221.95,464700,181350,0.173668,-0.805862,0.00123375,0.00121531,9.928608,10.80376,2023-08-01
27534,2023-07-28 11:18:00,19850.0,19587.8,3783950,516550,26.4,262.75,205250,17750,0.122248,-0.853165,0.00096361,0.00098712,10.043071,11.119087,2023-08-01
24910,2023-07-28 11:19:00,19350.0,19592.65,30400,1528550,293.5,24.3,250,149350,0.891095,-0.131673,0.00088538,0.00091779,10.066938,11.102141,2023-08-01
19657,2023-07-28 11:19:00,19400.0,19592.65,365600,4128950,252.05,32.7,7400,257500,0.838741,-0.180765,0.00115596,0.00114588,10.100744,10.962019,2023-08-01
14401,2023-07-28 11:19:00,19450.0,19592.65,161850,2605650,212.55,43.4,9550,324350,0.775099,-0.241427,0.00142647,0.0013761,10.035339,10.820422,2023-08-01
9144,2023-07-28 11:19:00,19500.0,19592.65,1366100,7186750,177.4,57.7,80650,684800,0.695666,-0.315021,0.00165015,0.00157381,10.124612,10.776794,2023-08-01
3884,2023-07-28 11:19:00,19550.0,19592.65,703950,2669750,144.85,75.0,73450,421800,0.608623,-0.39708,0.00181346,0.00171871,10.111214,10.711099,2023-08-01
1253,2023-07-28 11:19:00,19600.0,19592.65,4478050,8770800,115.65,96.35,366850,1053500,0.51578,-0.484899,0.00189104,0.00177799,10.064192,10.704802,2023-08-01
6515,2023-07-28 11:19:00,19650.0,19592.65,4511050,3476350,90.4,120.75,304900,384250,0.421533,-0.573749,0.00186235,0.00175909,10.028797,10.642026,2023-08-01
11772,2023-07-28 11:19:00,19700.0,19592.65,8687400,4782950,69.0,149.9,431400,433900,0.331182,-0.658133,0.00173289,0.0016397,9.991866,10.691046,2023-08-01
17029,2023-07-28 11:19:00,19750.0,19592.65,3783800,967650,51.6,181.7,244450,80400,0.249964,-0.736108,0.00151971,0.00146468,9.982493,10.653941,2023-08-01
22283,2023-07-28 11:19:00,19800.0,19592.65,14186000,4256450,37.7,217.95,633000,134500,0.180938,-0.801073,0.00125943,0.00123906,9.979614,10.752525,2023-08-01
27535,2023-07-28 11:19:00,19850.0,19592.65,3783950,516550,27.4,257.9,145850,9200,0.12722,-0.851437,0.00098961,0.00100737,10.053904,10.97945,2023-08-01
24911,2023-07-28 11:20:00,19350.0,19599.45,30900,1528100,295.0,23.4,1150,109650,0.916165,-0.12615,0.00079714,0.00088828,9.221399,11.132123,2023-08-01
19658,2023-07-28 11:20:00,19400.0,19599.45,367550,4261200,256.15,31.55,16200,189150,0.851697,-0.173774,0.00111749,0.00111406,9.883348,10.994813,2023-08-01
14402,2023-07-28 11:20:00,19450.0,19599.45,162350,2773750,215.8,41.85,8550,174850,0.790372,-0.232625,0.00140379,0.00134506,9.788998,10.84358,2023-08-01
9145,2023-07-28 11:20:00,19500.0,19599.45,1424600,7067250,179.95,55.75,91800,458050,0.711329,-0.304757,0.0016501,0.00154757,9.880046,10.799496,2023-08-01
3885,2023-07-28 11:20:00,19550.0,19599.45,760550,2749850,146.9,72.7,125450,331300,0.623489,-0.385756,0.00183333,0.00169928,9.884723,10.743046,2023-08-01
1254,2023-07-28 11:20:00,19600.0,19599.45,4655550,8822550,117.5,93.5,372350,950350,0.52908,-0.472874,0.0019224,0.00177065,9.878819,10.729172,2023-08-01
6516,2023-07-28 11:20:00,19650.0,19599.45,4529700,3341450,91.95,117.9,313400,323200,0.433087,-0.561318,0.00190259,0.00175605,9.867172,10.715158,2023-08-01
11773,2023-07-28 11:20:00,19700.0,19599.45,8626050,4637400,70.15,146.25,380700,338200,0.340638,-0.646349,0.00177906,0.00165313,9.837467,10.734538,2023-08-01
17030,2023-07-28 11:20:00,19750.0,19599.45,4147500,949050,52.25,178.0,782650,55800,0.25681,-0.724341,0.00156715,0.00148393,9.81617,10.745154,2023-08-01
22284,2023-07-28 11:20:00,19800.0,19599.45,13990650,4287450,38.2,213.9,389100,121100,0.185972,-0.790212,0.00130023,0.0012659,9.83069,10.860111,2023-08-01
27536,2023-07-28 11:20:00,19850.0,19599.45,3760950,520800,27.7,253.2,155150,5750,0.130522,-0.842715,0.00102193,0.00103831,9.907915,11.060054,2023-08-01
24912,2023-07-28 11:21:00,19350.0,19603.8,30900,1528100,298.35,23.4,100,73200,0.922054,-0.124646,0.00076342,0.000872,9.11226,11.243871,2023-08-01
19659,2023-07-28 11:21:00,19400.0,19603.8,367550,4261200,257.45,31.45,26500,176100,0.865352,-0.171289,0.00108609,0.00109297,9.523293,11.102997,2023-08-01
14403,2023-07-28 11:21:00,19450.0,19603.8,162350,2773750,217.2,41.65,11000,96600,0.80266,-0.22904,0.0013906,0.00131986,9.53072,10.953655,2023-08-01
9146,2023-07-28 11:21:00,19500.0,19603.8,1424600,7067250,181.1,55.55,67900,416200,0.722823,-0.300161,0.00165483,0.00151881,9.660134,10.927808,2023-08-01
3886,2023-07-28 11:21:00,19550.0,19603.8,760550,2749850,148.25,72.4,86550,392550,0.633288,-0.379826,0.00184496,0.00166964,9.738015,10.88171,2023-08-01
1255,2023-07-28 11:21:00,19600.0,19603.8,4655550,8822550,118.75,93.35,451200,786100,0.537827,-0.465673,0.00194141,0.00173901,9.76268,10.907655,2023-08-01
6517,2023-07-28 11:21:00,19650.0,19603.8,4529700,3341450,93.0,117.55,276850,290450,0.440724,-0.552678,0.00192789,0.00173091,9.76637,10.903437,2023-08-01
11774,2023-07-28 11:21:00,19700.0,19603.8,8626050,4637400,71.1,145.7,388650,235850,0.347188,-0.636577,0.00180617,0.00163752,9.758017,10.93855,2023-08-01
17031,2023-07-28 11:21:00,19750.0,19603.8,4147500,949050,53.0,177.65,288050,41400,0.26211,-0.713005,0.0015952,0.00147598,9.744476,11.013709,2023-08-01
22285,2023-07-28 11:21:00,19800.0,19603.8,13990650,4287450,38.7,213.0,525050,75200,0.189821,-0.779194,0.00132667,0.00127349,9.756028,11.119323,2023-08-01
27537,2023-07-28 11:21:00,19850.0,19603.8,3760950,520800,28.05,251.9,119250,6050,0.133232,-0.832361,0.00104397,0.00105673,9.835819,11.32609,2023-08-01
24913,2023-07-28 11:22:00,19350.0,19606.05,30900,1528100,301.4,22.7,100,114400,0.918814,-0.121469,0.00076858,0.00086078,9.334118,11.185782,2023-08-01
19660,2023-07-28 11:22:00,19400.0,19606.05,367550,4261200,258.1,30.65,9900,178700,0.872832,-0.167744,0.0010665,0.00108326,9.322338,11.052865,2023-08-01
14404,2023-07-28 11:22:00,19450.0,19606.05,162350,2773750,218.8,40.55,19300,149500,0.806302,-0.224693,0.00137792,0.0013137,9.509912,10.88642,2023-08-01
9147,2023-07-28 11:22:00,19500.0,19606.05,1424600,7067250,181.95,54.3,95850,497800,0.728337,-0.295711,0.00165336,0.00151707,9.572965,10.865759,2023-08-01
3887,2023-07-28 11:22:00,19550.0,19606.05,760550,2749850,148.75,70.9,84950,343750,0.638742,-0.375342,0.00185433,0.00167395,9.639669,10.813501,2023-08-01
1256,2023-07-28 11:22:00,19600.0,19606.05,4655550,8822550,119.1,91.65,544550,1029100,0.542546,-0.461548,0.0019572,0.00174845,9.672009,10.838137,2023-08-01
6518,2023-07-28 11:22:00,19650.0,19606.05,4529700,3341450,93.45,115.6,354000,393050,0.44468,-0.549171,0.00194296,0.00174523,9.704334,10.825851,2023-08-01
11775,2023-07-28 11:22:00,19700.0,19606.05,8626050,4637400,71.35,143.35,496050,305100,0.350253,-0.634165,0.00182429,0.0016568,9.691944,10.834965,2023-08-01
17032,2023-07-28 11:22:00,19750.0,19606.05,4147500,949050,53.2,175.35,476600,45900,0.264445,-0.711249,0.00161196,0.00149212,9.686612,10.92569,2023-08-01
22286,2023-07-28 11:22:00,19800.0,19606.05,13990650,4287450,39.0,211.25,525500,75200,0.19196,-0.776684,0.00134044,0.00128361,9.722134,11.10276,2023-08-01
27538,2023-07-28 11:22:00,19850.0,19606.05,3760950,520800,28.35,250.9,159050,8800,0.135058,-0.828025,0.00105599,0.00106552,9.814892,11.417779,2023-08-01
24914,2023-07-28 11:23:00,19350.0,19603.85,30900,1537150,301.4,22.95,0,36500,0.917125,-0.123067,0.00078074,0.00086996,9.334118,11.171965,2023-08-01
19661,2023-07-28 11:23:00,19400.0,19603.85,387350,4279700,258.6,30.8,3000,150850,0.861046,-0.169272,0.00108956,0.00109369,9.701089,11.013577,2023-08-01
14405,2023-07-28 11:23:00,19450.0,19603.85,158800,2789850,218.6,41.05,9600,76400,0.798356,-0.227485,0.0013826,0.00132372,9.712711,10.881793,2023-08-01
9148,2023-07-28 11:23:00,19500.0,19603.85,1425300,7053300,182.25,54.8,33550,252300,0.720342,-0.298734,0.00164025,0.00152709,9.790004,10.84686,2023-08-01
3888,2023-07-28 11:23:00,19550.0,19603.85,781500,2724900,149.3,71.7,47550,160500,0.632024,-0.37901,0.00182706,0.00167956,9.846228,10.812086,2023-08-01
1257,2023-07-28 11:23:00,19600.0,19603.85,4710850,8945150,119.2,92.45,182050,446600,0.537771,-0.465352,0.00193314,0.00175304,9.806179,10.821376,2023-08-01
6519,2023-07-28 11:23:00,19650.0,19603.85,4573950,3300200,93.45,116.4,151500,181900,0.441078,-0.553188,0.00191994,0.0017485,9.809744,10.793646,2023-08-01
11776,2023-07-28 11:23:00,19700.0,19603.85,8752400,4587700,71.3,144.55,202450,165850,0.347544,-0.637927,0.00180352,0.00165266,9.777644,10.826456,2023-08-01
17033,2023-07-28 11:23:00,19750.0,19603.85,4739500,951400,53.15,176.05,592750,26350,0.26249,-0.715955,0.00159405,0.00149147,9.760348,10.847697,2023-08-01
22287,2023-07-28 11:23:00,19800.0,19603.85,13419550,4309900,39.0,212.6,627650,53600,0.190729,-0.78004,0.00132589,0.00127565,9.792085,11.077916,2023-08-01
27539,2023-07-28 11:23:00,19850.0,19603.85,3735600,518900,28.3,250.65,134100,12700,0.134091,-0.835727,0.00104507,0.00105762,9.870581,11.17107,2023-08-01
24915,2023-07-28 11:24:00,19350.0,19601.2,30900,1537150,298.2,23.45,50,57200,0.909959,-0.12569,0.00081134,0.00088187,9.55889,11.187229,2023-08-01
19662,2023-07-28 11:24:00,19400.0,19601.2,387350,4279700,256.2,31.4,7550,93050,0.858875,-0.172413,0.00110467,0.00110574,9.671841,11.024844,2023-08-01
14406,2023-07-28 11:24:00,19450.0,19601.2,158800,2789850,216.9,41.7,5600,77100,0.793564,-0.23098,0.00139558,0.00133545,9.760112,10.881174,2023-08-01
9149,2023-07-28 11:24:00,19500.0,19601.2,1425300,7053300,180.65,55.7,41100,268200,0.715357,-0.302937,0.00164911,0.00153574,9.822735,10.85636,2023-08-01
3889,2023-07-28 11:24:00,19550.0,19601.2,781500,2724900,148.0,72.75,83700,207450,0.626684,-0.383527,0.00182839,0.00168499,9.887239,10.818306,2023-08-01
1258,2023-07-28 11:24:00,19600.0,19601.2,4710850,8945150,118.35,93.65,253650,614600,0.53246,-0.470008,0.00192338,0.00175472,9.869738,10.823674,2023-08-01
6520,2023-07-28 11:24:00,19650.0,19601.2,4573950,3300200,92.6,117.5,171800,220050,0.436275,-0.557979,0.00190853,0.0017502,9.851981,10.767235,2023-08-01
11777,2023-07-28 11:24:00,19700.0,19601.2,8752400,4587700,70.75,145.9,196450,195700,0.34358,-0.642585,0.00178658,0.00164883,9.830433,10.805522,2023-08-01
17034,2023-07-28 11:24:00,19750.0,19601.2,4739500,951400,52.8,177.5,111950,42200,0.259494,-0.720484,0.00157585,0.00148449,9.817083,10.816892,2023-08-01
22288,2023-07-28 11:24:00,19800.0,19601.2,13419550,4309900,38.6,213.7,153300,44100,0.188082,-0.785388,0.00131009,0.0012685,9.82742,10.985487,2023-08-01
27540,2023-07-28 11:24:00,19850.0,19601.2,3735600,518900,28.05,251.75,96250,6250,0.132298,-0.841233,0.00103146,0.00104605,9.910765,11.048757,2023-08-01
24916,2023-07-28 11:25:00,19350.0,19598.1,30900,1537150,298.2,23.85,0,81650,0.907434,-0.128138,0.00082835,0.00089511,9.55889,11.173448,2023-08-01
19663,2023-07-28 11:25:00,19400.0,19598.1,387350,4279700,254.55,32.15,4500,146300,0.851943,-0.176241,0.00112463,0.00111969,9.814409,11.043178,2023-08-01
14407,2023-07-28 11:25:00,19450.0,19598.1,158800,2789850,216.1,42.55,1850,90550,0.784477,-0.235305,0.00140214,0.0013485,9.965342,10.890109,2023-08-01
9150,2023-07-28 11:25:00,19500.0,19598.1,1425300,7053300,179.75,56.75,42850,291700,0.707503,-0.307853,0.00164631,0.00154578,9.968822,10.865714,2023-08-01
3890,2023-07-28 11:25:00,19550.0,19598.1,781500,2724900,147.0,74.1,51100,296600,0.619872,-0.388933,0.00182073,0.00168942,9.987359,10.836724,2023-08-01
1259,2023-07-28 11:25:00,19600.0,19598.1,4710850,8945150,117.6,95.0,226800,853600,0.526274,-0.475446,0.00190733,0.00175743,9.966589,10.819684,2023-08-01
6521,2023-07-28 11:25:00,19650.0,19598.1,4573950,3300200,92.05,119.3,180350,265650,0.431029,-0.563295,0.00188716,0.00174406,9.943763,10.785524,2023-08-01
11778,2023-07-28 11:25:00,19700.0,19598.1,8752400,4587700,70.2,148.0,211900,204700,0.33915,-0.647341,0.00176562,0.00163736,9.900539,10.832303,2023-08-01
17035,2023-07-28 11:25:00,19750.0,19598.1,4739500,951400,52.4,179.3,93550,48700,0.25606,-0.725588,0.00155484,0.00147514,9.883591,10.790332,2023-08-01
22289,2023-07-28 11:25:00,19800.0,19598.1,13419550,4309900,38.35,216.1,149050,64750,0.18567,-0.788904,0.00129118,0.00125441,9.894445,11.005024,2023-08-01
27541,2023-07-28 11:25:00,19850.0,19598.1,3735600,518900,27.95,255.45,68800,7200,0.130879,-0.840739,0.00101653,0.00103254,9.984162,11.218749,2023-08-01
24917,2023-07-28 11:26:00,19350.0,19605.2,30900,1538950,298.05,22.95,200,88950,0.93079,-0.122594,0.0007243,0.00086499,8.772965,11.207903,2023-08-01
19664,2023-07-28 11:26:00,19400.0,19605.2,389400,4312500,260.0,30.85,5050,137500,0.861432,-0.168747,0.00108253,0.00108715,9.747332,11.059755,2023-08-01
14408,2023-07-28 11:26:00,19450.0,19605.2,159350,2807450,220.0,40.95,5300,130350,0.799098,-0.226278,0.00137289,0.0013163,9.761589,10.912261,2023-08-01
9151,2023-07-28 11:26:00,19500.0,19605.2,1430700,7147300,184.0,54.3,45800,322500,0.720751,-0.296505,0.00162391,0.00152331,9.883271,10.838647,2023-08-01
3891,2023-07-28 11:26:00,19550.0,19605.2,826050,2832600,150.15,71.0,63000,285800,0.634492,-0.376525,0.00182312,0.00167941,9.847294,10.793009,2023-08-01
1260,2023-07-28 11:26:00,19600.0,19605.2,4815050,9246050,120.75,91.45,299100,803100,0.540079,-0.462875,0.00191656,0.00175865,9.887211,10.78274,2023-08-01
6522,2023-07-28 11:26:00,19650.0,19605.2,4584700,3363400,94.75,115.05,215050,288400,0.444044,-0.551178,0.00190953,0.00176029,9.875704,10.730465,2023-08-01
11779,2023-07-28 11:26:00,19700.0,19605.2,8780200,4689200,72.35,143.0,258250,259950,0.350725,-0.636681,0.00180008,0.00166646,9.830804,10.751252,2023-08-01
17036,2023-07-28 11:26:00,19750.0,19605.2,4932850,969050,54.1,175.3,131450,58350,0.265796,-0.713723,0.00159525,0.00149521,9.817186,10.862924,2023-08-01
22290,2023-07-28 11:26:00,19800.0,19605.2,13397650,4314900,39.65,210.1,200300,66800,0.193382,-0.782111,0.00133224,0.0012895,9.829915,10.901443,2023-08-01
27542,2023-07-28 11:26:00,19850.0,19605.2,3712800,518600,28.75,249.65,84050,4300,0.136085,-0.834243,0.00105308,0.00106346,9.896954,11.176598,2023-08-01
24918,2023-07-28 11:27:00,19350.0,19612.65,30900,1538950,308.0,21.7,1450,159900,0.920417,-0.115803,0.00074461,0.00083225,9.491221,11.186126,2023-08-01
19665,2023-07-28 11:27:00,19400.0,19612.65,389400,4312500,267.1,29.2,24600,254100,0.865994,-0.160082,0.00104279,0.00105328,9.886693,11.028616,2023-08-01
14409,2023-07-28 11:27:00,19450.0,19612.65,159350,2807450,225.55,38.75,15250,208700,0.810074,-0.215539,0.00133146,0.00128567,9.724739,10.862377,2023-08-01
9152,2023-07-28 11:27:00,19500.0,19612.65,1430700,7147300,189.0,51.6,106700,507500,0.733512,-0.284343,0.00159237,0.00150044,9.844958,10.786948,2023-08-01
3892,2023-07-28 11:27:00,19550.0,19612.65,826050,2832600,155.0,67.5,129300,403600,0.647922,-0.36313,0.00179811,0.00167168,9.852367,10.71261,2023-08-01
1261,2023-07-28 11:27:00,19600.0,19612.65,4815050,9246050,124.3,87.35,667100,1322250,0.554671,-0.449441,0.00192082,0.00176538,9.819168,10.698476,2023-08-01
6523,2023-07-28 11:27:00,19650.0,19612.65,4584700,3363400,97.8,110.6,490200,418350,0.45802,-0.538305,0.00192867,0.00177687,9.817355,10.665991,2023-08-01
11780,2023-07-28 11:27:00,19700.0,19612.65,8780200,4689200,74.9,137.8,504850,410350,0.363507,-0.625229,0.00183178,0.00169672,9.779754,10.664132,2023-08-01
17037,2023-07-28 11:27:00,19750.0,19612.65,4932850,969050,55.95,168.8,244300,107050,0.276362,-0.705585,0.00163765,0.00153938,9.747875,10.687446,2023-08-01
22291,2023-07-28 11:27:00,19800.0,19612.65,13397650,4314900,41.05,204.0,328100,116350,0.201749,-0.774327,0.00137612,0.00132629,9.760408,10.810515,2023-08-01
27543,2023-07-28 11:27:00,19850.0,19612.65,3712800,518600,29.65,242.5,123150,22600,0.141893,-0.830295,0.00109285,0.00109753,9.809168,10.991814,2023-08-01
24919,2023-07-28 11:28:00,19350.0,19611.4,30900,1538950,307.25,21.9,1350,115900,0.917809,-0.116897,0.00075692,0.0008377,9.568309,11.189375,2023-08-01
19666,2023-07-28 11:28:00,19400.0,19611.4,389400,4312500,265.75,29.35,6850,158350,0.865841,-0.161127,0.00104879,0.00105906,9.839369,11.016706,2023-08-01
14410,2023-07-28 11:28:00,19450.0,19611.4,159350,2807450,225.35,38.8,4150,195100,0.805873,-0.216491,0.00133503,0.00129281,9.830917,10.83157,2023-08-01
9153,2023-07-28 11:28:00,19500.0,19611.4,1430700,7147300,187.45,52.0,58600,410300,0.733062,-0.286278,0.00160618,0.00150498,9.770109,10.790834,2023-08-01
3893,2023-07-28 11:28:00,19550.0,19611.4,826050,2832600,153.65,68.0,123450,231100,0.646451,-0.36528,0.00181137,0.00167439,9.796295,10.718171,2023-08-01
1262,2023-07-28 11:28:00,19600.0,19611.4,4815050,9246050,123.2,87.9,502600,873050,0.552451,-0.451656,0.00192993,0.00176662,9.78169,10.699976,2023-08-01
6524,2023-07-28 11:28:00,19650.0,19611.4,4584700,3363400,96.25,111.0,352000,278350,0.45515,-0.540627,0.00194544,0.00177982,9.726501,10.643755,2023-08-01
11781,2023-07-28 11:28:00,19700.0,19611.4,8780200,4689200,73.85,138.7,448350,303600,0.360463,-0.627145,0.0018367,0.0016913,9.727089,10.682441,2023-08-01
17038,2023-07-28 11:28:00,19750.0,19611.4,4932850,969050,55.05,169.4,191800,66600,0.273243,-0.707915,0.0016372,0.00153706,9.697558,10.6658,2023-08-01
22292,2023-07-28 11:28:00,19800.0,19611.4,13397650,4314900,40.3,204.6,277850,107250,0.198825,-0.7767,0.00137109,0.00132254,9.712063,10.777942,2023-08-01
27544,2023-07-28 11:28:00,19850.0,19611.4,3712800,518600,29.15,243.3,106250,6600,0.13972,-0.832121,0.00108514,0.00109202,9.777364,10.972322,2023-08-01
24920,2023-07-28 11:29:00,19350.0,19607.45,30600,1553100,303.15,22.4,50,102100,0.917473,-0.119919,0.00076918,0.00085431,9.447539,11.174804,2023-08-01
19667,2023-07-28 11:29:00,19400.0,19607.45,401950,4281950,261.0,30.2,15100,55600,0.867272,-0.165639,0.00106624,0.00107714,9.609898,11.031015,2023-08-01
14411,2023-07-28 11:29:00,19450.0,19607.45,160750,2796900,220.2,40.15,3500,70750,0.807184,-0.222671,0.00136805,0.00130809,9.556773,10.882586,2023-08-01
9154,2023-07-28 11:29:00,19500.0,19607.45,1414550,7108750,184.2,53.3,44750,192050,0.727636,-0.292474,0.0016307,0.0015187,9.723462,10.804561,2023-08-01
3894,2023-07-28 11:29:00,19550.0,19607.45,830400,2821500,150.6,69.9,64050,167650,0.639958,-0.372444,0.0018331,0.00167799,9.74505,10.766497,2023-08-01
1263,2023-07-28 11:29:00,19600.0,19607.45,4829850,8855650,120.2,90.0,218550,474000,0.545125,-0.458774,0.00194957,0.00176437,9.707874,10.738314,2023-08-01
6525,2023-07-28 11:29:00,19650.0,19607.45,4570850,3284900,93.8,113.75,200850,172050,0.447175,-0.547304,0.00195115,0.00176483,9.676843,10.71726,2023-08-01
11782,2023-07-28 11:29:00,19700.0,19607.45,8778650,4640700,71.7,141.5,195150,147350,0.352437,-0.633185,0.0018326,0.00167476,9.674654,10.733791,2023-08-01
17039,2023-07-28 11:29:00,19750.0,19607.45,4905250,921900,53.35,172.65,117550,18150,0.26593,-0.712649,0.00162226,0.00151543,9.657483,10.738465,2023-08-01
22293,2023-07-28 11:29:00,19800.0,19607.45,13426150,4298050,39.05,208.85,144850,38200,0.192849,-0.778372,0.00134957,0.00129732,9.688607,10.943598,2023-08-01
27545,2023-07-28 11:29:00,19850.0,19607.45,3712900,515350,28.2,248.0,67650,4200,0.135005,-0.831684,0.00106228,0.00107318,9.759172,11.186821,2023-08-01
24921,2023-07-28 11:30:00,19350.0,19603.8,30600,1553100,298.2,23.2,150,77450,0.922671,-0.123904,0.00076118,0.00087119,9.090989,11.215753,2023-08-01
19668,2023-07-28 11:30:00,19400.0,19603.8,401950,4281950,256.45,31.35,5300,93350,0.869316,-0.170932,0.00108203,0.00109326,9.37128,11.093576,2023-08-01
14412,2023-07-28 11:30:00,19450.0,19603.8,160750,2796900,216.05,41.65,3100,101100,0.806408,-0.228994,0.00139686,0.00132016,9.385169,10.958162,2023-08-01
9155,2023-07-28 11:30:00,19500.0,19603.8,1414550,7108750,180.45,55.4,43550,297000,0.724299,-0.299859,0.00166334,0.00152097,9.592731,10.915459,2023-08-01
3895,2023-07-28 11:30:00,19550.0,19603.8,830400,2821500,147.5,72.15,40050,222600,0.63426,-0.379555,0.00185836,0.00167387,9.666509,10.860015,2023-08-01
1264,2023-07-28 11:30:00,19600.0,19603.8,4829850,8855650,117.7,93.05,300550,658350,0.538149,-0.465618,0.00196236,0.00174441,9.664937,10.881881,2023-08-01
6526,2023-07-28 11:30:00,19650.0,19603.8,4570850,3284900,91.75,117.2,241950,242650,0.439873,-0.552919,0.00195201,0.00173695,9.649798,10.872779,2023-08-01
11783,2023-07-28 11:30:00,19700.0,19603.8,8778650,4640700,69.95,145.25,247600,208950,0.345334,-0.637234,0.00182457,0.00164403,9.647664,10.896745,2023-08-01
17040,2023-07-28 11:30:00,19750.0,19603.8,4905250,921900,52.05,177.4,142200,52050,0.259795,-0.713599,0.00160515,0.00147878,9.64723,10.990346,2023-08-01
22294,2023-07-28 11:30:00,19800.0,19603.8,13426150,4298050,38.2,213.6,170100,54500,0.188255,-0.777901,0.00132836,0.00127048,9.701365,11.191308,2023-08-01
27546,2023-07-28 11:30:00,19850.0,19603.8,3712900,515350,27.6,252.55,62750,11450,0.131626,-0.830729,0.0010421,0.00105617,9.77875,11.411511,2023-08-01
24922,2023-07-28 11:31:00,19350.0,19603.35,30600,1553100,299.95,23.1,50,46450,0.912271,-0.123705,0.00079789,0.00087245,9.538008,11.188306,2023-08-01
19669,2023-07-28 11:31:00,19400.0,19603.35,401950,4281950,257.5,31.0,5100,64050,0.863092,-0.170083,0.00109053,0.00109596,9.601512,11.0321,2023-08-01
14413,2023-07-28 11:31:00,19450.0,19603.35,160750,2796900,218.35,41.3,4250,82900,0.797181,-0.228425,0.00138473,0.00132532,9.738309,10.901433,2023-08-01
9156,2023-07-28 11:31:00,19500.0,19603.35,1414550,7108750,182.0,54.85,45450,225700,0.719247,-0.299281,0.00164133,0.00153051,9.808895,10.839128,2023-08-01
3896,2023-07-28 11:31:00,19550.0,19603.35,830400,2821500,148.3,71.75,35450,150500,0.631968,-0.3797,0.00184055,0.00168329,9.781325,10.801611,2023-08-01
1265,2023-07-28 11:31:00,19600.0,19603.35,4829850,8855650,119.05,92.3,179500,493850,0.536725,-0.466153,0.00193121,0.00175999,9.825228,10.787952,2023-08-01
6527,2023-07-28 11:31:00,19650.0,19603.35,4570850,3284900,93.0,116.35,157500,163500,0.439943,-0.554281,0.00192334,0.00175344,9.794952,10.766628,2023-08-01
11784,2023-07-28 11:31:00,19700.0,19603.35,8778650,4640700,71.0,144.5,178350,163300,0.346441,-0.639278,0.00180346,0.00165652,9.773245,10.79487,2023-08-01
17041,2023-07-28 11:31:00,19750.0,19603.35,4905250,921900,52.75,176.75,90150,22950,0.261083,-0.716088,0.00159407,0.00148635,9.740101,10.890146,2023-08-01
22295,2023-07-28 11:31:00,19800.0,19603.35,13426150,4298050,38.75,212.0,121150,49800,0.189654,-0.783148,0.00132345,0.00127863,9.78288,10.969502,2023-08-01
27547,2023-07-28 11:31:00,19850.0,19603.35,3712900,515350,28.05,251.1,46850,8250,0.133008,-0.83621,0.00104162,0.00105534,9.855043,11.18153,2023-08-01
24923,2023-07-28 11:32:00,19350.0,19605.4,30800,1546000,298.0,23.05,650,24000,0.932042,-0.122835,0.00071826,0.00086468,8.727193,11.232785,2023-08-01
19670,2023-07-28 11:32:00,19400.0,19605.4,407300,4280000,257.8,31.1,3550,49900,0.871015,-0.169376,0.0010721,0.00108595,9.373596,11.103884,2023-08-01
14414,2023-07-28 11:32:00,19450.0,19605.4,163050,2820450,217.3,41.25,3300,63900,0.808648,-0.226868,0.00138696,0.00131329,9.385919,10.958718,2023-08-01
9157,2023-07-28 11:32:00,19500.0,19605.4,1430800,7159250,181.25,54.9,20300,151700,0.727771,-0.297409,0.00165974,0.00151543,9.554323,10.915518,2023-08-01
3897,2023-07-28 11:32:00,19550.0,19605.4,855400,2852950,148.15,71.75,41350,124550,0.637747,-0.377094,0.00185985,0.00166738,9.628478,10.881345,2023-08-01
1266,2023-07-28 11:32:00,19600.0,19605.4,4879950,9175650,118.55,92.45,148450,277150,0.541298,-0.462866,0.00196171,0.0017416,9.661322,10.893609,2023-08-01
6528,2023-07-28 11:32:00,19650.0,19605.4,4633800,3339000,92.65,116.35,129150,123800,0.443067,-0.550165,0.00195167,0.00173894,9.663811,10.871028,2023-08-01
11785,2023-07-28 11:32:00,19700.0,19605.4,8850000,4682000,70.7,144.55,151750,91650,0.348409,-0.634329,0.00182843,0.00164487,9.659745,10.921383,2023-08-01
17042,2023-07-28 11:32:00,19750.0,19605.4,4967100,933650,52.5,176.55,91700,17000,0.262183,-0.710893,0.00161396,0.00148262,9.640633,11.011629,2023-08-01
22296,2023-07-28 11:32:00,19800.0,19605.4,13445750,4320050,38.4,212.2,87800,20600,0.189728,-0.776513,0.00133826,0.00127846,9.676727,11.161945,2023-08-01
27548,2023-07-28 11:32:00,19850.0,19605.4,3720900,511650,27.75,251.25,44050,20900,0.132697,-0.829282,0.00105046,0.00106291,9.756178,11.402087,2023-08-01
24924,2023-07-28 11:33:00,19350.0,19603.45,30800,1546000,296.85,23.35,50,27650,0.92749,-0.124519,0.00074319,0.0008731,8.867406,11.233148,2023-08-01
19671,2023-07-28 11:33:00,19400.0,19603.45,407300,4280000,256.1,31.5,3150,122400,0.869137,-0.171541,0.00108403,0.00109476,9.365374,11.106501,2023-08-01
14415,2023-07-28 11:33:00,19450.0,19603.45,163050,2820450,216.4,41.9,3000,52450,0.80382,-0.229847,0.00139571,0.00132066,9.471586,10.979819,2023-08-01
9158,2023-07-28 11:33:00,19500.0,19603.45,1430800,7159250,180.0,55.75,27550,172000,0.724172,-0.300821,0.00166774,0.00151963,9.572169,10.943873,2023-08-01
3898,2023-07-28 11:33:00,19550.0,19603.45,855400,2852950,147.0,72.85,20550,120200,0.633971,-0.380742,0.00186448,0.00166665,9.63993,10.920328,2023-08-01
1267,2023-07-28 11:33:00,19600.0,19603.45,4879950,9175650,117.5,93.85,201550,374150,0.53745,-0.466408,0.00196283,0.00173476,9.666853,10.947237,2023-08-01
6529,2023-07-28 11:33:00,19650.0,19603.45,4633800,3339000,91.65,117.85,135100,145200,0.439219,-0.553303,0.00195024,0.00172963,9.658689,10.920257,2023-08-01
11786,2023-07-28 11:33:00,19700.0,19603.45,8850000,4682000,70.0,146.4,177700,98900,0.344979,-0.636657,0.00182032,0.00163093,9.669081,10.993116,2023-08-01
17043,2023-07-28 11:33:00,19750.0,19603.45,4967100,933650,51.9,177.95,108050,15450,0.259127,-0.713549,0.00160376,0.00147457,9.645323,11.025586,2023-08-01
22297,2023-07-28 11:33:00,19800.0,19603.45,13445750,4320050,38.15,214.1,114350,32050,0.187892,-0.777796,0.00132619,0.00126779,9.708243,11.221124,2023-08-01
27549,2023-07-28 11:33:00,19850.0,19603.45,3720900,511650,27.5,253.0,73950,4300,0.131137,-0.830652,0.00103995,0.00105453,9.776474,11.435602,2023-08-01
24925,2023-07-28 11:34:00,19350.0,19605.45,30800,1546000,296.2,23.15,200,34900,0.941971,-0.12315,0.00066942,0.00086492,8.281118,11.251692,2023-08-01
19672,2023-07-28 11:34:00,19400.0,19605.45,407300,4280000,257.8,31.2,500,86450,0.871225,-0.169643,0.00107162,0.00108561,9.368757,11.12048,2023-08-01
14416,2023-07-28 11:34:00,19450.0,19605.45,163050,2820450,217.6,41.4,1750,71100,0.807824,-0.2272,0.00138538,0.00131206,9.422949,10.979903,2023-08-01
9159,2023-07-28 11:34:00,19500.0,19605.45,1430800,7159250,181.9,54.95,14250,219200,0.726378,-0.297447,0.00165161,0.00151462,9.627269,10.923794,2023-08-01
3899,2023-07-28 11:34:00,19550.0,19605.45,855400,2852950,148.05,71.95,18550,125600,0.638017,-0.377247,0.00186206,0.00166425,9.616149,10.904964,2023-08-01
1268,2023-07-28 11:34:00,19600.0,19605.45,4879950,9175650,118.85,92.3,94900,281000,0.541283,-0.462747,0.00195625,0.00174373,9.68992,10.881786,2023-08-01
6530,2023-07-28 11:34:00,19650.0,19605.45,4633800,3339000,92.8,116.3,67150,124200,0.443231,-0.550104,0.00194932,0.00173951,9.677639,10.869477,2023-08-01
11787,2023-07-28 11:34:00,19700.0,19605.45,8850000,4682000,70.8,144.3,79650,85550,0.348612,-0.634539,0.00182733,0.00164806,9.66922,10.899948,2023-08-01
17044,2023-07-28 11:34:00,19750.0,19605.45,4967100,933650,52.7,176.5,52150,9700,0.262685,-0.710878,0.00161225,0.00148305,9.661924,11.010496,2023-08-01
22298,2023-07-28 11:34:00,19800.0,19605.45,13445750,4320050,38.55,212.85,75700,19950,0.190194,-0.774862,0.00133803,0.00127497,9.694638,11.241265,2023-08-01
27550,2023-07-28 11:34:00,19850.0,19605.45,3720900,511650,27.8,251.3,47050,1900,0.132875,-0.829023,0.00105086,0.00106303,9.763069,11.413832,2023-08-01
24926,2023-07-28 11:35:00,19350.0,19606.75,30350,1546200,301.5,23.35,50,73450,0.921667,-0.123393,0.00075654,0.00086103,9.239144,11.318429,2023-08-01
19673,2023-07-28 11:35:00,19400.0,19606.75,409250,4259550,258.35,31.45,4250,107650,0.874891,-0.169761,0.00106046,0.00107911,9.279104,11.19261,2023-08-01
14417,2023-07-28 11:35:00,19450.0,19606.75,166950,2805750,217.6,41.7,6550,78800,0.813124,-0.227052,0.00138205,0.00130238,9.284616,11.057618,2023-08-01
9160,2023-07-28 11:35:00,19500.0,19606.75,1434600,7168200,181.55,55.35,34900,213500,0.731634,-0.296951,0.00166138,0.00150115,9.478648,11.013555,2023-08-01
3900,2023-07-28 11:35:00,19550.0,19606.75,875850,2809450,148.4,72.35,49500,132250,0.641133,-0.376055,0.0018664,0.00164871,9.565453,10.997118,2023-08-01
1269,2023-07-28 11:35:00,19600.0,19606.75,4967500,8988850,118.7,93.0,247200,452750,0.544185,-0.460883,0.00197258,0.00172285,9.602336,11.008923,2023-08-01
6531,2023-07-28 11:35:00,19650.0,19606.75,4662650,3271850,93.0,117.15,204350,197300,0.445506,-0.54714,0.00195936,0.00171748,9.635964,11.019158,2023-08-01
11788,2023-07-28 11:35:00,19700.0,19606.75,8911950,4633300,70.9,145.2,262750,159500,0.35033,-0.630417,0.00183873,0.00162922,9.626711,11.067058,2023-08-01
17045,2023-07-28 11:35:00,19750.0,19606.75,4974500,928050,52.7,176.95,128850,29950,0.26377,-0.706586,0.00162335,0.0014749,9.61619,11.147894,2023-08-01
22299,2023-07-28 11:35:00,19800.0,19606.75,13477400,4312100,38.6,212.85,141400,45000,0.191064,-0.771083,0.00134655,0.00127504,9.660411,11.346861,2023-08-01
27551,2023-07-28 11:35:00,19850.0,19606.75,3701150,519400,27.95,252.0,80400,2700,0.133852,-0.823141,0.00105781,0.00106623,9.748075,11.627095,2023-08-01
24927,2023-07-28 11:36:00,19350.0,19605.5,30350,1546200,298.55,23.5,200,50300,0.929705,-0.124319,0.00072823,0.00086618,8.837881,11.311819,2023-08-01
19674,2023-07-28 11:36:00,19400.0,19605.5,409250,4259550,257.95,31.6,4800,78750,0.870817,-0.170815,0.00107189,0.00108483,9.388481,11.179449,2023-08-01
14418,2023-07-28 11:36:00,19450.0,19605.5,166950,2805750,219.0,41.85,1100,83300,0.803387,-0.228281,0.00137805,0.00130882,9.607243,11.038309,2023-08-01
9161,2023-07-28 11:36:00,19500.0,19605.5,1434600,7168200,181.75,55.55,24800,259650,0.726892,-0.298492,0.00165376,0.00150767,9.607418,10.993533,2023-08-01
3901,2023-07-28 11:36:00,19550.0,19605.5,875850,2809450,148.6,72.5,32850,229300,0.637376,-0.377779,0.00185268,0.00165615,9.672237,10.964894,2023-08-01
1270,2023-07-28 11:36:00,19600.0,19605.5,4967500,8988850,118.9,93.25,168550,387550,0.541364,-0.462952,0.00195579,0.0017286,9.693598,10.979353,2023-08-01
6532,2023-07-28 11:36:00,19650.0,19605.5,4662650,3271850,92.85,117.3,136050,167800,0.443334,-0.549529,0.00194891,0.00172396,9.681622,10.971301,2023-08-01
11789,2023-07-28 11:36:00,19700.0,19605.5,8911950,4633300,70.95,145.35,180700,154200,0.348892,-0.633158,0.00182542,0.001634,9.683761,11.009339,2023-08-01
17046,2023-07-28 11:36:00,19750.0,19605.5,4974500,928050,52.75,177.0,79600,17450,0.262832,-0.70984,0.00161214,0.00147811,9.666923,11.067692,2023-08-01
22300,2023-07-28 11:36:00,19800.0,19605.5,13477400,4312100,38.5,213.4,133050,65500,0.190058,-0.773463,0.00133852,0.00127199,9.688338,11.308979,2023-08-01
27552,2023-07-28 11:36:00,19850.0,19605.5,3701150,519400,28.0,252.45,48100,2500,0.133569,-0.825806,0.00105181,0.00106187,9.790891,11.564765,2023-08-01
24928,2023-07-28 11:37:00,19350.0,19603.65,30350,1546200,299.9,23.95,1150,28500,0.91387,-0.126469,0.00079206,0.00087468,9.48171,11.338767,2023-08-01
19675,2023-07-28 11:37:00,19400.0,19603.65,409250,4259550,255.7,32.2,3550,61500,0.871671,-0.173516,0.00108003,0.00109271,9.276577,11.212506,2023-08-01
14419,2023-07-28 11:37:00,19450.0,19603.65,166950,2805750,215.95,42.55,1200,53150,0.806091,-0.231292,0.00139777,0.00131512,9.393975,11.068287,2023-08-01
9162,2023-07-28 11:37:00,19500.0,19603.65,1434600,7168200,179.75,56.6,22150,160000,0.725419,-0.30214,0.00167192,0.00150885,9.530066,11.047318,2023-08-01
3902,2023-07-28 11:37:00,19550.0,19603.65,875850,2809450,146.9,73.7,25450,108050,0.634638,-0.381376,0.00186797,0.00165325,9.619146,11.01795,2023-08-01
1271,2023-07-28 11:37:00,19600.0,19603.65,4967500,8988850,117.4,94.65,114200,245700,0.537898,-0.466306,0.00196695,0.00172111,9.648707,11.037365,2023-08-01
6533,2023-07-28 11:37:00,19650.0,19603.65,4662650,3271850,91.5,118.7,98350,110650,0.439427,-0.552495,0.00195536,0.00171565,9.63731,11.015837,2023-08-01
11790,2023-07-28 11:37:00,19700.0,19603.65,8911950,4633300,70.0,147.1,127550,93850,0.345192,-0.635366,0.00182234,0.00162104,9.663713,11.077046,2023-08-01
17047,2023-07-28 11:37:00,19750.0,19603.65,4974500,928050,52.0,179.35,57300,13150,0.259504,-0.710457,0.00160441,0.00146081,9.651829,11.189632,2023-08-01
22301,2023-07-28 11:37:00,19800.0,19603.65,13477400,4312100,38.0,215.4,99250,39650,0.187519,-0.774226,0.00132798,0.00126097,9.686384,11.388118,2023-08-01
27553,2023-07-28 11:37:00,19850.0,19603.65,3701150,519400,27.55,254.05,26900,3500,0.131355,-0.827264,0.00104105,0.00105414,9.780516,11.589496,2023-08-01
24929,2023-07-28 11:38:00,19350.0,19599.95,30900,1561850,295.4,23.95,950,72200,0.916562,-0.127746,0.00079441,0.00088847,9.233759,11.244232,2023-08-01
19676,2023-07-28 11:38:00,19400.0,19599.95,411350,4249600,255.5,32.2,14150,124600,0.856088,-0.175368,0.00111307,0.00111066,9.738621,11.108991,2023-08-01
14420,2023-07-28 11:38:00,19450.0,19599.95,166600,2803950,215.75,42.55,4750,102450,0.792298,-0.233907,0.00140396,0.00133753,9.749019,10.954089,2023-08-01
9163,2023-07-28 11:38:00,19500.0,19599.95,1436700,7091950,179.5,56.55,43050,279050,0.713812,-0.305634,0.00165854,0.00153553,9.804152,10.91415,2023-08-01
3903,2023-07-28 11:38:00,19550.0,19599.95,876350,2766550,146.85,73.8,57900,243100,0.62478,-0.386216,0.00183847,0.00168028,9.861013,10.884386,2023-08-01
1272,2023-07-28 11:38:00,19600.0,19599.95,4996000,8892800,117.5,94.65,237850,674900,0.530032,-0.47234,0.0019276,0.00174958,9.864947,10.873445,2023-08-01
6534,2023-07-28 11:38:00,19650.0,19599.95,4677400,3258600,91.65,118.75,240750,260550,0.433569,-0.559915,0.00191353,0.0017406,9.827264,10.832063,2023-08-01
11791,2023-07-28 11:38:00,19700.0,19599.95,8931950,4661350,69.9,147.1,239050,266100,0.340701,-0.644184,0.00178781,0.00164038,9.804451,10.857413,2023-08-01
17048,2023-07-28 11:38:00,19750.0,19599.95,4977850,921700,52.05,179.1,114900,44150,0.256611,-0.720993,0.00157319,0.00147304,9.788931,10.90476,2023-08-01
22302,2023-07-28 11:38:00,19800.0,19599.95,13472950,4302000,38.1,215.5,129800,78650,0.185815,-0.784968,0.00130356,0.001259,9.814913,11.094673,2023-08-01
27554,2023-07-28 11:38:00,19850.0,19599.95,3731900,516650,27.55,253.95,71550,8750,0.130063,-0.839246,0.00102334,0.00104043,9.884684,11.212945,2023-08-01
24930,2023-07-28 11:39:00,19350.0,19596.0,30900,1561850,293.65,24.5,600,64900,0.905423,-0.131007,0.0008408,0.0009054,9.580106,11.231619,2023-08-01
19677,2023-07-28 11:39:00,19400.0,19596.0,411350,4249600,251.1,33.0,7100,168900,0.855946,-0.179768,0.00113428,0.00112851,9.565612,11.108744,2023-08-01
14421,2023-07-28 11:39:00,19450.0,19596.0,166600,2803950,212.05,43.6,8000,98250,0.788703,-0.23932,0.00143095,0.00135416,9.66497,10.959704,2023-08-01
9164,2023-07-28 11:39:00,19500.0,19596.0,1436700,7091950,176.15,57.9,35950,308350,0.708445,-0.311899,0.00168459,0.00154801,9.740077,10.92594,2023-08-01
3904,2023-07-28 11:39:00,19550.0,19596.0,876350,2766550,143.6,75.6,45000,302550,0.618383,-0.393144,0.00186345,0.00168459,9.782449,10.914689,2023-08-01
1273,2023-07-28 11:39:00,19600.0,19596.0,4996000,8892800,114.75,96.8,264850,700550,0.522513,-0.479312,0.00194155,0.0017461,9.809094,10.909799,2023-08-01
6535,2023-07-28 11:39:00,19650.0,19596.0,4677400,3258600,89.6,121.45,210000,247050,0.425874,-0.566387,0.00191083,0.00172661,9.809846,10.894485,2023-08-01
11792,2023-07-28 11:39:00,19700.0,19596.0,8931950,4661350,68.25,150.45,211350,213200,0.333504,-0.649289,0.00177517,0.00161723,9.795591,10.959142,2023-08-01
17049,2023-07-28 11:39:00,19750.0,19596.0,4977850,921700,50.8,182.9,88650,38300,0.250461,-0.724429,0.00155338,0.00144759,9.791032,11.032556,2023-08-01
22303,2023-07-28 11:39:00,19800.0,19596.0,13472950,4302000,37.1,219.05,163500,75850,0.180699,-0.788187,0.00128136,0.00123912,9.815434,11.177126,2023-08-01
27555,2023-07-28 11:39:00,19850.0,19596.0,3731900,516650,26.95,258.5,75050,5150,0.126656,-0.839117,0.00100237,0.00102345,9.910081,11.40823,2023-08-01
24931,2023-07-28 11:40:00,19350.0,19594.35,30900,1561850,292.5,24.5,400,85400,0.90273,-0.1316,0.0008534,0.0009118,9.637285,11.189379,2023-08-01
19678,2023-07-28 11:40:00,19400.0,19594.35,411350,4249600,251.4,32.95,13050,141450,0.847806,-0.180481,0.00114648,0.00113696,9.820014,11.055496,2023-08-01
14422,2023-07-28 11:40:00,19450.0,19594.35,166600,2803950,212.15,43.7,7550,187050,0.782252,-0.240775,0.00143041,0.00136374,9.840787,10.920582,2023-08-01
9165,2023-07-28 11:40:00,19500.0,19594.35,1436700,7091950,176.5,58.0,78950,458400,0.702523,-0.313733,0.00167137,0.00155881,9.910296,10.879506,2023-08-01
3905,2023-07-28 11:40:00,19550.0,19594.35,876350,2766550,144.0,75.8,87500,409450,0.613687,-0.395525,0.00184246,0.00169457,9.931495,10.870272,2023-08-01
1274,2023-07-28 11:40:00,19600.0,19594.35,4996000,8892800,115.05,97.1,338850,945800,0.519122,-0.482143,0.00191925,0.00175414,9.929152,10.86533,2023-08-01
6536,2023-07-28 11:40:00,19650.0,19594.35,4677400,3258600,89.95,121.6,325750,330550,0.423617,-0.569723,0.00188759,0.00173567,9.921453,10.823631,2023-08-01
11793,2023-07-28 11:40:00,19700.0,19594.35,8931950,4661350,68.55,150.35,333950,346050,0.332164,-0.653479,0.0017552,0.00162675,9.892913,10.848967,2023-08-01
17050,2023-07-28 11:40:00,19750.0,19594.35,4977850,921700,50.95,182.85,178600,74350,0.249546,-0.729143,0.00153886,0.00145175,9.865892,10.909137,2023-08-01
22304,2023-07-28 11:40:00,19800.0,19594.35,13472950,4302000,37.25,219.35,210350,91650,0.180301,-0.792477,0.00127071,0.00123611,9.885642,11.072202,2023-08-01
27556,2023-07-28 11:40:00,19850.0,19594.35,3731900,516650,27.0,258.75,101100,6250,0.126276,-0.843725,0.00099506,0.00101627,9.963632,11.273795,2023-08-01
24932,2023-07-28 11:41:00,19350.0,19594.75,30550,1567300,293.05,24.0,300,57700,0.902191,-0.129747,0.00085345,0.00090861,9.676369,11.119856,2023-08-01
19679,2023-07-28 11:41:00,19400.0,19594.75,412350,4266500,254.0,32.25,4500,122950,0.840174,-0.178182,0.0011447,0.00113662,10.158325,10.970671,2023-08-01
14423,2023-07-28 11:41:00,19450.0,19594.75,164250,2814400,214.0,42.9,5500,126800,0.778369,-0.238539,0.00141676,0.00136746,10.037612,10.83628,2023-08-01
9166,2023-07-28 11:41:00,19500.0,19594.75,1457100,7127150,178.7,57.0,33300,244650,0.699328,-0.311609,0.00164375,0.00156811,10.126506,10.784004,2023-08-01
3906,2023-07-28 11:41:00,19550.0,19594.75,877400,2807650,145.9,74.5,46500,202300,0.612609,-0.393773,0.00181277,0.00171106,10.102958,10.753106,2023-08-01
1275,2023-07-28 11:41:00,19600.0,19594.75,5088050,9069500,116.55,95.7,201850,486000,0.519688,-0.481289,0.00189484,0.00177368,10.056969,10.745218,2023-08-01
6537,2023-07-28 11:41:00,19650.0,19594.75,4691050,3273650,91.2,120.15,141100,219900,0.425193,-0.569868,0.00186923,0.00175543,10.02721,10.701775,2023-08-01
11794,2023-07-28 11:41:00,19700.0,19594.75,8956350,4684700,69.5,148.7,227300,212550,0.334172,-0.654838,0.00174504,0.00164618,9.974898,10.705912,2023-08-01
17051,2023-07-28 11:41:00,19750.0,19594.75,5147700,928800,51.5,180.9,456250,30900,0.251182,-0.732055,0.00153691,0.00146847,9.913301,10.72731,2023-08-01
22305,2023-07-28 11:41:00,19800.0,19594.75,13254850,4329150,37.85,217.6,517350,53700,0.182313,-0.795723,0.00127163,0.00124404,9.948001,10.899914,2023-08-01
27557,2023-07-28 11:41:00,19850.0,19594.75,3719400,521300,27.5,256.7,97400,3600,0.128113,-0.848385,0.00099907,0.00101692,10.024537,11.0438,2023-08-01
24933,2023-07-28 11:42:00,19350.0,19595.8,30550,1567300,294.75,24.1,200,112750,0.899725,-0.129705,0.00085606,0.00090487,9.824544,11.16366,2023-08-01
19680,2023-07-28 11:42:00,19400.0,19595.8,412350,4266500,252.75,32.4,10050,89900,0.848866,-0.178076,0.00113827,0.00113097,9.845911,11.02169,2023-08-01
14424,2023-07-28 11:42:00,19450.0,19595.8,164250,2814400,213.6,43.05,7850,127500,0.783304,-0.238123,0.00141998,0.00135971,9.886289,10.887922,2023-08-01
9167,2023-07-28 11:42:00,19500.0,19595.8,1457100,7127150,177.7,57.25,43300,230900,0.704542,-0.310976,0.00166246,0.00155742,9.933339,10.848791,2023-08-01
3907,2023-07-28 11:42:00,19550.0,19595.8,877400,2807650,144.55,74.65,68550,211800,0.616752,-0.39251,0.00184484,0.0017005,9.89634,10.810524,2023-08-01
1276,2023-07-28 11:42:00,19600.0,19595.8,5088050,9069500,115.45,95.9,198650,480000,0.521965,-0.47953,0.00192599,0.00176225,9.891688,10.81292,2023-08-01
6538,2023-07-28 11:42:00,19650.0,19595.8,4691050,3273650,90.2,120.3,153450,161750,0.426015,-0.567567,0.00189778,0.00174584,9.880551,10.771805,2023-08-01
11795,2023-07-28 11:42:00,19700.0,19595.8,8956350,4684700,68.85,149.0,168850,149350,0.334261,-0.651808,0.00176434,0.00163704,9.867082,10.80089,2023-08-01
17052,2023-07-28 11:42:00,19750.0,19595.8,5147700,928800,51.1,181.55,96600,33850,0.251017,-0.72774,0.00154895,0.00146036,9.833154,10.873786,2023-08-01
22306,2023-07-28 11:42:00,19800.0,19595.8,13254850,4329150,37.55,218.0,126850,46900,0.181944,-0.791463,0.00127891,0.00124366,9.879159,11.037698,2023-08-01
27558,2023-07-28 11:42:00,19850.0,19595.8,3719400,521300,27.25,256.4,67150,4850,0.127602,-0.84581,0.00100274,0.00102197,9.960419,11.112977,2023-08-01
24934,2023-07-28 11:43:00,19350.0,19590.3,30550,1567300,290.5,24.7,100,76050,0.892755,-0.133752,0.00089048,0.00092842,9.920189,11.117601,2023-08-01
19681,2023-07-28 11:43:00,19400.0,19590.3,412350,4266500,249.6,33.25,5950,109600,0.837723,-0.183512,0.00116953,0.001157,10.045866,10.982754,2023-08-01
14425,2023-07-28 11:43:00,19450.0,19590.3,164250,2814400,210.25,44.0,6950,101800,0.773062,-0.24453,0.00144309,0.00138725,9.991671,10.830772,2023-08-01
9168,2023-07-28 11:43:00,19500.0,19590.3,1457100,7127150,175.45,58.55,34300,261150,0.692308,-0.31882,0.00166441,0.00158202,10.108104,10.798327,2023-08-01
3908,2023-07-28 11:43:00,19550.0,19590.3,877400,2807650,143.15,76.3,43850,223150,0.604508,-0.401471,0.00182375,0.00171931,10.104654,10.761318,2023-08-01
1277,2023-07-28 11:43:00,19600.0,19590.3,5088050,9069500,114.05,97.65,204450,584650,0.511248,-0.489188,0.00189847,0.00177713,10.049954,10.736507,2023-08-01
6539,2023-07-28 11:43:00,19650.0,19590.3,4691050,3273650,89.05,122.6,146450,225300,0.41681,-0.577623,0.00186324,0.00174827,10.020514,10.710389,2023-08-01
11796,2023-07-28 11:43:00,19700.0,19590.3,8956350,4684700,67.85,151.5,168850,229350,0.326557,-0.661994,0.00172811,0.00163195,9.984028,10.717885,2023-08-01
17053,2023-07-28 11:43:00,19750.0,19590.3,5147700,928800,50.35,183.65,84450,31150,0.24499,-0.739102,0.00151276,0.00145275,9.94224,10.701522,2023-08-01
22307,2023-07-28 11:43:00,19800.0,19590.3,13254850,4329150,36.95,220.5,142900,44350,0.177326,-0.802187,0.00124675,0.00122549,9.975201,10.857826,2023-08-01
27559,2023-07-28 11:43:00,19850.0,19590.3,3719400,521300,26.8,260.3,43750,7200,0.124255,-0.852569,0.00097601,0.0009971,10.048872,11.059328,2023-08-01
24935,2023-07-28 11:44:00,19350.0,19584.25,32850,1598100,286.6,25.35,2450,153750,0.882063,-0.138249,0.0009321,0.0009548,10.147023,11.062307,2023-08-01
19682,2023-07-28 11:44:00,19400.0,19584.25,419950,4300550,246.25,34.0,19900,245550,0.825417,-0.189046,0.00120012,0.00118667,10.264996,10.91137,2023-08-01
14426,2023-07-28 11:44:00,19450.0,19584.25,164550,2802350,207.25,45.25,8850,379800,0.760152,-0.252176,0.00146085,0.00141624,10.181925,10.788885,2023-08-01
9169,2023-07-28 11:44:00,19500.0,19584.25,1485550,7081550,172.0,60.1,125150,807450,0.680951,-0.327766,0.0016787,0.00160775,10.183518,10.751788,2023-08-01
3909,2023-07-28 11:44:00,19550.0,19584.25,874900,2815700,139.75,78.05,159000,636150,0.59317,-0.411405,0.00183235,0.00174099,10.135344,10.696107,2023-08-01
1278,2023-07-28 11:44:00,19600.0,19584.25,5139800,9036550,111.4,99.95,559050,1544750,0.499779,-0.499971,0.00188901,0.0017871,10.10826,10.684694,2023-08-01
6540,2023-07-28 11:44:00,19650.0,19584.25,4730900,3224600,86.75,125.2,388950,495350,0.406007,-0.58875,0.00184386,0.0017493,10.067027,10.644358,2023-08-01
11797,2023-07-28 11:44:00,19700.0,19584.25,9004950,4690850,66.0,154.7,598650,531650,0.316969,-0.672622,0.0016995,0.00161981,10.031155,10.666614,2023-08-01
17054,2023-07-28 11:44:00,19750.0,19584.25,5240300,932300,48.9,186.95,331700,105250,0.236959,-0.749662,0.00147922,0.00143429,9.98894,10.612017,2023-08-01
22308,2023-07-28 11:44:00,19800.0,19584.25,13222700,4314300,35.75,223.8,447900,415000,0.170711,-0.812732,0.00121322,0.00120135,10.009997,10.715369,2023-08-01
27560,2023-07-28 11:44:00,19850.0,19584.25,3741250,522500,26.0,263.95,130350,17600,0.119608,-0.861965,0.00094587,0.00096759,10.099215,10.904645,2023-08-01
24936,2023-07-28 11:45:00,19350.0,19585.55,32850,1598100,286.15,25.3,1600,180750,0.889505,-0.137569,0.00091419,0.00094931,9.87671,11.089164,2023-08-01
19683,2023-07-28 11:45:00,19400.0,19585.55,419950,4300550,246.25,33.95,7750,195750,0.830422,-0.188164,0.00119514,0.0011799,10.118347,10.942619,2023-08-01
14427,2023-07-28 11:45:00,19450.0,19585.55,164550,2802350,207.2,45.2,5700,151350,0.764732,-0.251027,0.00146332,0.00140814,10.05787,10.824965,2023-08-01
9170,2023-07-28 11:45:00,19500.0,19585.55,1485550,7081550,171.8,60.1,74600,454100,0.685083,-0.326362,0.00168906,0.00159798,10.065452,10.798893,2023-08-01
3910,2023-07-28 11:45:00,19550.0,19585.55,874900,2815700,139.6,78.05,86800,394750,0.596402,-0.409561,0.00184606,0.00173054,10.040126,10.749369,2023-08-01
1279,2023-07-28 11:45:00,19600.0,19585.55,5139800,9036550,111.15,99.85,341850,925200,0.502211,-0.497641,0.00190639,0.0017786,10.016143,10.73574,2023-08-01
6541,2023-07-28 11:45:00,19650.0,19585.55,4730900,3224600,86.6,125.45,214200,247300,0.40771,-0.585691,0.0018592,0.00173681,9.99446,10.739668,2023-08-01
11798,2023-07-28 11:45:00,19700.0,19585.55,9004950,4690850,65.85,154.7,315650,324100,0.318036,-0.66927,0.00171313,0.00161399,9.965654,10.749265,2023-08-01
17055,2023-07-28 11:45:00,19750.0,19585.55,5240300,932300,48.75,187.4,131450,57550,0.237502,-0.744824,0.00149015,0.00142891,9.928331,10.760041,2023-08-01
22309,2023-07-28 11:45:00,19800.0,19585.55,13222700,4314300,35.65,224.2,252800,94750,0.171012,-0.807466,0.00122089,0.00120332,9.958562,10.882022,2023-08-01
27561,2023-07-28 11:45:00,19850.0,19585.55,3741250,522500,25.95,263.6,87100,4600,0.119827,-0.858634,0.00095107,0.00097499,10.057038,10.99887,2023-08-01
24937,2023-07-28 11:46:00,19350.0,19580.55,32850,1598100,286.7,25.6,650,152900,0.866549,-0.140537,0.00096559,0.00097092,10.681098,11.004808,2023-08-01
19684,2023-07-28 11:46:00,19400.0,19580.55,419950,4300550,243.6,34.25,8800,234200,0.819958,-0.191874,0.00121889,0.00120597,10.30902,10.838958,2023-08-01
14428,2023-07-28 11:46:00,19450.0,19580.55,164550,2802350,203.85,45.55,7700,156850,0.756383,-0.255838,0.00148514,0.00143844,10.104072,10.706827,2023-08-01
9171,2023-07-28 11:46:00,19500.0,19580.55,1485550,7081550,169.9,60.55,71800,436050,0.674034,-0.332527,0.00168685,0.00163033,10.22835,10.668083,2023-08-01
3911,2023-07-28 11:46:00,19550.0,19580.55,874900,2815700,137.65,78.6,84000,418900,0.586263,-0.417174,0.00183771,0.00176275,10.150194,10.60177,2023-08-01
1280,2023-07-28 11:46:00,19600.0,19580.55,5139800,9036550,109.45,100.65,406250,1121800,0.49278,-0.506702,0.00188912,0.00180495,10.10961,10.581281,2023-08-01
6542,2023-07-28 11:46:00,19650.0,19580.55,4730900,3224600,85.1,125.95,322700,362200,0.399199,-0.596408,0.00183605,0.00176275,10.069639,10.518205,2023-08-01
11799,2023-07-28 11:46:00,19700.0,19580.55,9004950,4690850,64.75,155.55,364750,430100,0.310936,-0.681028,0.00168362,0.0016257,10.046166,10.518144,2023-08-01
17056,2023-07-28 11:46:00,19750.0,19580.55,5240300,932300,47.8,189.2,182850,68300,0.231545,-0.755654,0.00146048,0.00142064,9.992036,10.579834,2023-08-01
22310,2023-07-28 11:46:00,19800.0,19580.55,13222700,4314300,35.1,226.35,371500,106900,0.16696,-0.817782,0.0011928,0.00118441,10.040661,10.689304,2023-08-01
27562,2023-07-28 11:46:00,19850.0,19580.55,3741250,522500,25.5,266.1,146050,7800,0.116759,-0.868057,0.00092761,0.00094818,10.127502,10.792463,2023-08-01
24938,2023-07-28 11:47:00,19350.0,19586.6,32850,1695400,288.1,24.9,450,171950,0.886214,-0.135803,0.00091641,0.000944,10.062784,11.054778,2023-08-01
19685,2023-07-28 11:47:00,19400.0,19586.6,425100,4250750,247.2,33.6,7100,205850,0.83131,-0.186545,0.00118927,0.00117548,10.135239,10.92643,2023-08-01
14429,2023-07-28 11:47:00,19450.0,19586.6,166350,2815550,207.95,44.6,5950,117400,0.766353,-0.248792,0.00145828,0.00140649,10.055264,10.787587,2023-08-01
9172,2023-07-28 11:47:00,19500.0,19586.6,1521050,7190100,172.5,59.4,71050,487350,0.686875,-0.324111,0.00168513,0.0015992,10.065399,10.761337,2023-08-01
3912,2023-07-28 11:47:00,19550.0,19586.6,930300,2951650,140.25,77.45,79750,362250,0.598322,-0.407596,0.00184353,0.00173156,10.042778,10.73165,2023-08-01
1281,2023-07-28 11:47:00,19600.0,19586.6,5316800,9036200,111.75,99.1,339350,810800,0.504203,-0.495783,0.00190547,0.00178282,10.021705,10.711175,2023-08-01
6543,2023-07-28 11:47:00,19650.0,19586.6,4719850,3140500,87.15,124.2,234450,252450,0.409719,-0.584434,0.00186001,0.00174906,10.003152,10.673016,2023-08-01
11800,2023-07-28 11:47:00,19700.0,19586.6,9035300,4779350,66.2,153.6,323950,297400,0.319741,-0.668304,0.00171777,0.00162301,9.962243,10.703166,2023-08-01
17057,2023-07-28 11:47:00,19750.0,19586.6,5327550,942400,48.9,185.9,404450,56400,0.238625,-0.745083,0.00149685,0.00143979,9.910581,10.674273,2023-08-01
22311,2023-07-28 11:47:00,19800.0,19586.6,13276750,4106950,36.0,223.3,950050,171950,0.172582,-0.806565,0.0012265,0.00120849,9.972121,10.867642,2023-08-01
27563,2023-07-28 11:47:00,19850.0,19586.6,3780850,522150,26.25,263.05,143050,3000,0.121173,-0.856795,0.00095713,0.00098021,10.073512,11.037711,2023-08-01
24939,2023-07-28 11:48:00,19350.0,19587.6,34200,1695400,284.85,24.5,350,142750,0.904578,-0.134056,0.00087157,0.0009388,9.313697,11.018042,2023-08-01
19686,2023-07-28 11:48:00,19400.0,19587.6,425100,4250750,244.4,33.2,8100,96150,0.845282,-0.184809,0.00118574,0.00117143,9.608651,10.901203,2023-08-01
14430,2023-07-28 11:48:00,19450.0,19587.6,166350,2815550,207.8,44.0,10350,93200,0.770267,-0.246587,0.00146075,0.00140506,9.944496,10.747737,2023-08-01
9173,2023-07-28 11:48:00,19500.0,19587.6,1521050,7190100,172.2,58.7,55350,330800,0.690409,-0.3219,0.00169509,0.0016007,9.957471,10.721211,2023-08-01
3913,2023-07-28 11:48:00,19550.0,19587.6,930300,2951650,140.0,76.7,56050,199150,0.600993,-0.405569,0.00185656,0.00173526,9.95525,10.695945,2023-08-01
1282,2023-07-28 11:48:00,19600.0,19587.6,5316800,9036200,111.35,98.35,337650,536850,0.506121,-0.494001,0.001923,0.00178736,9.930055,10.683696,2023-08-01
6544,2023-07-28 11:48:00,19650.0,19587.6,4719850,3140500,86.55,123.65,202550,128650,0.410611,-0.582699,0.00188059,0.00175085,9.899188,10.672516,2023-08-01
11801,2023-07-28 11:48:00,19700.0,19587.6,9035300,4779350,65.6,153.0,277400,153800,0.319713,-0.666672,0.00173526,0.00162598,9.861782,10.704792,2023-08-01
17058,2023-07-28 11:48:00,19750.0,19587.6,5327550,942400,48.45,186.2,466300,28750,0.238201,-0.741511,0.00150823,0.00143578,9.826526,10.782236,2023-08-01
22312,2023-07-28 11:48:00,19800.0,19587.6,13276750,4106950,35.7,222.8,655000,264650,0.17213,-0.804735,0.00123284,0.00121223,9.904549,10.896738,2023-08-01
27564,2023-07-28 11:48:00,19850.0,19587.6,3780850,522150,25.95,265.0,108550,22750,0.12044,-0.847799,0.0009598,0.00098802,10.002973,11.406901,2023-08-01
24940,2023-07-28 11:49:00,19350.0,19593.55,34200,1695400,291.2,23.6,1300,110900,0.904589,-0.128754,0.00085123,0.00091195,9.533328,11.028375,2023-08-01
19687,2023-07-28 11:49:00,19400.0,19593.55,425100,4250750,249.35,31.8,9050,366350,0.852009,-0.177407,0.0011498,0.00114395,9.61825,10.878358,2023-08-01
14431,2023-07-28 11:49:00,19450.0,19593.55,166350,2815550,209.7,42.45,4050,164950,0.786546,-0.23829,0.00144852,0.00137894,9.61378,10.747752,2023-08-01
9174,2023-07-28 11:49:00,19500.0,19593.55,1521050,7190100,174.05,57.0,74300,396150,0.705073,-0.312813,0.00170136,0.00157747,9.70492,10.745731,2023-08-01
3914,2023-07-28 11:49:00,19550.0,19593.55,930300,2951650,141.7,74.65,101500,334800,0.614184,-0.395537,0.00187711,0.00171896,9.752219,10.724579,2023-08-01
1283,2023-07-28 11:49:00,19600.0,19593.55,5316800,9036200,112.65,95.7,414250,835950,0.517813,-0.483387,0.00195812,0.00178385,9.741254,10.694299,2023-08-01
6545,2023-07-28 11:49:00,19650.0,19593.55,4719850,3140500,87.6,120.8,286650,251900,0.420432,-0.572026,0.00192268,0.00175424,9.732505,10.706351,2023-08-01
11802,2023-07-28 11:49:00,19700.0,19593.55,9035300,4779350,66.25,149.55,288750,252700,0.327289,-0.656718,0.00178184,0.00164156,9.695053,10.721868,2023-08-01
17059,2023-07-28 11:49:00,19750.0,19593.55,5327550,942400,48.85,181.75,620500,43200,0.243642,-0.733834,0.00155173,0.00146357,9.667008,10.734919,2023-08-01
22313,2023-07-28 11:49:00,19800.0,19593.55,13276750,4106950,35.8,219.25,314900,144200,0.175365,-0.795347,0.00126885,0.00123562,9.736006,10.994195,2023-08-01
27565,2023-07-28 11:49:00,19850.0,19593.55,3780850,522150,25.85,258.7,107150,2900,0.12196,-0.846634,0.00098554,0.00101232,9.825881,11.187031,2023-08-01
24941,2023-07-28 11:50:00,19350.0,19596.8,33200,1681000,291.4,23.4,2200,83500,0.919653,-0.126894,0.00079326,0.00089849,8.998269,11.080027,2023-08-01
19688,2023-07-28 11:50:00,19400.0,19596.8,436350,4339950,251.0,31.8,14800,146100,0.85975,-0.175706,0.00112764,0.00112735,9.45754,10.970634,2023-08-01
14432,2023-07-28 11:50:00,19450.0,19596.8,169750,2825400,210.7,42.3,6600,95750,0.79597,-0.235512,0.00143958,0.00135939,9.418652,10.831375,2023-08-01
9175,2023-07-28 11:50:00,19500.0,19596.8,1560100,7077850,175.4,56.45,53900,221950,0.712617,-0.30855,0.00169908,0.00156019,9.600296,10.799251,2023-08-01
3915,2023-07-28 11:50:00,19550.0,19596.8,964300,2921850,142.55,73.85,74600,220400,0.621707,-0.390404,0.00188962,0.00170517,9.629714,10.771347,2023-08-01
1284,2023-07-28 11:50:00,19600.0,19596.8,5655750,8858400,113.7,94.8,340450,493250,0.524319,-0.477691,0.00197079,0.00177282,9.669463,10.752446,2023-08-01
6546,2023-07-28 11:50:00,19650.0,19596.8,4722750,3008950,88.35,119.55,208750,151900,0.426082,-0.566023,0.00194294,0.00175112,9.657191,10.753092,2023-08-01
11803,2023-07-28 11:50:00,19700.0,19596.8,9063550,4743600,67.05,148.4,191200,151400,0.332306,-0.650261,0.00180126,0.00164028,9.648427,10.803758,2023-08-01
17060,2023-07-28 11:50:00,19750.0,19596.8,6013450,947950,49.35,180.75,159050,29600,0.247405,-0.726664,0.00157366,0.00146571,9.610346,10.861987,2023-08-01
22314,2023-07-28 11:50:00,19800.0,19596.8,12832300,4006900,36.15,217.6,210950,113150,0.178103,-0.789534,0.00128859,0.00124661,9.680391,11.078243,2023-08-01
27566,2023-07-28 11:50:00,19850.0,19596.8,3759200,512450,26.2,257.8,43900,2350,0.124238,-0.838717,0.00100223,0.00102671,9.787611,11.400429,2023-08-01
24942,2023-07-28 11:51:00,19350.0,19596.45,33200,1681000,291.95,23.95,400,52550,0.915227,-0.128904,0.0008098,0.00090185,9.178508,11.160988,2023-08-01
19689,2023-07-28 11:51:00,19400.0,19596.45,436350,4339950,248.85,32.45,6800,108400,0.866896,-0.177833,0.00112313,0.00112774,9.16283,11.051668,2023-08-01
14433,2023-07-28 11:51:00,19450.0,19596.45,169750,2825400,210.0,43.1,6550,108050,0.796848,-0.237723,0.00144453,0.00135559,9.363226,10.918835,2023-08-01
9176,2023-07-28 11:51:00,19500.0,19596.45,1560100,7077850,173.1,57.55,45700,291400,0.716691,-0.310813,0.00172985,0.00154959,9.366586,10.908956,2023-08-01
3916,2023-07-28 11:51:00,19550.0,19596.45,964300,2921850,140.75,75.1,60350,199150,0.62301,-0.392075,0.00192045,0.0016893,9.465969,10.886673,2023-08-01
1285,2023-07-28 11:51:00,19600.0,19596.45,5655750,8858400,112.15,96.65,309000,480450,0.523901,-0.478577,0.00199883,0.00174591,9.535397,10.920582,2023-08-01
6547,2023-07-28 11:51:00,19650.0,19596.45,4722750,3008950,87.0,121.7,214950,160500,0.424442,-0.565392,0.0019653,0.00172063,9.540741,10.947603,2023-08-01
11804,2023-07-28 11:51:00,19700.0,19596.45,9063550,4743600,66.05,150.5,262450,185350,0.330174,-0.648262,0.00181333,0.00161508,9.560613,10.996158,2023-08-01
17061,2023-07-28 11:51:00,19750.0,19596.45,6013450,947950,48.6,183.5,129150,53350,0.24522,-0.722184,0.00157789,0.00144161,9.540058,11.133378,2023-08-01
22315,2023-07-28 11:51:00,19800.0,19596.45,12832300,4006900,35.65,220.5,220550,94150,0.176349,-0.783518,0.00128745,0.0012329,9.62962,11.388119,2023-08-01
27567,2023-07-28 11:51:00,19850.0,19596.45,3759200,512450,25.85,259.5,79000,4400,0.122884,-0.835143,0.00099877,0.00102486,9.747407,11.586072,2023-08-01
24943,2023-07-28 11:52:00,19350.0,19594.0,33200,1681000,286.9,24.35,300,84450,0.927497,-0.131144,0.00077075,0.00091273,8.567317,11.162635,2023-08-01
19690,2023-07-28 11:52:00,19400.0,19594.0,436350,4339950,245.45,32.95,8850,110800,0.869811,-0.180594,0.00113312,0.00113895,8.946231,11.051741,2023-08-01
14434,2023-07-28 11:52:00,19450.0,19594.0,169750,2825400,207.8,43.75,4450,111850,0.794255,-0.241097,0.00146177,0.001366,9.32483,10.921625,2023-08-01
9177,2023-07-28 11:52:00,19500.0,19594.0,1560100,7077850,172.75,58.25,45650,269300,0.709325,-0.314479,0.0017223,0.00155899,9.524693,10.900439,2023-08-01
3917,2023-07-28 11:52:00,19550.0,19594.0,964300,2921850,140.15,76.1,54400,279500,0.617155,-0.39627,0.00190998,0.00169367,9.564696,10.892715,2023-08-01
1286,2023-07-28 11:52:00,19600.0,19594.0,5655750,8858400,111.7,97.65,286100,615800,0.518859,-0.482846,0.001982,0.001749,9.624898,10.909248,2023-08-01
6548,2023-07-28 11:52:00,19650.0,19594.0,4722750,3008950,86.95,122.7,169500,189400,0.420561,-0.569807,0.00193976,0.00172221,9.649658,10.918965,2023-08-01
11805,2023-07-28 11:52:00,19700.0,19594.0,9063550,4743600,65.8,151.7,243550,175850,0.326977,-0.652589,0.00179303,0.00161203,9.633036,10.969559,2023-08-01
17062,2023-07-28 11:52:00,19750.0,19594.0,6013450,947950,48.45,184.65,434250,50450,0.242943,-0.726659,0.00155904,0.001437,9.608935,11.082574,2023-08-01
22316,2023-07-28 11:52:00,19800.0,19594.0,12832300,4006900,35.75,221.9,558200,49950,0.175414,-0.787421,0.00127172,0.00122472,9.71795,11.34593,2023-08-01
27568,2023-07-28 11:52:00,19850.0,19594.0,3759200,512450,25.95,261.5,111600,3200,0.122437,-0.837348,0.00098805,0.00101484,9.829987,11.601048,2023-08-01
24944,2023-07-28 11:53:00,19350.0,19597.45,33200,1678550,286.9,24.4,0,36250,0.930134,-0.130061,0.00074907,0.00089954,8.567317,11.260604,2023-08-01
19691,2023-07-28 11:53:00,19400.0,19597.45,444950,4353600,246.65,32.95,5250,83300,0.881382,-0.178782,0.00109705,0.00112166,8.65715,11.150289,2023-08-01
14435,2023-07-28 11:53:00,19450.0,19597.45,168550,2839400,208.05,43.75,3450,60500,0.807557,-0.238548,0.00145454,0.00134458,9.00045,11.030449,2023-08-01
9178,2023-07-28 11:53:00,19500.0,19597.45,1562500,7147000,173.0,58.35,27150,199050,0.720332,-0.311175,0.00173625,0.0015331,9.275061,11.033148,2023-08-01
3918,2023-07-28 11:53:00,19550.0,19597.45,967950,2934850,140.35,76.1,35250,122400,0.626267,-0.391709,0.0019372,0.0016671,9.35965,11.030037,2023-08-01
1287,2023-07-28 11:53:00,19600.0,19597.45,5727950,8883600,112.1,97.65,189800,308900,0.526027,-0.477079,0.00201069,0.00172285,9.47708,11.065732,2023-08-01
6549,2023-07-28 11:53:00,19650.0,19597.45,4762350,3061550,87.0,122.75,114350,102200,0.426022,-0.562735,0.00197634,0.00169844,9.495752,11.104006,2023-08-01
11806,2023-07-28 11:53:00,19700.0,19597.45,9167250,4746000,65.85,151.7,143550,88350,0.330952,-0.644316,0.00182653,0.00159519,9.501588,11.178972,2023-08-01
17063,2023-07-28 11:53:00,19750.0,19597.45,6287300,940600,48.45,184.8,226800,16550,0.245601,-0.71704,0.00158772,0.00142762,9.490016,11.344118,2023-08-01
22317,2023-07-28 11:53:00,19800.0,19597.45,12641550,4047250,35.7,221.45,204950,45050,0.177006,-0.778405,0.00129375,0.00122879,9.606417,11.581983,2023-08-01
27569,2023-07-28 11:53:00,19850.0,19597.45,3743450,513350,25.8,261.5,66650,3200,0.12302,-0.826795,0.00100311,0.00102664,9.713928,11.940262,2023-08-01
24945,2023-07-28 11:54:00,19350.0,19600.95,33600,1678550,290.8,23.75,100,68450,0.945912,-0.126617,0.00065865,0.00088399,7.977484,11.245965,2023-08-01
19692,2023-07-28 11:54:00,19400.0,19600.95,444950,4353600,249.0,32.25,9350,145850,0.888229,-0.174914,0.00106548,0.00110593,8.543929,11.15249,2023-08-01
14436,2023-07-28 11:54:00,19450.0,19600.95,168550,2839400,209.65,43.15,8900,87500,0.816848,-0.234575,0.00143604,0.00132769,8.84118,11.066916,2023-08-01
9179,2023-07-28 11:54:00,19500.0,19600.95,1562500,7147000,174.1,57.15,50650,291450,0.729892,-0.305662,0.00173702,0.00152236,9.112513,11.023194,2023-08-01
3919,2023-07-28 11:54:00,19550.0,19600.95,967950,2934850,141.6,74.8,60500,162400,0.634406,-0.385923,0.00194443,0.00165921,9.25727,11.034312,2023-08-01
1288,2023-07-28 11:54:00,19600.0,19600.95,5727950,8883600,112.75,96.25,246100,466550,0.533455,-0.471095,0.00203523,0.00171815,9.348875,11.084123,2023-08-01
6550,2023-07-28 11:54:00,19650.0,19600.95,4762350,3061550,87.65,121.05,157500,142400,0.4322,-0.556722,0.00200251,0.00170019,9.397138,11.117008,2023-08-01
11807,2023-07-28 11:54:00,19700.0,19600.95,9167250,4746000,66.55,150.0,399150,119150,0.336219,-0.638272,0.00185102,0.00159902,9.433531,11.216602,2023-08-01
17064,2023-07-28 11:54:00,19750.0,19600.95,6287300,940600,49.1,183.05,205950,19000,0.250032,-0.711049,0.00161121,0.00143443,9.440475,11.40218,2023-08-01
22318,2023-07-28 11:54:00,19800.0,19600.95,12641550,4047250,36.15,220.55,394450,36200,0.18024,-0.770521,0.00131552,0.00123379,9.554852,11.76447,2023-08-01
27570,2023-07-28 11:54:00,19850.0,19600.95,3743450,513350,26.15,259.0,146150,5650,0.125416,-0.822791,0.00102144,0.00103978,9.668233,11.960347,2023-08-01
24946,2023-07-28 11:55:00,19350.0,19600.9,33600,1678550,291.0,23.6,800,48750,0.944426,-0.126115,0.00066741,0.00088361,8.043988,11.220694,2023-08-01
19693,2023-07-28 11:55:00,19400.0,19600.9,444950,4353600,249.4,32.05,6700,78850,0.886062,-0.174336,0.00107033,0.00110657,8.623311,11.123647,2023-08-01
14437,2023-07-28 11:55:00,19450.0,19600.9,168550,2839400,210.2,42.6,4050,71900,0.814596,-0.233265,0.00143377,0.00133195,8.923561,10.998289,2023-08-01
9180,2023-07-28 11:55:00,19500.0,19600.9,1562500,7147000,173.55,57.1,58300,220850,0.731122,-0.30562,0.00174456,0.00152334,9.053194,11.016404,2023-08-01
3920,2023-07-28 11:55:00,19550.0,19600.9,967950,2934850,141.2,74.25,53800,132650,0.63483,-0.385437,0.00195185,0.00166755,9.219319,10.976021,2023-08-01
1289,2023-07-28 11:55:00,19600.0,19600.9,5727950,8883600,112.95,95.85,206500,344850,0.533277,-0.471092,0.00203039,0.00172475,9.372317,11.042616,2023-08-01
6551,2023-07-28 11:55:00,19650.0,19600.9,4762350,3061550,88.0,120.6,142900,106200,0.432373,-0.557073,0.00199485,0.00170726,9.434737,11.070488,2023-08-01
11808,2023-07-28 11:55:00,19700.0,19600.9,9167250,4746000,66.3,149.7,194300,80650,0.335725,-0.63877,0.00185461,0.0016031,9.410691,11.183733,2023-08-01
17065,2023-07-28 11:55:00,19750.0,19600.9,6287300,940600,48.9,182.95,119850,11250,0.249476,-0.711374,0.0016128,0.00143552,9.420827,11.388459,2023-08-01
22319,2023-07-28 11:55:00,19800.0,19600.9,12641550,4047250,36.05,219.7,180400,24000,0.179893,-0.772576,0.00131544,0.0012383,9.544696,11.663563,2023-08-01
27571,2023-07-28 11:55:00,19850.0,19600.9,3743450,513350,26.3,259.2,68700,2050,0.125923,-0.822445,0.00102192,0.00103935,9.691744,11.981022,2023-08-01
24947,2023-07-28 11:56:00,19350.0,19598.25,33600,1675800,291.0,23.95,600,69200,0.929266,-0.128232,0.0007506,0.00089495,8.633219,11.210101,2023-08-01
19694,2023-07-28 11:56:00,19400.0,19598.25,458100,4391150,248.1,32.3,11000,76700,0.878719,-0.176426,0.00109755,0.00111916,8.791531,11.084329,2023-08-01
14438,2023-07-28 11:56:00,19450.0,19598.25,172250,2859350,209.25,43.1,4650,65950,0.806691,-0.236385,0.00144602,0.00134459,9.080276,10.977599,2023-08-01
9181,2023-07-28 11:56:00,19500.0,19598.25,1592950,7120850,173.85,57.3,45750,165950,0.72103,-0.308571,0.00172803,0.00153988,9.30983,10.946719,2023-08-01
3921,2023-07-28 11:56:00,19550.0,19598.25,990100,2950550,141.5,75.0,47050,172400,0.62695,-0.389612,0.00192221,0.00167713,9.429122,10.949768,2023-08-01
1290,2023-07-28 11:56:00,19600.0,19598.25,5769600,8878050,112.75,96.55,291500,429000,0.52757,-0.475581,0.00200576,0.00173408,9.499912,10.993938,2023-08-01
6552,2023-07-28 11:56:00,19650.0,19598.25,4804300,3089650,87.6,121.5,147100,146300,0.427762,-0.561885,0.00197335,0.00171182,9.519926,11.02329,2023-08-01
11809,2023-07-28 11:56:00,19700.0,19598.25,9247150,4765400,66.45,150.55,256800,163300,0.332893,-0.64394,0.00182511,0.00160578,9.533109,11.111745,2023-08-01
17066,2023-07-28 11:56:00,19750.0,19598.25,6283250,938800,49.05,183.0,120200,22600,0.247742,-0.718335,0.00158865,0.00144196,9.530628,11.20892,2023-08-01
22320,2023-07-28 11:56:00,19800.0,19598.25,12488200,4051600,36.25,220.9,212500,49550,0.179124,-0.77742,0.0012976,0.0012318,9.652023,11.585389,2023-08-01
27572,2023-07-28 11:56:00,19850.0,19598.25,3735350,511450,26.3,260.35,94850,6650,0.12503,-0.82743,0.00100936,0.00103029,9.765824,11.872571,2023-08-01
24948,2023-07-28 11:57:00,19350.0,19595.7,33600,1675800,290.25,24.4,50,51700,0.91952,-0.130665,0.00079719,0.00090628,8.970894,11.217423,2023-08-01
19695,2023-07-28 11:57:00,19400.0,19595.7,458100,4391150,245.55,33.05,8300,70900,0.877607,-0.179964,0.00111286,0.00113022,8.728255,11.116477,2023-08-01
14439,2023-07-28 11:57:00,19450.0,19595.7,172250,2859350,206.15,43.8,1250,74500,0.806822,-0.239932,0.00146951,0.00135515,8.933315,10.983643,2023-08-01
9182,2023-07-28 11:57:00,19500.0,19595.7,1592950,7120850,171.25,58.55,37200,168050,0.718467,-0.31325,0.00175294,0.0015434,9.220235,10.995674,2023-08-01
3922,2023-07-28 11:57:00,19550.0,19595.7,990100,2950550,138.85,76.5,39600,161250,0.623358,-0.394378,0.00195063,0.00167495,9.321864,11.003712,2023-08-01
1291,2023-07-28 11:57:00,19600.0,19595.7,5769600,8878050,110.8,98.05,212000,394250,0.522554,-0.480055,0.00201908,0.00173014,9.446723,11.02821,2023-08-01
6553,2023-07-28 11:57:00,19650.0,19595.7,4804300,3089650,86.05,123.45,158800,110050,0.422435,-0.565872,0.0019758,0.00170004,9.485783,11.083977,2023-08-01
11810,2023-07-28 11:57:00,19700.0,19595.7,9247150,4765400,65.3,152.95,277850,114450,0.327966,-0.646872,0.0018176,0.00158853,9.517611,11.201845,2023-08-01
17067,2023-07-28 11:57:00,19750.0,19595.7,6283250,938800,48.3,185.85,184250,26450,0.243828,-0.71978,0.00157446,0.00142272,9.536743,11.334671,2023-08-01
22321,2023-07-28 11:57:00,19800.0,19595.7,12488200,4051600,35.5,223.2,104950,33350,0.175453,-0.779455,0.0012829,0.00121974,9.637877,11.641188,2023-08-01
27573,2023-07-28 11:57:00,19850.0,19595.7,3735350,511450,25.75,262.9,42600,2800,0.122248,-0.828479,0.00099465,0.00101986,9.757486,11.949966,2023-08-01
24949,2023-07-28 11:58:00,19350.0,19597.55,33600,1675800,290.25,23.8,0,40050,0.921,-0.127955,0.00078607,0.00089709,8.970894,11.168756,2023-08-01
19696,2023-07-28 11:58:00,19400.0,19597.55,458100,4391150,248.0,32.3,7700,62950,0.875711,-0.176774,0.00110602,0.00112268,8.877215,11.065584,2023-08-01
14440,2023-07-28 11:58:00,19450.0,19597.55,172250,2859350,208.95,42.85,1900,46950,0.804797,-0.236275,0.00144927,0.00135085,9.115704,10.926138,2023-08-01
9183,2023-07-28 11:58:00,19500.0,19597.55,1592950,7120850,173.05,57.35,42800,153300,0.72053,-0.309347,0.00173606,0.00154442,9.276744,10.928763,2023-08-01
3923,2023-07-28 11:58:00,19550.0,19597.55,990100,2950550,141.1,75.05,23950,139650,0.625538,-0.390577,0.00192365,0.00168196,9.435287,10.928249,2023-08-01
1292,2023-07-28 11:58:00,19600.0,19597.55,5769600,8878050,112.2,96.55,135450,311900,0.526194,-0.476748,0.00200974,0.00173957,9.485217,10.963363,2023-08-01
6554,2023-07-28 11:58:00,19650.0,19597.55,4804300,3089650,87.25,121.3,82800,94100,0.426354,-0.56344,0.00197257,0.0017197,9.51935,10.96816,2023-08-01
11811,2023-07-28 11:58:00,19700.0,19597.55,9247150,4765400,66.15,150.85,260700,78400,0.331558,-0.645235,0.00182283,0.00160561,9.531761,11.100848,2023-08-01
17068,2023-07-28 11:58:00,19750.0,19597.55,6283250,938800,48.95,183.2,152850,16500,0.246924,-0.71987,0.00158373,0.00144195,9.545288,11.181677,2023-08-01
22322,2023-07-28 11:58:00,19800.0,19597.55,12488200,4051600,36.1,220.6,123400,17450,0.178278,-0.780171,0.00129342,0.00123309,9.656342,11.4936,2023-08-01
27574,2023-07-28 11:58:00,19850.0,19597.55,3735350,511450,26.2,260.5,46750,2900,0.124434,-0.829191,0.00100555,0.00102794,9.772122,11.824386,2023-08-01
24950,2023-07-28 11:59:00,19350.0,19599.05,33600,1676300,290.25,23.95,0,36200,0.922187,-0.127931,0.00077709,0.00089191,8.970894,11.232338,2023-08-01
19697,2023-07-28 11:59:00,19400.0,19599.05,463900,4387950,249.0,32.35,6800,67600,0.87858,-0.176147,0.00109367,0.00111514,8.83177,11.115452,2023-08-01
14441,2023-07-28 11:59:00,19450.0,19599.05,170800,2878900,209.2,43.0,1950,72000,0.810227,-0.235548,0.0014443,0.00134051,8.990756,10.99183,2023-08-01
9184,2023-07-28 11:59:00,19500.0,19599.05,1621150,7182700,173.65,57.3,26900,186700,0.724273,-0.30777,0.0017347,0.00153433,9.223105,10.9761,2023-08-01
3924,2023-07-28 11:59:00,19550.0,19599.05,993050,2973300,141.1,75.2,28850,167300,0.629698,-0.388765,0.00193712,0.00166828,9.336255,11.003313,2023-08-01
1293,2023-07-28 11:59:00,19600.0,19599.05,5762300,8925750,112.35,96.65,178950,292350,0.529384,-0.474291,0.00202293,0.00172668,9.418174,11.041133,2023-08-01
6555,2023-07-28 11:59:00,19650.0,19599.05,4791800,3116650,87.4,121.35,88100,95250,0.428879,-0.560381,0.00198625,0.00170888,9.464969,11.051079,2023-08-01
11812,2023-07-28 11:59:00,19700.0,19599.05,9364600,4765300,66.2,150.6,136950,80200,0.333366,-0.642017,0.00183723,0.00160134,9.477515,11.165986,2023-08-01
17069,2023-07-28 11:59:00,19750.0,19599.05,6140900,938750,49.0,182.9,84450,13950,0.248227,-0.716417,0.00159591,0.00144097,9.499183,11.255571,2023-08-01
22323,2023-07-28 11:59:00,19800.0,19599.05,12481550,4066450,36.1,220.05,124900,26850,0.179051,-0.777124,0.00130312,0.00123633,9.6107,11.554129,2023-08-01
27575,2023-07-28 11:59:00,19850.0,19599.05,3741350,513000,26.1,260.3,52850,1250,0.124571,-0.825205,0.00101206,0.00103271,9.716907,11.944189,2023-08-01
24951,2023-07-28 12:00:00,19350.0,19597.6,33600,1676300,283.15,24.25,1200,47600,0.973821,-0.129457,0.00044623,0.00089848,6.519713,11.24405,2023-08-01
19698,2023-07-28 12:00:00,19400.0,19597.6,463900,4387950,245.15,32.8,6400,109450,0.889221,-0.178221,0.00108033,0.00112137,8.378534,11.137442,2023-08-01
14442,2023-07-28 12:00:00,19450.0,19597.6,170800,2878900,206.2,43.7,5650,93250,0.814879,-0.238285,0.00146373,0.00134428,8.737713,11.032589,2023-08-01
9185,2023-07-28 12:00:00,19500.0,19597.6,1621150,7182700,170.75,58.3,83700,272500,0.726385,-0.310921,0.00176973,0.001533,9.007764,11.036334,2023-08-01
3925,2023-07-28 12:00:00,19550.0,19597.6,993050,2973300,138.45,76.25,98800,242100,0.629226,-0.391654,0.00197637,0.00166428,9.156082,11.054729,2023-08-01
1294,2023-07-28 12:00:00,19600.0,19597.6,5762300,8925750,109.8,98.05,397000,559950,0.526867,-0.476921,0.00206202,0.00171611,9.245226,11.115368,2023-08-01
6556,2023-07-28 12:00:00,19650.0,19597.6,4791800,3116650,85.35,123.2,263250,217050,0.42488,-0.562218,0.00201138,0.00169136,9.33064,11.159237,2023-08-01
11813,2023-07-28 12:00:00,19700.0,19597.6,9364600,4765300,64.75,152.7,505800,249300,0.329134,-0.642761,0.0018457,0.00158255,9.387569,11.292141,2023-08-01
17070,2023-07-28 12:00:00,19750.0,19597.6,6140900,938750,47.8,185.35,148100,64800,0.243989,-0.715715,0.00159524,0.00142262,9.417278,11.416083,2023-08-01
22324,2023-07-28 12:00:00,19800.0,19597.6,12481550,4066450,35.2,223.05,237800,73800,0.175451,-0.774441,0.00129569,0.00122097,9.54407,11.78111,2023-08-01
27576,2023-07-28 12:00:00,19850.0,19597.6,3741350,513000,25.55,263.0,123750,13350,0.122136,-0.822626,0.00100231,0.00102516,9.67815,12.146165,2023-08-01
24952,2023-07-28 12:01:00,19350.0,19592.6,33600,1676300,284.6,24.65,350,74850,0.931834,-0.132616,0.00075558,0.00091919,8.341361,11.179104,2023-08-01
19699,2023-07-28 12:01:00,19400.0,19592.6,463900,4387950,240.65,33.55,21600,148350,0.88468,-0.183046,0.00111664,0.00114467,8.344628,11.098845,2023-08-01
14443,2023-07-28 12:01:00,19450.0,19592.6,170800,2878900,202.15,44.7,8650,80250,0.80781,-0.244354,0.00150052,0.00136765,8.725669,10.996998,2023-08-01
9186,2023-07-28 12:01:00,19500.0,19592.6,1621150,7182700,166.9,59.85,93950,287400,0.718142,-0.318534,0.00180242,0.00155026,8.976545,11.030719,2023-08-01
3926,2023-07-28 12:01:00,19550.0,19592.6,993050,2973300,135.0,78.05,97350,255400,0.619657,-0.399881,0.00199916,0.00167635,9.127505,11.040987,2023-08-01
1295,2023-07-28 12:01:00,19600.0,19592.6,5762300,8925750,107.1,99.95,391450,578850,0.516536,-0.485477,0.00206437,0.00172432,9.250881,11.077409,2023-08-01
6557,2023-07-28 12:01:00,19650.0,19592.6,4791800,3116650,83.0,125.8,217500,205700,0.414822,-0.570694,0.00200191,0.00168636,9.329232,11.155822,2023-08-01
11814,2023-07-28 12:01:00,19700.0,19592.6,9364600,4765300,62.7,156.0,339350,266200,0.319709,-0.650227,0.00182687,0.00156658,9.375018,11.325278,2023-08-01
17071,2023-07-28 12:01:00,19750.0,19592.6,6140900,938750,46.25,189.45,153950,56150,0.236054,-0.721278,0.00156732,0.00139896,9.417028,11.502915,2023-08-01
22325,2023-07-28 12:01:00,19800.0,19592.6,12481550,4066450,34.1,227.35,211300,74450,0.169407,-0.778844,0.00126549,0.00119906,9.559067,11.866565,2023-08-01
27577,2023-07-28 12:01:00,19850.0,19592.6,3741350,513000,24.65,267.6,100150,19000,0.117316,-0.825684,0.00097399,0.00100583,9.684011,12.248201,2023-08-01
24953,2023-07-28 12:02:00,19350.0,19591.55,33150,1689600,280.35,24.55,550,108800,0.950365,-0.132659,0.00065479,0.00092305,7.503473,11.136325,2023-08-01
19700,2023-07-28 12:02:00,19400.0,19591.55,482200,4419400,239.65,33.55,15700,176550,0.883974,-0.183604,0.00112385,0.00115006,8.328315,11.069316,2023-08-01
14444,2023-07-28 12:02:00,19450.0,19591.55,170850,2877450,200.9,44.7,9300,76700,0.807773,-0.245143,0.00151068,0.00137431,8.66919,10.964246,2023-08-01
9187,2023-07-28 12:02:00,19500.0,19591.55,1621400,7090100,165.95,59.6,78750,340350,0.716739,-0.319202,0.00181155,0.00156091,8.953911,10.966602,2023-08-01
3927,2023-07-28 12:02:00,19550.0,19591.55,980100,2892300,133.8,78.05,96650,296200,0.618234,-0.401291,0.00201391,0.00168447,9.072126,10.999353,2023-08-01
1296,2023-07-28 12:02:00,19600.0,19591.55,5829000,8817700,106.1,100.3,422350,618300,0.514411,-0.487282,0.00207444,0.00172683,9.209144,11.064513,2023-08-01
6558,2023-07-28 12:02:00,19650.0,19591.55,4751800,3040150,82.05,126.0,247950,183850,0.412269,-0.572715,0.00200913,0.00169034,9.283709,11.120767,2023-08-01
11815,2023-07-28 12:02:00,19700.0,19591.55,9477500,4620300,61.9,156.0,519300,236400,0.317019,-0.652728,0.0018286,0.00157151,9.334135,11.261576,2023-08-01
17072,2023-07-28 12:02:00,19750.0,19591.55,6160350,901300,45.5,189.75,185750,48400,0.233238,-0.723509,0.00156512,0.0013988,9.369129,11.46075,2023-08-01
22326,2023-07-28 12:02:00,19800.0,19591.55,12400950,4044300,33.7,228.0,404800,99900,0.167591,-0.780346,0.00125933,0.0011957,9.540793,11.855208,2023-08-01
27578,2023-07-28 12:02:00,19850.0,19591.55,3760650,505600,24.3,267.75,127050,11400,0.115724,-0.828408,0.00096699,0.00100265,9.661381,12.166003,2023-08-01
24954,2023-07-28 12:03:00,19350.0,19586.0,33150,1689600,280.45,24.8,1350,62650,0.917282,-0.135593,0.00083675,0.00094627,8.734085,11.031667,2023-08-01
19701,2023-07-28 12:03:00,19400.0,19586.0,482200,4419400,238.25,33.6,18900,97650,0.862494,-0.186784,0.00118693,0.00117901,8.879524,10.917309,2023-08-01
14445,2023-07-28 12:03:00,19450.0,19586.0,170850,2877450,199.25,45.0,6450,89600,0.789965,-0.250124,0.00153073,0.00140764,9.025939,10.82425,2023-08-01
9188,2023-07-28 12:03:00,19500.0,19586.0,1621400,7090100,163.95,60.15,81150,315900,0.702232,-0.325915,0.00181103,0.00159501,9.171698,10.829017,2023-08-01
3928,2023-07-28 12:03:00,19550.0,19586.0,980100,2892300,132.45,78.45,65950,202450,0.604635,-0.409259,0.00198699,0.00172202,9.291304,10.816616,2023-08-01
1297,2023-07-28 12:03:00,19600.0,19586.0,5829000,8817700,104.85,101.0,359600,563100,0.502907,-0.496901,0.00203813,0.00175789,9.382505,10.87819,2023-08-01
6559,2023-07-28 12:03:00,19650.0,19586.0,4751800,3040150,81.05,127.15,203250,171600,0.402766,-0.583502,0.00196614,0.00170962,9.435961,10.939781,2023-08-01
11816,2023-07-28 12:03:00,19700.0,19586.0,9477500,4620300,60.9,157.2,357900,182950,0.309076,-0.66455,0.00178784,0.00158251,9.446676,11.041059,2023-08-01
17073,2023-07-28 12:03:00,19750.0,19586.0,6160350,901300,44.85,191.4,159550,43000,0.227418,-0.735336,0.00152498,0.00139623,9.48433,11.237921,2023-08-01
22327,2023-07-28 12:03:00,19800.0,19586.0,12400950,4044300,33.15,229.5,192050,68400,0.163157,-0.792859,0.00122559,0.00118525,9.638316,11.561906,2023-08-01
27579,2023-07-28 12:03:00,19850.0,19586.0,3760650,505600,24.05,270.3,160800,8000,0.113149,-0.838415,0.00094092,0.00098265,9.774867,11.945769,2023-08-01
24955,2023-07-28 12:04:00,19350.0,19583.7,33150,1689600,276.9,24.75,500,82950,0.923074,-0.136304,0.00082211,0.00095571,8.416229,10.964009,2023-08-01
19702,2023-07-28 12:04:00,19400.0,19583.7,482200,4419400,235.85,33.8,14100,190500,0.861782,-0.188656,0.0012015,0.00119076,8.804571,10.878603,2023-08-01
14446,2023-07-28 12:04:00,19450.0,19583.7,170850,2877450,197.15,45.15,2400,98900,0.787499,-0.252291,0.00154869,0.0014216,8.984318,10.769103,2023-08-01
9189,2023-07-28 12:04:00,19500.0,19583.7,1621400,7090100,162.5,60.5,155900,492150,0.697722,-0.328946,0.00182025,0.00160789,9.189363,10.784818,2023-08-01
3929,2023-07-28 12:04:00,19550.0,19583.7,980100,2892300,131.25,79.05,87650,310800,0.599829,-0.412981,0.00198891,0.00173121,9.314216,10.784547,2023-08-01
1298,2023-07-28 12:04:00,19600.0,19583.7,5829000,8817700,103.85,101.9,353750,788600,0.498227,-0.500958,0.00203361,0.00176118,9.405402,10.860392,2023-08-01
6560,2023-07-28 12:04:00,19650.0,19583.7,4751800,3040150,80.0,128.25,262800,244200,0.398226,-0.587561,0.00196093,0.00170837,9.434985,10.925384,2023-08-01
11817,2023-07-28 12:04:00,19700.0,19583.7,9477500,4620300,60.35,158.6,441700,265650,0.305569,-0.668205,0.00177326,0.00157606,9.478534,11.040659,2023-08-01
17074,2023-07-28 12:04:00,19750.0,19583.7,6160350,901300,44.35,192.5,171650,81500,0.224412,-0.739489,0.0015105,0.00139134,9.505348,11.188739,2023-08-01
22328,2023-07-28 12:04:00,19800.0,19583.7,12400950,4044300,32.7,231.15,202300,58300,0.16062,-0.795654,0.00121195,0.00117625,9.649741,11.559157,2023-08-01
27580,2023-07-28 12:04:00,19850.0,19583.7,3760650,505600,23.9,272.0,263300,8350,0.111932,-0.840896,0.00093006,0.00097378,9.814896,11.935601,2023-08-01
24956,2023-07-28 12:05:00,19350.0,19582.6,33250,1655700,275.0,24.75,800,59900,0.92708,-0.136726,0.00080866,0.00096035,8.215459,10.935666,2023-08-01
19703,2023-07-28 12:05:00,19400.0,19582.6,507450,4497450,236.05,33.75,15150,144350,0.855733,-0.189128,0.00121275,0.00119694,8.981214,10.840567,2023-08-01
14447,2023-07-28 12:05:00,19450.0,19582.6,172650,2877400,197.4,45.15,9100,118400,0.782246,-0.253168,0.00154661,0.00142902,9.126088,10.734319,2023-08-01
9190,2023-07-28 12:05:00,19500.0,19582.6,1682850,6975700,162.95,60.45,66050,458850,0.693155,-0.330066,0.00180592,0.001617,9.325574,10.74022,2023-08-01
3930,2023-07-28 12:05:00,19550.0,19582.6,994750,2847700,131.45,79.0,96400,386950,0.596759,-0.414518,0.00197395,0.00174095,9.40467,10.734942,2023-08-01
1299,2023-07-28 12:05:00,19600.0,19582.6,5925600,8682350,103.85,101.8,368350,712050,0.496034,-0.502943,0.00202128,0.00177133,9.463724,10.7994,2023-08-01
6561,2023-07-28 12:05:00,19650.0,19582.6,4809650,2985550,80.15,128.3,282350,237050,0.396773,-0.589913,0.00194597,0.00171481,9.499527,10.871136,2023-08-01
11818,2023-07-28 12:05:00,19700.0,19582.6,9742200,4540250,60.3,158.6,650650,306950,0.304327,-0.670986,0.0017633,0.00158089,9.516176,10.971424,2023-08-01
17075,2023-07-28 12:05:00,19750.0,19582.6,6138550,903000,44.45,192.85,201400,58250,0.223915,-0.741862,0.00150108,0.00139033,9.554352,11.145629,2023-08-01
22329,2023-07-28 12:05:00,19800.0,19582.6,12353050,4024650,32.75,230.85,221200,56200,0.160277,-0.799701,0.00120544,0.00117581,9.689696,11.427486,2023-08-01
27581,2023-07-28 12:05:00,19850.0,19582.6,3668350,498550,23.95,272.05,287300,6650,0.111787,-0.844168,0.00092576,0.0009693,9.852687,11.829854,2023-08-01
24957,2023-07-28 12:06:00,19350.0,19578.7,33250,1655700,271.0,26.4,1800,170800,0.926582,-0.143823,0.00082401,0.0009804,8.106766,11.089819,2023-08-01
19704,2023-07-28 12:06:00,19400.0,19578.7,507450,4497450,232.05,35.8,25750,321550,0.854127,-0.197264,0.00123841,0.00121046,8.863396,11.001773,2023-08-01
14448,2023-07-28 12:06:00,19450.0,19578.7,172650,2877400,192.9,47.75,18600,217100,0.781005,-0.262205,0.00158573,0.00143139,8.932653,10.916577,2023-08-01
9191,2023-07-28 12:06:00,19500.0,19578.7,1682850,6975700,158.3,63.6,202350,680600,0.690107,-0.33911,0.0018577,0.00160508,9.107585,10.938522,2023-08-01
3931,2023-07-28 12:06:00,19550.0,19578.7,994750,2847700,127.85,82.75,130650,562400,0.590172,-0.422791,0.00200919,0.00171384,9.279527,10.955386,2023-08-01
1300,2023-07-28 12:06:00,19600.0,19578.7,5925600,8682350,100.5,105.85,465050,1209050,0.487928,-0.509572,0.00204874,0.00173653,9.335708,11.016049,2023-08-01
6562,2023-07-28 12:06:00,19650.0,19578.7,4809650,2985550,77.55,132.7,326400,493050,0.388162,-0.594586,0.00195244,0.00167579,9.412993,11.0962,2023-08-01
11819,2023-07-28 12:06:00,19700.0,19578.7,9742200,4540250,58.3,163.3,397000,491150,0.29626,-0.673561,0.0017537,0.001543,9.455452,11.208364,2023-08-01
17076,2023-07-28 12:06:00,19750.0,19578.7,6138550,903000,43.2,198.3,206450,84800,0.217764,-0.741407,0.00147976,0.00135451,9.541351,11.454044,2023-08-01
22330,2023-07-28 12:06:00,19800.0,19578.7,12353050,4024650,31.9,237.15,418850,102250,0.155741,-0.795809,0.00118257,0.00114835,9.695396,11.839596,2023-08-01
27582,2023-07-28 12:06:00,19850.0,19578.7,3668350,498550,23.4,278.6,145150,9150,0.108702,-0.838518,0.00090564,0.00095503,9.874217,12.293693,2023-08-01
24958,2023-07-28 12:07:00,19300.0,19574.65,113000,3426900,313.35,19.15,5100,164850,0.956009,-0.102771,0.00054424,0.00077513,8.204884,11.081436,2023-08-01
19705,2023-07-28 12:07:00,19350.0,19574.65,33250,1655700,270.6,25.9,1200,268100,0.906388,-0.143817,0.00091407,0.00099722,8.775831,10.905586,2023-08-01
14449,2023-07-28 12:07:00,19400.0,19574.65,507450,4497450,230.4,35.3,27900,477900,0.842235,-0.198257,0.00126829,0.00123522,9.11989,10.817182,2023-08-01
9192,2023-07-28 12:07:00,19450.0,19574.65,172650,2877400,192.5,47.2,11500,229200,0.766337,-0.264373,0.00158555,0.00146415,9.269648,10.720356,2023-08-01
3932,2023-07-28 12:07:00,19500.0,19574.65,1682850,6975700,158.0,63.0,109000,707050,0.677718,-0.342815,0.00183454,0.00164414,9.38034,10.726053,2023-08-01
1301,2023-07-28 12:07:00,19550.0,19574.65,994750,2847700,127.45,82.3,108450,535800,0.580326,-0.42845,0.00197637,0.0017532,9.48785,10.741596,2023-08-01
6563,2023-07-28 12:07:00,19600.0,19574.65,5925600,8682350,100.25,105.65,542300,1046700,0.480096,-0.517027,0.00200825,0.00177014,9.519233,10.803331,2023-08-01
11820,2023-07-28 12:07:00,19650.0,19574.65,4809650,2985550,77.35,131.95,260750,353000,0.382236,-0.604232,0.00191223,0.00171178,9.570314,10.797967,2023-08-01
17077,2023-07-28 12:07:00,19700.0,19574.65,9742200,4540250,58.0,162.95,438650,355150,0.291639,-0.684461,0.00171938,0.00156324,9.577123,10.910863,2023-08-01
22331,2023-07-28 12:07:00,19750.0,19574.65,6138550,903000,42.7,197.55,183100,98550,0.213669,-0.754456,0.00145233,0.00136488,9.617941,11.063904,2023-08-01
27583,2023-07-28 12:07:00,19800.0,19574.65,12353050,4024650,31.65,235.85,325600,104250,0.153163,-0.811206,0.0011595,0.00114546,9.782602,11.32195,2023-08-01
24959,2023-07-28 12:08:00,19350.0,19583.7,34100,1743900,276.05,24.65,550,145050,0.927597,-0.135937,0.00080275,0.00095547,8.232437,10.950296,2023-08-01
19706,2023-07-28 12:08:00,19400.0,19583.7,532050,4511250,238.3,33.35,13700,358300,0.851598,-0.187308,0.00120802,0.00119236,9.190895,10.819655,2023-08-01
14450,2023-07-28 12:08:00,19450.0,19583.7,173750,2859050,199.65,44.65,11100,215550,0.779503,-0.251105,0.00152752,0.0014262,9.308719,10.711279,2023-08-01
9193,2023-07-28 12:08:00,19500.0,19583.7,1767150,6980100,164.35,59.65,143600,573300,0.693789,-0.327593,0.00179042,0.00161931,9.399545,10.694503,2023-08-01
3933,2023-07-28 12:08:00,19550.0,19583.7,1047450,2888200,132.45,78.1,116950,513300,0.598584,-0.41225,0.00196453,0.00174645,9.440615,10.689611,2023-08-01
1302,2023-07-28 12:08:00,19600.0,19583.7,6032200,8485050,104.5,100.5,482850,934500,0.498247,-0.501048,0.00201986,0.00178423,9.472632,10.723668,2023-08-01
6564,2023-07-28 12:08:00,19650.0,19583.7,4862900,2855700,80.9,126.45,304000,318350,0.399176,-0.589102,0.00194379,0.00173557,9.527367,10.748254,2023-08-01
11821,2023-07-28 12:08:00,19700.0,19583.7,10110950,4377450,60.6,156.65,485200,287750,0.306043,-0.67125,0.00176969,0.00159965,9.507367,10.841411,2023-08-01
17078,2023-07-28 12:08:00,19750.0,19583.7,6205600,907500,44.8,190.65,251900,62100,0.225622,-0.743458,0.00150705,0.00140615,9.559417,10.98685,2023-08-01
22332,2023-07-28 12:08:00,19800.0,19583.7,12282600,4020000,32.9,228.7,370550,80600,0.161247,-0.801849,0.00121187,0.00118505,9.678237,11.267262,2023-08-01
27584,2023-07-28 12:08:00,19850.0,19583.7,3629000,491400,24.0,268.65,226800,16750,0.112265,-0.850264,0.00093067,0.00097194,9.832602,11.49183,2023-08-01
24960,2023-07-28 12:09:00,19350.0,19588.0,34100,1743900,280.0,24.3,600,170300,0.930596,-0.133088,0.00077538,0.00093664,8.249448,11.007611,2023-08-01
19707,2023-07-28 12:09:00,19400.0,19588.0,532050,4511250,239.4,33.1,21750,176550,0.867073,-0.184169,0.00117055,0.00117002,8.800647,10.909688,2023-08-01
14451,2023-07-28 12:09:00,19450.0,19588.0,173750,2859050,200.75,44.1,17750,154450,0.793126,-0.246415,0.00151783,0.00140241,9.025194,10.782744,2023-08-01
9194,2023-07-28 12:09:00,19500.0,19588.0,1767150,6980100,165.6,59.15,164700,484450,0.705245,-0.322159,0.00179678,0.00159313,9.2051,10.794499,2023-08-01
3934,2023-07-28 12:09:00,19550.0,19588.0,1047450,2888200,133.85,77.4,162650,396750,0.608391,-0.405608,0.001978,0.00172266,9.312654,10.793162,2023-08-01
1303,2023-07-28 12:09:00,19600.0,19588.0,6032200,8485050,105.7,99.6,562800,893700,0.50696,-0.493402,0.00204252,0.00176543,9.364905,10.834974,2023-08-01
6565,2023-07-28 12:09:00,19650.0,19588.0,4862900,2855700,81.7,125.55,338150,293100,0.406411,-0.580523,0.00197584,0.00172072,9.414785,10.890743,2023-08-01
11822,2023-07-28 12:09:00,19700.0,19588.0,10110950,4377450,61.4,155.6,538850,220800,0.312146,-0.662005,0.00180032,0.00159311,9.425332,11.004278,2023-08-01
17079,2023-07-28 12:09:00,19750.0,19588.0,6205600,907500,45.15,189.05,236650,78000,0.229633,-0.734666,0.00153871,0.00141207,9.454769,11.130526,2023-08-01
22333,2023-07-28 12:09:00,19800.0,19588.0,12282600,4020000,33.3,227.35,359400,83150,0.164542,-0.792267,0.00123757,0.00119605,9.601418,11.481462,2023-08-01
27585,2023-07-28 12:09:00,19850.0,19588.0,3629000,491400,24.3,268.2,100800,5700,0.114605,-0.838033,0.00095115,0.00099041,9.762161,11.875126,2023-08-01
24961,2023-07-28 12:10:00,19350.0,19587.7,34100,1743900,277.0,24.1,350,81400,0.946312,-0.132507,0.00069122,0.00093726,7.572207,10.968344,2023-08-01
19708,2023-07-28 12:10:00,19400.0,19587.7,532050,4511250,240.2,32.9,20650,135600,0.862193,-0.183734,0.00117721,0.00117223,8.970673,10.874242,2023-08-01
14452,2023-07-28 12:10:00,19450.0,19587.7,173750,2859050,201.6,43.95,24650,91750,0.789097,-0.246286,0.00151155,0.00140569,9.167185,10.755624,2023-08-01
9195,2023-07-28 12:10:00,19500.0,19587.7,1767150,6980100,166.35,58.95,83700,277450,0.702575,-0.322148,0.00178325,0.00159801,9.314326,10.76245,2023-08-01
3935,2023-07-28 12:10:00,19550.0,19587.7,1047450,2888200,134.5,77.2,120800,232350,0.606862,-0.40586,0.00196199,0.00172824,9.399796,10.761056,2023-08-01
1304,2023-07-28 12:10:00,19600.0,19587.7,6032200,8485050,106.05,99.1,325750,450150,0.50633,-0.493927,0.00203163,0.00177595,9.416289,10.772034,2023-08-01
6566,2023-07-28 12:10:00,19650.0,19587.7,4862900,2855700,82.0,124.9,202300,146600,0.406254,-0.581676,0.00196665,0.00173259,9.458816,10.810666,2023-08-01
11823,2023-07-28 12:10:00,19700.0,19587.7,10110950,4377450,61.65,155.0,221250,147900,0.312305,-0.66365,0.00179361,0.00160188,9.463642,10.924439,2023-08-01
17080,2023-07-28 12:10:00,19750.0,19587.7,6205600,907500,45.55,188.9,126450,34100,0.230497,-0.735829,0.00153299,0.0014139,9.510959,11.092487,2023-08-01
22334,2023-07-28 12:10:00,19800.0,19587.7,12282600,4020000,33.55,226.15,220250,39200,0.165206,-0.796148,0.00123556,0.00120042,9.643124,11.31344,2023-08-01
27586,2023-07-28 12:10:00,19850.0,19587.7,3629000,491400,24.45,268.3,92850,9000,0.115046,-0.838701,0.00095081,0.00098925,9.793322,11.858237,2023-08-01
24962,2023-07-28 12:11:00,19350.0,19586.75,34100,1718050,277.0,24.25,0,54600,0.945665,-0.133376,0.0006979,0.00094164,7.572207,10.968084,2023-08-01
19709,2023-07-28 12:11:00,19400.0,19586.75,546550,4561150,239.95,33.1,7350,156300,0.858794,-0.184846,0.00118557,0.00117673,9.057486,10.874852,2023-08-01
14453,2023-07-28 12:11:00,19450.0,19586.75,189300,2842700,200.4,44.35,3550,52300,0.789174,-0.247972,0.00152136,0.0014086,9.107311,10.77408,2023-08-01
9196,2023-07-28 12:11:00,19500.0,19586.75,1778500,6943350,165.2,59.1,62400,195300,0.701939,-0.323404,0.00179567,0.00160334,9.260154,10.745378,2023-08-01
3936,2023-07-28 12:11:00,19550.0,19586.75,1100250,2848450,133.95,77.45,72950,158300,0.604952,-0.4074,0.00196391,0.00173209,9.404385,10.748626,2023-08-01
1305,2023-07-28 12:11:00,19600.0,19586.75,6194450,8439550,105.8,99.75,291200,374250,0.504394,-0.495619,0.00202635,0.00177287,9.442699,10.792817,2023-08-01
6567,2023-07-28 12:11:00,19650.0,19586.75,4918050,2768000,81.65,125.65,138950,105150,0.404464,-0.583142,0.00196293,0.00172765,9.467521,10.834557,2023-08-01
11824,2023-07-28 12:11:00,19700.0,19586.75,10271550,4295150,61.25,155.45,189600,159050,0.310507,-0.665376,0.00179014,0.00160076,9.459543,10.91152,2023-08-01
17081,2023-07-28 12:11:00,19750.0,19586.75,6242300,887950,45.3,189.2,99150,25450,0.229127,-0.737895,0.00152737,0.00141312,9.515447,11.055605,2023-08-01
22335,2023-07-28 12:11:00,19800.0,19586.75,12199950,4000800,33.5,227.4,181950,19900,0.16459,-0.795913,0.00122982,0.00119438,9.665978,11.380011,2023-08-01
27587,2023-07-28 12:11:00,19850.0,19586.75,3644050,484900,24.3,268.2,58500,1200,0.114219,-0.841929,0.00094568,0.00098546,9.7973,11.749031,2023-08-01
24963,2023-07-28 12:12:00,19350.0,19577.7,34150,1718050,274.65,25.55,1100,89300,0.902555,-0.141354,0.0009135,0.00098323,9.046943,10.935143,2023-08-01
19710,2023-07-28 12:12:00,19400.0,19577.7,546550,4561150,235.0,34.65,11950,172350,0.837974,-0.194545,0.00124758,0.00122086,9.436804,10.822614,2023-08-01
14454,2023-07-28 12:12:00,19450.0,19577.7,189300,2842700,195.75,46.25,13250,111950,0.768292,-0.259665,0.00155783,0.00145248,9.393113,10.710215,2023-08-01
9197,2023-07-28 12:12:00,19500.0,19577.7,1778500,6943350,161.5,61.9,69750,344000,0.680523,-0.337718,0.00179742,0.00163578,9.541765,10.722147,2023-08-01
3937,2023-07-28 12:12:00,19550.0,19577.7,1100250,2848450,130.4,80.9,95600,312100,0.585356,-0.423018,0.00194729,0.00175114,9.606155,10.729155,2023-08-01
1306,2023-07-28 12:12:00,19600.0,19577.7,6194450,8439550,102.6,103.65,355900,681950,0.48634,-0.511731,0.00199337,0.00177963,9.59915,10.753699,2023-08-01
6568,2023-07-28 12:12:00,19650.0,19577.7,4918050,2768000,79.1,129.95,199900,209750,0.388545,-0.599332,0.00191285,0.00172235,9.615862,10.769758,2023-08-01
11825,2023-07-28 12:12:00,19700.0,19577.7,10271550,4295150,59.45,160.5,297500,241900,0.297614,-0.680627,0.00172853,0.00157954,9.618496,10.856421,2023-08-01
17082,2023-07-28 12:12:00,19750.0,19577.7,6242300,887950,43.95,194.5,118700,34250,0.219148,-0.752449,0.00146695,0.00138422,9.665186,10.959885,2023-08-01
22336,2023-07-28 12:12:00,19800.0,19577.7,12199950,4000800,32.5,233.3,214900,50100,0.157232,-0.808515,0.00117706,0.00115917,9.807527,11.288821,2023-08-01
27588,2023-07-28 12:12:00,19850.0,19577.7,3644050,484900,23.7,272.8,88450,1750,0.10946,-0.857759,0.00090368,0.00094595,9.95076,11.414416,2023-08-01
24964,2023-07-28 12:13:00,19350.0,19578.45,34150,1718050,277.9,25.0,100,43250,0.891619,-0.139175,0.00093713,0.0009788,9.527877,10.869828,2023-08-01
19711,2023-07-28 12:13:00,19400.0,19578.45,546550,4561150,237.35,34.0,4350,118900,0.832567,-0.19221,0.00124104,0.00121924,9.690855,10.757952,2023-08-01
14455,2023-07-28 12:13:00,19450.0,19578.45,189300,2842700,198.2,45.4,2250,70700,0.764046,-0.257096,0.00153526,0.0014554,9.627995,10.63433,2023-08-01
9198,2023-07-28 12:13:00,19500.0,19578.45,1778500,6943350,163.85,60.6,40100,243900,0.678432,-0.334899,0.00176485,0.00164777,9.744782,10.609894,2023-08-01
3938,2023-07-28 12:13:00,19550.0,19578.45,1100250,2848450,132.4,79.3,59500,212450,0.585493,-0.420804,0.00191556,0.00177086,9.764975,10.598353,2023-08-01
1307,2023-07-28 12:13:00,19600.0,19578.45,6194450,8439550,104.45,101.95,226600,396050,0.488071,-0.510587,0.00196406,0.00180196,9.744205,10.621745,2023-08-01
6569,2023-07-28 12:13:00,19650.0,19578.45,4918050,2768000,80.65,127.95,109800,117050,0.391366,-0.599542,0.00189274,0.00174775,9.73846,10.61226,2023-08-01
11826,2023-07-28 12:13:00,19700.0,19578.45,10271550,4295150,60.65,158.1,229850,129350,0.300785,-0.682664,0.00171936,0.00160496,9.71687,10.656203,2023-08-01
17083,2023-07-28 12:13:00,19750.0,19578.45,6242300,887950,44.7,192.15,77050,16550,0.221707,-0.755567,0.00146739,0.001401,9.727262,10.755697,2023-08-01
22337,2023-07-28 12:13:00,19800.0,19578.45,12199950,4000800,33.15,230.8,190300,21800,0.159661,-0.812799,0.00118141,0.00116774,9.870626,11.051474,2023-08-01
27589,2023-07-28 12:13:00,19850.0,19578.45,3644050,484900,24.1,270.55,45800,1850,0.111085,-0.861985,0.00090953,0.00094572,9.992201,11.186093,2023-08-01
24965,2023-07-28 12:14:00,19350.0,19579.95,34150,1717800,277.7,25.15,600,42500,0.899599,-0.13908,0.00091282,0.00097267,9.254337,10.933394,2023-08-01
19712,2023-07-28 12:14:00,19400.0,19579.95,550800,4560900,238.2,34.25,4000,77600,0.835717,-0.192059,0.00123248,0.00120992,9.639245,10.835624,2023-08-01
14456,2023-07-28 12:14:00,19450.0,19579.95,184700,2857850,198.65,45.55,3400,78200,0.768257,-0.256202,0.00153321,0.00144372,9.545252,10.701037,2023-08-01
9199,2023-07-28 12:14:00,19500.0,19579.95,1786950,6977450,164.25,60.75,39300,199650,0.682221,-0.333443,0.00176827,0.00163401,9.677855,10.681021,2023-08-01
3939,2023-07-28 12:14:00,19550.0,19579.95,1109100,2932850,132.4,79.45,54900,156200,0.589149,-0.418702,0.00192966,0.00175609,9.673593,10.675926,2023-08-01
1308,2023-07-28 12:14:00,19600.0,19579.95,6202600,8520650,104.3,101.9,203050,331150,0.490887,-0.507812,0.00198307,0.00179104,9.652657,10.688319,2023-08-01
6570,2023-07-28 12:14:00,19650.0,19579.95,4925450,2796800,80.4,127.7,107300,76800,0.393191,-0.59639,0.00191296,0.00174176,9.648116,10.670358,2023-08-01
11827,2023-07-28 12:14:00,19700.0,19579.95,10367150,4297600,60.6,158.3,197950,103000,0.302177,-0.678388,0.00173397,0.00159631,9.65511,10.774355,2023-08-01
17084,2023-07-28 12:14:00,19750.0,19579.95,6308650,888250,44.95,191.65,115200,14000,0.223399,-0.752263,0.00147693,0.00140332,9.70647,10.815576,2023-08-01
22338,2023-07-28 12:14:00,19800.0,19579.95,12151150,3993050,33.3,230.2,187350,22600,0.160805,-0.809682,0.00118991,0.00117295,9.84602,11.11497,2023-08-01
27590,2023-07-28 12:14:00,19850.0,19579.95,3651650,482850,24.25,270.55,46300,1750,0.112037,-0.857035,0.00091666,0.0009546,9.975252,11.350457,2023-08-01
24966,2023-07-28 12:15:00,19350.0,19578.8,34000,1717800,279.0,24.95,400,45100,0.888545,-0.138851,0.00094201,0.00097718,9.672146,10.872271,2023-08-01
19713,2023-07-28 12:15:00,19400.0,19578.8,550800,4560900,238.6,33.85,3450,71850,0.829591,-0.191553,0.00123739,0.00121789,9.831543,10.748966,2023-08-01
14457,2023-07-28 12:15:00,19450.0,19578.8,184700,2857850,199.05,45.45,1250,45700,0.762934,-0.256913,0.00152768,0.00145259,9.702312,10.652529,2023-08-01
9200,2023-07-28 12:15:00,19500.0,19578.8,1786950,6977450,164.3,60.5,34750,145950,0.678651,-0.334346,0.00176009,0.00164651,9.769815,10.612747,2023-08-01
3940,2023-07-28 12:15:00,19550.0,19578.8,1109100,2932850,132.85,79.3,41100,150700,0.585953,-0.420288,0.00191026,0.0017681,9.790996,10.613701,2023-08-01
1309,2023-07-28 12:15:00,19600.0,19578.8,6202600,8520650,105.05,101.4,178700,312850,0.488813,-0.510018,0.00195587,0.00180858,9.786984,10.584826,2023-08-01
6571,2023-07-28 12:15:00,19650.0,19578.8,4925450,2796800,81.05,127.6,105550,77350,0.392292,-0.599097,0.00188924,0.00175096,9.764415,10.597485,2023-08-01
11828,2023-07-28 12:15:00,19700.0,19578.8,10367150,4297600,60.95,157.5,166000,56700,0.301719,-0.682772,0.00171856,0.00161085,9.736411,10.617311,2023-08-01
17085,2023-07-28 12:15:00,19750.0,19578.8,6308650,888250,44.9,191.4,74950,13950,0.222475,-0.756277,0.0014686,0.00140636,9.739899,10.699506,2023-08-01
22339,2023-07-28 12:15:00,19800.0,19578.8,12151150,3993050,33.2,229.5,112500,14500,0.159963,-0.815242,0.00118336,0.00117194,9.868029,10.924158,2023-08-01
27591,2023-07-28 12:15:00,19850.0,19578.8,3651650,482850,24.25,270.2,100250,650,0.111702,-0.861906,0.00091195,0.00094704,10.006857,11.176586,2023-08-01
24967,2023-07-28 12:16:00,19300.0,19574.95,117750,3541200,321.9,18.5,2400,95600,0.915537,-0.100212,0.00072848,0.00076903,10.207554,10.974244,2023-08-01
19714,2023-07-28 12:16:00,19350.0,19574.95,34000,1717800,277.65,25.15,100,66000,0.877005,-0.141091,0.0009767,0.00099455,10.005844,10.802199,2023-08-01
14458,2023-07-28 12:16:00,19400.0,19574.95,550800,4560900,237.55,34.3,12800,160000,0.818001,-0.195141,0.00125398,0.00123802,10.116943,10.697578,2023-08-01
9201,2023-07-28 12:16:00,19450.0,19574.95,184700,2857850,199.35,45.7,3700,192650,0.74878,-0.260703,0.00151666,0.00147718,10.086151,10.557911,2023-08-01
3941,2023-07-28 12:16:00,19500.0,19574.95,1786950,6977450,163.8,61.1,71550,332900,0.668261,-0.339655,0.00174282,0.00166892,9.998084,10.537446,2023-08-01
1310,2023-07-28 12:16:00,19550.0,19574.95,1109100,2932850,132.0,79.65,93550,322400,0.577489,-0.426308,0.00189075,0.00179479,9.939145,10.489949,2023-08-01
6572,2023-07-28 12:16:00,19600.0,19574.95,6202600,8520650,104.3,102.0,313300,543600,0.481564,-0.51724,0.00193067,0.0018294,9.910815,10.460859,2023-08-01
11829,2023-07-28 12:16:00,19650.0,19574.95,4925450,2796800,80.35,128.25,153900,151000,0.386191,-0.607368,0.00186235,0.00176643,9.863938,10.448768,2023-08-01
17086,2023-07-28 12:16:00,19700.0,19574.95,10367150,4297600,60.5,158.7,354200,223550,0.297036,-0.691119,0.0016896,0.00161218,9.836045,10.490419,2023-08-01
22340,2023-07-28 12:16:00,19750.0,19574.95,6308650,888250,44.7,192.4,105200,32450,0.219356,-0.765678,0.00144149,0.00140151,9.845943,10.511024,2023-08-01
27592,2023-07-28 12:16:00,19800.0,19574.95,12151150,3993050,33.3,230.5,153600,35200,0.158584,-0.825065,0.00116189,0.00115774,9.99633,10.688054,2023-08-01
24968,2023-07-28 12:17:00,19300.0,19566.7,117550,3567200,313.2,19.0,3550,133400,0.915395,-0.104422,0.00075057,0.00080078,9.92471,10.864787,2023-08-01
19715,2023-07-28 12:17:00,19350.0,19566.7,33950,1716500,270.9,25.85,1100,98800,0.867941,-0.146962,0.0010231,0.00103347,10.041285,10.690628,2023-08-01
14459,2023-07-28 12:17:00,19400.0,19566.7,550150,4584500,232.5,35.15,11400,186550,0.802986,-0.202684,0.00129225,0.00128283,10.313359,10.567939,2023-08-01
9202,2023-07-28 12:17:00,19450.0,19566.7,186650,2906450,193.5,46.9,5350,164400,0.735716,-0.270597,0.00155483,0.00152471,10.106007,10.429086,2023-08-01
3942,2023-07-28 12:17:00,19500.0,19566.7,1791750,6944600,160.05,62.4,94900,446500,0.651211,-0.351367,0.00174547,0.00171791,10.181164,10.372318,2023-08-01
1311,2023-07-28 12:17:00,19550.0,19566.7,1103650,2944400,128.75,81.4,89600,431650,0.560918,-0.440276,0.00187524,0.00183622,10.10044,10.319862,2023-08-01
6573,2023-07-28 12:17:00,19600.0,19566.7,6294350,8550900,101.6,104.15,365150,795350,0.466212,-0.532998,0.00189833,0.00185917,10.059306,10.272881,2023-08-01
11830,2023-07-28 12:17:00,19650.0,19566.7,4931950,2776900,78.35,131.0,181250,216100,0.372903,-0.624176,0.00181474,0.00177738,10.019953,10.255873,2023-08-01
17087,2023-07-28 12:17:00,19700.0,19566.7,10461700,4329150,58.75,161.8,310300,256650,0.285702,-0.708523,0.00163929,0.00160629,9.960597,10.261479,2023-08-01
22341,2023-07-28 12:17:00,19750.0,19566.7,6350100,889150,43.4,196.1,151400,33450,0.210519,-0.782561,0.001391,0.00137615,9.96759,10.266633,2023-08-01
27593,2023-07-28 12:17:00,19800.0,19566.7,12162650,3989150,32.05,234.95,240400,50950,0.151095,-0.839971,0.00111704,0.00111856,10.075709,10.450689,2023-08-01
24969,2023-07-28 12:18:00,19300.0,19571.1,117550,3567200,317.55,18.85,2600,161250,0.916702,-0.102588,0.00073482,0.00078459,10.018141,10.945789,2023-08-01
19716,2023-07-28 12:18:00,19350.0,19571.1,33950,1716500,274.6,25.6,2600,93550,0.872388,-0.144219,0.0009989,0.00101275,10.042084,10.770472,2023-08-01
14460,2023-07-28 12:18:00,19400.0,19571.1,550150,4584500,233.4,34.8,10600,198650,0.816682,-0.19892,0.00127899,0.00125828,9.967621,10.652124,2023-08-01
9203,2023-07-28 12:18:00,19450.0,19571.1,186650,2906450,195.9,46.5,9900,124250,0.744453,-0.265814,0.00154217,0.00149676,10.012409,10.527415,2023-08-01
3943,2023-07-28 12:18:00,19500.0,19571.1,1791750,6944600,160.85,62.0,69750,438400,0.662146,-0.345491,0.00176315,0.00168738,9.957474,10.493277,2023-08-01
1312,2023-07-28 12:18:00,19550.0,19571.1,1103650,2944400,129.5,80.95,84450,339200,0.57034,-0.433058,0.00190199,0.00180589,9.917677,10.461084,2023-08-01
6574,2023-07-28 12:18:00,19600.0,19571.1,6294350,8550900,102.15,103.4,363750,664000,0.474071,-0.524423,0.00193251,0.00183653,9.894631,10.414219,2023-08-01
11831,2023-07-28 12:18:00,19650.0,19571.1,4931950,2776900,78.45,130.15,187850,180900,0.37874,-0.614469,0.00185632,0.00176228,9.841939,10.422672,2023-08-01
17088,2023-07-28 12:18:00,19700.0,19571.1,10461700,4329150,58.85,160.55,482250,353700,0.289969,-0.69843,0.00167628,0.00160518,9.807835,10.428559,2023-08-01
22342,2023-07-28 12:18:00,19750.0,19571.1,6350100,889150,43.2,194.65,161300,34600,0.212715,-0.7722,0.00142314,0.00138686,9.800466,10.459849,2023-08-01
27594,2023-07-28 12:18:00,19800.0,19571.1,12162650,3989150,31.9,232.55,257900,54500,0.152414,-0.832082,0.00114014,0.00114008,9.927377,10.57716,2023-08-01
24970,2023-07-28 12:19:00,19300.0,19574.7,117550,3567200,322.2,18.45,3350,98750,0.913148,-0.100075,0.0007362,0.00076942,10.316468,10.960513,2023-08-01
19717,2023-07-28 12:19:00,19350.0,19574.7,33950,1716500,277.6,24.9,500,81250,0.876104,-0.140315,0.000979,0.00099515,10.036137,10.758191,2023-08-01
14461,2023-07-28 12:19:00,19400.0,19574.7,550150,4584500,238.05,33.75,14250,146600,0.815432,-0.193659,0.00125306,0.00124182,10.21598,10.618239,2023-08-01
9204,2023-07-28 12:19:00,19450.0,19574.7,186650,2906450,198.7,45.0,26600,161150,0.749558,-0.259288,0.00152263,0.00148601,10.032786,10.46846,2023-08-01
3944,2023-07-28 12:19:00,19500.0,19574.7,1791750,6944600,164.2,60.25,86500,308700,0.666875,-0.338652,0.00173508,0.00168331,10.061986,10.438265,2023-08-01
1313,2023-07-28 12:19:00,19550.0,19574.7,1103650,2944400,132.35,78.95,101200,271350,0.57664,-0.42623,0.00188203,0.001809,9.992091,10.409928,2023-08-01
6575,2023-07-28 12:19:00,19600.0,19574.7,6294350,8550900,104.65,101.2,309250,494450,0.481177,-0.517908,0.00192148,0.0018456,9.960385,10.371008,2023-08-01
11832,2023-07-28 12:19:00,19650.0,19574.7,4931950,2776900,80.5,127.15,148600,115050,0.38601,-0.609151,0.0018573,0.00178563,9.892014,10.325943,2023-08-01
17089,2023-07-28 12:19:00,19700.0,19574.7,10461700,4329150,60.6,157.35,241350,117500,0.296977,-0.694307,0.00168611,0.00162963,9.858143,10.333517,2023-08-01
22343,2023-07-28 12:19:00,19750.0,19574.7,6350100,889150,44.45,191.45,105500,15500,0.218489,-0.768846,0.00144131,0.00140831,9.827395,10.384189,2023-08-01
27595,2023-07-28 12:19:00,19800.0,19574.7,12162650,3989150,32.95,229.5,200300,45850,0.157335,-0.828866,0.00116039,0.00115817,9.960049,10.538377,2023-08-01
24971,2023-07-28 12:20:00,19350.0,19580.85,33950,1711900,278.3,24.35,350,92850,0.901191,-0.13594,0.00090537,0.00096682,9.226402,10.834321,2023-08-01
19718,2023-07-28 12:20:00,19400.0,19580.85,561350,4603000,240.95,33.05,12050,128100,0.829666,-0.187968,0.00122437,0.0012094,9.936429,10.702755,2023-08-01
14462,2023-07-28 12:20:00,19450.0,19580.85,189050,2887950,201.5,44.15,10050,145950,0.763492,-0.252169,0.0015079,0.00145072,9.819946,10.56598,2023-08-01
9205,2023-07-28 12:20:00,19500.0,19580.85,1835400,6972000,166.3,58.8,113050,343600,0.681101,-0.329353,0.00174231,0.00165396,9.841107,10.505232,2023-08-01
3945,2023-07-28 12:20:00,19550.0,19580.85,1172650,2961250,134.4,76.95,170350,279550,0.589567,-0.415524,0.00189992,0.00178989,9.827172,10.4613,2023-08-01
1314,2023-07-28 12:20:00,19600.0,19580.85,6529100,8413300,106.3,98.85,426500,649350,0.492819,-0.506495,0.00195268,0.00183605,9.808313,10.431668,2023-08-01
6576,2023-07-28 12:20:00,19650.0,19580.85,4952450,2745200,82.0,124.75,193250,169200,0.396187,-0.597155,0.00189347,0.00178213,9.772181,10.42836,2023-08-01
11833,2023-07-28 12:20:00,19700.0,19580.85,10574550,4270300,61.6,154.4,271200,148350,0.305026,-0.682616,0.00172871,0.00164062,9.729601,10.430095,2023-08-01
17090,2023-07-28 12:20:00,19750.0,19580.85,6367150,884850,45.3,188.05,147950,46450,0.224923,-0.757974,0.00148119,0.0014302,9.720419,10.484755,2023-08-01
22344,2023-07-28 12:20:00,19800.0,19580.85,12239150,3972050,33.45,225.75,181900,54700,0.161652,-0.81908,0.00119496,0.00118668,9.842542,10.651356,2023-08-01
27596,2023-07-28 12:20:00,19850.0,19580.85,3655850,485500,24.35,266.2,140450,7900,0.112611,-0.867327,0.00092092,0.00094971,9.970089,10.846728,2023-08-01
24972,2023-07-28 12:21:00,19350.0,19586.4,35800,1711900,282.75,24.05,1900,72650,0.907992,-0.132755,0.00086621,0.0009425,9.148395,10.932218,2023-08-01
19719,2023-07-28 12:21:00,19400.0,19586.4,561350,4603000,242.6,32.4,17400,119700,0.846667,-0.182886,0.00119317,0.00118089,9.519016,10.774034,2023-08-01
14463,2023-07-28 12:21:00,19450.0,19586.4,189050,2887950,203.0,43.25,18500,79950,0.779564,-0.245567,0.00150036,0.00142078,9.48475,10.635211,2023-08-01
9206,2023-07-28 12:21:00,19500.0,19586.4,1835400,6972000,167.35,58.0,103700,324550,0.696174,-0.321944,0.00176017,0.001621,9.537047,10.617531,2023-08-01
3946,2023-07-28 12:21:00,19550.0,19586.4,1172650,2961250,135.35,76.1,135000,254900,0.602515,-0.40678,0.00193304,0.00175705,9.578651,10.601006,2023-08-01
1315,2023-07-28 12:21:00,19600.0,19586.4,6529100,8413300,107.3,97.55,456400,579600,0.503642,-0.4963,0.00199133,0.00181302,9.617216,10.563025,2023-08-01
6577,2023-07-28 12:21:00,19650.0,19586.4,4952450,2745200,82.75,123.35,225150,138250,0.405002,-0.585858,0.00193821,0.00176619,9.599685,10.591479,2023-08-01
11834,2023-07-28 12:21:00,19700.0,19586.4,10574550,4270300,62.0,152.95,259750,160950,0.311531,-0.670251,0.00177575,0.00163407,9.557993,10.636094,2023-08-01
17091,2023-07-28 12:21:00,19750.0,19586.4,6367150,884850,45.55,186.55,98700,25200,0.229485,-0.744745,0.00152251,0.00143583,9.562347,10.741827,2023-08-01
22345,2023-07-28 12:21:00,19800.0,19586.4,12239150,3972050,33.55,223.8,170300,44700,0.16452,-0.806441,0.00122754,0.00120664,9.689516,10.919717,2023-08-01
27597,2023-07-28 12:21:00,19850.0,19586.4,3655850,485500,24.4,265.0,87150,3500,0.114409,-0.852281,0.00094463,0.00098143,9.828288,11.288747,2023-08-01
24973,2023-07-28 12:22:00,19350.0,19590.4,35800,1711900,285.2,23.8,1650,142050,0.916548,-0.130388,0.00082489,0.00092531,8.930845,10.996583,2023-08-01
19720,2023-07-28 12:22:00,19400.0,19590.4,561350,4603000,243.15,32.25,16900,218950,0.862334,-0.180246,0.00116158,0.00115993,9.092999,10.868075,2023-08-01
14464,2023-07-28 12:22:00,19450.0,19590.4,189050,2887950,203.6,43.1,12350,141950,0.793356,-0.2421,0.00149487,0.00139546,9.166706,10.744075,2023-08-01
9207,2023-07-28 12:22:00,19500.0,19590.4,1835400,6972000,167.8,57.75,108050,342150,0.708298,-0.31727,0.00177648,0.00159361,9.274408,10.732761,2023-08-01
3947,2023-07-28 12:22:00,19550.0,19590.4,1172650,2961250,136.0,75.5,131150,352450,0.6123,-0.400641,0.00195785,0.00173369,9.390754,10.701136,2023-08-01
1316,2023-07-28 12:22:00,19600.0,19590.4,6529100,8413300,107.8,97.25,481250,573750,0.511732,-0.489147,0.00202461,0.00178594,9.454299,10.718381,2023-08-01
6578,2023-07-28 12:22:00,19650.0,19590.4,4952450,2745200,83.15,122.8,301250,179000,0.411426,-0.577569,0.00197434,0.00174735,9.459144,10.751347,2023-08-01
11835,2023-07-28 12:22:00,19700.0,19590.4,10574550,4270300,62.65,152.15,390950,203600,0.317059,-0.661225,0.00180553,0.00162548,9.470339,10.805192,2023-08-01
17092,2023-07-28 12:22:00,19750.0,19590.4,6367150,884850,46.0,186.0,240750,37100,0.2336,-0.734404,0.00155118,0.00143374,9.47795,10.978428,2023-08-01
22346,2023-07-28 12:22:00,19800.0,19590.4,12239150,3972050,33.95,223.05,178750,55650,0.167708,-0.795925,0.00125163,0.00121631,9.620491,11.182662,2023-08-01
27598,2023-07-28 12:22:00,19850.0,19590.4,3655850,485500,24.75,263.5,162800,6600,0.116863,-0.843677,0.00096434,0.00099967,9.772389,11.506091,2023-08-01
24974,2023-07-28 12:23:00,19350.0,19581.45,35800,1644050,280.0,24.55,250,143150,0.896446,-0.136377,0.00091497,0.0009648,9.44914,10.883245,2023-08-01
19721,2023-07-28 12:23:00,19400.0,19581.45,561600,4608400,239.25,33.05,13600,125600,0.8381,-0.187607,0.00122363,0.00120611,9.623662,10.721565,2023-08-01
14465,2023-07-28 12:23:00,19450.0,19581.45,183850,2908550,200.9,44.15,6200,89300,0.767297,-0.251667,0.00151437,0.00144668,9.69285,10.586641,2023-08-01
9208,2023-07-28 12:23:00,19500.0,19581.45,1811000,6973050,165.8,59.25,61400,215650,0.683825,-0.329398,0.00175375,0.00164318,9.74367,10.57708,2023-08-01
3948,2023-07-28 12:23:00,19550.0,19581.45,1168000,2978700,133.85,77.65,63800,206150,0.591509,-0.415178,0.00191591,0.00177347,9.736173,10.558495,2023-08-01
1317,2023-07-28 12:23:00,19600.0,19581.45,6638400,8366000,105.6,99.7,326050,473400,0.493871,-0.505303,0.00197296,0.00181675,9.710084,10.545298,2023-08-01
6579,2023-07-28 12:23:00,19650.0,19581.45,4993050,2783600,81.5,125.3,225850,131750,0.396483,-0.595291,0.00190879,0.00176954,9.697846,10.517211,2023-08-01
11836,2023-07-28 12:23:00,19700.0,19581.45,10622700,4233600,61.25,155.25,293750,106750,0.304926,-0.67959,0.00173913,0.00162756,9.672012,10.558187,2023-08-01
17093,2023-07-28 12:23:00,19750.0,19581.45,6445700,880200,45.2,189.35,102600,23700,0.225045,-0.753168,0.0014865,0.00141969,9.690831,10.677232,2023-08-01
22347,2023-07-28 12:23:00,19800.0,19581.45,12242700,3954600,33.35,227.15,133150,40200,0.161581,-0.813273,0.0011984,0.00118503,9.813654,10.880607,2023-08-01
27599,2023-07-28 12:23:00,19850.0,19581.45,3655800,483100,24.3,268.0,162550,3100,0.112589,-0.85981,0.000923,0.00095829,9.948362,11.165211,2023-08-01
24975,2023-07-28 12:24:00,19350.0,19578.55,35550,1644050,277.75,24.95,300,189100,0.892623,-0.138894,0.0009347,0.00097831,9.497571,10.870322,2023-08-01
19722,2023-07-28 12:24:00,19400.0,19578.55,561600,4608400,238.05,33.7,9750,113350,0.830434,-0.191205,0.00123959,0.00122007,9.790504,10.726011,2023-08-01
14466,2023-07-28 12:24:00,19450.0,19578.55,183850,2908550,198.75,45.05,8750,100500,0.762818,-0.256153,0.00153021,0.00145849,9.696341,10.601264,2023-08-01
9209,2023-07-28 12:24:00,19500.0,19578.55,1811000,6973050,163.75,60.1,58100,317200,0.678868,-0.33399,0.00176717,0.00165459,9.735464,10.564634,2023-08-01
3949,2023-07-28 12:24:00,19550.0,19578.55,1168000,2978700,131.9,78.6,93650,304750,0.58611,-0.42017,0.00192625,0.00178235,9.716383,10.536267,2023-08-01
1318,2023-07-28 12:24:00,19600.0,19578.55,6638400,8366000,104.25,100.65,296900,549600,0.488173,-0.510638,0.00196927,0.00182408,9.727424,10.502549,2023-08-01
6580,2023-07-28 12:24:00,19650.0,19578.55,4993050,2783600,80.3,126.85,200900,170750,0.391047,-0.600474,0.0019002,0.00176489,9.706943,10.512408,2023-08-01
11837,2023-07-28 12:24:00,19700.0,19578.55,10622700,4233600,60.5,157.4,264950,141900,0.300511,-0.683727,0.00172235,0.0016136,9.704895,10.593848,2023-08-01
17094,2023-07-28 12:24:00,19750.0,19578.55,6445700,880200,44.6,191.0,178550,36400,0.221425,-0.758103,0.00146879,0.00140981,9.719831,10.638121,2023-08-01
22348,2023-07-28 12:24:00,19800.0,19578.55,12242700,3954600,32.95,229.5,146500,74100,0.158985,-0.816204,0.0011818,0.00117125,9.848979,10.903467,2023-08-01
27600,2023-07-28 12:24:00,19850.0,19578.55,3655800,483100,24.15,271.05,272850,5200,0.111221,-0.86035,0.00091006,0.00094721,10.004419,11.268834,2023-08-01
24976,2023-07-28 12:25:00,19350.0,19581.25,35550,1644050,277.75,24.8,0,55350,0.895142,-0.137301,0.00091876,0.00096632,9.497571,10.918454,2023-08-01
19723,2023-07-28 12:25:00,19400.0,19581.25,561600,4608400,238.65,33.6,5750,128000,0.839443,-0.189341,0.00122514,0.00120535,9.561435,10.791309,2023-08-01
14467,2023-07-28 12:25:00,19450.0,19581.25,183850,2908550,199.35,44.95,3100,50750,0.770991,-0.253702,0.00152839,0.00144082,9.520198,10.676802,2023-08-01
9210,2023-07-28 12:25:00,19500.0,19581.25,1811000,6973050,164.7,59.75,56750,135350,0.685298,-0.33041,0.0017696,0.00163807,9.638926,10.625018,2023-08-01
3950,2023-07-28 12:25:00,19550.0,19581.25,1168000,2978700,133.0,78.4,50900,128250,0.591777,-0.41604,0.00193043,0.00176309,9.663102,10.627547,2023-08-01
1319,2023-07-28 12:25:00,19600.0,19581.25,6638400,8366000,105.1,100.15,182950,255850,0.493424,-0.505642,0.00198095,0.00181088,9.672477,10.58125,2023-08-01
6581,2023-07-28 12:25:00,19650.0,19581.25,4993050,2783600,81.2,126.85,117150,77500,0.39586,-0.594341,0.00191219,0.00174695,9.678222,10.661379,2023-08-01
11838,2023-07-28 12:25:00,19700.0,19581.25,10622700,4233600,61.15,157.0,160250,61900,0.304512,-0.677247,0.00173865,0.00160704,9.67059,10.727375,2023-08-01
17095,2023-07-28 12:25:00,19750.0,19581.25,6445700,880200,45.0,191.0,95450,9750,0.22435,-0.750059,0.00148643,0.00140719,9.675997,10.846155,2023-08-01
22349,2023-07-28 12:25:00,19800.0,19581.25,12242700,3954600,33.25,228.4,100600,16050,0.161154,-0.810562,0.00119724,0.00118112,9.808029,11.016153,2023-08-01
27601,2023-07-28 12:25:00,19850.0,19581.25,3655800,483100,24.4,270.0,143350,900,0.112872,-0.854592,0.0009228,0.00096067,9.970159,11.418099,2023-08-01
24977,2023-07-28 12:26:00,19350.0,19584.15,35450,1501800,280.2,24.55,600,44200,0.908663,-0.135307,0.00087214,0.00095338,9.041925,10.95565,2023-08-01
19724,2023-07-28 12:26:00,19400.0,19584.15,571550,4550350,239.65,33.15,2900,66500,0.848145,-0.186355,0.00120661,0.00119094,9.357712,10.814505,2023-08-01
14468,2023-07-28 12:26:00,19450.0,19584.15,184800,2914200,200.3,44.3,7200,64600,0.779135,-0.249837,0.00152226,0.00142701,9.363724,10.692458,2023-08-01
9211,2023-07-28 12:26:00,19500.0,19584.15,1828250,6976750,164.65,59.45,43950,132350,0.694529,-0.326739,0.0017886,0.00161957,9.413058,10.697408,2023-08-01
3951,2023-07-28 12:26:00,19550.0,19584.15,1187050,2971150,133.35,77.65,70250,130150,0.598756,-0.411265,0.00195111,0.00175124,9.518661,10.670199,2023-08-01
1320,2023-07-28 12:26:00,19600.0,19584.15,6668850,8395100,105.15,99.9,224350,236850,0.499089,-0.500344,0.00201144,0.00179201,9.52653,10.693072,2023-08-01
6582,2023-07-28 12:26:00,19650.0,19584.15,5014000,2792300,81.1,126.1,96550,68150,0.399946,-0.588561,0.00194512,0.0017392,9.539881,10.745136,2023-08-01
11839,2023-07-28 12:26:00,19700.0,19584.15,10655100,4243950,61.05,156.0,118750,109450,0.307285,-0.671329,0.00176769,0.00160658,9.54933,10.809679,2023-08-01
17096,2023-07-28 12:26:00,19750.0,19584.15,6404750,887100,45.0,190.0,66500,8350,0.22636,-0.743832,0.00150898,0.00141126,9.57909,10.955039,2023-08-01
22350,2023-07-28 12:26:00,19800.0,19584.15,12243350,3962200,33.2,227.35,67000,19800,0.162307,-0.804242,0.0012142,0.00119053,9.715385,11.14981,2023-08-01
27602,2023-07-28 12:26:00,19850.0,19584.15,3643200,486100,24.25,268.9,55900,2650,0.113177,-0.848428,0.00093391,0.00097408,9.869943,11.577203,2023-08-01
24978,2023-07-28 12:27:00,19350.0,19586.2,35450,1501800,281.4,23.7,550,57300,0.91334,-0.131575,0.00085001,0.00094222,8.921148,10.873981,2023-08-01
19725,2023-07-28 12:27:00,19400.0,19586.2,571550,4550350,241.85,32.3,2300,112400,0.848614,-0.182658,0.00119404,0.00118239,9.436565,10.757589,2023-08-01
14469,2023-07-28 12:27:00,19450.0,19586.2,184800,2914200,202.0,43.1,4150,38450,0.781816,-0.245331,0.00150864,0.00142367,9.382046,10.613627,2023-08-01
9212,2023-07-28 12:27:00,19500.0,19586.2,1828250,6976750,167.65,57.65,55650,160350,0.694896,-0.32156,0.00175444,0.00162756,9.590988,10.574936,2023-08-01
3952,2023-07-28 12:27:00,19550.0,19586.2,1187050,2971150,135.25,75.65,40850,141900,0.602079,-0.406689,0.00193319,0.00176643,9.585665,10.549567,2023-08-01
1321,2023-07-28 12:27:00,19600.0,19586.2,6668850,8395100,107.15,97.5,192000,249750,0.503215,-0.496691,0.00199234,0.00181598,9.61737,10.551324,2023-08-01
6583,2023-07-28 12:27:00,19650.0,19586.2,5014000,2792300,82.75,123.05,96150,62550,0.404671,-0.586605,0.00193614,0.00177276,9.612946,10.553269,2023-08-01
11840,2023-07-28 12:27:00,19700.0,19586.2,10655100,4243950,62.4,153.0,167600,62800,0.31205,-0.670767,0.00176805,0.00163471,9.611513,10.63076,2023-08-01
17097,2023-07-28 12:27:00,19750.0,19586.2,6404750,887100,45.95,186.25,73100,24750,0.230378,-0.746091,0.00151769,0.00143878,9.618563,10.695617,2023-08-01
22351,2023-07-28 12:27:00,19800.0,19586.2,12243350,3962200,33.75,223.65,71950,17300,0.16503,-0.807583,0.00122613,0.00120672,9.725158,10.885224,2023-08-01
27603,2023-07-28 12:27:00,19850.0,19586.2,3643200,486100,24.7,264.85,37650,2400,0.115379,-0.853485,0.0009456,0.00098005,9.88246,11.248584,2023-08-01
24979,2023-07-28 12:28:00,19350.0,19585.0,35450,1501800,282.2,24.15,800,37900,0.903569,-0.133589,0.00088388,0.00094867,9.287625,10.915312,2023-08-01
19726,2023-07-28 12:28:00,19400.0,19585.0,571550,4550350,241.0,32.85,17000,50750,0.846649,-0.184973,0.00120175,0.00118729,9.458064,10.799051,2023-08-01
14470,2023-07-28 12:28:00,19450.0,19585.0,184800,2914200,201.2,43.75,7800,45800,0.779642,-0.247842,0.00151496,0.00142618,9.397643,10.654418,2023-08-01
9213,2023-07-28 12:28:00,19500.0,19585.0,1828250,6976750,166.9,58.55,46350,157100,0.692627,-0.32435,0.00175873,0.00162503,9.600409,10.630823,2023-08-01
3953,2023-07-28 12:28:00,19550.0,19585.0,1187050,2971150,134.3,76.8,57050,117750,0.599969,-0.409364,0.00194048,0.00175797,9.564411,10.618916,2023-08-01
1322,2023-07-28 12:28:00,19600.0,19585.0,6668850,8395100,106.3,98.7,223550,253750,0.500812,-0.498855,0.00199687,0.00180544,9.597218,10.614775,2023-08-01
6584,2023-07-28 12:28:00,19650.0,19585.0,5014000,2792300,82.1,124.25,142600,61250,0.402232,-0.58827,0.00193547,0.00176219,9.602851,10.608064,2023-08-01
11841,2023-07-28 12:28:00,19700.0,19585.0,10655100,4243950,61.95,154.4,162250,94700,0.309918,-0.671681,0.001763,0.00162264,9.611821,10.699356,2023-08-01
17098,2023-07-28 12:28:00,19750.0,19585.0,6404750,887100,45.85,188.25,61150,11250,0.229247,-0.745208,0.00150903,0.00142419,9.648558,10.826483,2023-08-01
22352,2023-07-28 12:28:00,19800.0,19585.0,12243350,3962200,33.85,225.95,81000,22500,0.164784,-0.805284,0.00121891,0.0011968,9.774808,11.056896,2023-08-01
27604,2023-07-28 12:28:00,19850.0,19585.0,3643200,486100,24.7,267.95,35450,1050,0.115015,-0.848442,0.00094045,0.00097732,9.915688,11.539548,2023-08-01
24980,2023-07-28 12:29:00,19350.0,19584.9,35450,1504850,281.25,23.8,600,43700,0.907446,-0.132405,0.00087318,0.000948,9.122049,10.857232,2023-08-01
19727,2023-07-28 12:29:00,19400.0,19584.9,566750,4551550,241.75,32.25,6700,67900,0.843389,-0.183217,0.00120271,0.00118968,9.583566,10.714509,2023-08-01
14471,2023-07-28 12:29:00,19450.0,19584.9,188700,2919600,203.5,43.05,4750,56850,0.772446,-0.246226,0.00149513,0.00143305,9.698604,10.567279,2023-08-01
9214,2023-07-28 12:29:00,19500.0,19584.9,1826300,6959950,167.85,57.85,55900,125300,0.690423,-0.323301,0.00174366,0.00163524,9.714597,10.551325,2023-08-01
3954,2023-07-28 12:29:00,19550.0,19584.9,1211700,3009900,135.75,75.8,38250,101150,0.598271,-0.408687,0.00191158,0.00177511,9.720607,10.513114,2023-08-01
1323,2023-07-28 12:29:00,19600.0,19584.9,6685450,8397850,107.4,97.75,207300,206750,0.500648,-0.499073,0.0019734,0.00182249,9.712239,10.516429,2023-08-01
6585,2023-07-28 12:29:00,19650.0,19584.9,4998950,2795400,82.95,123.1,94700,55100,0.402952,-0.589497,0.00191859,0.00178114,9.692677,10.4887,2023-08-01
11842,2023-07-28 12:29:00,19700.0,19584.9,10604250,4248750,62.45,153.1,143150,67450,0.310772,-0.674048,0.00175491,0.00163951,9.668514,10.559148,2023-08-01
17099,2023-07-28 12:29:00,19750.0,19584.9,6416050,887500,46.15,186.1,78800,12550,0.229973,-0.75034,0.00150588,0.00144178,9.686723,10.581214,2023-08-01
22353,2023-07-28 12:29:00,19800.0,19584.9,12249500,3953250,34.0,223.9,81250,19900,0.165211,-0.811121,0.0012182,0.00120289,9.797728,10.798679,2023-08-01
27605,2023-07-28 12:29:00,19850.0,19584.9,3635150,486150,24.9,264.8,26350,2950,0.115685,-0.857991,0.00094127,0.0009725,9.9489,11.102307,2023-08-01
24981,2023-07-28 12:30:00,19350.0,19585.75,36100,1504850,283.3,23.8,300,61600,0.902205,-0.132076,0.00088488,0.00094444,9.374506,10.879893,2023-08-01
19728,2023-07-28 12:30:00,19400.0,19585.75,566750,4551550,241.75,32.35,14900,118300,0.847021,-0.183041,0.00119716,0.00118475,9.480291,10.753084,2023-08-01
14472,2023-07-28 12:30:00,19450.0,19585.75,188700,2919600,202.5,43.35,7900,87250,0.778551,-0.246277,0.00150433,0.00142467,9.492114,10.631004,2023-08-01
9215,2023-07-28 12:30:00,19500.0,19585.75,1826300,6959950,166.85,58.05,60600,189500,0.695091,-0.322706,0.00176403,0.00162595,9.538776,10.604002,2023-08-01
3955,2023-07-28 12:30:00,19550.0,19585.75,1211700,3009900,135.15,75.95,66300,167150,0.601016,-0.407589,0.00193097,0.00176557,9.606143,10.563369,2023-08-01
1324,2023-07-28 12:30:00,19600.0,19585.75,6685450,8397850,106.9,98.05,319950,361400,0.502304,-0.497515,0.00199266,0.00181053,9.618596,10.586169,2023-08-01
6586,2023-07-28 12:30:00,19650.0,19585.75,4998950,2795400,82.35,123.85,163800,99400,0.403583,-0.586958,0.00193887,0.00176347,9.595503,10.60966,2023-08-01
11843,2023-07-28 12:30:00,19700.0,19585.75,10604250,4248750,62.2,153.4,195800,107250,0.311173,-0.671342,0.00176662,0.00163189,9.610206,10.644556,2023-08-01
17100,2023-07-28 12:30:00,19750.0,19585.75,6416050,887500,45.9,187.35,99950,32700,0.229901,-0.745024,0.00151452,0.0014305,9.630165,10.784189,2023-08-01
22354,2023-07-28 12:30:00,19800.0,19585.75,12249500,3953250,33.95,224.6,156700,31600,0.165442,-0.806525,0.00122327,0.00120273,9.766352,10.960997,2023-08-01
27606,2023-07-28 12:30:00,19850.0,19585.75,3635150,486150,24.65,265.25,74150,1750,0.115048,-0.853844,0.00094328,0.0009781,9.889197,11.2555,2023-08-01
24982,2023-07-28 12:31:00,19350.0,19586.25,36100,1504850,281.4,24.0,1100,18600,0.91355,-0.132575,0.00084916,0.000943,8.916813,10.925516,2023-08-01
19729,2023-07-28 12:31:00,19400.0,19586.25,566750,4551550,240.85,32.7,6700,71800,0.852703,-0.183811,0.00119238,0.00118102,9.281661,10.815928,2023-08-01
14473,2023-07-28 12:31:00,19450.0,19586.25,188700,2919600,202.9,43.6,3350,49850,0.779237,-0.246481,0.00150121,0.00141917,9.495492,10.677567,2023-08-01
9216,2023-07-28 12:31:00,19500.0,19586.25,1826300,6959950,166.45,58.3,61500,119750,0.697519,-0.322578,0.00177322,0.00161881,9.456098,10.64964,2023-08-01
3956,2023-07-28 12:31:00,19550.0,19586.25,1211700,3009900,134.65,76.35,62750,101750,0.602813,-0.407209,0.00194545,0.00175503,9.523755,10.624991,2023-08-01
1325,2023-07-28 12:31:00,19600.0,19586.25,6685450,8397850,106.45,98.5,244500,245450,0.503289,-0.496608,0.00200742,0.001799,9.548277,10.654441,2023-08-01
6587,2023-07-28 12:31:00,19650.0,19586.25,4998950,2795400,82.15,124.25,125950,60000,0.404114,-0.585527,0.00194809,0.00175389,9.553829,10.676792,2023-08-01
11844,2023-07-28 12:31:00,19700.0,19586.25,10604250,4248750,61.95,154.05,171800,89000,0.31121,-0.669032,0.00177508,0.00162149,9.565455,10.743582,2023-08-01
17101,2023-07-28 12:31:00,19750.0,19586.25,6416050,887500,45.65,186.95,93500,22400,0.229579,-0.744454,0.00152048,0.00143308,9.585472,10.777941,2023-08-01
22355,2023-07-28 12:31:00,19800.0,19586.25,12249500,3953250,33.65,225.05,92550,11200,0.164704,-0.803777,0.00122644,0.00120225,9.713476,11.060406,2023-08-01
27607,2023-07-28 12:31:00,19850.0,19586.25,3635150,486150,24.7,265.8,49400,1400,0.115369,-0.850623,0.00094573,0.00098141,9.883745,11.38314,2023-08-01
24983,2023-07-28 12:32:00,19350.0,19587.6,35750,1514050,282.0,23.6,150,27700,0.917617,-0.130669,0.0008304,0.00093609,8.794689,10.896856,2023-08-01
19730,2023-07-28 12:32:00,19400.0,19587.6,560800,4557250,242.35,32.1,7200,55050,0.852782,-0.181252,0.0011843,0.00117546,9.341727,10.77258,2023-08-01
14474,2023-07-28 12:32:00,19450.0,19587.6,193200,2918600,202.85,43.0,2900,42150,0.784578,-0.243968,0.00150191,0.00141527,9.358187,10.648305,2023-08-01
9217,2023-07-28 12:32:00,19500.0,19587.6,1841550,6941000,167.55,57.4,38050,152600,0.699557,-0.319619,0.00176428,0.00162022,9.475313,10.599731,2023-08-01
3957,2023-07-28 12:32:00,19550.0,19587.6,1242400,3047500,135.3,75.45,39050,76150,0.605628,-0.404526,0.0019454,0.00175831,9.505764,10.587895,2023-08-01
1326,2023-07-28 12:32:00,19600.0,19587.6,6730200,8314750,107.0,97.2,152300,183600,0.505998,-0.494175,0.00201074,0.00181008,9.531923,10.588635,2023-08-01
6588,2023-07-28 12:32:00,19650.0,19587.6,5017750,2777150,82.8,123.05,97550,52800,0.406778,-0.583545,0.0019504,0.00176344,9.558359,10.63062,2023-08-01
11845,2023-07-28 12:32:00,19700.0,19587.6,10641900,4220550,62.45,152.75,137050,61750,0.313596,-0.667583,0.00178092,0.00163167,9.565722,10.695296,2023-08-01
17102,2023-07-28 12:32:00,19750.0,19587.6,6449600,891400,45.9,186.25,69200,16750,0.231216,-0.742057,0.00152923,0.00143686,9.56868,10.802201,2023-08-01
22356,2023-07-28 12:32:00,19800.0,19587.6,12214850,3943450,33.9,224.1,61550,10550,0.166139,-0.802054,0.00123439,0.00120805,9.705424,11.065938,2023-08-01
27608,2023-07-28 12:32:00,19850.0,19587.6,3631650,488100,24.7,265.15,42600,750,0.115768,-0.848143,0.00095154,0.0009875,9.847725,11.437948,2023-08-01
24984,2023-07-28 12:33:00,19350.0,19590.65,35750,1514050,286.9,23.05,400,123450,0.909593,-0.127606,0.00084693,0.00092159,9.243019,10.887057,2023-08-01
19731,2023-07-28 12:33:00,19400.0,19590.65,560800,4557250,245.7,31.35,39900,215000,0.853118,-0.177304,0.00116637,0.00116101,9.4702,10.75588,2023-08-01
14475,2023-07-28 12:33:00,19450.0,19590.65,193200,2918600,206.1,41.7,10800,124350,0.786274,-0.238398,0.00147626,0.00140567,9.47647,10.586573,2023-08-01
9218,2023-07-28 12:33:00,19500.0,19590.65,1841550,6941000,170.0,56.1,124100,414400,0.704205,-0.314138,0.00174473,0.00161351,9.512963,10.565276,2023-08-01
3958,2023-07-28 12:33:00,19550.0,19590.65,1242400,3047500,137.85,73.8,143400,403750,0.610796,-0.398755,0.00192408,0.00175936,9.574931,10.541541,2023-08-01
1327,2023-07-28 12:33:00,19600.0,19590.65,6730200,8314750,108.85,95.25,565250,805900,0.512107,-0.488625,0.00200541,0.00181842,9.553224,10.536192,2023-08-01
6589,2023-07-28 12:33:00,19650.0,19590.65,5017750,2777150,84.3,120.6,267350,258950,0.412832,-0.578786,0.00195488,0.00178108,9.569722,10.550904,2023-08-01
11846,2023-07-28 12:33:00,19700.0,19590.65,10641900,4220550,63.6,149.8,359700,220150,0.319043,-0.664265,0.00179373,0.00165519,9.566492,10.583888,2023-08-01
17103,2023-07-28 12:33:00,19750.0,19590.65,6449600,891400,46.9,182.6,145600,54950,0.236107,-0.741112,0.00154543,0.00146299,9.578197,10.628588,2023-08-01
22357,2023-07-28 12:33:00,19800.0,19590.65,12214850,3943450,34.5,220.3,181000,74550,0.16952,-0.80245,0.0012524,0.00122726,9.690035,10.878724,2023-08-01
27609,2023-07-28 12:33:00,19850.0,19590.65,3631650,488100,25.2,260.35,83250,5100,0.11847,-0.852151,0.00096798,0.0009982,9.839256,11.114424,2023-08-01
24985,2023-07-28 12:34:00,19350.0,19584.25,35750,1514050,280.6,24.3,700,129900,0.90719,-0.134357,0.00087629,0.00095228,9.112361,10.922731,2023-08-01
19732,2023-07-28 12:34:00,19400.0,19584.25,560800,4557250,238.0,33.2,33400,182050,0.855081,-0.1864,0.00120337,0.0011904,9.100118,10.828236,2023-08-01
14476,2023-07-28 12:34:00,19450.0,19584.25,193200,2918600,198.6,44.05,11300,137600,0.784805,-0.249126,0.00153677,0.00142887,9.143403,10.669505,2023-08-01
9219,2023-07-28 12:34:00,19500.0,19584.25,1841550,6941000,164.2,59.05,107850,346900,0.695754,-0.325966,0.00179644,0.00162458,9.36152,10.661231,2023-08-01
3959,2023-07-28 12:34:00,19550.0,19584.25,1242400,3047500,133.2,77.6,89100,363350,0.599128,-0.411088,0.00195513,0.00175181,9.503104,10.672785,2023-08-01
1328,2023-07-28 12:34:00,19600.0,19584.25,6730200,8314750,105.0,99.9,472050,719300,0.49924,-0.500199,0.0020158,0.00179184,9.512276,10.701191,2023-08-01
6590,2023-07-28 12:34:00,19650.0,19584.25,5017750,2777150,81.1,125.75,271200,200350,0.400047,-0.588705,0.00194631,0.00174447,9.541059,10.718984,2023-08-01
11847,2023-07-28 12:34:00,19700.0,19584.25,10641900,4220550,61.2,156.0,386700,240400,0.307633,-0.671168,0.00176655,0.00160658,9.566622,10.819017,2023-08-01
17104,2023-07-28 12:34:00,19750.0,19584.25,6449600,891400,45.15,189.9,183550,52200,0.226783,-0.743879,0.00150857,0.00141218,9.598186,10.954214,2023-08-01
22358,2023-07-28 12:34:00,19800.0,19584.25,12214850,3943450,33.3,228.0,250600,89350,0.162622,-0.802385,0.00121465,0.00118859,9.730584,11.239541,2023-08-01
27610,2023-07-28 12:34:00,19850.0,19584.25,3631650,488100,24.3,269.8,108300,4050,0.113334,-0.845727,0.00093451,0.00097505,9.880036,11.709813,2023-08-01
24986,2023-07-28 12:35:00,19350.0,19588.75,35750,1506100,277.45,23.05,100,70200,0.949849,-0.128289,0.00066575,0.00092936,7.46274,10.839027,2023-08-01
19733,2023-07-28 12:35:00,19400.0,19588.75,531050,4548050,244.0,31.45,2650,114500,0.851384,-0.178622,0.00117814,0.001171,9.452086,10.71687,2023-08-01
14477,2023-07-28 12:35:00,19450.0,19588.75,193650,2928850,204.7,42.0,3200,81150,0.783276,-0.240597,0.00148724,0.00141606,9.485381,10.56447,2023-08-01
9220,2023-07-28 12:35:00,19500.0,19588.75,1842400,6962550,169.3,56.65,46600,243100,0.699557,-0.317101,0.00174447,0.00162128,9.584762,10.559618,2023-08-01
3960,2023-07-28 12:35:00,19550.0,19588.75,1220100,3087000,137.4,74.45,66300,292450,0.606342,-0.40202,0.0019154,0.00176501,9.6517,10.533018,2023-08-01
1329,2023-07-28 12:35:00,19600.0,19588.75,6690100,8221900,108.8,95.95,261300,496950,0.508244,-0.492083,0.00198601,0.00182224,9.651489,10.519091,2023-08-01
6591,2023-07-28 12:35:00,19650.0,19588.75,4964250,2725550,84.15,121.25,138850,139050,0.409802,-0.582484,0.00193722,0.00178424,9.642665,10.514745,2023-08-01
11848,2023-07-28 12:35:00,19700.0,19588.75,10581500,4213900,63.5,150.75,249100,166300,0.31679,-0.667758,0.00177668,0.00165208,9.631983,10.563032,2023-08-01
17105,2023-07-28 12:35:00,19750.0,19588.75,6420150,884750,46.9,184.05,85500,36750,0.234694,-0.743557,0.00153012,0.00145367,9.644597,10.646966,2023-08-01
22359,2023-07-28 12:35:00,19800.0,19588.75,12153900,3877450,34.65,221.6,198900,102750,0.169065,-0.805071,0.00124057,0.00121896,9.768162,10.867333,2023-08-01
27611,2023-07-28 12:35:00,19850.0,19588.75,3644850,485700,25.25,262.7,69950,5200,0.118047,-0.851544,0.00095988,0.00099084,9.899894,11.230695,2023-08-01
24987,2023-07-28 12:36:00,19350.0,19593.9,35900,1506100,287.15,23.0,250,86700,0.925066,-0.126239,0.00078156,0.00090835,8.696696,10.964205,2023-08-01
19734,2023-07-28 12:36:00,19400.0,19593.9,531050,4548050,246.0,31.25,11850,134100,0.866573,-0.175258,0.00113796,0.00114415,9.093987,10.835408,2023-08-01
14478,2023-07-28 12:36:00,19450.0,19593.9,193650,2928850,207.2,41.7,6350,92800,0.795526,-0.235931,0.00146635,0.00138428,9.295871,10.68982,2023-08-01
9221,2023-07-28 12:36:00,19500.0,19593.9,1842400,6962550,171.0,55.75,96800,269900,0.712716,-0.310125,0.00174757,0.00159311,9.369906,10.642259,2023-08-01
3961,2023-07-28 12:36:00,19550.0,19593.9,1220100,3087000,138.55,73.3,103250,218900,0.618627,-0.393784,0.00194033,0.00174045,9.439041,10.620929,2023-08-01
1330,2023-07-28 12:36:00,19600.0,19593.9,6690100,8221900,109.85,94.7,385750,465900,0.518725,-0.482842,0.00201997,0.00180137,9.479139,10.631303,2023-08-01
6592,2023-07-28 12:36:00,19650.0,19593.9,4964250,2725550,85.05,120.0,224800,121000,0.418523,-0.572205,0.00197607,0.00176788,9.497376,10.664678,2023-08-01
11849,2023-07-28 12:36:00,19700.0,19593.9,10581500,4213900,64.25,149.0,248750,119800,0.323805,-0.657175,0.00181615,0.00164982,9.507614,10.704833,2023-08-01
17106,2023-07-28 12:36:00,19750.0,19593.9,6420150,884750,47.5,182.15,123000,20700,0.240103,-0.732673,0.00156679,0.00146103,9.535766,10.81964,2023-08-01
22360,2023-07-28 12:36:00,19800.0,19593.9,12153900,3877450,35.2,219.2,155500,29900,0.173329,-0.795168,0.00127158,0.00123683,9.681216,11.03243,2023-08-01
27612,2023-07-28 12:36:00,19850.0,19593.9,3644850,485700,25.65,260.0,117000,950,0.121066,-0.842602,0.00098509,0.00101396,9.818048,11.406595,2023-08-01
24988,2023-07-28 12:37:00,19350.0,19593.4,35900,1506100,286.95,23.2,1350,53250,0.923393,-0.127113,0.00078985,0.00091113,8.752266,10.984609,2023-08-01
19735,2023-07-28 12:37:00,19400.0,19593.4,531050,4548050,245.6,31.5,11150,105300,0.865911,-0.176281,0.00114144,0.00114625,9.098173,10.856736,2023-08-01
14479,2023-07-28 12:37:00,19450.0,19593.4,193650,2928850,206.0,42.2,13250,90050,0.79747,-0.237546,0.00147503,0.00138366,9.189661,10.736001,2023-08-01
9222,2023-07-28 12:37:00,19500.0,19593.4,1842400,6962550,170.45,56.45,100000,205800,0.712288,-0.311872,0.00175305,0.00158817,9.34818,10.702592,2023-08-01
3962,2023-07-28 12:37:00,19550.0,19593.4,1220100,3087000,138.2,74.2,115300,193650,0.617696,-0.395326,0.00194258,0.00173056,9.436052,10.694236,2023-08-01
1331,2023-07-28 12:37:00,19600.0,19593.4,6690100,8221900,109.25,95.8,404250,369750,0.517757,-0.483841,0.00202721,0.00178714,9.44737,10.718246,2023-08-01
6593,2023-07-28 12:37:00,19650.0,19593.4,4964250,2725550,84.6,121.0,207100,106900,0.417335,-0.572576,0.00197941,0.00175572,9.476442,10.737849,2023-08-01
11850,2023-07-28 12:37:00,19700.0,19593.4,10581500,4213900,63.9,150.5,309100,97800,0.3226,-0.65627,0.00181655,0.00163289,9.491932,10.827721,2023-08-01
17107,2023-07-28 12:37:00,19750.0,19593.4,6420150,884750,47.15,183.1,93450,15600,0.238798,-0.732134,0.00156581,0.00145364,9.514453,10.886904,2023-08-01
22361,2023-07-28 12:37:00,19800.0,19593.4,12153900,3877450,34.85,221.15,175450,34850,0.171961,-0.791795,0.001269,0.00122802,9.653103,11.220787,2023-08-01
27613,2023-07-28 12:37:00,19850.0,19593.4,3644850,485700,25.35,261.1,84050,3450,0.119838,-0.841124,0.0009811,0.00101198,9.788581,11.500518,2023-08-01
24989,2023-07-28 12:38:00,19350.0,19594.35,36450,1505150,287.0,23.15,650,51300,0.928264,-0.126592,0.00076673,0.00090717,8.575367,11.001442,2023-08-01
19736,2023-07-28 12:38:00,19400.0,19594.35,524450,4564600,245.0,31.45,15600,103250,0.873011,-0.175624,0.00112762,0.00114143,8.869982,10.877138,2023-08-01
14480,2023-07-28 12:38:00,19450.0,19594.35,193650,2935550,206.1,41.85,5600,76650,0.801027,-0.235961,0.00147297,0.00138025,9.105492,10.723301,2023-08-01
9223,2023-07-28 12:38:00,19500.0,19594.35,1850200,6961250,169.85,56.4,67250,176400,0.71693,-0.310805,0.001767,0.00158168,9.203183,10.730913,2023-08-01
3963,2023-07-28 12:38:00,19550.0,19594.35,1223900,3093850,137.5,74.0,107150,135250,0.621166,-0.393842,0.0019653,0.00172599,9.301502,10.711873,2023-08-01
1332,2023-07-28 12:38:00,19600.0,19594.35,6703000,8196150,109.05,95.65,355150,287900,0.519798,-0.482182,0.00204211,0.00178211,9.37651,10.747021,2023-08-01
6594,2023-07-28 12:38:00,19650.0,19594.35,4963350,2708150,84.15,120.85,186250,95800,0.418424,-0.570672,0.00199911,0.00175152,9.388791,10.773395,2023-08-01
11851,2023-07-28 12:38:00,19700.0,19594.35,10550650,4215700,63.8,150.3,225050,93550,0.323472,-0.654201,0.00182774,0.00163084,9.444715,10.86608,2023-08-01
17108,2023-07-28 12:38:00,19750.0,19594.35,6415500,875250,47.0,184.0,117300,9950,0.239117,-0.727639,0.0015751,0.00144372,9.465552,11.053781,2023-08-01
22362,2023-07-28 12:38:00,19800.0,19594.35,12129400,3847200,34.7,221.15,122050,20350,0.171948,-0.788944,0.00127523,0.00122901,9.605808,11.302257,2023-08-01
27614,2023-07-28 12:38:00,19850.0,19594.35,3666400,483900,25.4,262.1,172550,550,0.120311,-0.835412,0.00098569,0.0010156,9.77047,11.726734,2023-08-01
24990,2023-07-28 12:39:00,19350.0,19600.2,36450,1505150,290.5,22.6,450,53950,0.942424,-0.122611,0.00068074,0.00088214,8.139722,11.061264,2023-08-01
19737,2023-07-28 12:39:00,19400.0,19600.2,524450,4564600,248.8,30.6,11450,91300,0.88482,-0.170003,0.00107691,0.00111313,8.669343,10.922485,2023-08-01
14481,2023-07-28 12:39:00,19450.0,19600.2,193650,2935550,208.45,40.85,10850,83400,0.817664,-0.229161,0.00144454,0.00135029,8.798191,10.782171,2023-08-01
9224,2023-07-28 12:39:00,19500.0,19600.2,1850200,6961250,172.7,55.0,75750,226500,0.730543,-0.302409,0.00175378,0.00155524,9.049012,10.779906,2023-08-01
3964,2023-07-28 12:39:00,19550.0,19600.2,1223900,3093850,139.85,72.4,81750,220750,0.634548,-0.384442,0.00197271,0.00170328,9.158261,10.777753,2023-08-01
1333,2023-07-28 12:39:00,19600.0,19600.2,6703000,8196150,110.85,93.55,333300,355550,0.532157,-0.471889,0.00206897,0.00176996,9.234106,10.802387,2023-08-01
6595,2023-07-28 12:39:00,19650.0,19600.2,4963350,2708150,85.6,118.55,171850,136250,0.429135,-0.559954,0.00203689,0.00174647,9.26127,10.850736,2023-08-01
11852,2023-07-28 12:39:00,19700.0,19600.2,10550650,4215700,64.8,147.6,254600,112750,0.332,-0.643579,0.0018724,0.00163628,9.31512,10.946867,2023-08-01
17109,2023-07-28 12:39:00,19750.0,19600.2,6415500,875250,47.7,180.45,97900,17250,0.245513,-0.71852,0.00161867,0.00146224,9.341475,11.088804,2023-08-01
22363,2023-07-28 12:39:00,19800.0,19600.2,12129400,3847200,35.35,217.6,128400,33350,0.177004,-0.78013,0.00131197,0.00124975,9.508219,11.379129,2023-08-01
27615,2023-07-28 12:39:00,19850.0,19600.2,3666400,483900,25.75,257.15,57700,6000,0.123452,-0.830672,0.00101489,0.00103943,9.66068,11.667127,2023-08-01
24991,2023-07-28 12:40:00,19350.0,19599.8,36450,1505150,289.4,22.5,650,61900,0.946391,-0.12239,0.00065898,0.00088322,7.948642,11.034929,2023-08-01
19738,2023-07-28 12:40:00,19400.0,19599.8,524450,4564600,247.75,30.65,21200,74150,0.887716,-0.170353,0.00107293,0.00111508,8.545866,10.918892,2023-08-01
14482,2023-07-28 12:40:00,19450.0,19599.8,193650,2935550,208.6,41.0,8050,69450,0.815335,-0.229825,0.00144535,0.00135178,8.864032,10.788921,2023-08-01
9225,2023-07-28 12:40:00,19500.0,19599.8,1850200,6961250,172.35,55.15,66100,169400,0.729994,-0.303075,0.001757,0.00155645,9.042612,10.783251,2023-08-01
3965,2023-07-28 12:40:00,19550.0,19599.8,1223900,3093850,139.9,72.75,97050,160750,0.633315,-0.385327,0.00196802,0.00170129,9.191363,10.798806,2023-08-01
1334,2023-07-28 12:40:00,19600.0,19599.8,6703000,8196150,110.75,94.05,492650,383250,0.531288,-0.472667,0.00206662,0.0017651,9.247139,10.834711,2023-08-01
6596,2023-07-28 12:40:00,19650.0,19599.8,4963350,2708150,85.9,119.15,202100,107950,0.428704,-0.56043,0.00202595,0.00174006,9.310419,10.889863,2023-08-01
11853,2023-07-28 12:40:00,19700.0,19599.8,10550650,4215700,64.9,148.25,238550,151150,0.331702,-0.643701,0.00186651,0.00162995,9.342114,10.989194,2023-08-01
17110,2023-07-28 12:40:00,19750.0,19599.8,6415500,875250,47.9,180.95,107850,9500,0.245709,-0.718661,0.00161318,0.00145865,9.378304,11.11458,2023-08-01
22364,2023-07-28 12:40:00,19800.0,19599.8,12129400,3847200,35.3,218.35,123400,29450,0.176629,-0.779549,0.00130942,0.00124585,9.514985,11.433298,2023-08-01
27616,2023-07-28 12:40:00,19850.0,19599.8,3666400,483900,25.75,257.65,63750,2850,0.123313,-0.830584,0.00101296,0.00103765,9.6724,11.69229,2023-08-01
24992,2023-07-28 12:41:00,19350.0,19599.3,36850,1510850,289.0,22.35,100,59150,0.945687,-0.122025,0.00066442,0.00088445,7.966184,10.997684,2023-08-01
19739,2023-07-28 12:41:00,19400.0,19599.3,518650,4566250,248.4,30.45,3250,103550,0.882108,-0.169977,0.00108673,0.00111792,8.735878,10.877021,2023-08-01
14483,2023-07-28 12:41:00,19450.0,19599.3,191750,2953150,208.35,40.9,5750,82500,0.814064,-0.229924,0.00144822,0.0013557,8.885193,10.761514,2023-08-01
9226,2023-07-28 12:41:00,19500.0,19599.3,1831600,6977200,172.65,55.1,87250,197900,0.727424,-0.303476,0.00175041,0.00156079,9.120623,10.760802,2023-08-01
3966,2023-07-28 12:41:00,19550.0,19599.3,1232300,3086550,139.8,72.5,74150,169450,0.632014,-0.385728,0.00196542,0.00170913,9.215326,10.753746,2023-08-01
1335,2023-07-28 12:41:00,19600.0,19599.3,6758400,8242700,110.9,93.95,326250,359750,0.530129,-0.473488,0.00205763,0.00177076,9.290648,10.802787,2023-08-01
6597,2023-07-28 12:41:00,19650.0,19599.3,4962700,2723900,85.95,118.8,197800,85150,0.427915,-0.561672,0.00201913,0.00174906,9.339482,10.829801,2023-08-01
11854,2023-07-28 12:41:00,19700.0,19599.3,10560350,4235400,65.05,148.15,237750,89000,0.331376,-0.64505,0.0018588,0.00163388,9.378249,10.949334,2023-08-01
17111,2023-07-28 12:41:00,19750.0,19599.3,6432950,876550,48.1,181.25,123400,15000,0.245825,-0.71946,0.00160685,0.00145717,9.418626,11.111814,2023-08-01
22365,2023-07-28 12:41:00,19800.0,19599.3,12166650,3839850,35.6,218.15,148350,29100,0.177315,-0.781508,0.00130544,0.00124663,9.568467,11.368893,2023-08-01
27617,2023-07-28 12:41:00,19850.0,19599.3,3698150,486350,25.9,257.85,88000,1150,0.123674,-0.831608,0.00101137,0.00103577,9.708569,11.669222,2023-08-01
24993,2023-07-28 12:42:00,19350.0,19601.3,36850,1510850,288.2,22.1,100,61650,0.963659,-0.120451,0.00053397,0.00087563,7.171513,11.007314,2023-08-01
19740,2023-07-28 12:42:00,19400.0,19601.3,518650,4566250,251.1,29.95,13500,147050,0.879764,-0.167406,0.00108069,0.00110852,8.907472,10.862132,2023-08-01
14484,2023-07-28 12:42:00,19450.0,19601.3,191750,2953150,211.0,40.05,5150,107950,0.813064,-0.226303,0.00142929,0.00134909,9.032725,10.717876,2023-08-01
9227,2023-07-28 12:42:00,19500.0,19601.3,1831600,6977200,174.85,53.9,66150,257150,0.728971,-0.299279,0.00172839,0.00156035,9.21052,10.69636,2023-08-01
3967,2023-07-28 12:42:00,19550.0,19601.3,1232300,3086550,141.75,71.05,123850,164450,0.63497,-0.381572,0.00194509,0.00171504,9.286572,10.682035,2023-08-01
1336,2023-07-28 12:42:00,19600.0,19601.3,6758400,8242700,112.7,92.0,352950,401150,0.534017,-0.469702,0.00204082,0.00178679,9.359662,10.698419,2023-08-01
6598,2023-07-28 12:42:00,19650.0,19601.3,4962700,2723900,87.25,116.85,215350,115250,0.432216,-0.558699,0.00201533,0.00176558,9.374989,10.74052,2023-08-01
11855,2023-07-28 12:42:00,19700.0,19601.3,10560350,4235400,66.1,145.5,251300,168950,0.335555,-0.643714,0.00186244,0.00165849,9.406152,10.800997,2023-08-01
17112,2023-07-28 12:42:00,19750.0,19601.3,6432950,876550,48.8,178.0,135400,27350,0.249219,-0.720307,0.00161721,0.00148266,9.426935,10.904604,2023-08-01
22366,2023-07-28 12:42:00,19800.0,19601.3,12166650,3839850,36.1,215.0,143850,29750,0.179936,-0.783147,0.00131742,0.00126338,9.56931,11.169389,2023-08-01
27618,2023-07-28 12:42:00,19850.0,19601.3,3698150,486350,26.25,255.0,82950,4550,0.125576,-0.833123,0.00102267,0.00104489,9.704111,11.500115,2023-08-01
24994,2023-07-28 12:43:00,19350.0,19607.7,36850,1510850,296.0,21.05,3000,112750,0.955587,-0.11458,0.00058154,0.00084624,7.74831,10.991002,2023-08-01
19741,2023-07-28 12:43:00,19400.0,19607.7,518650,4566250,254.95,28.7,19850,200650,0.894136,-0.160328,0.00101983,0.0010779,8.617043,10.859201,2023-08-01
14485,2023-07-28 12:43:00,19450.0,19607.7,191750,2953150,215.0,38.6,22150,159600,0.826169,-0.218033,0.00138881,0.00131875,8.879374,10.731408,2023-08-01
9228,2023-07-28 12:43:00,19500.0,19607.7,1831600,6977200,177.8,51.75,165800,535750,0.744471,-0.288959,0.00171399,0.00153818,9.010479,10.673403,2023-08-01
3968,2023-07-28 12:43:00,19550.0,19607.7,1232300,3086550,144.5,68.45,193150,515550,0.649557,-0.370378,0.00194806,0.00170241,9.139008,10.658827,2023-08-01
1337,2023-07-28 12:43:00,19600.0,19607.7,6758400,8242700,115.2,89.2,910300,905850,0.54757,-0.458296,0.00205763,0.00178111,9.248522,10.702094,2023-08-01
6599,2023-07-28 12:43:00,19650.0,19607.7,4962700,2723900,89.7,113.4,534250,242800,0.444749,-0.547457,0.00203818,0.00177424,9.313407,10.726139,2023-08-01
11856,2023-07-28 12:43:00,19700.0,19607.7,10560350,4235400,67.95,141.85,544000,270700,0.346408,-0.632922,0.00189905,0.00167331,9.335126,10.812387,2023-08-01
17113,2023-07-28 12:43:00,19750.0,19607.7,6432950,876550,50.2,174.1,275400,61000,0.258041,-0.710208,0.00165922,0.0015033,9.355452,10.935824,2023-08-01
22367,2023-07-28 12:43:00,19800.0,19607.7,12166650,3839850,37.2,210.75,251650,64100,0.186845,-0.774247,0.00135749,0.00128825,9.505303,11.205955,2023-08-01
27619,2023-07-28 12:43:00,19850.0,19607.7,3698150,486350,27.0,250.7,135200,4850,0.130434,-0.824808,0.00105754,0.00107075,9.632551,11.574113,2023-08-01
24995,2023-07-28 12:44:00,19350.0,19604.85,36450,1501700,295.3,21.2,2950,76650,0.942444,-0.116035,0.00066878,0.00085761,8.284523,10.945617,2023-08-01
19742,2023-07-28 12:44:00,19400.0,19604.85,510900,4552500,253.65,28.9,17250,362550,0.88573,-0.162323,0.0010521,0.00109179,8.825455,10.810312,2023-08-01
14486,2023-07-28 12:44:00,19450.0,19604.85,189350,2939000,213.4,38.55,10700,260400,0.819615,-0.219847,0.00140663,0.00133688,8.976319,10.638882,2023-08-01
9229,2023-07-28 12:44:00,19500.0,19604.85,1812000,7012450,176.4,52.1,86250,344600,0.737722,-0.292366,0.00172201,0.00155528,9.092402,10.616529,2023-08-01
3969,2023-07-28 12:44:00,19550.0,19604.85,1179550,2950550,143.5,69.0,103200,243600,0.64266,-0.374669,0.00194256,0.00171741,9.230966,10.607167,2023-08-01
1338,2023-07-28 12:44:00,19600.0,19604.85,6681550,8096850,113.8,89.85,622950,514850,0.541606,-0.463197,0.0020565,0.00179373,9.271328,10.642235,2023-08-01
6600,2023-07-28 12:44:00,19650.0,19604.85,5049600,2695250,88.75,114.4,416900,154650,0.439234,-0.552759,0.0020251,0.00177916,9.356611,10.680856,2023-08-01
11857,2023-07-28 12:44:00,19700.0,19604.85,10490000,4235950,67.0,143.05,412150,205350,0.34133,-0.63829,0.00188485,0.00167267,9.355581,10.765571,2023-08-01
17114,2023-07-28 12:44:00,19750.0,19604.85,6425050,863600,49.75,175.3,214800,39400,0.254517,-0.715762,0.00163855,0.00149952,9.407934,10.865858,2023-08-01
22368,2023-07-28 12:44:00,19800.0,19604.85,12150600,3813400,36.55,212.3,214550,55100,0.183241,-0.779056,0.00134001,0.00127909,9.515633,11.151333,2023-08-01
27620,2023-07-28 12:44:00,19850.0,19604.85,3664950,483750,26.65,252.1,92100,7000,0.128191,-0.829927,0.00104179,0.00105983,9.663543,11.476941,2023-08-01
24996,2023-07-28 12:45:00,19350.0,19598.5,36450,1501700,292.55,21.8,2850,56500,0.922114,-0.12031,0.00077934,0.00088491,8.986299,10.88726,2023-08-01
19743,2023-07-28 12:45:00,19400.0,19598.5,510900,4552500,250.6,29.6,8400,141700,0.868582,-0.16768,0.00111104,0.00112321,9.222309,10.735563,2023-08-01
14487,2023-07-28 12:45:00,19450.0,19598.5,189350,2939000,210.15,39.75,8550,138200,0.80428,-0.227511,0.00144088,0.00136931,9.219477,10.59558,2023-08-01
9230,2023-07-28 12:45:00,19500.0,19598.5,1812000,7012450,173.95,53.75,103550,324700,0.721396,-0.30177,0.00172815,0.00158342,9.341531,10.584245,2023-08-01
3970,2023-07-28 12:45:00,19550.0,19598.5,1179550,2950550,141.15,70.8,117500,216650,0.627886,-0.38502,0.00193167,0.00174219,9.413978,10.54798,2023-08-01
1339,2023-07-28 12:45:00,19600.0,19598.5,6681550,8096850,112.05,92.1,549300,600850,0.528051,-0.474491,0.0020239,0.00180827,9.452669,10.584445,2023-08-01
6601,2023-07-28 12:45:00,19650.0,19598.5,5049600,2695250,87.1,116.95,371600,149400,0.427502,-0.56452,0.00198672,0.00178445,9.49362,10.606851,2023-08-01
11858,2023-07-28 12:45:00,19700.0,19598.5,10490000,4235950,65.95,145.75,317100,193600,0.332004,-0.650343,0.00183599,0.00167007,9.505495,10.658309,2023-08-01
17115,2023-07-28 12:45:00,19750.0,19598.5,6425050,863600,48.75,178.35,181550,22900,0.246837,-0.727541,0.00159361,0.00148624,9.521411,10.743521,2023-08-01
22369,2023-07-28 12:45:00,19800.0,19598.5,12150600,3813400,35.95,215.15,195750,70400,0.177975,-0.791381,0.00129936,0.00126025,9.639411,10.951224,2023-08-01
27621,2023-07-28 12:45:00,19850.0,19598.5,3664950,483750,26.2,255.05,74250,4100,0.124443,-0.84199,0.00100907,0.00103336,9.776651,11.22692,2023-08-01
24997,2023-07-28 12:46:00,19350.0,19595.8,36450,1501700,292.7,21.95,200,78150,0.908002,-0.121772,0.00083475,0.00089621,9.507899,10.844181,2023-08-01
19744,2023-07-28 12:46:00,19400.0,19595.8,510900,4552500,251.45,29.85,12450,130900,0.853226,-0.169839,0.0011376,0.00113689,9.712968,10.696319,2023-08-01
14488,2023-07-28 12:46:00,19450.0,19595.8,189350,2939000,211.0,39.75,7950,126650,0.790782,-0.229475,0.00143889,0.0013871,9.609956,10.512652,2023-08-01
9231,2023-07-28 12:46:00,19500.0,19595.8,1812000,7012450,174.9,53.8,116450,358600,0.710202,-0.304598,0.00170147,0.00160367,9.670562,10.49664,2023-08-01
3971,2023-07-28 12:46:00,19550.0,19595.8,1179550,2950550,142.0,71.0,102950,296550,0.619478,-0.388891,0.00189175,0.00176183,9.682094,10.463033,2023-08-01
1340,2023-07-28 12:46:00,19600.0,19595.8,6681550,8096850,112.75,92.1,396900,657000,0.522161,-0.479192,0.00198037,0.00183087,9.671621,10.463247,2023-08-01
6602,2023-07-28 12:46:00,19650.0,19595.8,5049600,2695250,87.9,116.75,335550,173850,0.423849,-0.570465,0.00194162,0.00180759,9.699347,10.446475,2023-08-01
11859,2023-07-28 12:46:00,19700.0,19595.8,10490000,4235950,66.5,145.6,324550,178550,0.329875,-0.657452,0.00180037,0.00168627,9.67083,10.478041,2023-08-01
17116,2023-07-28 12:46:00,19750.0,19595.8,6425050,863600,49.2,178.25,160800,32450,0.245864,-0.735611,0.00156675,0.00149298,9.666316,10.536858,2023-08-01
22370,2023-07-28 12:46:00,19800.0,19595.8,12150600,3813400,36.25,215.45,192350,44450,0.177514,-0.799124,0.00128138,0.00125513,9.760894,10.753609,2023-08-01
27622,2023-07-28 12:46:00,19850.0,19595.8,3664950,483750,26.4,255.45,85800,1750,0.124247,-0.849753,0.00099753,0.00102021,9.881031,11.001284,2023-08-01
24998,2023-07-28 12:47:00,19350.0,19590.65,37200,1505350,287.65,22.6,2200,39000,0.906014,-0.125921,0.00085753,0.00091979,9.405994,10.820569,2023-08-01
19745,2023-07-28 12:47:00,19400.0,19590.65,506850,4451000,246.15,30.9,9800,84250,0.851274,-0.175826,0.00116731,0.00116227,9.553202,10.700064,2023-08-01
14489,2023-07-28 12:47:00,19450.0,19590.65,191700,3120050,206.65,41.35,14250,116250,0.784496,-0.237447,0.00147217,0.00140906,9.5599,10.550427,2023-08-01
9232,2023-07-28 12:47:00,19500.0,19590.65,1762500,7048350,171.1,55.8,73900,279200,0.701794,-0.313571,0.00172861,0.00161824,9.648771,10.538709,2023-08-01
3972,2023-07-28 12:47:00,19550.0,19590.65,1153600,3046750,138.5,73.4,65700,235450,0.610009,-0.398388,0.00191183,0.00176686,9.653243,10.506658,2023-08-01
1341,2023-07-28 12:47:00,19600.0,19590.65,6667350,8379750,109.65,94.9,339950,510300,0.511974,-0.48866,0.00198909,0.00182556,9.643106,10.507386,2023-08-01
6603,2023-07-28 12:47:00,19650.0,19590.65,5237050,2764400,85.15,120.25,268550,154350,0.413538,-0.579172,0.00193883,0.00178778,9.664164,10.521728,2023-08-01
11860,2023-07-28 12:47:00,19700.0,19590.65,10469700,4205700,64.25,149.65,237800,148900,0.320153,-0.664664,0.0017841,0.00165799,9.643487,10.573583,2023-08-01
17117,2023-07-28 12:47:00,19750.0,19590.65,6404300,876850,47.5,182.9,121600,52650,0.237584,-0.740664,0.0015402,0.00146088,9.655141,10.66606,2023-08-01
22371,2023-07-28 12:47:00,19800.0,19590.65,12117000,3810150,35.05,220.0,105700,51100,0.17117,-0.803485,0.00125149,0.00122845,9.769009,10.846512,2023-08-01
27623,2023-07-28 12:47:00,19850.0,19590.65,3681550,485350,25.6,260.5,51900,3300,0.119791,-0.851958,0.00097003,0.00099815,9.907332,11.137886,2023-08-01
24999,2023-07-28 12:48:00,19350.0,19586.25,37200,1505350,285.0,22.65,3650,100050,0.896919,-0.127705,0.00089637,0.00093821,9.631073,10.715837,2023-08-01
19746,2023-07-28 12:48:00,19400.0,19586.25,506850,4451000,246.75,30.85,13950,154350,0.831076,-0.178042,0.00119214,0.00118642,10.172027,10.568843,2023-08-01
14490,2023-07-28 12:48:00,19450.0,19586.25,191700,3120050,207.0,41.2,10350,131250,0.767399,-0.240471,0.00146648,0.0014406,10.025597,10.394277,2023-08-01
9233,2023-07-28 12:48:00,19500.0,19586.25,1762500,7048350,171.3,55.55,75250,376000,0.68782,-0.317852,0.00170084,0.00165683,10.010767,10.356068,2023-08-01
3973,2023-07-28 12:48:00,19550.0,19586.25,1153600,3046750,138.35,73.2,139350,294800,0.599026,-0.404504,0.00187546,0.00180827,9.918169,10.309819,2023-08-01
1342,2023-07-28 12:48:00,19600.0,19586.25,6667350,8379750,110.0,94.7,489300,722200,0.503239,-0.496723,0.00193632,0.00186634,9.91312,10.284781,2023-08-01
6604,2023-07-28 12:48:00,19650.0,19586.25,5237050,2764400,85.45,119.85,434400,219850,0.407279,-0.589454,0.00188738,0.00182619,9.894542,10.245881,2023-08-01
11861,2023-07-28 12:48:00,19700.0,19586.25,10469700,4205700,64.55,149.3,395300,193750,0.316003,-0.676984,0.00173802,0.00168379,9.84787,10.259091,2023-08-01
17118,2023-07-28 12:48:00,19750.0,19586.25,6404300,876850,47.7,182.1,184650,39200,0.23488,-0.755884,0.00150387,0.00147359,9.829291,10.244749,2023-08-01
22372,2023-07-28 12:48:00,19800.0,19586.25,12117000,3810150,35.05,219.7,226700,69100,0.169042,-0.818808,0.00122498,0.00121785,9.903711,10.410134,2023-08-01
27624,2023-07-28 12:48:00,19850.0,19586.25,3681550,485350,25.7,260.25,124150,5250,0.118771,-0.867827,0.00095143,0.00096928,10.043349,10.622282,2023-08-01
25000,2023-07-28 12:49:00,19350.0,19584.9,37200,1505350,288.05,22.7,150,47850,0.878712,-0.128381,0.00093523,0.00094412,10.371023,10.689617,2023-08-01
19747,2023-07-28 12:49:00,19400.0,19584.9,506850,4451000,246.15,30.9,8250,145350,0.827842,-0.178935,0.00119863,0.00119384,10.24207,10.537921,2023-08-01
14491,2023-07-28 12:49:00,19450.0,19584.9,191700,3120050,206.65,41.5,4850,103800,0.763639,-0.242291,0.0014677,0.0014475,10.108095,10.388766,2023-08-01
9234,2023-07-28 12:49:00,19500.0,19584.9,1762500,7048350,171.0,56.0,37450,310100,0.684374,-0.320113,0.00169737,0.00166171,10.080182,10.358004,2023-08-01
3974,2023-07-28 12:49:00,19550.0,19584.9,1153600,3046750,138.55,73.75,97450,194200,0.595539,-0.406964,0.00186006,0.00181089,10.024039,10.312083,2023-08-01
1343,2023-07-28 12:49:00,19600.0,19584.9,6667350,8379750,110.05,95.35,299900,492050,0.500648,-0.499247,0.00192176,0.00186632,9.990043,10.286828,2023-08-01
6605,2023-07-28 12:49:00,19650.0,19584.9,5237050,2764400,85.25,120.7,277750,146250,0.405129,-0.591823,0.00187728,0.00182185,9.936214,10.257545,2023-08-01
11862,2023-07-28 12:49:00,19700.0,19584.9,10469700,4205700,64.2,150.4,308150,162250,0.313943,-0.678815,0.00173046,0.00167557,9.864812,10.286681,2023-08-01
17119,2023-07-28 12:49:00,19750.0,19584.9,6404300,876850,47.65,183.1,184400,19700,0.233777,-0.757721,0.00149393,0.00146669,9.870464,10.252619,2023-08-01
22373,2023-07-28 12:49:00,19800.0,19584.9,12117000,3810150,35.2,220.3,115750,34400,0.168864,-0.821675,0.00121687,0.00121188,9.964505,10.35876,2023-08-01
27625,2023-07-28 12:49:00,19850.0,19584.9,3681550,485350,25.65,258.95,59350,6050,0.11818,-0.876996,0.00094538,0.00095283,10.073583,10.280362,2023-08-01
25001,2023-07-28 12:50:00,19350.0,19589.15,37200,1521200,289.85,22.35,300,60550,0.889752,-0.125549,0.00090115,0.00092488,10.056483,10.742351,2023-08-01
19748,2023-07-28 12:50:00,19400.0,19589.15,500350,4478600,250.0,30.3,12050,137400,0.83144,-0.174727,0.00117514,0.00117174,10.30504,10.575003,2023-08-01
14492,2023-07-28 12:50:00,19450.0,19589.15,193300,3155900,209.95,40.5,5750,106200,0.769508,-0.236412,0.00144496,0.00142642,10.123566,10.400443,2023-08-01
9235,2023-07-28 12:50:00,19500.0,19589.15,1762750,7091650,174.6,54.65,68150,279950,0.690232,-0.31311,0.00167051,0.00164562,10.158483,10.360213,2023-08-01
3975,2023-07-28 12:50:00,19550.0,19589.15,1174850,3160900,141.85,72.0,113250,256100,0.602722,-0.399208,0.0018377,0.0018032,10.097431,10.303901,2023-08-01
1344,2023-07-28 12:50:00,19600.0,19589.15,6552800,8586700,112.7,93.45,416750,593400,0.508792,-0.491325,0.00191364,0.00186403,10.028693,10.295674,2023-08-01
6606,2023-07-28 12:50:00,19650.0,19589.15,5258100,2805050,87.85,118.05,297550,145300,0.413714,-0.58436,0.00187392,0.00183539,10.003185,10.224082,2023-08-01
11863,2023-07-28 12:50:00,19700.0,19589.15,10459450,4294100,66.3,147.3,291850,185100,0.32221,-0.672462,0.0017401,0.00169691,9.916999,10.238055,2023-08-01
17120,2023-07-28 12:50:00,19750.0,19589.15,6347000,884850,49.25,179.55,141850,32100,0.240937,-0.752947,0.00151332,0.00149204,9.905419,10.183528,2023-08-01
22374,2023-07-28 12:50:00,19800.0,19589.15,12050550,3825150,36.45,216.65,155700,28800,0.17477,-0.817837,0.00124012,0.0012348,9.993454,10.301904,2023-08-01
27626,2023-07-28 12:50:00,19850.0,19589.15,3697050,484750,26.6,256.95,84250,4900,0.122769,-0.868195,0.00096873,0.00098015,10.096702,10.484514,2023-08-01
25002,2023-07-28 12:51:00,19350.0,19590.1,36250,1521200,292.0,21.65,200,49400,0.885322,-0.122658,0.00090575,0.00091776,10.291398,10.651095,2023-08-01
19749,2023-07-28 12:51:00,19400.0,19590.1,500350,4478600,252.0,29.6,5000,90400,0.828502,-0.171982,0.00116819,0.00116792,10.482228,10.503502,2023-08-01
14493,2023-07-28 12:51:00,19450.0,19590.1,193300,3155900,212.0,39.7,5350,108250,0.767283,-0.233596,0.00142919,0.00142646,10.290578,10.331891,2023-08-01
9236,2023-07-28 12:51:00,19500.0,19590.1,1762750,7091650,176.5,53.7,82600,191550,0.689487,-0.310361,0.00164966,0.00165078,10.298022,10.288861,2023-08-01
3976,2023-07-28 12:51:00,19550.0,19590.1,1174850,3160900,143.35,70.8,91150,147750,0.603554,-0.396692,0.00181955,0.00181524,10.192796,10.218675,2023-08-01
1345,2023-07-28 12:51:00,19600.0,19590.1,6552800,8586700,114.1,91.65,484900,482300,0.51055,-0.489477,0.00189665,0.0018886,10.117799,10.16098,2023-08-01
6607,2023-07-28 12:51:00,19650.0,19590.1,5258100,2805050,88.9,116.05,255550,109550,0.416019,-0.58388,0.00186487,0.0018628,10.064901,10.076656,2023-08-01
11864,2023-07-28 12:51:00,19700.0,19590.1,10459450,4294100,67.35,145.0,242650,117500,0.325054,-0.67374,0.00173393,0.00172404,9.98877,10.061288,2023-08-01
17121,2023-07-28 12:51:00,19750.0,19590.1,6347000,884850,50.0,177.5,128900,18600,0.243508,-0.754924,0.0015142,0.00150869,9.957171,10.028138,2023-08-01
22375,2023-07-28 12:51:00,19800.0,19590.1,12050550,3825150,37.0,214.45,162250,30850,0.176909,-0.821074,0.00124472,0.0012433,10.033849,10.117388,2023-08-01
27627,2023-07-28 12:51:00,19850.0,19590.1,3697050,484750,27.0,254.3,88600,2950,0.124433,-0.873525,0.00097482,0.00097758,10.129075,10.215931,2023-08-01
25003,2023-07-28 12:52:00,19350.0,19585.85,36250,1521200,287.7,22.85,500,55650,0.884032,-0.128545,0.00092351,0.00094069,10.17709,10.740192,2023-08-01
19750,2023-07-28 12:52:00,19400.0,19585.85,500350,4478600,246.0,31.15,2500,86550,0.832017,-0.179173,0.00119502,0.00118795,10.114709,10.601181,2023-08-01
14494,2023-07-28 12:52:00,19450.0,19585.85,193300,3155900,205.65,41.55,7100,115450,0.76968,-0.241651,0.00147767,0.00144052,9.898666,10.426276,2023-08-01
9237,2023-07-28 12:52:00,19500.0,19585.85,1762750,7091650,171.6,55.75,61050,268250,0.686058,-0.318629,0.00169427,0.00165759,10.077567,10.365684,2023-08-01
3977,2023-07-28 12:52:00,19550.0,19585.85,1174850,3160900,139.05,73.35,72950,222100,0.597365,-0.405224,0.00185934,0.00180956,10.018432,10.310796,2023-08-01
1346,2023-07-28 12:52:00,19600.0,19585.85,6552800,8586700,110.4,95.0,376450,530650,0.502457,-0.497486,0.00192464,0.00186471,9.976985,10.29759,2023-08-01
6608,2023-07-28 12:52:00,19650.0,19585.85,5258100,2805050,85.95,120.15,209100,166150,0.407155,-0.590146,0.0018745,0.00182439,9.965321,10.255557,2023-08-01
11865,2023-07-28 12:52:00,19700.0,19585.85,10459450,4294100,64.9,149.35,216950,144950,0.3162,-0.678048,0.00172948,0.00168523,9.902719,10.239954,2023-08-01
17122,2023-07-28 12:52:00,19750.0,19585.85,6347000,884850,47.95,182.45,110450,21600,0.235211,-0.756358,0.00149877,0.00147122,9.873976,10.254191,2023-08-01
22376,2023-07-28 12:52:00,19800.0,19585.85,12050550,3825150,35.4,219.65,100350,33550,0.169917,-0.820386,0.00122216,0.00121661,9.963084,10.367512,2023-08-01
27628,2023-07-28 12:52:00,19850.0,19585.85,3697050,484750,25.85,259.85,57950,3650,0.119143,-0.870619,0.00095049,0.00096465,10.079108,10.52069,2023-08-01
25004,2023-07-28 12:53:00,19350.0,19587.85,35550,1531150,289.65,22.45,450,25800,0.884919,-0.126364,0.00091463,0.00093071,10.219854,10.726888,2023-08-01
19751,2023-07-28 12:53:00,19400.0,19587.85,500800,4478300,247.45,30.65,4450,51550,0.834951,-0.176512,0.00118414,0.00117815,10.091989,10.588787,2023-08-01
14495,2023-07-28 12:53:00,19450.0,19587.85,195000,3191550,207.4,41.05,1950,60050,0.771935,-0.238813,0.00146486,0.00143093,9.930097,10.428626,2023-08-01
9238,2023-07-28 12:53:00,19500.0,19587.85,1773950,7102050,172.2,55.45,22000,104700,0.690887,-0.315926,0.00169709,0.00164551,9.993362,10.404007,2023-08-01
3978,2023-07-28 12:53:00,19550.0,19587.85,1174400,3200650,139.95,73.15,46350,115950,0.601389,-0.402143,0.00186044,0.00179548,9.986141,10.371309,2023-08-01
1347,2023-07-28 12:53:00,19600.0,19587.85,6608800,8722400,110.9,94.65,253350,329600,0.506313,-0.493772,0.00193517,0.00185397,9.921439,10.356049,2023-08-01
6609,2023-07-28 12:53:00,19650.0,19587.85,5264100,2824600,86.3,119.75,133800,86100,0.410387,-0.58591,0.00188849,0.0018166,9.910355,10.324315,2023-08-01
11866,2023-07-28 12:53:00,19700.0,19587.85,10415800,4308050,65.25,149.25,122850,104750,0.318931,-0.672785,0.00174301,0.00167715,9.861442,10.357827,2023-08-01
17123,2023-07-28 12:53:00,19750.0,19587.85,6339100,883800,48.4,181.95,70200,9950,0.237806,-0.751344,0.00151045,0.00147327,9.856799,10.352185,2023-08-01
22377,2023-07-28 12:53:00,19800.0,19587.85,12011450,3825950,35.8,218.8,75350,10700,0.172112,-0.816084,0.00123342,0.00122519,9.953424,10.448244,2023-08-01
27629,2023-07-28 12:53:00,19850.0,19587.85,3684050,487100,26.2,258.2,38400,850,0.120965,-0.868845,0.00096096,0.00097434,10.076234,10.514492,2023-08-01
25005,2023-07-28 12:54:00,19350.0,19587.85,35550,1531150,289.85,22.4,450,22950,0.884131,-0.126178,0.00091595,0.0009305,10.255506,10.719179,2023-08-01
19752,2023-07-28 12:54:00,19400.0,19587.85,500800,4478300,248.35,30.45,21000,63450,0.831894,-0.175876,0.00118304,0.00117862,10.222668,10.56128,2023-08-01
14496,2023-07-28 12:54:00,19450.0,19587.85,195000,3191550,208.7,40.75,2550,56600,0.768347,-0.238042,0.00145397,0.00143351,10.093163,10.392315,2023-08-01
9239,2023-07-28 12:54:00,19500.0,19587.85,1773950,7102050,173.25,55.05,27300,136400,0.688898,-0.315215,0.00168221,0.001651,10.110807,10.360359,2023-08-01
3979,2023-07-28 12:54:00,19550.0,19587.85,1174400,3200650,140.95,72.6,41450,104650,0.600415,-0.401642,0.00184264,0.00180482,10.089942,10.315224,2023-08-01
1348,2023-07-28 12:54:00,19600.0,19587.85,6608800,8722400,112.1,93.8,156550,236800,0.506283,-0.493761,0.00191222,0.00186928,10.041365,10.272072,2023-08-01
6610,2023-07-28 12:54:00,19650.0,19587.85,5264100,2824600,87.05,119.0,149900,69250,0.411071,-0.586565,0.00187514,0.00182924,9.985724,10.250093,2023-08-01
11867,2023-07-28 12:54:00,19700.0,19587.85,10415800,4308050,65.95,147.95,133850,82550,0.320182,-0.67497,0.00173313,0.00169465,9.934773,10.2238,2023-08-01
17124,2023-07-28 12:54:00,19750.0,19587.85,6339100,883800,48.8,181.05,61650,12850,0.238818,-0.753491,0.0015071,0.00148088,9.902498,10.25228,2023-08-01
22378,2023-07-28 12:54:00,19800.0,19587.85,12011450,3825950,36.1,217.75,110200,18050,0.173032,-0.819142,0.00123294,0.00122778,9.991986,10.318426,2023-08-01
27630,2023-07-28 12:54:00,19850.0,19587.85,3684050,487100,26.4,257.45,44000,1500,0.121647,-0.871317,0.000962,0.00097151,10.106141,10.408011,2023-08-01
25006,2023-07-28 12:55:00,19350.0,19582.4,35550,1531150,286.2,23.3,100,89500,0.875306,-0.131433,0.00094947,0.00095703,10.42234,10.725089,2023-08-01
19753,2023-07-28 12:55:00,19400.0,19582.4,500800,4478300,242.45,31.75,6200,124300,0.830466,-0.182935,0.00121555,0.00120564,10.00712,10.587062,2023-08-01
14497,2023-07-28 12:55:00,19450.0,19582.4,195000,3191550,202.65,42.6,7350,112000,0.765668,-0.247003,0.00149992,0.00145554,9.850231,10.445781,2023-08-01
9240,2023-07-28 12:55:00,19500.0,19582.4,1773950,7102050,167.5,57.4,82000,331650,0.683373,-0.325245,0.00173404,0.00166305,9.886584,10.424638,2023-08-01
3980,2023-07-28 12:55:00,19550.0,19582.4,1174400,3200650,135.65,75.7,100950,326000,0.59208,-0.41228,0.00189107,0.00180017,9.886805,10.412551,2023-08-01
1349,2023-07-28 12:55:00,19600.0,19582.4,6608800,8722400,107.5,97.8,444900,694900,0.495711,-0.503842,0.00194572,0.00184441,9.872738,10.41516,2023-08-01
6611,2023-07-28 12:55:00,19650.0,19582.4,5264100,2824600,83.5,123.6,283300,192750,0.399767,-0.594979,0.00188306,0.00179247,9.878133,10.412266,2023-08-01
11868,2023-07-28 12:55:00,19700.0,19582.4,10415800,4308050,63.0,153.35,320000,170900,0.309077,-0.680657,0.00172408,0.00164906,9.840809,10.433609,2023-08-01
17125,2023-07-28 12:55:00,19750.0,19582.4,6339100,883800,46.65,186.8,152300,26650,0.229358,-0.756723,0.00148273,0.00143961,9.846071,10.475384,2023-08-01
22379,2023-07-28 12:55:00,19800.0,19582.4,12011450,3825950,34.6,224.2,209550,59100,0.165775,-0.818949,0.00120286,0.00119504,9.967633,10.61209,2023-08-01
27631,2023-07-28 12:55:00,19850.0,19582.4,3684050,487100,25.35,264.5,83900,7900,0.116349,-0.867945,0.000933,0.00095452,10.101361,10.788425,2023-08-01
25007,2023-07-28 12:56:00,19350.0,19588.65,35550,1533050,290.75,22.1,100,87600,0.884006,-0.124789,0.00091324,0.00092586,10.295114,10.691283,2023-08-01
19754,2023-07-28 12:56:00,19400.0,19588.65,505700,4492900,248.15,30.35,12300,132650,0.835696,-0.175116,0.00117968,0.00117448,10.102662,10.570869,2023-08-01
14498,2023-07-28 12:56:00,19450.0,19588.65,195900,3191450,208.7,40.5,8100,116000,0.771148,-0.236768,0.00145484,0.00143012,10.02006,10.387629,2023-08-01
9241,2023-07-28 12:56:00,19500.0,19588.65,1766100,7072800,173.7,54.55,58700,236650,0.690418,-0.313451,0.00168036,0.0016514,10.101694,10.334283,2023-08-01
3981,2023-07-28 12:56:00,19550.0,19588.65,1184450,3203500,141.0,72.15,97350,244750,0.602311,-0.400071,0.00184856,0.00180553,10.046243,10.30192,2023-08-01
1350,2023-07-28 12:56:00,19600.0,19588.65,6659250,8795400,111.95,93.4,511400,584600,0.507824,-0.492274,0.00192305,0.00186975,9.98544,10.270124,2023-08-01
6612,2023-07-28 12:56:00,19650.0,19588.65,5313950,2838650,87.4,118.25,210100,135850,0.412546,-0.585389,0.00187698,0.00183618,9.985633,10.219355,2023-08-01
11869,2023-07-28 12:56:00,19700.0,19588.65,10435900,4292900,66.05,147.45,252100,115850,0.321195,-0.67365,0.00173909,0.00169767,9.915069,10.223801,2023-08-01
17126,2023-07-28 12:56:00,19750.0,19588.65,6337700,884550,49.0,180.95,140000,26400,0.239897,-0.751272,0.00151158,0.00148087,9.898775,10.302883,2023-08-01
22380,2023-07-28 12:56:00,19800.0,19588.65,11997850,3823400,36.05,217.55,168450,30450,0.173253,-0.817033,0.00123775,0.00123091,9.962532,10.368404,2023-08-01
27632,2023-07-28 12:56:00,19850.0,19588.65,3691000,489700,26.4,257.6,58500,2000,0.121885,-0.867988,0.00096542,0.00097835,10.085434,10.52079,2023-08-01
25008,2023-07-28 12:57:00,19350.0,19587.05,35500,1533050,289.2,22.3,100,28900,0.883246,-0.126091,0.00092038,0.00093342,10.264515,10.68365,2023-08-01
19755,2023-07-28 12:57:00,19400.0,19587.05,505700,4492900,247.55,30.5,18150,78850,0.831449,-0.17645,0.00118764,0.00118299,10.203367,10.547108,2023-08-01
14499,2023-07-28 12:57:00,19450.0,19587.05,195900,3191450,208.7,40.95,2100,58550,0.76556,-0.239162,0.001453,0.00143751,10.170195,10.393122,2023-08-01
9242,2023-07-28 12:57:00,19500.0,19587.05,1766100,7072800,172.7,55.35,47250,112350,0.687545,-0.316605,0.00168551,0.0016536,10.112982,10.366503,2023-08-01
3982,2023-07-28 12:57:00,19550.0,19587.05,1184450,3203500,140.2,72.8,52800,120000,0.599176,-0.402985,0.00184917,0.00180871,10.065461,10.304903,2023-08-01
1351,2023-07-28 12:57:00,19600.0,19587.05,6659250,8795400,111.2,94.25,293850,333200,0.504742,-0.495271,0.00192143,0.00186832,9.996738,10.280935,2023-08-01
6613,2023-07-28 12:57:00,19650.0,19587.05,5313950,2838650,86.5,119.65,148350,74100,0.409382,-0.587864,0.0018769,0.00182441,9.96948,10.272701,2023-08-01
11870,2023-07-28 12:57:00,19700.0,19587.05,10435900,4292900,65.45,148.65,180200,71450,0.318423,-0.676013,0.00173284,0.00168922,9.916432,10.246112,2023-08-01
17127,2023-07-28 12:57:00,19750.0,19587.05,6337700,884550,48.65,182.1,76850,13600,0.237834,-0.753529,0.00150221,0.00147306,9.91522,10.308906,2023-08-01
22381,2023-07-28 12:57:00,19800.0,19587.05,11997850,3823400,35.95,219.8,110150,16000,0.172162,-0.815984,0.00122841,0.00122016,9.999569,10.498893,2023-08-01
27633,2023-07-28 12:57:00,19850.0,19587.05,3691000,489700,26.3,260.0,59250,2300,0.121034,-0.865973,0.00095797,0.00097414,10.115592,10.678807,2023-08-01
25009,2023-07-28 12:58:00,19350.0,19586.75,35500,1533050,289.2,22.25,0,16600,0.882987,-0.126014,0.00092191,0.00093446,10.264515,10.668201,2023-08-01
19756,2023-07-28 12:58:00,19400.0,19586.75,505700,4492900,248.3,30.5,14600,57450,0.827806,-0.176607,0.00118759,0.00118467,10.345583,10.539098,2023-08-01
14500,2023-07-28 12:58:00,19450.0,19586.75,195900,3191450,207.25,40.75,4700,38950,0.768424,-0.238881,0.00146501,0.00144137,10.01918,10.359655,2023-08-01
9243,2023-07-28 12:58:00,19500.0,19586.75,1766100,7072800,172.8,55.05,23650,82300,0.686474,-0.316398,0.00168241,0.00166023,10.147555,10.323278,2023-08-01
3983,2023-07-28 12:58:00,19550.0,19586.75,1184450,3203500,140.25,72.55,31000,77100,0.598397,-0.403196,0.00184574,0.00181571,10.090241,10.267572,2023-08-01
1352,2023-07-28 12:58:00,19600.0,19586.75,6659250,8795400,111.35,94.0,252900,296650,0.504161,-0.495836,0.00191561,0.00187552,10.028289,10.242609,2023-08-01
6614,2023-07-28 12:58:00,19650.0,19586.75,5313950,2838650,86.85,119.15,106600,60900,0.409267,-0.58901,0.00186774,0.00183511,10.018662,10.207068,2023-08-01
11871,2023-07-28 12:58:00,19700.0,19586.75,10435900,4292900,65.65,148.3,153200,49850,0.318462,-0.677449,0.00172731,0.00169542,9.949683,10.19097,2023-08-01
17128,2023-07-28 12:58:00,19750.0,19586.75,6337700,884550,48.7,181.5,66350,7000,0.237737,-0.755921,0.00149951,0.00147838,9.93186,10.219122,2023-08-01
22382,2023-07-28 12:58:00,19800.0,19586.75,11997850,3823400,36.1,218.3,122900,39200,0.172472,-0.821374,0.00122641,0.00122269,10.028389,10.284943,2023-08-01
27634,2023-07-28 12:58:00,19850.0,19586.75,3691000,489700,26.4,258.4,36800,400,0.121277,-0.872245,0.00095719,0.0009661,10.139162,10.417921,2023-08-01
25010,2023-07-28 12:59:00,19350.0,19587.7,35500,1542000,289.2,22.5,0,20150,0.883877,-0.126561,0.00091696,0.00093155,10.264515,10.734318,2023-08-01
19757,2023-07-28 12:59:00,19400.0,19587.7,532400,4504600,246.5,30.85,35650,44000,0.837606,-0.177184,0.00118579,0.00117862,9.977542,10.615463,2023-08-01
14501,2023-07-28 12:59:00,19450.0,19587.7,200100,3198850,207.0,41.3,15400,45750,0.772489,-0.239535,0.00146812,0.00143009,9.899619,10.457376,2023-08-01
9244,2023-07-28 12:59:00,19500.0,19587.7,1778550,7091750,171.0,55.7,35500,129500,0.692727,-0.316511,0.00171359,0.0016437,9.876296,10.429,2023-08-01
3984,2023-07-28 12:59:00,19550.0,19587.7,1202650,3208600,139.0,73.55,49700,101950,0.601933,-0.402723,0.00187644,0.00179056,9.902479,10.409005,2023-08-01
1353,2023-07-28 12:59:00,19600.0,19587.7,6873050,8998550,110.3,95.05,269850,313650,0.506004,-0.494082,0.00194542,0.00184865,9.874373,10.391316,2023-08-01
6615,2023-07-28 12:59:00,19650.0,19587.7,5371550,2853100,85.75,120.45,149400,61000,0.409621,-0.585706,0.00189695,0.00180657,9.866793,10.38818,2023-08-01
11872,2023-07-28 12:59:00,19700.0,19587.7,10432550,4279200,64.85,149.9,171250,77100,0.318008,-0.672195,0.00174735,0.00166962,9.830025,10.417537,2023-08-01
17129,2023-07-28 12:59:00,19750.0,19587.7,6327300,884900,48.05,182.5,97050,9350,0.236757,-0.750613,0.00151219,0.00146903,9.826636,10.403714,2023-08-01
22383,2023-07-28 12:59:00,19800.0,19587.7,11999050,3807800,35.65,220.3,95150,12500,0.171533,-0.812446,0.00123267,0.00122067,9.943108,10.620646,2023-08-01
27635,2023-07-28 12:59:00,19850.0,19587.7,3685700,490850,26.0,260.3,66450,1300,0.120188,-0.862795,0.00095912,0.00097951,10.055097,10.7936,2023-08-01
25011,2023-07-28 13:00:00,19350.0,19592.9,35600,1542000,290.7,21.65,150,29350,0.903017,-0.12161,0.00085815,0.00090633,9.628305,10.727207,2023-08-01
19758,2023-07-28 13:00:00,19400.0,19592.9,532400,4504600,251.7,29.6,22850,85150,0.840281,-0.170454,0.00115611,0.00115288,10.121601,10.586529,2023-08-01
14502,2023-07-28 13:00:00,19450.0,19592.9,200100,3198850,211.35,39.6,11400,81250,0.778861,-0.231165,0.00143667,0.0014083,9.952711,10.410817,2023-08-01
9245,2023-07-28 13:00:00,19500.0,19592.9,1778550,7091750,175.55,53.6,59800,205650,0.699635,-0.307187,0.00167758,0.00162997,9.984696,10.379808,2023-08-01
3985,2023-07-28 13:00:00,19550.0,19592.9,1202650,3208600,142.6,70.65,92300,146000,0.611225,-0.392562,0.00185613,0.00179366,9.943858,10.318391,2023-08-01
1354,2023-07-28 13:00:00,19600.0,19592.9,6873050,8998550,113.15,91.75,382150,352700,0.516106,-0.48438,0.00194266,0.00186299,9.879692,10.302666,2023-08-01
6616,2023-07-28 13:00:00,19650.0,19592.9,5371550,2853100,88.25,116.3,225800,113650,0.419598,-0.57734,0.00190488,0.00183791,9.878368,10.254257,2023-08-01
11873,2023-07-28 13:00:00,19700.0,19592.9,10432550,4279200,66.65,145.2,188850,84600,0.32682,-0.665881,0.00177022,0.00170761,9.811715,10.261739,2023-08-01
17130,2023-07-28 13:00:00,19750.0,19592.9,6327300,884900,49.6,177.85,80550,24100,0.244552,-0.745457,0.00153962,0.00150226,9.821435,10.282171,2023-08-01
22384,2023-07-28 13:00:00,19800.0,19592.9,11999050,3807800,36.65,215.0,179250,43350,0.177179,-0.810072,0.0012623,0.00125063,9.909816,10.445004,2023-08-01
27636,2023-07-28 13:00:00,19850.0,19592.9,3685700,490850,26.7,255.0,45700,2350,0.12425,-0.861333,0.0009856,0.00100146,10.014138,10.63174,2023-08-01
25012,2023-07-28 13:01:00,19350.0,19598.35,35600,1542000,295.0,21.4,2050,68950,0.9097,-0.118813,0.00082173,0.00088343,9.536823,10.824268,2023-08-01
19759,2023-07-28 13:01:00,19400.0,19598.35,532400,4504600,253.75,29.15,39000,110050,0.85527,-0.166216,0.00112303,0.00112475,9.757795,10.674912,2023-08-01
14503,2023-07-28 13:01:00,19450.0,19598.35,200100,3198850,213.4,39.15,8400,107350,0.792994,-0.225954,0.00142114,0.00137521,9.680121,10.523662,2023-08-01
9246,2023-07-28 13:01:00,19500.0,19598.35,1778550,7091750,176.6,53.0,102450,213550,0.71467,-0.300455,0.00169064,0.00159476,9.67228,10.502601,2023-08-01
3986,2023-07-28 13:01:00,19550.0,19598.35,1202650,3208600,143.7,70.0,129400,224500,0.624111,-0.384366,0.00188254,0.00175729,9.703795,10.466265,2023-08-01
1355,2023-07-28 13:01:00,19600.0,19598.35,6873050,8998550,114.35,90.75,455250,563500,0.527093,-0.474538,0.00197482,0.00183402,9.702382,10.450076,2023-08-01
6617,2023-07-28 13:01:00,19650.0,19598.35,5371550,2853100,89.1,115.4,419950,196550,0.428725,-0.565968,0.00194612,0.00181226,9.710348,10.45194,2023-08-01
11874,2023-07-28 13:01:00,19700.0,19598.35,10432550,4279200,67.5,143.6,337600,178750,0.334391,-0.653999,0.00181013,0.00170141,9.681788,10.435793,2023-08-01
17131,2023-07-28 13:01:00,19750.0,19598.35,6327300,884900,50.2,175.75,156700,31700,0.25026,-0.733719,0.00157822,0.00151176,9.698245,10.455609,2023-08-01
22385,2023-07-28 13:01:00,19800.0,19598.35,11999050,3807800,37.2,212.55,221500,42050,0.181659,-0.79892,0.00129509,0.00127148,9.809843,10.633972,2023-08-01
27637,2023-07-28 13:01:00,19850.0,19598.35,3685700,490850,27.05,254.15,57900,1700,0.127253,-0.845371,0.00101214,0.00103209,9.913444,11.096702,2023-08-01
25013,2023-07-28 13:02:00,19350.0,19599.8,35900,1534300,296.05,21.2,150,32450,0.911899,-0.117589,0.00081055,0.00087673,9.4927,10.827552,2023-08-01
19760,2023-07-28 13:02:00,19400.0,19599.8,541400,4497700,254.65,28.8,8350,84600,0.858034,-0.164356,0.00111375,0.00111762,9.711906,10.665237,2023-08-01
14504,2023-07-28 13:02:00,19450.0,19599.8,200000,3194350,214.0,38.7,11800,60350,0.796688,-0.223706,0.00141593,0.00136894,9.612463,10.512198,2023-08-01
9247,2023-07-28 13:02:00,19500.0,19599.8,1790250,7088300,177.8,52.3,54550,149250,0.716717,-0.297653,0.00168122,0.00159227,9.69319,10.474488,2023-08-01
3987,2023-07-28 13:02:00,19550.0,19599.8,1203700,3207100,144.7,69.35,77450,130950,0.626728,-0.381706,0.00187658,0.00175542,9.713234,10.455835,2023-08-01
1356,2023-07-28 13:02:00,19600.0,19599.8,6929500,9007300,115.25,89.85,354150,366800,0.529926,-0.471827,0.00197172,0.00183748,9.712794,10.425739,2023-08-01
6618,2023-07-28 13:02:00,19650.0,19599.8,5341800,2811500,89.8,114.35,216550,82500,0.431553,-0.563532,0.00194819,0.00181903,9.712447,10.423663,2023-08-01
11875,2023-07-28 13:02:00,19700.0,19599.8,10394550,4233300,67.9,142.95,221900,81300,0.336728,-0.651225,0.00181823,0.00170276,9.665014,10.458395,2023-08-01
17132,2023-07-28 13:02:00,19750.0,19599.8,6349700,884900,50.35,175.2,98450,12500,0.251778,-0.730636,0.00158882,0.00151391,9.664495,10.501551,2023-08-01
22386,2023-07-28 13:02:00,19800.0,19599.8,11953250,3800200,37.25,211.6,107750,27700,0.18257,-0.796798,0.00130426,0.00127791,9.771486,10.6472,2023-08-01
27638,2023-07-28 13:02:00,19850.0,19599.8,3678300,495150,27.15,251.75,65000,7650,0.128083,-0.84764,0.00101937,0.00103782,9.887855,10.928071,2023-08-01
25014,2023-07-28 13:03:00,19350.0,19603.05,35900,1534300,300.9,20.3,2500,88950,0.905781,-0.113201,0.00081807,0.00085903,9.884845,10.75511,2023-08-01
19761,2023-07-28 13:03:00,19400.0,19603.05,541400,4497700,259.0,27.6,24400,198150,0.855387,-0.158824,0.00109844,0.00110161,9.970052,10.580496,2023-08-01
14505,2023-07-28 13:03:00,19450.0,19603.05,200000,3194350,218.55,37.1,14750,161600,0.79489,-0.217039,0.00138464,0.00135861,9.88054,10.40912,2023-08-01
9248,2023-07-28 13:03:00,19500.0,19603.05,1790250,7088300,181.6,50.25,132450,431100,0.718752,-0.29036,0.00164587,0.00159222,9.866232,10.354541,2023-08-01
3988,2023-07-28 13:03:00,19550.0,19603.05,1203700,3207100,148.0,66.65,127900,284950,0.631173,-0.374266,0.00184441,0.00177092,9.843706,10.300648,2023-08-01
1357,2023-07-28 13:03:00,19600.0,19603.05,6929500,9007300,117.9,86.65,510750,642300,0.53605,-0.465355,0.00195206,0.00186622,9.79732,10.251211,2023-08-01
6619,2023-07-28 13:03:00,19650.0,19603.05,5341800,2811500,92.0,110.7,340150,174750,0.438319,-0.558786,0.00194052,0.00185669,9.777513,10.230357,2023-08-01
11876,2023-07-28 13:03:00,19700.0,19603.05,10394550,4233300,69.85,138.75,362200,198150,0.343709,-0.648907,0.00181958,0.00174513,9.733127,10.228262,2023-08-01
17133,2023-07-28 13:03:00,19750.0,19603.05,6349700,884900,51.9,170.3,170700,53750,0.258184,-0.731593,0.00160041,0.00155496,9.720699,10.205263,2023-08-01
22387,2023-07-28 13:03:00,19800.0,19603.05,11953250,3800200,38.35,207.0,208950,58050,0.187651,-0.798639,0.001322,0.00130337,9.805358,10.381705,2023-08-01
27639,2023-07-28 13:03:00,19850.0,19603.05,3678300,495150,27.95,246.25,76000,3850,0.131955,-0.853296,0.00103814,0.00104996,9.910523,10.531621,2023-08-01
25015,2023-07-28 13:04:00,19350.0,19603.75,35900,1534300,297.3,20.4,2000,27300,0.925656,-0.113339,0.0007504,0.000857,9.02013,10.790536,2023-08-01
19762,2023-07-28 13:04:00,19400.0,19603.75,541400,4497700,258.2,28.0,15450,78750,0.861357,-0.159803,0.00109105,0.00109797,9.755484,10.658914,2023-08-01
14506,2023-07-28 13:04:00,19450.0,19603.75,200000,3194350,217.8,37.2,15800,91450,0.799892,-0.216823,0.00138825,0.00135341,9.710942,10.443587,2023-08-01
9249,2023-07-28 13:04:00,19500.0,19603.75,1790250,7088300,181.1,50.5,69100,211350,0.722167,-0.290178,0.00165538,0.00158377,9.752017,10.407201,2023-08-01
3989,2023-07-28 13:04:00,19550.0,19603.75,1203700,3207100,147.8,66.8,87200,165150,0.633319,-0.373515,0.00185362,0.0017625,9.776448,10.343769,2023-08-01
1358,2023-07-28 13:04:00,19600.0,19603.75,6929500,9007300,117.5,87.1,388300,359450,0.537682,-0.464284,0.00196718,0.00185207,9.718796,10.327545,2023-08-01
6620,2023-07-28 13:04:00,19650.0,19603.75,5341800,2811500,91.75,110.8,318800,103350,0.439291,-0.557219,0.0019528,0.0018495,9.720199,10.276579,2023-08-01
11877,2023-07-28 13:04:00,19700.0,19603.75,10394550,4233300,69.8,139.1,317600,133600,0.344453,-0.646601,0.00182735,0.00173605,9.700104,10.30652,2023-08-01
17134,2023-07-28 13:04:00,19750.0,19603.75,6349700,884900,51.7,171.0,136300,24800,0.258271,-0.727985,0.00160841,0.00154625,9.674526,10.331996,2023-08-01
22388,2023-07-28 13:04:00,19800.0,19603.75,11953250,3800200,38.15,206.95,209050,45000,0.187424,-0.796489,0.00132727,0.00130481,9.75955,10.436836,2023-08-01
27640,2023-07-28 13:04:00,19850.0,19603.75,3678300,495150,27.85,247.0,42700,1200,0.131852,-0.84857,0.00104111,0.00105501,9.877369,10.706095,2023-08-01
25016,2023-07-28 13:05:00,19350.0,19608.5,34550,1530000,303.9,19.75,550,88150,0.918057,-0.109415,0.00076488,0.00083511,9.525979,10.795776,2023-08-01
19763,2023-07-28 13:05:00,19400.0,19608.5,547400,4487200,261.85,26.95,28650,164450,0.867718,-0.15407,0.00106181,0.00107422,9.70504,10.634176,2023-08-01
14507,2023-07-28 13:05:00,19450.0,19608.5,195100,3187800,221.2,36.4,16100,155050,0.807428,-0.211337,0.00136185,0.00132792,9.670008,10.484862,2023-08-01
9250,2023-07-28 13:05:00,19500.0,19608.5,1775750,7003650,184.15,49.15,161600,373350,0.730805,-0.282821,0.00163614,0.00156327,9.712127,10.414389,2023-08-01
3990,2023-07-28 13:05:00,19550.0,19608.5,1127300,3179300,150.2,65.3,185200,323400,0.643024,-0.36547,0.00184937,0.00174555,9.708034,10.368657,2023-08-01
1359,2023-07-28 13:05:00,19600.0,19608.5,6802650,8971550,119.7,85.55,829000,675250,0.547225,-0.455705,0.00197155,0.0018382,9.670899,10.381279,2023-08-01
6621,2023-07-28 13:05:00,19650.0,19608.5,5323850,2804350,93.6,108.85,518550,276500,0.448321,-0.548181,0.00196771,0.00184599,9.676226,10.325717,2023-08-01
11878,2023-07-28 13:05:00,19700.0,19608.5,10263300,4188750,71.3,136.6,558750,225400,0.352528,-0.637931,0.00185071,0.00174533,9.657929,10.337282,2023-08-01
17135,2023-07-28 13:05:00,19750.0,19608.5,6363750,879800,52.85,167.85,214500,45300,0.264999,-0.720627,0.00163694,0.00156653,9.630693,10.331275,2023-08-01
22389,2023-07-28 13:05:00,19800.0,19608.5,11936850,3808550,39.05,204.35,299200,73900,0.192777,-0.788026,0.00135582,0.00132376,9.719324,10.536363,2023-08-01
27641,2023-07-28 13:05:00,19850.0,19608.5,3664100,493300,28.35,242.25,97350,7050,0.135268,-0.846728,0.00106631,0.00107734,9.813533,10.56694,2023-08-01
25017,2023-07-28 13:06:00,19350.0,19608.1,34550,1530000,301.45,20.1,650,64000,0.927658,-0.110834,0.00073029,0.0008389,9.076446,10.847972,2023-08-01
19764,2023-07-28 13:06:00,19400.0,19608.1,547400,4487200,259.2,27.3,18300,121450,0.876717,-0.155418,0.00105237,0.00107632,9.325149,10.675842,2023-08-01
14508,2023-07-28 13:06:00,19450.0,19608.1,195100,3187800,219.65,36.75,9700,130550,0.810987,-0.212581,0.0013701,0.00132838,9.503384,10.518387,2023-08-01
9251,2023-07-28 13:06:00,19500.0,19608.1,1775750,7003650,182.25,49.7,93200,459950,0.734091,-0.284343,0.00165837,0.00155998,9.523772,10.464338,2023-08-01
3991,2023-07-28 13:06:00,19550.0,19608.1,1127300,3179300,148.9,66.0,110150,255450,0.643802,-0.366865,0.00186929,0.00173808,9.598249,10.427517,2023-08-01
1360,2023-07-28 13:06:00,19600.0,19608.1,6802650,8971550,118.55,86.4,695800,610450,0.546839,-0.456696,0.00199089,0.00182691,9.57906,10.449417,2023-08-01
6622,2023-07-28 13:06:00,19650.0,19608.1,5323850,2804350,92.7,110.2,448600,200400,0.447121,-0.54835,0.00198126,0.00182598,9.607229,10.439447,2023-08-01
11879,2023-07-28 13:06:00,19700.0,19608.1,10263300,4188750,70.3,137.95,577300,217050,0.350494,-0.637158,0.00186332,0.00172784,9.573544,10.450588,2023-08-01
17136,2023-07-28 13:06:00,19750.0,19608.1,6363750,879800,52.15,169.55,203500,40250,0.262986,-0.718308,0.00164118,0.0015498,9.569527,10.485812,2023-08-01
22390,2023-07-28 13:06:00,19800.0,19608.1,11936850,3808550,38.55,205.7,235550,54100,0.191041,-0.785818,0.00135505,0.00131635,9.672148,10.66101,2023-08-01
27642,2023-07-28 13:06:00,19850.0,19608.1,3664100,493300,28.0,245.85,130800,6200,0.133912,-0.837378,0.00106306,0.00107618,9.776742,10.998881,2023-08-01
25018,2023-07-28 13:07:00,19350.0,19608.55,34550,1530000,301.45,20.05,50,29000,0.92998,-0.110502,0.00071943,0.00083693,8.986215,10.850931,2023-08-01
19765,2023-07-28 13:07:00,19400.0,19608.55,547400,4487200,259.95,27.3,3250,70100,0.875634,-0.155203,0.00105181,0.00107411,9.387962,10.688618,2023-08-01
14509,2023-07-28 13:07:00,19450.0,19608.55,195100,3187800,219.0,36.8,2150,60300,0.815048,-0.212412,0.00137165,0.00132527,9.3665,10.538859,2023-08-01
9252,2023-07-28 13:07:00,19500.0,19608.55,1775750,7003650,181.7,49.85,40700,250700,0.737047,-0.284223,0.00166701,0.00155488,9.421244,10.497137,2023-08-01
3992,2023-07-28 13:07:00,19550.0,19608.55,1127300,3179300,148.45,66.35,41800,97550,0.645752,-0.366724,0.00188109,0.00172894,9.520101,10.481948,2023-08-01
1361,2023-07-28 13:07:00,19600.0,19608.55,6802650,8971550,118.35,86.5,238450,271400,0.547939,-0.455989,0.00199977,0.00182142,9.533979,10.479514,2023-08-01
6623,2023-07-28 13:07:00,19650.0,19608.55,5323850,2804350,92.45,110.5,182150,105600,0.447737,-0.547277,0.00199127,0.00181749,9.561497,10.49226,2023-08-01
11880,2023-07-28 13:07:00,19700.0,19608.55,10263300,4188750,70.15,138.6,206000,130250,0.350811,-0.635206,0.00187053,0.00171585,9.54038,10.543343,2023-08-01
17137,2023-07-28 13:07:00,19750.0,19608.55,6363750,879800,51.8,170.15,129400,17300,0.262522,-0.715826,0.00164905,0.00154229,9.515887,10.581969,2023-08-01
22391,2023-07-28 13:07:00,19800.0,19608.55,11936850,3808550,38.35,206.55,93600,27000,0.190683,-0.782267,0.0013589,0.00131217,9.634288,10.798026,2023-08-01
27643,2023-07-28 13:07:00,19850.0,19608.55,3664100,493300,27.85,245.05,59700,4050,0.13355,-0.838226,0.00106475,0.00107835,9.743683,10.940205,2023-08-01
25019,2023-07-28 13:08:00,19350.0,19604.8,34200,1541050,297.45,20.35,700,76950,0.930362,-0.112792,0.00072791,0.00085273,8.846547,10.810239,2023-08-01
19766,2023-07-28 13:08:00,19400.0,19604.8,548900,4488300,258.0,27.85,15100,93900,0.866686,-0.158781,0.00108105,0.00109277,9.587741,10.667771,2023-08-01
14510,2023-07-28 13:08:00,19450.0,19604.8,195850,3197900,217.0,37.45,2700,98500,0.806601,-0.216763,0.00139078,0.00134513,9.497878,10.50926,2023-08-01
9253,2023-07-28 13:08:00,19500.0,19604.8,1745600,7245350,180.0,50.65,76800,330700,0.72827,-0.289445,0.00167416,0.00157409,9.540352,10.461813,2023-08-01
3993,2023-07-28 13:08:00,19550.0,19604.8,1106850,3179900,146.65,67.4,79600,265750,0.637775,-0.372846,0.00188299,0.00174428,9.587172,10.448821,2023-08-01
1362,2023-07-28 13:08:00,19600.0,19604.8,6850450,9067150,117.1,87.7,468750,604150,0.540096,-0.46269,0.00198623,0.00183275,9.622627,10.435574,2023-08-01
6624,2023-07-28 13:08:00,19650.0,19604.8,5415200,2908500,91.2,111.85,367750,202200,0.440644,-0.55441,0.00197501,0.00182361,9.618592,10.435844,2023-08-01
11881,2023-07-28 13:08:00,19700.0,19604.8,10228550,4210850,69.35,140.05,362150,192500,0.344966,-0.642648,0.00184527,0.00171657,9.613991,10.467597,2023-08-01
17138,2023-07-28 13:08:00,19750.0,19604.8,6386350,889500,51.2,172.0,135000,46850,0.257899,-0.722855,0.00162268,0.00153365,9.585019,10.516349,2023-08-01
22392,2023-07-28 13:08:00,19800.0,19604.8,11961100,3812050,38.05,208.3,218500,57250,0.18767,-0.789593,0.00133456,0.00129993,9.716941,10.687719,2023-08-01
27644,2023-07-28 13:08:00,19850.0,19604.8,3694700,493400,27.65,248.15,98900,1650,0.131507,-0.841659,0.00104536,0.00106101,9.822252,10.967146,2023-08-01
25020,2023-07-28 13:09:00,19350.0,19603.9,34200,1541050,297.8,20.65,450,26250,0.923918,-0.114181,0.00075682,0.00085794,9.106363,10.840213,2023-08-01
19767,2023-07-28 13:09:00,19400.0,19603.9,548900,4488300,255.65,28.25,12450,66800,0.872194,-0.160518,0.00107922,0.00109719,9.329035,10.702143,2023-08-01
14511,2023-07-28 13:09:00,19450.0,19603.9,195850,3197900,215.2,38.05,3450,59800,0.809026,-0.219021,0.00140196,0.00134702,9.35088,10.558754,2023-08-01
9254,2023-07-28 13:09:00,19500.0,19603.9,1745600,7245350,178.55,51.6,35150,143650,0.728714,-0.292214,0.0016895,0.00156968,9.447289,10.539364,2023-08-01
3994,2023-07-28 13:09:00,19550.0,19603.9,1106850,3179900,145.6,68.25,49150,120700,0.636738,-0.375021,0.00189477,0.00173863,9.538098,10.503486,2023-08-01
1363,2023-07-28 13:09:00,19600.0,19603.9,6850450,9067150,116.0,89.0,225450,339950,0.538515,-0.46461,0.00199946,0.001818,9.563957,10.526233,2023-08-01
6625,2023-07-28 13:09:00,19650.0,19603.9,5415200,2908500,90.35,113.6,187150,105550,0.438583,-0.555334,0.00198206,0.00180123,9.578047,10.56348,2023-08-01
11882,2023-07-28 13:09:00,19700.0,19603.9,10228550,4210850,68.75,141.95,168300,110750,0.342913,-0.642342,0.00184594,0.00169475,9.590259,10.606941,2023-08-01
17139,2023-07-28 13:09:00,19750.0,19603.9,6386350,889500,50.8,174.0,66850,27650,0.256168,-0.721363,0.00161911,0.001516,9.57379,10.668094,2023-08-01
22393,2023-07-28 13:09:00,19800.0,19603.9,11961100,3812050,37.55,210.75,99700,35300,0.185644,-0.786171,0.0013302,0.00128692,9.684732,10.899462,2023-08-01
27645,2023-07-28 13:09:00,19850.0,19603.9,3694700,493400,27.3,250.35,56400,4800,0.129971,-0.838277,0.00103952,0.00105693,9.798825,11.164111,2023-08-01
25021,2023-07-28 13:10:00,19350.0,19605.0,34200,1541050,302.0,20.0,50,74150,0.90993,-0.111415,0.00080061,0.00084973,9.773965,10.755181,2023-08-01
19768,2023-07-28 13:10:00,19400.0,19605.0,548900,4488300,260.0,27.35,14100,145600,0.859774,-0.157016,0.001086,0.00109183,9.881242,10.600579,2023-08-01
14512,2023-07-28 13:10:00,19450.0,19605.0,195850,3197900,219.2,36.75,4800,108050,0.800231,-0.214672,0.00137861,0.00134839,9.773218,10.426774,2023-08-01
9255,2023-07-28 13:10:00,19500.0,19605.0,1745600,7245350,182.95,49.75,92400,317200,0.722001,-0.287407,0.0016371,0.00158344,9.86821,10.367112,2023-08-01
3995,2023-07-28 13:10:00,19550.0,19605.0,1106850,3179900,149.35,66.2,97850,235150,0.634594,-0.371138,0.00183652,0.00176174,9.860432,10.331643,2023-08-01
1364,2023-07-28 13:10:00,19600.0,19605.0,6850450,9067150,119.25,86.25,457150,614350,0.539731,-0.46189,0.00194516,0.00185678,9.828252,10.300178,2023-08-01
6626,2023-07-28 13:10:00,19650.0,19605.0,5415200,2908500,93.05,110.0,312750,259200,0.442138,-0.555037,0.0019411,0.00185409,9.79367,10.263706,2023-08-01
11883,2023-07-28 13:10:00,19700.0,19605.0,10228550,4210850,70.9,137.9,348050,217500,0.347635,-0.645143,0.00182218,0.00174693,9.765252,10.261959,2023-08-01
17140,2023-07-28 13:10:00,19750.0,19605.0,6386350,889500,52.45,169.75,186400,45050,0.261063,-0.727038,0.00161115,0.00155617,9.716128,10.288446,2023-08-01
22394,2023-07-28 13:10:00,19800.0,19605.0,11961100,3812050,38.8,205.65,183750,67950,0.190026,-0.796015,0.00133321,0.00131283,9.803387,10.392054,2023-08-01
27646,2023-07-28 13:10:00,19850.0,19605.0,3694700,493400,28.2,245.25,99050,9350,0.133455,-0.84973,0.00104839,0.0010602,9.895195,10.603968,2023-08-01
25022,2023-07-28 13:11:00,19350.0,19608.6,34200,1553750,305.15,19.75,750,57750,0.91287,-0.109346,0.00078127,0.00083472,9.77052,10.801389,2023-08-01
19769,2023-07-28 13:11:00,19400.0,19608.6,535050,4495900,261.6,27.05,13000,92050,0.869098,-0.154321,0.00105991,0.00107383,9.657201,10.65482,2023-08-01
14513,2023-07-28 13:11:00,19450.0,19608.6,197550,3226550,221.0,36.4,8750,89050,0.808443,-0.211236,0.00136265,0.00132747,9.637992,10.490772,2023-08-01
9256,2023-07-28 13:11:00,19500.0,19608.6,1756800,7281750,183.85,49.4,108300,203950,0.73184,-0.283226,0.00164029,0.00155992,9.673707,10.449199,2023-08-01
3996,2023-07-28 13:11:00,19550.0,19608.6,1096050,3194750,150.35,65.55,85750,138200,0.643059,-0.365652,0.0018476,0.00174121,9.721931,10.401475,2023-08-01
1365,2023-07-28 13:11:00,19600.0,19608.6,6843000,9232650,120.2,85.9,591600,390850,0.547197,-0.455689,0.0019626,0.00183171,9.719966,10.423286,2023-08-01
6627,2023-07-28 13:11:00,19650.0,19608.6,5439350,2914950,93.8,109.3,426750,145450,0.448571,-0.547788,0.00196494,0.00183789,9.695561,10.377679,2023-08-01
11884,2023-07-28 13:11:00,19700.0,19608.6,10236300,4238350,71.55,137.2,411050,117950,0.352992,-0.636948,0.00184764,0.00173625,9.683406,10.406143,2023-08-01
17141,2023-07-28 13:11:00,19750.0,19608.6,6404250,885600,53.1,169.0,167050,23100,0.265632,-0.718056,0.00163505,0.00155437,9.658377,10.463665,2023-08-01
22395,2023-07-28 13:11:00,19800.0,19608.6,11954500,3821350,39.3,204.15,246600,39100,0.193537,-0.78833,0.00135544,0.00132499,9.750384,10.523032,2023-08-01
27647,2023-07-28 13:11:00,19850.0,19608.6,3660850,495700,28.65,243.8,65400,8650,0.13629,-0.841809,0.0010677,0.00107852,9.856372,10.782947,2023-08-01
25023,2023-07-28 13:12:00,19350.0,19608.4,34550,1553750,304.0,19.7,1000,39550,0.917045,-0.109215,0.00076859,0.00083511,9.573638,10.788098,2023-08-01
19770,2023-07-28 13:12:00,19400.0,19608.4,535050,4495900,261.9,26.95,7850,51050,0.867029,-0.154072,0.00106309,0.00107479,9.734009,10.634979,2023-08-01
14514,2023-07-28 13:12:00,19450.0,19608.4,197550,3226550,220.5,36.2,1150,45050,0.8093,-0.210801,0.00136548,0.00132996,9.592476,10.459429,2023-08-01
9257,2023-07-28 13:12:00,19500.0,19608.4,1756800,7281750,184.05,49.1,43450,187600,0.730675,-0.282784,0.00163705,0.00156498,9.714884,10.408557,2023-08-01
3997,2023-07-28 13:12:00,19550.0,19608.4,1096050,3194750,150.5,65.6,44150,92550,0.642282,-0.365971,0.0018434,0.0017422,9.752399,10.399566,2023-08-01
1366,2023-07-28 13:12:00,19600.0,19608.4,6843000,9232650,119.7,85.7,290450,227100,0.546971,-0.455949,0.00197063,0.00183701,9.681947,10.394941,2023-08-01
6628,2023-07-28 13:12:00,19650.0,19608.4,5439350,2914950,93.8,109.2,225900,87950,0.448229,-0.548264,0.0019628,0.00184128,9.705958,10.358081,2023-08-01
11885,2023-07-28 13:12:00,19700.0,19608.4,10236300,4238350,71.25,137.15,223150,77650,0.352285,-0.637528,0.0018506,0.00173824,9.661916,10.389599,2023-08-01
17142,2023-07-28 13:12:00,19750.0,19608.4,6404250,885600,52.95,168.7,95450,13800,0.265101,-0.719263,0.00163497,0.00155814,9.649951,10.417739,2023-08-01
22396,2023-07-28 13:12:00,19800.0,19608.4,11954500,3821350,39.15,204.65,123650,19000,0.192969,-0.787681,0.00135467,0.00132221,9.739297,10.565062,2023-08-01
27648,2023-07-28 13:12:00,19850.0,19608.4,3660850,495700,28.4,244.3,50800,4450,0.135356,-0.841018,0.00106586,0.00107762,9.827985,10.828429,2023-08-01
25024,2023-07-28 13:13:00,19350.0,19607.4,34550,1553750,302.35,19.75,50,37800,0.919761,-0.109706,0.00076218,0.00083913,9.41616,10.772593,2023-08-01
19771,2023-07-28 13:13:00,19400.0,19607.4,535050,4495900,261.3,26.95,3700,46050,0.865027,-0.15453,0.00106989,0.00107976,9.773213,10.608258,2023-08-01
14515,2023-07-28 13:13:00,19450.0,19607.4,197550,3226550,220.65,36.2,5600,67000,0.804861,-0.21147,0.00136689,0.0013364,9.719544,10.429855,2023-08-01
9258,2023-07-28 13:13:00,19500.0,19607.4,1756800,7281750,184.0,49.0,34850,191700,0.727447,-0.283523,0.00163377,0.00157391,9.793764,10.363894,2023-08-01
3998,2023-07-28 13:13:00,19550.0,19607.4,1096050,3194750,150.3,65.35,43550,123050,0.639803,-0.366946,0.00183902,0.00175478,9.800421,10.33556,2023-08-01
1367,2023-07-28 13:13:00,19600.0,19607.4,6843000,9232650,120.05,85.75,246300,323950,0.544611,-0.457648,0.0019535,0.0018449,9.77486,10.35669,2023-08-01
6629,2023-07-28 13:13:00,19650.0,19607.4,5439350,2914950,93.9,108.95,194700,91350,0.446603,-0.550509,0.00195017,0.00185365,9.764833,10.283111,2023-08-01
11886,2023-07-28 13:13:00,19700.0,19607.4,10236300,4238350,71.5,136.6,209800,72950,0.351435,-0.640817,0.0018364,0.00175241,9.729458,10.274775,2023-08-01
17143,2023-07-28 13:13:00,19750.0,19607.4,6404250,885600,53.05,168.3,158700,10100,0.264478,-0.723042,0.00162522,0.00156515,9.697535,10.304287,2023-08-01
22397,2023-07-28 13:13:00,19800.0,19607.4,11954500,3821350,39.15,204.3,134350,16800,0.192395,-0.791848,0.0013479,0.00132284,9.771773,10.439251,2023-08-01
27649,2023-07-28 13:13:00,19850.0,19607.4,3660850,495700,28.55,244.35,57450,4150,0.135496,-0.844273,0.00106136,0.00107262,9.877964,10.733416,2023-08-01
25025,2023-07-28 13:14:00,19350.0,19607.75,34550,1575750,302.7,19.85,150,39600,0.919838,-0.109964,0.00076093,0.00083851,9.425454,10.799464,2023-08-01
19772,2023-07-28 13:14:00,19400.0,19607.75,529750,4504500,260.75,27.2,6350,43300,0.86871,-0.155197,0.00106448,0.00107811,9.638316,10.655486,2023-08-01
14516,2023-07-28 13:14:00,19450.0,19607.75,199600,3229450,221.75,36.6,5600,83600,0.802687,-0.212353,0.00136058,0.00133176,9.831086,10.492422,2023-08-01
9259,2023-07-28 13:14:00,19500.0,19607.75,1761750,7410350,183.0,49.45,39800,148500,0.731006,-0.284126,0.00164765,0.00156598,9.648393,10.427679,2023-08-01
3999,2023-07-28 13:14:00,19550.0,19607.75,1102400,3256200,149.25,66.05,47000,81700,0.64227,-0.36737,0.00186029,0.00174083,9.665917,10.42301,2023-08-01
1368,2023-07-28 13:14:00,19600.0,19607.75,6845950,9291700,119.6,86.05,230000,261700,0.545565,-0.457173,0.00196604,0.00183667,9.710532,10.402485,2023-08-01
6630,2023-07-28 13:14:00,19650.0,19607.75,5426050,2950300,93.2,110.05,187250,67300,0.446778,-0.549211,0.00196763,0.00183191,9.679407,10.41012,2023-08-01
11887,2023-07-28 13:14:00,19700.0,19607.75,10196650,4224200,71.0,137.6,194600,57400,0.351093,-0.638587,0.00184815,0.00173556,9.66482,10.397336,2023-08-01
17144,2023-07-28 13:14:00,19750.0,19607.75,6390800,884150,52.75,169.15,125300,10850,0.264061,-0.720257,0.00163153,0.00155531,9.652942,10.420842,2023-08-01
22398,2023-07-28 13:14:00,19800.0,19607.75,11951800,3826850,39.05,205.5,118950,15000,0.192288,-0.787579,0.00135065,0.0013172,9.749215,10.610415,2023-08-01
27650,2023-07-28 13:14:00,19850.0,19607.75,3663500,501300,28.4,244.35,44500,1500,0.135105,-0.843102,0.00106258,0.00107439,9.847795,10.769415,2023-08-01
25026,2023-07-28 13:15:00,19350.0,19603.55,34950,1575750,302.65,20.6,600,48650,0.900592,-0.114073,0.00082969,0.00085894,10.147871,10.825907,2023-08-01
19773,2023-07-28 13:15:00,19400.0,19603.55,529750,4504500,256.95,28.1,11300,86650,0.865283,-0.160158,0.00108879,0.00109909,9.594591,10.673596,2023-08-01
14517,2023-07-28 13:15:00,19450.0,19603.55,199600,3229450,215.6,37.8,5600,96650,0.806212,-0.218551,0.00140078,0.00135112,9.447805,10.519241,2023-08-01
9260,2023-07-28 13:15:00,19500.0,19603.55,1761750,7410350,179.4,51.1,76650,214750,0.72543,-0.29154,0.00167681,0.00157867,9.58078,10.473586,2023-08-01
4000,2023-07-28 13:15:00,19550.0,19603.55,1102400,3256200,146.05,67.95,65900,126750,0.635107,-0.375128,0.00188361,0.00174672,9.614158,10.461293,2023-08-01
1369,2023-07-28 13:15:00,19600.0,19603.55,6845950,9291700,116.45,88.35,308900,315950,0.537561,-0.465032,0.00198658,0.00183269,9.633256,10.448342,2023-08-01
6631,2023-07-28 13:15:00,19650.0,19603.55,5426050,2950300,90.9,112.45,293950,136850,0.438341,-0.556766,0.00196741,0.0018236,9.653529,10.434077,2023-08-01
11888,2023-07-28 13:15:00,19700.0,19603.55,10196650,4224200,69.1,141.05,270100,93450,0.343024,-0.64451,0.00183674,0.00170978,9.644514,10.496741,2023-08-01
17145,2023-07-28 13:15:00,19750.0,19603.55,6390800,884150,51.4,173.3,167150,23700,0.257304,-0.723888,0.00160984,0.00152411,9.656228,10.569777,2023-08-01
22399,2023-07-28 13:15:00,19800.0,19603.55,11951800,3826850,38.0,209.8,197050,28600,0.186783,-0.789786,0.00132634,0.00129134,9.754892,10.760038,2023-08-01
27651,2023-07-28 13:15:00,19850.0,19603.55,3663500,501300,27.75,249.65,90050,5800,0.131364,-0.841552,0.00103955,0.00105529,9.876256,11.038741,2023-08-01
25027,2023-07-28 13:16:00,19350.0,19601.9,34950,1575750,297.9,20.55,300,36350,0.913461,-0.114419,0.00079934,0.00086491,9.508442,10.776302,2023-08-01
19774,2023-07-28 13:16:00,19400.0,19601.9,529750,4504500,256.2,28.15,5100,75500,0.861007,-0.161115,0.00110091,0.00110747,9.695517,10.635931,2023-08-01
14518,2023-07-28 13:16:00,19450.0,19601.9,199600,3229450,215.9,37.85,3000,47350,0.798706,-0.219839,0.00140195,0.00136155,9.661,10.475789,2023-08-01
9261,2023-07-28 13:16:00,19500.0,19601.9,1761750,7410350,179.1,51.1,48150,172200,0.720607,-0.293159,0.00167355,0.00159151,9.683269,10.417676,2023-08-01
4001,2023-07-28 13:16:00,19550.0,19601.9,1102400,3256200,145.5,68.1,47850,122600,0.631312,-0.377486,0.00187984,0.00175847,9.668188,10.413509,2023-08-01
1370,2023-07-28 13:16:00,19600.0,19601.9,6845950,9291700,116.15,88.85,268350,385850,0.534083,-0.467999,0.00197551,0.00183817,9.696484,10.425521,2023-08-01
6632,2023-07-28 13:16:00,19650.0,19601.9,5426050,2950300,90.75,113.05,181900,134600,0.435537,-0.559936,0.00195254,0.00182614,9.717708,10.409043,2023-08-01
11889,2023-07-28 13:16:00,19700.0,19601.9,10196650,4224200,68.95,141.6,197250,108700,0.340823,-0.647941,0.00182262,0.00171121,9.697182,10.453491,2023-08-01
17146,2023-07-28 13:16:00,19750.0,19601.9,6390800,884150,51.05,173.4,103100,25850,0.255095,-0.728505,0.00159945,0.0015272,9.677028,10.462576,2023-08-01
22400,2023-07-28 13:16:00,19800.0,19601.9,11951800,3826850,37.7,210.05,92750,22650,0.184968,-0.794399,0.00131644,0.0012881,9.770615,10.648538,2023-08-01
27652,2023-07-28 13:16:00,19850.0,19601.9,3663500,501300,27.6,249.35,36650,2600,0.130265,-0.847988,0.00103099,0.00104679,9.902204,10.829646,2023-08-01
25028,2023-07-28 13:17:00,19350.0,19595.95,35050,1587250,292.4,21.35,150,62400,0.909744,-0.119347,0.00082939,0.00089258,9.459348,10.763154,2023-08-01
19775,2023-07-28 13:17:00,19400.0,19595.95,535250,4500900,251.1,29.15,26050,117750,0.854959,-0.167329,0.00113636,0.00113755,9.67153,10.616053,2023-08-01
14519,2023-07-28 13:17:00,19450.0,19595.95,200400,3233200,210.5,39.2,10350,104150,0.792741,-0.227753,0.00144247,0.00139136,9.557996,10.463578,2023-08-01
9262,2023-07-28 13:17:00,19500.0,19595.95,1763400,7444500,174.7,52.8,92250,318200,0.710985,-0.302466,0.00170528,0.00161703,9.661938,10.404503,2023-08-01
4002,2023-07-28 13:17:00,19550.0,19595.95,1105750,3218900,142.0,70.3,92150,250850,0.619743,-0.387957,0.00189342,0.00177418,9.696839,10.410226,2023-08-01
1371,2023-07-28 13:17:00,19600.0,19595.95,6862650,9334750,112.75,91.35,605950,581300,0.522329,-0.478924,0.00198241,0.00184526,9.686742,10.408471,2023-08-01
6633,2023-07-28 13:17:00,19650.0,19595.95,5455950,2955550,87.8,116.1,350050,215200,0.423832,-0.570839,0.00194558,0.00181974,9.704884,10.402124,2023-08-01
11890,2023-07-28 13:17:00,19700.0,19595.95,10206950,4220950,66.55,145.35,378600,177350,0.329932,-0.657802,0.00180134,0.00169085,9.691637,10.472965,2023-08-01
17147,2023-07-28 13:17:00,19750.0,19595.95,6409000,880700,49.45,177.95,181800,39700,0.246395,-0.736285,0.0015656,0.00149662,9.709995,10.525068,2023-08-01
22401,2023-07-28 13:17:00,19800.0,19595.95,11939100,3829500,36.55,214.7,251500,54600,0.178303,-0.801175,0.0012813,0.00125866,9.814469,10.685468,2023-08-01
27653,2023-07-28 13:17:00,19850.0,19595.95,3674250,502950,26.65,255.45,78850,3650,0.124962,-0.849811,0.00099886,0.0010205,9.933597,11.024117,2023-08-01
25029,2023-07-28 13:18:00,19350.0,19600.15,35050,1587250,295.85,20.8,850,52600,0.914331,-0.115905,0.00080191,0.0008731,9.409012,10.776318,2023-08-01
19776,2023-07-28 13:18:00,19400.0,19600.15,535250,4500900,254.0,28.5,18450,187650,0.861952,-0.163107,0.00110926,0.00111628,9.580329,10.639519,2023-08-01
14520,2023-07-28 13:18:00,19450.0,19600.15,200400,3233200,213.8,38.25,11850,106600,0.798595,-0.222158,0.00141687,0.00137035,9.564883,10.4739,2023-08-01
9263,2023-07-28 13:18:00,19500.0,19600.15,1763400,7444500,177.7,51.8,51750,244650,0.71802,-0.296275,0.00168433,0.00159663,9.666793,10.437674,2023-08-01
4003,2023-07-28 13:18:00,19550.0,19600.15,1105750,3218900,144.65,68.6,81250,256500,0.627667,-0.380396,0.00188064,0.00176562,9.697461,10.398522,2023-08-01
1372,2023-07-28 13:18:00,19600.0,19600.15,6862650,9334750,115.0,89.55,321200,619600,0.530663,-0.471205,0.00198067,0.00184106,9.680502,10.41825,2023-08-01
6634,2023-07-28 13:18:00,19650.0,19600.15,5455950,2955550,89.7,113.8,206000,203800,0.431954,-0.563249,0.00195411,0.00182693,9.697686,10.393658,2023-08-01
11891,2023-07-28 13:18:00,19700.0,19600.15,10206950,4220950,68.15,142.5,240900,169300,0.33745,-0.65116,0.00181792,0.00170821,9.687696,10.439661,2023-08-01
17148,2023-07-28 13:18:00,19750.0,19600.15,6409000,880700,50.6,174.6,93600,29450,0.252564,-0.731128,0.00158927,0.00151956,9.690678,10.466904,2023-08-01
22402,2023-07-28 13:18:00,19800.0,19600.15,11939100,3829500,37.45,211.75,162250,52650,0.183255,-0.79555,0.00130578,0.00127798,9.795996,10.69988,2023-08-01
27654,2023-07-28 13:18:00,19850.0,19600.15,3674250,502950,27.3,251.55,44150,7700,0.128615,-0.847349,0.00102138,0.00103926,9.9101,10.941452,2023-08-01
25030,2023-07-28 13:19:00,19350.0,19603.4,35050,1587250,297.3,20.4,600,85000,0.923673,-0.113358,0.00075926,0.00085828,9.107293,10.789563,2023-08-01
19777,2023-07-28 13:19:00,19400.0,19603.4,535250,4500900,257.8,28.0,14250,97200,0.861275,-0.159877,0.00109307,0.00109993,9.753949,10.656839,2023-08-01
14521,2023-07-28 13:19:00,19450.0,19603.4,200400,3233200,216.7,37.45,3850,60100,0.801968,-0.217674,0.00139514,0.00135454,9.614842,10.472058,2023-08-01
9264,2023-07-28 13:19:00,19500.0,19603.4,1763400,7444500,180.5,50.75,77250,211000,0.722326,-0.290971,0.00166178,0.00158428,9.724299,10.430637,2023-08-01
4004,2023-07-28 13:19:00,19550.0,19603.4,1105750,3218900,146.4,67.65,49550,145450,0.634195,-0.374973,0.00187603,0.00175303,9.664449,10.425909,2023-08-01
1373,2023-07-28 13:19:00,19600.0,19603.4,6862650,9334750,116.75,88.25,346300,376000,0.537113,-0.465271,0.00197895,0.00183605,9.674767,10.433411,2023-08-01
6635,2023-07-28 13:19:00,19650.0,19603.4,5455950,2955550,91.05,112.2,220250,117350,0.438173,-0.557259,0.0019629,0.00182932,9.678436,10.40321,2023-08-01
11892,2023-07-28 13:19:00,19700.0,19603.4,10206950,4220950,69.4,140.65,220150,92550,0.343304,-0.645488,0.00183043,0.00171659,9.684114,10.448511,2023-08-01
17149,2023-07-28 13:19:00,19750.0,19603.4,6409000,880700,51.45,172.35,112100,19250,0.257274,-0.726367,0.00160804,0.00153414,9.669788,10.457731,2023-08-01
22403,2023-07-28 13:19:00,19800.0,19603.4,11939100,3829500,38.2,209.25,127000,25400,0.187278,-0.791757,0.00132465,0.00129385,9.786786,10.683504,2023-08-01
27655,2023-07-28 13:19:00,19850.0,19603.4,3674250,502950,27.7,249.25,44050,4400,0.131113,-0.843292,0.00103855,0.00105442,9.876099,10.971795,2023-08-01
25031,2023-07-28 13:20:00,19350.0,19599.5,34450,1598600,292.15,21.3,350,37250,0.928952,-0.11794,0.00074894,0.00087841,8.742957,10.846373,2023-08-01
19778,2023-07-28 13:20:00,19400.0,19599.5,536350,4501850,251.75,29.1,11900,95850,0.868093,-0.16536,0.00110678,0.00111914,9.308643,10.709292,2023-08-01
14522,2023-07-28 13:20:00,19450.0,19599.5,202050,3200250,211.45,39.35,4400,57900,0.803726,-0.225554,0.0014318,0.0013669,9.320918,10.593393,2023-08-01
9265,2023-07-28 13:20:00,19500.0,19599.5,1777900,7467300,174.8,53.15,50750,175300,0.722613,-0.299522,0.00172117,0.0015851,9.386692,10.568118,2023-08-01
4005,2023-07-28 13:20:00,19550.0,19599.5,1127250,3234800,141.9,70.35,31500,127950,0.629506,-0.383189,0.00192652,0.00174343,9.453351,10.556271,2023-08-01
1374,2023-07-28 13:20:00,19600.0,19599.5,6873300,9304200,113.1,91.5,262200,275650,0.529774,-0.47277,0.00201309,0.00181298,9.528162,10.584668,2023-08-01
6636,2023-07-28 13:20:00,19650.0,19599.5,5452400,2974600,87.95,116.5,224850,89650,0.429586,-0.562948,0.00198138,0.00178715,9.556078,10.628491,2023-08-01
11893,2023-07-28 13:20:00,19700.0,19599.5,10241150,4199250,66.75,145.15,205500,66750,0.33432,-0.64907,0.00183365,0.00167514,9.571644,10.671169,2023-08-01
17150,2023-07-28 13:20:00,19750.0,19599.5,6413700,883800,49.25,178.0,86650,16650,0.248658,-0.725913,0.00159716,0.00148861,9.565432,10.789467,2023-08-01
22404,2023-07-28 13:20:00,19800.0,19599.5,11951000,3823400,36.55,214.85,85750,45200,0.180126,-0.789625,0.001304,0.00126319,9.70625,11.011764,2023-08-01
27656,2023-07-28 13:20:00,19850.0,19599.5,3670700,503150,26.55,255.0,52000,3450,0.125775,-0.839513,0.00101483,0.00103739,9.822331,11.330784,2023-08-01
25032,2023-07-28 13:21:00,19350.0,19591.0,34450,1598600,288.15,22.05,1300,96500,0.905094,-0.123602,0.00085918,0.00091597,9.482665,10.756184,2023-08-01
19779,2023-07-28 13:21:00,19400.0,19591.0,536350,4501850,244.85,30.3,37800,153950,0.857622,-0.173549,0.00116255,0.00116223,9.341739,10.642676,2023-08-01
14523,2023-07-28 13:21:00,19450.0,19591.0,202050,3200250,205.2,40.75,10950,130650,0.790178,-0.23548,0.00148327,0.00141286,9.368221,10.50395,2023-08-01
9266,2023-07-28 13:21:00,19500.0,19591.0,1777900,7467300,170.0,55.0,148000,442550,0.705117,-0.31168,0.00174705,0.00162796,9.525245,10.478376,2023-08-01
4006,2023-07-28 13:21:00,19550.0,19591.0,1127250,3234800,137.5,72.85,110350,363100,0.611905,-0.397388,0.00193462,0.00177537,9.553537,10.479178,2023-08-01
1375,2023-07-28 13:21:00,19600.0,19591.0,6873300,9304200,108.9,94.5,588650,790350,0.512591,-0.488143,0.00200888,0.00183234,9.574993,10.498136,2023-08-01
6637,2023-07-28 13:21:00,19650.0,19591.0,5452400,2974600,84.5,119.85,388200,279350,0.413282,-0.578989,0.00195549,0.00179436,9.60789,10.514157,2023-08-01
11894,2023-07-28 13:21:00,19700.0,19591.0,10241150,4199250,63.85,149.0,595800,255250,0.319576,-0.665168,0.00179376,0.00166688,9.611797,10.541049,2023-08-01
17151,2023-07-28 13:21:00,19750.0,19591.0,6413700,883800,47.2,182.5,237350,47700,0.236821,-0.741022,0.00154554,0.00146496,9.632295,10.659196,2023-08-01
22405,2023-07-28 13:21:00,19800.0,19591.0,11951000,3823400,34.9,219.6,269750,86850,0.17063,-0.804015,0.00125343,0.00123082,9.762056,10.838855,2023-08-01
27657,2023-07-28 13:21:00,19850.0,19591.0,3670700,503150,25.45,260.0,115900,10250,0.119152,-0.852889,0.00097003,0.00099881,9.898288,11.115284,2023-08-01
25033,2023-07-28 13:22:00,19350.0,19591.85,34450,1598600,287.8,22.0,300,59900,0.910794,-0.123111,0.00083962,0.00091227,9.268986,10.770186,2023-08-01
19780,2023-07-28 13:22:00,19400.0,19591.85,536350,4501850,246.5,30.1,41050,82900,0.85487,-0.172461,0.00115933,0.00115804,9.489872,10.638903,2023-08-01
14524,2023-07-28 13:22:00,19450.0,19591.85,202050,3200250,207.75,40.5,9900,90400,0.7855,-0.234187,0.00146402,0.00140914,9.614987,10.500157,2023-08-01
9267,2023-07-28 13:22:00,19500.0,19591.85,1777900,7467300,170.1,54.7,56700,251500,0.707684,-0.31024,0.00175024,0.00162521,9.469879,10.475466,2023-08-01
4007,2023-07-28 13:22:00,19550.0,19591.85,1127250,3234800,138.3,72.65,54300,217450,0.613231,-0.396004,0.00192694,0.00177145,9.582482,10.492964,2023-08-01
1376,2023-07-28 13:22:00,19600.0,19591.85,6873300,9304200,109.7,94.05,227750,461750,0.514258,-0.486585,0.00200146,0.00183312,9.609535,10.492786,2023-08-01
6638,2023-07-28 13:22:00,19650.0,19591.85,5452400,2974600,85.05,119.45,206900,149100,0.415083,-0.577429,0.00195417,0.00179483,9.624416,10.520079,2023-08-01
11895,2023-07-28 13:22:00,19700.0,19591.85,10241150,4199250,64.35,148.6,246800,125500,0.32142,-0.66358,0.0017946,0.00166806,9.630814,10.553512,2023-08-01
17152,2023-07-28 13:22:00,19750.0,19591.85,6413700,883800,47.75,182.15,141250,33050,0.238885,-0.739299,0.00154763,0.0014666,9.665608,10.684234,2023-08-01
22406,2023-07-28 13:22:00,19800.0,19591.85,11951000,3823400,35.2,219.0,119200,48400,0.171989,-0.802917,0.00125822,0.00123467,9.774699,10.8422,2023-08-01
27658,2023-07-28 13:22:00,19850.0,19591.85,3670700,503150,25.75,260.05,76200,4950,0.120467,-0.84994,0.0009755,0.00100344,9.919632,11.212224,2023-08-01
25034,2023-07-28 13:23:00,19350.0,19590.65,34450,1606150,287.0,22.05,400,51300,0.908586,-0.123714,0.00085036,0.00091741,9.320957,10.748232,2023-08-01
19781,2023-07-28 13:23:00,19400.0,19590.65,587500,4512400,245.05,30.25,11250,64700,0.855254,-0.173564,0.001166,0.00116426,9.42014,10.626737,2023-08-01
14525,2023-07-28 13:23:00,19450.0,19590.65,201300,3186150,205.8,40.75,6200,74050,0.786905,-0.235737,0.00147896,0.00141533,9.482896,10.493947,2023-08-01
9268,2023-07-28 13:23:00,19500.0,19590.65,1767750,7486200,169.1,55.0,30550,215650,0.705927,-0.312045,0.00175859,0.00163087,9.452535,10.466976,2023-08-01
4008,2023-07-28 13:23:00,19550.0,19590.65,1121000,3204900,137.35,72.95,42600,155100,0.611142,-0.397977,0.00193433,0.00177689,9.562134,10.476375,2023-08-01
1377,2023-07-28 13:23:00,19600.0,19590.65,6901500,9341900,109.05,94.65,185500,399200,0.511851,-0.488792,0.00200199,0.00183282,9.610282,10.497821,2023-08-01
6639,2023-07-28 13:23:00,19650.0,19590.65,5430950,2916500,84.45,119.7,139850,104650,0.412689,-0.579899,0.00195267,0.00179947,9.620352,10.481332,2023-08-01
11896,2023-07-28 13:23:00,19700.0,19590.65,10261150,4148200,64.0,149.5,146800,92650,0.319459,-0.665329,0.0017881,0.00166211,9.642555,10.571295,2023-08-01
17153,2023-07-28 13:23:00,19750.0,19590.65,6301950,877650,47.25,182.9,84100,16250,0.236678,-0.741206,0.00154227,0.00146214,9.651337,10.677799,2023-08-01
22407,2023-07-28 13:23:00,19800.0,19590.65,12059700,3795450,34.8,220.0,409400,29050,0.170127,-0.804099,0.00125138,0.00122872,9.761401,10.856631,2023-08-01
27659,2023-07-28 13:23:00,19850.0,19590.65,3660450,503850,25.55,261.6,49900,3100,0.119381,-0.849376,0.00096901,0.00099877,9.923962,11.294559,2023-08-01
25035,2023-07-28 13:24:00,19350.0,19585.75,34600,1606150,280.7,22.8,1400,110700,0.913745,-0.128199,0.00085066,0.00094099,8.926311,10.745904,2023-08-01
19782,2023-07-28 13:24:00,19400.0,19585.75,587500,4512400,239.35,31.2,49250,141550,0.856014,-0.179188,0.00119444,0.001189,9.166287,10.621187,2023-08-01
14526,2023-07-28 13:24:00,19450.0,19585.75,201300,3186150,200.4,42.05,10000,194150,0.784707,-0.242824,0.00152223,0.00143816,9.271591,10.499315,2023-08-01
9269,2023-07-28 13:24:00,19500.0,19585.75,1767750,7486200,164.65,56.9,129300,385800,0.699462,-0.320634,0.00179888,0.00164465,9.336209,10.503195,2023-08-01
4009,2023-07-28 13:24:00,19550.0,19585.75,1121000,3204900,133.3,75.15,139900,434150,0.602695,-0.406948,0.00196817,0.00178273,9.457102,10.505514,2023-08-01
1378,2023-07-28 13:24:00,19600.0,19585.75,6901500,9341900,104.95,97.55,691100,902750,0.502001,-0.497768,0.00203431,0.00182341,9.464824,10.559537,2023-08-01
6640,2023-07-28 13:24:00,19650.0,19585.75,5430950,2916500,81.2,123.3,423850,254200,0.402083,-0.587886,0.00196149,0.00177617,9.519151,10.576415,2023-08-01
11897,2023-07-28 13:24:00,19700.0,19585.75,10261150,4148200,61.25,153.65,459750,233900,0.308971,-0.671603,0.00178072,0.00163184,9.548154,10.690182,2023-08-01
17154,2023-07-28 13:24:00,19750.0,19585.75,6301950,877650,45.2,187.15,237800,54050,0.22763,-0.746283,0.00151986,0.00143391,9.586681,10.779796,2023-08-01
22408,2023-07-28 13:24:00,19800.0,19585.75,12059700,3795450,33.35,225.5,375800,71900,0.163132,-0.805059,0.00122288,0.00120014,9.725139,11.085732,2023-08-01
27660,2023-07-28 13:24:00,19850.0,19585.75,3660450,503850,24.45,265.95,144250,17450,0.113992,-0.852759,0.00094084,0.0009781,9.895049,11.363353,2023-08-01
25036,2023-07-28 13:25:00,19350.0,19586.35,34600,1606150,282.2,22.7,650,67850,0.909604,-0.127611,0.00086201,0.00093806,9.122535,10.745613,2023-08-01
19783,2023-07-28 13:25:00,19400.0,19586.35,587500,4512400,240.0,31.05,16150,133600,0.856103,-0.178385,0.0011908,0.00118608,9.191036,10.617915,2023-08-01
14527,2023-07-28 13:25:00,19450.0,19586.35,201300,3186150,200.25,41.8,8300,146950,0.787567,-0.241722,0.00152334,0.0014362,9.193485,10.48831,2023-08-01
9270,2023-07-28 13:25:00,19500.0,19586.35,1767750,7486200,164.8,56.85,83400,325050,0.701116,-0.319893,0.00180014,0.00164059,9.306883,10.519584,2023-08-01
4010,2023-07-28 13:25:00,19550.0,19586.35,1121000,3204900,133.15,75.15,68900,305700,0.604429,-0.406083,0.00197703,0.00177769,9.404119,10.530315,2023-08-01
1379,2023-07-28 13:25:00,19600.0,19586.35,6901500,9341900,104.95,97.3,379800,591200,0.503215,-0.496678,0.00204109,0.00182286,9.433715,10.563106,2023-08-01
6641,2023-07-28 13:25:00,19650.0,19586.35,5430950,2916500,81.15,123.0,221250,177600,0.402922,-0.586806,0.00196912,0.00177685,9.487854,10.579427,2023-08-01
11898,2023-07-28 13:25:00,19700.0,19586.35,10261150,4148200,61.2,152.9,260350,201100,0.309499,-0.671241,0.00178736,0.00163863,9.520327,10.651152,2023-08-01
17155,2023-07-28 13:25:00,19750.0,19586.35,6301950,877650,45.05,186.85,123250,24750,0.227642,-0.745197,0.00152585,0.00143555,9.549864,10.792185,2023-08-01
22409,2023-07-28 13:25:00,19800.0,19586.35,12059700,3795450,33.15,225.0,188750,38400,0.162754,-0.804506,0.00122655,0.001203,9.68189,11.079048,2023-08-01
27661,2023-07-28 13:25:00,19850.0,19586.35,3660450,503850,24.3,265.9,76850,7500,0.113628,-0.850967,0.00094239,0.00098116,9.856874,11.420566,2023-08-01
25037,2023-07-28 13:26:00,19350.0,19589.85,34700,1607950,285.3,21.9,350,72800,0.912512,-0.123437,0.00084086,0.00092,9.126259,10.704284,2023-08-01
19784,2023-07-28 13:26:00,19400.0,19589.85,600850,4522950,243.05,30.2,10550,172550,0.859647,-0.173813,0.00116781,0.00116876,9.214218,10.598579,2023-08-01
14528,2023-07-28 13:26:00,19450.0,19589.85,200950,3266250,204.05,40.55,12050,141850,0.78928,-0.23582,0.00149248,0.00142257,9.33832,10.445652,2023-08-01
9271,2023-07-28 13:26:00,19500.0,19589.85,1781950,7440300,168.5,54.85,82100,332000,0.704594,-0.312618,0.00176318,0.00163945,9.450383,10.423542,2023-08-01
4011,2023-07-28 13:26:00,19550.0,19589.85,1117100,3109300,136.35,72.7,86000,240000,0.610146,-0.398877,0.00194648,0.00178812,9.512206,10.419865,2023-08-01
1380,2023-07-28 13:26:00,19600.0,19589.85,6900450,9207650,107.6,94.25,407950,558650,0.510301,-0.490232,0.00202368,0.0018468,9.51115,10.422441,2023-08-01
6642,2023-07-28 13:26:00,19650.0,19589.85,5409900,2882100,83.5,119.95,268600,145200,0.410556,-0.581508,0.00196228,0.00180138,9.56437,10.464573,2023-08-01
11899,2023-07-28 13:26:00,19700.0,19589.85,10292250,4108000,62.95,149.35,281950,163300,0.316611,-0.6677,0.00179596,0.00166816,9.566953,10.506566,2023-08-01
17156,2023-07-28 13:26:00,19750.0,19589.85,6321950,867200,46.4,182.8,122350,29750,0.233818,-0.743845,0.00154305,0.00146439,9.584758,10.607914,2023-08-01
22410,2023-07-28 13:26:00,19800.0,19589.85,12026300,3776400,34.3,220.9,189950,45700,0.168124,-0.804302,0.00124702,0.00122397,9.724166,10.895096,2023-08-01
27662,2023-07-28 13:26:00,19850.0,19589.85,3668450,509350,25.0,261.55,64600,6450,0.117172,-0.85221,0.00096214,0.00099444,9.866651,11.204033,2023-08-01
25038,2023-07-28 13:27:00,19350.0,19589.3,34700,1607950,283.55,21.9,500,76300,0.918153,-0.123629,0.00082326,0.00092227,8.867768,10.690678,2023-08-01
19785,2023-07-28 13:27:00,19400.0,19589.3,600850,4522950,243.0,30.1,13100,86100,0.857344,-0.173784,0.00117262,0.00117199,9.27922,10.569426,2023-08-01
14529,2023-07-28 13:27:00,19450.0,19589.3,200950,3266250,203.4,40.75,9850,93400,0.789177,-0.236752,0.00149766,0.00142475,9.309731,10.453524,2023-08-01
9272,2023-07-28 13:27:00,19500.0,19589.3,1781950,7440300,168.05,55.0,75500,243500,0.703763,-0.313472,0.00176691,0.00164193,9.443717,10.421201,2023-08-01
4012,2023-07-28 13:27:00,19550.0,19589.3,1117100,3109300,135.65,72.95,76100,166650,0.609474,-0.399895,0.00195515,0.00178882,9.475727,10.424002,2023-08-01
1381,2023-07-28 13:27:00,19600.0,19589.3,6900450,9207650,107.1,94.65,238950,395450,0.509194,-0.491258,0.0020282,0.00184449,9.491638,10.437286,2023-08-01
6643,2023-07-28 13:27:00,19650.0,19589.3,5409900,2882100,82.8,120.2,171800,95750,0.409035,-0.582545,0.00196981,0.00180132,9.520351,10.460346,2023-08-01
11900,2023-07-28 13:27:00,19700.0,19589.3,10292250,4108000,62.4,149.9,204050,146100,0.314965,-0.66829,0.00179877,0.00166363,9.531942,10.528952,2023-08-01
17157,2023-07-28 13:27:00,19750.0,19589.3,6321950,867200,46.0,183.3,150000,17850,0.232336,-0.744383,0.00154195,0.00146099,9.55891,10.622182,2023-08-01
22411,2023-07-28 13:27:00,19800.0,19589.3,12026300,3776400,33.9,221.0,121350,30050,0.166566,-0.80581,0.00124402,0.00122249,9.690438,10.858341,2023-08-01
27663,2023-07-28 13:27:00,19850.0,19589.3,3668450,509350,24.85,262.0,75750,8850,0.116464,-0.852721,0.00095876,0.00099201,9.86008,11.206717,2023-08-01
25039,2023-07-28 13:28:00,19350.0,19584.4,34700,1607950,283.0,22.8,100,73700,0.896573,-0.128678,0.00090427,0.00094672,9.603551,10.712941,2023-08-01
19786,2023-07-28 13:28:00,19400.0,19584.4,600850,4522950,236.55,31.4,8000,138750,0.861334,-0.180532,0.00119884,0.00119608,8.906182,10.612373,2023-08-01
14530,2023-07-28 13:28:00,19450.0,19584.4,200950,3266250,197.55,42.3,10000,108800,0.788472,-0.244497,0.00154586,0.00144554,9.040158,10.488793,2023-08-01
9273,2023-07-28 13:28:00,19500.0,19584.4,1781950,7440300,162.2,57.4,82650,275600,0.700291,-0.322948,0.00183018,0.00164893,9.168827,10.511601,2023-08-01
4013,2023-07-28 13:28:00,19550.0,19584.4,1117100,3109300,131.2,76.0,69800,237150,0.601341,-0.409619,0.00199786,0.00178054,9.328819,10.539529,2023-08-01
1382,2023-07-28 13:28:00,19600.0,19584.4,6900450,9207650,103.3,98.4,290000,487400,0.499188,-0.500239,0.00205464,0.00182022,9.375111,10.58255,2023-08-01
6644,2023-07-28 13:28:00,19650.0,19584.4,5409900,2882100,79.5,124.75,253700,143700,0.398226,-0.589693,0.00197949,0.0017629,9.412658,10.649267,2023-08-01
11901,2023-07-28 13:28:00,19700.0,19584.4,10292250,4108000,59.95,154.85,369750,220900,0.304938,-0.673261,0.00178638,0.00162315,9.466837,10.729776,2023-08-01
17158,2023-07-28 13:28:00,19750.0,19584.4,6321950,867200,44.2,189.35,216700,27800,0.223898,-0.74545,0.00151681,0.00141813,9.520438,10.922945,2023-08-01
22412,2023-07-28 13:28:00,19800.0,19584.4,12026300,3776400,32.65,227.9,170150,37300,0.160197,-0.803081,0.00121491,0.00118961,9.677708,11.257187,2023-08-01
27664,2023-07-28 13:28:00,19850.0,19584.4,3668450,509350,23.95,269.0,78750,6300,0.111783,-0.848435,0.00093157,0.00097445,9.858887,11.633085,2023-08-01
25040,2023-07-28 13:29:00,19350.0,19590.9,34700,1601650,278.0,21.65,150,59600,0.959733,-0.122131,0.00058873,0.00091448,7.103958,10.691001,2023-08-01
19787,2023-07-28 13:29:00,19400.0,19590.9,607950,4542100,244.1,29.65,13100,153750,0.860128,-0.171483,0.00116145,0.00116411,9.244968,10.551856,2023-08-01
14531,2023-07-28 13:29:00,19450.0,19590.9,202350,3325950,204.25,40.05,12000,123250,0.792798,-0.233706,0.00149034,0.00141953,9.261308,10.418154,2023-08-01
9274,2023-07-28 13:29:00,19500.0,19590.9,1795100,7364250,168.7,54.45,105450,334900,0.707614,-0.310769,0.00176606,0.00163651,9.392127,10.417557,2023-08-01
4014,2023-07-28 13:29:00,19550.0,19590.9,1107600,3064500,136.65,72.25,89300,252600,0.612583,-0.396961,0.00195042,0.00178671,9.477842,10.416822,2023-08-01
1383,2023-07-28 13:29:00,19600.0,19590.9,6891500,9144600,107.85,93.8,308300,605800,0.512439,-0.488308,0.00203005,0.00184608,9.481728,10.427254,2023-08-01
6645,2023-07-28 13:29:00,19650.0,19590.9,5387800,2844400,83.45,119.3,233250,176900,0.4121,-0.579708,0.0019749,0.00180469,9.513596,10.457263,2023-08-01
11902,2023-07-28 13:29:00,19700.0,19590.9,10241250,4075500,63.05,148.6,357400,157050,0.317923,-0.666153,0.0018049,0.00167317,9.538158,10.496464,2023-08-01
17159,2023-07-28 13:29:00,19750.0,19590.9,6428150,861050,46.4,182.25,172250,38000,0.234572,-0.74199,0.00155162,0.00146758,9.550762,10.626803,2023-08-01
22413,2023-07-28 13:29:00,19800.0,19590.9,12023100,3765050,34.25,220.15,168750,40150,0.168451,-0.803005,0.00125352,0.00122872,9.687813,10.898704,2023-08-01
27665,2023-07-28 13:29:00,19850.0,19590.9,3682300,502200,25.2,260.4,96400,4800,0.118186,-0.85218,0.00096794,0.00099864,9.86948,11.160665,2023-08-01
25041,2023-07-28 13:30:00,19350.0,19589.75,34450,1601650,284.25,21.9,300,43200,0.917011,-0.123448,0.00082592,0.00092041,8.934004,10.703775,2023-08-01
19788,2023-07-28 13:30:00,19400.0,19589.75,607950,4542100,243.8,30.2,6950,50150,0.85614,-0.173842,0.00117079,0.00116938,9.348829,10.597746,2023-08-01
14532,2023-07-28 13:30:00,19450.0,19589.75,202350,3325950,203.25,40.7,5150,167050,0.791437,-0.236263,0.00149855,0.00142218,9.247586,10.462924,2023-08-01
9275,2023-07-28 13:30:00,19500.0,19589.75,1795100,7364250,167.05,55.2,63050,178900,0.707463,-0.313339,0.00178485,0.00163582,9.296848,10.460623,2023-08-01
4015,2023-07-28 13:30:00,19550.0,19589.75,1107600,3064500,134.85,73.5,50800,255800,0.611582,-0.399764,0.0019755,0.00177611,9.365817,10.500103,2023-08-01
1384,2023-07-28 13:30:00,19600.0,19589.75,6891500,9144600,106.65,95.05,253800,308650,0.510136,-0.490471,0.00204293,0.00183397,9.424862,10.499137,2023-08-01
6646,2023-07-28 13:30:00,19650.0,19589.75,5387800,2844400,82.4,120.8,149100,101900,0.409314,-0.581083,0.00198272,0.00178858,9.46212,10.545433,2023-08-01
11903,2023-07-28 13:30:00,19700.0,19589.75,10241250,4075500,62.2,150.7,193150,69750,0.31505,-0.665893,0.00180629,0.0016512,9.495541,10.640942,2023-08-01
17160,2023-07-28 13:30:00,19750.0,19589.75,6428150,861050,45.65,184.8,124400,20250,0.2317,-0.739809,0.00154856,0.00144757,9.505804,10.822218,2023-08-01
22414,2023-07-28 13:30:00,19800.0,19589.75,12023100,3765050,33.75,221.95,114050,24950,0.166276,-0.80191,0.00124688,0.00122009,9.659565,11.014236,2023-08-01
27666,2023-07-28 13:30:00,19850.0,19589.75,3682300,502200,24.7,262.5,73850,2050,0.116048,-0.84983,0.00095973,0.00099493,9.827448,11.322591,2023-08-01
25042,2023-07-28 13:31:00,19350.0,19591.95,34450,1601650,283.8,21.8,100,47550,0.931192,-0.122293,0.00076116,0.00091092,8.404305,10.74402,2023-08-01
19789,2023-07-28 13:31:00,19400.0,19591.95,607950,4542100,244.15,29.95,7350,72250,0.864742,-0.171876,0.00115146,0.00115793,9.115149,10.624983,2023-08-01
14533,2023-07-28 13:31:00,19450.0,19591.95,202350,3325950,204.3,40.4,13950,96650,0.796877,-0.233807,0.0014889,0.0014096,9.162439,10.495247,2023-08-01
9276,2023-07-28 13:31:00,19500.0,19591.95,1795100,7364250,168.35,54.8,68650,219200,0.71194,-0.310288,0.00177718,0.00162364,9.269516,10.494279,2023-08-01
4016,2023-07-28 13:31:00,19550.0,19591.95,1107600,3064500,136.3,72.8,73850,172150,0.615823,-0.396009,0.00196728,0.00176884,9.374603,10.51649,2023-08-01
1385,2023-07-28 13:31:00,19600.0,19591.95,6891500,9144600,107.65,94.35,347200,452400,0.514647,-0.486468,0.00204615,0.00182782,9.406486,10.531086,2023-08-01
6647,2023-07-28 13:31:00,19650.0,19591.95,5387800,2844400,83.3,119.8,243750,120200,0.413574,-0.577016,0.00198966,0.00178913,9.452006,10.563824,2023-08-01
11904,2023-07-28 13:31:00,19700.0,19591.95,10241250,4075500,62.8,149.6,233750,115550,0.318593,-0.661902,0.0018193,0.00165493,9.472203,10.665935,2023-08-01
17161,2023-07-28 13:31:00,19750.0,19591.95,6428150,861050,46.1,183.1,133350,27000,0.234536,-0.73709,0.0015629,0.00145842,9.482117,10.798903,2023-08-01
22415,2023-07-28 13:31:00,19800.0,19591.95,12023100,3765050,34.1,221.1,128600,32550,0.168465,-0.797262,0.00126021,0.00122696,9.638029,11.105953,2023-08-01
27667,2023-07-28 13:31:00,19850.0,19591.95,3682300,502200,24.9,261.65,76800,4600,0.117433,-0.845156,0.00097075,0.00100503,9.797627,11.438754,2023-08-01
25043,2023-07-28 13:32:00,19350.0,19596.55,34550,1592150,287.75,21.25,200,78100,0.935792,-0.11868,0.00072573,0.00088966,8.353614,10.769239,2023-08-01
19790,2023-07-28 13:32:00,19400.0,19596.55,618000,4521450,246.3,29.3,14700,86400,0.877447,-0.167413,0.0011098,0.00113444,8.830491,10.66186,2023-08-01
14534,2023-07-28 13:32:00,19450.0,19596.55,199500,3398800,206.6,39.55,5550,84650,0.808148,-0.228158,0.00146587,0.00138527,8.98927,10.533136,2023-08-01
9277,2023-07-28 13:32:00,19500.0,19596.55,1832000,7337600,170.9,53.7,71600,192050,0.721774,-0.303499,0.00176299,0.00160172,9.188286,10.533083,2023-08-01
4017,2023-07-28 13:32:00,19550.0,19596.55,1128950,2933150,138.4,71.3,90450,182200,0.625886,-0.38817,0.00196843,0.00175406,9.291788,10.544394,2023-08-01
1386,2023-07-28 13:32:00,19600.0,19596.55,6920400,9000950,109.45,92.45,418000,423700,0.524202,-0.478102,0.002059,0.00182227,9.335469,10.551726,2023-08-01
6648,2023-07-28 13:32:00,19650.0,19596.55,5400750,2804500,84.6,117.8,225300,106800,0.422033,-0.568476,0.00201588,0.00178845,9.369729,10.608476,2023-08-01
11905,2023-07-28 13:32:00,19700.0,19596.55,10253650,4067950,64.0,146.95,269150,115850,0.325982,-0.654086,0.00184758,0.00166698,9.414876,10.679323,2023-08-01
17162,2023-07-28 13:32:00,19750.0,19596.55,6506050,873100,47.05,180.15,125650,32350,0.240562,-0.730074,0.00159317,0.00147572,9.431012,10.813882,2023-08-01
22416,2023-07-28 13:32:00,19800.0,19596.55,12040550,3752450,34.7,218.1,144400,29500,0.172676,-0.790718,0.00128866,0.00124548,9.573978,11.147253,2023-08-01
27668,2023-07-28 13:32:00,19850.0,19596.55,3679000,502800,25.3,259.45,83150,4750,0.120308,-0.836705,0.00099412,0.00102444,9.730737,11.617883,2023-08-01
25044,2023-07-28 13:33:00,19350.0,19594.85,34550,1592150,286.25,21.5,200,45350,0.934293,-0.120172,0.00073792,0.00089773,8.365381,10.768783,2023-08-01
19791,2023-07-28 13:33:00,19400.0,19594.85,618000,4521450,245.75,29.5,8150,68750,0.871604,-0.168918,0.00112751,0.00114316,8.980486,10.643424,2023-08-01
14535,2023-07-28 13:33:00,19450.0,19594.85,199500,3398800,206.4,39.85,5050,39800,0.801693,-0.230193,0.00147075,0.00139439,9.143076,10.51831,2023-08-01
9278,2023-07-28 13:33:00,19500.0,19594.85,1832000,7337600,170.0,54.05,68500,110450,0.718016,-0.305891,0.00176773,0.00161061,9.224983,10.513375,2023-08-01
4018,2023-07-28 13:33:00,19550.0,19594.85,1128950,2933150,137.8,71.55,63950,111300,0.621917,-0.390754,0.00196457,0.00176453,9.342457,10.503501,2023-08-01
1387,2023-07-28 13:33:00,19600.0,19594.85,6920400,9000950,108.6,92.95,245500,267500,0.520681,-0.481167,0.00205834,0.00182795,9.344721,10.524887,2023-08-01
6649,2023-07-28 13:33:00,19650.0,19594.85,5400750,2804500,84.2,118.2,153450,71200,0.418952,-0.571876,0.00200453,0.00179436,9.40948,10.559199,2023-08-01
11906,2023-07-28 13:33:00,19700.0,19594.85,10253650,4067950,63.5,147.5,194250,70350,0.323125,-0.657623,0.00183799,0.00166837,9.431479,10.631238,2023-08-01
17163,2023-07-28 13:33:00,19750.0,19594.85,6506050,873100,46.75,181.0,90150,13800,0.238451,-0.733194,0.00158145,0.00147157,9.456856,10.782975,2023-08-01
22417,2023-07-28 13:33:00,19800.0,19594.85,12040550,3752450,34.45,218.15,157650,65100,0.171011,-0.795859,0.0012781,0.00124314,9.5952,11.006852,2023-08-01
27669,2023-07-28 13:33:00,19850.0,19594.85,3679000,502800,25.2,258.85,55400,3150,0.119401,-0.843813,0.00098567,0.00101719,9.763567,11.366911,2023-08-01
25045,2023-07-28 13:34:00,19350.0,19596.95,34550,1592150,287.2,21.6,100,57800,0.941163,-0.119805,0.00069663,0.00088992,8.129773,10.839721,2023-08-01
19792,2023-07-28 13:34:00,19400.0,19596.95,618000,4521450,246.0,29.65,8650,57900,0.88078,-0.168317,0.00110203,0.00113193,8.723141,10.724208,2023-08-01
14536,2023-07-28 13:34:00,19450.0,19596.95,199500,3398800,205.6,39.95,2550,54600,0.813499,-0.228902,0.00146996,0.00137972,8.810772,10.596464,2023-08-01
9279,2023-07-28 13:34:00,19500.0,19596.95,1832000,7337600,170.45,54.0,38950,143300,0.724295,-0.303644,0.0017716,0.00159497,9.104354,10.581512,2023-08-01
4019,2023-07-28 13:34:00,19550.0,19596.95,1128950,2933150,137.7,71.7,39450,103650,0.627959,-0.388037,0.00198637,0.00174452,9.192962,10.602616,2023-08-01
1388,2023-07-28 13:34:00,19600.0,19596.95,6920400,9000950,108.95,93.05,163700,200000,0.52518,-0.477513,0.00207468,0.00180888,9.264891,10.63056,2023-08-01
6650,2023-07-28 13:34:00,19650.0,19596.95,5400750,2804500,84.25,118.45,114500,70550,0.422369,-0.567203,0.00202777,0.00177526,9.31774,10.694829,2023-08-01
11907,2023-07-28 13:34:00,19700.0,19596.95,10253650,4067950,63.75,147.5,161600,37050,0.32597,-0.652316,0.00185579,0.00165773,9.374452,10.76089,2023-08-01
17164,2023-07-28 13:34:00,19750.0,19596.95,6506050,873100,46.85,181.0,76100,15000,0.240329,-0.727221,0.00159849,0.00146714,9.396032,10.935889,2023-08-01
22418,2023-07-28 13:34:00,19800.0,19596.95,12040550,3752450,34.65,217.9,105500,25450,0.172704,-0.790029,0.00129132,0.00124682,9.556699,11.158454,2023-08-01
27670,2023-07-28 13:34:00,19850.0,19596.95,3679000,502800,25.3,258.65,58950,1550,0.120424,-0.837685,0.00099594,0.00102621,9.721016,11.554362,2023-08-01
25046,2023-07-28 13:35:00,19350.0,19588.95,34550,1590050,285.25,22.4,600,33250,0.908179,-0.125514,0.00085745,0.00092598,9.284684,10.768667,2023-08-01
19793,2023-07-28 13:35:00,19400.0,19588.95,613950,4505400,240.65,30.7,27500,66700,0.865401,-0.175816,0.00116802,0.00117279,8.96024,10.647924,2023-08-01
14537,2023-07-28 13:35:00,19450.0,19588.95,197200,3385500,201.45,41.4,7150,69350,0.794099,-0.238637,0.00151254,0.00142206,9.096965,10.526267,2023-08-01
9280,2023-07-28 13:35:00,19500.0,19588.95,1840750,7342400,165.8,56.0,51500,157050,0.707567,-0.315593,0.00179979,0.00163187,9.222447,10.523093,2023-08-01
4020,2023-07-28 13:35:00,19550.0,19588.95,1144250,2932050,133.85,74.3,53300,136000,0.610557,-0.401627,0.00198819,0.00177025,9.317413,10.552564,2023-08-01
1389,2023-07-28 13:35:00,19600.0,19588.95,7011050,8985600,105.75,96.0,280200,362500,0.5085,-0.491979,0.00205345,0.0018246,9.381859,10.558849,2023-08-01
6651,2023-07-28 13:35:00,19650.0,19588.95,5410500,2778000,81.4,121.8,182150,104000,0.407063,-0.582097,0.00199359,0.00177856,9.402281,10.604105,2023-08-01
11908,2023-07-28 13:35:00,19700.0,19588.95,10295800,4031950,61.4,151.65,206950,107400,0.312604,-0.666556,0.00181038,0.00164304,9.446837,10.690384,2023-08-01
17165,2023-07-28 13:35:00,19750.0,19588.95,6554450,879700,45.1,185.3,94500,21450,0.229583,-0.741131,0.00154655,0.00144483,9.473873,10.819345,2023-08-01
22419,2023-07-28 13:35:00,19800.0,19588.95,12011700,3723950,33.4,222.95,140600,53650,0.164722,-0.80189,0.00124214,0.00121508,9.642213,11.065456,2023-08-01
27671,2023-07-28 13:35:00,19850.0,19588.95,3714200,502450,24.45,263.9,61900,3950,0.114879,-0.848478,0.00095448,0.00099213,9.815264,11.427844,2023-08-01
25047,2023-07-28 13:36:00,19350.0,19589.6,34850,1590050,280.0,22.4,250,54850,0.938663,-0.125271,0.00073078,0.0009233,8.010784,10.785953,2023-08-01
19794,2023-07-28 13:36:00,19400.0,19589.6,613950,4505400,241.8,30.7,12800,114950,0.863581,-0.175461,0.00116607,0.00116926,9.058702,10.666873,2023-08-01
14538,2023-07-28 13:36:00,19450.0,19589.6,197200,3385500,202.0,41.35,5350,86250,0.794919,-0.238004,0.00150788,0.00141807,9.103965,10.541085,2023-08-01
9281,2023-07-28 13:36:00,19500.0,19589.6,1840750,7342400,166.45,56.05,69650,230450,0.708287,-0.314984,0.00179336,0.00162612,9.245388,10.552129,2023-08-01
4021,2023-07-28 13:36:00,19550.0,19589.6,1144250,2932050,134.4,74.1,84550,241500,0.611674,-0.400527,0.00198327,0.00176807,9.333336,10.558601,2023-08-01
1390,2023-07-28 13:36:00,19600.0,19589.6,7011050,8985600,105.9,95.8,291000,520650,0.509842,-0.490802,0.00205762,0.00182275,9.362617,10.569431,2023-08-01
6652,2023-07-28 13:36:00,19650.0,19589.6,5410500,2778000,81.95,121.95,176850,147150,0.408606,-0.580555,0.00199003,0.0017717,9.428315,10.654339,2023-08-01
11909,2023-07-28 13:36:00,19700.0,19589.6,10295800,4031950,61.75,151.7,208250,138000,0.313982,-0.664813,0.00181164,0.00163938,9.458626,10.736825,2023-08-01
17166,2023-07-28 13:36:00,19750.0,19589.6,6554450,879700,45.3,185.5,79000,28550,0.230597,-0.73883,0.00155024,0.00144208,9.475149,10.890091,2023-08-01
22420,2023-07-28 13:36:00,19800.0,19589.6,12011700,3723950,33.55,223.25,125500,28700,0.165513,-0.799106,0.00124603,0.0012151,9.642452,11.159237,2023-08-01
27672,2023-07-28 13:36:00,19850.0,19589.6,3714200,502450,24.4,262.65,92450,3150,0.11489,-0.849992,0.00095698,0.00099422,9.790728,11.328458,2023-08-01
25048,2023-07-28 13:37:00,19350.0,19587.95,34850,1590050,281.1,22.55,50,42700,0.923223,-0.126405,0.00080825,0.00093077,8.613581,10.768597,2023-08-01
19795,2023-07-28 13:37:00,19400.0,19587.95,613950,4505400,240.0,30.95,4850,55500,0.863413,-0.177126,0.00117586,0.00117773,8.992419,10.655523,2023-08-01
14539,2023-07-28 13:37:00,19450.0,19587.95,197200,3385500,200.65,41.6,4050,49600,0.792657,-0.239907,0.00151941,0.00142733,9.095328,10.520207,2023-08-01
9282,2023-07-28 13:37:00,19500.0,19587.95,1840750,7342400,165.35,56.3,56600,154850,0.70519,-0.317183,0.00180106,0.00163595,9.25258,10.521623,2023-08-01
4022,2023-07-28 13:37:00,19550.0,19587.95,1144250,2932050,133.65,74.7,46000,141100,0.608082,-0.403406,0.00198256,0.00177237,9.362681,10.554259,2023-08-01
1391,2023-07-28 13:37:00,19600.0,19587.95,7011050,8985600,105.25,96.6,140100,249500,0.506435,-0.493815,0.00205296,0.0018227,9.387092,10.573058,2023-08-01
6653,2023-07-28 13:37:00,19650.0,19587.95,5410500,2778000,81.4,122.6,99100,80350,0.405525,-0.58368,0.0019823,0.00177298,9.449034,10.630818,2023-08-01
11910,2023-07-28 13:37:00,19700.0,19587.95,10295800,4031950,61.4,152.15,129950,79600,0.311515,-0.668396,0.00180036,0.00164146,9.487226,10.679581,2023-08-01
17167,2023-07-28 13:37:00,19750.0,19587.95,6554450,879700,45.05,186.0,58400,11800,0.228706,-0.742555,0.00153875,0.00144061,9.503549,10.822452,2023-08-01
22421,2023-07-28 13:37:00,19800.0,19587.95,12011700,3723950,33.35,224.0,82950,19950,0.164072,-0.802314,0.00123601,0.00120956,9.667359,11.104104,2023-08-01
27673,2023-07-28 13:37:00,19850.0,19587.95,3714200,502450,24.35,265.05,73200,3050,0.114207,-0.848448,0.0009494,0.00098816,9.828838,11.477782,2023-08-01
25049,2023-07-28 13:38:00,19350.0,19584.25,34850,1594100,279.5,22.95,1650,32050,0.911684,-0.129207,0.00086284,0.00094796,8.968165,10.738635,2023-08-01
19796,2023-07-28 13:38:00,19400.0,19584.25,628400,4484450,237.5,31.5,11300,55850,0.856568,-0.180864,0.00120343,0.00119684,9.085713,10.626926,2023-08-01
14540,2023-07-28 13:38:00,19450.0,19584.25,196000,3375650,198.15,42.3,5300,65200,0.785839,-0.244568,0.00154106,0.00144701,9.1419,10.488816,2023-08-01
9283,2023-07-28 13:38:00,19500.0,19584.25,1853850,7321600,162.95,57.4,75450,251800,0.698103,-0.323087,0.00181706,0.00165075,9.273363,10.510875,2023-08-01
4023,2023-07-28 13:38:00,19550.0,19584.25,1139250,2916250,131.55,75.65,59100,168100,0.600533,-0.409556,0.00198926,0.00178837,9.382208,10.501994,2023-08-01
1392,2023-07-28 13:38:00,19600.0,19584.25,6994350,8979350,103.35,98.0,265200,420700,0.498837,-0.50058,0.00205198,0.00182913,9.395311,10.540014,2023-08-01
6654,2023-07-28 13:38:00,19650.0,19584.25,5388300,2740250,79.85,124.05,193150,148100,0.398328,-0.59073,0.00197112,0.00177569,9.461423,10.575214,2023-08-01
11911,2023-07-28 13:38:00,19700.0,19584.25,10313200,4047150,60.0,154.15,257000,112500,0.304816,-0.67491,0.00178422,0.00163314,9.48471,10.65127,2023-08-01
17168,2023-07-28 13:38:00,19750.0,19584.25,6550000,876750,44.05,188.05,129900,38550,0.223305,-0.748923,0.0015167,0.00142906,9.51493,10.770551,2023-08-01
22422,2023-07-28 13:38:00,19800.0,19584.25,12024250,3708350,32.5,226.0,143700,29800,0.159565,-0.80871,0.00121387,0.00119543,9.669317,11.015619,2023-08-01
27674,2023-07-28 13:38:00,19850.0,19584.25,3714250,500750,23.7,268.15,54800,2350,0.110776,-0.851513,0.00092892,0.00097272,9.831613,11.505309,2023-08-01
25050,2023-07-28 13:39:00,19350.0,19582.1,34850,1594100,279.5,22.9,0,54400,0.909831,-0.129838,0.00087644,0.00095701,8.968165,10.675067,2023-08-01
19797,2023-07-28 13:39:00,19400.0,19582.1,628400,4484450,237.3,31.5,9850,94650,0.847656,-0.182065,0.00122054,0.001209,9.329102,10.565759,2023-08-01
14541,2023-07-28 13:39:00,19450.0,19582.1,196000,3375650,197.5,42.5,1900,81450,0.779366,-0.246787,0.00154633,0.00146042,9.270544,10.445035,2023-08-01
9284,2023-07-28 13:39:00,19500.0,19582.1,1853850,7321600,162.9,57.6,79500,321700,0.691196,-0.325805,0.00180427,0.00166547,9.43511,10.45594,2023-08-01
4024,2023-07-28 13:39:00,19550.0,19582.1,1139250,2916250,131.0,76.05,57850,238000,0.595491,-0.413043,0.00197929,0.0018003,9.461862,10.455463,2023-08-01
1393,2023-07-28 13:39:00,19600.0,19582.1,6994350,8979350,103.35,98.55,227700,502150,0.494534,-0.504558,0.00202764,0.00183741,9.509114,10.493886,2023-08-01
6655,2023-07-28 13:39:00,19650.0,19582.1,5388300,2740250,79.6,124.7,143950,129200,0.394889,-0.59504,0.00195211,0.00178024,9.533086,10.522784,2023-08-01
11912,2023-07-28 13:39:00,19700.0,19582.1,10313200,4047150,59.9,155.0,225050,178350,0.302385,-0.679231,0.00176463,0.00163209,9.55765,10.601433,2023-08-01
17169,2023-07-28 13:39:00,19750.0,19582.1,6550000,876750,43.9,188.85,95000,36500,0.221385,-0.753542,0.00150075,0.00142521,9.570663,10.695491,2023-08-01
22423,2023-07-28 13:39:00,19800.0,19582.1,12024250,3708350,32.4,227.1,136600,41550,0.158256,-0.81263,0.00120111,0.00118707,9.721303,10.954892,2023-08-01
27675,2023-07-28 13:39:00,19850.0,19582.1,3714250,500750,23.55,268.35,57550,7000,0.109613,-0.857974,0.00091875,0.00096124,9.867385,11.301586,2023-08-01
25051,2023-07-28 13:40:00,19350.0,19576.3,34750,1594100,275.1,23.5,650,95550,0.892839,-0.134241,0.00094378,0.00098468,9.454278,10.620571,2023-08-01
19798,2023-07-28 13:40:00,19400.0,19576.3,628400,4484450,232.6,32.4,35750,166650,0.840288,-0.188175,0.00125859,0.00123962,9.336742,10.522299,2023-08-01
14542,2023-07-28 13:40:00,19450.0,19576.3,196000,3375650,193.55,43.55,11300,105850,0.768961,-0.254136,0.00157813,0.00149235,9.327119,10.385736,2023-08-01
9285,2023-07-28 13:40:00,19500.0,19576.3,1853850,7321600,158.5,58.9,200350,446750,0.681497,-0.334525,0.0018384,0.00169489,9.387358,10.387692,2023-08-01
4025,2023-07-28 13:40:00,19550.0,19576.3,1139250,2916250,127.55,77.95,121600,362100,0.583918,-0.423205,0.0019921,0.00181857,9.468309,10.410229,2023-08-01
1394,2023-07-28 13:40:00,19600.0,19576.3,6994350,8979350,100.15,100.7,605700,927600,0.482733,-0.515336,0.00203019,0.00184784,9.492749,10.431602,2023-08-01
6656,2023-07-28 13:40:00,19650.0,19576.3,5388300,2740250,76.8,127.45,331350,252950,0.383296,-0.605818,0.00194127,0.00177612,9.508625,10.476552,2023-08-01
11913,2023-07-28 13:40:00,19700.0,19576.3,10313200,4047150,57.65,158.25,413250,244350,0.291879,-0.689324,0.00173997,0.00161665,9.541325,10.561894,2023-08-01
17170,2023-07-28 13:40:00,19750.0,19576.3,6550000,876750,42.25,192.9,235850,52650,0.212812,-0.761666,0.00146709,0.00139952,9.573005,10.699858,2023-08-01
22424,2023-07-28 13:40:00,19800.0,19576.3,12024250,3708350,31.3,231.25,339500,63150,0.152069,-0.81998,0.00116698,0.00116075,9.749342,10.931546,2023-08-01
27676,2023-07-28 13:40:00,19850.0,19576.3,3714250,500750,22.8,272.65,133150,7750,0.105292,-0.864414,0.00088921,0.00093522,9.907744,11.258963,2023-08-01
25052,2023-07-28 13:41:00,19300.0,19570.0,132250,3596300,313.0,17.4,7500,199900,0.93123,-0.09684,0.00068525,0.00077546,9.349718,10.693196,2023-08-01
19799,2023-07-28 13:41:00,19350.0,19570.0,34750,1608150,270.4,23.95,2500,136600,0.883709,-0.138405,0.00098777,0.00101489,9.581228,10.526285,2023-08-01
14543,2023-07-28 13:41:00,19400.0,19570.0,642000,4494650,229.0,32.9,16300,198250,0.826742,-0.193486,0.00129682,0.00127548,9.554377,10.406817,2023-08-01
9286,2023-07-28 13:41:00,19450.0,19570.0,199800,3368150,190.6,44.3,18650,180700,0.75398,-0.261353,0.0015969,0.00153175,9.543986,10.270943,2023-08-01
4026,2023-07-28 13:41:00,19500.0,19570.0,1921600,7184700,156.05,60.1,125500,612150,0.666628,-0.343856,0.00183516,0.00173049,9.584579,10.286286,2023-08-01
1395,2023-07-28 13:41:00,19550.0,19570.0,1160350,2931050,124.85,79.3,155250,508250,0.57058,-0.433949,0.00198373,0.00185084,9.575534,10.283396,2023-08-01
6657,2023-07-28 13:41:00,19600.0,19570.0,6970950,8891600,98.0,102.35,571150,891100,0.470325,-0.527409,0.00200459,0.00187095,9.600283,10.290206,2023-08-01
11914,2023-07-28 13:41:00,19650.0,19570.0,5289900,2645200,75.2,129.45,473000,283150,0.372607,-0.618756,0.00190265,0.00178637,9.621121,10.320692,2023-08-01
17171,2023-07-28 13:41:00,19700.0,19570.0,10346950,4028300,56.2,160.65,578550,258200,0.282694,-0.702474,0.00169989,0.00161226,9.623529,10.392738,2023-08-01
22425,2023-07-28 13:41:00,19750.0,19570.0,6653850,866250,41.15,195.6,338500,63300,0.205595,-0.77465,0.0014265,0.00138241,9.651382,10.503758,2023-08-01
27677,2023-07-28 13:41:00,19800.0,19570.0,12028800,3679950,30.5,234.25,390500,92850,0.146768,-0.832297,0.001131,0.00113333,9.82799,10.706905,2023-08-01
25053,2023-07-28 13:42:00,19300.0,19567.35,132250,3596300,313.2,17.25,4100,135300,0.917535,-0.096978,0.00074258,0.00078318,9.910851,10.601127,2023-08-01
19800,2023-07-28 13:42:00,19350.0,19567.35,33700,1608150,270.0,23.8,1950,90750,0.873535,-0.138973,0.00101471,0.00102707,9.895665,10.432894,2023-08-01
14544,2023-07-28 13:42:00,19400.0,19567.35,642000,4494650,229.6,32.65,54950,219400,0.814053,-0.194364,0.00130419,0.00129306,9.93417,10.296001,2023-08-01
9287,2023-07-28 13:42:00,19450.0,19567.35,199800,3368150,191.05,44.1,11600,154800,0.743475,-0.263235,0.00158475,0.00155436,9.834281,10.161022,2023-08-01
4027,2023-07-28 13:42:00,19500.0,19567.35,1921600,7184700,156.05,59.75,98900,534200,0.658839,-0.346579,0.0018158,0.00175914,9.776048,10.150849,2023-08-01
1396,2023-07-28 13:42:00,19550.0,19567.35,1160350,2931050,125.25,78.95,113250,410250,0.56408,-0.438037,0.0019492,0.00188135,9.774663,10.135837,2023-08-01
6658,2023-07-28 13:42:00,19600.0,19567.35,6970950,8891600,98.1,101.65,430850,670900,0.46558,-0.533095,0.00197362,0.00190629,9.743717,10.090741,2023-08-01
11915,2023-07-28 13:42:00,19650.0,19567.35,5289900,2645200,75.25,128.65,273500,239250,0.36917,-0.626353,0.00187413,0.00181674,9.740444,10.087227,2023-08-01
17172,2023-07-28 13:42:00,19700.0,19567.35,10346950,4028300,56.55,159.85,401500,207300,0.281006,-0.711763,0.00167161,0.00163092,9.760304,10.125859,2023-08-01
22426,2023-07-28 13:42:00,19750.0,19567.35,6653850,866250,41.5,194.25,178850,40150,0.204959,-0.786812,0.00140544,0.00138906,9.780142,10.127576,2023-08-01
27678,2023-07-28 13:42:00,19800.0,19567.35,12028800,3679950,30.7,233.55,257800,59450,0.146359,-0.843584,0.00111718,0.00112056,9.933108,10.350717,2023-08-01
25054,2023-07-28 13:43:00,19300.0,19567.6,132250,3596300,314.85,17.0,3250,119100,0.911593,-0.095915,0.00076003,0.00077992,10.202108,10.56031,2023-08-01
19801,2023-07-28 13:43:00,19350.0,19567.6,33700,1608150,272.55,23.45,600,112000,0.864868,-0.1376,0.00102291,0.00102494,10.277343,10.384757,2023-08-01
14545,2023-07-28 13:43:00,19400.0,19567.6,642000,4494650,230.25,32.35,15550,186250,0.8129,-0.193281,0.00130102,0.00129285,9.997256,10.263413,2023-08-01
9288,2023-07-28 13:43:00,19450.0,19567.6,199800,3368150,191.8,43.6,10000,209200,0.742441,-0.261816,0.00157716,0.00155794,9.90307,10.110418,2023-08-01
4028,2023-07-28 13:43:00,19500.0,19567.6,1921600,7184700,156.9,59.15,114300,386900,0.658185,-0.345361,0.00180345,0.0017665,9.850892,10.096063,2023-08-01
1397,2023-07-28 13:43:00,19550.0,19567.6,1160350,2931050,126.25,78.3,115350,430950,0.564036,-0.437253,0.00193209,0.00189113,9.86214,10.081007,2023-08-01
6659,2023-07-28 13:43:00,19600.0,19567.6,6970950,8891600,99.1,100.95,465750,650250,0.466404,-0.532835,0.00195653,0.00191732,9.831283,10.033966,2023-08-01
11916,2023-07-28 13:43:00,19650.0,19567.6,5289900,2645200,76.05,127.8,217300,172850,0.370561,-0.626804,0.00186298,0.00182906,9.81144,10.016186,2023-08-01
17173,2023-07-28 13:43:00,19700.0,19567.6,10346950,4028300,57.1,159.2,376250,228800,0.282427,-0.712373,0.00166717,0.00163779,9.810794,10.074052,2023-08-01
22427,2023-07-28 13:43:00,19750.0,19567.6,6653850,866250,41.7,194.0,164850,40200,0.20568,-0.786673,0.00140614,0.00139078,9.796393,10.119569,2023-08-01
27679,2023-07-28 13:43:00,19800.0,19567.6,12028800,3679950,30.85,232.65,189700,47800,0.146949,-0.845538,0.00111875,0.00112148,9.946749,10.257546,2023-08-01
25055,2023-07-28 13:44:00,19300.0,19565.6,131550,3600350,312.45,17.25,3050,104800,0.912751,-0.097454,0.00076215,0.00078929,10.076037,10.559698,2023-08-01
19802,2023-07-28 13:44:00,19350.0,19565.6,34750,1639850,268.2,23.8,450,69150,0.87301,-0.139704,0.00102322,0.00103552,9.844339,10.38743,2023-08-01
14546,2023-07-28 13:44:00,19400.0,19565.6,633050,4494500,228.15,32.9,9200,123100,0.811975,-0.196218,0.00131453,0.00130302,9.926628,10.279098,2023-08-01
9289,2023-07-28 13:44:00,19450.0,19565.6,206800,3499000,189.65,44.4,10250,175200,0.740997,-0.265517,0.00159523,0.00156486,9.821109,10.139956,2023-08-01
4029,2023-07-28 13:44:00,19500.0,19565.6,1984500,7185400,155.45,60.25,80700,301600,0.654778,-0.349502,0.00181306,0.00176689,9.837176,10.14024,2023-08-01
1398,2023-07-28 13:44:00,19550.0,19565.6,1247350,2888350,124.7,79.75,96300,367350,0.560387,-0.44137,0.00194285,0.00188292,9.82356,10.143,2023-08-01
6660,2023-07-28 13:44:00,19600.0,19565.6,7115400,8759800,97.65,102.95,367150,611550,0.462299,-0.536274,0.00196382,0.00189734,9.78758,10.133929,2023-08-01
11917,2023-07-28 13:44:00,19650.0,19565.6,5322100,2620900,75.1,129.75,192900,154250,0.366688,-0.629431,0.00185884,0.00181061,9.801297,10.097168,2023-08-01
17174,2023-07-28 13:44:00,19700.0,19565.6,10438200,4020350,56.1,161.1,239250,135800,0.278411,-0.714408,0.00166151,0.00162222,9.778074,10.138452,2023-08-01
22428,2023-07-28 13:44:00,19750.0,19565.6,6674050,867350,41.15,196.3,105700,28350,0.202867,-0.787121,0.00139485,0.00137553,9.796878,10.221153,2023-08-01
27680,2023-07-28 13:44:00,19800.0,19565.6,12064200,3654750,30.55,235.0,211600,32950,0.14515,-0.845283,0.00110769,0.00111144,9.965177,10.36343,2023-08-01
25056,2023-07-28 13:45:00,19300.0,19567.1,131550,3600350,312.75,17.05,4750,123500,0.918322,-0.096239,0.0007407,0.00078213,9.867205,10.558736,2023-08-01
19803,2023-07-28 13:45:00,19350.0,19567.1,34750,1639850,269.65,23.45,3600,137750,0.873804,-0.137797,0.00101551,0.00102736,9.87587,10.372516,2023-08-01
14547,2023-07-28 13:45:00,19400.0,19567.1,633050,4494500,229.0,32.4,14700,221200,0.81503,-0.193736,0.00130719,0.00129583,9.881679,10.256463,2023-08-01
9290,2023-07-28 13:45:00,19450.0,19567.1,206800,3499000,189.8,43.8,12050,143200,0.745789,-0.262735,0.00159807,0.00155977,9.708867,10.118685,2023-08-01
4030,2023-07-28 13:45:00,19500.0,19567.1,1984500,7185400,156.0,59.4,191850,531500,0.658187,-0.346358,0.00181485,0.00176713,9.790922,10.105273,2023-08-01
1399,2023-07-28 13:45:00,19550.0,19567.1,1247350,2888350,125.8,78.55,154250,512750,0.563157,-0.438226,0.00193602,0.00189131,9.84757,10.085909,2023-08-01
6661,2023-07-28 13:45:00,19600.0,19567.1,7115400,8759800,98.35,101.7,500850,764650,0.46522,-0.533619,0.00196602,0.00190777,9.783238,10.084523,2023-08-01
11918,2023-07-28 13:45:00,19650.0,19567.1,5322100,2620900,75.4,128.55,289600,241850,0.369029,-0.627149,0.00186902,0.00182025,9.768458,10.063639,2023-08-01
17175,2023-07-28 13:45:00,19700.0,19567.1,10438200,4020350,56.65,159.75,437000,224500,0.280976,-0.712755,0.00166819,0.00163308,9.782419,10.098752,2023-08-01
22429,2023-07-28 13:45:00,19750.0,19567.1,6674050,867350,41.5,195.0,157550,46850,0.204784,-0.785669,0.00140364,0.00138451,9.790342,10.195245,2023-08-01
27681,2023-07-28 13:45:00,19800.0,19567.1,12064200,3654750,30.8,233.45,276100,61100,0.146569,-0.844839,0.001116,0.00111906,9.955961,10.312509,2023-08-01
25057,2023-07-28 13:46:00,19300.0,19568.4,131550,3600350,315.25,16.7,1800,98950,0.913456,-0.094483,0.00075245,0.00077417,10.144627,10.52389,2023-08-01
19804,2023-07-28 13:46:00,19350.0,19568.4,34750,1639850,272.25,23.15,1550,43250,0.869291,-0.136156,0.00101508,0.00102025,10.124179,10.359755,2023-08-01
14548,2023-07-28 13:46:00,19400.0,19568.4,633050,4494500,231.35,32.0,8850,117250,0.81241,-0.191683,0.00129471,0.0012894,10.064399,10.240948,2023-08-01
9291,2023-07-28 13:46:00,19450.0,19568.4,206800,3499000,192.75,43.15,8100,96900,0.742771,-0.260002,0.00156907,0.00155671,9.949606,10.084432,2023-08-01
4031,2023-07-28 13:46:00,19500.0,19568.4,1984500,7185400,158.5,58.55,72650,245800,0.657905,-0.343443,0.00178298,0.0017691,9.969228,10.062381,2023-08-01
1400,2023-07-28 13:46:00,19550.0,19568.4,1247350,2888350,127.3,77.8,145650,223650,0.565204,-0.435647,0.00191958,0.00189321,9.923746,10.065512,2023-08-01
6662,2023-07-28 13:46:00,19600.0,19568.4,7115400,8759800,99.9,100.8,425750,376100,0.468098,-0.531233,0.00194937,0.00191345,9.872974,10.059682,2023-08-01
11919,2023-07-28 13:46:00,19650.0,19568.4,5322100,2620900,76.85,127.35,186900,102800,0.372637,-0.62536,0.0018575,0.00183132,9.860228,10.018236,2023-08-01
17176,2023-07-28 13:46:00,19700.0,19568.4,10438200,4020350,57.7,158.25,252850,92450,0.284434,-0.711993,0.00166697,0.00164653,9.847451,10.028976,2023-08-01
22430,2023-07-28 13:46:00,19750.0,19568.4,6674050,867350,42.35,193.0,103200,22700,0.208006,-0.786769,0.00140825,0.00139751,9.849201,10.070429,2023-08-01
27682,2023-07-28 13:46:00,19800.0,19568.4,12064200,3654750,31.35,232.0,140250,26800,0.1489,-0.844788,0.00112372,0.00112568,9.992692,10.254267,2023-08-01
25058,2023-07-28 13:47:00,19300.0,19568.05,131950,3615000,314.45,16.9,3300,153350,0.915276,-0.095369,0.00074788,0.00077735,10.04643,10.554197,2023-08-01
19805,2023-07-28 13:47:00,19350.0,19568.05,34750,1644400,269.05,23.3,3350,123100,0.880416,-0.136841,0.00100179,0.00102238,9.641558,10.374852,2023-08-01
14549,2023-07-28 13:47:00,19400.0,19568.05,635500,4521050,229.9,32.15,19650,202550,0.815767,-0.19236,0.00130116,0.00129099,9.904072,10.251488,2023-08-01
9292,2023-07-28 13:47:00,19450.0,19568.05,218800,3489250,192.0,43.5,16350,154750,0.743452,-0.261155,0.00157631,0.0015557,9.8913,10.115071,2023-08-01
4032,2023-07-28 13:47:00,19500.0,19568.05,2036800,7179800,157.55,58.95,98600,419700,0.658415,-0.344491,0.001796,0.00176594,9.892371,10.092961,2023-08-01
1401,2023-07-28 13:47:00,19550.0,19568.05,1352300,2945450,126.4,78.35,157550,440500,0.564957,-0.436551,0.00193359,0.00188635,9.853875,10.10687,2023-08-01
6663,2023-07-28 13:47:00,19600.0,19568.05,7290750,8612300,99.35,101.2,470200,769800,0.467273,-0.531829,0.00195645,0.00190908,9.836609,10.082554,2023-08-01
11920,2023-07-28 13:47:00,19650.0,19568.05,5338700,2557900,76.3,128.15,247450,191800,0.371454,-0.625256,0.00186333,0.0018206,9.820335,10.079136,2023-08-01
17177,2023-07-28 13:47:00,19700.0,19568.05,10535350,3993050,57.1,158.9,367200,188900,0.282813,-0.711709,0.00167117,0.00164003,9.796842,10.074476,2023-08-01
22431,2023-07-28 13:47:00,19750.0,19568.05,6697100,855350,41.95,194.35,168350,35500,0.206645,-0.784304,0.00140796,0.00138924,9.814031,10.199367,2023-08-01
27683,2023-07-28 13:47:00,19800.0,19568.05,12119650,3647700,31.05,232.85,183450,58200,0.147764,-0.843384,0.0011214,0.00112409,9.963269,10.330912,2023-08-01
25059,2023-07-28 13:48:00,19300.0,19570.3,131950,3615000,316.5,16.9,700,65450,0.916689,-0.09475,0.00073752,0.00076961,10.059459,10.609027,2023-08-01
19806,2023-07-28 13:48:00,19350.0,19570.3,37100,1644400,272.0,23.15,650,47950,0.878429,-0.135357,0.00099514,0.00101124,9.818946,10.410828,2023-08-01
14550,2023-07-28 13:48:00,19400.0,19570.3,635500,4521050,231.75,32.05,9950,106650,0.818454,-0.190656,0.00128792,0.00127738,9.914235,10.304103,2023-08-01
9293,2023-07-28 13:48:00,19450.0,19570.3,218800,3489250,193.5,43.25,8950,72650,0.74735,-0.258549,0.00156629,0.00154091,9.874782,10.159113,2023-08-01
4033,2023-07-28 13:48:00,19500.0,19570.3,2036800,7179800,159.0,58.6,67450,244750,0.662502,-0.341181,0.00178824,0.00175151,9.889242,10.138774,2023-08-01
1402,2023-07-28 13:48:00,19550.0,19570.3,1352300,2945450,127.7,77.8,110450,230600,0.56931,-0.432557,0.00193008,0.00187574,9.853034,10.146757,2023-08-01
6664,2023-07-28 13:48:00,19600.0,19570.3,7290750,8612300,100.45,100.45,339850,381800,0.471659,-0.527425,0.00195863,0.00190371,9.833679,10.119002,2023-08-01
11921,2023-07-28 13:48:00,19650.0,19570.3,5338700,2557900,77.15,127.35,179450,86850,0.37551,-0.620573,0.00187166,0.00181864,9.810203,10.128734,2023-08-01
17178,2023-07-28 13:48:00,19700.0,19570.3,10535350,3993050,58.0,158.05,244700,106800,0.286824,-0.7068,0.00168015,0.0016424,9.809931,10.139372,2023-08-01
22432,2023-07-28 13:48:00,19750.0,19570.3,6697100,855350,42.8,193.0,98850,12750,0.210453,-0.780502,0.00141924,0.00139913,9.841161,10.229549,2023-08-01
27684,2023-07-28 13:48:00,19800.0,19570.3,12119650,3647700,31.75,231.45,129300,25450,0.150975,-0.839812,0.00113433,0.00113591,9.991754,10.375495,2023-08-01
25060,2023-07-28 13:49:00,19300.0,19570.75,131950,3615000,317.55,16.55,1750,58750,0.914237,-0.093232,0.00074387,0.00076457,10.193652,10.553127,2023-08-01
19807,2023-07-28 13:49:00,19350.0,19570.75,37100,1644400,273.3,22.9,1350,69900,0.875221,-0.134255,0.00099775,0.00100832,9.974268,10.38319,2023-08-01
14551,2023-07-28 13:49:00,19400.0,19570.75,635500,4521050,233.35,31.65,2900,83500,0.814953,-0.189131,0.00128108,0.00127622,10.087218,10.263323,2023-08-01
9294,2023-07-28 13:49:00,19450.0,19570.75,218800,3489250,194.4,42.75,5000,53350,0.746598,-0.256933,0.00155786,0.00154278,9.944329,10.11451,2023-08-01
4034,2023-07-28 13:49:00,19500.0,19570.75,2036800,7179800,159.65,58.25,37350,189300,0.662725,-0.340083,0.00178087,0.00175306,9.928231,10.117972,2023-08-01
1403,2023-07-28 13:49:00,19550.0,19570.75,1352300,2945450,128.25,77.15,77050,157850,0.569982,-0.431419,0.00192379,0.00188359,9.882906,10.100108,2023-08-01
6665,2023-07-28 13:49:00,19600.0,19570.75,7290750,8612300,100.8,100.0,299750,272000,0.472575,-0.526643,0.00195651,0.00190828,9.846509,10.096713,2023-08-01
11922,2023-07-28 13:49:00,19650.0,19570.75,5338700,2557900,77.55,126.55,109550,61700,0.37661,-0.620418,0.00186936,0.00182881,9.831884,10.074274,2023-08-01
17179,2023-07-28 13:49:00,19700.0,19570.75,10535350,3993050,58.45,157.45,164400,59800,0.288192,-0.706696,0.00167858,0.00164808,9.841844,10.106723,2023-08-01
22433,2023-07-28 13:49:00,19750.0,19570.75,6697100,855350,42.9,192.35,87200,13150,0.211012,-0.780759,0.00142188,0.00140349,9.838771,10.191541,2023-08-01
27685,2023-07-28 13:49:00,19800.0,19570.75,12119650,3647700,31.85,230.95,96800,19700,0.151481,-0.839791,0.00113684,0.00113825,9.992514,10.355684,2023-08-01
25061,2023-07-28 13:50:00,19300.0,19573.55,131750,3611050,319.4,16.5,1800,36500,0.918972,-0.092284,0.00072183,0.00075462,10.065258,10.611186,2023-08-01
19808,2023-07-28 13:50:00,19350.0,19573.55,37100,1658000,275.15,22.7,300,40850,0.880059,-0.132384,0.00097894,0.00099457,9.88708,10.424988,2023-08-01
14552,2023-07-28 13:50:00,19400.0,19573.55,638750,4528600,234.15,31.35,7500,73700,0.823226,-0.186497,0.00126963,0.00126014,9.890012,10.304043,2023-08-01
9295,2023-07-28 13:50:00,19450.0,19573.55,219150,3503250,195.15,42.45,5400,52700,0.754348,-0.253755,0.00155695,0.00152437,9.786749,10.169645,2023-08-01
4035,2023-07-28 13:50:00,19500.0,19573.55,2048550,7201850,160.2,57.5,69350,153400,0.669935,-0.335506,0.00179131,0.00174004,9.786102,10.139836,2023-08-01
1404,2023-07-28 13:50:00,19550.0,19573.55,1362200,2985000,129.1,76.4,95450,143100,0.575943,-0.426433,0.00193413,0.00187148,9.802075,10.14179,2023-08-01
6666,2023-07-28 13:50:00,19600.0,19573.55,7329600,8612550,101.5,99.15,219000,216250,0.477857,-0.521173,0.00197236,0.00189991,9.774898,10.148977,2023-08-01
11923,2023-07-28 13:50:00,19650.0,19573.55,5313800,2563350,78.0,125.65,164850,54950,0.380925,-0.614502,0.00189029,0.00182455,9.756541,10.144113,2023-08-01
17180,2023-07-28 13:50:00,19700.0,19573.55,10530000,3992200,58.75,156.4,169050,73100,0.291469,-0.700616,0.00169997,0.00165055,9.769121,10.186398,2023-08-01
22434,2023-07-28 13:50:00,19750.0,19573.55,6696250,849450,43.2,191.25,72950,11250,0.213639,-0.774521,0.00144042,0.0014118,9.782053,10.294425,2023-08-01
27686,2023-07-28 13:50:00,19800.0,19573.55,12140150,3651600,31.95,229.0,136600,29050,0.152975,-0.835982,0.00115214,0.00115278,9.923754,10.382218,2023-08-01
25062,2023-07-28 13:51:00,19350.0,19578.35,37150,1658000,276.0,22.3,1400,79650,0.898512,-0.129023,0.00092254,0.00097122,9.305801,10.485836,2023-08-01
19809,2023-07-28 13:51:00,19400.0,19578.35,638750,4528600,234.95,30.8,18450,177550,0.840201,-0.18194,0.00124521,0.00123314,9.448272,10.367142,2023-08-01
14553,2023-07-28 13:51:00,19450.0,19578.35,219150,3503250,196.15,41.7,11600,131100,0.768997,-0.247818,0.0015556,0.0014957,9.469308,10.233901,2023-08-01
9296,2023-07-28 13:51:00,19500.0,19578.35,2048550,7201850,161.25,56.85,104350,331000,0.682561,-0.328793,0.0018067,0.0017083,9.546531,10.24406,2023-08-01
4036,2023-07-28 13:51:00,19550.0,19578.35,1362200,2985000,130.0,75.55,140000,360400,0.586872,-0.418322,0.00196284,0.001843,9.601774,10.255111,2023-08-01
1405,2023-07-28 13:51:00,19600.0,19578.35,7329600,8612550,102.2,98.05,431950,485700,0.487015,-0.511862,0.00201024,0.00187885,9.598866,10.271039,2023-08-01
6667,2023-07-28 13:51:00,19650.0,19578.35,5313800,2563350,78.6,124.5,218450,137300,0.388292,-0.604109,0.00193022,0.00181028,9.607389,10.299552,2023-08-01
11924,2023-07-28 13:51:00,19700.0,19578.35,10530000,3992200,59.2,155.0,280250,169200,0.297085,-0.689626,0.00173852,0.00164878,9.635516,10.360327,2023-08-01
17181,2023-07-28 13:51:00,19750.0,19578.35,6696250,849450,43.5,189.25,170700,38350,0.217633,-0.764292,0.00147444,0.00142527,9.658018,10.451417,2023-08-01
22435,2023-07-28 13:51:00,19800.0,19578.35,12140150,3651600,32.2,228.15,154300,49900,0.155853,-0.822165,0.00117916,0.00117347,9.814984,10.739271,2023-08-01
27687,2023-07-28 13:51:00,19850.0,19578.35,3717850,508800,23.6,269.45,93700,3550,0.108659,-0.867474,0.00090344,0.00093963,9.98397,11.040891,2023-08-01
25063,2023-07-28 13:52:00,19350.0,19578.45,37150,1658000,274.45,22.35,650,48600,0.906148,-0.129161,0.00090128,0.00097098,8.99505,10.497101,2023-08-01
19810,2023-07-28 13:52:00,19400.0,19578.45,638750,4528600,234.35,30.95,11900,91500,0.842901,-0.18235,0.00124469,0.00123211,9.347913,10.39126,2023-08-01
14554,2023-07-28 13:52:00,19450.0,19578.45,219150,3503250,194.95,41.75,6850,66450,0.772935,-0.247856,0.00156718,0.00149452,9.309863,10.243624,2023-08-01
9297,2023-07-28 13:52:00,19500.0,19578.45,2048550,7201850,161.05,56.9,61300,235900,0.683254,-0.328758,0.00181065,0.00170678,9.517664,10.253589,2023-08-01
4037,2023-07-28 13:52:00,19550.0,19578.45,1362200,2985000,129.65,75.65,81750,224450,0.587424,-0.418245,0.00197087,0.00184042,9.56044,10.269902,2023-08-01
1406,2023-07-28 13:52:00,19600.0,19578.45,7329600,8612550,102.0,98.0,288400,334000,0.487167,-0.511679,0.00201554,0.00187899,9.574545,10.271253,2023-08-01
6668,2023-07-28 13:52:00,19650.0,19578.45,5313800,2563350,78.4,124.6,161900,98050,0.388191,-0.603777,0.00193502,0.00180803,9.583596,10.315548,2023-08-01
11925,2023-07-28 13:52:00,19700.0,19578.45,10530000,3992200,58.95,155.05,192700,77650,0.29666,-0.68927,0.00174288,0.0016478,9.605921,10.372528,2023-08-01
17182,2023-07-28 13:52:00,19750.0,19578.45,6696250,849450,43.5,190.0,101450,14600,0.217693,-0.762178,0.0014752,0.00141974,9.655354,10.544654,2023-08-01
22436,2023-07-28 13:52:00,19800.0,19578.45,12140150,3651600,32.15,228.2,163650,29300,0.155726,-0.821709,0.00117969,0.00117371,9.80609,10.755268,2023-08-01
27688,2023-07-28 13:52:00,19850.0,19578.45,3717850,508800,23.5,270.0,65000,1750,0.108323,-0.865457,0.00090307,0.00094191,9.966573,11.130141,2023-08-01
25064,2023-07-28 13:53:00,19350.0,19581.85,37150,1663650,274.45,22.15,0,40650,0.909192,-0.127122,0.00087948,0.00095512,8.99505,10.553126,2023-08-01
19811,2023-07-28 13:53:00,19400.0,19581.85,640350,4552800,235.6,30.55,11250,98100,0.85317,-0.179141,0.00122042,0.00121341,9.114305,10.433643,2023-08-01
14555,2023-07-28 13:53:00,19450.0,19581.85,215550,3529500,196.6,41.25,7750,88650,0.781114,-0.243794,0.00155429,0.00147426,9.192133,10.291757,2023-08-01
9298,2023-07-28 13:53:00,19500.0,19581.85,2036700,7190750,161.5,56.25,81300,184000,0.693214,-0.323778,0.00182563,0.0016875,9.309123,10.305487,2023-08-01
4038,2023-07-28 13:53:00,19550.0,19581.85,1386650,3026850,130.25,74.85,92550,212050,0.595518,-0.412463,0.00199235,0.00182404,9.411016,10.328411,2023-08-01
1407,2023-07-28 13:53:00,19600.0,19581.85,7352000,8619900,102.5,97.0,235650,259600,0.493881,-0.505237,0.00204318,0.00186809,9.447957,10.333792,2023-08-01
6669,2023-07-28 13:53:00,19650.0,19581.85,5322800,2575900,79.05,123.65,147500,74350,0.393823,-0.59673,0.00196002,0.00179989,9.499002,10.409439,2023-08-01
11926,2023-07-28 13:53:00,19700.0,19581.85,10517600,3985750,59.3,154.15,213350,85300,0.30081,-0.681523,0.00177078,0.00164463,9.513622,10.501651,2023-08-01
17183,2023-07-28 13:53:00,19750.0,19581.85,6685150,843100,43.6,188.0,81450,10100,0.220275,-0.756496,0.00150089,0.00143246,9.553784,10.58526,2023-08-01
22437,2023-07-28 13:53:00,19800.0,19581.85,12153250,3656950,32.4,226.7,125850,36250,0.158046,-0.814775,0.00119944,0.00118748,9.738119,10.886352,2023-08-01
27689,2023-07-28 13:53:00,19850.0,19581.85,3719050,505850,23.6,267.0,58350,1450,0.109632,-0.863132,0.00091778,0.00095641,9.891073,11.089796,2023-08-01
25065,2023-07-28 13:54:00,19350.0,19580.7,37150,1663650,274.45,22.45,0,30400,0.908193,-0.128649,0.00088677,0.00096141,8.99505,10.57296,2023-08-01
19812,2023-07-28 13:54:00,19400.0,19580.7,640350,4552800,233.85,31.15,5450,77700,0.855026,-0.181677,0.00122674,0.00121839,8.991427,10.484554,2023-08-01
14556,2023-07-28 13:54:00,19450.0,19580.7,215550,3529500,194.6,42.15,6450,43750,0.782893,-0.246988,0.00157172,0.00147433,9.048801,10.365004,2023-08-01
9299,2023-07-28 13:54:00,19500.0,19580.7,2036700,7190750,159.7,57.25,52250,128250,0.693221,-0.326763,0.00184814,0.00168289,9.196948,10.374074,2023-08-01
4039,2023-07-28 13:54:00,19550.0,19580.7,1386650,3026850,128.35,76.15,79650,171050,0.594389,-0.415222,0.00202044,0.00181197,9.288018,10.414786,2023-08-01
1408,2023-07-28 13:54:00,19600.0,19580.7,7352000,8619900,101.05,98.95,217300,257700,0.491415,-0.507234,0.00206143,0.00184326,9.364563,10.473683,2023-08-01
6670,2023-07-28 13:54:00,19650.0,19580.7,5322800,2575900,77.85,125.35,118200,60300,0.390759,-0.597782,0.00197028,0.00178062,9.430354,10.516532,2023-08-01
11927,2023-07-28 13:54:00,19700.0,19580.7,10517600,3985750,58.45,156.35,180050,69850,0.297868,-0.680896,0.00177155,0.00162227,9.46854,10.65673,2023-08-01
17184,2023-07-28 13:54:00,19750.0,19580.7,6685150,843100,43.1,190.8,93600,10150,0.218073,-0.753504,0.0014954,0.00141203,9.535039,10.810788,2023-08-01
22438,2023-07-28 13:54:00,19800.0,19580.7,12153250,3656950,31.85,229.0,108200,17600,0.155711,-0.812223,0.00119247,0.00117844,9.700902,11.064785,2023-08-01
27690,2023-07-28 13:54:00,19850.0,19580.7,3719050,505850,23.35,270.0,73150,850,0.108401,-0.857981,0.00091111,0.00095589,9.884359,11.379873,2023-08-01
25066,2023-07-28 13:55:00,19350.0,19575.8,37050,1663650,270.0,23.15,800,76050,0.914138,-0.133088,0.00088518,0.00098586,8.575944,10.558934,2023-08-01
19813,2023-07-28 13:55:00,19400.0,19575.8,640350,4552800,230.65,32.05,23450,162700,0.845521,-0.187306,0.00126208,0.00124419,9.120959,10.467419,2023-08-01
14557,2023-07-28 13:55:00,19450.0,19575.8,215550,3529500,192.0,43.35,5750,97000,0.771605,-0.254006,0.00159296,0.00149867,9.192895,10.352675,2023-08-01
9300,2023-07-28 13:55:00,19500.0,19575.8,2036700,7190750,158.0,58.85,69800,374150,0.680818,-0.334996,0.00184354,0.0017008,9.381804,10.370847,2023-08-01
4040,2023-07-28 13:55:00,19550.0,19575.8,1386650,3026850,126.6,78.1,82300,310100,0.583405,-0.424097,0.00200695,0.00182156,9.413161,10.411245,2023-08-01
1409,2023-07-28 13:55:00,19600.0,19575.8,7352000,8619900,99.65,101.05,377850,502850,0.481585,-0.51632,0.00203538,0.00184707,9.47972,10.448559,2023-08-01
6671,2023-07-28 13:55:00,19650.0,19575.8,5322800,2575900,76.65,127.95,300250,144500,0.382319,-0.606621,0.00193879,0.00177271,9.525967,10.504504,2023-08-01
11928,2023-07-28 13:55:00,19700.0,19575.8,10517600,3985750,57.6,159.0,401400,213250,0.291181,-0.689558,0.00173595,0.00161046,9.56519,10.612856,2023-08-01
17185,2023-07-28 13:55:00,19750.0,19575.8,6685150,843100,42.4,193.8,123600,20500,0.212806,-0.761299,0.00146223,0.00139377,9.617196,10.767103,2023-08-01
22439,2023-07-28 13:55:00,19800.0,19575.8,12153250,3656950,31.4,232.0,167750,36350,0.152084,-0.819783,0.00116403,0.00115768,9.787439,10.982416,2023-08-01
27691,2023-07-28 13:55:00,19850.0,19575.8,3719050,505850,23.0,275.0,83250,600,0.105783,-0.85935,0.00088848,0.00093719,9.962226,11.534845,2023-08-01
25067,2023-07-28 13:56:00,19350.0,19575.25,36950,1654800,270.85,23.5,600,56700,0.906997,-0.134557,0.00091091,0.00098949,8.844933,10.601087,2023-08-01
19814,2023-07-28 13:56:00,19400.0,19575.25,637000,4548000,228.0,32.5,20050,118900,0.853814,-0.189004,0.0012631,0.00124582,8.785579,10.513277,2023-08-01
14558,2023-07-28 13:56:00,19450.0,19575.25,219250,3515900,190.05,43.9,8600,93750,0.775478,-0.25579,0.00161172,0.00149732,8.99964,10.401216,2023-08-01
9301,2023-07-28 13:56:00,19500.0,19575.25,2036000,7232500,155.15,59.6,86300,334950,0.684715,-0.336813,0.00188932,0.00169451,9.108019,10.432498,2023-08-01
4041,2023-07-28 13:56:00,19550.0,19575.25,1365700,2997350,124.4,78.9,120600,287400,0.583903,-0.42549,0.0020482,0.00181273,9.222124,10.470234,2023-08-01
1410,2023-07-28 13:56:00,19600.0,19575.25,7414300,8591300,97.5,102.05,315850,452150,0.479992,-0.517191,0.00207568,0.00183424,9.294926,10.521856,2023-08-01
6672,2023-07-28 13:56:00,19650.0,19575.25,5376400,2572500,74.75,129.45,257100,138700,0.37912,-0.606373,0.00196853,0.00175316,9.359197,10.624661,2023-08-01
11929,2023-07-28 13:56:00,19700.0,19575.25,10434500,3957600,56.2,160.55,251550,139900,0.287602,-0.688345,0.00174947,0.00159434,9.437368,10.739551,2023-08-01
17186,2023-07-28 13:56:00,19750.0,19575.25,6707400,838900,41.3,196.0,121200,23300,0.209265,-0.757864,0.0014649,0.00137847,9.506843,10.972873,2023-08-01
22440,2023-07-28 13:56:00,19800.0,19575.25,12151650,3660550,30.55,235.0,142950,34150,0.148999,-0.813422,0.00115983,0.00114939,9.690799,11.304668,2023-08-01
27692,2023-07-28 13:56:00,19850.0,19575.25,3747350,501450,22.4,275.0,52350,5950,0.103459,-0.861164,0.00088134,0.00093395,9.883768,11.474425,2023-08-01
25068,2023-07-28 13:57:00,19350.0,19580.25,36950,1654800,269.4,22.3,50,50850,0.943746,-0.128254,0.00072937,0.00096279,7.516478,10.538249,2023-08-01
19815,2023-07-28 13:57:00,19400.0,19580.25,637000,4548000,234.3,30.9,15000,121850,0.851089,-0.18113,0.00123152,0.0012218,9.121531,10.43846,2023-08-01
14559,2023-07-28 13:57:00,19450.0,19580.25,219250,3515900,194.9,41.75,9900,71650,0.780107,-0.246343,0.00156894,0.00148147,9.134164,10.303499,2023-08-01
9302,2023-07-28 13:57:00,19500.0,19580.25,2036000,7232500,159.7,57.0,84650,258800,0.691721,-0.326849,0.00184517,0.00169042,9.234134,10.331851,2023-08-01
4042,2023-07-28 13:57:00,19550.0,19580.25,1365700,2997350,128.4,75.75,80700,239950,0.59315,-0.41559,0.0020148,0.00182302,9.323682,10.35661,2023-08-01
1411,2023-07-28 13:57:00,19600.0,19580.25,7414300,8591300,100.8,98.25,320750,413400,0.49047,-0.508188,0.00206173,0.00185963,9.365352,10.383937,2023-08-01
6673,2023-07-28 13:57:00,19650.0,19580.25,5376400,2572500,77.65,124.6,176950,139550,0.389853,-0.599579,0.00196912,0.00179594,9.432302,10.417642,2023-08-01
11930,2023-07-28 13:57:00,19700.0,19580.25,10434500,3957600,58.3,155.4,264100,116800,0.297077,-0.683768,0.00176926,0.00163611,9.471899,10.529261,2023-08-01
17187,2023-07-28 13:57:00,19750.0,19580.25,6707400,838900,42.75,190.05,123750,23550,0.216752,-0.75663,0.00149428,0.00141824,9.511406,10.692721,2023-08-01
22441,2023-07-28 13:57:00,19800.0,19580.25,12151650,3660550,31.7,228.2,160700,39150,0.154994,-0.8159,0.00118971,0.00117929,9.696523,10.925184,2023-08-01
27693,2023-07-28 13:57:00,19850.0,19580.25,3747350,501450,23.2,269.65,60050,2850,0.107714,-0.860564,0.00090803,0.00095245,9.875348,11.282775,2023-08-01
25069,2023-07-28 13:58:00,19350.0,19583.3,36950,1654800,278.4,22.1,300,73750,0.911891,-0.126362,0.00086567,0.00094861,8.938832,10.584982,2023-08-01
19816,2023-07-28 13:58:00,19400.0,19583.3,637000,4548000,236.3,30.4,14850,116500,0.856943,-0.177821,0.00120934,0.00120555,9.041226,10.456548,2023-08-01
14560,2023-07-28 13:58:00,19450.0,19583.3,219250,3515900,197.7,41.3,8250,71350,0.783354,-0.242723,0.00154506,0.00146352,9.195563,10.346288,2023-08-01
9303,2023-07-28 13:58:00,19500.0,19583.3,2036000,7232500,162.25,56.1,86250,215250,0.696366,-0.32188,0.00182265,0.00167784,9.284986,10.343323,2023-08-01
4043,2023-07-28 13:58:00,19550.0,19583.3,1365700,2997350,130.65,74.7,104100,207150,0.598877,-0.410182,0.00199864,0.00181418,9.364727,10.374573,2023-08-01
1412,2023-07-28 13:58:00,19600.0,19583.3,7414300,8591300,102.55,97.0,421400,376450,0.496765,-0.502507,0.00205879,0.00185621,9.380422,10.404303,2023-08-01
6674,2023-07-28 13:58:00,19650.0,19583.3,5376400,2572500,79.05,123.4,204250,102400,0.39592,-0.593657,0.00197628,0.00179419,9.437899,10.466157,2023-08-01
11931,2023-07-28 13:58:00,19700.0,19583.3,10434500,3957600,59.65,153.85,260350,111300,0.302985,-0.678184,0.00178003,0.00164231,9.498214,10.566193,2023-08-01
17188,2023-07-28 13:58:00,19750.0,19583.3,6707400,838900,43.9,187.7,128050,22950,0.222081,-0.75287,0.00151015,0.00143356,9.543049,10.665258,2023-08-01
22442,2023-07-28 13:58:00,19800.0,19583.3,12151650,3660550,32.5,226.05,144500,29300,0.158993,-0.811958,0.00120792,0.00119308,9.711103,10.940891,2023-08-01
27694,2023-07-28 13:58:00,19850.0,19583.3,3747350,501450,23.8,267.45,57350,5100,0.110733,-0.857016,0.0009252,0.00096618,9.885782,11.312739,2023-08-01
25070,2023-07-28 13:59:00,19350.0,19588.05,36850,1649350,280.0,21.5,1200,109850,0.929289,-0.122406,0.00078205,0.00092557,8.374886,10.608208,2023-08-01
19817,2023-07-28 13:59:00,19400.0,19588.05,637650,4537600,239.5,29.6,24800,130550,0.86582,-0.172653,0.00117317,0.00118046,8.920532,10.479245,2023-08-01
14561,2023-07-28 13:59:00,19450.0,19588.05,218350,3522950,200.2,40.3,13050,148150,0.794428,-0.236396,0.00152288,0.00143848,9.045534,10.37405,2023-08-01
9304,2023-07-28 13:59:00,19500.0,19588.05,2038600,7224550,164.05,54.75,108900,357100,0.708385,-0.314279,0.00182255,0.00165742,9.114446,10.364052,2023-08-01
4044,2023-07-28 13:59:00,19550.0,19588.05,1384350,3031750,132.1,73.1,114800,246650,0.610032,-0.401839,0.00201594,0.00179965,9.211927,10.403329,2023-08-01
1413,2023-07-28 13:59:00,19600.0,19588.05,7506150,8573150,104.15,94.95,466600,565550,0.506564,-0.493699,0.00207869,0.00185244,9.28821,10.422759,2023-08-01
6675,2023-07-28 13:59:00,19650.0,19588.05,5361650,2557150,80.3,121.0,224150,132200,0.404414,-0.584964,0.00200564,0.00179967,9.350109,10.485418,2023-08-01
11932,2023-07-28 13:59:00,19700.0,19588.05,10431550,3919300,60.45,150.95,300600,156300,0.309602,-0.670306,0.00181579,0.00165777,9.398987,10.56992,2023-08-01
17189,2023-07-28 13:59:00,19750.0,19588.05,6679100,831450,44.5,184.9,164200,31250,0.227108,-0.745019,0.00154394,0.00145041,9.451981,10.715585,2023-08-01
22443,2023-07-28 13:59:00,19800.0,19588.05,12150200,3649150,32.95,223.6,198700,31400,0.162656,-0.803419,0.0012365,0.00121131,9.627305,11.071162,2023-08-01
27695,2023-07-28 13:59:00,19850.0,19588.05,3754150,499900,24.05,264.5,96300,5350,0.113016,-0.850096,0.0009473,0.00098781,9.795553,11.419966,2023-08-01
25071,2023-07-28 14:00:00,19350.0,19586.8,36850,1649350,278.25,22.05,2350,55000,0.931697,-0.12487,0.00077474,0.00093344,8.232565,10.668192,2023-08-01
19818,2023-07-28 14:00:00,19400.0,19586.8,637650,4537600,236.85,30.4,12200,95350,0.871394,-0.17588,0.00117379,0.00118579,8.659664,10.557211,2023-08-01
14562,2023-07-28 14:00:00,19450.0,19586.8,218350,3522950,196.75,40.95,10850,82850,0.80113,-0.239041,0.00154955,0.00144179,8.716567,10.415192,2023-08-01
9305,2023-07-28 14:00:00,19500.0,19586.8,2038600,7224550,162.3,55.9,74950,286500,0.708123,-0.317669,0.00184359,0.00165199,9.015552,10.447276,2023-08-01
4045,2023-07-28 14:00:00,19550.0,19586.8,1384350,3031750,130.5,74.3,112450,225850,0.608455,-0.404717,0.00203734,0.00179055,9.126926,10.476847,2023-08-01
1414,2023-07-28 14:00:00,19600.0,19586.8,7506150,8573150,102.8,96.3,447650,466050,0.503961,-0.496016,0.00209429,0.00183931,9.221187,10.499501,2023-08-01
6676,2023-07-28 14:00:00,19650.0,19586.8,5361650,2557150,79.25,122.85,242750,114450,0.401382,-0.586225,0.00201238,0.00177875,9.30227,10.602881,2023-08-01
11933,2023-07-28 14:00:00,19700.0,19586.8,10431550,3919300,59.55,153.0,363750,166300,0.306445,-0.670334,0.00181664,0.00163733,9.35384,10.703089,2023-08-01
17190,2023-07-28 14:00:00,19750.0,19586.8,6679100,831450,43.8,188.05,133400,15450,0.224252,-0.741799,0.00153922,0.0014262,9.414734,10.970549,2023-08-01
22444,2023-07-28 14:00:00,19800.0,19586.8,12150200,3649150,32.35,225.35,130450,28350,0.160086,-0.802777,0.00122895,0.00120293,9.58779,11.172019,2023-08-01
27696,2023-07-28 14:00:00,19850.0,19586.8,3754150,499900,23.65,267.6,72550,3150,0.111195,-0.845321,0.00093899,0.00098417,9.769591,11.70495,2023-08-01
25072,2023-07-28 14:01:00,19350.0,19586.65,36850,1649350,277.95,21.85,1300,69750,0.932478,-0.124188,0.00077146,0.00093316,8.195302,10.631633,2023-08-01
19819,2023-07-28 14:01:00,19400.0,19586.65,637650,4537600,238.1,30.05,11450,89450,0.865127,-0.174842,0.00118219,0.00118742,8.885956,10.504194,2023-08-01
14563,2023-07-28 14:01:00,19450.0,19586.65,218350,3522950,198.95,40.75,8650,63900,0.792835,-0.238642,0.00153364,0.00144461,9.025422,10.38635,2023-08-01
9306,2023-07-28 14:01:00,19500.0,19586.65,2038600,7224550,163.9,55.45,59200,211050,0.703933,-0.317041,0.00181663,0.00165943,9.210717,10.392706,2023-08-01
4046,2023-07-28 14:01:00,19550.0,19586.65,1384350,3031750,131.7,73.95,90950,183750,0.606667,-0.404627,0.00201033,0.00179777,9.262175,10.435171,2023-08-01
1415,2023-07-28 14:01:00,19600.0,19586.65,7506150,8573150,103.65,95.85,309900,356550,0.503644,-0.4963,0.00207348,0.00184854,9.314655,10.4481,2023-08-01
6677,2023-07-28 14:01:00,19650.0,19586.65,5361650,2557150,79.8,121.8,205700,85150,0.401739,-0.587464,0.00199959,0.00179676,9.364774,10.490262,2023-08-01
11934,2023-07-28 14:01:00,19700.0,19586.65,10431550,3919300,60.0,152.1,207900,104850,0.307189,-0.67218,0.00180836,0.00164957,9.407579,10.600628,2023-08-01
17191,2023-07-28 14:01:00,19750.0,19586.65,6679100,831450,44.2,186.55,120600,11100,0.225256,-0.745525,0.00153484,0.00143879,9.466427,10.793524,2023-08-01
22445,2023-07-28 14:01:00,19800.0,19586.65,12150200,3649150,32.8,224.05,223900,110350,0.161495,-0.806687,0.00122796,0.00120697,9.651443,11.000994,2023-08-01
27697,2023-07-28 14:01:00,19850.0,19586.65,3754150,499900,23.9,265.95,44350,4650,0.112049,-0.850492,0.00094013,0.00098216,9.812231,11.468171,2023-08-01
25073,2023-07-28 14:02:00,19350.0,19585.9,36400,1646650,278.0,21.95,200,64200,0.927889,-0.124823,0.0007952,0.0009368,8.364329,10.629411,2023-08-01
19820,2023-07-28 14:02:00,19400.0,19585.9,624200,4601200,237.05,30.3,10350,133750,0.866058,-0.176042,0.00118569,0.0011911,8.818782,10.51856,2023-08-01
14564,2023-07-28 14:02:00,19450.0,19585.9,220550,3544600,197.05,41.15,3050,59150,0.796181,-0.24025,0.00154883,0.00144649,8.852033,10.412248,2023-08-01
9307,2023-07-28 14:02:00,19500.0,19585.9,2021400,7249900,162.55,56.1,43500,159900,0.704424,-0.318994,0.00183401,0.00165669,9.117606,10.438168,2023-08-01
4047,2023-07-28 14:02:00,19550.0,19585.9,1359400,3048400,130.8,74.7,68900,150550,0.60564,-0.406369,0.00202175,0.00179182,9.217607,10.482356,2023-08-01
1416,2023-07-28 14:02:00,19600.0,19585.9,7508600,8608350,102.8,96.9,211400,263150,0.502075,-0.497677,0.00208365,0.00183652,9.270603,10.51808,2023-08-01
6678,2023-07-28 14:02:00,19650.0,19585.9,5363500,2546450,79.15,123.1,113000,64950,0.399894,-0.588048,0.00200399,0.00178119,9.334193,10.579795,2023-08-01
11935,2023-07-28 14:02:00,19700.0,19585.9,10400050,3880650,59.5,153.6,151350,55700,0.305374,-0.671757,0.00180823,0.00163398,9.384798,10.708664,2023-08-01
17192,2023-07-28 14:02:00,19750.0,19585.9,6674400,826450,43.75,187.55,111450,10800,0.223458,-0.745536,0.00153222,0.00143169,9.440736,10.848131,2023-08-01
22446,2023-07-28 14:02:00,19800.0,19585.9,12128050,3614150,32.35,226.15,194500,44150,0.159657,-0.803534,0.00122344,0.00119854,9.616159,11.189315,2023-08-01
27698,2023-07-28 14:02:00,19850.0,19585.9,3755900,496350,23.65,267.25,33600,750,0.11092,-0.849205,0.00093507,0.00097968,9.795276,11.564538,2023-08-01
25074,2023-07-28 14:03:00,19350.0,19580.15,36400,1646650,276.4,22.05,600,67300,0.905389,-0.127335,0.00089727,0.00096219,9.096938,10.497667,2023-08-01
19821,2023-07-28 14:03:00,19400.0,19580.15,624200,4601200,235.6,30.5,5550,102000,0.845463,-0.179883,0.00123367,0.00122366,9.337652,10.382933,2023-08-01
14565,2023-07-28 14:03:00,19450.0,19580.15,220550,3544600,196.0,41.25,9100,82350,0.776248,-0.245134,0.00155891,0.00148716,9.289548,10.24232,2023-08-01
9308,2023-07-28 14:03:00,19500.0,19580.15,2021400,7249900,161.25,56.35,103650,211500,0.688184,-0.325854,0.00181873,0.00170106,9.419942,10.259803,2023-08-01
4048,2023-07-28 14:03:00,19550.0,19580.15,1359400,3048400,129.75,75.05,72850,244200,0.59158,-0.415198,0.00198581,0.00183656,9.473646,10.28341,2023-08-01
1417,2023-07-28 14:03:00,19600.0,19580.15,7508600,8608350,102.15,97.3,285550,360300,0.490435,-0.508527,0.00203156,0.00187806,9.509298,10.287149,2023-08-01
6679,2023-07-28 14:03:00,19650.0,19580.15,5363500,2546450,78.6,123.5,155300,101400,0.390786,-0.60096,0.00194996,0.00181502,9.53639,10.304122,2023-08-01
11936,2023-07-28 14:03:00,19700.0,19580.15,10400050,3880650,59.0,153.95,182100,97250,0.298395,-0.686664,0.00175853,0.00165508,9.553914,10.373074,2023-08-01
17193,2023-07-28 14:03:00,19750.0,19580.15,6674400,826450,43.35,188.5,109150,18800,0.21834,-0.760698,0.00148929,0.00143022,9.588507,10.512006,2023-08-01
22447,2023-07-28 14:03:00,19800.0,19580.15,12128050,3614150,32.05,226.45,180050,66750,0.156067,-0.82124,0.00118925,0.00118283,9.749633,10.699113,2023-08-01
27699,2023-07-28 14:03:00,19850.0,19580.15,3755900,496350,23.5,268.2,67250,3200,0.108728,-0.865412,0.00090978,0.00094804,9.928211,11.070088,2023-08-01
25075,2023-07-28 14:04:00,19350.0,19581.35,36400,1646650,275.7,21.8,50,36950,0.914929,-0.125951,0.00086227,0.0009558,8.747202,10.488041,2023-08-01
19822,2023-07-28 14:04:00,19400.0,19581.35,624200,4601200,235.75,30.2,4450,52050,0.850207,-0.178239,0.00122494,0.00121747,9.211756,10.375868,2023-08-01
14566,2023-07-28 14:04:00,19450.0,19581.35,220550,3544600,196.0,40.9,4250,50600,0.780957,-0.243254,0.00155953,0.00148161,9.173836,10.238304,2023-08-01
9309,2023-07-28 14:04:00,19500.0,19581.35,2021400,7249900,161.35,55.9,44550,149950,0.691844,-0.323717,0.00182495,0.00169746,9.339894,10.254094,2023-08-01
4049,2023-07-28 14:04:00,19550.0,19581.35,1359400,3048400,129.65,74.6,32400,121750,0.594761,-0.413022,0.0019999,0.00183373,9.388988,10.287056,2023-08-01
1418,2023-07-28 14:04:00,19600.0,19581.35,7508600,8608350,101.95,96.95,148600,270300,0.492771,-0.506256,0.0020495,0.0018742,9.427466,10.309692,2023-08-01
6680,2023-07-28 14:04:00,19650.0,19581.35,5363500,2546450,78.45,123.3,123300,64400,0.392343,-0.598336,0.00196612,0.00180994,9.468804,10.351008,2023-08-01
11937,2023-07-28 14:04:00,19700.0,19581.35,10400050,3880650,58.85,153.75,93800,43400,0.299295,-0.68372,0.00177232,0.0016525,9.492812,10.431162,2023-08-01
17194,2023-07-28 14:04:00,19750.0,19581.35,6674400,826450,43.4,188.15,63550,7250,0.219291,-0.757848,0.00149833,0.00143205,9.554778,10.566677,2023-08-01
22448,2023-07-28 14:04:00,19800.0,19581.35,12128050,3614150,32.05,226.7,72300,18350,0.156592,-0.816596,0.00119622,0.00118607,9.714492,10.842993,2023-08-01
27700,2023-07-28 14:04:00,19850.0,19581.35,3755900,496350,23.5,270.0,27800,650,0.10906,-0.856031,0.00091471,0.00095937,9.89656,11.452935,2023-08-01
25076,2023-07-28 14:05:00,19350.0,19583.35,37300,1656250,278.9,21.85,2300,60700,0.909665,-0.12538,0.00087271,0.00094729,9.038234,10.548521,2023-08-01
19823,2023-07-28 14:05:00,19400.0,19583.35,620200,4620400,236.95,30.15,10900,114100,0.854448,-0.176953,0.00121059,0.00120602,9.14314,10.426394,2023-08-01
14567,2023-07-28 14:05:00,19450.0,19583.35,217150,3564350,197.0,40.85,10100,75850,0.785761,-0.241501,0.00155104,0.0014675,9.106336,10.296143,2023-08-01
9310,2023-07-28 14:05:00,19500.0,19583.35,2011350,7273250,162.1,55.7,55700,244600,0.696819,-0.321115,0.00182548,0.00168353,9.269922,10.304308,2023-08-01
4050,2023-07-28 14:05:00,19550.0,19583.35,1363350,3127550,130.5,74.2,69300,220950,0.599131,-0.409695,0.00200234,0.00182287,9.351431,10.328336,2023-08-01
1419,2023-07-28 14:05:00,19600.0,19583.35,7482800,8707150,102.7,96.65,306250,389300,0.496842,-0.502469,0.0020562,0.00186261,9.397852,10.37474,2023-08-01
6681,2023-07-28 14:05:00,19650.0,19583.35,5392150,2568750,79.0,122.9,247500,101000,0.395896,-0.594066,0.00197791,0.00180248,9.435591,10.421605,2023-08-01
11938,2023-07-28 14:05:00,19700.0,19583.35,10400300,3902350,59.25,153.4,211300,85500,0.302171,-0.678895,0.00178633,0.00164819,9.45893,10.525078,2023-08-01
17195,2023-07-28 14:05:00,19750.0,19583.35,6670900,820150,43.55,186.95,110650,30300,0.221085,-0.754567,0.00151311,0.00143965,9.505636,10.587306,2023-08-01
22449,2023-07-28 14:05:00,19800.0,19583.35,12089700,3596050,32.25,225.5,144350,28150,0.158143,-0.813422,0.00120807,0.00119473,9.681582,10.879615,2023-08-01
27701,2023-07-28 14:05:00,19850.0,19583.35,3729500,499050,23.5,267.2,75300,6350,0.109622,-0.857719,0.00092305,0.00096587,9.843295,11.285417,2023-08-01
25077,2023-07-28 14:06:00,19350.0,19586.3,37300,1656250,282.1,21.35,1500,72300,0.909366,-0.122439,0.00086326,0.00093222,9.159093,10.541719,2023-08-01
19824,2023-07-28 14:06:00,19400.0,19586.3,620200,4620400,240.75,29.4,16650,84750,0.852542,-0.172908,0.00119352,0.00119084,9.354707,10.404862,2023-08-01
14568,2023-07-28 14:06:00,19450.0,19586.3,217150,3564350,201.1,39.85,14200,117950,0.784404,-0.236556,0.00151685,0.00145506,9.345183,10.266775,2023-08-01
9311,2023-07-28 14:06:00,19500.0,19586.3,2011350,7273250,165.3,54.3,89950,249850,0.69967,-0.315361,0.00179226,0.00167861,9.401093,10.25535,2023-08-01
4051,2023-07-28 14:06:00,19550.0,19586.3,1363350,3127550,133.0,72.3,86000,246600,0.604274,-0.403666,0.00198009,0.00182939,9.423488,10.25318,2023-08-01
1420,2023-07-28 14:06:00,19600.0,19586.3,7482800,8707150,104.65,94.0,364600,385900,0.502907,-0.496996,0.00204762,0.00188522,9.436662,10.24953,2023-08-01
6682,2023-07-28 14:06:00,19650.0,19586.3,5392150,2568750,80.55,119.75,213550,95850,0.401978,-0.590119,0.00198083,0.00183361,9.459156,10.268298,2023-08-01
11939,2023-07-28 14:06:00,19700.0,19586.3,10400300,3902350,60.8,150.0,243500,124800,0.308383,-0.676654,0.00179301,0.00167887,9.508552,10.361928,2023-08-01
17196,2023-07-28 14:06:00,19750.0,19586.3,6670900,820150,44.7,183.8,114400,20600,0.226354,-0.752925,0.00152804,0.001462,9.539017,10.462107,2023-08-01
22450,2023-07-28 14:06:00,19800.0,19586.3,12089700,3596050,32.9,221.95,133200,37350,0.161626,-0.813631,0.00122574,0.00121239,9.678296,10.712994,2023-08-01
27702,2023-07-28 14:06:00,19850.0,19586.3,3729500,499050,24.0,263.2,53150,5750,0.112273,-0.859882,0.00093922,0.00097569,9.840186,11.055683,2023-08-01
25078,2023-07-28 14:07:00,19350.0,19595.05,37300,1656250,288.0,19.9,550,113850,0.925702,-0.113924,0.00077611,0.00088762,8.767963,10.517412,2023-08-01
19825,2023-07-28 14:07:00,19400.0,19595.05,620200,4620400,248.0,27.45,26150,183950,0.862788,-0.16186,0.00113651,0.0011447,9.353364,10.369586,2023-08-01
14569,2023-07-28 14:07:00,19450.0,19595.05,217150,3564350,207.35,37.2,8450,171150,0.799077,-0.222713,0.00146475,0.00141432,9.280049,10.207897,2023-08-01
9312,2023-07-28 14:07:00,19500.0,19595.05,2011350,7273250,171.2,50.85,138550,391700,0.715691,-0.299447,0.00175129,0.0016528,9.375412,10.177102,2023-08-01
4052,2023-07-28 14:07:00,19550.0,19595.05,1363350,3127550,138.1,68.25,139950,360550,0.621933,-0.387026,0.00196084,0.00182021,9.387199,10.18367,2023-08-01
1421,2023-07-28 14:07:00,19600.0,19595.05,7482800,8707150,109.05,89.25,561850,703000,0.520865,-0.480409,0.00205127,0.00189538,9.403843,10.178941,2023-08-01
6683,2023-07-28 14:07:00,19650.0,19595.05,5392150,2568750,84.15,114.15,322350,169500,0.419033,-0.574688,0.00200831,0.00186409,9.419367,10.180153,2023-08-01
11940,2023-07-28 14:07:00,19700.0,19595.05,10400300,3902350,63.5,143.6,290450,180900,0.323128,-0.66348,0.00184031,0.00172312,9.446886,10.2551,2023-08-01
17197,2023-07-28 14:07:00,19750.0,19595.05,6670900,820150,46.8,176.3,144750,41650,0.238496,-0.743464,0.0015826,0.00151531,9.478332,10.292616,2023-08-01
22451,2023-07-28 14:07:00,19800.0,19595.05,12089700,3596050,34.4,214.45,176150,67400,0.170709,-0.805656,0.00127901,0.00125811,9.60526,10.588947,2023-08-01
27703,2023-07-28 14:07:00,19850.0,19595.05,3729500,499050,25.15,255.0,90200,6850,0.119063,-0.855128,0.00098558,0.00101382,9.773166,10.878839,2023-08-01
25079,2023-07-28 14:08:00,19350.0,19595.85,37300,1655850,289.0,19.7,650,61200,0.924878,-0.112887,0.00077707,0.00088308,8.83155,10.503217,2023-08-01
19826,2023-07-28 14:08:00,19400.0,19595.85,602700,4598050,247.4,27.15,24450,153600,0.868945,-0.160436,0.00112585,0.00114051,9.149199,10.348251,2023-08-01
14570,2023-07-28 14:08:00,19450.0,19595.85,218400,3556300,207.2,37.0,19100,131350,0.802858,-0.221561,0.00146433,0.00141025,9.177406,10.207572,2023-08-01
9313,2023-07-28 14:08:00,19500.0,19595.85,1989500,7229850,171.05,50.75,123350,382850,0.718785,-0.298412,0.00175756,0.00164755,9.293411,10.193955,2023-08-01
4053,2023-07-28 14:08:00,19550.0,19595.85,1315450,3056000,138.25,68.1,168300,325700,0.623958,-0.385737,0.00196531,0.00181561,9.350659,10.200012,2023-08-01
1422,2023-07-28 14:08:00,19600.0,19595.85,7396200,8623350,109.55,89.0,670150,614900,0.522489,-0.478915,0.00204942,0.00189292,9.410647,10.190676,2023-08-01
6684,2023-07-28 14:08:00,19650.0,19595.85,5322400,2552800,84.45,114.15,415250,178700,0.420571,-0.572888,0.00201139,0.00185797,9.412853,10.22288,2023-08-01
11941,2023-07-28 14:08:00,19700.0,19595.85,10410050,3895150,63.7,143.15,417550,170950,0.324398,-0.662057,0.0018454,0.00172535,9.436455,10.259088,2023-08-01
17198,2023-07-28 14:08:00,19750.0,19595.85,6665350,815100,46.95,176.55,206400,24650,0.239502,-0.740467,0.00158802,0.00151167,9.468152,10.380231,2023-08-01
22452,2023-07-28 14:08:00,19800.0,19595.85,12086050,3583900,34.5,214.15,260900,49300,0.171425,-0.803873,0.00128399,0.00126097,9.594038,10.624248,2023-08-01
27704,2023-07-28 14:08:00,19850.0,19595.85,3775600,498200,25.15,255.0,120800,6550,0.119311,-0.852424,0.00098924,0.00101851,9.751762,10.964517,2023-08-01
25080,2023-07-28 14:09:00,19350.0,19593.6,36000,1655850,287.75,19.85,300,53550,0.91931,-0.114209,0.00080551,0.00089317,8.996577,10.473184,2023-08-01
19827,2023-07-28 14:09:00,19400.0,19593.6,602700,4598050,248.0,27.35,12950,67950,0.85632,-0.162245,0.00114929,0.00115274,9.545518,10.315756,2023-08-01
14571,2023-07-28 14:09:00,19450.0,19593.6,218400,3556300,207.15,37.05,10300,72000,0.7939,-0.223361,0.00146785,0.00142576,9.404324,10.145248,2023-08-01
9314,2023-07-28 14:09:00,19500.0,19593.6,1989500,7229850,171.1,50.85,74000,245250,0.711028,-0.300962,0.00174524,0.00166506,9.483117,10.127739,2023-08-01
4054,2023-07-28 14:09:00,19550.0,19593.6,1315450,3056000,138.3,68.0,115050,203100,0.617708,-0.388815,0.00194352,0.00183796,9.505292,10.101236,2023-08-01
1423,2023-07-28 14:09:00,19600.0,19593.6,7396200,8623350,109.4,88.75,377350,431800,0.517714,-0.483021,0.00202758,0.00191811,9.519678,10.063784,2023-08-01
6685,2023-07-28 14:09:00,19650.0,19593.6,5322400,2552800,84.25,113.85,238800,129500,0.416814,-0.578262,0.00198986,0.00188089,9.497841,10.073942,2023-08-01
11942,2023-07-28 14:09:00,19700.0,19593.6,10410050,3895150,63.6,143.0,220250,114100,0.32167,-0.66842,0.00182392,0.00173938,9.516265,10.102729,2023-08-01
17199,2023-07-28 14:09:00,19750.0,19593.6,6665350,815100,46.7,176.6,147950,18550,0.237112,-0.747286,0.00157127,0.0015149,9.518578,10.217306,2023-08-01
22453,2023-07-28 14:09:00,19800.0,19593.6,12086050,3583900,34.5,213.2,164350,36100,0.170295,-0.814081,0.0012696,0.00125834,9.663769,10.305107,2023-08-01
27705,2023-07-28 14:09:00,19850.0,19593.6,3775600,498200,25.15,254.35,100400,1800,0.118591,-0.862224,0.00097893,0.0010029,9.814454,10.631752,2023-08-01
25081,2023-07-28 14:10:00,19350.0,19591.4,36000,1655850,287.0,20.15,400,43750,0.911762,-0.116097,0.00083845,0.00090411,9.244776,10.469967,2023-08-01
19828,2023-07-28 14:10:00,19400.0,19591.4,602700,4598050,246.05,27.75,11050,114150,0.85427,-0.164721,0.00116285,0.00116463,9.526496,10.313343,2023-08-01
14572,2023-07-28 14:10:00,19450.0,19591.4,218400,3556300,206.45,37.75,6650,72850,0.787502,-0.226952,0.00147427,0.00143603,9.535268,10.166119,2023-08-01
9315,2023-07-28 14:10:00,19500.0,19591.4,1989500,7229850,169.95,51.6,50200,313450,0.706305,-0.304765,0.00175041,0.00167343,9.528814,10.135865,2023-08-01
4055,2023-07-28 14:10:00,19550.0,19591.4,1315450,3056000,137.1,69.05,81200,244900,0.613216,-0.393082,0.00194672,0.00183993,9.524369,10.12348,2023-08-01
1424,2023-07-28 14:10:00,19600.0,19591.4,7396200,8623350,108.4,90.3,314150,458500,0.513228,-0.487292,0.00202453,0.00190892,9.540056,10.118293,2023-08-01
6686,2023-07-28 14:10:00,19650.0,19591.4,5322400,2552800,83.6,115.0,170350,139950,0.412779,-0.58243,0.0019781,0.00187769,9.534932,10.071306,2023-08-01
11943,2023-07-28 14:10:00,19700.0,19591.4,10410050,3895150,62.8,144.7,235400,105850,0.31773,-0.671657,0.00181403,0.00172661,9.520759,10.139535,2023-08-01
17200,2023-07-28 14:10:00,19750.0,19591.4,6665350,815100,46.35,177.9,118200,19100,0.234519,-0.751106,0.00155605,0.00150631,9.555532,10.195051,2023-08-01
22454,2023-07-28 14:10:00,19800.0,19591.4,12086050,3583900,34.2,214.9,107400,30950,0.168244,-0.816683,0.00125614,0.0012467,9.693537,10.312633,2023-08-01
27706,2023-07-28 14:10:00,19850.0,19591.4,3775600,498200,24.85,256.25,48850,3900,0.116829,-0.863959,0.00096716,0.00099247,9.831146,10.65295,2023-08-01
25082,2023-07-28 14:11:00,19350.0,19591.3,36000,1645800,287.0,20.65,0,32950,0.911694,-0.118015,0.00083901,0.00090749,9.244776,10.553667,2023-08-01
19829,2023-07-28 14:11:00,19400.0,19591.3,597100,4605750,244.0,28.45,6650,67500,0.862004,-0.167101,0.00115821,0.00116442,9.218766,10.41224,2023-08-01
14573,2023-07-28 14:11:00,19450.0,19591.3,219400,3564750,204.15,38.55,10600,84000,0.794467,-0.229203,0.00149107,0.00143041,9.245392,10.263834,2023-08-01
9316,2023-07-28 14:11:00,19500.0,19591.3,1980500,7380300,168.1,52.65,59750,230200,0.710106,-0.306879,0.00177773,0.00165996,9.326438,10.250365,2023-08-01
4056,2023-07-28 14:11:00,19550.0,19591.3,1286050,3170400,135.25,70.4,78750,150350,0.615137,-0.394593,0.00198276,0.00181755,9.338454,10.25995,2023-08-01
1425,2023-07-28 14:11:00,19600.0,19591.3,7346900,8860250,106.45,91.6,272350,282650,0.513204,-0.487587,0.00206556,0.00188573,9.351415,10.243884,2023-08-01
6687,2023-07-28 14:11:00,19650.0,19591.3,5318650,2605800,82.1,117.0,195050,83750,0.411186,-0.581006,0.00200689,0.00184365,9.39043,10.265891,2023-08-01
11944,2023-07-28 14:11:00,19700.0,19591.3,10390500,3922250,61.8,146.6,170600,81900,0.315705,-0.668803,0.00182841,0.00170079,9.42112,10.330218,2023-08-01
17201,2023-07-28 14:11:00,19750.0,19591.3,6620800,817900,45.6,180.5,150150,16650,0.232417,-0.745366,0.00156168,0.00148368,9.474503,10.476833,2023-08-01
22455,2023-07-28 14:11:00,19800.0,19591.3,12060550,3579200,33.6,217.25,121450,25350,0.166246,-0.810333,0.00125609,0.00123964,9.62045,10.593373,2023-08-01
27707,2023-07-28 14:11:00,19850.0,19591.3,3781500,500100,24.5,258.9,43850,3850,0.115539,-0.856095,0.00096443,0.00099785,9.782389,11.008938,2023-08-01
25083,2023-07-28 14:12:00,19350.0,19587.15,35900,1645800,282.5,20.9,1250,38750,0.911675,-0.120413,0.00085309,0.00092626,9.096434,10.490793,2023-08-01
19830,2023-07-28 14:12:00,19400.0,19587.15,597100,4605750,242.95,28.8,6550,89200,0.84772,-0.170448,0.00119007,0.00118721,9.58985,10.346413,2023-08-01
14574,2023-07-28 14:12:00,19450.0,19587.15,219400,3564750,202.95,38.95,9500,86150,0.78193,-0.233473,0.00150191,0.00145687,9.505124,10.184755,2023-08-01
9317,2023-07-28 14:12:00,19500.0,19587.15,1980500,7380300,167.0,53.25,75550,255000,0.698794,-0.312491,0.0017709,0.00168659,9.531476,10.171666,2023-08-01
4057,2023-07-28 14:12:00,19550.0,19587.15,1286050,3170400,135.2,70.8,93850,208850,0.604125,-0.401025,0.00194436,0.00184841,9.602127,10.135298,2023-08-01
1426,2023-07-28 14:12:00,19600.0,19587.15,7346900,8860250,105.95,92.25,327600,452350,0.504612,-0.495417,0.00202941,0.00191072,9.52544,10.117155,2023-08-01
6688,2023-07-28 14:12:00,19650.0,19587.15,5318650,2605800,81.65,117.95,202100,113800,0.404367,-0.589817,0.00196895,0.00185858,9.535113,10.136909,2023-08-01
11945,2023-07-28 14:12:00,19700.0,19587.15,10390500,3922250,61.5,147.7,169600,113300,0.310623,-0.678332,0.00179115,0.00170608,9.553001,10.179476,2023-08-01
17202,2023-07-28 14:12:00,19750.0,19587.15,6620800,817900,45.45,181.45,150300,22200,0.22897,-0.755972,0.0015289,0.00148071,9.60002,10.266119,2023-08-01
22456,2023-07-28 14:12:00,19800.0,19587.15,12060550,3579200,33.5,218.9,128350,44200,0.163936,-0.819584,0.00123057,0.00122268,9.734269,10.414844,2023-08-01
27708,2023-07-28 14:12:00,19850.0,19587.15,3781500,500100,24.35,260.4,61700,6850,0.11374,-0.865757,0.00094517,0.00097402,9.873888,10.760302,2023-08-01
25084,2023-07-28 14:13:00,19350.0,19594.6,35900,1645800,289.4,20.25,1950,38350,0.916401,-0.115363,0.00081272,0.00089163,9.160501,10.569736,2023-08-01
19831,2023-07-28 14:13:00,19400.0,19594.6,597100,4605750,248.0,27.85,6500,88200,0.860713,-0.163393,0.00114079,0.00114696,9.419159,10.418404,2023-08-01
14575,2023-07-28 14:13:00,19450.0,19594.6,219400,3564750,207.4,37.6,7900,88800,0.797053,-0.224122,0.0014651,0.00141469,9.338651,10.247471,2023-08-01
9318,2023-07-28 14:13:00,19500.0,19594.6,1980500,7380300,171.4,51.55,55500,184650,0.713675,-0.301274,0.0017461,0.00164756,9.440068,10.243063,2023-08-01
4058,2023-07-28 14:13:00,19550.0,19594.6,1286050,3170400,138.65,68.75,88400,194950,0.619977,-0.388197,0.0019459,0.0018162,9.479337,10.22057,2023-08-01
1427,2023-07-28 14:13:00,19600.0,19594.6,7346900,8860250,109.5,89.8,385900,371600,0.519796,-0.481334,0.00203659,0.00188974,9.477999,10.215924,2023-08-01
6689,2023-07-28 14:13:00,19650.0,19594.6,5318650,2605800,84.5,114.8,199500,89150,0.418593,-0.575261,0.0019962,0.00185669,9.479392,10.223362,2023-08-01
11946,2023-07-28 14:13:00,19700.0,19594.6,10390500,3922250,63.75,144.05,188050,88950,0.323042,-0.664048,0.00183179,0.0017195,9.494876,10.275421,2023-08-01
17203,2023-07-28 14:13:00,19750.0,19594.6,6620800,817900,47.0,177.05,105400,14850,0.238639,-0.743218,0.00157696,0.0015094,9.520507,10.343632,2023-08-01
22457,2023-07-28 14:13:00,19800.0,19594.6,12060550,3579200,34.6,214.8,131750,43400,0.171085,-0.806277,0.00127576,0.00125588,9.648448,10.592768,2023-08-01
27709,2023-07-28 14:13:00,19850.0,19594.6,3781500,500100,25.15,255.15,38050,4700,0.11888,-0.856321,0.00098339,0.0010112,9.789552,10.852179,2023-08-01
25085,2023-07-28 14:14:00,19350.0,19597.45,36650,1656150,294.0,19.7,1200,68950,0.909135,-0.112319,0.00082682,0.00087667,9.582014,10.546489,2023-08-01
19832,2023-07-28 14:14:00,19400.0,19597.45,592250,4605250,249.9,27.05,26700,113250,0.865874,-0.15926,0.00112067,0.00113198,9.343341,10.38066,2023-08-01
14576,2023-07-28 14:14:00,19450.0,19597.45,220900,3582300,210.0,36.65,21400,92900,0.799925,-0.219377,0.00144451,0.00140187,9.390647,10.214876,2023-08-01
9319,2023-07-28 14:14:00,19500.0,19597.45,1967400,7397950,173.85,50.1,117650,351450,0.717612,-0.295434,0.00172517,0.00164323,9.49099,10.178374,2023-08-01
4059,2023-07-28 14:14:00,19550.0,19597.45,1299000,3230750,140.15,67.3,147550,258650,0.625896,-0.382612,0.00194259,0.00181522,9.448709,10.182023,2023-08-01
1428,2023-07-28 14:14:00,19600.0,19597.45,7403100,8828850,111.05,87.7,633500,522800,0.525597,-0.475797,0.00203499,0.0019032,9.477027,10.135477,2023-08-01
6690,2023-07-28 14:14:00,19650.0,19597.45,5312350,2629100,85.8,112.6,297050,145350,0.424259,-0.570467,0.00200231,0.00187324,9.477086,10.155215,2023-08-01
11947,2023-07-28 14:14:00,19700.0,19597.45,10359350,3909550,64.75,141.4,420750,138600,0.328096,-0.660586,0.00184519,0.00174229,9.485357,10.180757,2023-08-01
17204,2023-07-28 14:14:00,19750.0,19597.45,6567800,816750,47.65,174.3,172000,28200,0.242543,-0.74078,0.0015951,0.00153009,9.495134,10.253306,2023-08-01
22458,2023-07-28 14:14:00,19800.0,19597.45,12033350,3573700,34.95,211.85,215050,52200,0.173637,-0.805042,0.00129353,0.00127305,9.605628,10.489844,2023-08-01
27710,2023-07-28 14:14:00,19850.0,19597.45,3765950,502650,25.45,251.45,119100,3750,0.120857,-0.857948,0.0009983,0.00102211,9.755545,10.653371,2023-08-01
25086,2023-07-28 14:15:00,19350.0,19597.6,36650,1656150,294.9,19.5,1700,83300,0.905867,-0.111499,0.00083561,0.00087472,9.733058,10.515687,2023-08-01
19833,2023-07-28 14:15:00,19400.0,19597.6,592250,4605250,253.05,26.75,28200,129650,0.854174,-0.158156,0.00112855,0.00113124,9.821536,10.340997,2023-08-01
14577,2023-07-28 14:15:00,19450.0,19597.6,220900,3582300,213.1,36.3,22000,124100,0.790643,-0.218272,0.00142431,0.00140336,9.784989,10.175248,2023-08-01
9320,2023-07-28 14:15:00,19500.0,19597.6,1967400,7397950,175.55,49.45,131900,322300,0.714222,-0.29395,0.0017021,0.00165059,9.675495,10.110252,2023-08-01
4060,2023-07-28 14:15:00,19550.0,19597.6,1299000,3230750,142.0,66.5,185200,321650,0.623918,-0.381492,0.00190852,0.00182764,9.634127,10.104713,2023-08-01
1429,2023-07-28 14:15:00,19600.0,19597.6,7403100,8828850,112.6,86.8,675750,596200,0.525563,-0.475348,0.00200392,0.00191892,9.624763,10.052562,2023-08-01
6691,2023-07-28 14:15:00,19650.0,19597.6,5312350,2629100,86.85,111.1,346050,180550,0.425354,-0.571234,0.00198296,0.00189912,9.575392,10.014116,2023-08-01
11948,2023-07-28 14:15:00,19700.0,19597.6,10359350,3909550,65.65,139.95,500050,226650,0.329861,-0.662498,0.00183237,0.0017628,9.573096,10.041205,2023-08-01
17205,2023-07-28 14:15:00,19750.0,19597.6,6567800,816750,48.15,171.85,175650,31650,0.243954,-0.74605,0.00159161,0.00155317,9.546589,9.994217,2023-08-01
22459,2023-07-28 14:15:00,19800.0,19597.6,12033350,3573700,35.55,209.1,189300,50000,0.175615,-0.812379,0.00129334,0.00128291,9.677175,10.168066,2023-08-01
27711,2023-07-28 14:15:00,19850.0,19597.6,3765950,502650,25.75,248.75,124650,6450,0.121965,-0.866119,0.00100067,0.00101589,9.795893,10.294903,2023-08-01
25087,2023-07-28 14:16:00,19350.0,19597.3,36650,1656150,293.9,19.65,650,37200,0.908848,-0.112165,0.00082815,0.00087693,9.590649,10.534986,2023-08-01
19834,2023-07-28 14:16:00,19400.0,19597.3,592250,4605250,252.0,26.8,8200,77450,0.85687,-0.158469,0.00112873,0.00113287,9.698213,10.340617,2023-08-01
14578,2023-07-28 14:16:00,19450.0,19597.3,220900,3582300,210.9,36.4,5150,89200,0.796382,-0.218768,0.00143906,0.00140477,9.527477,10.179331,2023-08-01
9321,2023-07-28 14:16:00,19500.0,19597.3,1967400,7397950,175.05,49.85,67450,214450,0.714354,-0.295074,0.00170759,0.00164787,9.643204,10.145779,2023-08-01
4061,2023-07-28 14:16:00,19550.0,19597.3,1299000,3230750,141.95,66.7,67250,156850,0.623165,-0.382141,0.00190685,0.00182703,9.649566,10.114311,2023-08-01
1430,2023-07-28 14:16:00,19600.0,19597.3,7403100,8828850,111.85,87.05,338650,340150,0.525085,-0.47595,0.00201638,0.00191702,9.566965,10.064467,2023-08-01
6692,2023-07-28 14:16:00,19650.0,19597.3,5312350,2629100,86.6,111.3,178350,86400,0.424665,-0.571781,0.00198461,0.00189798,9.565239,10.018607,2023-08-01
11949,2023-07-28 14:16:00,19700.0,19597.3,10359350,3909550,65.3,140.05,237850,109850,0.328892,-0.663171,0.00183489,0.00176303,9.549657,10.033119,2023-08-01
17206,2023-07-28 14:16:00,19750.0,19597.3,6567800,816750,48.1,172.8,127400,16150,0.243583,-0.74476,0.00158954,0.00154464,9.552155,10.077112,2023-08-01
22460,2023-07-28 14:16:00,19800.0,19597.3,12033350,3573700,35.35,210.0,141200,33450,0.174821,-0.810816,0.00129178,0.00127914,9.661986,10.251396,2023-08-01
27712,2023-07-28 14:16:00,19850.0,19597.3,3765950,502650,25.6,250.0,58600,2400,0.121328,-0.863139,0.00099841,0.00101743,9.782975,10.436633,2023-08-01
25088,2023-07-28 14:17:00,19350.0,19604.9,36650,1651900,299.8,18.95,850,112650,0.918638,-0.107046,0.00077372,0.00084245,9.426094,10.601264,2023-08-01
19835,2023-07-28 14:17:00,19400.0,19604.9,583600,4598650,255.5,25.85,11250,169150,0.876853,-0.151533,0.00106853,0.0010925,9.234193,10.407268,2023-08-01
14579,2023-07-28 14:17:00,19450.0,19604.9,219100,3597750,215.9,35.1,9750,173100,0.81027,-0.209656,0.00139672,0.00136152,9.402247,10.242786,2023-08-01
9322,2023-07-28 14:17:00,19500.0,19604.9,1966200,7423650,177.8,48.3,118450,296350,0.733745,-0.284213,0.0017041,0.00160551,9.332128,10.228718,2023-08-01
4062,2023-07-28 14:17:00,19550.0,19604.9,1278450,3221700,144.95,64.75,140100,301600,0.640208,-0.369421,0.00191616,0.00179114,9.454873,10.204956,2023-08-01
1431,2023-07-28 14:17:00,19600.0,19604.9,7370450,8945250,114.65,84.85,761100,571400,0.540937,-0.461804,0.00203984,0.00188878,9.422934,10.183504,2023-08-01
6693,2023-07-28 14:17:00,19650.0,19604.9,5321050,2655350,88.55,108.85,383850,164550,0.43867,-0.55641,0.00203118,0.00188085,9.400589,10.170695,2023-08-01
11950,2023-07-28 14:17:00,19700.0,19604.9,10279700,3907600,67.0,137.4,413750,136700,0.340796,-0.646883,0.00188621,0.00175952,9.417412,10.228988,2023-08-01
17207,2023-07-28 14:17:00,19750.0,19604.9,6569400,821100,49.25,168.9,188050,22950,0.252645,-0.730191,0.00164425,0.00156801,9.413173,10.210026,2023-08-01
22461,2023-07-28 14:17:00,19800.0,19604.9,12038600,3582750,36.35,206.5,221200,44200,0.181982,-0.795202,0.0013399,0.00130956,9.550773,10.50261,2023-08-01
27713,2023-07-28 14:17:00,19850.0,19604.9,3750300,500650,26.25,246.0,123900,6300,0.126174,-0.849013,0.00103827,0.00105925,9.665944,10.708197,2023-08-01
25089,2023-07-28 14:18:00,19350.0,19603.7,36650,1651900,296.75,19.2,1850,68550,0.927195,-0.108372,0.00074481,0.00084885,9.000218,10.616615,2023-08-01
19836,2023-07-28 14:18:00,19400.0,19603.7,583600,4598650,253.55,26.35,23500,117150,0.879592,-0.153815,0.00107011,0.00109901,9.07736,10.450214,2023-08-01
14580,2023-07-28 14:18:00,19450.0,19603.7,219100,3597750,213.0,35.85,11600,116600,0.815419,-0.212644,0.00141357,0.00136488,9.13472,10.304228,2023-08-01
9323,2023-07-28 14:18:00,19500.0,19603.7,1966200,7423650,175.4,49.2,105250,275550,0.73565,-0.287284,0.00173165,0.0016041,9.151559,10.291638,2023-08-01
4063,2023-07-28 14:18:00,19550.0,19603.7,1278450,3221700,142.25,65.9,128600,232950,0.640747,-0.372445,0.00195774,0.00178297,9.250636,10.280264,2023-08-01
1432,2023-07-28 14:18:00,19600.0,19603.7,7370450,8945250,112.75,86.15,615800,542500,0.53894,-0.464313,0.00206801,0.00187582,9.300635,10.261366,2023-08-01
6694,2023-07-28 14:18:00,19650.0,19603.7,5321050,2655350,87.0,110.45,444350,159850,0.43553,-0.558082,0.00204987,0.0018621,9.304476,10.268384,2023-08-01
11951,2023-07-28 14:18:00,19700.0,19603.7,10279700,3907600,65.7,139.3,436800,151650,0.337117,-0.647292,0.00189551,0.00173837,9.333545,10.350671,2023-08-01
17208,2023-07-28 14:18:00,19750.0,19603.7,6569400,821100,48.4,171.85,198750,29500,0.24947,-0.727415,0.00164244,0.0015409,9.36209,10.444347,2023-08-01
22462,2023-07-28 14:18:00,19800.0,19603.7,12038600,3582750,35.75,209.0,198950,42700,0.17943,-0.792454,0.00133335,0.0012962,9.514494,10.696557,2023-08-01
27714,2023-07-28 14:18:00,19850.0,19603.7,3750300,500650,25.9,247.1,86300,2750,0.124509,-0.849801,0.00103057,0.00105355,9.649776,10.730259,2023-08-01
25090,2023-07-28 14:19:00,19350.0,19602.55,36650,1651900,296.3,18.9,200,41550,0.923466,-0.107575,0.00076292,0.00085102,9.129322,10.53494,2023-08-01
19837,2023-07-28 14:19:00,19400.0,19602.55,583600,4598650,255.05,26.0,8150,79350,0.867916,-0.153148,0.00109196,0.00110483,9.489929,10.366837,2023-08-01
14581,2023-07-28 14:19:00,19450.0,19602.55,219100,3597750,214.75,35.35,5500,88350,0.804619,-0.211999,0.00140802,0.00137586,9.498356,10.205289,2023-08-01
9324,2023-07-28 14:19:00,19500.0,19602.55,1966200,7423650,177.3,48.5,45150,213550,0.726763,-0.286947,0.00170101,0.00162217,9.473849,10.17286,2023-08-01
4064,2023-07-28 14:19:00,19550.0,19602.55,1278450,3221700,144.0,65.0,59100,177950,0.634893,-0.37289,0.00191392,0.0018083,9.516066,10.141593,2023-08-01
1433,2023-07-28 14:19:00,19600.0,19602.55,7370450,8945250,114.2,85.4,315700,375700,0.535835,-0.46611,0.0020238,0.00190015,9.512148,10.135443,2023-08-01
6695,2023-07-28 14:19:00,19650.0,19602.55,5321050,2655350,88.3,109.65,227800,128500,0.434528,-0.561108,0.00200942,0.00188567,9.489216,10.129802,2023-08-01
11952,2023-07-28 14:19:00,19700.0,19602.55,10279700,3907600,66.9,137.85,264400,113350,0.337785,-0.652444,0.00186311,0.00176653,9.504472,10.13272,2023-08-01
17209,2023-07-28 14:19:00,19750.0,19602.55,6569400,821100,49.05,170.1,202550,22400,0.25019,-0.73472,0.00162548,0.0015612,9.475596,10.170358,2023-08-01
22463,2023-07-28 14:19:00,19800.0,19602.55,12038600,3582750,36.15,207.4,126800,39050,0.180072,-0.800522,0.00132451,0.00130147,9.600844,10.40581,2023-08-01
27715,2023-07-28 14:19:00,19850.0,19602.55,3750300,500650,26.35,248.0,61200,3900,0.12571,-0.851026,0.00102725,0.00104793,9.747478,10.730567,2023-08-01
25091,2023-07-28 14:20:00,19350.0,19608.75,36650,1666500,300.5,18.3,350,38050,0.934902,-0.103343,0.00069744,0.00082293,8.816437,10.580407,2023-08-01
19838,2023-07-28 14:20:00,19400.0,19608.75,575050,4631900,259.45,25.2,11650,98000,0.877997,-0.147474,0.00104817,0.00107222,9.352675,10.414336,2023-08-01
14582,2023-07-28 14:20:00,19450.0,19608.75,217900,3598350,218.7,34.05,12150,161200,0.816423,-0.203938,0.00137305,0.00134219,9.371636,10.222215,2023-08-01
9325,2023-07-28 14:20:00,19500.0,19608.75,1934850,7496000,181.7,46.65,77150,272200,0.737375,-0.276893,0.0016683,0.00159474,9.466577,10.169188,2023-08-01
4065,2023-07-28 14:20:00,19550.0,19608.75,1254400,3261950,147.4,62.85,89750,208350,0.647616,-0.361867,0.00190278,0.00178812,9.452359,10.152524,2023-08-01
1434,2023-07-28 14:20:00,19600.0,19608.75,7332200,9152200,117.0,82.65,470750,444600,0.54869,-0.454337,0.00203144,0.00189465,9.441646,10.132499,2023-08-01
6696,2023-07-28 14:20:00,19650.0,19608.75,5322900,2733600,90.95,106.1,279750,158050,0.446806,-0.549585,0.00202543,0.00189939,9.455842,10.095231,2023-08-01
11953,2023-07-28 14:20:00,19700.0,19608.75,10292450,3977250,68.95,134.2,349850,171750,0.348711,-0.641408,0.0018939,0.00178551,9.460612,10.135583,2023-08-01
17210,2023-07-28 14:20:00,19750.0,19608.75,6545750,835100,50.85,165.8,193950,30000,0.259869,-0.725346,0.00166148,0.00159111,9.454053,10.151751,2023-08-01
22464,2023-07-28 14:20:00,19800.0,19608.75,12039450,3591650,37.3,202.3,163700,36450,0.187056,-0.793965,0.00136342,0.00133547,9.548498,10.336314,2023-08-01
27716,2023-07-28 14:20:00,19850.0,19608.75,3764850,500950,27.1,243.3,87700,2000,0.130512,-0.844058,0.00106138,0.00107819,9.68068,10.748189,2023-08-01
25092,2023-07-28 14:21:00,19350.0,19609.6,36350,1666500,302.25,18.1,1500,126800,0.930526,-0.102305,0.00071478,0.00081812,9.04669,10.565209,2023-08-01
19839,2023-07-28 14:21:00,19400.0,19609.6,575050,4631900,261.25,25.1,31700,285250,0.874381,-0.146733,0.00104941,0.00106781,9.534994,10.422449,2023-08-01
14583,2023-07-28 14:21:00,19450.0,19609.6,217900,3598350,219.0,34.05,24150,497600,0.818906,-0.203367,0.00136896,0.00133663,9.320393,10.248018,2023-08-01
9326,2023-07-28 14:21:00,19500.0,19609.6,1934850,7496000,182.5,46.45,235750,834700,0.738316,-0.275635,0.00166133,0.00159036,9.489218,10.174841,2023-08-01
4066,2023-07-28 14:21:00,19550.0,19609.6,1254400,3261950,148.25,62.7,209100,348500,0.648764,-0.360556,0.00189411,0.00178303,9.484879,10.169322,2023-08-01
1435,2023-07-28 14:21:00,19600.0,19609.6,7332200,9152200,118.0,82.45,839850,767600,0.550159,-0.452801,0.00201933,0.00189064,9.494297,10.149826,2023-08-01
6697,2023-07-28 14:21:00,19650.0,19609.6,5322900,2733600,91.45,106.15,543400,320700,0.448571,-0.547731,0.00202475,0.00189148,9.46498,10.143679,2023-08-01
11954,2023-07-28 14:21:00,19700.0,19609.6,10292450,3977250,69.45,134.05,701450,334750,0.350559,-0.639418,0.00189433,0.0017827,9.477104,10.171456,2023-08-01
17211,2023-07-28 14:21:00,19750.0,19609.6,6545750,835100,51.25,165.45,308700,69900,0.261572,-0.723552,0.00166469,0.00159265,9.468019,10.174934,2023-08-01
22465,2023-07-28 14:21:00,19800.0,19609.6,12039450,3591650,37.75,201.85,310150,81300,0.188919,-0.792396,0.00136772,0.00133896,9.577267,10.356245,2023-08-01
27717,2023-07-28 14:21:00,19850.0,19609.6,3764850,500950,27.45,241.85,143900,7800,0.132039,-0.845552,0.00106712,0.00108192,9.706678,10.643718,2023-08-01
25093,2023-07-28 14:22:00,19350.0,19614.75,36350,1666500,306.85,18.05,1700,121450,0.934393,-0.100601,0.00068459,0.00079914,9.035063,10.682781,2023-08-01
19840,2023-07-28 14:22:00,19400.0,19614.75,575050,4631900,264.1,24.8,34600,188550,0.886155,-0.143394,0.0010064,0.00104195,9.274129,10.515073,2023-08-01
14584,2023-07-28 14:22:00,19450.0,19614.75,217900,3598350,222.95,33.65,30900,683100,0.826453,-0.19881,0.00133559,0.00130557,9.298279,10.348381,2023-08-01
9327,2023-07-28 14:22:00,19500.0,19614.75,1934850,7496000,184.75,45.8,205850,750800,0.750876,-0.269368,0.00165043,0.00155736,9.307853,10.270666,2023-08-01
4067,2023-07-28 14:22:00,19550.0,19614.75,1254400,3261950,150.6,61.7,170950,361950,0.660198,-0.352591,0.00189262,0.00175356,9.374339,10.257508,2023-08-01
1436,2023-07-28 14:22:00,19600.0,19614.75,7332200,9152200,119.9,80.8,984150,884650,0.561182,-0.44337,0.00203413,0.00187399,9.386781,10.206397,2023-08-01
6698,2023-07-28 14:22:00,19650.0,19614.75,5322900,2733600,93.15,104.15,606600,272250,0.45861,-0.537737,0.00204832,0.00188505,9.382107,10.204046,2023-08-01
11955,2023-07-28 14:22:00,19700.0,19614.75,10292450,3977250,70.55,131.85,687300,321650,0.35884,-0.629187,0.0019307,0.00178484,9.374381,10.252766,2023-08-01
17212,2023-07-28 14:22:00,19750.0,19614.75,6545750,835100,52.1,163.15,276800,56050,0.268155,-0.713094,0.00170229,0.00160289,9.374931,10.29076,2023-08-01
22466,2023-07-28 14:22:00,19800.0,19614.75,12039450,3591650,38.45,199.4,334350,68100,0.194042,-0.782158,0.00140159,0.00135756,9.49865,10.503695,2023-08-01
27718,2023-07-28 14:22:00,19850.0,19614.75,3764850,500950,27.8,239.1,154200,10350,0.135159,-0.83626,0.00109515,0.00110717,9.6097,10.804912,2023-08-01
25094,2023-07-28 14:23:00,19350.0,19623.25,36000,1658100,314.4,17.2,1700,94850,0.940901,-0.094933,0.00063382,0.00076221,8.992159,10.73033,2023-08-01
19841,2023-07-28 14:23:00,19400.0,19623.25,567800,4557200,271.7,23.5,37050,170400,0.893224,-0.135204,0.00095547,0.00099863,9.326331,10.537201,2023-08-01
14585,2023-07-28 14:23:00,19450.0,19623.25,224600,2957900,229.5,31.85,22750,151000,0.838738,-0.188049,0.00127957,0.00126067,9.253599,10.355562,2023-08-01
9328,2023-07-28 14:23:00,19500.0,19623.25,1873150,8007500,190.9,43.3,182000,399750,0.765163,-0.25594,0.00160119,0.00151912,9.288351,10.253634,2023-08-01
4068,2023-07-28 14:23:00,19550.0,19623.25,1185200,3077750,156.35,58.35,189650,322800,0.675997,-0.337144,0.00185483,0.00173139,9.382762,10.212754,2023-08-01
1437,2023-07-28 14:23:00,19600.0,19623.25,7258050,9019700,124.5,76.85,1074350,722550,0.578722,-0.42723,0.00202616,0.00186814,9.346555,10.166628,2023-08-01
6699,2023-07-28 14:23:00,19650.0,19623.25,5339000,2810250,97.45,99.5,819350,295850,0.476048,-0.521809,0.00205466,0.00189814,9.383593,10.160526,2023-08-01
11956,2023-07-28 14:23:00,19700.0,19623.25,10200300,3967550,74.1,126.55,743050,219600,0.375323,-0.614434,0.00195948,0.00181364,9.371793,10.208608,2023-08-01
17213,2023-07-28 14:23:00,19750.0,19623.25,6555000,825900,54.8,156.8,321100,64300,0.282347,-0.70101,0.0017494,0.001648,9.353815,10.198981,2023-08-01
22467,2023-07-28 14:23:00,19800.0,19623.25,12018800,3589850,40.45,192.3,407450,65750,0.205269,-0.77316,0.00145475,0.00140524,9.4633,10.380736,2023-08-01
27719,2023-07-28 14:23:00,19850.0,19623.25,3747150,499200,29.3,231.4,160500,9350,0.143696,-0.830215,0.00114589,0.00114941,9.571624,10.650462,2023-08-01
25095,2023-07-28 14:24:00,19350.0,19621.75,36000,1658100,310.55,17.55,1250,70350,0.953207,-0.096692,0.00056841,0.00077051,8.332398,10.760931,2023-08-01
19842,2023-07-28 14:24:00,19400.0,19621.75,567800,4557200,267.55,24.0,14000,127600,0.904944,-0.137594,0.00093097,0.001007,8.795122,10.577382,2023-08-01
14586,2023-07-28 14:24:00,19450.0,19621.75,224600,2957900,226.25,32.65,19600,153600,0.844745,-0.191409,0.00129022,0.00126669,8.952866,10.420957,2023-08-01
9329,2023-07-28 14:24:00,19500.0,19621.75,1873150,8007500,187.9,44.45,156100,445150,0.768341,-0.259981,0.00163028,0.00151863,9.055368,10.342332,2023-08-01
4069,2023-07-28 14:24:00,19550.0,19621.75,1185200,3077750,153.45,60.0,132250,317150,0.676782,-0.341501,0.00189506,0.00171943,9.175886,10.336327,2023-08-01
1438,2023-07-28 14:24:00,19600.0,19621.75,7258050,9019700,122.55,78.75,815100,656750,0.576505,-0.430857,0.0020523,0.0018478,9.239275,10.297229,2023-08-01
6700,2023-07-28 14:24:00,19650.0,19621.75,5339000,2810250,95.3,101.95,666300,241050,0.472502,-0.524185,0.00208417,0.00186643,9.246934,10.331263,2023-08-01
11957,2023-07-28 14:24:00,19700.0,19621.75,10200300,3967550,72.4,128.85,721300,196700,0.370917,-0.615498,0.00197483,0.00178684,9.265491,10.355006,2023-08-01
17214,2023-07-28 14:24:00,19750.0,19621.75,6555000,825900,53.6,159.9,303000,42550,0.278152,-0.699382,0.00175059,0.00161638,9.281397,10.425771,2023-08-01
22468,2023-07-28 14:24:00,19800.0,19621.75,12018800,3589850,39.45,195.3,375900,86650,0.201324,-0.770417,0.00144883,0.00138522,9.394069,10.60387,2023-08-01
27720,2023-07-28 14:24:00,19850.0,19621.75,3747150,499200,28.6,234.95,213250,14950,0.140655,-0.825025,0.00113569,0.00113909,9.520314,10.957155,2023-08-01
25096,2023-07-28 14:25:00,19350.0,19622.15,36000,1658100,312.0,17.5,1250,95900,0.947473,-0.096383,0.00060158,0.00076869,8.634293,10.761711,2023-08-01
19843,2023-07-28 14:25:00,19400.0,19622.15,567800,4557200,271.3,24.0,19950,211500,0.889753,-0.137423,0.00096749,0.00100515,9.426995,10.588478,2023-08-01
14587,2023-07-28 14:25:00,19450.0,19622.15,224600,2957900,229.2,32.5,9900,162900,0.835074,-0.190702,0.00128634,0.00126488,9.342406,10.412826,2023-08-01
9330,2023-07-28 14:25:00,19500.0,19622.15,1873150,8007500,190.75,43.95,119000,361400,0.761443,-0.258444,0.0016008,0.00152084,9.373395,10.296386,2023-08-01
4070,2023-07-28 14:25:00,19550.0,19622.15,1185200,3077750,155.85,59.0,132350,253900,0.673498,-0.339479,0.00185554,0.00173118,9.410853,10.243586,2023-08-01
1439,2023-07-28 14:25:00,19600.0,19622.15,7258050,9019700,124.45,77.7,564700,610650,0.576013,-0.429549,0.00201573,0.00186302,9.409766,10.207788,2023-08-01
6701,2023-07-28 14:25:00,19650.0,19622.15,5339000,2810250,97.1,100.65,488550,226500,0.473845,-0.523742,0.00204949,0.00188661,9.406129,10.222073,2023-08-01
11958,2023-07-28 14:25:00,19700.0,19622.15,10200300,3967550,73.9,127.3,475750,198000,0.373524,-0.616301,0.00195098,0.00180906,9.400483,10.222161,2023-08-01
17215,2023-07-28 14:25:00,19750.0,19622.15,6555000,825900,54.6,157.9,304050,36100,0.280827,-0.702079,0.00174137,0.00163886,9.374665,10.241537,2023-08-01
22469,2023-07-28 14:25:00,19800.0,19622.15,12018800,3589850,40.3,193.0,432400,57850,0.204113,-0.774932,0.00144722,0.00140045,9.482791,10.372455,2023-08-01
27721,2023-07-28 14:25:00,19850.0,19622.15,3747150,499200,29.25,232.8,151000,6550,0.143065,-0.82987,0.00113959,0.0011434,9.598121,10.722818,2023-08-01
25097,2023-07-28 14:26:00,19350.0,19624.85,37350,1670150,314.05,17.45,300,73250,0.951453,-0.095455,0.00057294,0.00075922,8.513917,10.818122,2023-08-01
19844,2023-07-28 14:26:00,19400.0,19624.85,566950,4545300,270.95,23.9,22900,107300,0.904502,-0.135961,0.00092008,0.00099253,8.92975,10.64451,2023-08-01
14588,2023-07-28 14:26:00,19450.0,19624.85,224750,2949250,229.5,32.35,10100,123500,0.845851,-0.188614,0.00126874,0.00124924,9.061688,10.47156,2023-08-01
9331,2023-07-28 14:26:00,19500.0,19624.85,1859150,8199950,191.4,43.8,139100,268700,0.769793,-0.255755,0.00159847,0.00150226,9.203321,10.366636,2023-08-01
4071,2023-07-28 14:26:00,19550.0,19624.85,1175050,3068400,156.35,59.0,131650,207650,0.681043,-0.336267,0.00186636,0.00170815,9.265754,10.343087,2023-08-01
1440,2023-07-28 14:26:00,19600.0,19624.85,7088900,9186700,125.0,77.7,643500,508550,0.582333,-0.425297,0.00203236,0.00183877,9.30223,10.321377,2023-08-01
6702,2023-07-28 14:26:00,19650.0,19624.85,5349100,2901050,97.45,100.2,591900,216250,0.479105,-0.51846,0.00207346,0.00187198,9.304177,10.308666,2023-08-01
11959,2023-07-28 14:26:00,19700.0,19624.85,10148850,4025500,74.25,127.0,584350,149550,0.377738,-0.610077,0.00197472,0.00179575,9.319707,10.345641,2023-08-01
17216,2023-07-28 14:26:00,19750.0,19624.85,6540950,849850,55.05,157.65,275450,35200,0.284439,-0.69489,0.00176174,0.00163162,9.322861,10.397353,2023-08-01
22470,2023-07-28 14:26:00,19800.0,19624.85,11959750,3597600,40.45,192.95,291100,51900,0.206271,-0.766559,0.00146703,0.00140072,9.412906,10.584518,2023-08-01
27722,2023-07-28 14:26:00,19850.0,19624.85,3808850,508650,29.4,231.6,139150,3000,0.144675,-0.824348,0.00115509,0.00115523,9.540561,10.830658,2023-08-01
25098,2023-07-28 14:27:00,19400.0,19627.4,566950,4545300,272.0,23.8,18700,75100,0.912607,-0.134579,0.00088475,0.00098078,8.695059,10.696324,2023-08-01
19845,2023-07-28 14:27:00,19450.0,19627.4,224750,2949250,230.7,32.2,4850,102350,0.852709,-0.186644,0.00124961,0.00123473,8.925402,10.525591,2023-08-01
14589,2023-07-28 14:27:00,19500.0,19627.4,1859150,8199950,191.55,43.7,100050,286350,0.779414,-0.253355,0.0015993,0.00148463,8.978472,10.437631,2023-08-01
9332,2023-07-28 14:27:00,19550.0,19627.4,1175050,3068400,156.8,58.8,112800,137250,0.68842,-0.332976,0.00187659,0.00168975,9.123274,10.414972,2023-08-01
4072,2023-07-28 14:27:00,19600.0,19627.4,7088900,9186700,125.25,77.6,590850,377900,0.588685,-0.421298,0.00205404,0.00181806,9.171265,10.417879,2023-08-01
1441,2023-07-28 14:27:00,19650.0,19627.4,5349100,2901050,97.75,100.2,477900,167650,0.484174,-0.513479,0.00209723,0.00185074,9.203702,10.43172,2023-08-01
6703,2023-07-28 14:27:00,19700.0,19627.4,10148850,4025500,74.4,126.85,443450,133800,0.381555,-0.604187,0.00200117,0.00178103,9.22446,10.474227,2023-08-01
11960,2023-07-28 14:27:00,19750.0,19627.4,6540950,849850,55.05,157.15,187950,18400,0.28694,-0.688734,0.00178721,0.00162757,9.227939,10.514579,2023-08-01
17217,2023-07-28 14:27:00,19800.0,19627.4,11959750,3597600,40.45,192.8,296550,36050,0.20792,-0.759129,0.00148701,0.00140056,9.329852,10.769099,2023-08-01
22471,2023-07-28 14:27:00,19850.0,19627.4,3808850,508650,29.35,231.65,116700,2800,0.145552,-0.815946,0.00116962,0.00116314,9.460035,11.076987,2023-08-01
27723,2023-07-28 14:27:00,19900.0,19627.4,6223300,583750,20.8,271.25,130450,5150,0.097875,-0.865597,0.00087444,0.00093779,9.566605,11.176643,2023-08-01
25099,2023-07-28 14:28:00,19350.0,19622.15,37350,1670150,308.75,17.75,450,53550,0.966287,-0.097329,0.00047446,0.00077094,7.649456,10.810422,2023-08-01
19846,2023-07-28 14:28:00,19400.0,19622.15,566950,4545300,266.0,24.35,16150,89400,0.914806,-0.138638,0.00089674,0.00100608,8.41981,10.645167,2023-08-01
14590,2023-07-28 14:28:00,19450.0,19622.15,224750,2949250,224.9,33.05,7650,100750,0.852174,-0.192354,0.00128545,0.00126272,8.700721,10.488606,2023-08-01
9333,2023-07-28 14:28:00,19500.0,19622.15,1859150,8199950,187.3,45.0,134700,262400,0.771758,-0.260903,0.00163716,0.00151018,8.945508,10.422545,2023-08-01
4073,2023-07-28 14:28:00,19550.0,19622.15,1175050,3068400,152.4,60.6,96950,143600,0.680129,-0.341923,0.00191729,0.00170737,9.033261,10.417593,2023-08-01
1442,2023-07-28 14:28:00,19600.0,19622.15,7088900,9186700,121.3,79.6,578650,449000,0.578521,-0.430769,0.00208453,0.00182967,9.090193,10.402184,2023-08-01
6704,2023-07-28 14:28:00,19650.0,19622.15,5349100,2901050,94.6,102.6,456750,169400,0.473016,-0.523238,0.00210481,0.00185194,9.160029,10.416938,2023-08-01
11961,2023-07-28 14:28:00,19700.0,19622.15,10148850,4025500,71.75,129.95,549500,169750,0.370532,-0.613349,0.00199203,0.00176729,9.185377,10.490028,2023-08-01
17218,2023-07-28 14:28:00,19750.0,19622.15,6540950,849850,52.9,160.95,293950,29250,0.276864,-0.696368,0.00176382,0.00160276,9.19393,10.565009,2023-08-01
22472,2023-07-28 14:28:00,19800.0,19622.15,11959750,3597600,38.9,196.6,360550,87000,0.199874,-0.766098,0.00145479,0.00137654,9.318085,10.785606,2023-08-01
27724,2023-07-28 14:28:00,19850.0,19622.15,3808850,508650,28.3,234.0,119350,3950,0.139735,-0.826471,0.00113698,0.00114189,9.470221,10.876276,2023-08-01
25100,2023-07-28 14:29:00,19350.0,19618.35,37350,1687850,307.2,18.2,200,123650,0.952288,-0.100107,0.00058113,0.00078779,8.283199,10.802308,2023-08-01
19847,2023-07-28 14:29:00,19400.0,19618.35,552550,4574000,264.9,24.85,29750,227500,0.900137,-0.141975,0.00095857,0.00102492,8.861998,10.622663,2023-08-01
14591,2023-07-28 14:29:00,19450.0,19618.35,220600,2932200,224.2,33.7,15000,194800,0.837412,-0.19664,0.00131413,0.00128306,9.065374,10.464723,2023-08-01
9334,2023-07-28 14:29:00,19500.0,19618.35,1887750,8303800,186.25,45.6,221350,513350,0.760076,-0.265629,0.00164212,0.00153235,9.17103,10.369273,2023-08-01
4074,2023-07-28 14:29:00,19550.0,19618.35,1140500,3125650,151.7,61.45,169350,317550,0.669291,-0.347764,0.00190089,0.00172683,9.238868,10.368468,2023-08-01
1443,2023-07-28 14:29:00,19600.0,19618.35,6890500,9339200,120.8,80.55,861000,901300,0.569305,-0.437376,0.00205373,0.00184669,9.269596,10.338011,2023-08-01
6705,2023-07-28 14:29:00,19650.0,19618.35,5299050,2928300,93.75,103.55,575950,370650,0.465464,-0.530585,0.00207789,0.00186651,9.267697,10.325594,2023-08-01
11962,2023-07-28 14:29:00,19700.0,19618.35,10009800,4027000,70.85,130.95,767350,347300,0.364022,-0.621416,0.00196554,0.00177639,9.257344,10.373538,2023-08-01
17219,2023-07-28 14:29:00,19750.0,19618.35,6525950,849850,52.2,161.95,346950,73650,0.271625,-0.705178,0.00173547,0.00160493,9.258925,10.413625,2023-08-01
22473,2023-07-28 14:29:00,19800.0,19618.35,11881850,3539750,38.35,197.7,384100,126900,0.195841,-0.775181,0.00142858,0.00136957,9.375558,10.60545,2023-08-01
27725,2023-07-28 14:29:00,19850.0,19618.35,3804550,511900,27.7,237.35,171750,15900,0.136127,-0.829471,0.001114,0.00112344,9.497334,10.935587,2023-08-01
25101,2023-07-28 14:30:00,19350.0,19617.55,36750,1687850,307.8,18.15,250,62850,0.944419,-0.100136,0.00062848,0.00079013,8.64877,10.774,2023-08-01
19848,2023-07-28 14:30:00,19400.0,19617.55,552550,4574000,264.0,24.95,16150,109400,0.900323,-0.142658,0.00096141,0.0010289,8.824828,10.617312,2023-08-01
14592,2023-07-28 14:30:00,19450.0,19617.55,220600,2932200,222.5,33.75,7500,113850,0.840485,-0.197284,0.00132048,0.00128778,8.911219,10.448291,2023-08-01
9335,2023-07-28 14:30:00,19500.0,19617.55,1887750,8303800,185.2,45.95,129600,386000,0.760079,-0.267138,0.00165225,0.00153468,9.115878,10.384555,2023-08-01
4075,2023-07-28 14:30:00,19550.0,19617.55,1140500,3125650,150.9,61.7,99000,320600,0.668247,-0.349103,0.00190933,0.00172992,9.210746,10.365885,2023-08-01
1444,2023-07-28 14:30:00,19600.0,19617.55,6890500,9339200,119.95,81.0,508000,643050,0.567922,-0.438918,0.00206368,0.00184592,9.231696,10.349929,2023-08-01
6706,2023-07-28 14:30:00,19650.0,19617.55,5299050,2928300,93.1,103.95,406700,206850,0.463691,-0.532083,0.00208269,0.00186608,9.243835,10.326266,2023-08-01
11963,2023-07-28 14:30:00,19700.0,19617.55,10009800,4027000,70.55,131.45,444500,222550,0.362496,-0.622796,0.0019621,0.00177381,9.261573,10.378181,2023-08-01
17220,2023-07-28 14:30:00,19750.0,19617.55,6525950,849850,51.9,162.9,212950,33100,0.27016,-0.705631,0.00173149,0.00159685,9.256373,10.460185,2023-08-01
22474,2023-07-28 14:30:00,19800.0,19617.55,11881850,3539750,38.1,199.2,267450,55500,0.19458,-0.773968,0.00142373,0.00136007,9.371805,10.713421,2023-08-01
27726,2023-07-28 14:30:00,19850.0,19617.55,3804550,511900,27.6,237.45,99400,7550,0.13546,-0.83185,0.00110927,0.00112016,9.506998,10.870562,2023-08-01
25102,2023-07-28 14:31:00,19350.0,19608.8,36750,1687850,300.2,18.85,1150,104400,0.936578,-0.105377,0.00068944,0.00082707,8.747945,10.687239,2023-08-01
19849,2023-07-28 14:31:00,19400.0,19608.8,552550,4574000,257.6,25.95,17800,192350,0.88619,-0.149984,0.00103358,0.00107294,9.037984,10.535325,2023-08-01
14593,2023-07-28 14:31:00,19450.0,19608.8,220600,2932200,216.75,35.15,12200,191500,0.823585,-0.207074,0.00137995,0.00133595,9.10323,10.373207,2023-08-01
9336,2023-07-28 14:31:00,19500.0,19608.8,1887750,8303800,179.35,47.7,179400,548500,0.74369,-0.279106,0.00169847,0.00158247,9.19093,10.297595,2023-08-01
4076,2023-07-28 14:31:00,19550.0,19608.8,1140500,3125650,145.45,64.15,141450,293200,0.650811,-0.363511,0.00194017,0.00176739,9.248343,10.297119,2023-08-01
1445,2023-07-28 14:31:00,19600.0,19608.8,6890500,9339200,115.1,84.0,714050,985050,0.549679,-0.454827,0.00207368,0.00187034,9.255165,10.275298,2023-08-01
6707,2023-07-28 14:31:00,19650.0,19608.8,5299050,2928300,88.95,107.5,591050,351150,0.445615,-0.548828,0.00206881,0.00187452,9.262542,10.241208,2023-08-01
11964,2023-07-28 14:31:00,19700.0,19608.8,10009800,4027000,67.25,135.65,669300,371400,0.345947,-0.639402,0.00192436,0.00176375,9.292292,10.290123,2023-08-01
17221,2023-07-28 14:31:00,19750.0,19608.8,6525950,849850,49.35,167.5,265150,60600,0.256084,-0.721735,0.00167874,0.00157326,9.294651,10.342655,2023-08-01
22475,2023-07-28 14:31:00,19800.0,19608.8,11881850,3539750,36.15,204.1,357350,120350,0.183396,-0.789176,0.0013675,0.00132669,9.41276,10.556677,2023-08-01
27727,2023-07-28 14:31:00,19850.0,19608.8,3804550,511900,26.15,244.0,137400,9650,0.127079,-0.841996,0.00105704,0.00107853,9.551293,10.848238,2023-08-01
25103,2023-07-28 14:32:00,19350.0,19605.85,36150,1692200,298.3,19.05,3350,79200,0.930526,-0.107038,0.00072489,0.00083955,8.930645,10.650554,2023-08-01
19850,2023-07-28 14:32:00,19400.0,19605.85,547300,4600950,255.05,26.15,9750,173350,0.883213,-0.152027,0.00105336,0.00108801,9.034728,10.485815,2023-08-01
14594,2023-07-28 14:32:00,19450.0,19605.85,212950,2984150,215.35,35.4,10050,129000,0.816034,-0.209788,0.00139651,0.00135383,9.237241,10.317551,2023-08-01
9337,2023-07-28 14:32:00,19500.0,19605.85,1902700,8329800,177.9,48.2,128850,435950,0.736804,-0.283016,0.00170662,0.00159994,9.275218,10.256278,2023-08-01
4077,2023-07-28 14:32:00,19550.0,19605.85,1116350,3220000,144.0,64.85,103700,281050,0.64433,-0.368273,0.00194269,0.00178215,9.299824,10.258664,2023-08-01
1446,2023-07-28 14:32:00,19600.0,19605.85,6808450,9528700,113.75,84.8,485900,763900,0.543408,-0.460184,0.00207037,0.00188238,9.289328,10.226698,2023-08-01
6708,2023-07-28 14:32:00,19650.0,19605.85,5257300,2935250,87.85,108.8,373200,296550,0.439738,-0.554482,0.0020574,0.00187531,9.296156,10.220358,2023-08-01
11965,2023-07-28 14:32:00,19700.0,19605.85,9924400,4036400,66.2,137.0,529150,237400,0.340509,-0.645151,0.00191039,0.00176099,9.306718,10.25098,2023-08-01
17222,2023-07-28 14:32:00,19750.0,19605.85,6548050,833300,48.45,168.85,228750,43350,0.251279,-0.72766,0.00166141,0.00156685,9.30087,10.277985,2023-08-01
22476,2023-07-28 14:32:00,19800.0,19605.85,11803350,3491700,35.55,205.4,229500,76950,0.179852,-0.79532,0.00134851,0.00131633,9.43166,10.45792,2023-08-01
27728,2023-07-28 14:32:00,19850.0,19605.85,3790100,510400,25.7,246.1,108200,6900,0.124431,-0.845735,0.00103984,0.0010643,9.569978,10.823675,2023-08-01
25104,2023-07-28 14:33:00,19350.0,19593.1,36150,1692200,286.65,20.4,1350,131800,0.921845,-0.11631,0.00079772,0.0008986,8.886147,10.56781,2023-08-01
19851,2023-07-28 14:33:00,19400.0,19593.1,547300,4600950,245.0,28.05,46300,225150,0.865981,-0.1647,0.00114458,0.00115528,9.160069,10.415561,2023-08-01
14595,2023-07-28 14:33:00,19450.0,19593.1,212950,2984150,205.2,38.15,13500,223200,0.798153,-0.226641,0.00148188,0.00142172,9.219446,10.279918,2023-08-01
9338,2023-07-28 14:33:00,19500.0,19593.1,1902700,8329800,168.4,51.8,220700,633700,0.715459,-0.303271,0.0017831,0.00165784,9.233264,10.22808,2023-08-01
4078,2023-07-28 14:33:00,19550.0,19593.1,1116350,3220000,135.55,69.05,182100,441700,0.619645,-0.390641,0.00199423,0.0018262,9.26869,10.201075,2023-08-01
1447,2023-07-28 14:33:00,19600.0,19593.1,6808450,9528700,106.5,90.1,946450,1365350,0.516942,-0.484207,0.00208567,0.00189934,9.274632,10.185707,2023-08-01
6709,2023-07-28 14:33:00,19650.0,19593.1,5257300,2935250,81.55,115.15,601900,461150,0.41337,-0.578572,0.00203952,0.00186377,9.268336,10.186086,2023-08-01
11966,2023-07-28 14:33:00,19700.0,19593.1,9924400,4036400,61.25,144.6,707650,360150,0.316492,-0.667461,0.00185596,0.0017208,9.307837,10.244891,2023-08-01
17223,2023-07-28 14:33:00,19750.0,19593.1,6548050,833300,44.6,177.55,338550,89900,0.230857,-0.746995,0.00158555,0.00150792,9.313609,10.292251,2023-08-01
22477,2023-07-28 14:33:00,19800.0,19593.1,11803350,3491700,32.65,215.3,457750,135750,0.16383,-0.810206,0.00126788,0.0012506,9.458046,10.523692,2023-08-01
27729,2023-07-28 14:33:00,19850.0,19593.1,3790100,510400,23.7,256.4,186500,17500,0.113041,-0.858,0.00096654,0.00100376,9.627659,10.865518,2023-08-01
25105,2023-07-28 14:34:00,19350.0,19586.95,36150,1692200,280.6,20.95,700,159600,0.919667,-0.120529,0.00082592,0.00092737,8.766699,10.505277,2023-08-01
19852,2023-07-28 14:34:00,19400.0,19586.95,547300,4600950,240.05,28.9,17650,360900,0.85805,-0.170746,0.00118695,0.00118857,9.190121,10.365809,2023-08-01
14596,2023-07-28 14:34:00,19450.0,19586.95,212950,2984150,199.9,39.65,19500,283050,0.790684,-0.235375,0.00152641,0.00145323,9.149289,10.275675,2023-08-01
9339,2023-07-28 14:34:00,19500.0,19586.95,1902700,8329800,163.9,53.85,248200,929250,0.704784,-0.313749,0.00181869,0.00168122,9.213975,10.241232,2023-08-01
4079,2023-07-28 14:34:00,19550.0,19586.95,1116350,3220000,131.4,71.85,172500,671850,0.60767,-0.402311,0.00202006,0.00183357,9.23698,10.245246,2023-08-01
1448,2023-07-28 14:34:00,19600.0,19586.95,6808450,9528700,103.15,93.35,907900,1568000,0.504102,-0.495899,0.00208868,0.00189389,9.272845,10.226572,2023-08-01
6710,2023-07-28 14:34:00,19650.0,19586.95,5257300,2935250,78.9,118.9,600300,535650,0.40103,-0.589621,0.00202169,0.00184548,9.284241,10.229412,2023-08-01
11967,2023-07-28 14:34:00,19700.0,19586.95,9924400,4036400,59.0,148.9,803850,525050,0.305251,-0.677103,0.0018267,0.00169214,9.313279,10.299116,2023-08-01
17224,2023-07-28 14:34:00,19750.0,19586.95,6548050,833300,43.0,181.9,362600,110150,0.221851,-0.75587,0.00154654,0.00147787,9.340033,10.307743,2023-08-01
22478,2023-07-28 14:34:00,19800.0,19586.95,11803350,3491700,31.4,220.85,448600,141500,0.156732,-0.815063,0.00122915,0.00121727,9.481463,10.644292,2023-08-01
27730,2023-07-28 14:34:00,19850.0,19586.95,3790100,510400,22.9,261.55,221200,12600,0.108279,-0.863256,0.00093313,0.0009753,9.673301,10.903743,2023-08-01
25106,2023-07-28 14:35:00,19350.0,19584.3,36100,1646550,283.5,20.45,2100,142000,0.893363,-0.119584,0.00091243,0.000936,9.786491,10.353197,2023-08-01
19853,2023-07-28 14:35:00,19400.0,19584.3,547700,4592300,240.65,28.35,18300,259000,0.844006,-0.170353,0.00120821,0.00120485,9.618024,10.212928,2023-08-01
14597,2023-07-28 14:35:00,19450.0,19584.3,213500,2979200,201.9,38.8,18250,203700,0.774181,-0.235205,0.00150956,0.00148008,9.6679,10.087438,2023-08-01
9340,2023-07-28 14:35:00,19500.0,19584.3,1893800,8090050,165.85,52.55,160700,718800,0.691961,-0.314296,0.00177181,0.00172289,9.642533,10.003231,2023-08-01
4080,2023-07-28 14:35:00,19550.0,19584.3,1068500,3222400,133.5,70.3,127300,607350,0.598425,-0.404848,0.00195121,0.00188607,9.62514,9.978208,2023-08-01
1449,2023-07-28 14:35:00,19600.0,19584.3,6707550,9440250,104.9,91.55,583100,1254250,0.498739,-0.501081,0.00202031,0.0019523,9.589231,9.923264,2023-08-01
6711,2023-07-28 14:35:00,19650.0,19584.3,5066300,2775000,80.15,117.6,406600,427600,0.398394,-0.597193,0.00196664,0.0018882,9.529706,9.954172,2023-08-01
11968,2023-07-28 14:35:00,19700.0,19584.3,9822450,3964850,60.3,147.0,547000,331050,0.305089,-0.688003,0.00178073,0.00173043,9.553584,9.928198,2023-08-01
17225,2023-07-28 14:35:00,19750.0,19584.3,6567350,788850,43.9,180.5,309600,77350,0.222513,-0.76793,0.00151796,0.00149073,9.534181,9.941159,2023-08-01
22479,2023-07-28 14:35:00,19800.0,19584.3,11707400,3428300,32.1,218.75,331800,107300,0.157864,-0.830374,0.00121325,0.00121146,9.653427,10.129374,2023-08-01
27731,2023-07-28 14:35:00,19850.0,19584.3,3763950,517200,23.45,260.0,240350,13400,0.10952,-0.877715,0.00092602,0.00094857,9.82992,10.37777,2023-08-01
25107,2023-07-28 14:36:00,19350.0,19593.6,36100,1646550,289.2,19.5,1400,147500,0.91211,-0.11269,0.00083032,0.00089077,9.327577,10.425815,2023-08-01
19854,2023-07-28 14:36:00,19400.0,19593.6,547700,4592300,247.35,26.9,20500,307400,0.858657,-0.160538,0.00114816,0.00115337,9.471405,10.262936,2023-08-01
14598,2023-07-28 14:36:00,19450.0,19593.6,213500,2979200,206.8,36.8,21450,217300,0.794867,-0.222512,0.00147051,0.00142866,9.382877,10.126153,2023-08-01
9341,2023-07-28 14:36:00,19500.0,19593.6,1893800,8090050,170.25,50.15,175400,701600,0.712833,-0.299477,0.001758,0.00167625,9.408247,10.060927,2023-08-01
4081,2023-07-28 14:36:00,19550.0,19593.6,1068500,3222400,137.1,67.45,217050,473750,0.619065,-0.38822,0.00196758,0.00184978,9.400738,10.055558,2023-08-01
1450,2023-07-28 14:36:00,19600.0,19593.6,6707550,9440250,107.95,88.35,741050,1187350,0.517794,-0.48308,0.0020593,0.00192814,9.3947,10.034729,2023-08-01
6712,2023-07-28 14:36:00,19650.0,19593.6,5066300,2775000,83.0,113.1,445300,409100,0.415516,-0.579102,0.00201547,0.00189663,9.392296,10.009248,2023-08-01
11969,2023-07-28 14:36:00,19700.0,19593.6,9822450,3964850,62.2,142.55,589450,325700,0.318861,-0.669512,0.00184611,0.00174759,9.389196,10.065364,2023-08-01
17226,2023-07-28 14:36:00,19750.0,19593.6,6567350,788850,45.5,175.35,326850,59700,0.233687,-0.750693,0.0015819,0.00152714,9.400796,10.08621,2023-08-01
22480,2023-07-28 14:36:00,19800.0,19593.6,11707400,3428300,33.4,213.5,324500,95900,0.166532,-0.813701,0.0012705,0.00125753,9.541275,10.348743,2023-08-01
27732,2023-07-28 14:36:00,19850.0,19593.6,3763950,517200,24.4,254.25,131500,23450,0.115722,-0.863051,0.0009736,0.00100193,9.720976,10.622957,2023-08-01
25108,2023-07-28 14:37:00,19350.0,19595.25,36100,1646550,289.5,19.35,700,111050,0.918936,-0.111554,0.0008019,0.00088302,9.089748,10.441499,2023-08-01
19855,2023-07-28 14:37:00,19400.0,19595.25,547700,4592300,246.65,26.95,11650,177400,0.869043,-0.159869,0.00112937,0.00114426,9.138929,10.316444,2023-08-01
14599,2023-07-28 14:37:00,19450.0,19595.25,213500,2979200,206.75,36.8,13550,145500,0.80172,-0.221282,0.0014685,0.00141698,9.206413,10.177363,2023-08-01
9342,2023-07-28 14:37:00,19500.0,19595.25,1893800,8090050,169.75,50.2,112150,333750,0.719683,-0.297838,0.00177399,0.00166163,9.216325,10.124188,2023-08-01
4082,2023-07-28 14:37:00,19550.0,19595.25,1068500,3222400,136.95,67.7,132500,291950,0.623849,-0.38614,0.00198622,0.00183021,9.27641,10.147278,2023-08-01
1451,2023-07-28 14:37:00,19600.0,19595.25,6707550,9440250,107.6,88.3,548000,628400,0.52142,-0.480014,0.00208611,0.00191399,9.269814,10.105334,2023-08-01
6713,2023-07-28 14:37:00,19650.0,19595.25,5066300,2775000,82.5,113.35,320500,216100,0.417696,-0.575095,0.00204519,0.00187915,9.2667,10.122487,2023-08-01
11970,2023-07-28 14:37:00,19700.0,19595.25,9822450,3964850,62.0,142.6,403500,160950,0.320338,-0.664911,0.00186671,0.00173825,9.303609,10.174974,2023-08-01
17227,2023-07-28 14:37:00,19750.0,19595.25,6567350,788850,45.25,176.1,291900,42850,0.234249,-0.743779,0.00159839,0.00151792,9.316205,10.294728,2023-08-01
22481,2023-07-28 14:37:00,19800.0,19595.25,11707400,3428300,33.3,213.85,280900,41850,0.167007,-0.807185,0.00128123,0.00126088,9.478739,10.541909,2023-08-01
27733,2023-07-28 14:37:00,19850.0,19595.25,3763950,517200,24.25,254.4,151250,11050,0.115684,-0.85684,0.00098013,0.00101334,9.653978,10.824751,2023-08-01
25109,2023-07-28 14:38:00,19350.0,19592.8,36100,1654900,286.3,19.65,250,46350,0.921953,-0.113525,0.00079828,0.00089506,8.874548,10.432864,2023-08-01
19856,2023-07-28 14:38:00,19400.0,19592.8,547700,4567050,246.0,27.3,6450,136950,0.860455,-0.162298,0.00115136,0.00115763,9.365398,10.300385,2023-08-01
14600,2023-07-28 14:38:00,19450.0,19592.8,211300,2970950,206.25,37.35,14650,120350,0.793453,-0.224638,0.00147511,0.00143023,9.393783,10.172089,2023-08-01
9343,2023-07-28 14:38:00,19500.0,19592.8,1903450,8043900,169.75,50.85,59700,298700,0.711271,-0.301714,0.00176121,0.00167359,9.417206,10.112998,2023-08-01
4083,2023-07-28 14:38:00,19550.0,19592.8,1084200,3242350,136.4,68.25,61800,219850,0.617725,-0.390229,0.00197412,0.00184327,9.38155,10.108061,2023-08-01
1452,2023-07-28 14:38:00,19600.0,19592.8,6818000,9386750,107.5,89.2,268700,462850,0.516139,-0.484685,0.00206008,0.00191944,9.394819,10.083992,2023-08-01
6714,2023-07-28 14:38:00,19650.0,19592.8,5080950,2735300,82.4,114.05,188150,165800,0.413675,-0.580203,0.0020185,0.001886,9.370644,10.062077,2023-08-01
11971,2023-07-28 14:38:00,19700.0,19592.8,9860200,3938300,61.85,143.35,245100,128150,0.317283,-0.670412,0.00184333,0.00174037,9.385715,10.098184,2023-08-01
17228,2023-07-28 14:38:00,19750.0,19592.8,6559550,782700,45.3,176.75,149900,18800,0.232525,-0.749897,0.00157683,0.00151567,9.406936,10.181934,2023-08-01
22482,2023-07-28 14:38:00,19800.0,19592.8,11742550,3401500,33.1,214.7,165300,39300,0.165141,-0.813004,0.00126559,0.00125163,9.528439,10.423835,2023-08-01
27734,2023-07-28 14:38:00,19850.0,19592.8,3793700,507450,24.2,255.6,105000,4100,0.114739,-0.861627,0.00096858,0.00099983,9.714298,10.722947,2023-08-01
25110,2023-07-28 14:39:00,19350.0,19598.0,37450,1654900,291.95,18.95,600,102100,0.921093,-0.109091,0.00078552,0.00086909,9.092262,10.440642,2023-08-01
19857,2023-07-28 14:39:00,19400.0,19598.0,540050,4567050,248.05,26.3,17400,158600,0.876079,-0.156255,0.00110513,0.00112938,8.987773,10.296966,2023-08-01
14601,2023-07-28 14:39:00,19450.0,19598.0,211300,2970950,208.6,36.1,14900,195300,0.806763,-0.217279,0.00145192,0.00140282,9.167394,10.173132,2023-08-01
9344,2023-07-28 14:39:00,19500.0,19598.0,1903450,8043900,171.85,49.3,112900,441150,0.724185,-0.293145,0.00175667,0.00165063,9.23424,10.117786,2023-08-01
4084,2023-07-28 14:39:00,19550.0,19598.0,1084200,3242350,138.55,66.35,126050,332800,0.629489,-0.380752,0.00197969,0.00182843,9.2626,10.115073,2023-08-01
1453,2023-07-28 14:39:00,19600.0,19598.0,6818000,9386750,108.7,87.15,536800,742750,0.52725,-0.474779,0.00209345,0.0019107,9.229377,10.115491,2023-08-01
6715,2023-07-28 14:39:00,19650.0,19598.0,5080950,2735300,83.7,111.75,399750,216250,0.423245,-0.570041,0.00205263,0.00188615,9.259781,10.109059,2023-08-01
11972,2023-07-28 14:39:00,19700.0,19598.0,9860200,3938300,62.85,141.0,425600,216950,0.325093,-0.660038,0.00188222,0.00174675,9.283662,10.182548,2023-08-01
17229,2023-07-28 14:39:00,19750.0,19598.0,6559550,782700,46.0,174.15,264800,50450,0.238404,-0.739823,0.00161556,0.00153145,9.307155,10.285408,2023-08-01
22483,2023-07-28 14:39:00,19800.0,19598.0,11742550,3401500,33.9,211.2,317600,68350,0.170341,-0.805464,0.00129853,0.00127688,9.472313,10.466702,2023-08-01
27735,2023-07-28 14:39:00,19850.0,19598.0,3793700,507450,24.7,251.1,146700,6350,0.118173,-0.857591,0.00099583,0.00102442,9.646482,10.66998,2023-08-01
25111,2023-07-28 14:40:00,19350.0,19603.15,37450,1654900,296.8,17.9,650,112900,0.92385,-0.103341,0.00075985,0.00084052,9.147341,10.379514,2023-08-01
19858,2023-07-28 14:40:00,19400.0,19603.15,540050,4567050,254.0,24.95,16050,212850,0.874835,-0.149041,0.00108049,0.00110099,9.255519,10.234622,2023-08-01
14602,2023-07-28 14:40:00,19450.0,19603.15,211300,2970950,212.8,34.15,19750,224100,0.813643,-0.207932,0.00141651,0.00138003,9.187737,10.077168,2023-08-01
9345,2023-07-28 14:40:00,19500.0,19603.15,1903450,8043900,176.0,46.95,164400,466000,0.731998,-0.282932,0.00172136,0.00163803,9.288237,10.024599,2023-08-01
4085,2023-07-28 14:40:00,19550.0,19603.15,1084200,3242350,142.5,63.4,157700,402350,0.63867,-0.37005,0.00194817,0.00183169,9.332403,10.005219,2023-08-01
1454,2023-07-28 14:40:00,19600.0,19603.15,6818000,9386750,112.6,83.7,631250,795300,0.537638,-0.464596,0.00206542,0.00192867,9.333084,9.999974,2023-08-01
6716,2023-07-28 14:40:00,19650.0,19603.15,5080950,2735300,86.95,107.9,433650,292000,0.434436,-0.561051,0.00204477,0.00191458,9.341352,9.994766,2023-08-01
11973,2023-07-28 14:40:00,19700.0,19603.15,9860200,3938300,65.4,136.7,538300,263700,0.335788,-0.652826,0.00189488,0.00178192,9.340165,10.058954,2023-08-01
17230,2023-07-28 14:40:00,19750.0,19603.15,6559550,782700,47.9,169.2,290400,40450,0.247564,-0.735229,0.00164266,0.00156987,9.340562,10.122262,2023-08-01
22484,2023-07-28 14:40:00,19800.0,19603.15,11742550,3401500,35.3,206.05,272650,80900,0.177542,-0.802643,0.00133045,0.0013085,9.490054,10.301605,2023-08-01
27736,2023-07-28 14:40:00,19850.0,19603.15,3793700,507450,25.6,246.1,174550,20550,0.123101,-0.855234,0.00102581,0.0010483,9.636147,10.541208,2023-08-01
25112,2023-07-28 14:41:00,19350.0,19600.95,37450,1657850,294.25,17.8,750,53000,0.925,-0.103613,0.0007617,0.00084819,9.021682,10.307476,2023-08-01
19859,2023-07-28 14:41:00,19400.0,19600.95,540050,4569700,251.25,24.9,11500,127500,0.876244,-0.149893,0.00108958,0.00111266,9.107676,10.167852,2023-08-01
14603,2023-07-28 14:41:00,19450.0,19600.95,212250,2974950,212.6,34.25,7750,105350,0.805215,-0.209763,0.00142326,0.00139474,9.397762,10.024492,2023-08-01
9346,2023-07-28 14:41:00,19500.0,19600.95,1906300,8094850,175.45,47.0,65500,243600,0.725636,-0.285245,0.00171939,0.00165603,9.410158,9.956298,2023-08-01
4086,2023-07-28 14:41:00,19550.0,19600.95,1071750,3159550,142.0,63.6,81050,250600,0.63308,-0.373331,0.00193837,0.00184897,9.43011,9.941837,2023-08-01
1455,2023-07-28 14:41:00,19600.0,19600.95,6777400,9275950,111.95,83.8,518400,555450,0.532905,-0.468606,0.00205493,0.00194772,9.39248,9.912524,2023-08-01
6717,2023-07-28 14:41:00,19650.0,19600.95,5071300,2733500,86.45,108.25,356400,147000,0.430361,-0.565819,0.00202956,0.00192652,9.396641,9.915605,2023-08-01
11974,2023-07-28 14:41:00,19700.0,19600.95,9788050,3905000,65.1,136.55,397600,134250,0.332626,-0.659067,0.00187636,0.00179709,9.399187,9.908362,2023-08-01
17231,2023-07-28 14:41:00,19750.0,19600.95,6582800,781950,47.8,169.35,180600,20250,0.245514,-0.741775,0.00162404,0.0015728,9.407522,9.976347,2023-08-01
22485,2023-07-28 14:41:00,19800.0,19600.95,11721800,3382100,35.1,206.5,227550,37200,0.175733,-0.808865,0.00131602,0.00130138,9.534083,10.159861,2023-08-01
27737,2023-07-28 14:41:00,19850.0,19600.95,3787200,490800,25.65,246.5,124450,6350,0.122538,-0.861827,0.00101542,0.00103395,9.705402,10.357337,2023-08-01
25113,2023-07-28 14:42:00,19350.0,19585.7,38050,1657850,289.2,19.8,900,89100,0.876867,-0.116535,0.00093575,0.00092599,10.576694,10.281121,2023-08-01
19860,2023-07-28 14:42:00,19400.0,19585.7,539100,4569700,243.6,27.3,21600,212550,0.839045,-0.165994,0.00119953,0.00119829,9.893814,10.104376,2023-08-01
14604,2023-07-28 14:42:00,19450.0,19585.7,212250,2974950,203.0,37.6,10050,165100,0.776131,-0.230781,0.00150116,0.00148037,9.67944,9.98495,2023-08-01
9347,2023-07-28 14:42:00,19500.0,19585.7,1906300,8094850,167.1,51.25,88850,486200,0.693824,-0.310235,0.00176106,0.00173011,9.680632,9.910954,2023-08-01
4087,2023-07-28 14:42:00,19550.0,19585.7,1071750,3159550,134.4,68.9,112550,357300,0.60108,-0.401397,0.00194683,0.00189916,9.635151,9.893046,2023-08-01
1456,2023-07-28 14:42:00,19600.0,19585.7,6777400,9275950,105.6,90.2,528650,977450,0.501532,-0.498399,0.00202119,0.00196649,9.590107,9.856887,2023-08-01
6718,2023-07-28 14:42:00,19650.0,19585.7,5071300,2733500,81.0,115.55,353350,261800,0.401343,-0.595879,0.00196587,0.001915,9.556984,9.828235,2023-08-01
11975,2023-07-28 14:42:00,19700.0,19585.7,9788050,3905000,60.8,145.35,418400,269500,0.307507,-0.687112,0.00178731,0.00174734,9.556757,9.849451,2023-08-01
17232,2023-07-28 14:42:00,19750.0,19585.7,6582800,781950,44.55,178.55,220750,46900,0.225255,-0.768492,0.00152422,0.00150601,9.566424,9.832259,2023-08-01
22486,2023-07-28 14:42:00,19800.0,19585.7,11721800,3382100,32.9,217.1,366250,68700,0.161093,-0.830615,0.0012216,0.00121984,9.720475,10.056023,2023-08-01
27738,2023-07-28 14:42:00,19850.0,19585.7,3787200,490800,23.95,257.6,139300,10200,0.111683,-0.880818,0.0009355,0.00094897,9.872903,10.192786,2023-08-01
25114,2023-07-28 14:43:00,19350.0,19586.25,38050,1657850,285.8,19.8,300,67200,0.892491,-0.116334,0.00090716,0.00092361,9.907209,10.295586,2023-08-01
19861,2023-07-28 14:43:00,19400.0,19586.25,539100,4569700,243.45,27.5,8600,155900,0.841845,-0.166377,0.00119647,0.00119484,9.806446,10.149219,2023-08-01
14605,2023-07-28 14:43:00,19450.0,19586.25,212250,2974950,203.7,37.5,6850,136600,0.776118,-0.230065,0.00149559,0.00147714,9.716346,9.990034,2023-08-01
9348,2023-07-28 14:43:00,19500.0,19586.25,1906300,8094850,167.4,51.3,51950,393800,0.694948,-0.309713,0.00175976,0.00172452,9.672608,9.93636,2023-08-01
4088,2023-07-28 14:43:00,19550.0,19586.25,1071750,3159550,134.9,69.05,88850,292050,0.601978,-0.400708,0.00194222,0.00189113,9.652823,9.931181,2023-08-01
1457,2023-07-28 14:43:00,19600.0,19586.25,6777400,9275950,105.8,90.35,449450,847250,0.502637,-0.497317,0.00202308,0.00195841,9.581564,9.897968,2023-08-01
6719,2023-07-28 14:43:00,19650.0,19586.25,5071300,2733500,81.5,115.65,238050,227350,0.402682,-0.594439,0.00196233,0.00190894,9.583014,9.868852,2023-08-01
11976,2023-07-28 14:43:00,19700.0,19586.25,9788050,3905000,61.1,145.7,330900,159300,0.308675,-0.684875,0.00178836,0.00173988,9.567595,9.922506,2023-08-01
17233,2023-07-28 14:43:00,19750.0,19586.25,6582800,781950,44.7,179.0,168400,30300,0.226053,-0.765505,0.00152748,0.00150229,9.565663,9.927592,2023-08-01
22487,2023-07-28 14:43:00,19800.0,19586.25,11721800,3382100,33.0,217.0,155200,52600,0.161668,-0.828979,0.00122489,0.00122248,9.717534,10.096788,2023-08-01
27739,2023-07-28 14:43:00,19850.0,19586.25,3787200,490800,24.15,257.0,77750,9700,0.112555,-0.88084,0.00093924,0.000951,9.888939,10.170329,2023-08-01
25115,2023-07-28 14:44:00,19350.0,19589.85,38050,1664650,287.0,19.05,850,61150,0.903903,-0.112152,0.00086706,0.00090318,9.551314,10.256515,2023-08-01
19862,2023-07-28 14:44:00,19400.0,19589.85,534400,4588650,247.7,26.55,8250,121650,0.841376,-0.161202,0.00117511,0.00117484,10.003154,10.111436,2023-08-01
14606,2023-07-28 14:44:00,19450.0,19589.85,213250,3002600,207.3,36.25,7500,108650,0.778902,-0.223745,0.00146794,0.00146062,9.82799,9.944522,2023-08-01
9349,2023-07-28 14:44:00,19500.0,19589.85,1907950,8153400,169.75,49.6,60950,235050,0.701546,-0.302376,0.0017451,0.00171726,9.657469,9.872085,2023-08-01
4089,2023-07-28 14:44:00,19550.0,19589.85,1085600,3275750,137.2,66.85,60050,199250,0.608859,-0.393067,0.00193092,0.00189715,9.66205,9.847549,2023-08-01
1458,2023-07-28 14:44:00,19600.0,19589.85,6957500,9566650,107.75,87.95,346850,466300,0.509913,-0.490231,0.00202173,0.00197207,9.584289,9.825701,2023-08-01
6720,2023-07-28 14:44:00,19650.0,19589.85,5041200,2711650,82.9,112.7,170200,123200,0.409529,-0.588475,0.00197506,0.00193488,9.560326,9.770214,2023-08-01
11977,2023-07-28 14:44:00,19700.0,19589.85,9876050,3898100,62.3,142.1,329650,95600,0.314859,-0.68106,0.00180632,0.00177392,9.553192,9.780907,2023-08-01
17234,2023-07-28 14:44:00,19750.0,19589.85,6589550,778750,45.7,175.15,140300,29650,0.231381,-0.763545,0.0015487,0.00153257,9.557872,9.775246,2023-08-01
22488,2023-07-28 14:44:00,19800.0,19589.85,11675700,3371650,33.85,212.85,140650,34150,0.166123,-0.828964,0.00124641,0.00124468,9.718783,9.9163,2023-08-01
27740,2023-07-28 14:44:00,19850.0,19589.85,3820550,498050,24.8,254.4,94600,3050,0.11595,-0.876307,0.00095924,0.00097171,9.888943,10.217285,2023-08-01
25116,2023-07-28 14:45:00,19350.0,19596.75,39200,1664650,290.2,18.4,400,71900,0.923146,-0.107298,0.0007815,0.00086982,8.963148,10.31417,2023-08-01
19863,2023-07-28 14:45:00,19400.0,19596.75,534400,4588650,250.5,25.75,14800,163800,0.860075,-0.154911,0.00112993,0.00113614,9.564428,10.183473,2023-08-01
14607,2023-07-28 14:45:00,19450.0,19596.75,213250,3002600,210.15,35.2,7350,175400,0.796455,-0.215553,0.00144482,0.00141821,9.511458,10.022195,2023-08-01
9350,2023-07-28 14:45:00,19500.0,19596.75,1907950,8153400,173.2,48.4,66400,278150,0.716611,-0.29254,0.00173124,0.00167362,9.499425,9.975054,2023-08-01
4090,2023-07-28 14:45:00,19550.0,19596.75,1085600,3275750,139.7,65.4,97400,253350,0.624407,-0.381408,0.00194539,0.00185723,9.472455,9.969168,2023-08-01
1459,2023-07-28 14:45:00,19600.0,19596.75,6957500,9566650,110.2,85.95,425350,575750,0.524122,-0.47686,0.00204599,0.00194595,9.453714,9.941162,2023-08-01
6721,2023-07-28 14:45:00,19650.0,19596.75,5041200,2711650,85.1,110.75,211900,169650,0.422367,-0.57371,0.00200901,0.00191502,9.462194,9.945582,2023-08-01
11978,2023-07-28 14:45:00,19700.0,19596.75,9876050,3898100,64.0,139.65,314300,140300,0.325731,-0.665709,0.00185024,0.00177391,9.457159,9.967199,2023-08-01
17235,2023-07-28 14:45:00,19750.0,19596.75,6589550,778750,47.0,172.75,143350,23850,0.240065,-0.747079,0.00159518,0.00154705,9.467373,10.038649,2023-08-01
22489,2023-07-28 14:45:00,19800.0,19596.75,11675700,3371650,34.75,209.9,201250,38800,0.172419,-0.813521,0.00128894,0.00127792,9.622629,10.195957,2023-08-01
27741,2023-07-28 14:45:00,19850.0,19596.75,3820550,498050,25.3,250.95,102750,8050,0.119889,-0.862596,0.00099352,0.00101529,9.773494,10.51344,2023-08-01
25117,2023-07-28 14:46:00,19350.0,19604.55,39200,1664650,299.3,17.55,2050,98550,0.918922,-0.101484,0.00077395,0.00083204,9.422038,10.35262,2023-08-01
19864,2023-07-28 14:46:00,19400.0,19604.55,534400,4588650,256.7,24.5,12600,195050,0.869984,-0.146741,0.00107986,0.00109307,9.513294,10.206556,2023-08-01
14608,2023-07-28 14:46:00,19450.0,19604.55,213250,3002600,216.0,33.7,13200,167050,0.808317,-0.20558,0.00139742,0.00137331,9.480572,10.062979,2023-08-01
9351,2023-07-28 14:46:00,19500.0,19604.55,1907950,8153400,178.0,46.25,131700,359800,0.731853,-0.279972,0.00170025,0.00163552,9.410307,9.993639,2023-08-01
4091,2023-07-28 14:46:00,19550.0,19604.55,1085600,3275750,144.45,62.7,155000,325000,0.63981,-0.367233,0.00192295,0.00183114,9.448768,9.987606,2023-08-01
1460,2023-07-28 14:46:00,19600.0,19604.55,6957500,9566650,114.35,82.5,595700,728650,0.540126,-0.461716,0.0020429,0.00193915,9.434422,9.943688,2023-08-01
6722,2023-07-28 14:46:00,19650.0,19604.55,5041200,2711650,88.3,106.45,380550,221850,0.437742,-0.558865,0.00203279,0.00193051,9.413271,9.925033,2023-08-01
11979,2023-07-28 14:46:00,19700.0,19604.55,9876050,3898100,66.65,134.75,454950,198150,0.339592,-0.652086,0.0018887,0.00180423,9.415865,9.946812,2023-08-01
17236,2023-07-28 14:46:00,19750.0,19604.55,6589550,778750,49.1,167.35,237350,56400,0.251767,-0.735189,0.00164268,0.00158606,9.428493,10.024151,2023-08-01
22490,2023-07-28 14:46:00,19800.0,19604.55,11675700,3371650,36.45,204.0,277200,54650,0.181897,-0.803801,0.00133689,0.00132006,9.593476,10.179531,2023-08-01
27742,2023-07-28 14:46:00,19850.0,19604.55,3820550,498050,26.55,244.55,193450,18050,0.126919,-0.855294,0.00103743,0.00105448,9.73802,10.481192,2023-08-01
25118,2023-07-28 14:47:00,19350.0,19610.75,39200,1653750,303.0,16.95,400,112950,0.932449,-0.097254,0.00070357,0.00080326,9.013519,10.392515,2023-08-01
19865,2023-07-28 14:47:00,19400.0,19610.75,531400,4590200,260.8,23.7,21150,229850,0.881327,-0.141049,0.00103365,0.00105959,9.321659,10.249375,2023-08-01
14609,2023-07-28 14:47:00,19450.0,19610.75,213750,2977250,219.65,32.5,20850,135100,0.821244,-0.197754,0.00136264,0.00133801,9.307751,10.088808,2023-08-01
9352,2023-07-28 14:47:00,19500.0,19610.75,1897500,8049300,181.7,44.7,175950,436600,0.744397,-0.270448,0.00167544,0.00160318,9.315717,10.020652,2023-08-01
4092,2023-07-28 14:47:00,19550.0,19610.75,1096350,3169250,147.7,60.6,154650,330850,0.652913,-0.356108,0.00191404,0.00180921,9.365761,10.000644,2023-08-01
1461,2023-07-28 14:47:00,19600.0,19610.75,7004000,9304650,117.4,80.2,746600,791100,0.553014,-0.449898,0.00204502,0.00192458,9.386657,9.983587,2023-08-01
6723,2023-07-28 14:47:00,19650.0,19610.75,5071950,2670850,91.0,103.65,538900,223650,0.450191,-0.546686,0.00204796,0.0019305,9.38299,9.963429,2023-08-01
11980,2023-07-28 14:47:00,19700.0,19610.75,9867900,3800700,68.6,131.7,633150,221850,0.3505,-0.639975,0.00192199,0.0018144,9.360519,10.010153,2023-08-01
17237,2023-07-28 14:47:00,19750.0,19610.75,6574300,758300,50.85,163.9,283050,43350,0.261403,-0.723809,0.00167978,0.00160763,9.400284,10.097484,2023-08-01
22491,2023-07-28 14:47:00,19800.0,19610.75,11699400,3356700,37.65,199.8,344400,60950,0.189079,-0.794627,0.00137593,0.00135126,9.545845,10.218711,2023-08-01
27743,2023-07-28 14:47:00,19850.0,19610.75,3782500,488300,27.45,239.7,139800,11900,0.132279,-0.848662,0.00107249,0.00108625,9.691234,10.482029,2023-08-01
25119,2023-07-28 14:48:00,19350.0,19619.1,40500,1653750,306.85,16.7,2000,141950,0.958479,-0.093924,0.00053884,0.00077116,7.999812,10.547588,2023-08-01
19866,2023-07-28 14:48:00,19400.0,19619.1,531400,4590200,263.5,23.25,22550,339000,0.910753,-0.135841,0.00092322,0.00101742,8.483072,10.400506,2023-08-01
14610,2023-07-28 14:48:00,19450.0,19619.1,213750,2977250,222.45,31.75,26200,270600,0.847763,-0.19011,0.00130896,0.00128736,8.729971,10.233301,2023-08-01
9353,2023-07-28 14:48:00,19500.0,19619.1,1897500,8049300,184.3,43.6,214750,586500,0.768784,-0.260185,0.00166534,0.001549,8.874732,10.166029,2023-08-01
4093,2023-07-28 14:48:00,19550.0,19619.1,1096350,3169250,150.2,59.4,201750,476550,0.674423,-0.343758,0.0019348,0.00175326,9.034159,10.184498,2023-08-01
1462,2023-07-28 14:48:00,19600.0,19619.1,7004000,9304650,119.35,78.45,1085550,1156300,0.572162,-0.434971,0.00209472,0.00187927,9.090933,10.164996,2023-08-01
6724,2023-07-28 14:48:00,19650.0,19619.1,5071950,2670850,92.75,101.65,778650,407050,0.466369,-0.529801,0.0021097,0.00189625,9.144327,10.18141,2023-08-01
11981,2023-07-28 14:48:00,19700.0,19619.1,9867900,3800700,70.05,129.05,996900,371450,0.363736,-0.622031,0.00198965,0.00180292,9.157346,10.232074,2023-08-01
17238,2023-07-28 14:48:00,19750.0,19619.1,6574300,758300,51.65,160.4,406050,96200,0.270861,-0.706319,0.00174988,0.00162129,9.184472,10.306528,2023-08-01
22492,2023-07-28 14:48:00,19800.0,19619.1,11699400,3356700,38.25,197.75,490100,74950,0.195851,-0.773025,0.00143453,0.00136979,9.351854,10.678079,2023-08-01
27744,2023-07-28 14:48:00,19850.0,19619.1,3782500,488300,27.9,236.7,207550,24450,0.136992,-0.829195,0.00111842,0.00112694,9.515969,10.930394,2023-08-01
25120,2023-07-28 14:49:00,19350.0,19622.0,40500,1653750,308.1,16.75,1050,86100,0.969042,-0.093337,0.0004518,0.00076177,7.501124,10.627615,2023-08-01
19867,2023-07-28 14:49:00,19400.0,19622.0,531400,4590200,265.5,23.15,16800,224450,0.916313,-0.13428,0.0008919,0.00100344,8.368089,10.46153,2023-08-01
14611,2023-07-28 14:49:00,19450.0,19622.0,213750,2977250,223.4,31.8,10150,217150,0.857751,-0.188487,0.00128355,0.00126913,8.506304,10.325052,2023-08-01
9354,2023-07-28 14:49:00,19500.0,19622.0,1897500,8049300,186.5,43.5,186750,377700,0.773546,-0.257385,0.0016455,0.00152777,8.876866,10.249099,2023-08-01
4094,2023-07-28 14:49:00,19550.0,19622.0,1096350,3169250,151.9,59.25,159700,304600,0.680537,-0.34,0.00192557,0.00173033,9.005909,10.275919,2023-08-01
1463,2023-07-28 14:49:00,19600.0,19622.0,7004000,9304650,120.9,78.15,882100,725000,0.578365,-0.430119,0.00209218,0.0018583,9.074118,10.257564,2023-08-01
6725,2023-07-28 14:49:00,19650.0,19622.0,5071950,2670850,94.15,101.25,698350,266000,0.472461,-0.524021,0.00211353,0.00187904,9.137906,10.284124,2023-08-01
11982,2023-07-28 14:49:00,19700.0,19622.0,9867900,3800700,71.45,128.4,718550,352350,0.369766,-0.615653,0.00199636,0.00179419,9.175908,10.333429,2023-08-01
17239,2023-07-28 14:49:00,19750.0,19622.0,6574300,758300,52.7,160.0,390400,52450,0.276101,-0.698834,0.00176502,0.00161558,9.191904,10.461868,2023-08-01
22493,2023-07-28 14:49:00,19800.0,19622.0,11699400,3356700,39.0,195.45,410500,48450,0.199933,-0.76968,0.00145292,0.0013848,9.348707,10.648834,2023-08-01
27745,2023-07-28 14:49:00,19850.0,19622.0,3782500,488300,28.4,235.0,213500,7100,0.139881,-0.824513,0.00113604,0.0011398,9.502002,10.994099,2023-08-01
25121,2023-07-28 14:50:00,19350.0,19623.8,41100,1659900,311.0,16.6,600,81450,0.962402,-0.09226,0.00050188,0.0007542,7.922167,10.642468,2023-08-01
19868,2023-07-28 14:50:00,19400.0,19623.8,528750,4550250,268.75,22.9,18600,164950,0.909465,-0.132639,0.00090907,0.00099425,8.706767,10.469232,2023-08-01
14612,2023-07-28 14:50:00,19450.0,19623.8,216150,2960150,226.0,31.4,17000,168800,0.855217,-0.18615,0.00127282,0.00125961,8.68081,10.323119,2023-08-01
9355,2023-07-28 14:50:00,19500.0,19623.8,1853100,8111000,188.15,43.05,184600,382750,0.775576,-0.254732,0.00163031,0.00151878,8.914005,10.254158,2023-08-01
4095,2023-07-28 14:50:00,19550.0,19623.8,1011150,3177600,153.15,58.8,144250,247100,0.683939,-0.337143,0.00191612,0.0017217,9.00943,10.293861,2023-08-01
1464,2023-07-28 14:50:00,19600.0,19623.8,6916050,9407500,121.9,77.5,746450,568850,0.582188,-0.426841,0.00208965,0.0018537,9.067072,10.267472,2023-08-01
6726,2023-07-28 14:50:00,19650.0,19623.8,5046400,2728800,94.85,100.35,648400,316700,0.476194,-0.520649,0.00211972,0.0018802,9.116661,10.282594,2023-08-01
11983,2023-07-28 14:50:00,19700.0,19623.8,9745150,3697650,71.8,127.6,607800,253600,0.372778,-0.612189,0.00201067,0.00179502,9.134468,10.355703,2023-08-01
17240,2023-07-28 14:50:00,19750.0,19623.8,6520350,759300,53.1,158.35,324850,72200,0.278765,-0.696868,0.00177775,0.00162852,9.168938,10.409066,2023-08-01
22494,2023-07-28 14:50:00,19800.0,19623.8,11657800,3347800,39.2,194.45,415900,45200,0.201668,-0.76656,0.0014658,0.00139125,9.314696,10.679132,2023-08-01
27746,2023-07-28 14:50:00,19850.0,19623.8,3734250,476350,28.5,233.6,160100,12800,0.140945,-0.822586,0.00114645,0.00114821,9.464249,10.98922,2023-08-01
25122,2023-07-28 14:51:00,19350.0,19620.4,41100,1659900,307.8,17.0,400,84600,0.960709,-0.094742,0.00052048,0.00076965,7.920357,10.637989,2023-08-01
19869,2023-07-28 14:51:00,19400.0,19620.4,528750,4550250,263.2,23.65,11950,194250,0.919542,-0.136727,0.00088537,0.00101247,8.185664,10.499944,2023-08-01
14613,2023-07-28 14:51:00,19450.0,19620.4,216150,2960150,222.35,32.2,9900,149150,0.854442,-0.190689,0.00129699,0.00127748,8.551976,10.333766,2023-08-01
9356,2023-07-28 14:51:00,19500.0,19620.4,1853100,8111000,185.45,44.05,154250,407550,0.770389,-0.260094,0.00165471,0.00153432,8.898719,10.263412,2023-08-01
4096,2023-07-28 14:51:00,19550.0,19620.4,1011150,3177600,150.8,59.6,111550,269850,0.677469,-0.342469,0.00193376,0.00173899,9.005849,10.255545,2023-08-01
1465,2023-07-28 14:51:00,19600.0,19620.4,6916050,9407500,120.4,79.0,693900,774200,0.574648,-0.433211,0.00208559,0.00185772,9.121803,10.277282,2023-08-01
6727,2023-07-28 14:51:00,19650.0,19620.4,5046400,2728800,93.2,102.0,493450,305850,0.469018,-0.52705,0.00211553,0.00187912,9.125789,10.281274,2023-08-01
11984,2023-07-28 14:51:00,19700.0,19620.4,9745150,3697650,70.65,129.25,540250,228950,0.366384,-0.618609,0.00199325,0.0017914,9.164811,10.328282,2023-08-01
17241,2023-07-28 14:51:00,19750.0,19620.4,6520350,759300,52.1,161.0,288200,56000,0.273141,-0.701486,0.00175696,0.00160981,9.18745,10.460102,2023-08-01
22495,2023-07-28 14:51:00,19800.0,19620.4,11657800,3347800,38.5,196.4,466000,178650,0.197395,-0.772358,0.00144318,0.00137864,9.341935,10.629209,2023-08-01
27747,2023-07-28 14:51:00,19850.0,19620.4,3734250,476350,28.05,237.25,173900,12650,0.138005,-0.823466,0.00112602,0.00113081,9.501275,11.126161,2023-08-01
25123,2023-07-28 14:52:00,19350.0,19615.05,41100,1659900,302.1,17.5,1050,62800,0.96208,-0.098183,0.00052025,0.00079297,7.70059,10.603268,2023-08-01
19870,2023-07-28 14:52:00,19400.0,19615.05,528750,4550250,259.4,24.4,11100,142250,0.909638,-0.141656,0.00094357,0.00103991,8.381671,10.476047,2023-08-01
14614,2023-07-28 14:52:00,19450.0,19615.05,216150,2960150,218.2,33.35,6550,159400,0.846244,-0.197538,0.00133925,0.00130595,8.59359,10.331785,2023-08-01
9357,2023-07-28 14:52:00,19500.0,19615.05,1853100,8111000,180.95,45.65,87400,343900,0.762911,-0.268621,0.00169631,0.00155822,8.839441,10.276989,2023-08-01
4097,2023-07-28 14:52:00,19550.0,19615.05,1011150,3177600,147.0,61.75,99900,276700,0.667426,-0.35224,0.00196327,0.00175229,8.984628,10.287598,2023-08-01
1466,2023-07-28 14:52:00,19600.0,19615.05,6916050,9407500,116.7,81.25,472000,720150,0.563821,-0.443173,0.00210918,0.00186564,9.066474,10.277632,2023-08-01
6728,2023-07-28 14:52:00,19650.0,19615.05,5046400,2728800,90.25,104.9,387850,319750,0.457575,-0.537006,0.00211654,0.00187159,9.100526,10.305577,2023-08-01
11985,2023-07-28 14:52:00,19700.0,19615.05,9745150,3697650,68.05,132.45,467800,179750,0.355184,-0.628,0.00198079,0.00177577,9.127947,10.342226,2023-08-01
17242,2023-07-28 14:52:00,19750.0,19615.05,6520350,759300,50.0,164.4,263550,33900,0.263058,-0.710151,0.00173073,0.00158934,9.155039,10.455332,2023-08-01
22496,2023-07-28 14:52:00,19800.0,19615.05,11657800,3347800,36.9,200.4,473050,251150,0.18919,-0.779155,0.00140999,0.00135247,9.320609,10.653786,2023-08-01
27748,2023-07-28 14:52:00,19850.0,19615.05,3734250,476350,26.75,241.25,133400,11000,0.131342,-0.829628,0.001092,0.00110661,9.473535,11.119197,2023-08-01
25124,2023-07-28 14:53:00,19350.0,19617.0,41100,1669650,302.1,17.25,0,82300,0.963095,-0.096647,0.00050885,0.00078378,7.70059,10.604155,2023-08-01
19871,2023-07-28 14:53:00,19400.0,19617.0,527050,4552650,263.4,23.65,10000,179800,0.900111,-0.138135,0.00096454,0.00102866,8.827616,10.410818,2023-08-01
14615,2023-07-28 14:53:00,19450.0,19617.0,216350,2962950,221.15,32.6,11800,161050,0.843205,-0.194017,0.00132502,0.00129711,8.798678,10.289185,2023-08-01
9358,2023-07-28 14:53:00,19500.0,19617.0,1843950,8119050,184.35,44.55,116450,362450,0.760327,-0.264299,0.00166093,0.00155528,9.081354,10.212177,2023-08-01
4098,2023-07-28 14:53:00,19550.0,19617.0,955200,3258300,150.0,60.35,102000,281600,0.668061,-0.347773,0.0019219,0.00175724,9.170939,10.210908,2023-08-01
1467,2023-07-28 14:53:00,19600.0,19617.0,6714000,9518500,119.1,79.75,450200,624900,0.567041,-0.439166,0.0020768,0.00187522,9.195298,10.209648,2023-08-01
6729,2023-07-28 14:53:00,19650.0,19617.0,4971350,2769350,92.3,102.9,346900,274600,0.462187,-0.533737,0.00209421,0.00189158,9.208216,10.204,2023-08-01
11986,2023-07-28 14:53:00,19700.0,19617.0,9632600,3679400,70.0,130.3,397700,175900,0.360791,-0.625807,0.00196642,0.00179709,9.244875,10.238585,2023-08-01
17243,2023-07-28 14:53:00,19750.0,19617.0,6520800,748400,51.45,162.0,260200,49500,0.268403,-0.709301,0.00173182,0.00161016,9.242948,10.334176,2023-08-01
22497,2023-07-28 14:53:00,19800.0,19617.0,11411750,3230500,38.0,197.8,287650,113500,0.193774,-0.779603,0.00141985,0.00136894,9.392544,10.513194,2023-08-01
27749,2023-07-28 14:53:00,19850.0,19617.0,3718350,476350,27.5,238.2,151400,16850,0.134739,-0.831928,0.00110548,0.00111711,9.523835,10.918859,2023-08-01
25125,2023-07-28 14:54:00,19350.0,19615.05,40550,1669650,304.8,17.4,550,83650,0.946306,-0.097778,0.00062385,0.00079203,8.496725,10.585525,2023-08-01
19872,2023-07-28 14:54:00,19400.0,19615.05,527050,4552650,262.4,24.05,6250,229500,0.894935,-0.140396,0.00098626,0.00103913,8.957806,10.422348,2023-08-01
14616,2023-07-28 14:54:00,19450.0,19615.05,216350,2962950,221.7,32.9,8350,143050,0.832176,-0.196161,0.00133723,0.00130816,9.114552,10.272563,2023-08-01
9359,2023-07-28 14:54:00,19500.0,19615.05,1843950,8119050,183.6,45.0,120100,323300,0.755048,-0.267116,0.00166504,0.00156559,9.168228,10.201465,2023-08-01
4099,2023-07-28 14:54:00,19550.0,19615.05,955200,3258300,149.7,61.0,111200,212050,0.662523,-0.351161,0.00191189,0.00176427,9.280728,10.208187,2023-08-01
1468,2023-07-28 14:54:00,19600.0,19615.05,6714000,9518500,118.8,80.35,426150,519600,0.562443,-0.442711,0.00206181,0.00188219,9.281538,10.187335,2023-08-01
6730,2023-07-28 14:54:00,19650.0,19615.05,4971350,2769350,92.1,103.75,321450,216950,0.458478,-0.537481,0.00207513,0.00189257,9.285953,10.192004,2023-08-01
11987,2023-07-28 14:54:00,19700.0,19615.05,9632600,3679400,69.7,131.0,431000,137000,0.35774,-0.62986,0.00194993,0.00179864,9.297436,10.195961,2023-08-01
17244,2023-07-28 14:54:00,19750.0,19615.05,6520800,748400,51.45,163.05,228150,53650,0.266627,-0.712882,0.00171304,0.00160461,9.314746,10.311487,2023-08-01
22498,2023-07-28 14:54:00,19800.0,19615.05,11411750,3230500,38.0,199.0,321150,90950,0.192607,-0.782773,0.00140542,0.00136067,9.455782,10.491261,2023-08-01
27750,2023-07-28 14:54:00,19850.0,19615.05,3718350,478300,27.45,239.4,81950,14550,0.13382,-0.834959,0.00109482,0.00110806,9.573262,10.881517,2023-08-01
25126,2023-07-28 14:55:00,19350.0,19616.45,40550,1669650,306.4,17.2,1000,58700,0.945462,-0.096591,0.0006254,0.00078521,8.581036,10.582375,2023-08-01
19873,2023-07-28 14:55:00,19400.0,19616.45,527050,4552650,264.45,23.85,2600,93200,0.892461,-0.139075,0.00098603,0.00103185,9.111986,10.428733,2023-08-01
14617,2023-07-28 14:55:00,19450.0,19616.45,216350,2962950,222.8,32.45,3450,77550,0.834155,-0.19389,0.00132759,0.00130133,9.110911,10.253793,2023-08-01
9360,2023-07-28 14:55:00,19500.0,19616.45,1843950,8119050,185.5,44.6,51350,188350,0.754908,-0.264904,0.00164644,0.00155912,9.274806,10.200917,2023-08-01
4100,2023-07-28 14:55:00,19550.0,19616.45,955200,3258300,151.3,60.45,59750,149750,0.664006,-0.348602,0.00189361,0.00176067,9.354442,10.20202,2023-08-01
1469,2023-07-28 14:55:00,19600.0,19616.45,6714000,9518500,120.2,79.6,262750,406850,0.564936,-0.439992,0.00204651,0.00188318,9.341585,10.171769,2023-08-01
6731,2023-07-28 14:55:00,19650.0,19616.45,4971350,2769350,93.3,102.8,228450,155600,0.461605,-0.534933,0.00206556,0.00189825,9.33651,10.167573,2023-08-01
11988,2023-07-28 14:55:00,19700.0,19616.45,9632600,3679400,70.7,130.0,237800,119650,0.361094,-0.627592,0.00194719,0.00180559,9.340739,10.176877,2023-08-01
17245,2023-07-28 14:55:00,19750.0,19616.45,6520800,748400,52.1,161.8,124250,20700,0.269459,-0.711333,0.00171845,0.00161438,9.335095,10.275352,2023-08-01
22499,2023-07-28 14:55:00,19800.0,19616.45,11411750,3230500,38.55,197.5,141850,26200,0.195121,-0.782177,0.00141327,0.00137043,9.478054,10.433181,2023-08-01
27751,2023-07-28 14:55:00,19850.0,19616.45,3718350,478300,27.9,237.9,73700,1450,0.135926,-0.834668,0.00110393,0.00111498,9.59668,10.826425,2023-08-01
25127,2023-07-28 14:56:00,19350.0,19619.25,40550,1676850,312.45,16.85,1600,60600,0.929603,-0.094429,0.00069417,0.00077207,9.434204,10.584113,2023-08-01
19874,2023-07-28 14:56:00,19400.0,19619.25,523350,4546350,267.0,23.2,18600,180050,0.894598,-0.135545,0.00096915,0.00101659,9.136804,10.400503,2023-08-01
14618,2023-07-28 14:56:00,19450.0,19619.25,212250,2951000,226.5,31.8,6200,119050,0.83241,-0.190124,0.00130641,0.00128641,9.320772,10.248313,2023-08-01
9361,2023-07-28 14:56:00,19500.0,19619.25,1831300,8094900,187.85,43.55,101100,223550,0.758709,-0.259894,0.00162646,0.00154876,9.309182,10.168682,2023-08-01
4101,2023-07-28 14:56:00,19550.0,19619.25,962750,3204850,153.0,58.9,105750,209100,0.669592,-0.342792,0.00188453,0.00176035,9.336907,10.139689,2023-08-01
1470,2023-07-28 14:56:00,19600.0,19619.25,6696100,9471400,121.65,78.0,423200,480550,0.570794,-0.434469,0.00204534,0.00188684,9.322646,10.129034,2023-08-01
6732,2023-07-28 14:56:00,19650.0,19619.25,4948250,2732550,94.95,100.75,404450,162350,0.46748,-0.52984,0.00206268,0.00191236,9.361312,10.102486,2023-08-01
11989,2023-07-28 14:56:00,19700.0,19619.25,9545300,3625450,71.7,127.8,484900,142250,0.366305,-0.623263,0.00196006,0.00182276,9.323892,10.117334,2023-08-01
17246,2023-07-28 14:56:00,19750.0,19619.25,6485900,738900,53.05,159.0,223100,28300,0.274289,-0.708786,0.00173345,0.0016377,9.335966,10.170248,2023-08-01
22500,2023-07-28 14:56:00,19800.0,19619.25,11343950,3202950,39.1,194.75,327450,46350,0.198484,-0.780295,0.00143144,0.0013888,9.454514,10.345678,2023-08-01
27752,2023-07-28 14:56:00,19850.0,19619.25,3705650,479050,28.55,234.3,153150,5000,0.139271,-0.835838,0.00112116,0.00112943,9.606743,10.638307,2023-08-01
25128,2023-07-28 14:57:00,19350.0,19617.7,41050,1676850,307.2,16.75,150,68100,0.948111,-0.094448,0.0006077,0.00077642,8.490216,10.528029,2023-08-01
19875,2023-07-28 14:57:00,19400.0,19617.7,523350,4546350,263.55,23.4,6150,128600,0.902955,-0.13691,0.00095363,0.00102461,8.74441,10.39181,2023-08-01
14619,2023-07-28 14:57:00,19450.0,19617.7,212250,2951000,221.95,32.05,9400,111600,0.843168,-0.191857,0.00131994,0.00129519,8.836668,10.237397,2023-08-01
9362,2023-07-28 14:57:00,19500.0,19617.7,1831300,8094900,185.6,44.05,65050,198250,0.759327,-0.26247,0.00164826,0.00155549,9.174814,10.177818,2023-08-01
4102,2023-07-28 14:57:00,19550.0,19617.7,962750,3204850,151.15,59.75,72000,157050,0.668132,-0.346001,0.00190616,0.00176079,9.248736,10.174245,2023-08-01
1471,2023-07-28 14:57:00,19600.0,19617.7,6696100,9471400,120.15,78.8,317600,395500,0.568026,-0.437485,0.00206129,0.00188654,9.263429,10.144822,2023-08-01
6733,2023-07-28 14:57:00,19650.0,19617.7,4948250,2732550,93.35,101.85,290250,139300,0.463932,-0.53269,0.00207937,0.00190531,9.280572,10.13582,2023-08-01
11990,2023-07-28 14:57:00,19700.0,19617.7,9545300,3625450,70.6,129.25,375200,106600,0.362601,-0.625393,0.00196317,0.0018096,9.278931,10.174484,2023-08-01
17247,2023-07-28 14:57:00,19750.0,19617.7,6485900,738900,52.15,160.55,178300,14500,0.270709,-0.710225,0.00172985,0.00162479,9.29609,10.228999,2023-08-01
22501,2023-07-28 14:57:00,19800.0,19617.7,11343950,3202950,38.4,196.75,214200,32850,0.195398,-0.780129,0.00142321,0.00137573,9.421009,10.450212,2023-08-01
27753,2023-07-28 14:57:00,19850.0,19617.7,3705650,479050,28.0,236.1,104250,6200,0.136741,-0.835784,0.00111097,0.00112147,9.575999,10.717836,2023-08-01
25129,2023-07-28 14:58:00,19350.0,19614.55,41050,1676850,305.85,17.25,250,81400,0.937936,-0.097302,0.00066874,0.00079236,8.885881,10.547177,2023-08-01
19876,2023-07-28 14:58:00,19400.0,19614.55,523350,4546350,262.8,23.95,5150,114850,0.890598,-0.140227,0.00099852,0.00104136,9.113164,10.395338,2023-08-01
14620,2023-07-28 14:58:00,19450.0,19614.55,212250,2951000,221.35,32.7,4850,71900,0.831273,-0.195845,0.00134065,0.00131243,9.126123,10.232931,2023-08-01
9363,2023-07-28 14:58:00,19500.0,19614.55,1831300,8094900,183.6,45.0,70450,223800,0.753142,-0.267557,0.00166377,0.00156973,9.216919,10.186792,2023-08-01
4103,2023-07-28 14:58:00,19550.0,19614.55,962750,3204850,149.15,61.0,57700,146500,0.661929,-0.351786,0.00191814,0.001769,9.260201,10.19122,2023-08-01
1472,2023-07-28 14:58:00,19600.0,19614.55,6696100,9471400,118.65,80.35,307700,403650,0.561305,-0.443552,0.00205965,0.00188713,9.298896,10.167535,2023-08-01
6734,2023-07-28 14:58:00,19650.0,19614.55,4948250,2732550,92.0,103.85,258450,152650,0.457493,-0.538517,0.00207141,0.00189529,9.303632,10.178591,2023-08-01
11991,2023-07-28 14:58:00,19700.0,19614.55,9545300,3625450,69.55,131.15,291150,119150,0.356827,-0.630983,0.00194712,0.00179976,9.305985,10.183287,2023-08-01
17248,2023-07-28 14:58:00,19750.0,19614.55,6485900,738900,51.3,163.15,161100,28800,0.265784,-0.714202,0.0017101,0.00160526,9.319266,10.288627,2023-08-01
22502,2023-07-28 14:58:00,19800.0,19614.55,11343950,3202950,37.9,199.2,230900,25950,0.191975,-0.783931,0.00140215,0.00135921,9.462315,10.473986,2023-08-01
27754,2023-07-28 14:58:00,19850.0,19614.55,3705650,479050,27.45,237.9,96050,8600,0.133606,-0.841177,0.00109209,0.00110597,9.590178,10.636662,2023-08-01
25130,2023-07-28 14:59:00,19400.0,19626.05,518800,4501400,273.35,21.95,60400,650050,0.898973,-0.128196,0.00093082,0.00098025,9.223843,10.378268,2023-08-01
19877,2023-07-28 14:59:00,19450.0,19626.05,204700,2955500,231.45,30.0,58900,600500,0.843294,-0.180304,0.00126141,0.00125065,9.239432,10.198945,2023-08-01
14621,2023-07-28 14:59:00,19500.0,19626.05,1792650,8029800,192.3,41.3,472100,1189700,0.771525,-0.248416,0.00159123,0.00151964,9.231781,10.119946,2023-08-01
9364,2023-07-28 14:59:00,19550.0,19626.05,923350,3083100,157.3,55.95,416400,973350,0.682856,-0.329805,0.00185869,0.00174593,9.307441,10.069873,2023-08-01
4104,2023-07-28 14:59:00,19600.0,19626.05,6607650,9308450,125.85,74.4,2008600,2067700,0.584504,-0.421088,0.00202722,0.00188997,9.340817,10.048764,2023-08-01
1473,2023-07-28 14:59:00,19650.0,19626.05,4876550,2628050,98.05,96.5,1680550,908800,0.481417,-0.517035,0.00207491,0.00193313,9.326242,10.011992,2023-08-01
6735,2023-07-28 14:59:00,19700.0,19626.05,9488550,3573550,74.6,122.8,1768450,756200,0.379688,-0.612127,0.00198206,0.00185956,9.325803,10.003365,2023-08-01
11992,2023-07-28 14:59:00,19750.0,19626.05,6442200,737950,55.15,153.0,902100,187650,0.285608,-0.700783,0.00177239,0.0016867,9.310858,9.997911,2023-08-01
17249,2023-07-28 14:59:00,19800.0,19626.05,11280800,3168550,40.85,188.4,1127150,193950,0.207991,-0.774732,0.00147371,0.001433,9.442641,10.169707,2023-08-01
22503,2023-07-28 14:59:00,19850.0,19626.05,3707250,453250,29.75,227.85,649550,118950,0.146147,-0.831831,0.00116208,0.00116465,9.574542,10.477652,2023-08-01
27755,2023-07-28 14:59:00,19900.0,19626.05,5831400,563950,21.35,268.75,654500,50650,0.099387,-0.878788,0.00087363,0.00091712,9.711004,10.666787,2023-08-01
25131,2023-07-28 15:00:00,19400.0,19642.05,518800,4501400,285.45,19.15,90350,983900,0.922375,-0.111713,0.00079906,0.00089456,8.823933,10.313052,2023-08-01
19878,2023-07-28 15:00:00,19450.0,19642.05,204700,2955500,242.35,26.1,62800,654900,0.872464,-0.158411,0.0011428,0.00116248,8.863749,10.089962,2023-08-01
14622,2023-07-28 15:00:00,19500.0,19642.05,1792650,8029800,202.0,36.45,627700,1287700,0.804903,-0.222563,0.00150486,0.00144312,8.89277,10.022002,2023-08-01
9365,2023-07-28 15:00:00,19550.0,19642.05,923350,3083100,165.65,50.1,612200,1001650,0.718488,-0.300944,0.00182093,0.00169129,8.993558,9.989501,2023-08-01
4105,2023-07-28 15:00:00,19600.0,19642.05,6607650,9308450,132.7,67.25,3153150,2377900,0.620363,-0.390222,0.00204522,0.00186926,9.030876,9.961351,2023-08-01
1474,2023-07-28 15:00:00,19650.0,19642.05,4876550,2628050,103.85,88.2,2423700,1229600,0.514942,-0.486027,0.00213547,0.00194691,9.058631,9.936838,2023-08-01
6736,2023-07-28 15:00:00,19700.0,19642.05,9488550,3573550,79.25,113.8,2822400,828650,0.40928,-0.582261,0.00207693,0.00189752,9.078438,9.984085,2023-08-01
11993,2023-07-28 15:00:00,19750.0,19642.05,6442200,737950,59.05,143.3,1149050,298250,0.310751,-0.672723,0.00188092,0.00174574,9.110821,10.032457,2023-08-01
17250,2023-07-28 15:00:00,19800.0,19642.05,11280800,3168550,43.95,178.25,1984600,286250,0.228045,-0.74886,0.00158238,0.00150374,9.266836,10.278891,2023-08-01
22504,2023-07-28 15:00:00,19850.0,19642.05,3707250,453250,31.95,215.1,918400,125350,0.160763,-0.814574,0.00126116,0.00124827,9.390576,10.391062,2023-08-01
27756,2023-07-28 15:00:00,19900.0,19642.05,5831400,563950,22.85,256.8,903750,51050,0.109389,-0.860655,0.00095475,0.00099745,9.518398,10.793272,2023-08-01
25132,2023-07-28 15:01:00,19400.0,19644.45,518800,4501400,289.85,17.7,48000,783600,0.913371,-0.105147,0.00082362,0.00087318,9.298497,10.114558,2023-08-01
19879,2023-07-28 15:01:00,19450.0,19644.45,204700,2955500,248.9,24.15,28250,642750,0.856432,-0.150192,0.00114501,0.00114793,9.594124,9.863724,2023-08-01
14623,2023-07-28 15:01:00,19500.0,19644.45,1792650,8029800,207.0,33.95,281300,833450,0.797724,-0.213448,0.00146862,0.00144419,9.312647,9.775628,2023-08-01
9366,2023-07-28 15:01:00,19550.0,19644.45,923350,3083100,169.65,47.3,251500,576000,0.717215,-0.29256,0.00177228,0.00170953,9.26022,9.755555,2023-08-01
4106,2023-07-28 15:01:00,19600.0,19644.45,6607650,9308450,136.4,64.0,1351800,1156200,0.622341,-0.383052,0.00199106,0.00190581,9.261313,9.717378,2023-08-01
1475,2023-07-28 15:01:00,19650.0,19644.45,4876550,2628050,107.05,84.35,1208150,639600,0.519729,-0.480946,0.00209051,0.0020012,9.248267,9.661813,2023-08-01
6737,2023-07-28 15:01:00,19700.0,19644.45,9488550,3573550,81.65,109.0,1554600,553350,0.415504,-0.580646,0.0020548,0.00196807,9.20844,9.633999,2023-08-01
11994,2023-07-28 15:01:00,19750.0,19644.45,6442200,737950,60.95,138.0,756500,202550,0.317243,-0.67517,0.00187605,0.0018119,9.215499,9.636246,2023-08-01
17251,2023-07-28 15:01:00,19800.0,19644.45,11280800,3168550,45.25,171.8,1075700,130850,0.233451,-0.756954,0.00159176,0.0015589,9.333231,9.742605,2023-08-01
22505,2023-07-28 15:01:00,19850.0,19644.45,3707250,453250,32.95,209.8,455250,71350,0.165262,-0.82196,0.0012762,0.00127007,9.447559,9.955868,2023-08-01
27757,2023-07-28 15:01:00,19900.0,19644.45,5831400,563950,23.4,249.9,636350,23050,0.112141,-0.874546,0.00096993,0.00099247,9.537425,10.089655,2023-08-01
25133,2023-07-28 15:02:00,19400.0,19648.95,504500,4308750,293.8,16.85,31750,449600,0.917167,-0.100255,0.00079679,0.00084712,9.29264,10.069495,2023-08-01
19880,2023-07-28 15:02:00,19450.0,19648.95,197950,3267750,250.0,23.1,11050,456450,0.872293,-0.14411,0.00110566,0.00112088,9.168355,9.824234,2023-08-01
14624,2023-07-28 15:02:00,19500.0,19648.95,1732700,7521450,210.05,32.6,151050,1315000,0.80582,-0.206043,0.00144206,0.00142014,9.251799,9.735527,2023-08-01
9367,2023-07-28 15:02:00,19550.0,19648.95,902000,2990650,172.45,45.55,137350,736750,0.726136,-0.283989,0.00175334,0.00169362,9.213787,9.708649,2023-08-01
4107,2023-07-28 15:02:00,19600.0,19648.95,6304300,9337050,138.8,61.75,873250,1037500,0.631905,-0.373763,0.00198472,0.00190306,9.213767,9.65673,2023-08-01
1476,2023-07-28 15:02:00,19650.0,19648.95,4642950,2768150,109.05,81.65,728050,455750,0.529257,-0.471782,0.00209799,0.0020122,9.200458,9.594545,2023-08-01
6738,2023-07-28 15:02:00,19700.0,19648.95,9167850,3548350,83.25,106.8,1037900,375900,0.424342,-0.57163,0.00207498,0.00197251,9.159348,9.653529,2023-08-01
11995,2023-07-28 15:02:00,19750.0,19648.95,6278850,690200,62.1,135.55,517150,74700,0.324647,-0.666468,0.00190605,0.00182502,9.156813,9.667879,2023-08-01
17252,2023-07-28 15:02:00,19800.0,19648.95,10922500,3117900,46.15,168.8,758250,110050,0.239375,-0.749691,0.00162292,0.00158187,9.279869,9.752295,2023-08-01
22506,2023-07-28 15:02:00,19850.0,19648.95,3764150,395150,33.55,205.9,378200,50600,0.169485,-0.817814,0.00130526,0.00129692,9.387353,9.890277,2023-08-01
27758,2023-07-28 15:02:00,19900.0,19648.95,5817500,559700,23.85,245.65,443600,19550,0.11519,-0.872204,0.00099421,0.00101426,9.48272,9.999505,2023-08-01
25134,2023-07-28 15:03:00,19400.0,19644.05,504500,4308750,287.1,17.8,26350,739600,0.924622,-0.105668,0.0007839,0.00087568,8.797293,10.123767,2023-08-01
19881,2023-07-28 15:03:00,19450.0,19644.05,197950,3267750,244.1,24.25,22500,295100,0.874445,-0.150743,0.00112894,0.00115034,8.876666,9.868996,2023-08-01
14625,2023-07-28 15:03:00,19500.0,19644.05,1732700,7521450,203.05,34.2,210700,692150,0.809765,-0.214484,0.00149354,0.00144543,8.824405,9.796697,2023-08-01
9368,2023-07-28 15:03:00,19550.0,19644.05,902000,2990650,166.6,47.6,194950,707400,0.723304,-0.293621,0.00181668,0.001709,8.940729,9.776861,2023-08-01
4108,2023-07-28 15:03:00,19600.0,19644.05,6304300,9337050,133.0,64.7,1240000,1185750,0.625759,-0.384454,0.00205909,0.00189687,8.931569,9.775686,2023-08-01
1477,2023-07-28 15:03:00,19650.0,19644.05,4642950,2768150,104.2,85.4,1174300,583400,0.519324,-0.481881,0.00215196,0.00198381,8.986396,9.749442,2023-08-01
6739,2023-07-28 15:03:00,19700.0,19644.05,9167850,3548350,79.5,110.4,1583250,511600,0.412762,-0.580428,0.0020964,0.00194466,9.013674,9.753008,2023-08-01
11996,2023-07-28 15:03:00,19750.0,19644.05,6278850,690200,58.95,140.25,613750,93550,0.312782,-0.672373,0.00190468,0.00178009,9.023977,9.84465,2023-08-01
17253,2023-07-28 15:03:00,19800.0,19644.05,10922500,3117900,43.6,174.55,989100,136800,0.22853,-0.751447,0.0016029,0.00153438,9.160563,10.019967,2023-08-01
22507,2023-07-28 15:03:00,19850.0,19644.05,3764150,395150,31.75,212.8,389850,36250,0.161021,-0.814461,0.00127413,0.00126098,9.306219,10.291804,2023-08-01
27759,2023-07-28 15:03:00,19900.0,19644.05,5817500,559700,22.6,253.0,566650,35350,0.109026,-0.865735,0.00096175,0.00100114,9.428121,10.485549,2023-08-01
25135,2023-07-28 15:04:00,19400.0,19650.65,504500,4308750,288.65,17.2,31200,470700,0.954206,-0.101157,0.00060752,0.00084374,7.677245,10.176988,2023-08-01
19882,2023-07-28 15:04:00,19450.0,19650.65,197950,3267750,245.8,23.5,24000,324400,0.900656,-0.144796,0.0010371,0.0011123,8.170949,9.932655,2023-08-01
14626,2023-07-28 15:04:00,19500.0,19650.65,1732700,7521450,204.95,33.4,281750,722650,0.832696,-0.207291,0.00145553,0.00140279,8.349092,9.892146,2023-08-01
9369,2023-07-28 15:04:00,19550.0,19650.65,902000,2990650,167.95,46.25,228050,603150,0.744736,-0.283806,0.00182648,0.00166936,8.53463,9.847559,2023-08-01
4109,2023-07-28 15:04:00,19600.0,19650.65,6304300,9337050,134.65,63.15,1266800,1336750,0.643387,-0.373144,0.00208986,0.00186101,8.657091,9.870572,2023-08-01
1478,2023-07-28 15:04:00,19650.0,19650.65,4642950,2768150,105.55,83.6,1202400,728950,0.534292,-0.469126,0.00220271,0.00195587,8.754976,9.866806,2023-08-01
6740,2023-07-28 15:04:00,19700.0,19650.65,9167850,3548350,80.5,108.5,1389350,606950,0.424849,-0.566423,0.0021587,0.00192557,8.807057,9.912551,2023-08-01
11997,2023-07-28 15:04:00,19750.0,19650.65,6278850,690200,59.8,138.1,666700,150050,0.322211,-0.657582,0.00196577,0.00177606,8.85185,10.036723,2023-08-01
17254,2023-07-28 15:04:00,19800.0,19650.65,10922500,3117900,44.3,172.35,888400,167900,0.235605,-0.735998,0.00165648,0.00154425,9.013752,10.271359,2023-08-01
22508,2023-07-28 15:04:00,19850.0,19650.65,3764150,395150,31.9,210.15,414350,49650,0.164776,-0.799839,0.00131857,0.00128667,9.126069,10.562143,2023-08-01
27760,2023-07-28 15:04:00,19900.0,19650.65,5817500,559700,22.75,250.8,482750,45150,0.111588,-0.849619,0.00099405,0.00103973,9.272608,10.898742,2023-08-01
25136,2023-07-28 15:05:00,19400.0,19656.2,494550,4308750,294.0,16.9,15300,367100,0.956354,-0.098271,0.00058012,0.00081948,7.733299,10.257079,2023-08-01
19883,2023-07-28 15:05:00,19450.0,19656.2,195900,3253200,249.0,23.05,14700,199350,0.915317,-0.140573,0.00096054,0.00108148,7.836554,10.011349,2023-08-01
14627,2023-07-28 15:05:00,19500.0,19656.2,1708400,7316350,209.55,32.5,178950,627700,0.840269,-0.200686,0.00140979,0.00136916,8.362879,9.939432,2023-08-01
9370,2023-07-28 15:05:00,19550.0,19656.2,849100,2986800,172.5,45.15,171300,329150,0.753371,-0.275785,0.00178138,0.00163608,8.59106,9.907179,2023-08-01
4110,2023-07-28 15:05:00,19600.0,19656.2,6050500,9196700,138.35,61.4,863150,658850,0.654794,-0.363223,0.00206312,0.00183895,8.664878,9.898898,2023-08-01
1479,2023-07-28 15:05:00,19650.0,19656.2,4513050,2807750,108.6,81.2,873550,413250,0.546539,-0.458305,0.00219761,0.0019497,8.746129,9.871599,2023-08-01
6741,2023-07-28 15:05:00,19700.0,19656.2,9086650,3535300,83.0,105.75,1199600,373850,0.436745,-0.555641,0.00217313,0.00193059,8.793131,9.926427,2023-08-01
11998,2023-07-28 15:05:00,19750.0,19656.2,6209650,671650,61.95,134.3,525000,99650,0.333165,-0.648403,0.00199231,0.00180201,8.851281,9.987462,2023-08-01
17255,2023-07-28 15:05:00,19800.0,19656.2,10694000,3046250,45.95,168.0,1026350,326150,0.244684,-0.728783,0.00169208,0.00157582,9.006074,10.201318,2023-08-01
22509,2023-07-28 15:05:00,19850.0,19656.2,3687350,395750,33.5,205.65,257150,24100,0.17307,-0.793871,0.00135557,0.00131597,9.15969,10.507599,2023-08-01
27761,2023-07-28 15:05:00,19900.0,19656.2,5766650,559150,23.85,245.95,376500,21150,0.117505,-0.845377,0.00102966,0.00106574,9.28542,10.828657,2023-08-01
25137,2023-07-28 15:06:00,19400.0,19658.45,494550,4086200,293.8,16.65,28300,304350,0.97273,-0.096596,0.00043982,0.00080855,6.931965,10.265099,2023-08-01
19884,2023-07-28 15:06:00,19450.0,19658.45,195900,3253200,250.8,22.85,14250,337000,0.918584,-0.13882,0.00093746,0.00106918,7.795118,10.040153,2023-08-01
14628,2023-07-28 15:06:00,19500.0,19658.45,1708400,7316350,211.05,32.15,238300,520800,0.844888,-0.198082,0.00139121,0.00135562,8.312455,9.959871,2023-08-01
9371,2023-07-28 15:06:00,19550.0,19658.45,849100,2986800,174.0,44.35,134850,382200,0.757884,-0.271744,0.00176785,0.00162708,8.570845,9.889217,2023-08-01
4111,2023-07-28 15:06:00,19600.0,19658.45,6050500,9196700,139.5,60.5,749100,717600,0.660045,-0.358957,0.00205969,0.00183328,8.628934,9.889093,2023-08-01
1480,2023-07-28 15:06:00,19650.0,19658.45,4513050,2807750,109.6,80.25,670650,497050,0.551635,-0.453936,0.00220128,0.00194666,8.717452,9.87471,2023-08-01
6742,2023-07-28 15:06:00,19700.0,19658.45,9086650,3535300,84.0,104.55,907250,347650,0.441571,-0.551326,0.00217916,0.00193415,8.784999,9.922425,2023-08-01
11999,2023-07-28 15:06:00,19750.0,19658.45,6209650,671650,62.55,134.1,482450,52200,0.337122,-0.642733,0.00200812,0.0017915,8.822007,10.103063,2023-08-01
17256,2023-07-28 15:06:00,19800.0,19658.45,10694000,3046250,46.55,166.45,1014550,274400,0.248197,-0.725368,0.00170726,0.00158653,8.994234,10.195245,2023-08-01
22510,2023-07-28 15:06:00,19850.0,19658.45,3687350,395750,33.7,204.6,563350,26350,0.174942,-0.789389,0.00137142,0.0013241,9.115751,10.576165,2023-08-01
27762,2023-07-28 15:06:00,19900.0,19658.45,5766650,559150,24.0,245.3,383750,14600,0.118808,-0.839757,0.00104212,0.0010767,9.24602,10.9727,2023-08-01
25138,2023-07-28 15:07:00,19400.0,19662.1,494550,4086200,296.65,15.65,26400,539250,0.978815,-0.091448,0.00037068,0.00078437,6.652153,10.161399,2023-08-01
19885,2023-07-28 15:07:00,19450.0,19662.1,195900,3253200,254.1,21.5,19450,399150,0.92171,-0.132115,0.00090889,0.0010458,7.804894,9.921261,2023-08-01
14629,2023-07-28 15:07:00,19500.0,19662.1,1708400,7316350,213.15,30.55,201300,701600,0.85397,-0.190596,0.00135902,0.00133855,8.173355,9.852001,2023-08-01
9372,2023-07-28 15:07:00,19550.0,19662.1,849100,2986800,174.9,42.7,201850,480250,0.770259,-0.264322,0.00176433,0.00161636,8.34232,9.816038,2023-08-01
4112,2023-07-28 15:07:00,19600.0,19662.1,6050500,9196700,140.45,58.6,1009350,1041900,0.670479,-0.351373,0.00207335,0.00183134,8.467043,9.823971,2023-08-01
1481,2023-07-28 15:07:00,19650.0,19662.1,4513050,2807750,110.4,78.25,1097100,567100,0.560516,-0.446625,0.00222799,0.00195053,8.584832,9.831451,2023-08-01
6743,2023-07-28 15:07:00,19700.0,19662.1,9086650,3535300,84.55,102.15,1430250,461000,0.448768,-0.544529,0.00221519,0.00194846,8.662986,9.868983,2023-08-01
12000,2023-07-28 15:07:00,19750.0,19662.1,6209650,671650,62.75,130.25,595900,131950,0.342236,-0.63854,0.00204942,0.00182998,8.693388,9.929665,2023-08-01
17257,2023-07-28 15:07:00,19800.0,19662.1,10694000,3046250,46.6,163.8,1094850,248950,0.251472,-0.720083,0.00174288,0.00160536,8.871052,10.169055,2023-08-01
22511,2023-07-28 15:07:00,19850.0,19662.1,3687350,395750,33.8,200.95,436350,32750,0.177278,-0.78722,0.00139825,0.00134722,9.015338,10.456143,2023-08-01
27763,2023-07-28 15:07:00,19900.0,19662.1,5766650,559150,24.0,241.4,523500,24250,0.120038,-0.839003,0.00106114,0.00109404,9.14558,10.830886,2023-08-01
25139,2023-07-28 15:08:00,19400.0,19660.85,474750,4086200,295.5,15.95,11200,280000,0.977946,-0.093032,0.00038205,0.00079228,6.678166,10.190149,2023-08-01
19886,2023-07-28 15:08:00,19450.0,19660.85,190400,3253200,252.65,22.05,10000,203250,0.922468,-0.134747,0.00091062,0.00105428,7.733856,9.977422,2023-08-01
14630,2023-07-28 15:08:00,19500.0,19660.85,1581950,7316350,211.25,31.15,182000,434350,0.856244,-0.193331,0.00136739,0.00134431,8.039124,9.897178,2023-08-01
9373,2023-07-28 15:08:00,19550.0,19660.85,747000,2986800,173.7,43.45,87950,353150,0.768897,-0.267311,0.00177713,0.00161795,8.310889,9.863871,2023-08-01
4113,2023-07-28 15:08:00,19600.0,19660.85,5718600,9196700,139.3,59.75,584700,750850,0.6685,-0.354707,0.00208682,0.00182362,8.433827,9.900492,2023-08-01
1482,2023-07-28 15:08:00,19650.0,19660.85,4094550,2807750,109.45,79.6,670800,359100,0.557866,-0.449453,0.00223623,0.00193634,8.563028,9.9142,2023-08-01
6744,2023-07-28 15:08:00,19700.0,19660.85,8710300,3535300,83.6,103.75,818100,305200,0.445773,-0.546482,0.00222169,0.00192882,8.630277,9.965317,2023-08-01
12001,2023-07-28 15:08:00,19750.0,19660.85,6079400,671650,62.25,132.2,361550,70250,0.339674,-0.639126,0.00204367,0.00180665,8.694245,10.053855,2023-08-01
17258,2023-07-28 15:08:00,19800.0,19660.85,10404200,3046250,46.2,165.35,754900,267200,0.249293,-0.720557,0.00173497,0.00159193,8.871778,10.247925,2023-08-01
22512,2023-07-28 15:08:00,19850.0,19660.85,3674350,395750,33.35,202.95,284100,47050,0.175062,-0.786032,0.00138993,0.00133525,8.998679,10.585761,2023-08-01
27764,2023-07-28 15:08:00,19900.0,19660.85,5707400,559150,23.75,243.9,301050,10300,0.118658,-0.835902,0.00105283,0.00108773,9.144234,11.031346,2023-08-01
25140,2023-07-28 15:09:00,19400.0,19660.1,474750,4054000,293.7,16.25,17600,210400,0.985861,-0.094472,0.00028573,0.00079827,6.111193,10.230308,2023-08-01
19887,2023-07-28 15:09:00,19450.0,19660.1,190400,3088150,251.0,22.45,11600,158750,0.927567,-0.136578,0.00088962,0.00105948,7.517092,10.021932,2023-08-01
14631,2023-07-28 15:09:00,19500.0,19660.1,1581950,7365100,209.3,31.9,148050,323450,0.861553,-0.196191,0.00136885,0.00134577,7.829219,9.976456,2023-08-01
9374,2023-07-28 15:09:00,19550.0,19660.1,747000,2955400,171.95,44.55,94600,317300,0.771575,-0.270621,0.00179795,0.00161106,8.16224,9.968682,2023-08-01
4114,2023-07-28 15:09:00,19600.0,19660.1,5718600,9054850,137.6,61.25,427000,1008400,0.669351,-0.35783,0.00211768,0.0018054,8.303407,10.032557,2023-08-01
1483,2023-07-28 15:09:00,19650.0,19660.1,4094550,2875300,108.15,81.1,362150,363850,0.556723,-0.451438,0.00226039,0.00191477,8.476095,10.03341,2023-08-01
6745,2023-07-28 15:09:00,19700.0,19660.1,8710300,3612000,82.4,105.45,628100,262450,0.443529,-0.547262,0.00224153,0.00190352,8.548178,10.096692,2023-08-01
12002,2023-07-28 15:09:00,19750.0,19660.1,6079400,653350,61.35,134.4,321200,54900,0.337024,-0.638066,0.00205215,0.00177698,8.633298,10.233228,2023-08-01
17259,2023-07-28 15:09:00,19800.0,19660.1,10404200,2890100,45.5,167.6,570300,205350,0.246721,-0.718108,0.0017355,0.00156982,8.821227,10.43753,2023-08-01
22513,2023-07-28 15:09:00,19850.0,19660.1,3674350,415500,32.9,204.95,159200,11800,0.173114,-0.783296,0.00138527,0.00132385,8.966123,10.757237,2023-08-01
27765,2023-07-28 15:09:00,19900.0,19660.1,5707400,556300,23.4,245.5,238800,9450,0.117068,-0.83381,0.00104641,0.00108377,9.11406,11.164244,2023-08-01
25141,2023-07-28 15:10:00,19400.0,19661.25,474750,4054000,295.7,15.6,14700,274500,0.979405,-0.091453,0.00036516,0.00078686,6.595013,10.132801,2023-08-01
19888,2023-07-28 15:10:00,19450.0,19661.25,190400,3088150,252.45,21.7,7700,188500,0.926085,-0.133225,0.00089225,0.00105095,7.612166,9.932695,2023-08-01
14632,2023-07-28 15:10:00,19500.0,19661.25,1581950,7365100,210.7,31.0,82000,440150,0.860978,-0.192578,0.00136036,0.00134236,7.900525,9.889544,2023-08-01
9375,2023-07-28 15:10:00,19550.0,19661.25,747000,2955400,173.75,43.4,57250,276150,0.770443,-0.266804,0.00177719,0.00161531,8.280727,9.872051,2023-08-01
4115,2023-07-28 15:10:00,19600.0,19661.25,5718600,9054850,139.35,59.65,433750,678450,0.669766,-0.354035,0.00208952,0.00182171,8.411348,9.905697,2023-08-01
1484,2023-07-28 15:10:00,19650.0,19661.25,4094550,2875300,109.35,79.4,340600,323900,0.558967,-0.44867,0.00224413,0.00193655,8.530685,9.912133,2023-08-01
6746,2023-07-28 15:10:00,19700.0,19661.25,8710300,3612000,83.7,103.15,652900,250700,0.446587,-0.545921,0.00222476,0.00193695,8.622086,9.92666,2023-08-01
12003,2023-07-28 15:10:00,19750.0,19661.25,6079400,653350,62.3,131.75,297850,50300,0.340278,-0.638725,0.00204773,0.00181143,8.684246,10.032625,2023-08-01
17260,2023-07-28 15:10:00,19800.0,19661.25,10404200,2890100,46.1,165.05,562600,183700,0.249353,-0.720028,0.00174016,0.00159416,8.847806,10.244553,2023-08-01
22514,2023-07-28 15:10:00,19850.0,19661.25,3674350,415500,33.2,202.3,207000,14150,0.174758,-0.786475,0.00139325,0.00133916,8.968743,10.543785,2023-08-01
27766,2023-07-28 15:10:00,19900.0,19661.25,5707400,556300,23.5,243.55,452450,6200,0.117828,-0.835627,0.00105314,0.00108958,9.097703,11.026276,2023-08-01
25142,2023-07-28 15:11:00,19400.0,19654.3,470750,4054000,284.85,16.9,11500,284950,,-0.098793,,0.00082665,0.0,10.21381,2023-08-01
19889,2023-07-28 15:11:00,19450.0,19654.3,191750,3088150,241.6,23.45,11550,206400,0.950179,-0.142879,0.00077021,0.00109254,6.481164,10.02598,2023-08-01
14633,2023-07-28 15:11:00,19500.0,19654.3,1512150,7365100,201.7,33.5,140100,463150,0.867378,-0.205012,0.00140945,0.00137673,7.386434,10.017695,2023-08-01
9376,2023-07-28 15:11:00,19550.0,19654.3,714100,2955400,165.5,46.65,127850,415600,0.768115,-0.281008,0.00187348,0.00163352,7.903028,10.01997,2023-08-01
4116,2023-07-28 15:11:00,19600.0,19654.3,5541550,9054850,132.7,64.0,726550,1272850,0.658946,-0.369209,0.00217329,0.00181259,8.193243,10.103814,2023-08-01
1485,2023-07-28 15:11:00,19650.0,19654.3,3984000,2875300,103.25,84.5,632650,491600,0.544328,-0.462857,0.00231311,0.00190476,8.319827,10.12218,2023-08-01
6747,2023-07-28 15:11:00,19700.0,19654.3,8555750,3612000,78.35,109.25,944250,465400,0.429482,-0.557802,0.00226236,0.00188236,8.425271,10.17912,2023-08-01
12004,2023-07-28 15:11:00,19750.0,19654.3,6026750,653350,57.85,138.65,450700,87750,0.322725,-0.647151,0.00204733,0.00174745,8.508414,10.318797,2023-08-01
17261,2023-07-28 15:11:00,19800.0,19654.3,10323250,2890100,42.65,172.95,701600,147800,0.233752,-0.723971,0.00170836,0.00153022,8.705598,10.603685,2023-08-01
22515,2023-07-28 15:11:00,19850.0,19654.3,3663200,415500,30.65,210.9,317150,22450,0.16221,-0.786389,0.00134513,0.00128828,8.858874,10.967583,2023-08-01
27767,2023-07-28 15:11:00,19900.0,19654.3,5662850,556300,21.6,252.4,389500,16550,0.108229,-0.833188,0.00100197,0.00105678,9.003499,11.482448,2023-08-01
25143,2023-07-28 15:12:00,19400.0,19651.55,470750,4080600,283.65,17.05,6150,185450,0.998473,-0.100221,5.493e-05,0.00083873,4.382685,10.17516,2023-08-01
19890,2023-07-28 15:12:00,19450.0,19651.55,191750,3061950,242.55,23.9,6400,123950,0.924321,-0.1458,0.00094149,0.0011082,7.349999,10.022343,2023-08-01
14634,2023-07-28 15:12:00,19500.0,19651.55,1512150,7463900,201.55,34.05,57950,338500,0.852532,-0.208575,0.00144733,0.00139254,7.732728,10.007755,2023-08-01
9377,2023-07-28 15:12:00,19550.0,19651.55,714100,2997350,163.75,47.95,93850,245300,0.761817,-0.286574,0.00189204,0.00163999,7.944031,10.076926,2023-08-01
4117,2023-07-28 15:12:00,19600.0,19651.55,5541550,8937050,130.8,65.5,301250,720300,0.653092,-0.374803,0.0021898,0.00181242,8.185424,10.156021,2023-08-01
1486,2023-07-28 15:12:00,19650.0,19651.55,3984000,2848750,102.15,86.25,354050,372000,0.537763,-0.468247,0.00230443,0.00189732,8.367322,10.176107,2023-08-01
6748,2023-07-28 15:12:00,19700.0,19651.55,8555750,3551550,77.4,111.5,565950,300100,0.423594,-0.562451,0.00224697,0.00186441,8.461339,10.261095,2023-08-01
12005,2023-07-28 15:12:00,19750.0,19651.55,6026750,657300,57.05,139.95,207500,46900,0.317647,-0.652454,0.00202775,0.00174402,8.535686,10.284646,2023-08-01
17262,2023-07-28 15:12:00,19800.0,19651.55,10323250,2785300,42.7,175.9,373200,78350,0.231678,-0.72583,0.00168077,0.00150801,8.806755,10.72654,2023-08-01
22516,2023-07-28 15:12:00,19850.0,19651.55,3663200,414100,30.65,211.75,142350,8900,0.160817,-0.792838,0.00132533,0.00128122,8.942823,10.833759,2023-08-01
27768,2023-07-28 15:12:00,19900.0,19651.55,5662850,552250,21.55,252.3,191250,5750,0.10719,-0.842343,0.00098788,0.00104518,9.070694,11.193439,2023-08-01
25144,2023-07-28 15:13:00,19400.0,19654.8,470750,4080600,288.75,16.7,24700,271900,0.982614,-0.097816,0.00033487,0.00082274,6.230229,10.189431,2023-08-01
19891,2023-07-28 15:13:00,19450.0,19654.8,191750,3061950,244.5,23.2,18450,207050,0.93352,-0.141711,0.00087939,0.00108932,7.122806,10.001334,2023-08-01
14635,2023-07-28 15:13:00,19500.0,19654.8,1512150,7463900,204.8,33.3,145850,594750,0.854511,-0.20405,0.0014181,0.00137452,7.820226,10.007245,2023-08-01
9378,2023-07-28 15:13:00,19550.0,19654.8,714100,2997350,168.0,46.25,92100,329950,0.761759,-0.279617,0.00183959,0.00163449,8.170946,9.991461,2023-08-01
4118,2023-07-28 15:13:00,19600.0,19654.8,5541550,8937050,134.7,63.3,496200,796750,0.656813,-0.367632,0.00213123,0.00182001,8.375922,10.04997,2023-08-01
1487,2023-07-28 15:13:00,19650.0,19654.8,3984000,2848750,105.35,83.45,493600,482000,0.544573,-0.46163,0.00226307,0.00192016,8.504445,10.039567,2023-08-01
6749,2023-07-28 15:13:00,19700.0,19654.8,8555750,3551550,80.05,108.3,600200,376750,0.431826,-0.557288,0.00222628,0.00189564,8.572006,10.111157,2023-08-01
12006,2023-07-28 15:13:00,19750.0,19654.8,6026750,657300,59.2,137.45,430350,77500,0.326063,-0.647595,0.00202748,0.00176256,8.629354,10.227225,2023-08-01
17263,2023-07-28 15:13:00,19800.0,19654.8,10323250,2785300,43.75,171.15,573400,93500,0.237327,-0.726307,0.00170186,0.00154718,8.813626,10.445101,2023-08-01
22517,2023-07-28 15:13:00,19850.0,19654.8,3663200,414100,31.5,209.25,227950,21550,0.165444,-0.789053,0.00134819,0.00129695,8.954039,10.816269,2023-08-01
27769,2023-07-28 15:13:00,19900.0,19654.8,5662850,552250,22.15,249.6,318900,17350,0.110518,-0.839484,0.0010093,0.0010598,9.074795,11.168895,2023-08-01
25145,2023-07-28 15:14:00,19400.0,19651.8,470750,4080600,287.5,17.4,9700,246050,0.969311,-0.101552,0.00048402,0.00084103,6.955662,10.247106,2023-08-01
19892,2023-07-28 15:14:00,19450.0,19651.8,191750,3061950,243.3,24.1,11350,138800,0.921316,-0.146402,0.00095455,0.0011072,7.468318,10.060796,2023-08-01
14636,2023-07-28 15:14:00,19500.0,19651.8,1458000,7463900,204.7,34.35,137750,324300,0.839338,-0.209283,0.00144762,0.00138895,8.183552,10.055304,2023-08-01
9379,2023-07-28 15:14:00,19550.0,19651.8,681450,2997350,167.9,47.75,92000,207000,0.749462,-0.285886,0.00183162,0.00164058,8.434141,10.063388,2023-08-01
4119,2023-07-28 15:14:00,19600.0,19651.8,5541550,8937050,134.5,64.9,407750,438050,0.647263,-0.373728,0.00210507,0.00182048,8.568152,10.103497,2023-08-01
1488,2023-07-28 15:14:00,19650.0,19651.8,3984000,2848750,105.25,85.35,427750,308650,0.537136,-0.46756,0.00222549,0.00191208,8.666769,10.097767,2023-08-01
6750,2023-07-28 15:14:00,19700.0,19651.8,8555750,3551550,80.35,110.25,638750,239050,0.426677,-0.562722,0.00217772,0.00188483,8.744772,10.150447,2023-08-01
12007,2023-07-28 15:14:00,19750.0,19651.8,6026750,657300,59.55,138.9,298100,52700,0.323041,-0.653385,0.00198408,0.00175823,8.786562,10.193071,2023-08-01
17264,2023-07-28 15:14:00,19800.0,19651.8,10252650,2785300,44.2,173.25,490450,68050,0.236167,-0.730716,0.00166825,0.00153334,8.969114,10.456993,2023-08-01
22518,2023-07-28 15:14:00,19850.0,19651.8,3584200,414100,31.8,211.35,197750,8350,0.164942,-0.79312,0.00132652,0.0012834,9.084602,10.808363,2023-08-01
27770,2023-07-28 15:14:00,19900.0,19651.8,5662850,552250,22.6,252.0,254300,12000,0.111308,-0.842426,0.00099819,0.00104625,9.225026,11.17991,2023-08-01
25146,2023-07-28 15:15:00,19400.0,19654.15,455550,4064450,287.1,17.65,46850,294650,0.990746,-0.101835,0.00021713,0.00083421,5.569774,10.351383,2023-08-01
19893,2023-07-28 15:15:00,19450.0,19654.15,188700,3084200,243.95,24.45,19250,228000,0.932648,-0.146571,0.00088698,0.00109522,7.134861,10.178344,2023-08-01
14637,2023-07-28 15:15:00,19500.0,19654.15,1458000,7213900,203.9,34.7,169650,400650,0.855303,-0.208676,0.00142316,0.00137062,7.765483,10.172083,2023-08-01
9380,2023-07-28 15:15:00,19550.0,19654.15,681450,2990050,167.9,48.15,184900,280050,0.759276,-0.284403,0.00183924,0.00161621,8.220583,10.189515,2023-08-01
4120,2023-07-28 15:15:00,19600.0,19654.15,5379250,8744950,134.5,65.35,494350,620150,0.654988,-0.371102,0.0021292,0.00179172,8.402333,10.242154,2023-08-01
1489,2023-07-28 15:15:00,19650.0,19654.15,3817650,2808700,105.1,85.7,446150,387950,0.543035,-0.463517,0.00226089,0.00188421,8.518037,10.237802,2023-08-01
6751,2023-07-28 15:15:00,19700.0,19654.15,8359250,3449250,80.0,110.25,645000,285350,0.430586,-0.557561,0.00221846,0.00186608,8.599303,10.27245,2023-08-01
12008,2023-07-28 15:15:00,19750.0,19654.15,5953900,650400,59.15,139.5,484550,102700,0.325136,-0.646377,0.00202034,0.00173611,8.651602,10.398023,2023-08-01
17265,2023-07-28 15:15:00,19800.0,19654.15,10252650,2736700,43.85,173.75,521950,154550,0.237067,-0.722818,0.00169443,0.0015228,8.84875,10.680936,2023-08-01
22519,2023-07-28 15:15:00,19850.0,19654.15,3584200,414300,31.55,211.45,289350,44500,0.165269,-0.785541,0.00134342,0.00128547,8.981538,11.020795,2023-08-01
27771,2023-07-28 15:15:00,19900.0,19654.15,5580950,551650,22.2,251.0,471450,30700,0.110495,-0.837645,0.00100643,0.00105675,9.101274,11.286949,2023-08-01
25147,2023-07-28 15:16:00,19400.0,19653.5,455550,4064450,293.45,17.05,9950,222800,0.94308,-0.099609,0.00066954,0.00083114,8.289858,10.224807,2023-08-01
19894,2023-07-28 15:16:00,19450.0,19653.5,188700,3084200,249.6,23.65,11550,190500,0.896761,-0.143951,0.00103448,0.00109727,8.432,10.037999,2023-08-01
14638,2023-07-28 15:16:00,19500.0,19653.5,1458000,7213900,208.9,33.5,116250,431350,0.829946,-0.205534,0.00142934,0.00138245,8.599307,9.996108,2023-08-01
9381,2023-07-28 15:16:00,19550.0,19653.5,681450,2990050,172.45,46.2,87150,298850,0.742832,-0.280781,0.00177278,0.00164626,8.835154,9.94328,2023-08-01
4121,2023-07-28 15:16:00,19600.0,19653.5,5379250,8744950,138.65,62.75,444850,740400,0.645672,-0.368681,0.00203092,0.00184187,8.896055,9.943267,2023-08-01
1490,2023-07-28 15:16:00,19650.0,19653.5,3817650,2808700,108.65,82.55,339150,425400,0.539884,-0.463664,0.00216252,0.00195021,8.913951,9.892843,2023-08-01
6752,2023-07-28 15:16:00,19700.0,19653.5,8359250,3449250,82.75,106.95,481700,292800,0.431662,-0.561063,0.00214366,0.00193182,8.904643,9.910907,2023-08-01
12009,2023-07-28 15:16:00,19750.0,19653.5,5953900,650400,61.3,135.15,305600,54750,0.328509,-0.65456,0.00197227,0.00180567,8.900751,9.913585,2023-08-01
17266,2023-07-28 15:16:00,19800.0,19653.5,10252650,2736700,45.45,168.75,369750,110350,0.24101,-0.735551,0.00167161,0.00157476,9.051891,10.090067,2023-08-01
22520,2023-07-28 15:16:00,19850.0,19653.5,3584200,414300,32.6,205.95,162000,18000,0.168536,-0.802175,0.00133764,0.00130989,9.136055,10.31101,2023-08-01
27772,2023-07-28 15:16:00,19900.0,19653.5,5580950,551650,22.9,246.25,162900,9600,0.112971,-0.853975,0.0010089,0.00105029,9.225134,10.588445,2023-08-01
25148,2023-07-28 15:17:00,19400.0,19655.85,455550,4064450,292.15,17.0,15850,159700,0.965674,-0.098703,0.00050881,0.00082168,7.25786,10.273312,2023-08-01
19895,2023-07-28 15:17:00,19450.0,19655.85,174350,3084200,248.8,23.55,5350,134400,0.914184,-0.142504,0.00096667,0.0010846,7.8731,10.085864,2023-08-01
14639,2023-07-28 15:17:00,19500.0,19655.85,1458000,7213900,209.05,33.35,72050,297800,0.84058,-0.203462,0.00141299,0.00136713,8.34209,10.047012,2023-08-01
9382,2023-07-28 15:17:00,19550.0,19655.85,681450,2990050,171.8,46.2,49650,200600,0.754012,-0.278459,0.00178995,0.00162658,8.547058,10.022752,2023-08-01
4122,2023-07-28 15:17:00,19600.0,19655.85,5379250,8744950,138.0,62.6,425600,520650,0.654221,-0.365296,0.00206746,0.00182252,8.661154,10.017867,2023-08-01
1491,2023-07-28 15:17:00,19650.0,19655.85,3817650,2808700,108.2,82.6,431000,328600,0.545805,-0.459485,0.00220332,0.0019269,8.734552,10.001996,2023-08-01
6753,2023-07-28 15:17:00,19700.0,19655.85,8359250,3449250,82.1,106.5,577950,253150,0.435354,-0.556067,0.00219027,0.0019205,8.728574,9.987625,2023-08-01
12010,2023-07-28 15:17:00,19750.0,19655.85,5953900,650400,61.0,135.35,227350,43900,0.330855,-0.647929,0.00200609,0.00178862,8.775484,10.077717,2023-08-01
17267,2023-07-28 15:17:00,19800.0,19655.85,10252650,2736700,45.1,168.95,308500,73250,0.241967,-0.727953,0.00169781,0.00156732,8.931128,10.283116,2023-08-01
22521,2023-07-28 15:17:00,19850.0,19655.85,3584200,414300,32.4,205.7,110050,12600,0.169073,-0.795089,0.00135471,0.00131536,9.039116,10.486681,2023-08-01
27773,2023-07-28 15:17:00,19900.0,19655.85,5580950,551650,22.7,246.2,184000,4550,0.112947,-0.846038,0.00101905,0.00106387,9.131565,10.828539,2023-08-01
25149,2023-07-28 15:18:00,19400.0,19653.9,434600,4033850,289.8,17.6,4850,177300,0.968103,-0.101692,0.00049123,0.0008347,7.077702,10.337548,2023-08-01
19896,2023-07-28 15:18:00,19450.0,19653.9,174350,3061800,246.0,24.35,2550,117400,0.918377,-0.146307,0.00095823,0.00109642,7.650542,10.157712,2023-08-01
14640,2023-07-28 15:18:00,19500.0,19653.9,1424650,7082100,206.3,34.65,52300,264900,0.842834,-0.208685,0.00142965,0.00137272,8.169712,10.159468,2023-08-01
9383,2023-07-28 15:18:00,19550.0,19653.9,648600,2895250,169.6,47.85,64300,179800,0.752812,-0.283994,0.00181441,0.00162216,8.455403,10.147932,2023-08-01
4123,2023-07-28 15:18:00,19600.0,19653.9,5277350,8520100,135.8,64.6,219800,350450,0.651787,-0.370501,0.002097,0.00180668,8.562925,10.154787,2023-08-01
1492,2023-07-28 15:18:00,19650.0,19653.9,3523700,2722100,106.35,84.95,232450,325100,0.541825,-0.463728,0.00222499,0.00190063,8.660644,10.152615,2023-08-01
6754,2023-07-28 15:18:00,19700.0,19653.9,8225450,3401750,80.8,109.35,398050,194700,0.43078,-0.558673,0.00219537,0.00188439,8.692857,10.171191,2023-08-01
12011,2023-07-28 15:18:00,19750.0,19653.9,5808750,656200,59.65,138.0,221100,57050,0.325795,-0.649216,0.00200777,0.00175989,8.715341,10.230605,2023-08-01
17268,2023-07-28 15:18:00,19800.0,19653.9,10066000,2692150,44.2,172.15,309150,62950,0.237835,-0.726917,0.00168836,0.00153952,8.898778,10.490558,2023-08-01
22522,2023-07-28 15:18:00,19850.0,19653.9,3528450,384350,31.6,208.65,115550,13500,0.165292,-0.793562,0.00134153,0.00129876,8.997468,10.669599,2023-08-01
27774,2023-07-28 15:18:00,19900.0,19653.9,5586950,544550,22.1,249.1,203700,6000,0.11001,-0.844002,0.00100425,0.00105539,9.094786,11.012686,2023-08-01
25150,2023-07-28 15:19:00,19400.0,19652.0,434600,4033850,285.25,17.95,7300,294750,0.987959,-0.103659,0.00026367,0.0008451,5.771398,10.35546,2023-08-01
19897,2023-07-28 15:19:00,19450.0,19652.0,174350,3061800,241.7,24.8,7950,117350,0.932612,-0.148805,0.00089614,0.00110717,7.068189,10.175719,2023-08-01
14641,2023-07-28 15:19:00,19500.0,19652.0,1424650,7082100,202.45,35.15,73100,350600,0.850575,-0.211469,0.00144446,0.0013826,7.821274,10.167609,2023-08-01
9384,2023-07-28 15:19:00,19550.0,19652.0,648600,2895250,166.1,48.6,91800,182250,0.755912,-0.287478,0.00185874,0.00162837,8.199491,10.169907,2023-08-01
4124,2023-07-28 15:19:00,19600.0,19652.0,5277350,8520100,132.75,65.75,261300,409550,0.650978,-0.374488,0.00214773,0.00180467,8.369308,10.202849,2023-08-01
1493,2023-07-28 15:19:00,19650.0,19652.0,3523700,2722100,103.65,86.5,301500,310900,0.538243,-0.467541,0.00227013,0.00188922,8.497717,10.224228,2023-08-01
6755,2023-07-28 15:19:00,19700.0,19652.0,8225450,3401750,78.55,111.35,442600,216500,0.425414,-0.561612,0.0022245,0.00186408,8.559383,10.272312,2023-08-01
12012,2023-07-28 15:19:00,19750.0,19652.0,5808750,656200,57.9,140.7,242800,45850,0.319917,-0.650262,0.00201732,0.00173107,8.610613,10.391542,2023-08-01
17269,2023-07-28 15:19:00,19800.0,19652.0,10066000,2692150,42.7,175.3,287100,57250,0.231986,-0.725877,0.00168511,0.00151304,8.795709,10.696202,2023-08-01
22523,2023-07-28 15:19:00,19850.0,19652.0,3528450,384350,30.6,212.45,126100,18150,0.160815,-0.789746,0.00132842,0.00127861,8.927136,10.957432,2023-08-01
27775,2023-07-28 15:19:00,19900.0,19652.0,5586950,544550,21.4,253.8,202500,7150,0.106693,-0.836759,0.00098851,0.00104702,9.039895,11.437457,2023-08-01
25151,2023-07-28 15:20:00,19400.0,19640.8,434600,4033850,277.0,18.9,16550,377700,0.964164,-0.111022,0.00055254,0.00089789,6.93079,10.247665,2023-08-01
19898,2023-07-28 15:20:00,19450.0,19640.8,174350,3061800,235.0,26.45,19050,280550,0.901728,-0.160144,0.00108426,0.0011698,7.768423,10.116692,2023-08-01
14642,2023-07-28 15:20:00,19500.0,19640.8,1424650,7082100,195.0,37.3,206500,636250,0.826211,-0.225792,0.00154512,0.00144629,8.074069,10.100222,2023-08-01
9385,2023-07-28 15:20:00,19550.0,19640.8,648600,2895250,158.8,51.3,181950,461450,0.731887,-0.304597,0.00192696,0.00168656,8.311708,10.089864,2023-08-01
4125,2023-07-28 15:20:00,19600.0,19640.8,5277350,8520100,126.65,69.25,760150,1215350,0.624913,-0.394138,0.00217077,0.00184694,8.491989,10.128083,2023-08-01
1494,2023-07-28 15:20:00,19650.0,19640.8,3523700,2722100,98.3,90.55,684500,632200,0.512651,-0.488676,0.00225759,0.00191507,8.585689,10.122325,2023-08-01
6756,2023-07-28 15:20:00,19700.0,19640.8,8225450,3401750,74.35,116.8,889350,495750,0.401802,-0.582815,0.00217145,0.00185575,8.658851,10.224134,2023-08-01
12013,2023-07-28 15:20:00,19750.0,19640.8,5808750,656200,54.75,146.5,477350,159750,0.300011,-0.67105,0.00193809,0.00170835,8.72082,10.291592,2023-08-01
17270,2023-07-28 15:20:00,19800.0,19640.8,10066000,2692150,40.25,181.2,699850,187450,0.216159,-0.746187,0.00160162,0.00148038,8.895873,10.518356,2023-08-01
22524,2023-07-28 15:20:00,19850.0,19640.8,3528450,384350,28.7,220.5,354400,64050,0.148689,-0.804099,0.00125017,0.00122806,9.012984,10.944046,2023-08-01
27776,2023-07-28 15:20:00,19900.0,19640.8,5586950,544550,20.05,261.9,345300,35800,0.098178,-0.849898,0.00092215,0.00099815,9.127653,11.360114,2023-08-01
25152,2023-07-28 15:21:00,19400.0,19642.8,435300,3979450,275.75,19.55,6750,281650,0.990019,-0.112876,0.00023941,0.00089419,5.402559,10.412551,2023-08-01
19899,2023-07-28 15:21:00,19450.0,19642.8,168800,3016400,233.0,27.1,2850,195450,0.926483,-0.161354,0.00097061,0.00115821,6.981991,10.268082,2023-08-01
14643,2023-07-28 15:21:00,19500.0,19642.8,1336200,6899950,193.75,38.3,109200,611600,0.842198,-0.227021,0.00153186,0.00142415,7.651206,10.288606,2023-08-01
9386,2023-07-28 15:21:00,19550.0,19642.8,549650,2719150,158.55,52.6,73150,300200,0.740809,-0.304961,0.0019414,0.00165202,8.108569,10.306163,2023-08-01
4126,2023-07-28 15:21:00,19600.0,19642.8,5231100,8213300,126.3,70.75,326950,736050,0.631754,-0.392785,0.00220247,0.00180312,8.320215,10.364193,2023-08-01
1495,2023-07-28 15:21:00,19650.0,19642.8,3434500,2568150,98.0,92.35,483050,403750,0.517384,-0.485135,0.00229367,0.00186431,8.446754,10.394729,2023-08-01
6757,2023-07-28 15:21:00,19700.0,19642.8,8155350,3297950,74.0,118.25,587550,317150,0.404732,-0.577126,0.00220743,0.00181632,8.5334,10.476644,2023-08-01
12014,2023-07-28 15:21:00,19750.0,19642.8,5779600,632850,54.45,148.45,304950,76050,0.301585,-0.662639,0.00196707,0.0016721,8.612518,10.620014,2023-08-01
17271,2023-07-28 15:21:00,19800.0,19642.8,10029300,2648550,39.9,183.55,525200,114000,0.216538,-0.735156,0.00162277,0.0014566,8.788743,10.927486,2023-08-01
22525,2023-07-28 15:21:00,19850.0,19642.8,3513800,396650,28.5,222.35,215800,79850,0.148863,-0.793142,0.00126306,0.00122419,8.927767,11.342508,2023-08-01
27777,2023-07-28 15:21:00,19900.0,19642.8,5545250,535700,19.85,263.65,271850,32700,0.097922,-0.838627,0.00092893,0.00100797,9.043542,11.799409,2023-08-01
25153,2023-07-28 15:22:00,19400.0,19643.9,435300,3979450,277.35,18.9,16800,321950,0.985664,-0.109974,0.00030676,0.00088502,5.771819,10.326377,2023-08-01
19900,2023-07-28 15:22:00,19450.0,19643.9,168800,3016400,235.75,26.25,11300,145850,0.916424,-0.157855,0.00101337,0.00115233,7.37048,10.173728,2023-08-01
14644,2023-07-28 15:22:00,19500.0,19643.9,1336200,6899950,195.65,37.1,74100,477350,0.839193,-0.222884,0.00152087,0.00142563,7.802541,10.171637,2023-08-01
9387,2023-07-28 15:22:00,19550.0,19643.9,549650,2719150,160.1,50.85,60950,284400,0.740655,-0.300397,0.00192061,0.00166649,8.199086,10.148212,2023-08-01
4127,2023-07-28 15:22:00,19600.0,19643.9,5231100,8213300,127.25,68.75,346550,649150,0.633779,-0.389156,0.00219152,0.00182735,8.34679,10.200362,2023-08-01
1496,2023-07-28 15:22:00,19650.0,19643.9,3434500,2568150,99.15,90.15,348550,365400,0.519796,-0.48288,0.00227816,0.0018948,8.502094,10.225476,2023-08-01
6758,2023-07-28 15:22:00,19700.0,19643.9,8155350,3297950,75.0,115.6,663650,301550,0.407704,-0.576709,0.00219853,0.0018531,8.583773,10.271128,2023-08-01
12015,2023-07-28 15:22:00,19750.0,19643.9,5779600,632850,55.0,145.9,274200,67750,0.304067,-0.66371,0.00197074,0.00170115,8.62836,10.426096,2023-08-01
17272,2023-07-28 15:22:00,19800.0,19643.9,10029300,2648550,40.35,181.25,351550,133100,0.218719,-0.736881,0.00162931,0.0014749,8.804516,10.756358,2023-08-01
22526,2023-07-28 15:22:00,19850.0,19643.9,3513800,396650,28.85,219.3,192700,48050,0.150632,-0.797504,0.00127101,0.00123812,8.942409,11.073912,2023-08-01
27778,2023-07-28 15:22:00,19900.0,19643.9,5545250,535700,20.1,261.0,205700,42100,0.09921,-0.842503,0.00093671,0.0010124,9.054931,11.5627,2023-08-01
25154,2023-07-28 15:23:00,19400.0,19641.65,435300,3979450,274.25,19.75,10950,285300,0.993132,-0.114023,0.00018342,0.00090027,5.079444,10.419378,2023-08-01
19901,2023-07-28 15:23:00,19450.0,19641.65,168800,3016400,231.0,27.4,26300,201350,0.931813,-0.162954,0.00094638,0.00116448,6.759976,10.280967,2023-08-01
14645,2023-07-28 15:23:00,19500.0,19641.65,1336200,6899950,191.75,38.65,91850,451650,0.845498,-0.228828,0.00154305,0.00142958,7.4924,10.297733,2023-08-01
9388,2023-07-28 15:23:00,19550.0,19641.65,549650,2719150,156.5,52.95,77750,302000,0.742295,-0.306838,0.0019711,0.00165693,7.964471,10.305963,2023-08-01
4128,2023-07-28 15:23:00,19600.0,19641.65,5231100,8213300,124.7,71.25,288000,595400,0.630556,-0.394917,0.00222948,0.00180504,8.230074,10.371026,2023-08-01
1497,2023-07-28 15:23:00,19650.0,19641.65,3434500,2568150,96.8,93.25,282500,336000,0.514811,-0.487317,0.00231003,0.00185831,8.391052,10.432672,2023-08-01
6759,2023-07-28 15:23:00,19700.0,19641.65,8155350,3297950,73.25,119.65,439000,240950,0.401918,-0.578619,0.00220955,0.00180177,8.512037,10.555785,2023-08-01
12016,2023-07-28 15:23:00,19750.0,19641.65,5779600,632850,53.75,149.5,247300,110700,0.298676,-0.664044,0.00196534,0.00166398,8.584412,10.657024,2023-08-01
17273,2023-07-28 15:23:00,19800.0,19641.65,10029300,2648550,39.55,185.2,386700,90600,0.214605,-0.735015,0.00161489,0.0014445,8.787874,11.024572,2023-08-01
22527,2023-07-28 15:23:00,19850.0,19641.65,3513800,396650,28.25,223.35,218400,51900,0.147415,-0.794171,0.00125487,0.00121868,8.929549,11.362784,2023-08-01
27779,2023-07-28 15:23:00,19900.0,19641.65,5545250,535700,19.8,265.0,235050,34350,0.097399,-0.838561,0.0009231,0.00100326,9.067108,11.86072,2023-08-01
25155,2023-07-28 15:24:00,19400.0,19638.45,426600,3886950,268.2,20.8,18800,271450,,-0.119119,,0.00092007,0.0,10.518916,2023-08-01
19902,2023-07-28 15:24:00,19450.0,19638.45,159150,2937600,226.7,28.75,24250,195650,0.938714,-0.169142,0.00091763,0.00118098,6.418961,10.387027,2023-08-01
14646,2023-07-28 15:24:00,19500.0,19638.45,1266150,6630500,188.1,40.7,116350,529550,0.84553,-0.236683,0.00157574,0.00143538,7.337833,10.452885,2023-08-01
9389,2023-07-28 15:24:00,19550.0,19638.45,528600,2599150,153.05,55.5,88750,399250,0.739395,-0.314927,0.0020166,0.00164876,7.831876,10.477325,2023-08-01
4129,2023-07-28 15:24:00,19600.0,19638.45,5062100,7833000,121.4,74.3,343350,732850,0.625299,-0.402351,0.00227675,0.00178226,8.097852,10.558296,2023-08-01
1498,2023-07-28 15:24:00,19650.0,19638.45,3434700,2438050,94.4,96.6,437000,435600,0.507442,-0.493311,0.0023299,0.00182673,8.325864,10.619574,2023-08-01
6760,2023-07-28 15:24:00,19700.0,19638.45,8123300,3232650,71.05,123.45,590000,304100,0.393903,-0.582696,0.00221786,0.00176362,8.436746,10.763921,2023-08-01
12017,2023-07-28 15:24:00,19750.0,19638.45,5759350,597750,52.1,154.2,365000,99450,0.291246,-0.665119,0.00195486,0.00161904,8.53297,10.941829,2023-08-01
17274,2023-07-28 15:24:00,19800.0,19638.45,9996550,2602950,38.35,190.1,425850,111150,0.208558,-0.733938,0.00159451,0.00140917,8.754671,11.327069,2023-08-01
22528,2023-07-28 15:24:00,19850.0,19638.45,3503350,363500,27.4,229.1,257500,45350,0.142866,-0.789696,0.00123175,0.00119172,8.909495,11.771282,2023-08-01
27780,2023-07-28 15:24:00,19900.0,19638.45,5534900,504650,19.0,271.0,245750,19700,0.093353,-0.832421,0.00089939,0.00098958,9.022228,12.322307,2023-08-01
25156,2023-07-28 15:25:00,19400.0,19637.85,426600,3886950,271.0,20.9,13600,299050,0.987811,-0.119701,0.00028101,0.00092316,5.479735,10.521042,2023-08-01
19903,2023-07-28 15:25:00,19450.0,19637.85,159150,2937600,230.0,28.9,16400,244600,0.912376,-0.16995,0.00106131,0.00118416,7.295392,10.392079,2023-08-01
14647,2023-07-28 15:25:00,19500.0,19637.85,1266150,6630500,191.0,40.55,127050,629950,0.828596,-0.236758,0.00157737,0.0014409,7.844172,10.415906,2023-08-01
9390,2023-07-28 15:25:00,19550.0,19637.85,528600,2599150,156.0,55.15,88500,379150,0.728034,-0.314953,0.00195964,0.00165846,8.236457,10.41763,2023-08-01
4130,2023-07-28 15:25:00,19600.0,19637.85,5062100,7833000,124.15,73.65,360450,739850,0.619346,-0.402631,0.00219822,0.00179829,8.429158,10.467283,2023-08-01
1499,2023-07-28 15:25:00,19650.0,19637.85,3434700,2438050,96.5,95.7,357350,411250,0.505967,-0.494398,0.00226418,0.00184744,8.56907,10.502161,2023-08-01
6761,2023-07-28 15:25:00,19700.0,19637.85,8123300,3232650,72.65,121.9,661300,427050,0.394922,-0.585302,0.00217125,0.00179249,8.62499,10.576786,2023-08-01
12018,2023-07-28 15:25:00,19750.0,19637.85,5759350,597750,53.45,152.4,386950,73150,0.293756,-0.669453,0.00192525,0.00164458,8.699844,10.717707,2023-08-01
17275,2023-07-28 15:25:00,19800.0,19637.85,9996550,2602950,39.25,188.1,497550,158450,0.210946,-0.739786,0.00158259,0.00142673,8.880873,11.062676,2023-08-01
22529,2023-07-28 15:25:00,19850.0,19637.85,3503350,363500,27.95,226.8,283400,45700,0.14462,-0.797098,0.00122929,0.00120009,9.002193,11.445068,2023-08-01
27781,2023-07-28 15:25:00,19900.0,19637.85,5534900,504650,19.4,268.3,418650,26900,0.09479,-0.841393,0.00090155,0.00098805,9.103662,11.909159,2023-08-01
25157,2023-07-28 15:26:00,19400.0,19641.3,426600,3886950,273.0,20.75,8900,151300,,-0.117916,,0.00090788,0.0,10.584224,2023-08-01
19904,2023-07-28 15:26:00,19450.0,19641.3,159150,2937600,231.5,28.55,6550,182550,0.925905,-0.166964,0.00098087,0.00116533,6.953971,10.439409,2023-08-01
14648,2023-07-28 15:26:00,19500.0,19641.3,1266150,6630500,192.2,40.25,51300,417050,0.841356,-0.233313,0.00154688,0.00141935,7.607284,10.487837,2023-08-01
9391,2023-07-28 15:26:00,19550.0,19641.3,528600,2599150,157.45,54.55,64600,218350,0.737865,-0.310163,0.00195287,0.00163856,8.112061,10.473723,2023-08-01
4131,2023-07-28 15:26:00,19600.0,19641.3,5062100,7833000,125.1,72.65,233350,512250,0.628786,-0.396771,0.00221514,0.00178503,8.298529,10.503526,2023-08-01
1500,2023-07-28 15:26:00,19650.0,19641.3,3434700,2438050,97.25,94.6,333050,329350,0.513906,-0.488066,0.00229274,0.00183778,8.457383,10.552786,2023-08-01
6762,2023-07-28 15:26:00,19700.0,19641.3,8123300,3232650,73.1,120.75,549800,323700,0.401137,-0.578567,0.0022083,0.00178668,8.514899,10.648174,2023-08-01
12019,2023-07-28 15:26:00,19750.0,19641.3,5759350,597750,53.8,151.2,224350,61600,0.298375,-0.662399,0.00196026,0.00164373,8.605105,10.811818,2023-08-01
17276,2023-07-28 15:26:00,19800.0,19641.3,9996550,2602950,39.7,186.85,323350,84700,0.214793,-0.732642,0.00161046,0.00143114,8.818958,11.18093,2023-08-01
22530,2023-07-28 15:26:00,19850.0,19641.3,3503350,363500,28.15,225.6,170250,20100,0.146871,-0.789752,0.00125228,0.00120902,8.928332,11.601332,2023-08-01
27782,2023-07-28 15:26:00,19900.0,19641.3,5534900,504650,19.5,267.0,211500,12350,0.096091,-0.834342,0.000918,0.00100134,9.029965,12.087561,2023-08-01
25158,2023-07-28 15:27:00,19400.0,19641.15,414300,3795050,274.0,21.05,52650,176250,0.990657,-0.11908,0.00022989,0.00091019,5.314004,10.631976,2023-08-01
19905,2023-07-28 15:27:00,19450.0,19641.15,147650,2801950,231.45,28.8,15100,170050,0.925179,-0.167859,0.0009854,0.00116586,6.974435,10.471677,2023-08-01
14649,2023-07-28 15:27:00,19500.0,19641.15,1257300,6446300,192.6,40.55,61100,484000,0.838646,-0.2342,0.00154808,0.00141801,7.686776,10.520845,2023-08-01
9392,2023-07-28 15:27:00,19550.0,19641.15,501400,2392250,157.5,55.0,53750,263700,0.737085,-0.311134,0.00195124,0.00163388,8.131957,10.519018,2023-08-01
4132,2023-07-28 15:27:00,19600.0,19641.15,4945950,7551100,125.05,73.1,252050,532600,0.628377,-0.39741,0.00221464,0.00177902,8.304132,10.544581,2023-08-01
1501,2023-07-28 15:27:00,19650.0,19641.15,3288750,2244100,97.25,94.9,254750,304350,0.513547,-0.488362,0.00229061,0.00183391,8.466282,10.576284,2023-08-01
6763,2023-07-28 15:27:00,19700.0,19641.15,7958750,3176000,73.1,120.85,407750,332400,0.40088,-0.578828,0.00220621,0.00178621,8.522373,10.650539,2023-08-01
12020,2023-07-28 15:27:00,19750.0,19641.15,5690600,572750,53.7,151.15,268600,61700,0.29797,-0.66287,0.00196017,0.00164515,8.600959,10.797626,2023-08-01
17277,2023-07-28 15:27:00,19800.0,19641.15,9899350,2558800,39.65,187.2,400950,165500,0.214522,-0.732363,0.00160946,0.00142849,8.81879,11.208647,2023-08-01
22531,2023-07-28 15:27:00,19850.0,19641.15,3447800,350700,28.3,226.0,207950,25400,0.147345,-0.789248,0.00125158,0.0012072,8.953507,11.636247,2023-08-01
27783,2023-07-28 15:27:00,19900.0,19641.15,5347150,487150,19.75,267.4,223500,40750,0.09704,-0.833761,0.00092018,0.00100062,9.07475,12.12488,2023-08-01
25159,2023-07-28 15:28:00,19400.0,19637.05,414300,3795050,270.0,21.15,45300,154000,0.989494,-0.120903,0.00025402,0.00092791,5.329216,10.544327,2023-08-01
19906,2023-07-28 15:28:00,19450.0,19637.05,147650,2801950,228.45,29.15,7300,140650,0.91667,-0.17118,0.00104718,0.00118833,7.122928,10.406653,2023-08-01
14650,2023-07-28 15:28:00,19500.0,19637.05,1257300,6446300,189.6,40.8,56800,359200,0.83067,-0.238013,0.00158726,0.00144455,7.737122,10.422926,2023-08-01
9393,2023-07-28 15:28:00,19550.0,19637.05,501400,2392250,154.5,55.25,50800,305650,0.72909,-0.315994,0.00198213,0.00166385,8.129681,10.401628,2023-08-01
4133,2023-07-28 15:28:00,19600.0,19637.05,4945950,7551100,122.45,73.75,269950,556250,0.619247,-0.403882,0.0022318,0.00180384,8.305514,10.446501,2023-08-01
1502,2023-07-28 15:28:00,19650.0,19637.05,3288750,2244100,94.65,95.65,286250,209400,0.504149,-0.495891,0.00230256,0.00185534,8.429238,10.461106,2023-08-01
6764,2023-07-28 15:28:00,19700.0,19637.05,7958750,3176000,70.95,122.0,568000,155300,0.391458,-0.587046,0.00220051,0.00179676,8.492103,10.544572,2023-08-01
12021,2023-07-28 15:28:00,19750.0,19637.05,5690600,572750,52.0,153.25,308700,41650,0.28945,-0.670236,0.00193974,0.00163765,8.578167,10.756114,2023-08-01
17278,2023-07-28 15:28:00,19800.0,19637.05,9899350,2558800,38.0,189.0,512950,142150,0.20644,-0.740209,0.00158421,0.00142073,8.762265,11.103422,2023-08-01
22532,2023-07-28 15:28:00,19850.0,19637.05,3447800,350700,27.3,227.9,206250,10050,0.141862,-0.796821,0.00122232,0.00119485,8.939285,11.50803,2023-08-01
27784,2023-07-28 15:28:00,19900.0,19637.05,5347150,487150,18.95,269.55,195100,20100,0.092768,-0.840527,0.00089255,0.00098491,9.053036,11.993365,2023-08-01
25160,2023-07-28 15:29:00,19400.0,19638.0,414300,3795050,274.35,19.7,11800,277750,0.962489,-0.115049,0.00057331,0.00091528,6.940392,10.321349,2023-08-01
19907,2023-07-28 15:29:00,19450.0,19638.0,147650,2801950,225.35,26.4,6150,206000,0.945353,-0.161366,0.0008718,0.00118615,6.176887,10.036057,2023-08-01
14651,2023-07-28 15:29:00,19500.0,19638.0,1257300,6446300,191.7,38.4,74850,480450,0.826254,-0.230926,0.00157411,0.00145807,7.931467,10.155437,2023-08-01
9394,2023-07-28 15:29:00,19550.0,19638.0,501400,2392250,156.8,52.35,66400,376700,0.726349,-0.309635,0.00194628,0.00169645,8.321262,10.113173,2023-08-01
4134,2023-07-28 15:29:00,19600.0,19638.0,4945950,7551100,123.0,71.0,320750,565350,0.621434,-0.399962,0.00222921,0.00184266,8.300842,10.201068,2023-08-01
1503,2023-07-28 15:29:00,19650.0,19638.0,3288750,2244100,97.0,92.8,383000,337900,0.506272,-0.494096,0.00225316,0.00189886,8.613778,10.22116,2023-08-01
6765,2023-07-28 15:29:00,19700.0,19638.0,7958750,3176000,71.0,117.0,486150,213700,0.393067,-0.589267,0.00221273,0.00187428,8.455208,10.095947,2023-08-01
12022,2023-07-28 15:29:00,19750.0,19638.0,5690600,572750,52.0,150.0,359250,39500,0.290478,-0.672969,0.00195112,0.00167529,8.542661,10.479545,2023-08-01
17279,2023-07-28 15:29:00,19800.0,19638.0,9899350,2558800,38.0,183.2,459800,135050,0.207095,-0.750252,0.00159283,0.00146738,8.731504,10.531153,2023-08-01
22533,2023-07-28 15:29:00,19850.0,19638.0,3447800,350700,27.0,223.65,225450,5900,0.141149,-0.804787,0.00122753,0.00121163,8.871312,11.07898,2023-08-01
27785,2023-07-28 15:29:00,19900.0,19638.0,5347150,487150,19.0,266.1,282850,26650,0.093206,-0.847083,0.00089728,0.00098775,9.037067,11.633106,2023-08-01
14652,2023-07-28 15:30:00,19500.0,19636.2,1257300,6446300,191.7,37.0,100,1650,0.81732,-0.228464,0.00158381,0.00148335,8.137444,9.924343,2023-08-01
9395,2023-07-28 15:30:00,19550.0,19636.2,501400,2392250,156.85,51.1,250,550,0.719207,-0.309233,0.00193467,0.00173047,8.478913,9.910494,2023-08-01
4135,2023-07-28 15:30:00,19600.0,19636.2,4945950,7551100,123.95,70.0,2250,2000,0.614558,-0.401689,0.00218379,0.00187741,8.520996,10.025309,2023-08-01
1504,2023-07-28 15:30:00,19650.0,19636.2,3288750,2244100,95.0,91.0,750,100,0.502193,-0.497565,0.00228095,0.00194961,8.511301,9.957773,2023-08-01
6766,2023-07-28 15:30:00,19700.0,19636.2,7958750,3176000,71.5,116.75,1700,150,0.390782,-0.593823,0.00217568,0.00189261,8.586717,9.972868,2023-08-01
12023,2023-07-28 15:30:00,19750.0,19636.2,5690600,572750,52.35,149.9,2700,100,0.289352,-0.678037,0.00192396,0.00168511,8.649017,10.353718,2023-08-01
27786,2023-07-28 15:30:00,19900.0,19636.2,5347150,487150,19.0,266.45,350,50,0.09274,-0.851886,0.00088944,0.00097913,9.084627,11.490788,2023-08-01
25161,2023-07-31 09:15:00,19350.0,19621.0,42450,1748050,314.65,12.85,1450,513850,0.932088,-0.030563,0.00070331,0.0004657,16.181063,12.873286,2023-08-01
19908,2023-07-31 09:15:00,19400.0,19621.0,468400,3738350,272.95,18.6,43850,708900,0.892197,-0.059524,0.00100868,0.00081221,15.940541,12.645436,2023-08-01
14653,2023-07-31 09:15:00,19450.0,19621.0,137650,2700300,230.45,26.2,28500,554100,0.84364,-0.107486,0.00136746,0.00129804,15.205687,12.360875,2023-08-01
9396,2023-07-31 09:15:00,19500.0,19621.0,1260300,5837350,192.1,37.4,232100,1124300,0.770604,-0.185316,0.00177541,0.00189442,14.816616,12.237637,2023-08-01
4136,2023-07-31 09:15:00,19550.0,19621.0,489900,2128250,156.35,51.25,264050,708550,0.676947,-0.291212,0.00216256,0.0024808,14.403693,11.994596,2023-08-01
1505,2023-07-31 09:15:00,19600.0,19621.0,4622900,6941100,123.75,70.05,1276650,2028300,0.564252,-0.425146,0.00244276,0.00285684,13.985055,11.901592,2023-08-01
6767,2023-07-31 09:15:00,19650.0,19621.0,2921000,1762900,95.7,91.9,1366900,1306450,0.439707,-0.571409,0.00249896,0.00292876,13.692087,11.628146,2023-08-01
12024,2023-07-31 09:15:00,19700.0,19621.0,7544700,2950200,72.35,117.95,2916600,1245050,0.317665,-0.715163,0.00229023,0.00260732,13.505544,11.293903,2023-08-01
17280,2023-07-31 09:15:00,19750.0,19621.0,5598900,544550,53.1,147.5,1042450,253150,0.2108,-0.841118,0.00187847,0.00195476,13.340721,10.749639,2023-08-01
22534,2023-07-31 09:15:00,19800.0,19621.0,9609150,2485600,38.4,184.35,1367550,321800,0.129325,-0.922027,0.0013748,0.00119299,13.301946,10.603532,2023-08-01
27787,2023-07-31 09:15:00,19850.0,19621.0,3493700,346200,26.8,222.6,591550,32000,0.072084,-0.975431,0.00090066,0.00050828,13.228578,9.831596,2023-08-01
25162,2023-07-31 09:16:00,19350.0,19622.85,42450,1748050,309.2,14.2,1050,261250,0.952226,-0.034094,0.00059227,0.00049298,14.57063,13.311253,2023-08-01
19909,2023-07-31 09:16:00,19400.0,19622.85,468400,3738350,263.8,20.55,42000,541750,0.924911,-0.06531,0.00088959,0.00083968,13.820474,13.151763,2023-08-01
14654,2023-07-31 09:16:00,19450.0,19622.85,137650,2700300,221.5,28.45,32800,386750,0.876578,-0.114103,0.0013228,0.00130249,13.384466,12.859708,2023-08-01
9397,2023-07-31 09:16:00,19500.0,19622.85,1260300,5837350,184.8,40.25,170350,943250,0.79561,-0.192121,0.00182679,0.00185454,13.4725,12.784117,2023-08-01
4137,2023-07-31 09:16:00,19550.0,19622.85,489900,2128250,148.6,55.2,181050,768500,0.696985,-0.296726,0.00231035,0.00236999,13.118017,12.667064,2023-08-01
1506,2023-07-31 09:16:00,19600.0,19622.85,4622900,6941100,116.85,73.95,1853050,2363250,0.574249,-0.423783,0.00263739,0.0027085,12.897995,12.547366,2023-08-01
6768,2023-07-31 09:16:00,19650.0,19622.85,2921000,1762900,90.15,96.5,1150150,1154350,0.440349,-0.561862,0.00266976,0.00276245,12.821576,12.380792,2023-08-01
12025,2023-07-31 09:16:00,19700.0,19622.85,7544700,2950200,67.55,123.95,1733250,812200,0.31173,-0.694568,0.00240974,0.00247402,12.734917,12.293575,2023-08-01
17281,2023-07-31 09:16:00,19750.0,19622.85,5598900,544550,49.3,156.45,669600,156250,0.202344,-0.804448,0.00192881,0.00194423,12.683533,12.326637,2023-08-01
22535,2023-07-31 09:16:00,19800.0,19622.85,9609150,2485600,35.5,191.8,993700,300700,0.121471,-0.888731,0.00137446,0.00134883,12.73815,12.196894,2023-08-01
27788,2023-07-31 09:16:00,19850.0,19622.85,3493700,346200,25.0,231.7,361050,30050,0.067243,-0.941087,0.00088197,0.00083124,12.807219,12.258519,2023-08-01
25163,2023-07-31 09:17:00,19350.0,19610.25,42100,1980300,298.65,14.9,2100,1484950,0.943611,-0.038286,0.00067357,0.00055162,14.62943,13.093274,2023-08-01
19910,2023-07-31 09:17:00,19400.0,19610.25,502600,4062150,257.85,21.65,48900,707450,0.899646,-0.073271,0.00103985,0.00093318,14.696603,12.942483,2023-08-01
14655,2023-07-31 09:17:00,19450.0,19610.25,158950,2802450,215.1,30.2,37100,941050,0.848934,-0.128022,0.00145653,0.00143344,13.969349,12.682364,2023-08-01
9398,2023-07-31 09:17:00,19500.0,19610.25,1402600,6142350,178.7,42.35,172300,994650,0.764857,-0.212143,0.00191984,0.00200584,13.907167,12.553913,2023-08-01
4138,2023-07-31 09:17:00,19550.0,19610.25,580950,2464700,143.9,57.75,175200,678050,0.661874,-0.323643,0.00233598,0.00251921,13.594722,12.387484,2023-08-01
1507,2023-07-31 09:17:00,19600.0,19610.25,5876500,8564800,113.55,77.5,1369650,2008850,0.539352,-0.457308,0.00257136,0.00280606,13.409797,12.277543,2023-08-01
6769,2023-07-31 09:17:00,19650.0,19610.25,3787650,2621800,87.35,100.7,970550,887350,0.410022,-0.599072,0.00254698,0.00278564,13.256875,12.053266,2023-08-01
12026,2023-07-31 09:17:00,19700.0,19610.25,8646850,3264550,65.45,129.0,1420850,632550,0.288065,-0.731411,0.00225573,0.00240343,13.138669,11.917478,2023-08-01
17282,2023-07-31 09:17:00,19750.0,19610.25,5828400,587450,47.9,161.55,713100,162200,0.186235,-0.839489,0.00178018,0.00180037,13.077336,11.762576,2023-08-01
22536,2023-07-31 09:17:00,19800.0,19610.25,10178100,2545000,34.7,197.7,913950,309550,0.112044,-0.91743,0.00125984,0.00114855,13.135492,11.51373,2023-08-01
27789,2023-07-31 09:17:00,19850.0,19610.25,3620950,365000,24.35,237.55,416900,25050,0.06169,-0.964481,0.00080391,0.00060471,13.152601,11.233164,2023-08-01
25164,2023-07-31 09:18:00,19350.0,19616.75,42100,1980300,301.3,14.2,100,390350,0.956065,-0.035057,0.00057993,0.00051228,13.924001,13.117576,2023-08-01
19911,2023-07-31 09:18:00,19400.0,19616.75,502600,4062150,260.0,20.6,23400,483400,0.915544,-0.067438,0.00095527,0.00087504,14.079458,12.948705,2023-08-01
14656,2023-07-31 09:18:00,19450.0,19616.75,158950,2802450,217.2,29.0,14350,308600,0.866975,-0.119639,0.00138603,0.00136255,13.46775,12.723702,2023-08-01
9399,2023-07-31 09:18:00,19500.0,19616.75,1402600,6142350,179.35,41.0,98500,673300,0.78732,-0.200783,0.00189578,0.00192895,13.301627,12.634771,2023-08-01
4139,2023-07-31 09:18:00,19550.0,19616.75,580950,2464700,144.85,56.45,120350,361650,0.682471,-0.309513,0.00235489,0.00244191,13.146037,12.539044,2023-08-01
1508,2023-07-31 09:18:00,19600.0,19616.75,5876500,8564800,114.3,75.95,695950,1009550,0.557592,-0.439962,0.00263268,0.00274897,13.023422,12.461054,2023-08-01
6770,2023-07-31 09:18:00,19650.0,19616.75,3787650,2621800,87.5,99.0,693500,674850,0.424314,-0.579293,0.00264492,0.00276287,12.863431,12.29212,2023-08-01
12027,2023-07-31 09:18:00,19700.0,19616.75,8646850,3264550,65.75,126.9,788350,311550,0.298397,-0.711227,0.00234864,0.00243384,12.826045,12.190598,2023-08-01
17283,2023-07-31 09:18:00,19750.0,19616.75,5828400,587450,48.0,159.3,349050,97100,0.192542,-0.820253,0.00185858,0.00187814,12.784455,12.123381,2023-08-01
22537,2023-07-31 09:18:00,19800.0,19616.75,10178100,2545000,34.75,195.8,622700,227400,0.115609,-0.898967,0.00131453,0.0012707,12.872448,12.085238,2023-08-01
27790,2023-07-31 09:18:00,19850.0,19616.75,3620950,365000,24.5,235.25,211050,20400,0.063893,-0.950526,0.00083967,0.00074336,12.940918,11.948582,2023-08-01
25165,2023-07-31 09:19:00,19350.0,19613.8,42100,1980300,301.3,14.25,150,319700,0.947055,-0.035685,0.00064475,0.00052322,14.545808,13.037189,2023-08-01
19912,2023-07-31 09:19:00,19400.0,19613.8,502600,4062150,257.9,20.65,11350,477300,0.911764,-0.06859,0.00098298,0.00089336,14.14412,12.855706,2023-08-01
14657,2023-07-31 09:19:00,19450.0,19613.8,158950,2802450,216.5,29.0,21700,535550,0.858004,-0.121497,0.00142033,0.00139068,13.747233,12.60767,2023-08-01
9400,2023-07-31 09:19:00,19500.0,19613.8,1402600,6142350,178.85,41.1,129750,609100,0.777537,-0.204329,0.0019106,0.0019681,13.551277,12.519038,2023-08-01
4140,2023-07-31 09:19:00,19550.0,19613.8,580950,2464700,144.65,56.45,68000,380200,0.672621,-0.314673,0.00234284,0.00249053,13.387593,12.387656,2023-08-01
1509,2023-07-31 09:19:00,19600.0,19613.8,5876500,8564800,113.45,75.95,538600,835150,0.549432,-0.447375,0.00261906,0.00279715,13.133156,12.284283,2023-08-01
6771,2023-07-31 09:19:00,19650.0,19613.8,3787650,2621800,87.2,99.15,507900,439350,0.417482,-0.58885,0.00260635,0.00279284,13.013871,12.10228,2023-08-01
12028,2023-07-31 09:19:00,19700.0,19613.8,8646850,3264550,65.15,127.2,691000,341400,0.292626,-0.721929,0.00231428,0.00243373,12.905628,11.977512,2023-08-01
17284,2023-07-31 09:19:00,19750.0,19613.8,5828400,587450,47.4,159.3,274800,77400,0.187994,-0.832284,0.00182498,0.00184642,12.835464,11.804872,2023-08-01
22538,2023-07-31 09:19:00,19800.0,19613.8,10178100,2545000,34.35,196.2,470900,123750,0.11274,-0.90898,0.00128606,0.00121093,12.929453,11.749807,2023-08-01
27791,2023-07-31 09:19:00,19850.0,19613.8,3620950,365000,24.15,235.75,330950,18700,0.062004,-0.958644,0.00081798,0.00066809,12.982519,11.514708,2023-08-01
25166,2023-07-31 09:20:00,19350.0,19616.65,42150,2052500,302.05,14.15,400,310000,0.953656,-0.034882,0.00059657,0.00051102,14.137324,13.103283,2023-08-01
19913,2023-07-31 09:20:00,19400.0,19616.65,501450,4143450,259.95,20.35,31050,438700,0.915399,-0.06658,0.0009563,0.00087068,14.090191,12.892477,2023-08-01
14658,2023-07-31 09:20:00,19450.0,19616.65,189900,3118800,218.0,28.65,13550,450450,0.86415,-0.118434,0.00139042,0.00136069,13.62799,12.657352,2023-08-01
9401,2023-07-31 09:20:00,19500.0,19616.65,1455550,6539950,179.5,40.25,149550,697600,0.786587,-0.198582,0.00189517,0.00193602,13.340077,12.512366,2023-08-01
4141,2023-07-31 09:20:00,19550.0,19616.65,643650,2715250,144.6,55.5,103850,432100,0.682611,-0.307721,0.00235995,0.00246468,13.122711,12.398527,2023-08-01
1510,2023-07-31 09:20:00,19600.0,19616.65,6510400,9511250,113.45,74.65,749150,1196550,0.557785,-0.439383,0.00265542,0.0027906,12.918154,12.279277,2023-08-01
6772,2023-07-31 09:20:00,19650.0,19616.65,4283000,3047650,87.0,97.7,546750,527250,0.423639,-0.580844,0.00265752,0.00280353,12.805343,12.110869,2023-08-01
12029,2023-07-31 09:20:00,19700.0,19616.65,9180650,3450100,65.2,125.65,594400,386850,0.297048,-0.71452,0.0023577,0.0024589,12.75753,12.007712,2023-08-01
17285,2023-07-31 09:20:00,19750.0,19616.65,5982500,656550,47.45,158.0,558700,154750,0.19079,-0.824808,0.00186024,0.00188148,12.708745,11.913926,2023-08-01
22539,2023-07-31 09:20:00,19800.0,19616.65,10384700,2552650,34.25,194.5,716800,208850,0.11391,-0.9038,0.00130946,0.00125178,12.794053,11.842155,2023-08-01
27792,2023-07-31 09:20:00,19850.0,19616.65,3764900,388400,24.1,234.1,312750,17700,0.062612,-0.954442,0.00083173,0.00071212,12.86727,11.681707,2023-08-01
25167,2023-07-31 09:21:00,19350.0,19602.0,42150,2052500,298.0,15.5,1800,257800,0.920312,-0.041599,0.00080571,0.00059599,16.003189,12.983891,2023-08-01
19914,2023-07-31 09:21:00,19400.0,19602.0,501450,4143450,248.6,22.4,51700,539500,0.898914,-0.078868,0.00108404,0.00099898,14.194076,12.806403,2023-08-01
14659,2023-07-31 09:21:00,19450.0,19602.0,189900,3118800,207.25,31.3,22750,438650,0.841558,-0.137473,0.00153528,0.00152376,13.697754,12.549681,2023-08-01
9402,2023-07-31 09:21:00,19500.0,19602.0,1455550,6539950,170.5,44.35,147700,718600,0.754782,-0.227727,0.00202203,0.00210282,13.530379,12.491201,2023-08-01
4142,2023-07-31 09:21:00,19550.0,19602.0,643650,2715250,136.6,60.95,109100,498000,0.645563,-0.344833,0.00243526,0.00258193,13.290801,12.410766,2023-08-01
1511,2023-07-31 09:21:00,19600.0,19602.0,6510400,9511250,106.1,81.55,713150,1551650,0.51854,-0.480589,0.00266452,0.00281332,13.010057,12.320617,2023-08-01
6773,2023-07-31 09:21:00,19650.0,19602.0,4283000,3047650,81.45,105.8,651650,759950,0.386598,-0.62117,0.00256556,0.00272566,12.976213,12.140096,2023-08-01
12030,2023-07-31 09:21:00,19700.0,19602.0,9180650,3450100,60.15,135.1,1037000,695650,0.264658,-0.748772,0.00221838,0.00230033,12.835281,12.048042,2023-08-01
17286,2023-07-31 09:21:00,19750.0,19602.0,5982500,656550,44.05,168.65,552950,197350,0.167804,-0.850191,0.00169564,0.00169476,12.873858,11.957224,2023-08-01
22540,2023-07-31 09:21:00,19800.0,19602.0,10384700,2552650,31.6,206.0,827150,245200,0.098316,-0.920797,0.0011653,0.00108302,12.938925,11.850618,2023-08-01
27793,2023-07-31 09:21:00,19850.0,19602.0,3764900,388400,22.2,246.75,333750,16050,0.053305,-0.963248,0.00072512,0.00059577,13.018337,11.742806,2023-08-01
25168,2023-07-31 09:22:00,19350.0,19607.6,42150,2052500,292.35,15.3,450,333800,0.953632,-0.039853,0.00061756,0.00056972,13.676572,13.11793,2023-08-01
19915,2023-07-31 09:22:00,19400.0,19607.6,501450,4143450,249.45,21.9,11550,464900,0.916347,-0.074936,0.00099355,0.00095346,13.461318,12.906161,2023-08-01
14660,2023-07-31 09:22:00,19450.0,19607.6,189900,3118800,208.15,31.0,14250,435750,0.860395,-0.132357,0.00147298,0.00146409,13.119027,12.725569,2023-08-01
9403,2023-07-31 09:22:00,19500.0,19607.6,1455550,6539950,170.5,43.65,88800,638350,0.776043,-0.218811,0.00201171,0.0020309,12.934142,12.642756,2023-08-01
4143,2023-07-31 09:22:00,19550.0,19607.6,643650,2715250,137.1,60.0,100150,485150,0.663937,-0.332507,0.00246518,0.00251257,12.871148,12.575674,2023-08-01
1512,2023-07-31 09:22:00,19600.0,19607.6,6510400,9511250,106.95,80.2,715450,1418750,0.534146,-0.465285,0.00271902,0.00276839,12.716142,12.487821,2023-08-01
6774,2023-07-31 09:22:00,19650.0,19607.6,4283000,3047650,81.5,104.55,540050,685400,0.398324,-0.603732,0.00265648,0.00270615,12.636811,12.387639,2023-08-01
12031,2023-07-31 09:22:00,19700.0,19607.6,9180650,3450100,60.5,133.85,968400,488050,0.273249,-0.730212,0.00229839,0.0023229,12.588591,12.376952,2023-08-01
17287,2023-07-31 09:22:00,19750.0,19607.6,5982500,656550,43.7,167.15,449400,118800,0.171431,-0.832661,0.00176181,0.00176412,12.561376,12.351919,2023-08-01
22541,2023-07-31 09:22:00,19800.0,19607.6,10384700,2552650,31.35,204.85,682100,185450,0.100095,-0.90389,0.00120602,0.00119157,12.666959,12.444505,2023-08-01
27794,2023-07-31 09:22:00,19850.0,19607.6,3764900,388400,22.0,244.4,479250,14800,0.054018,-0.952727,0.00074686,0.00069853,12.773091,12.280103,2023-08-01
25169,2023-07-31 09:23:00,19350.0,19608.6,41900,2054200,292.0,15.2,1100,224050,0.95784,-0.039337,0.00058511,0.0005635,13.372452,13.1259,2023-08-01
19916,2023-07-31 09:23:00,19400.0,19608.6,523950,4255650,250.8,21.95,19200,378950,0.91566,-0.074687,0.00099173,0.00094771,13.572306,12.954365,2023-08-01
14661,2023-07-31 09:23:00,19450.0,19608.6,202600,3338000,209.1,30.95,16750,316900,0.861305,-0.131446,0.00146296,0.00145372,13.153188,12.758362,2023-08-01
9404,2023-07-31 09:23:00,19500.0,19608.6,1544750,6689850,172.0,43.5,86100,602150,0.775923,-0.217154,0.00199334,0.00201869,13.060242,12.666445,2023-08-01
4144,2023-07-31 09:23:00,19550.0,19608.6,711800,2870050,137.8,59.75,98250,363400,0.66629,-0.33019,0.00245664,0.00250249,12.88329,12.594038,2023-08-01
1513,2023-07-31 09:23:00,19600.0,19608.6,7052350,10032800,108.0,79.85,563950,954200,0.536681,-0.462557,0.00270313,0.00276393,12.786512,12.503045,2023-08-01
6775,2023-07-31 09:23:00,19650.0,19608.6,4693750,3214400,82.4,104.0,473900,448550,0.401431,-0.60106,0.00264965,0.0027117,12.698105,12.38732,2023-08-01
12032,2023-07-31 09:23:00,19700.0,19608.6,9818850,3676550,61.3,133.35,620300,359900,0.276472,-0.727638,0.00230099,0.00233093,12.650146,12.395681,2023-08-01
17288,2023-07-31 09:23:00,19750.0,19608.6,6001550,733150,44.4,166.2,294000,97650,0.174357,-0.831703,0.00177232,0.00177641,12.625105,12.314401,2023-08-01
22542,2023-07-31 09:23:00,19800.0,19608.6,10710100,2585400,31.75,203.85,447200,126850,0.101801,-0.903478,0.00121823,0.00119944,12.698231,12.404622,2023-08-01
27795,2023-07-31 09:23:00,19850.0,19608.6,3854700,387150,22.2,243.45,146600,21750,0.054814,-0.952403,0.00075531,0.00070392,12.779925,12.255747,2023-08-01
25170,2023-07-31 09:24:00,19350.0,19617.65,41900,2054200,293.35,14.0,100,147950,0.981695,-0.034187,0.00034216,0.00050332,11.416877,13.099561,2023-08-01
19917,2023-07-31 09:24:00,19400.0,19617.65,523950,4255650,258.35,20.25,20150,259000,0.923991,-0.065783,0.00091503,0.00086228,13.595179,12.910824,2023-08-01
14662,2023-07-31 09:24:00,19450.0,19617.65,202600,3338000,216.15,28.55,18900,408900,0.873978,-0.117308,0.00136805,0.0013502,13.164197,12.683167,2023-08-01
9405,2023-07-31 09:24:00,19500.0,19617.65,1544750,6689850,178.15,40.4,68250,449650,0.794295,-0.197785,0.00190203,0.00192207,13.02119,12.585943,2023-08-01
4145,2023-07-31 09:24:00,19550.0,19617.65,711800,2870050,143.7,55.9,88300,357300,0.687935,-0.306695,0.00238451,0.00244121,12.907545,12.512511,2023-08-01
1514,2023-07-31 09:24:00,19600.0,19617.65,7052350,10032800,112.85,75.4,537450,634100,0.561156,-0.437361,0.00268648,0.00275386,12.765964,12.446319,2023-08-01
6776,2023-07-31 09:24:00,19650.0,19617.65,4693750,3214400,86.25,98.55,398500,263400,0.42523,-0.576916,0.00269604,0.00276856,12.645499,12.301358,2023-08-01
12033,2023-07-31 09:24:00,19700.0,19617.65,9818850,3676550,64.15,126.85,464750,210500,0.296289,-0.708195,0.00239427,0.0024345,12.561183,12.266826,2023-08-01
17289,2023-07-31 09:24:00,19750.0,19617.65,6001550,733150,46.5,158.4,248250,77800,0.188827,-0.819727,0.00187793,0.0018904,12.522473,12.086314,2023-08-01
22543,2023-07-31 09:24:00,19800.0,19617.65,10710100,2585400,33.4,195.35,290100,99600,0.111602,-0.897333,0.00131048,0.00128273,12.611881,12.132186,2023-08-01
27796,2023-07-31 09:24:00,19850.0,19617.65,3854700,387150,23.3,235.5,203200,10200,0.060372,-0.947056,0.0008216,0.00077189,12.673856,12.164369,2023-08-01
25171,2023-07-31 09:25:00,19400.0,19625.95,523950,4255650,262.8,19.8,39850,285150,0.939134,-0.061623,0.00080283,0.00080733,13.051134,13.104349,2023-08-01
19918,2023-07-31 09:25:00,19450.0,19625.95,202600,3338000,220.65,27.85,31100,336600,0.891702,-0.10992,0.00126466,0.00126921,12.788138,12.879098,2023-08-01
14663,2023-07-31 09:25:00,19500.0,19625.95,1544750,6689850,182.5,39.55,198600,526000,0.814623,-0.186509,0.00182219,0.00182037,12.757312,12.818339,2023-08-01
9406,2023-07-31 09:25:00,19550.0,19625.95,711800,2870050,146.85,54.55,149500,331900,0.712255,-0.290071,0.00235755,0.00233736,12.582365,12.739242,2023-08-01
4146,2023-07-31 09:25:00,19600.0,19625.95,7052350,10032800,115.6,73.35,1013350,889100,0.585064,-0.41596,0.00271333,0.00268048,12.496537,12.656796,2023-08-01
1515,2023-07-31 09:25:00,19650.0,19625.95,4693750,3214400,88.7,96.15,778000,491900,0.446759,-0.552695,0.00276559,0.00273905,12.434818,12.55761,2023-08-01
6777,2023-07-31 09:25:00,19700.0,19625.95,9818850,3676550,66.3,123.95,937550,407250,0.314164,-0.683607,0.00248886,0.00246451,12.400305,12.560629,2023-08-01
12034,2023-07-31 09:25:00,19750.0,19625.95,6001550,733150,48.15,155.4,425800,106650,0.201909,-0.795815,0.00197914,0.00197337,12.373871,12.493378,2023-08-01
17290,2023-07-31 09:25:00,19800.0,19625.95,10710100,2585400,34.55,191.8,547400,127350,0.119899,-0.877416,0.00139567,0.00140161,12.459018,12.60097,2023-08-01
22544,2023-07-31 09:25:00,19850.0,19625.95,3854700,387150,24.05,231.05,420150,12850,0.064986,-0.933067,0.00088106,0.00089245,12.514952,12.641039,2023-08-01
27797,2023-07-31 09:25:00,19900.0,19625.95,5891250,512650,16.55,273.7,304100,17900,0.032872,-0.96496,0.00050532,0.00052428,12.63138,12.831215,2023-08-01
25172,2023-07-31 09:26:00,19400.0,19631.7,538550,4344950,266.8,18.95,42350,319450,0.946452,-0.05717,0.00073736,0.00076078,12.846888,13.111774,2023-08-01
19919,2023-07-31 09:26:00,19450.0,19631.7,213550,3477250,224.0,26.55,22450,481200,0.903102,-0.102303,0.00118881,0.00120734,12.546953,12.85433,2023-08-01
14664,2023-07-31 09:26:00,19500.0,19631.7,1578250,6848400,185.15,37.75,186500,666050,0.829911,-0.175356,0.00176179,0.00175727,12.496974,12.775095,2023-08-01
9407,2023-07-31 09:26:00,19550.0,19631.7,760900,2964450,149.4,52.1,140100,489100,0.728654,-0.275606,0.0023256,0.00229371,12.396697,12.66635,2023-08-01
4147,2023-07-31 09:26:00,19600.0,19631.7,7258350,10206450,117.7,70.45,927600,1524350,0.601937,-0.400099,0.00272271,0.00266911,12.325767,12.590265,2023-08-01
1516,2023-07-31 09:26:00,19650.0,19631.7,4882100,3211050,90.25,92.85,855550,572800,0.462109,-0.537098,0.00281737,0.00276292,12.2603,12.504263,2023-08-01
6778,2023-07-31 09:26:00,19700.0,19631.7,10071600,3745550,67.4,120.05,902350,549700,0.326259,-0.670264,0.00256415,0.00252099,12.227617,12.490396,2023-08-01
12035,2023-07-31 09:26:00,19750.0,19631.7,6086800,748250,48.9,151.45,384400,107350,0.210219,-0.784602,0.00205485,0.00203853,12.20622,12.480001,2023-08-01
17291,2023-07-31 09:26:00,19800.0,19631.7,10855950,2592300,34.95,187.35,623700,174650,0.124623,-0.869808,0.00145472,0.0014651,12.281782,12.571266,2023-08-01
22545,2023-07-31 09:26:00,19850.0,19631.7,3905450,381500,24.3,226.7,225400,26350,0.067495,-0.926977,0.00091954,0.00095022,12.348062,12.6952,2023-08-01
27798,2023-07-31 09:26:00,19900.0,19631.7,6018200,506250,16.5,269.35,247950,35500,0.033545,-0.960376,0.00052233,0.00057384,12.425413,12.961201,2023-08-01
25173,2023-07-31 09:27:00,19400.0,19629.6,538550,4344950,267.5,18.35,38000,214050,0.936943,-0.05581,0.00080286,0.00075899,13.420713,12.900726,2023-08-01
19920,2023-07-31 09:27:00,19450.0,19629.6,213550,3477250,224.0,25.7,12400,346050,0.894812,-0.10048,0.00123032,0.00121518,12.876279,12.610015,2023-08-01
14665,2023-07-31 09:27:00,19500.0,19629.6,1578250,6848400,185.6,36.65,178400,436450,0.819953,-0.173861,0.0017797,0.00178651,12.830822,12.502623,2023-08-01
9408,2023-07-31 09:27:00,19550.0,19629.6,760900,2964450,149.7,50.85,71800,449950,0.719847,-0.275908,0.0023159,0.00234929,12.65045,12.3781,2023-08-01
4148,2023-07-31 09:27:00,19600.0,19629.6,7258350,10206450,117.65,69.0,535450,1094150,0.595019,-0.403357,0.00269983,0.00274557,12.49062,12.270039,2023-08-01
1517,2023-07-31 09:27:00,19650.0,19629.6,4882100,3211050,90.0,91.2,475000,435950,0.456588,-0.544285,0.00278954,0.0028417,12.369822,12.139834,2023-08-01
6779,2023-07-31 09:27:00,19700.0,19629.6,10071600,3745550,67.1,118.4,552000,280750,0.321939,-0.681061,0.00253454,0.00256974,12.307566,12.091606,2023-08-01
12036,2023-07-31 09:27:00,19750.0,19629.6,6086800,748250,48.4,149.8,313050,74400,0.206438,-0.797678,0.00202876,0.00203981,12.236215,12.02495,2023-08-01
17292,2023-07-31 09:27:00,19800.0,19629.6,10855950,2592300,34.7,185.6,335100,87850,0.122481,-0.883647,0.00143194,0.0014173,12.331393,12.015582,2023-08-01
22546,2023-07-31 09:27:00,19850.0,19629.6,3905450,381500,23.95,225.25,264850,12350,0.065717,-0.938729,0.00090021,0.00087253,12.360029,12.075415,2023-08-01
27799,2023-07-31 09:27:00,19900.0,19629.6,6018200,506250,16.2,266.95,211650,17700,0.032425,-0.972628,0.0005081,0.00045926,12.425447,11.944586,2023-08-01
25174,2023-07-31 09:28:00,19400.0,19630.6,538550,4344950,269.45,18.15,17400,260100,0.934305,-0.054856,0.00081392,0.00074953,13.669817,12.889629,2023-08-01
19921,2023-07-31 09:28:00,19450.0,19630.6,213550,3477250,225.9,25.4,12950,242950,0.892378,-0.098873,0.00123076,0.00120305,13.088984,12.590932,2023-08-01
14666,2023-07-31 09:28:00,19500.0,19630.6,1578250,6848400,186.65,36.15,107950,336000,0.820793,-0.171271,0.00176748,0.00177543,12.884559,12.463657,2023-08-01
9409,2023-07-31 09:28:00,19550.0,19630.6,760900,2964450,150.95,50.15,88900,290750,0.72085,-0.272656,0.00229634,0.00234624,12.738912,12.324632,2023-08-01
4149,2023-07-31 09:28:00,19600.0,19630.6,7258350,10206450,118.7,67.95,420750,776650,0.597246,-0.39992,0.00268246,0.00275966,12.556776,12.183128,2023-08-01
1518,2023-07-31 09:28:00,19650.0,19630.6,4882100,3211050,90.9,90.1,422000,367500,0.459555,-0.541753,0.0027798,0.00286314,12.425759,12.059966,2023-08-01
6780,2023-07-31 09:28:00,19700.0,19630.6,10071600,3745550,67.65,117.15,409800,268600,0.324704,-0.679813,0.0025398,0.00259397,12.328282,12.000986,2023-08-01
12037,2023-07-31 09:28:00,19750.0,19630.6,6086800,748250,49.05,148.45,211900,60700,0.209349,-0.797685,0.00203784,0.00205739,12.28566,11.92463,2023-08-01
17293,2023-07-31 09:28:00,19800.0,19630.6,10855950,2592300,34.95,183.9,246450,86900,0.123861,-0.885458,0.00144348,0.00142093,12.331986,11.8547,2023-08-01
22547,2023-07-31 09:28:00,19850.0,19630.6,3905450,381500,24.05,222.9,184150,11000,0.066304,-0.942759,0.00090785,0.00084931,12.343412,11.763663,2023-08-01
27800,2023-07-31 09:28:00,19900.0,19630.6,6018200,506250,16.35,267.05,139700,12250,0.032941,-0.969651,0.00051471,0.00049051,12.42944,12.188803,2023-08-01
25175,2023-07-31 09:29:00,19400.0,19632.1,599550,4380600,269.0,18.2,14300,240350,0.940883,-0.054573,0.00077145,0.0007429,13.286142,12.954323,2023-08-01
19922,2023-07-31 09:29:00,19450.0,19632.1,216650,3668950,226.8,25.45,8550,187600,0.895219,-0.098223,0.0012125,0.00119103,13.034434,12.659187,2023-08-01
14667,2023-07-31 09:29:00,19500.0,19632.1,1631600,6872050,187.4,36.05,99600,321000,0.824549,-0.1695,0.00175208,0.00175709,12.827732,12.5127,2023-08-01
9410,2023-07-31 09:29:00,19550.0,19632.1,756150,3171350,150.9,50.15,74400,300600,0.726729,-0.270314,0.0023007,0.00232252,12.585164,12.399629,2023-08-01
4150,2023-07-31 09:29:00,19600.0,19632.1,7214150,10664350,118.45,68.1,482750,736150,0.602485,-0.396634,0.00270717,0.00273004,12.40202,12.29079,2023-08-01
1519,2023-07-31 09:29:00,19650.0,19632.1,4971150,3405350,90.7,90.25,464800,370200,0.463306,-0.537069,0.00281164,0.00283817,12.298737,12.182724,2023-08-01
6781,2023-07-31 09:29:00,19700.0,19632.1,10241500,3870200,67.5,117.05,691250,268300,0.327069,-0.674457,0.00256978,0.00258874,12.223082,12.110461,2023-08-01
12038,2023-07-31 09:29:00,19750.0,19632.1,6193300,760450,48.8,148.0,314950,61800,0.210253,-0.792987,0.00206181,0.00207139,12.176088,12.009318,2023-08-01
17294,2023-07-31 09:29:00,19800.0,19632.1,10972300,2564050,34.9,183.3,348300,95950,0.124586,-0.881595,0.00145812,0.00144405,12.26062,11.94498,2023-08-01
22548,2023-07-31 09:29:00,19850.0,19632.1,3954200,389600,23.95,223.05,252550,13900,0.066425,-0.937134,0.00091489,0.00089296,12.268198,12.043361,2023-08-01
27801,2023-07-31 09:29:00,19900.0,19632.1,6082500,520050,16.25,265.45,222100,10850,0.032869,-0.969745,0.00051695,0.00049236,12.355716,12.114089,2023-08-01
25176,2023-07-31 09:30:00,19350.0,19624.15,41400,2078150,307.35,13.45,350,178900,0.961467,-0.031456,0.00052577,0.00046831,13.849202,13.162358,2023-08-01
19923,2023-07-31 09:30:00,19400.0,19624.15,599550,4380600,262.35,19.3,7550,338650,0.934333,-0.060397,0.00083696,0.00080641,13.300905,12.933988,2023-08-01
14668,2023-07-31 09:30:00,19450.0,19624.15,216650,3668950,221.05,26.9,21000,265200,0.883431,-0.107526,0.00129908,0.00127534,13.140878,12.634531,2023-08-01
9411,2023-07-31 09:30:00,19500.0,19624.15,1631600,6872050,181.55,38.3,142800,427900,0.810374,-0.18431,0.00184082,0.00184976,12.825291,12.540703,2023-08-01
4151,2023-07-31 09:30:00,19550.0,19624.15,756150,3171350,146.25,52.9,94050,397600,0.70685,-0.289233,0.00236408,0.00239926,12.676153,12.412069,2023-08-01
1520,2023-07-31 09:30:00,19600.0,19624.15,7214150,10664350,114.65,71.55,677000,921250,0.580125,-0.418591,0.00272019,0.00276418,12.516434,12.309019,2023-08-01
6782,2023-07-31 09:30:00,19650.0,19624.15,4971150,3405350,87.2,94.0,633350,478400,0.441294,-0.55977,0.00278128,0.00282855,12.358855,12.147421,2023-08-01
12039,2023-07-31 09:30:00,19700.0,19624.15,10241500,3870200,64.95,121.8,690900,418850,0.308277,-0.69474,0.00248809,0.00251922,12.320961,12.116036,2023-08-01
17295,2023-07-31 09:30:00,19750.0,19624.15,6193300,760450,46.65,153.5,405350,74550,0.195465,-0.808786,0.00196453,0.00197308,12.242477,12.02699,2023-08-01
22549,2023-07-31 09:30:00,19800.0,19624.15,10972300,2564050,33.3,189.5,452250,109550,0.114621,-0.892064,0.00136802,0.00134862,12.330106,11.980777,2023-08-01
27802,2023-07-31 09:30:00,19850.0,19624.15,3954200,389600,22.95,230.15,323050,10050,0.060924,-0.942104,0.00084899,0.00082918,12.368974,12.16839,2023-08-01
25177,2023-07-31 09:31:00,19400.0,19635.3,599550,4380600,273.7,17.6,23900,223500,0.9372,-0.051745,0.00078221,0.00071414,13.742577,12.924286,2023-08-01
19924,2023-07-31 09:31:00,19450.0,19635.3,216650,3668950,230.55,24.65,18650,256050,0.89517,-0.093761,0.00119206,0.00115454,13.267681,12.62532,2023-08-01
14669,2023-07-31 09:31:00,19500.0,19635.3,1631600,6872050,190.9,35.0,124450,399350,0.826663,-0.163094,0.00171364,0.00171972,13.019973,12.475283,2023-08-01
9412,2023-07-31 09:31:00,19550.0,19635.3,756150,3171350,154.2,48.0,93300,349150,0.73134,-0.260108,0.00225068,0.00230886,12.76112,12.236361,2023-08-01
4152,2023-07-31 09:31:00,19600.0,19635.3,7214150,10664350,121.4,65.4,688850,840100,0.6099,-0.386195,0.00266185,0.00275366,12.552766,12.099184,2023-08-01
1521,2023-07-31 09:31:00,19650.0,19635.3,4971150,3405350,93.05,86.75,567400,486900,0.472534,-0.528673,0.00279466,0.00290551,12.401459,11.925803,2023-08-01
6783,2023-07-31 09:31:00,19700.0,19635.3,10241500,3870200,69.6,113.3,504700,366750,0.336624,-0.669684,0.00257747,0.00266179,12.331779,11.852284,2023-08-01
12040,2023-07-31 09:31:00,19750.0,19635.3,6193300,760450,50.25,144.7,314850,93250,0.217905,-0.789778,0.00209571,0.00212119,12.23577,11.838837,2023-08-01
17296,2023-07-31 09:31:00,19800.0,19635.3,10972300,2564050,35.9,179.25,505000,119000,0.129784,-0.882632,0.00149694,0.00146995,12.291921,11.666325,2023-08-01
22550,2023-07-31 09:31:00,19850.0,19635.3,3954200,389600,24.75,218.95,224550,16700,0.069901,-0.939142,0.00094907,0.0008932,12.306124,11.743459,2023-08-01
27803,2023-07-31 09:31:00,19900.0,19635.3,6082500,520050,16.7,261.15,344900,19650,0.034502,-0.972307,0.00053812,0.00047256,12.357868,11.731696,2023-08-01
25178,2023-07-31 09:32:00,19400.0,19644.15,611900,4474200,279.9,16.55,47200,303450,0.947774,-0.04625,0.00069165,0.00065048,13.440909,12.969647,2023-08-01
19925,2023-07-31 09:32:00,19450.0,19644.15,224650,3695600,235.0,23.1,20200,292400,0.914248,-0.084223,0.0010708,0.00106408,12.736288,12.644903,2023-08-01
14670,2023-07-31 09:32:00,19500.0,19644.15,1653500,7060150,196.5,33.05,300100,575650,0.844587,-0.149047,0.00161715,0.00161513,12.851806,12.515427,2023-08-01
9413,2023-07-31 09:32:00,19550.0,19644.15,755650,3298900,159.05,46.1,166550,459750,0.753826,-0.242476,0.00217975,0.00219953,12.589011,12.374389,2023-08-01
4153,2023-07-31 09:32:00,19600.0,19644.15,7267550,10913000,125.8,63.0,1256500,951150,0.634531,-0.36371,0.00263453,0.00266683,12.427325,12.256891,2023-08-01
1522,2023-07-31 09:32:00,19650.0,19644.15,5113150,3532900,96.9,83.75,1120300,616350,0.497247,-0.502848,0.00282217,0.00287015,12.307348,12.101602,2023-08-01
6784,2023-07-31 09:32:00,19700.0,19644.15,10343150,4009600,72.6,109.6,1184300,482300,0.358477,-0.643602,0.00266051,0.00269512,12.22514,12.043594,2023-08-01
12041,2023-07-31 09:32:00,19750.0,19644.15,6312200,790950,52.65,139.7,582350,112050,0.23514,-0.768207,0.00220397,0.00221929,12.143683,11.964311,2023-08-01
17297,2023-07-31 09:32:00,19800.0,19644.15,10941800,2576050,37.6,174.5,780550,176500,0.141293,-0.863063,0.00160045,0.00159517,12.184198,11.966689,2023-08-01
22551,2023-07-31 09:32:00,19850.0,19644.15,3958950,397100,25.95,212.8,320700,17300,0.076774,-0.927565,0.00102866,0.0010051,12.196498,11.940207,2023-08-01
27804,2023-07-31 09:32:00,19900.0,19644.15,6209550,519150,17.5,254.25,410850,24050,0.038102,-0.965789,0.00058905,0.00055419,12.242671,11.914292,2023-08-01
25179,2023-07-31 09:33:00,19400.0,19643.6,611900,4474200,280.0,16.7,39000,364300,0.945671,-0.046815,0.00070665,0.00065604,13.57782,12.989533,2023-08-01
19926,2023-07-31 09:33:00,19450.0,19643.6,224650,3695600,235.65,23.25,11550,248250,0.90996,-0.084947,0.00109159,0.00107029,12.960601,12.656458,2023-08-01
14671,2023-07-31 09:33:00,19500.0,19643.6,1653500,7060150,196.0,33.4,203650,739100,0.843997,-0.150618,0.0016233,0.00162193,12.839025,12.554256,2023-08-01
9414,2023-07-31 09:33:00,19550.0,19643.6,755650,3298900,158.85,46.2,130200,461300,0.752194,-0.243464,0.00218316,0.00220678,12.617677,12.36467,2023-08-01
4154,2023-07-31 09:33:00,19600.0,19643.6,7267550,10913000,125.0,63.15,762250,749050,0.633755,-0.365066,0.0026508,0.00267275,12.363564,12.248837,2023-08-01
1523,2023-07-31 09:33:00,19650.0,19643.6,5113150,3532900,96.05,83.95,758250,428200,0.495642,-0.50444,0.00284017,0.00287269,12.23268,12.094165,2023-08-01
6785,2023-07-31 09:33:00,19700.0,19643.6,10343150,4009600,71.85,109.65,982550,345050,0.356184,-0.645539,0.00267033,0.00269857,12.156593,12.008708,2023-08-01
12042,2023-07-31 09:33:00,19750.0,19643.6,6312200,790950,51.85,139.75,404500,96650,0.232239,-0.770334,0.00220536,0.00221677,12.056467,11.920036,2023-08-01
17298,2023-07-31 09:33:00,19800.0,19643.6,10941800,2576050,37.3,174.45,690750,140400,0.139887,-0.865491,0.00159311,0.00158594,12.161236,11.893381,2023-08-01
22552,2023-07-31 09:33:00,19850.0,19643.6,3958950,397100,25.8,213.05,374300,19650,0.076055,-0.928782,0.00102211,0.00099544,12.190855,11.904168,2023-08-01
27805,2023-07-31 09:33:00,19900.0,19643.6,6209550,519150,17.25,254.25,511600,25900,0.037287,-0.967433,0.00058071,0.00053743,12.20506,11.801231,2023-08-01
25180,2023-07-31 09:34:00,19400.0,19645.3,611900,4474200,280.05,16.45,40100,212800,0.951151,-0.045622,0.00066586,0.00064289,13.24391,12.985914,2023-08-01
19927,2023-07-31 09:34:00,19450.0,19645.3,224650,3695600,236.0,23.15,14750,289150,0.915319,-0.083815,0.00105995,0.00105612,12.75231,12.700208,2023-08-01
14672,2023-07-31 09:34:00,19500.0,19645.3,1653500,7060150,195.75,33.1,92300,1118100,0.85177,-0.148199,0.00160225,0.00160223,12.576049,12.574392,2023-08-01
9415,2023-07-31 09:34:00,19550.0,19645.3,755650,3298900,159.25,45.85,87600,631600,0.757926,-0.24017,0.00217615,0.00218595,12.502359,12.392973,2023-08-01
4155,2023-07-31 09:34:00,19600.0,19645.3,7267550,10913000,125.05,62.5,544700,1131900,0.639737,-0.360534,0.00266611,0.0026613,12.226558,12.251815,2023-08-01
1524,2023-07-31 09:34:00,19650.0,19645.3,5113150,3532900,96.15,83.45,603700,378600,0.500442,-0.499556,0.00286558,0.00286322,12.127231,12.13724,2023-08-01
6786,2023-07-31 09:34:00,19700.0,19645.3,10343150,4009600,71.65,109.25,746800,300150,0.35925,-0.640098,0.00270719,0.00269604,12.029315,12.086637,2023-08-01
12043,2023-07-31 09:34:00,19750.0,19645.3,6312200,790950,52.05,139.25,294100,73000,0.234896,-0.764933,0.00223008,0.00222928,12.00059,12.009736,2023-08-01
17299,2023-07-31 09:34:00,19800.0,19645.3,10941800,2576050,37.0,173.9,494550,109000,0.140089,-0.860542,0.00161121,0.00161046,12.038725,12.007363,2023-08-01
22553,2023-07-31 09:34:00,19850.0,19645.3,3958950,397100,25.4,211.75,173750,20850,0.075349,-0.926924,0.00102693,0.00101443,12.050048,11.916433,2023-08-01
27806,2023-07-31 09:34:00,19900.0,19645.3,6209550,519150,17.0,253.95,246850,13200,0.036849,-0.963302,0.00058075,0.00057941,12.089354,12.07676,2023-08-01
25181,2023-07-31 09:35:00,19400.0,19644.0,654450,4508850,278.7,16.9,85200,300650,0.951011,-0.047285,0.00067035,0.00065837,13.18986,13.054837,2023-08-01
19928,2023-07-31 09:35:00,19450.0,19644.0,225450,3791900,234.5,23.65,23450,431550,0.915449,-0.086064,0.00106639,0.00107299,12.665069,12.755456,2023-08-01
14673,2023-07-31 09:35:00,19500.0,19644.0,1601350,6641000,194.5,33.9,191050,817100,0.850575,-0.151852,0.00161704,0.00161804,12.53235,12.659721,2023-08-01
9416,2023-07-31 09:35:00,19550.0,19644.0,772600,3868950,157.9,46.75,134100,615700,0.75631,-0.2443,0.00219664,0.00219338,12.434648,12.469921,2023-08-01
4156,2023-07-31 09:35:00,19600.0,19644.0,7235900,11255800,124.6,64.0,795450,855300,0.635773,-0.365423,0.0026661,0.00264405,12.276466,12.392484,2023-08-01
1525,2023-07-31 09:35:00,19650.0,19644.0,5114500,3729250,95.45,84.95,747100,522550,0.496707,-0.503227,0.00286671,0.00283597,12.126207,12.257673,2023-08-01
6787,2023-07-31 09:35:00,19700.0,19644.0,10199300,4197100,71.4,110.65,830500,520100,0.356212,-0.642582,0.00269009,0.00267009,12.074088,12.178959,2023-08-01
12044,2023-07-31 09:35:00,19750.0,19644.0,6352300,814900,51.6,141.1,417250,135150,0.231977,-0.765146,0.00221505,0.00220191,12.002586,12.157109,2023-08-01
17300,2023-07-31 09:35:00,19800.0,19644.0,11142750,2607950,36.85,175.55,552900,359050,0.138625,-0.860387,0.00159571,0.00159691,12.073188,12.122632,2023-08-01
22554,2023-07-31 09:35:00,19850.0,19644.0,4018650,404800,25.35,214.25,310250,30750,0.07468,-0.923555,0.00101674,0.00102615,12.092403,12.196799,2023-08-01
27807,2023-07-31 09:35:00,19900.0,19644.0,6131050,525850,17.05,255.15,353750,31250,0.036747,-0.963831,0.00057687,0.00057173,12.14738,12.098684,2023-08-01
25182,2023-07-31 09:36:00,19400.0,19643.2,654450,4508850,276.75,17.15,8500,135200,0.954402,-0.04822,0.00064822,0.00066716,12.882105,13.09039,2023-08-01
19929,2023-07-31 09:36:00,19450.0,19643.2,225450,3791900,232.35,23.95,3800,161400,0.919805,-0.087411,0.00105051,0.00108312,12.358403,12.787826,2023-08-01
14674,2023-07-31 09:36:00,19500.0,19643.2,1601350,6641000,193.25,34.35,68300,225550,0.851448,-0.15394,0.00162545,0.00162749,12.422738,12.704791,2023-08-01
9417,2023-07-31 09:36:00,19550.0,19643.2,772600,3868950,156.1,47.35,57050,280450,0.757904,-0.246934,0.00222336,0.00219718,12.245564,12.524297,2023-08-01
4157,2023-07-31 09:36:00,19600.0,19643.2,7235900,11255800,123.4,64.75,318550,590300,0.634685,-0.368136,0.00269124,0.00263813,12.17786,12.454754,2023-08-01
1526,2023-07-31 09:36:00,19650.0,19643.2,5114500,3729250,94.7,85.9,395850,294800,0.494375,-0.505452,0.00287776,0.00281878,12.082714,12.335626,2023-08-01
6788,2023-07-31 09:36:00,19700.0,19643.2,10199300,4197100,70.6,111.95,378250,265750,0.353299,-0.643417,0.00269668,0.0026433,12.013356,12.296218,2023-08-01
12045,2023-07-31 09:36:00,19750.0,19643.2,6352300,814900,51.0,142.3,184400,84300,0.229276,-0.765131,0.00220972,0.00218471,11.9569,12.257153,2023-08-01
17301,2023-07-31 09:36:00,19800.0,19643.2,11142750,2607950,36.4,177.05,312500,87050,0.136544,-0.858754,0.00158466,0.00159039,12.036381,12.272724,2023-08-01
22555,2023-07-31 09:36:00,19850.0,19643.2,4018650,404800,24.95,216.2,191700,7000,0.073066,-0.920232,0.0010039,0.00103891,12.048151,12.446117,2023-08-01
27808,2023-07-31 09:36:00,19900.0,19643.2,6131050,525850,16.7,258.15,141100,5750,0.03562,-0.957886,0.00056499,0.00061994,12.094106,12.633147,2023-08-01
25183,2023-07-31 09:37:00,19400.0,19641.85,654450,4508850,274.85,17.3,89050,222650,0.955833,-0.048981,0.00064102,0.00067622,12.701325,13.082497,2023-08-01
19930,2023-07-31 09:37:00,19450.0,19641.85,225450,3791900,232.0,24.25,7300,156450,0.915741,-0.089017,0.00107688,0.00109732,12.517446,12.799197,2023-08-01
14675,2023-07-31 09:37:00,19500.0,19641.85,1601350,6641000,192.6,34.75,100600,407250,0.848023,-0.156328,0.00164211,0.00164302,12.489297,12.717678,2023-08-01
9418,2023-07-31 09:37:00,19550.0,19641.85,772600,3868950,155.7,47.85,76600,265050,0.75351,-0.250067,0.0022308,0.00221056,12.327952,12.536742,2023-08-01
4158,2023-07-31 09:37:00,19600.0,19641.85,7235900,11255800,122.95,65.1,467200,703750,0.630533,-0.371437,0.00269043,0.00265196,12.231342,12.430186,2023-08-01
1527,2023-07-31 09:37:00,19650.0,19641.85,5114500,3729250,94.25,86.35,420900,423600,0.490516,-0.509293,0.00286976,0.00282517,12.118426,12.309829,2023-08-01
6789,2023-07-31 09:37:00,19700.0,19641.85,10199300,4197100,70.35,112.5,456000,373400,0.350187,-0.647359,0.00267851,0.00263995,12.060485,12.267587,2023-08-01
12046,2023-07-31 09:37:00,19750.0,19641.85,6352300,814900,50.85,143.15,227450,92350,0.227143,-0.7682,0.00219016,0.00217017,12.004649,12.253788,2023-08-01
17302,2023-07-31 09:37:00,19800.0,19641.85,11142750,2607950,36.1,178.05,415350,97700,0.134576,-0.860889,0.00156802,0.0015741,12.047938,12.276351,2023-08-01
22556,2023-07-31 09:37:00,19850.0,19641.85,4018650,404800,24.8,217.15,181800,16950,0.072074,-0.92205,0.00099175,0.00102307,12.072811,12.424335,2023-08-01
27809,2023-07-31 09:37:00,19900.0,19641.85,6131050,525850,16.7,259.35,156400,15850,0.035379,-0.958587,0.00055984,0.0006111,12.141946,12.647389,2023-08-01
25184,2023-07-31 09:38:00,19400.0,19644.45,574250,4596800,276.65,17.0,16350,161800,0.958921,-0.047404,0.00061017,0.00065803,12.585855,13.098423,2023-08-01
19931,2023-07-31 09:38:00,19450.0,19644.45,226450,3892100,234.45,23.9,6800,121100,0.917437,-0.086601,0.00105503,0.00107287,12.584789,12.826797,2023-08-01
14676,2023-07-31 09:38:00,19500.0,19644.45,1633750,6718300,194.6,34.2,107900,331800,0.85219,-0.152338,0.00161134,0.00161334,12.495832,12.733907,2023-08-01
9419,2023-07-31 09:38:00,19550.0,19644.45,787550,4029000,157.45,47.05,71850,209050,0.759405,-0.244366,0.00220293,0.00218312,12.323575,12.54059,2023-08-01
4159,2023-07-31 09:38:00,19600.0,19644.45,7355750,11564500,124.4,64.3,451600,396150,0.637712,-0.364867,0.00267693,0.00262993,12.214642,12.462785,2023-08-01
1528,2023-07-31 09:38:00,19650.0,19644.45,5306050,3808250,95.7,85.3,419800,247750,0.497975,-0.501944,0.00286753,0.00281999,12.132871,12.337434,2023-08-01
6790,2023-07-31 09:38:00,19700.0,19644.45,10313150,4273300,71.5,111.4,478400,197300,0.357188,-0.639936,0.00269678,0.00264851,12.06553,12.319697,2023-08-01
12047,2023-07-31 09:38:00,19750.0,19644.45,6361450,835700,51.75,141.7,215000,63000,0.232835,-0.761932,0.00222078,0.00219626,12.006028,12.289868,2023-08-01
17303,2023-07-31 09:38:00,19800.0,19644.45,11222400,2714400,36.85,176.35,443500,60350,0.138819,-0.856201,0.0016006,0.00160594,12.057685,12.308102,2023-08-01
22557,2023-07-31 09:38:00,19850.0,19644.45,4076500,411150,25.45,215.85,128600,12900,0.07506,-0.917004,0.00102102,0.00106071,12.098346,12.566721,2023-08-01
27810,2023-07-31 09:38:00,19900.0,19644.45,6174500,521850,17.15,257.1,144800,8550,0.037027,-0.95717,0.00058034,0.00062866,12.159483,12.635266,2023-08-01
25185,2023-07-31 09:39:00,19400.0,19647.95,574250,4596800,280.85,16.4,37850,173950,0.957508,-0.044737,0.00061268,0.00062963,12.883407,13.068539,2023-08-01
19932,2023-07-31 09:39:00,19450.0,19647.95,226450,3892100,237.2,23.15,15750,144750,0.921539,-0.082483,0.00101734,0.00103629,12.559443,12.804401,2023-08-01
14677,2023-07-31 09:39:00,19500.0,19647.95,1633750,6718300,196.65,33.15,101400,271250,0.859882,-0.146047,0.00156791,0.00157296,12.388494,12.69931,2023-08-01
9420,2023-07-31 09:39:00,19550.0,19647.95,787550,4029000,159.25,45.8,95400,224100,0.768815,-0.236311,0.00217196,0.00214798,12.22859,12.516321,2023-08-01
4160,2023-07-31 09:39:00,19600.0,19647.95,7355750,11564500,126.0,62.8,510900,466550,0.647927,-0.355472,0.002667,0.00261051,12.139098,12.444373,2023-08-01
1529,2023-07-31 09:39:00,19650.0,19647.95,5306050,3808250,97.05,83.6,563000,266600,0.508033,-0.492079,0.0028828,0.00282079,12.067559,12.332877,2023-08-01
6791,2023-07-31 09:39:00,19700.0,19647.95,10313150,4273300,72.45,109.25,539950,232700,0.365772,-0.630926,0.00273678,0.0026762,11.987363,12.295144,2023-08-01
12048,2023-07-31 09:39:00,19750.0,19647.95,6361450,835700,52.3,139.0,289500,58050,0.238806,-0.755371,0.00227062,0.00224066,11.908749,12.226888,2023-08-01
17304,2023-07-31 09:39:00,19800.0,19647.95,11222400,2714400,37.4,173.65,367000,68900,0.143127,-0.851107,0.00164306,0.00164766,11.993284,12.28139,2023-08-01
22558,2023-07-31 09:39:00,19850.0,19647.95,4076500,411150,25.65,211.65,170950,12900,0.076969,-0.917905,0.00104923,0.00107506,12.00151,12.29887,2023-08-01
27811,2023-07-31 09:39:00,19900.0,19647.95,6174500,521850,17.25,253.7,189100,19100,0.037878,-0.956255,0.00059601,0.0006447,12.062858,12.534399,2023-08-01
25186,2023-07-31 09:40:00,19400.0,19649.5,574250,4596800,280.55,16.35,33900,220300,0.96352,-0.044217,0.00055998,0.00062192,12.453011,13.109109,2023-08-01
19933,2023-07-31 09:40:00,19450.0,19649.5,226450,3892100,236.85,23.0,16100,225750,0.928801,-0.08128,0.00097167,0.00102289,12.212902,12.831849,2023-08-01
14678,2023-07-31 09:40:00,19500.0,19649.5,1633750,6718300,196.75,32.95,94950,322250,0.866089,-0.144135,0.00154441,0.00155564,12.19603,12.729901,2023-08-01
9421,2023-07-31 09:40:00,19550.0,19649.5,787550,4029000,159.3,45.65,85650,290000,0.775151,-0.233836,0.00216685,0.00212728,12.069784,12.567405,2023-08-01
4161,2023-07-31 09:40:00,19600.0,19649.5,7355750,11564500,126.0,62.7,432950,508900,0.65367,-0.352192,0.00268119,0.00258759,12.004887,12.515661,2023-08-01
1530,2023-07-31 09:40:00,19650.0,19649.5,5306050,3808250,96.95,83.35,503750,374450,0.512597,-0.487762,0.0029124,0.00280559,11.943751,12.398805,2023-08-01
6792,2023-07-31 09:40:00,19700.0,19649.5,10313150,4273300,72.55,109.1,610550,276750,0.369137,-0.625817,0.00276371,0.00266726,11.908905,12.393561,2023-08-01
12049,2023-07-31 09:40:00,19750.0,19649.5,6361450,835700,52.4,139.15,292250,96000,0.241088,-0.749024,0.00229516,0.00224151,11.845056,12.392978,2023-08-01
17305,2023-07-31 09:40:00,19800.0,19649.5,11222400,2714400,37.35,173.8,408300,102400,0.144081,-0.84463,0.00166125,0.00166778,11.917605,12.483781,2023-08-01
22559,2023-07-31 09:40:00,19850.0,19649.5,4076500,411150,25.7,212.4,242850,19200,0.077684,-0.910005,0.00106123,0.00111881,11.951828,12.661506,2023-08-01
27812,2023-07-31 09:40:00,19900.0,19649.5,6174500,521850,17.3,252.9,275900,24050,0.038264,-0.953861,0.00060313,0.00066717,12.021977,12.645554,2023-08-01
25187,2023-07-31 09:41:00,19400.0,19656.05,576900,4693950,286.35,15.75,59550,289600,0.966981,-0.041018,0.00051558,0.00058229,12.461837,13.175545,2023-08-01
19934,2023-07-31 09:41:00,19450.0,19656.05,231600,3902350,240.4,22.15,19700,342050,0.941794,-0.075731,0.00086165,0.00096469,11.776038,12.895094,2023-08-01
14679,2023-07-31 09:41:00,19500.0,19656.05,1636550,6700100,200.7,31.7,173200,1212000,0.880025,-0.135058,0.00145534,0.00148243,11.988497,12.779849,2023-08-01
9422,2023-07-31 09:41:00,19550.0,19656.05,790050,4301400,162.75,43.85,170800,915700,0.792719,-0.220569,0.00209925,0.00205381,11.884227,12.594677,2023-08-01
4162,2023-07-31 09:41:00,19600.0,19656.05,7332100,11787750,128.75,60.35,855300,847650,0.673655,-0.335601,0.00266228,0.002537,11.812807,12.535317,2023-08-01
1531,2023-07-31 09:41:00,19650.0,19656.05,5420000,3972050,99.35,80.45,958550,571400,0.532021,-0.469448,0.00294176,0.0027943,11.791672,12.417573,2023-08-01
6793,2023-07-31 09:41:00,19700.0,19656.05,10314750,4373400,74.4,105.55,1122650,432450,0.385937,-0.608198,0.00283692,0.00270241,11.762122,12.401008,2023-08-01
12050,2023-07-31 09:41:00,19750.0,19656.05,6335200,862100,54.0,135.3,652400,124000,0.25435,-0.733458,0.00238334,0.00230422,11.737148,12.436476,2023-08-01
17306,2023-07-31 09:41:00,19800.0,19656.05,11240300,2747650,38.4,169.35,618400,120700,0.152612,-0.832901,0.00174453,0.0017443,11.793289,12.515864,2023-08-01
22560,2023-07-31 09:41:00,19850.0,19656.05,3974850,420450,26.35,207.45,675200,18150,0.082396,-0.902101,0.00112212,0.00118825,11.817357,12.685114,2023-08-01
27813,2023-07-31 09:41:00,19900.0,19656.05,6161950,528550,17.7,248.6,335450,20550,0.040582,-0.946016,0.0006399,0.00074171,11.886076,12.891487,2023-08-01
25188,2023-07-31 09:42:00,19400.0,19650.05,576900,4693950,280.0,15.95,11350,220500,0.967029,-0.04283,0.0005274,0.00061017,12.174824,13.028984,2023-08-01
19935,2023-07-31 09:42:00,19450.0,19650.05,231600,3902350,236.1,22.65,7750,155600,0.933661,-0.079795,0.00094072,0.00101322,11.951794,12.781822,2023-08-01
14680,2023-07-31 09:42:00,19500.0,19650.05,1636550,6700100,196.55,32.4,74700,354600,0.869186,-0.141812,0.00153418,0.00154814,12.087301,12.658605,2023-08-01
9423,2023-07-31 09:42:00,19550.0,19650.05,790050,4301400,159.2,44.8,79100,614150,0.777814,-0.230732,0.00216637,0.00213011,11.997265,12.464339,2023-08-01
4163,2023-07-31 09:42:00,19600.0,19650.05,7332100,11787750,125.45,61.8,528200,553950,0.656712,-0.349636,0.00270156,0.00260195,11.881443,12.420414,2023-08-01
1532,2023-07-31 09:42:00,19650.0,19650.05,5420000,3972050,96.6,82.5,518000,346850,0.514272,-0.486157,0.00293424,0.00282455,11.859454,12.320478,2023-08-01
6794,2023-07-31 09:42:00,19700.0,19650.05,10314750,4373400,72.25,108.15,719350,317450,0.369806,-0.625291,0.00278349,0.00268853,11.837552,12.30751,2023-08-01
12051,2023-07-31 09:42:00,19750.0,19650.05,6335200,862100,52.1,138.0,313050,69750,0.240928,-0.749904,0.00230899,0.00225917,11.776139,12.279786,2023-08-01
17307,2023-07-31 09:42:00,19800.0,19650.05,11240300,2747650,37.1,172.65,649500,273950,0.143586,-0.84618,0.00166696,0.00167354,11.855577,12.3652,2023-08-01
22561,2023-07-31 09:42:00,19850.0,19650.05,3974850,420450,25.3,211.4,155900,13650,0.076506,-0.911293,0.00105789,0.00111651,11.857481,12.558994,2023-08-01
27814,2023-07-31 09:42:00,19900.0,19650.05,6161950,528550,16.8,252.6,598600,7400,0.036889,-0.953116,0.00059221,0.00067423,11.889672,12.681879,2023-08-01
25189,2023-07-31 09:43:00,19400.0,19646.75,576900,4693950,279.0,16.2,23750,206400,0.959319,-0.04428,0.00060137,0.00062928,12.685611,12.983319,2023-08-01
19936,2023-07-31 09:43:00,19450.0,19646.75,231600,3902350,234.7,22.9,3800,158750,0.925665,-0.082006,0.00100234,0.00104039,12.248475,12.713313,2023-08-01
14681,2023-07-31 09:43:00,19500.0,19646.75,1636550,6700100,195.45,32.95,70450,290250,0.859058,-0.146176,0.0015814,0.00158574,12.346388,12.61936,2023-08-01
9424,2023-07-31 09:43:00,19550.0,19646.75,790050,4301400,158.5,45.3,47450,359650,0.766065,-0.236412,0.00218529,0.0021734,12.248609,12.387449,2023-08-01
4164,2023-07-31 09:43:00,19600.0,19646.75,7332100,11787750,124.9,62.75,347700,547000,0.645346,-0.357757,0.00268699,0.00263389,12.094555,12.376346,2023-08-01
1533,2023-07-31 09:43:00,19650.0,19646.75,5420000,3972050,95.8,83.65,398050,497850,0.504558,-0.495481,0.00290521,0.00283963,11.990241,12.267138,2023-08-01
6795,2023-07-31 09:43:00,19700.0,19646.75,10314750,4373400,71.75,109.35,487900,329450,0.362118,-0.635104,0.00273477,0.00268545,11.969718,12.221076,2023-08-01
12052,2023-07-31 09:43:00,19750.0,19646.75,6335200,862100,51.7,139.25,267950,101650,0.235442,-0.759628,0.00225944,0.00223524,11.888772,12.154818,2023-08-01
17308,2023-07-31 09:43:00,19800.0,19646.75,11240300,2747650,36.8,173.85,478550,105050,0.140105,-0.855424,0.00162657,0.00163114,11.955042,12.177611,2023-08-01
22562,2023-07-31 09:43:00,19850.0,19646.75,3974850,420450,25.05,212.0,175150,9350,0.074422,-0.9213,0.00102918,0.00105185,11.939783,12.189816,2023-08-01
27815,2023-07-31 09:43:00,19900.0,19646.75,6161950,528550,16.75,253.6,479200,9150,0.036168,-0.96029,0.00057794,0.00060887,11.993467,12.285831,2023-08-01
25190,2023-07-31 09:44:00,19400.0,19644.3,611950,4765250,277.0,16.65,16050,157150,0.95742,-0.04619,0.00062247,0.00064972,12.722126,13.014643,2023-08-01
19937,2023-07-31 09:44:00,19450.0,19644.3,222650,3935500,234.8,23.45,10050,144000,0.915794,-0.08492,0.00106335,0.00106651,12.693989,12.736809,2023-08-01
14682,2023-07-31 09:44:00,19500.0,19644.3,1612050,6733200,193.6,33.6,57100,269750,0.855096,-0.150258,0.00161119,0.00161437,12.35228,12.631228,2023-08-01
9425,2023-07-31 09:44:00,19550.0,19644.3,783250,4926550,156.9,46.35,43650,213500,0.760434,-0.242517,0.00221193,0.0021966,12.265408,12.433508,2023-08-01
4165,2023-07-31 09:44:00,19600.0,19644.3,7274050,11993650,123.75,63.55,260400,397050,0.638221,-0.363989,0.00269537,0.00265503,12.145745,12.355798,2023-08-01
1534,2023-07-31 09:44:00,19650.0,19644.3,5324150,4110850,94.8,84.7,251050,292600,0.497449,-0.502453,0.00289671,0.00284424,12.030803,12.252802,2023-08-01
6796,2023-07-31 09:44:00,19700.0,19644.3,10280800,4492950,70.8,110.65,360650,270350,0.355601,-0.641819,0.00271466,0.00267166,11.987449,12.211334,2023-08-01
12053,2023-07-31 09:44:00,19750.0,19644.3,6274100,866300,51.0,140.8,200900,72250,0.230331,-0.765222,0.00222845,0.00220826,11.912851,12.150291,2023-08-01
17309,2023-07-31 09:44:00,19800.0,19644.3,11339750,2838050,36.15,175.45,317850,79000,0.136159,-0.860013,0.00159536,0.00160026,11.958635,12.149571,2023-08-01
22563,2023-07-31 09:44:00,19850.0,19644.3,4037250,422450,24.6,214.65,133400,15550,0.072041,-0.921633,0.00100346,0.00103745,11.949697,12.324313,2023-08-01
27816,2023-07-31 09:44:00,19900.0,19644.3,6262150,531250,16.45,255.95,162650,14550,0.03491,-0.96104,0.00056092,0.00059667,12.008467,12.349061,2023-08-01
25191,2023-07-31 09:45:00,19400.0,19643.55,611950,4765250,277.25,16.55,10250,192900,0.954163,-0.046026,0.00064912,0.00065051,12.950742,12.965877,2023-08-01
19938,2023-07-31 09:45:00,19450.0,19643.55,222650,3935500,233.95,23.45,6750,158650,0.915827,-0.085219,0.00106728,0.00107191,12.647591,12.710117,2023-08-01
14683,2023-07-31 09:45:00,19500.0,19643.55,1612050,6733200,194.0,33.6,58850,375400,0.850653,-0.150834,0.00162223,0.00162289,12.523153,12.601007,2023-08-01
9426,2023-07-31 09:45:00,19550.0,19643.55,783250,4926550,156.85,46.4,77900,308550,0.757538,-0.243646,0.00221391,0.0022076,12.338721,12.406587,2023-08-01
4166,2023-07-31 09:45:00,19600.0,19643.55,7274050,11993650,123.5,63.65,314500,661050,0.635903,-0.365686,0.00269524,0.00266566,12.176551,12.329651,2023-08-01
1535,2023-07-31 09:45:00,19650.0,19643.55,5324150,4110850,94.7,84.8,412550,506350,0.495293,-0.504616,0.00288762,0.00285291,12.071959,12.218835,2023-08-01
6797,2023-07-31 09:45:00,19700.0,19643.55,10280800,4492950,70.75,110.75,540450,355550,0.353985,-0.644368,0.00270229,0.00267535,12.026732,12.167835,2023-08-01
12054,2023-07-31 09:45:00,19750.0,19643.55,6274100,866300,50.95,141.15,292400,106100,0.229207,-0.7673,0.00221707,0.00220158,11.945053,12.13107,2023-08-01
17310,2023-07-31 09:45:00,19800.0,19643.55,11339750,2838050,36.05,175.7,565150,83850,0.135258,-0.862229,0.00158623,0.00158969,11.976689,12.102052,2023-08-01
22564,2023-07-31 09:45:00,19850.0,19643.55,4037250,422450,24.6,214.45,126500,12200,0.071743,-0.924998,0.00099806,0.00101611,11.980076,12.17401,2023-08-01
27817,2023-07-31 09:45:00,19900.0,19643.55,6262150,531250,16.4,256.35,189950,15000,0.034628,-0.962177,0.00055667,0.00058519,12.023762,12.294898,2023-08-01
25192,2023-07-31 09:46:00,19400.0,19643.8,611950,4765250,276.95,16.55,2600,123600,0.955942,-0.04594,0.00063516,0.00064923,12.823764,12.975552,2023-08-01
19939,2023-07-31 09:46:00,19450.0,19643.8,222650,3935500,234.15,23.35,8150,107650,0.916133,-0.084729,0.00106456,0.00106841,12.648585,12.700188,2023-08-01
14684,2023-07-31 09:46:00,19500.0,19643.8,1612050,6733200,193.95,33.6,27550,255400,0.851885,-0.150588,0.00161885,0.00162005,12.483339,12.612677,2023-08-01
9427,2023-07-31 09:46:00,19550.0,19643.8,783250,4926550,156.7,46.35,36150,171600,0.758984,-0.243133,0.00221588,0.00220472,12.29109,12.41201,2023-08-01
4167,2023-07-31 09:46:00,19600.0,19643.8,7274050,11993650,123.5,63.8,184900,394700,0.636815,-0.36536,0.00269806,0.00265782,12.156732,12.365648,2023-08-01
1536,2023-07-31 09:46:00,19650.0,19643.8,5324150,4110850,94.65,84.8,243550,299600,0.495993,-0.503902,0.00289394,0.0028497,12.049023,12.236116,2023-08-01
6798,2023-07-31 09:46:00,19700.0,19643.8,10280800,4492950,70.75,110.5,278450,236250,0.354457,-0.643904,0.0027073,0.00268036,12.013369,12.15395,2023-08-01
12055,2023-07-31 09:46:00,19750.0,19643.8,6274100,866300,51.0,140.95,161400,69850,0.229619,-0.766901,0.00222062,0.00220509,11.941164,12.126582,2023-08-01
17311,2023-07-31 09:46:00,19800.0,19643.8,11339750,2838050,36.0,175.65,290400,75650,0.135226,-0.861454,0.00158875,0.00159325,11.958942,12.12451,2023-08-01
22565,2023-07-31 09:46:00,19850.0,19643.8,4037250,422450,24.55,214.0,114700,13850,0.071634,-0.925598,0.00099865,0.0010141,11.962199,12.126802,2023-08-01
27818,2023-07-31 09:46:00,19900.0,19643.8,6262150,531250,16.35,256.15,160100,9250,0.034505,-0.962031,0.00055608,0.00058702,12.004701,12.29837,2023-08-01
25193,2023-07-31 09:47:00,19400.0,19643.05,619200,4811850,278.1,16.6,11300,147750,0.949915,-0.04624,0.00068057,0.00065342,13.268443,12.963963,2023-08-01
19940,2023-07-31 09:47:00,19450.0,19643.05,224100,3967000,234.1,23.5,3100,93550,0.913427,-0.085542,0.00108054,0.00107609,12.76569,12.704147,2023-08-01
14685,2023-07-31 09:47:00,19500.0,19643.05,1620050,6786850,193.75,33.5,51850,278200,0.849469,-0.150836,0.00162836,0.00162849,12.549184,12.565143,2023-08-01
9428,2023-07-31 09:47:00,19550.0,19643.05,791100,4987500,156.9,46.15,44800,187200,0.755432,-0.243603,0.00221416,0.00221937,12.402356,12.346862,2023-08-01
4168,2023-07-31 09:47:00,19600.0,19643.05,7274400,12276200,123.7,63.75,245100,464000,0.633845,-0.366847,0.00268555,0.00267249,12.250717,12.318333,2023-08-01
1537,2023-07-31 09:47:00,19650.0,19643.05,5365750,4219350,95.05,84.75,235700,362550,0.493894,-0.506089,0.00286874,0.00286314,12.157925,12.181705,2023-08-01
6799,2023-07-31 09:47:00,19700.0,19643.05,10382150,4573750,71.05,110.85,314300,212300,0.353417,-0.646067,0.0026858,0.00267747,12.100713,12.144648,2023-08-01
12056,2023-07-31 09:47:00,19750.0,19643.05,6320300,914050,51.0,140.65,176900,54850,0.228638,-0.770769,0.00220869,0.00220613,11.980665,12.012023,2023-08-01
17312,2023-07-31 09:47:00,19800.0,19643.05,11229300,2875850,36.0,175.7,233800,57950,0.134659,-0.864326,0.00158014,0.00158162,11.993354,12.043943,2023-08-01
22566,2023-07-31 09:47:00,19850.0,19643.05,4042000,425450,24.5,213.6,100150,8950,0.071175,-0.929626,0.00099234,0.00098769,11.98289,11.934958,2023-08-01
27819,2023-07-31 09:47:00,19900.0,19643.05,6321600,533600,16.35,255.25,184700,6600,0.034364,-0.966746,0.00055313,0.00054275,12.031849,11.935358,2023-08-01
25194,2023-07-31 09:48:00,19400.0,19645.8,619200,4811850,281.0,16.05,12200,159400,0.950146,-0.043892,0.00067146,0.00062879,13.400603,12.920142,2023-08-01
19941,2023-07-31 09:48:00,19450.0,19645.8,224100,3967000,236.15,22.7,5300,116600,0.917061,-0.081552,0.0010497,0.00104332,12.726744,12.642914,2023-08-01
14686,2023-07-31 09:48:00,19500.0,19645.8,1620050,6786850,197.2,32.4,48650,258550,0.849457,-0.144898,0.00159834,0.00159507,12.787342,12.489794,2023-08-01
9429,2023-07-31 09:48:00,19550.0,19645.8,791100,4987500,159.55,44.9,45150,179200,0.759486,-0.236418,0.00217394,0.00219442,12.519718,12.286791,2023-08-01
4169,2023-07-31 09:48:00,19600.0,19645.8,7274400,12276200,126.05,61.8,265750,477150,0.640198,-0.35817,0.00264916,0.0026778,12.347271,12.195934,2023-08-01
1538,2023-07-31 09:48:00,19650.0,19645.8,5365750,4219350,96.85,82.2,281450,337550,0.50178,-0.498236,0.00285757,0.00290369,12.208494,12.014568,2023-08-01
6800,2023-07-31 09:48:00,19700.0,19645.8,10382150,4573750,72.5,107.9,377400,225850,0.361193,-0.640882,0.0026986,0.00273449,12.13714,11.954101,2023-08-01
12057,2023-07-31 09:48:00,19750.0,19645.8,6320300,914050,52.25,137.8,201200,66050,0.235514,-0.767616,0.00223749,0.00225212,12.024867,11.858518,2023-08-01
17313,2023-07-31 09:48:00,19800.0,19645.8,11229300,2875850,36.9,171.7,246850,61750,0.139531,-0.866608,0.00161552,0.00160692,12.020654,11.718685,2023-08-01
22567,2023-07-31 09:48:00,19850.0,19645.8,4042000,425450,25.1,210.2,82450,16450,0.074063,-0.930852,0.00102228,0.00099383,11.993373,11.703574,2023-08-01
27820,2023-07-31 09:48:00,19900.0,19645.8,6321600,533600,16.7,251.6,132250,12250,0.035749,-0.968852,0.00057194,0.00052806,12.021575,11.623928,2023-08-01
25195,2023-07-31 09:49:00,19400.0,19654.45,619200,4811850,287.0,15.2,20450,283600,0.960054,-0.039486,0.00057759,0.00057394,13.030603,12.990623,2023-08-01
19942,2023-07-31 09:49:00,19450.0,19654.45,224100,3967000,243.0,21.45,14450,154900,0.926758,-0.073719,0.00095948,0.00096197,12.667905,12.697956,2023-08-01
14687,2023-07-31 09:49:00,19500.0,19654.45,1620050,6786850,202.9,30.8,110950,411850,0.86589,-0.132878,0.00149639,0.00149466,12.628815,12.563508,2023-08-01
9430,2023-07-31 09:49:00,19550.0,19654.45,791100,4987500,164.8,42.8,104750,265900,0.780105,-0.219262,0.00208717,0.00208955,12.40038,12.365802,2023-08-01
4170,2023-07-31 09:49:00,19600.0,19654.45,7274400,12276200,130.6,59.1,579350,704700,0.664267,-0.336304,0.00260577,0.0025977,12.23473,12.280887,2023-08-01
1539,2023-07-31 09:49:00,19650.0,19654.45,5365750,4219350,100.45,79.2,630500,490850,0.52674,-0.473425,0.0028829,0.00286303,12.072208,12.156327,2023-08-01
6801,2023-07-31 09:49:00,19700.0,19654.45,10382150,4573750,75.3,103.75,665200,341450,0.383385,-0.61614,0.00278271,0.00277232,11.995609,12.045011,2023-08-01
12058,2023-07-31 09:49:00,19750.0,19654.45,6320300,914050,54.45,133.0,293050,113000,0.252945,-0.745745,0.00234987,0.00234191,11.89734,11.970187,2023-08-01
17314,2023-07-31 09:49:00,19800.0,19654.45,11229300,2875850,38.6,166.65,314250,100750,0.151635,-0.8482,0.00172422,0.0017243,11.909034,11.917138,2023-08-01
22568,2023-07-31 09:49:00,19850.0,19654.45,4042000,425450,26.25,204.75,128750,15100,0.081117,-0.91708,0.0011063,0.00111524,11.873319,11.974747,2023-08-01
27821,2023-07-31 09:49:00,19900.0,19654.45,6321600,533600,17.45,245.9,269650,14750,0.039351,-0.959092,0.00062498,0.00063841,11.89646,12.019141,2023-08-01
25196,2023-07-31 09:50:00,19400.0,19659.25,598500,4827400,292.4,14.3,158950,534900,0.959243,-0.035891,0.00057322,0.00053421,13.346417,12.910701,2023-08-01
19943,2023-07-31 09:50:00,19450.0,19659.25,219250,4004650,247.4,20.2,19450,405300,0.929928,-0.067669,0.00092101,0.00090764,12.757064,12.601492,2023-08-01
14688,2023-07-31 09:50:00,19500.0,19659.25,1615850,6868550,206.6,29.1,230600,735300,0.873029,-0.123658,0.00144106,0.00143475,12.627393,12.450942,2023-08-01
9431,2023-07-31 09:50:00,19550.0,19659.25,784550,5117900,168.65,40.5,188350,529500,0.788701,-0.206636,0.00202761,0.002042,12.473301,12.223704,2023-08-01
4171,2023-07-31 09:50:00,19600.0,19659.25,7259450,12297500,133.5,56.1,1028100,1306250,0.676942,-0.321555,0.00256938,0.00258819,12.217973,12.105775,2023-08-01
1540,2023-07-31 09:50:00,19650.0,19659.25,5243550,4284100,103.3,75.75,1359050,911650,0.540458,-0.459164,0.00286675,0.00289539,12.105376,11.984466,2023-08-01
6802,2023-07-31 09:50:00,19700.0,19659.25,10123050,4641050,77.6,99.9,1838100,706650,0.396913,-0.604261,0.00280646,0.00283607,12.012117,11.877173,2023-08-01
12059,2023-07-31 09:50:00,19750.0,19659.25,6289700,950650,56.15,128.45,762150,193200,0.26415,-0.738246,0.00240492,0.00242132,11.889344,11.753956,2023-08-01
17315,2023-07-31 09:50:00,19800.0,19659.25,11179350,2855850,39.8,161.75,885250,518850,0.159444,-0.844653,0.00178635,0.00178582,11.882513,11.684311,2023-08-01
22569,2023-07-31 09:50:00,19850.0,19659.25,4015500,440900,27.1,200.15,354200,43950,0.085916,-0.914447,0.00115828,0.00115657,11.841445,11.821473,2023-08-01
27822,2023-07-31 09:50:00,19900.0,19659.25,6297950,535350,17.95,240.1,450950,33200,0.041692,-0.961142,0.000658,0.00063313,11.842497,11.623699,2023-08-01
25197,2023-07-31 09:51:00,19400.0,19660.0,598500,4827400,292.4,14.0,35100,258550,0.961597,-0.034852,0.00055324,0.00052388,13.178462,12.855235,2023-08-01
19944,2023-07-31 09:51:00,19450.0,19660.0,219250,4004650,248.75,19.95,8200,267150,0.928224,-0.066525,0.00092687,0.00089788,12.915749,12.574481,2023-08-01
14689,2023-07-31 09:51:00,19500.0,19660.0,1615850,6868550,207.35,28.75,80450,456950,0.873571,-0.121902,0.00143347,0.00142455,12.659496,12.417989,2023-08-01
9432,2023-07-31 09:51:00,19550.0,19660.0,784550,5117900,169.15,40.0,77300,267100,0.790344,-0.2042,0.00201941,0.00203557,12.469745,12.179184,2023-08-01
4172,2023-07-31 09:51:00,19600.0,19660.0,7259450,12297500,134.1,55.65,433300,699750,0.678647,-0.319242,0.00256031,0.00258625,12.237359,12.081288,2023-08-01
1541,2023-07-31 09:51:00,19650.0,19660.0,5243550,4284100,103.45,75.15,510550,471950,0.542724,-0.456871,0.00287388,0.00290278,12.07108,11.949595,2023-08-01
6803,2023-07-31 09:51:00,19700.0,19660.0,10123050,4641050,77.85,99.3,720650,316350,0.398887,-0.60239,0.00281356,0.00284651,12.00059,11.851564,2023-08-01
12060,2023-07-31 09:51:00,19750.0,19660.0,6289700,950650,56.25,127.85,333150,100350,0.26547,-0.736801,0.00241652,0.00243234,11.865207,11.736537,2023-08-01
17316,2023-07-31 09:51:00,19800.0,19660.0,11179350,2855850,40.0,161.15,485300,119500,0.160686,-0.843583,0.00179608,0.00179584,11.881109,11.674744,2023-08-01
22570,2023-07-31 09:51:00,19850.0,19660.0,4015500,440900,27.25,198.3,199350,15500,0.086705,-0.917886,0.00116662,0.00114423,11.840402,11.589085,2023-08-01
27823,2023-07-31 09:51:00,19900.0,19660.0,6297950,535350,18.05,240.0,264150,15400,0.042107,-0.959125,0.00066362,0.00065302,11.839838,11.745777,2023-08-01
25198,2023-07-31 09:52:00,19400.0,19652.9,598500,4827400,289.9,14.55,33900,196050,0.946611,-0.037757,0.00067527,0.00056333,14.081806,12.772913,2023-08-01
19945,2023-07-31 09:52:00,19450.0,19652.9,219250,4004650,244.75,20.6,5550,189850,0.915228,-0.071307,0.00102137,0.00095634,13.306342,12.462931,2023-08-01
14690,2023-07-31 09:52:00,19500.0,19652.9,1615850,6868550,204.25,29.7,67700,419400,0.855315,-0.130111,0.00152244,0.00150526,13.082592,12.306387,2023-08-01
9433,2023-07-31 09:52:00,19550.0,19652.9,784550,5117900,166.05,41.3,73100,222750,0.770469,-0.216707,0.00207869,0.00212965,12.769318,12.062343,2023-08-01
4173,2023-07-31 09:52:00,19600.0,19652.9,7259450,12297500,131.35,57.25,340500,530100,0.657345,-0.335978,0.00257614,0.00267386,12.484379,11.937572,2023-08-01
1542,2023-07-31 09:52:00,19650.0,19652.9,5243550,4284100,101.3,77.2,464900,372400,0.521895,-0.477269,0.00283273,0.00295644,12.306499,11.790137,2023-08-01
6804,2023-07-31 09:52:00,19700.0,19652.9,10123050,4641050,75.75,101.4,648850,436150,0.380551,-0.62501,0.00274217,0.00285816,12.156997,11.610639,2023-08-01
12061,2023-07-31 09:52:00,19750.0,19652.9,6289700,950650,54.55,130.5,304950,117900,0.250927,-0.75892,0.00232261,0.00237799,11.997228,11.468803,2023-08-01
17317,2023-07-31 09:52:00,19800.0,19652.9,11179350,2855850,38.7,163.85,395900,113650,0.150599,-0.864248,0.00170502,0.00168997,11.999391,11.28643,2023-08-01
22571,2023-07-31 09:52:00,19850.0,19652.9,4015500,440900,26.2,202.0,136700,10550,0.08022,-0.932264,0.0010929,0.00102114,11.929422,11.21926,2023-08-01
27824,2023-07-31 09:52:00,19900.0,19652.9,6297950,535350,17.4,242.55,258500,20950,0.038848,-0.973428,0.0006166,0.00049383,11.943435,10.899952,2023-08-01
25199,2023-07-31 09:53:00,19400.0,19659.05,507650,4798300,293.85,13.95,3300,232750,0.954446,-0.034822,0.00060867,0.00052553,13.762964,12.813446,2023-08-01
19946,2023-07-31 09:53:00,19450.0,19659.05,214550,3959750,249.95,19.7,4350,165300,0.920865,-0.065942,0.00096726,0.00089852,13.340288,12.487821,2023-08-01
14691,2023-07-31 09:53:00,19500.0,19659.05,1616000,7012200,209.35,28.4,58750,356550,0.863244,-0.121242,0.00145733,0.00143151,13.153845,12.318068,2023-08-01
9434,2023-07-31 09:53:00,19550.0,19659.05,788450,5207100,170.75,39.55,61400,447800,0.782007,-0.203865,0.00200881,0.0020538,12.831355,12.066669,2023-08-01
4174,2023-07-31 09:53:00,19600.0,19659.05,7180850,12410900,135.55,54.9,318850,516100,0.672435,-0.319494,0.00252072,0.00262244,12.535359,11.925786,2023-08-01
1543,2023-07-31 09:53:00,19650.0,19659.05,5144700,4429800,104.9,74.1,366150,346350,0.539182,-0.458986,0.00281476,0.00295554,12.343477,11.750051,2023-08-01
6805,2023-07-31 09:53:00,19700.0,19659.05,10151000,4803350,78.85,97.95,523950,267200,0.397843,-0.607448,0.00276747,0.00289988,12.199371,11.599919,2023-08-01
12062,2023-07-31 09:53:00,19750.0,19659.05,6365400,967900,57.1,126.7,256700,93050,0.266097,-0.743771,0.00238572,0.0024523,12.04007,11.487902,2023-08-01
17318,2023-07-31 09:53:00,19800.0,19659.05,11282600,2858700,40.5,159.65,273900,70750,0.161395,-0.852742,0.00178355,0.001779,12.006352,11.328938,2023-08-01
22572,2023-07-31 09:53:00,19850.0,19659.05,4082900,440750,27.65,197.1,151650,11300,0.087547,-0.925741,0.00116456,0.00109542,11.954524,11.223431,2023-08-01
27825,2023-07-31 09:53:00,19900.0,19659.05,6281650,538150,18.3,237.4,147300,22050,0.042599,-0.969754,0.0006651,0.00054774,11.932202,10.944686,2023-08-01
25200,2023-07-31 09:54:00,19400.0,19657.65,507650,4798300,292.0,14.0,7000,259750,0.955473,-0.035192,0.0006047,0.00053156,13.606244,12.782925,2023-08-01
19947,2023-07-31 09:54:00,19450.0,19657.65,214550,3959750,248.0,19.95,15850,236000,0.922123,-0.067256,0.00096784,0.00091221,13.175948,12.494239,2023-08-01
14692,2023-07-31 09:54:00,19500.0,19657.65,1616000,7012200,206.0,28.8,133250,443700,0.868662,-0.123549,0.00146275,0.0014489,12.750606,12.336655,2023-08-01
9435,2023-07-31 09:54:00,19550.0,19657.65,788450,5207100,168.3,40.1,79600,217800,0.783303,-0.207177,0.00203875,0.00206994,12.603834,12.091983,2023-08-01
4175,2023-07-31 09:54:00,19600.0,19657.65,7180850,12410900,133.65,55.55,501650,784600,0.670744,-0.323426,0.00255621,0.00263203,12.391397,11.947181,2023-08-01
1544,2023-07-31 09:54:00,19650.0,19657.65,5144700,4429800,103.2,75.25,610450,414000,0.535574,-0.463331,0.00284717,0.00294175,12.217697,11.821921,2023-08-01
6806,2023-07-31 09:54:00,19700.0,19657.65,10151000,4803350,77.5,99.45,720700,364750,0.393106,-0.610572,0.00278103,0.00286918,12.104661,11.70178,2023-08-01
12063,2023-07-31 09:54:00,19750.0,19657.65,6365400,967900,56.0,127.9,316050,112450,0.26128,-0.746404,0.00238052,0.00243025,11.958673,11.533692,2023-08-01
17319,2023-07-31 09:54:00,19800.0,19657.65,11282600,2858700,39.65,161.25,442350,113100,0.157442,-0.853246,0.00176553,0.00176064,11.937762,11.424776,2023-08-01
22573,2023-07-31 09:54:00,19850.0,19657.65,4082900,440750,26.95,199.3,154150,12900,0.084582,-0.923587,0.00114212,0.00109965,11.883347,11.430619,2023-08-01
27826,2023-07-31 09:54:00,19900.0,19657.65,6281650,538150,17.85,239.4,201650,25600,0.040981,-0.968265,0.00064752,0.00056023,11.882019,11.138997,2023-08-01
25201,2023-07-31 09:55:00,19400.0,19651.8,507650,4798300,289.65,14.45,4600,210550,0.943923,-0.037589,0.00069441,0.00056438,14.248738,12.71419,2023-08-01
19948,2023-07-31 09:55:00,19450.0,19651.8,214550,3959750,244.65,20.5,8500,141750,0.91159,-0.071279,0.00104178,0.00096136,13.474067,12.405223,2023-08-01
14693,2023-07-31 09:55:00,19500.0,19651.8,1616000,7012200,204.25,29.55,58550,389350,0.851074,-0.130269,0.00153591,0.00151628,13.233643,12.238235,2023-08-01
9436,2023-07-31 09:55:00,19550.0,19651.8,788450,5207100,166.0,41.15,45950,203850,0.766354,-0.217541,0.00208239,0.00214893,12.885127,11.991473,2023-08-01
4176,2023-07-31 09:55:00,19600.0,19651.8,7180850,12410900,131.3,57.1,320800,445050,0.653523,-0.337849,0.00256965,0.00269942,12.579273,11.860751,2023-08-01
1545,2023-07-31 09:55:00,19650.0,19651.8,5144700,4429800,101.3,76.95,356450,409050,0.518662,-0.480386,0.00281696,0.00298568,12.391644,11.69005,2023-08-01
6807,2023-07-31 09:55:00,19700.0,19651.8,10151000,4803350,76.15,101.45,508950,334200,0.378668,-0.629083,0.00271221,0.00286897,12.283767,11.53702,2023-08-01
12064,2023-07-31 09:55:00,19750.0,19651.8,6365400,967900,54.7,130.25,260800,103250,0.249685,-0.764414,0.00230257,0.00237868,12.080739,11.331843,2023-08-01
17320,2023-07-31 09:55:00,19800.0,19651.8,11282600,2858700,38.6,163.8,399350,144100,0.149282,-0.869274,0.00169124,0.00166858,12.037375,11.148201,2023-08-01
22574,2023-07-31 09:55:00,19850.0,19651.8,4082900,440750,26.25,201.4,152950,20400,0.079839,-0.938611,0.00108476,0.00097222,11.986452,10.926483,2023-08-01
27827,2023-07-31 09:55:00,19900.0,19651.8,6281650,538150,17.4,242.2,179800,16650,0.038573,-0.977655,0.00061141,0.00044122,11.98611,10.557459,2023-08-01
25202,2023-07-31 09:56:00,19400.0,19654.45,496250,4784600,291.0,14.0,28000,80100,0.948376,-0.035716,0.00066024,0.00054274,14.037785,12.681602,2023-08-01
19949,2023-07-31 09:56:00,19450.0,19654.45,220250,3919550,247.7,20.0,2350,72600,0.9115,-0.068522,0.00102881,0.00093366,13.656339,12.393063,2023-08-01
14694,2023-07-31 09:56:00,19500.0,19654.45,1588100,7095500,206.95,28.8,66750,200900,0.852982,-0.125696,0.00150908,0.00148268,13.355112,12.21048,2023-08-01
9437,2023-07-31 09:56:00,19550.0,19654.45,805050,5055400,168.9,40.25,39700,103700,0.769062,-0.211461,0.00204304,0.00211752,13.050289,11.97222,2023-08-01
4177,2023-07-31 09:56:00,19600.0,19654.45,7161600,12505950,134.0,55.8,179800,287100,0.65857,-0.330106,0.00252548,0.00268526,12.730855,11.816673,2023-08-01
1546,2023-07-31 09:56:00,19650.0,19654.45,5097450,4528900,103.25,75.25,290000,278150,0.525987,-0.472341,0.00279798,0.0029991,12.464668,11.625503,2023-08-01
6808,2023-07-31 09:56:00,19700.0,19654.45,10199800,4939950,77.7,99.4,442400,199550,0.386299,-0.622326,0.0027178,0.00290574,12.333822,11.457993,2023-08-01
12065,2023-07-31 09:56:00,19750.0,19654.45,6365050,992750,56.0,128.05,170250,72000,0.256637,-0.759505,0.00232681,0.00242106,12.130593,11.261668,2023-08-01
17321,2023-07-31 09:56:00,19800.0,19654.45,11430250,2903300,39.75,161.3,212400,59700,0.155048,-0.866843,0.00172527,0.00170406,12.102396,11.05731,2023-08-01
22575,2023-07-31 09:56:00,19850.0,19654.45,4073150,444000,26.9,198.65,84450,5500,0.083005,-0.938138,0.00111556,0.00098903,12.004253,10.806978,2023-08-01
27828,2023-07-31 09:56:00,19900.0,19654.45,6312550,535300,17.85,239.6,141650,12450,0.040321,-0.977248,0.00063335,0.00045116,11.997485,10.484762,2023-08-01
25203,2023-07-31 09:57:00,19400.0,19652.65,496250,4784600,290.05,14.2,3550,103700,0.945485,-0.036624,0.00068282,0.00055437,14.178167,12.677921,2023-08-01
19950,2023-07-31 09:57:00,19450.0,19652.65,220250,3919550,247.1,20.3,2500,94800,0.906942,-0.070195,0.00105487,0.00095139,13.829914,12.394947,2023-08-01
14695,2023-07-31 09:57:00,19500.0,19652.65,1588100,7095500,205.55,29.2,45650,358600,0.850387,-0.128345,0.00152789,0.00150477,13.350972,12.211712,2023-08-01
9438,2023-07-31 09:57:00,19550.0,19652.65,805050,5055400,167.3,40.8,38200,90000,0.766306,-0.215339,0.00206559,0.00213988,12.998162,11.977723,2023-08-01
4178,2023-07-31 09:57:00,19600.0,19652.65,7161600,12505950,132.7,56.7,329850,298050,0.654321,-0.335361,0.00254304,0.00269527,12.706637,11.85107,2023-08-01
1547,2023-07-31 09:57:00,19650.0,19652.65,5097450,4528900,102.05,76.35,215100,239050,0.52099,-0.477808,0.00280781,0.00299294,12.434879,11.66381,2023-08-01
6809,2023-07-31 09:57:00,19700.0,19652.65,10199800,4939950,76.6,100.6,384300,174900,0.381015,-0.627269,0.002716,0.00288746,12.296177,11.487106,2023-08-01
12066,2023-07-31 09:57:00,19750.0,19652.65,6365050,992750,55.3,129.3,155900,62850,0.252316,-0.763639,0.00230796,0.00239617,12.125848,11.275354,2023-08-01
17322,2023-07-31 09:57:00,19800.0,19652.65,11430250,2903300,39.05,163.0,231800,39200,0.151317,-0.868587,0.00170228,0.00167964,12.07395,11.120669,2023-08-01
22576,2023-07-31 09:57:00,19850.0,19652.65,4073150,444000,26.45,200.0,69450,12950,0.080759,-0.940332,0.00109415,0.00096381,11.993208,10.784953,2023-08-01
27829,2023-07-31 09:57:00,19900.0,19652.65,6312550,535300,17.55,241.0,132000,10800,0.039102,-0.97857,0.00061817,0.0004311,11.993651,10.435832,2023-08-01
25204,2023-07-31 09:58:00,19400.0,19652.65,496250,4784600,289.25,14.3,8600,122900,0.947833,-0.0369,0.00066836,0.00055672,13.992239,12.705843,2023-08-01
19951,2023-07-31 09:58:00,19450.0,19652.65,220250,3919550,245.3,20.55,4650,85650,0.912682,-0.071023,0.00103317,0.00095601,13.471798,12.450315,2023-08-01
14696,2023-07-31 09:58:00,19500.0,19652.65,1588100,7095500,204.3,29.55,74400,239050,0.854343,-0.129528,0.00152571,0.00150684,13.135903,12.276187,2023-08-01
9439,2023-07-31 09:58:00,19550.0,19652.65,805050,5055400,165.9,41.15,69950,156300,0.770044,-0.216349,0.00208205,0.00213627,12.783697,12.033964,2023-08-01
4179,2023-07-31 09:58:00,19600.0,19652.65,7161600,12505950,131.75,57.2,425000,407500,0.655877,-0.336252,0.00256639,0.00268241,12.573361,11.923597,2023-08-01
1548,2023-07-31 09:58:00,19650.0,19652.65,5097450,4528900,101.4,77.0,356500,358500,0.521115,-0.477959,0.00282832,0.00297103,12.347979,11.753375,2023-08-01
6810,2023-07-31 09:58:00,19700.0,19652.65,10199800,4939950,75.95,101.55,627350,270050,0.380131,-0.625897,0.00273425,0.00285907,12.208898,11.618021,2023-08-01
12067,2023-07-31 09:58:00,19750.0,19652.65,6365050,992750,54.9,130.35,243850,108300,0.251249,-0.760696,0.00231417,0.00238075,12.069677,11.428901,2023-08-01
17323,2023-07-31 09:58:00,19800.0,19652.65,11430250,2903300,38.65,164.0,361600,126550,0.149981,-0.865118,0.00170155,0.00168552,12.011419,11.285657,2023-08-01
22577,2023-07-31 09:58:00,19850.0,19652.65,4073150,444000,26.3,201.55,102850,19750,0.08023,-0.935028,0.00109146,0.00100151,11.966586,11.094918,2023-08-01
27830,2023-07-31 09:58:00,19900.0,19652.65,6312550,535300,17.4,242.55,156700,10800,0.038648,-0.974342,0.00061417,0.00048278,11.960656,10.846006,2023-08-01
25205,2023-07-31 09:59:00,19400.0,19657.05,489400,4806150,295.65,13.45,7100,176750,0.943206,-0.033546,0.00068446,0.0005184,14.613995,12.619735,2023-08-01
19952,2023-07-31 09:59:00,19450.0,19657.05,222700,3932350,251.35,19.2,6150,119950,0.90942,-0.064728,0.00102388,0.00089986,13.971099,12.312887,2023-08-01
14697,2023-07-31 09:59:00,19500.0,19657.05,1587350,7175850,209.9,27.7,106250,275850,0.853942,-0.119882,0.00148406,0.00144643,13.53035,12.116213,2023-08-01
9440,2023-07-31 09:59:00,19550.0,19657.05,831850,5088900,170.95,38.9,75100,220850,0.773793,-0.204004,0.00201437,0.00209082,13.092399,11.879085,2023-08-01
4180,2023-07-31 09:59:00,19600.0,19657.05,7246200,12542950,135.8,54.4,462150,412550,0.66486,-0.322193,0.00250325,0.00267455,12.76117,11.755583,2023-08-01
1549,2023-07-31 09:59:00,19650.0,19657.05,5153750,4599000,104.8,73.45,340200,340400,0.533203,-0.464314,0.00279086,0.00301751,12.488602,11.544297,2023-08-01
6811,2023-07-31 09:59:00,19700.0,19657.05,10338300,4942050,78.85,97.3,569700,267600,0.393273,-0.615762,0.00273362,0.00294597,12.3338,11.368764,2023-08-01
12068,2023-07-31 09:59:00,19750.0,19657.05,6417500,1026600,56.95,125.65,298350,100450,0.262587,-0.755383,0.00235554,0.00246782,12.13393,11.158448,2023-08-01
17324,2023-07-31 09:59:00,19800.0,19657.05,11466450,2924600,40.35,158.3,297900,124850,0.158971,-0.866488,0.0017579,0.00173634,12.083215,10.879404,2023-08-01
22578,2023-07-31 09:59:00,19850.0,19657.05,4089750,450450,27.35,194.95,118150,16750,0.085464,-0.941301,0.00114262,0.00097865,11.988149,10.489458,2023-08-01
27831,2023-07-31 09:59:00,19900.0,19657.05,6336400,530100,18.15,236.25,145950,19350,0.041605,-0.97911,0.00065119,0.00043185,11.977861,10.198614,2023-08-01
25206,2023-07-31 10:00:00,19400.0,19659.3,489400,4806150,295.95,13.3,7500,165150,0.949312,-0.0327,0.00064215,0.0005064,14.237186,12.651927,2023-08-01
19953,2023-07-31 10:00:00,19450.0,19659.3,222700,3932350,251.15,18.95,5050,129400,0.918088,-0.06306,0.00097857,0.00088013,13.560858,12.33795,2023-08-01
14698,2023-07-31 10:00:00,19500.0,19659.3,1587350,7175850,209.45,27.4,61900,252500,0.864106,-0.117266,0.00145421,0.0014202,13.150899,12.1512,2023-08-01
9441,2023-07-31 10:00:00,19550.0,19659.3,831850,5088900,170.65,38.5,68200,140900,0.783472,-0.20003,0.00200976,0.00206,12.800486,11.917662,2023-08-01
4181,2023-07-31 10:00:00,19600.0,19659.3,7246200,12542950,135.7,53.85,491500,343650,0.673201,-0.316717,0.00252112,0.002647,12.546,11.794827,2023-08-01
1550,2023-07-31 10:00:00,19650.0,19659.3,5153750,4599000,104.7,73.15,489500,375800,0.540015,-0.457862,0.00282767,0.00298775,12.308657,11.642766,2023-08-01
6812,2023-07-31 10:00:00,19700.0,19659.3,10338300,4942050,78.6,96.8,545650,299350,0.397959,-0.608209,0.002782,0.0029373,12.16043,11.468407,2023-08-01
12069,2023-07-31 10:00:00,19750.0,19659.3,6417500,1026600,56.8,124.65,257200,79000,0.265455,-0.748634,0.00239658,0.00249012,11.994335,11.22218,2023-08-01
17325,2023-07-31 10:00:00,19800.0,19659.3,11466450,2924600,40.25,157.45,384250,129150,0.160504,-0.859761,0.00178665,0.00177489,11.965697,11.008633,2023-08-01
22579,2023-07-31 10:00:00,19850.0,19659.3,4089750,450450,27.25,194.35,120950,13400,0.086061,-0.934738,0.00115913,0.00103899,11.881221,10.734075,2023-08-01
27832,2023-07-31 10:00:00,19900.0,19659.3,6336400,530100,18.1,235.35,216200,13700,0.041873,-0.975108,0.00065961,0.00048703,11.888464,10.484446,2023-08-01
25207,2023-07-31 10:01:00,19400.0,19663.4,489400,4806150,298.4,13.0,11350,343050,0.954935,-0.031141,0.00059536,0.00048454,13.977266,12.700591,2023-08-01
19954,2023-07-31 10:01:00,19450.0,19663.4,222700,3932350,252.9,18.6,11150,226350,0.927244,-0.060475,0.00091739,0.00084732,13.220384,12.404647,2023-08-01
14699,2023-07-31 10:01:00,19500.0,19663.4,1587350,7175850,211.9,26.75,159350,593000,0.87233,-0.112268,0.00140656,0.00137228,13.02418,12.192642,2023-08-01
9442,2023-07-31 10:01:00,19550.0,19663.4,831850,5088900,172.95,37.5,129150,492850,0.793397,-0.19209,0.00197002,0.00200625,12.705784,11.940928,2023-08-01
4182,2023-07-31 10:01:00,19600.0,19663.4,7246200,12542950,137.55,52.4,581600,638700,0.684952,-0.305946,0.00250452,0.00260713,12.438748,11.797784,2023-08-01
1551,2023-07-31 10:01:00,19650.0,19663.4,5153750,4599000,106.4,71.25,717850,716700,0.551896,-0.445587,0.00283557,0.00297918,12.232854,11.63329,2023-08-01
6813,2023-07-31 10:01:00,19700.0,19663.4,10338300,4942050,80.1,94.6,924500,595300,0.408967,-0.596138,0.002814,0.00296101,12.106874,11.46999,2023-08-01
12070,2023-07-31 10:01:00,19750.0,19663.4,6417500,1026600,57.8,122.5,411600,114800,0.274029,-0.737192,0.0024507,0.00253419,11.918596,11.286107,2023-08-01
17326,2023-07-31 10:01:00,19800.0,19663.4,11466450,2924600,40.85,155.35,593700,206200,0.165955,-0.849399,0.00184036,0.00183914,11.872217,11.146717,2023-08-01
22580,2023-07-31 10:01:00,19850.0,19663.4,4089750,450450,27.7,192.5,209100,28850,0.089348,-0.925294,0.00120027,0.00112395,11.800133,11.011167,2023-08-01
27833,2023-07-31 10:01:00,19900.0,19663.4,6336400,530100,18.25,232.1,306950,27950,0.043114,-0.972146,0.00068178,0.00053096,11.777906,10.565179,2023-08-01
25208,2023-07-31 10:02:00,19400.0,19666.2,483500,4715050,299.45,12.8,7500,213050,0.960479,-0.030112,0.00054912,0.00047006,13.629299,12.734368,2023-08-01
19955,2023-07-31 10:02:00,19450.0,19666.2,220450,3883150,255.6,18.2,9150,199700,0.928604,-0.058204,0.00089875,0.00082187,13.30254,12.412473,2023-08-01
14700,2023-07-31 10:02:00,19500.0,19666.2,1556200,7219100,213.95,26.3,82500,611000,0.876677,-0.108895,0.00137542,0.00133995,13.002675,12.218451,2023-08-01
9443,2023-07-31 10:02:00,19550.0,19666.2,836750,5159350,174.9,36.85,70650,189350,0.799055,-0.186848,0.00193899,0.00196943,12.698963,11.960442,2023-08-01
4183,2023-07-31 10:02:00,19600.0,19666.2,7207900,12665950,139.25,51.6,423150,638550,0.692148,-0.299066,0.0024824,0.00257498,12.426299,11.825564,2023-08-01
1552,2023-07-31 10:02:00,19650.0,19666.2,5087600,4742350,107.6,70.2,569450,483250,0.560058,-0.437378,0.00283897,0.00296402,12.184416,11.658677,2023-08-01
6814,2023-07-31 10:02:00,19700.0,19666.2,10359750,4982250,81.15,93.4,702400,300650,0.416589,-0.58755,0.00283472,0.00296633,12.07204,11.510018,2023-08-01
12071,2023-07-31 10:02:00,19750.0,19666.2,6413100,1045800,58.75,120.95,311400,90150,0.280616,-0.729581,0.00248287,0.00256473,11.90329,11.315445,2023-08-01
17327,2023-07-31 10:02:00,19800.0,19666.2,11534250,3039100,41.7,153.55,438350,106550,0.171161,-0.843564,0.00187695,0.00188088,11.875891,11.178837,2023-08-01
22581,2023-07-31 10:02:00,19850.0,19666.2,4089850,449850,28.25,190.5,162200,26650,0.092458,-0.921373,0.0012326,0.0011643,11.787752,11.052788,2023-08-01
27834,2023-07-31 10:02:00,19900.0,19666.2,6327800,519300,18.55,231.0,218550,18500,0.044571,-0.966725,0.00070231,0.00059718,11.745811,10.886158,2023-08-01
25209,2023-07-31 10:03:00,19400.0,19662.65,483500,4715050,298.4,13.1,11650,214600,0.952682,-0.031502,0.00061235,0.00048923,14.141071,12.707228,2023-08-01
19956,2023-07-31 10:03:00,19450.0,19662.65,220450,3883150,253.7,18.6,9200,182150,0.922032,-0.060654,0.00094587,0.00085143,13.524859,12.380682,2023-08-01
14701,2023-07-31 10:03:00,19500.0,19662.65,1556200,7219100,212.3,26.85,58050,637000,0.868143,-0.113019,0.00141955,0.00138061,13.204547,12.184269,2023-08-01
9444,2023-07-31 10:03:00,19550.0,19662.65,836750,5159350,173.25,37.45,80550,973650,0.789586,-0.192699,0.00197149,0.00201798,12.841595,11.901639,2023-08-01
4184,2023-07-31 10:03:00,19600.0,19662.65,7207900,12665950,137.35,52.2,448200,1262900,0.682569,-0.306846,0.00250528,0.00262669,12.482414,11.732255,2023-08-01
1553,2023-07-31 10:03:00,19650.0,19662.65,5087600,4742350,106.45,71.15,505050,580100,0.549526,-0.447566,0.00282396,0.00299768,12.299947,11.576252,2023-08-01
6815,2023-07-31 10:03:00,19700.0,19662.65,10359750,4982250,79.95,94.7,875450,299650,0.407027,-0.598766,0.00280539,0.00296794,12.137242,11.430947,2023-08-01
12072,2023-07-31 10:03:00,19750.0,19662.65,6413100,1045800,57.85,122.65,376000,98700,0.272926,-0.740048,0.00243697,0.00253146,11.969066,11.241879,2023-08-01
17328,2023-07-31 10:03:00,19800.0,19662.65,11534250,3039100,41.0,155.35,445700,96200,0.165682,-0.85277,0.00183009,0.00182648,11.933342,11.062204,2023-08-01
22582,2023-07-31 10:03:00,19850.0,19662.65,4089850,449850,27.7,192.6,194800,19600,0.088932,-0.927981,0.00119349,0.00110293,11.83321,10.917553,2023-08-01
27835,2023-07-31 10:03:00,19900.0,19662.65,6327800,519300,18.35,233.0,343950,14150,0.043202,-0.97188,0.00068032,0.0005323,11.829606,10.628549,2023-08-01
25210,2023-07-31 10:04:00,19400.0,19667.4,483500,4715050,301.75,12.6,6650,148750,0.957637,-0.029318,0.00056765,0.00046059,13.955424,12.717772,2023-08-01
19957,2023-07-31 10:04:00,19450.0,19667.4,220450,3883150,256.1,17.95,5150,74600,0.931325,-0.056931,0.0008796,0.00080898,13.198593,12.399014,2023-08-01
14702,2023-07-31 10:04:00,19500.0,19667.4,1556200,7219100,214.9,26.05,37850,245350,0.878333,-0.107202,0.00136247,0.00132542,13.008915,12.220017,2023-08-01
9445,2023-07-31 10:04:00,19550.0,19667.4,836750,5159350,175.45,36.4,48150,134950,0.802358,-0.184002,0.00192778,0.00195476,12.652376,11.941954,2023-08-01
4185,2023-07-31 10:04:00,19600.0,19667.4,7207900,12665950,139.55,50.65,200600,560700,0.696144,-0.294712,0.00248245,0.00257558,12.360647,11.749678,2023-08-01
1554,2023-07-31 10:04:00,19650.0,19667.4,5087600,4742350,108.0,69.5,309300,317700,0.563654,-0.433682,0.00284445,0.00296671,12.149838,11.63624,2023-08-01
6816,2023-07-31 10:04:00,19700.0,19667.4,10359750,4982250,81.5,92.25,479900,254250,0.419752,-0.584559,0.00284719,0.00299054,12.045384,11.441699,2023-08-01
12073,2023-07-31 10:04:00,19750.0,19667.4,6413100,1045800,58.95,120.0,186700,83050,0.282917,-0.727112,0.00250108,0.0025839,11.869222,11.288135,2023-08-01
17329,2023-07-31 10:04:00,19800.0,19667.4,11534250,3039100,41.9,152.15,224350,61050,0.172822,-0.843302,0.00189305,0.00189834,11.85369,11.093838,2023-08-01
22583,2023-07-31 10:04:00,19850.0,19667.4,4089850,449850,28.5,189.7,91900,5550,0.093795,-0.919549,0.00124649,0.00118222,11.786727,11.081339,2023-08-01
27836,2023-07-31 10:04:00,19900.0,19667.4,6327800,519300,18.85,229.2,172800,17000,0.045678,-0.968392,0.00071512,0.00058254,11.771396,10.701821,2023-08-01
25211,2023-07-31 10:05:00,19400.0,19667.35,476350,4705750,302.0,12.85,11500,356700,0.956802,-0.030013,0.0005737,0.00046715,14.031721,12.788892,2023-08-01
19958,2023-07-31 10:05:00,19450.0,19667.35,214600,3865400,256.8,18.15,15050,287250,0.928923,-0.057586,0.00089245,0.00081353,13.361204,12.444715,2023-08-01
14703,2023-07-31 10:05:00,19500.0,19667.35,1512950,7241400,215.25,26.2,121950,496500,0.877014,-0.107726,0.00136554,0.00132744,13.082066,12.247833,2023-08-01
9446,2023-07-31 10:05:00,19550.0,19667.35,813400,4883400,176.0,36.6,125250,449550,0.800557,-0.184667,0.00192433,0.00195453,12.748233,11.973664,2023-08-01
4186,2023-07-31 10:05:00,19600.0,19667.35,7138350,12762900,139.75,50.95,637550,801800,0.695557,-0.295457,0.00247818,0.00257002,12.39614,11.792194,2023-08-01
1555,2023-07-31 10:05:00,19650.0,19667.35,4933650,4906100,108.1,69.3,756800,581250,0.563427,-0.43366,0.00284103,0.00297506,12.169036,11.60679,2023-08-01
6817,2023-07-31 10:05:00,19700.0,19667.35,10220750,5110500,81.4,92.5,928250,545350,0.41952,-0.584505,0.00284975,0.0029833,12.036562,11.473053,2023-08-01
12074,2023-07-31 10:05:00,19750.0,19667.35,6350500,1043950,59.0,120.15,445000,148400,0.282917,-0.726986,0.00249942,0.00258117,11.8805,11.305923,2023-08-01
17330,2023-07-31 10:05:00,19800.0,19667.35,11419400,3066150,41.7,152.65,527100,174950,0.172095,-0.841849,0.00189286,0.00189775,11.82646,11.167971,2023-08-01
22584,2023-07-31 10:05:00,19850.0,19667.35,4033150,460850,28.35,189.35,220450,30250,0.093225,-0.921037,0.00124372,0.00117361,11.76325,11.009284,2023-08-01
27837,2023-07-31 10:05:00,19900.0,19667.35,6303300,516000,18.8,228.55,430550,21350,0.045488,-0.970522,0.0007134,0.00055881,11.763662,10.533004,2023-08-01
25212,2023-07-31 10:06:00,19400.0,19670.3,476350,4705750,303.5,12.7,11250,243250,0.961438,-0.029132,0.00053359,0.00045396,13.76075,12.840809,2023-08-01
19959,2023-07-31 10:06:00,19450.0,19670.3,214600,3865400,258.35,17.95,6500,152750,0.934446,-0.055998,0.0008511,0.00079225,13.164184,12.502288,2023-08-01
14704,2023-07-31 10:06:00,19500.0,19670.3,1512950,7241400,216.75,25.85,74500,302000,0.883696,-0.104703,0.00132792,0.00129543,12.934621,12.296818,2023-08-01
9447,2023-07-31 10:06:00,19550.0,19670.3,813400,4883400,177.25,36.15,69350,493250,0.808849,-0.180023,0.00189639,0.00191484,12.608215,12.030441,2023-08-01
4187,2023-07-31 10:06:00,19600.0,19670.3,7138350,12762900,141.15,50.3,489050,938450,0.703958,-0.288748,0.00246196,0.00253125,12.322584,11.847024,2023-08-01
1556,2023-07-31 10:06:00,19650.0,19670.3,4933650,4906100,109.35,68.8,466750,481600,0.572122,-0.425543,0.00284385,0.00293742,12.112799,11.714055,2023-08-01
6818,2023-07-31 10:06:00,19700.0,19670.3,10220750,5110500,82.5,91.8,696350,409650,0.427667,-0.574941,0.00287121,0.00296849,11.996172,11.588732,2023-08-01
12075,2023-07-31 10:06:00,19750.0,19670.3,6350500,1043950,59.8,119.1,372300,108800,0.289512,-0.71747,0.00253733,0.00259976,11.833349,11.415949,2023-08-01
17331,2023-07-31 10:06:00,19800.0,19670.3,11419400,3066150,42.25,151.25,522500,102700,0.176594,-0.83392,0.00193291,0.00194071,11.774421,11.275804,2023-08-01
22585,2023-07-31 10:06:00,19850.0,19670.3,4033150,460850,28.75,188.05,181200,19650,0.095978,-0.913951,0.001276,0.00123115,11.71585,11.197771,2023-08-01
27838,2023-07-31 10:06:00,19900.0,19670.3,6303300,516000,19.15,228.5,270750,18300,0.047179,-0.961295,0.00073651,0.00066237,11.735044,11.118821,2023-08-01
25213,2023-07-31 10:07:00,19400.0,19668.35,476350,4705750,303.1,13.0,7650,327950,0.956756,-0.030242,0.00057191,0.00046753,14.094979,12.865837,2023-08-01
19960,2023-07-31 10:07:00,19450.0,19668.35,214600,3865400,256.9,18.35,2700,291700,0.932203,-0.057885,0.0008711,0.00081183,13.206297,12.528151,2023-08-01
14705,2023-07-31 10:07:00,19500.0,19668.35,1512950,7241400,215.0,26.4,47000,332450,0.881843,-0.107755,0.0013474,0.00131982,12.896099,12.327292,2023-08-01
9448,2023-07-31 10:07:00,19550.0,19668.35,813400,4883400,175.25,36.95,43950,506200,0.806939,-0.184644,0.00192292,0.00193859,12.514886,12.077371,2023-08-01
4188,2023-07-31 10:07:00,19600.0,19668.35,7138350,12762900,139.25,51.25,213450,625900,0.700509,-0.294311,0.00249427,0.00254582,12.2321,11.889111,2023-08-01
1557,2023-07-31 10:07:00,19650.0,19668.35,4933650,4906100,108.0,69.85,306700,237900,0.566747,-0.431435,0.00285928,0.00293898,12.080895,11.744047,2023-08-01
6819,2023-07-31 10:07:00,19700.0,19668.35,10220750,5110500,81.3,93.05,417550,209650,0.421814,-0.580523,0.0028725,0.00295309,11.961418,11.621102,2023-08-01
12076,2023-07-31 10:07:00,19750.0,19668.35,6350500,1043950,58.85,120.55,290650,61150,0.284097,-0.721947,0.00252116,0.00257254,11.807656,11.452248,2023-08-01
17332,2023-07-31 10:07:00,19800.0,19668.35,11419400,3066150,41.7,153.45,247900,51000,0.172943,-0.834951,0.00190687,0.00191154,11.782499,11.406193,2023-08-01
22586,2023-07-31 10:07:00,19850.0,19668.35,4033150,460850,28.35,190.1,127850,10050,0.093627,-0.91454,0.00125236,0.00121476,11.725363,11.294956,2023-08-01
27839,2023-07-31 10:07:00,19900.0,19668.35,6303300,516000,18.85,230.25,143450,10550,0.045802,-0.962312,0.00071908,0.00064706,11.741477,11.141705,2023-08-01
25214,2023-07-31 10:08:00,19400.0,19664.75,472950,4680100,299.5,13.05,6650,143550,0.956046,-0.030913,0.00058467,0.00048004,13.976486,12.766507,2023-08-01
19961,2023-07-31 10:08:00,19450.0,19664.75,214200,3644000,254.0,18.5,6300,90250,0.928704,-0.059479,0.0009043,0.00083574,13.230289,12.437704,2023-08-01
14706,2023-07-31 10:08:00,19500.0,19664.75,1483300,7249950,212.85,26.65,48700,161500,0.874744,-0.11079,0.00139112,0.00135722,13.019639,12.234979,2023-08-01
9449,2023-07-31 10:08:00,19550.0,19664.75,806300,4403250,173.75,37.4,46550,150950,0.796726,-0.189979,0.00195694,0.00198791,12.69203,11.992577,2023-08-01
4189,2023-07-31 10:08:00,19600.0,19664.75,7051000,12990050,138.25,52.0,208550,307050,0.68879,-0.302406,0.00249855,0.00259454,12.426622,11.816334,2023-08-01
1558,2023-07-31 10:08:00,19650.0,19664.75,4934000,4983900,106.65,70.8,211300,243950,0.556027,-0.441636,0.00285043,0.00297378,12.175117,11.660178,2023-08-01
6820,2023-07-31 10:08:00,19700.0,19664.75,10374150,5284650,80.2,94.2,407850,210950,0.412091,-0.591965,0.00283901,0.00296135,12.045083,11.520128,2023-08-01
12077,2023-07-31 10:08:00,19750.0,19664.75,6338750,1059750,58.05,122.05,227800,85850,0.276452,-0.733069,0.00247166,0.0025451,11.891575,11.34869,2023-08-01
17333,2023-07-31 10:08:00,19800.0,19664.75,11401950,3077600,41.05,155.1,233650,75650,0.167501,-0.844833,0.00185828,0.00185968,11.850945,11.265655,2023-08-01
22587,2023-07-31 10:08:00,19850.0,19664.75,4078100,466150,27.9,192.0,112550,18800,0.090369,-0.922102,0.00121363,0.00115083,11.791827,11.123127,2023-08-01
27840,2023-07-31 10:08:00,19900.0,19664.75,6339400,518050,18.65,232.5,117150,7550,0.044393,-0.967027,0.00069642,0.00059029,11.828083,10.950248,2023-08-01
25215,2023-07-31 10:09:00,19400.0,19665.5,472950,4680100,297.6,13.1,3250,150150,0.963727,-0.030916,0.00052494,0.00047873,13.320085,12.805795,2023-08-01
19962,2023-07-31 10:09:00,19450.0,19665.5,214200,3644000,255.5,18.7,1750,80200,0.926592,-0.05988,0.00091189,0.00083545,13.42017,12.510874,2023-08-01
14707,2023-07-31 10:09:00,19500.0,19665.5,1483300,7249950,211.85,27.0,42250,142200,0.881098,-0.111522,0.00137194,0.00135327,12.730873,12.331676,2023-08-01
9450,2023-07-31 10:09:00,19550.0,19665.5,806300,4403250,172.9,37.75,40700,90250,0.802351,-0.190225,0.00195877,0.00197493,12.471317,12.083983,2023-08-01
4190,2023-07-31 10:09:00,19600.0,19665.5,7051000,12990050,137.15,52.45,178850,305000,0.693931,-0.302005,0.0025274,0.00257075,12.198476,11.921514,2023-08-01
1559,2023-07-31 10:09:00,19650.0,19665.5,4934000,4983900,106.05,71.35,225800,237200,0.558805,-0.439991,0.00288097,0.00294197,12.036767,11.781845,2023-08-01
6821,2023-07-31 10:09:00,19700.0,19665.5,10374150,5284650,79.8,95.3,359000,240750,0.413454,-0.588189,0.00286591,0.0029168,11.944186,11.724843,2023-08-01
12078,2023-07-31 10:09:00,19750.0,19665.5,6338750,1059750,57.7,123.45,157400,86200,0.276746,-0.72648,0.00249217,0.00251778,11.802759,11.615437,2023-08-01
17334,2023-07-31 10:09:00,19800.0,19665.5,11401950,3077600,40.95,155.95,216500,81300,0.167815,-0.838818,0.00186872,0.00187078,11.801889,11.484706,2023-08-01
22588,2023-07-31 10:09:00,19850.0,19665.5,4078100,466150,27.85,193.15,75650,17100,0.090509,-0.915223,0.00121925,0.00119226,11.75383,11.447179,2023-08-01
27841,2023-07-31 10:09:00,19900.0,19665.5,6339400,518050,18.55,233.5,92050,15250,0.044226,-0.961718,0.00069727,0.00064469,11.780632,11.334245,2023-08-01
25216,2023-07-31 10:10:00,19400.0,19669.8,472950,4680100,303.7,12.7,8550,265450,0.959458,-0.029116,0.00054947,0.00045466,13.934593,12.830029,2023-08-01
19963,2023-07-31 10:10:00,19450.0,19669.8,214200,3644000,259.25,18.0,3050,182550,0.929899,-0.056188,0.00087765,0.00079534,13.460349,12.501395,2023-08-01
14708,2023-07-31 10:10:00,19500.0,19669.8,1483300,7249950,216.3,26.0,68250,280950,0.883332,-0.105367,0.0013327,0.00130139,12.931776,12.310896,2023-08-01
9451,2023-07-31 10:10:00,19550.0,19669.8,806300,4403250,177.25,36.4,67850,539000,0.806921,-0.181201,0.00190036,0.00192112,12.674031,12.054243,2023-08-01
4191,2023-07-31 10:10:00,19600.0,19669.8,7051000,12990050,141.05,50.45,360900,582550,0.702323,-0.289846,0.00246309,0.00253846,12.362341,11.84823,2023-08-01
1560,2023-07-31 10:10:00,19650.0,19669.8,4934000,4983900,109.65,68.9,465400,331350,0.57027,-0.426893,0.00282929,0.00294564,12.199598,11.702419,2023-08-01
6822,2023-07-31 10:10:00,19700.0,19669.8,10374150,5284650,82.65,92.0,731400,325100,0.426489,-0.576572,0.00285888,0.00297068,12.055254,11.584426,2023-08-01
12079,2023-07-31 10:10:00,19750.0,19669.8,6338750,1059750,60.05,119.8,391500,105750,0.289116,-0.717997,0.002524,0.00258703,11.902026,11.475145,2023-08-01
17335,2023-07-31 10:10:00,19800.0,19669.8,11401950,3077600,42.55,151.6,356350,102950,0.176888,-0.83512,0.00192483,0.00193336,11.850077,11.278776,2023-08-01
22589,2023-07-31 10:10:00,19850.0,19669.8,4078100,466150,29.0,188.5,167900,16450,0.096419,-0.91456,0.00127411,0.00122455,11.786555,11.211327,2023-08-01
27842,2023-07-31 10:10:00,19900.0,19669.8,6339400,518050,19.3,228.85,241650,21050,0.047405,-0.961998,0.00073667,0.00065418,11.791137,11.103855,2023-08-01
25217,2023-07-31 10:11:00,19400.0,19669.9,473200,4700850,304.35,12.4,8600,141000,0.957965,-0.028239,0.00056012,0.00044623,14.080448,12.74784,2023-08-01
19964,2023-07-31 10:11:00,19450.0,19669.9,214500,3646450,260.05,17.8,3450,123650,0.927752,-0.055461,0.00088816,0.00079008,13.616532,12.45951,2023-08-01
14709,2023-07-31 10:11:00,19500.0,19669.9,1469950,7260600,217.25,25.65,40500,281650,0.88061,-0.10403,0.00133812,0.00129631,13.094923,12.248739,2023-08-01
9452,2023-07-31 10:11:00,19550.0,19669.9,804750,4231450,178.0,35.85,45800,170550,0.805117,-0.179255,0.00189506,0.00192227,12.78529,11.969041,2023-08-01
4192,2023-07-31 10:11:00,19600.0,19669.9,7047100,13099200,141.5,49.75,309300,453650,0.701766,-0.288,0.00245437,0.00255244,12.420304,11.751249,2023-08-01
1561,2023-07-31 10:11:00,19650.0,19669.9,4915450,5077150,109.95,68.0,361000,302850,0.570373,-0.425879,0.00282183,0.00297481,12.234678,11.585332,2023-08-01
6823,2023-07-31 10:11:00,19700.0,19669.9,10404500,5385750,82.75,90.8,541550,204750,0.4268,-0.577361,0.00285806,0.00301062,12.063866,11.429478,2023-08-01
12080,2023-07-31 10:11:00,19750.0,19669.9,6358900,1107250,60.25,118.35,258050,59200,0.289698,-0.721208,0.00252196,0.00261809,11.926215,11.279478,2023-08-01
17336,2023-07-31 10:11:00,19800.0,19669.9,11429150,3106600,42.8,150.6,399200,63600,0.177728,-0.838148,0.0019254,0.00193562,11.885365,11.133906,2023-08-01
22590,2023-07-31 10:11:00,19850.0,19669.9,4060150,476900,29.1,187.05,108350,22000,0.096767,-0.919351,0.0012762,0.00119991,11.801681,10.958702,2023-08-01
27843,2023-07-31 10:11:00,19900.0,19669.9,6368800,524050,19.3,227.8,192750,13650,0.047399,-0.964902,0.00073694,0.00062575,11.788928,10.88048,2023-08-01
25218,2023-07-31 10:12:00,19400.0,19672.45,473200,4700850,307.4,12.05,9050,366400,0.957099,-0.026891,0.000561,0.00042917,14.294288,12.726915,2023-08-01
19965,2023-07-31 10:12:00,19450.0,19672.45,214500,3646450,262.45,17.1,7050,282950,0.929138,-0.052372,0.00087118,0.00075975,13.679043,12.383998,2023-08-01
14710,2023-07-31 10:12:00,19500.0,19672.45,1469950,7260600,220.15,24.7,124550,485850,0.88108,-0.099153,0.00131766,0.00126066,13.263274,12.164178,2023-08-01
9453,2023-07-31 10:12:00,19550.0,19672.45,804750,4231450,180.15,34.85,143950,300950,0.809032,-0.173257,0.00186454,0.00189008,12.836501,11.91538,2023-08-01
4193,2023-07-31 10:12:00,19600.0,19672.45,7047100,13099200,143.85,48.45,609750,588000,0.706523,-0.280435,0.00241678,0.00253419,12.522655,11.687973,2023-08-01
1562,2023-07-31 10:12:00,19650.0,19672.45,4915450,5077150,111.6,66.45,634950,446450,0.577397,-0.417868,0.00280627,0.00297946,12.263406,11.522443,2023-08-01
6824,2023-07-31 10:12:00,19700.0,19672.45,10404500,5385750,84.3,88.9,980850,509150,0.434327,-0.570184,0.0028574,0.00304188,12.109044,11.352328,2023-08-01
12081,2023-07-31 10:12:00,19750.0,19672.45,6358900,1107250,61.15,115.9,464300,113650,0.295902,-0.716718,0.00255001,0.00266815,11.913491,11.155339,2023-08-01
17337,2023-07-31 10:12:00,19800.0,19672.45,11429150,3106600,43.5,147.65,491700,136000,0.182366,-0.837203,0.00195905,0.00197519,11.873518,10.953967,2023-08-01
22591,2023-07-31 10:12:00,19850.0,19672.45,4060150,476900,29.6,183.95,254100,26400,0.099708,-0.920263,0.00130635,0.00121226,11.786772,10.755771,2023-08-01
27844,2023-07-31 10:12:00,19900.0,19672.45,6368800,524050,19.65,224.25,291900,15700,0.049032,-0.967539,0.00075831,0.00060493,11.77315,10.556098,2023-08-01
25219,2023-07-31 10:13:00,19400.0,19668.45,473200,4700850,301.6,12.4,5000,228150,0.961351,-0.028403,0.00053795,0.00045019,13.702943,12.704568,2023-08-01
19966,2023-07-31 10:13:00,19450.0,19668.45,214500,3646450,258.75,17.75,6850,158100,0.926809,-0.055662,0.00089868,0.00079666,13.600004,12.3999,2023-08-01
14711,2023-07-31 10:13:00,19500.0,19668.45,1469950,7260600,216.6,25.6,66000,319750,0.877135,-0.10462,0.00135669,0.00130926,13.187504,12.185205,2023-08-01
9454,2023-07-31 10:13:00,19550.0,19668.45,804750,4231450,177.15,35.9,57250,168250,0.801842,-0.180872,0.0019103,0.00194299,12.82028,11.915967,2023-08-01
4194,2023-07-31 10:13:00,19600.0,19668.45,7047100,13099200,140.9,50.0,320900,634200,0.697526,-0.291077,0.00246113,0.00257435,12.473473,11.717041,2023-08-01
1563,2023-07-31 10:13:00,19650.0,19668.45,4915450,5077150,109.3,68.4,474400,413050,0.566162,-0.430008,0.00282267,0.00298984,12.261461,11.556582,2023-08-01
6825,2023-07-31 10:13:00,19700.0,19668.45,10404500,5385750,82.35,91.25,694100,468800,0.422882,-0.582076,0.00284435,0.00301582,12.106827,11.38944,2023-08-01
12082,2023-07-31 10:13:00,19750.0,19668.45,6358900,1107250,59.75,118.85,620150,109550,0.286125,-0.726095,0.00250631,0.00260972,11.938267,11.225126,2023-08-01
17338,2023-07-31 10:13:00,19800.0,19668.45,11429150,3106600,42.45,151.15,472500,125100,0.175155,-0.842697,0.00190617,0.00191367,11.902627,11.060516,2023-08-01
22592,2023-07-31 10:13:00,19850.0,19668.45,4060150,476900,28.85,188.9,212950,17650,0.09513,-0.918665,0.00125921,0.00119387,11.819353,11.091914,2023-08-01
27845,2023-07-31 10:13:00,19900.0,19668.45,6368800,524050,19.2,228.55,283200,22150,0.046709,-0.967335,0.00072673,0.00059653,11.822454,10.765471,2023-08-01
25220,2023-07-31 10:14:00,19400.0,19672.95,469900,4619850,309.15,12.0,4350,170300,0.953823,-0.026643,0.00058207,0.00042598,14.626199,12.73033,2023-08-01
19967,2023-07-31 10:14:00,19450.0,19672.95,214400,3531450,263.45,17.1,1750,112600,0.927809,-0.052172,0.00087588,0.00075666,13.808663,12.403614,2023-08-01
14712,2023-07-31 10:14:00,19500.0,19672.95,1439600,7283500,221.5,24.6,76500,301800,0.878714,-0.098439,0.00131889,0.00125449,13.443492,12.166159,2023-08-01
9455,2023-07-31 10:14:00,19550.0,19672.95,761100,4148500,181.25,34.6,44200,177050,0.807835,-0.171829,0.00185491,0.00188396,12.959657,11.897576,2023-08-01
4195,2023-07-31 10:14:00,19600.0,19672.95,6974450,13190900,144.65,48.2,353750,395500,0.706751,-0.278904,0.00240324,0.00253101,12.595474,11.677954,2023-08-01
1564,2023-07-31 10:14:00,19650.0,19672.95,4863650,5119300,112.8,66.05,407150,230400,0.578046,-0.416181,0.0027776,0.0029846,12.392695,11.49844,2023-08-01
6826,2023-07-31 10:14:00,19700.0,19672.95,10349450,5543750,85.1,88.6,605150,299650,0.436135,-0.568741,0.00284259,0.0030465,12.18786,11.348594,2023-08-01
12083,2023-07-31 10:14:00,19750.0,19672.95,6612450,1118600,61.95,115.35,284200,92200,0.298425,-0.716081,0.00254262,0.00268033,12.0011,11.122633,2023-08-01
17339,2023-07-31 10:14:00,19800.0,19672.95,11409650,3132500,43.95,146.85,322000,87150,0.184174,-0.837893,0.00196427,0.00198324,11.921533,10.885308,2023-08-01
22593,2023-07-31 10:14:00,19850.0,19672.95,4059650,485000,29.95,183.15,154300,23850,0.10107,-0.921237,0.00131516,0.00121008,11.830647,10.681185,2023-08-01
27846,2023-07-31 10:14:00,19900.0,19672.95,6356050,531300,19.9,222.8,197400,8200,0.049858,-0.970416,0.00076644,0.00057392,11.811119,10.309453,2023-08-01
25221,2023-07-31 10:15:00,19400.0,19674.7,469900,4619850,309.0,11.8,6950,347200,0.959358,-0.025843,0.00054048,0.00041545,14.211599,12.726878,2023-08-01
19968,2023-07-31 10:15:00,19450.0,19674.7,214400,3531450,263.4,16.75,13050,178300,0.934027,-0.050506,0.00083699,0.00073886,13.483774,12.381172,2023-08-01
14713,2023-07-31 10:15:00,19500.0,19674.7,1439600,7283500,221.0,24.2,95250,361500,0.8871,-0.096013,0.00128689,0.00123302,13.098395,12.155753,2023-08-01
9456,2023-07-31 10:15:00,19550.0,19674.7,761100,4148500,181.3,34.25,62950,239650,0.814751,-0.168854,0.00184179,0.00186053,12.762923,11.915736,2023-08-01
4196,2023-07-31 10:15:00,19600.0,19674.7,6974450,13190900,145.0,47.75,462300,355950,0.712723,-0.274799,0.00240268,0.00250865,12.480037,11.699082,2023-08-01
1565,2023-07-31 10:15:00,19650.0,19674.7,4863650,5119300,112.7,65.55,515200,387350,0.583889,-0.411198,0.00280381,0.00296814,12.241812,11.532255,2023-08-01
6827,2023-07-31 10:15:00,19700.0,19674.7,10349450,5543750,85.25,87.85,718800,376800,0.440615,-0.563306,0.00287023,0.00304835,12.094178,11.369996,2023-08-01
12084,2023-07-31 10:15:00,19750.0,19674.7,6612450,1118600,61.95,114.65,294000,92200,0.301358,-0.710524,0.00257502,0.00269284,11.904999,11.175385,2023-08-01
17340,2023-07-31 10:15:00,19800.0,19674.7,11409650,3132500,44.05,146.4,404200,96700,0.186203,-0.831751,0.00198923,0.00200935,11.854628,11.007754,2023-08-01
22594,2023-07-31 10:15:00,19850.0,19674.7,4059650,485000,30.0,182.5,149050,11850,0.102118,-0.9165,0.00133237,0.00124907,11.768297,10.816174,2023-08-01
27847,2023-07-31 10:15:00,19900.0,19674.7,6356050,531300,19.75,222.3,224850,17150,0.049791,-0.966339,0.00077193,0.00062404,11.716793,10.551238,2023-08-01
25222,2023-07-31 10:16:00,19450.0,19676.35,214400,3531450,265.45,16.9,5800,192300,0.93334,-0.050525,0.00083467,0.00073368,13.632873,12.474921,2023-08-01
19969,2023-07-31 10:16:00,19500.0,19676.35,1439600,7283500,222.95,24.35,75550,336300,0.887115,-0.095626,0.00127502,0.0012202,13.221743,12.249488,2023-08-01
14714,2023-07-31 10:16:00,19550.0,19676.35,761100,4148500,182.9,34.15,61650,332550,0.8166,-0.166852,0.00182119,0.00183812,12.829525,11.971139,2023-08-01
9457,2023-07-31 10:16:00,19600.0,19676.35,6974450,13190900,146.15,47.7,349000,343900,0.716554,-0.271904,0.00238574,0.00248007,12.491042,11.774377,2023-08-01
4197,2023-07-31 10:16:00,19650.0,19676.35,4863650,5119300,113.65,65.25,493600,526200,0.588518,-0.406715,0.00279684,0.00294678,12.243043,11.58736,2023-08-01
1566,2023-07-31 10:16:00,19700.0,19676.35,10349450,5543750,85.95,87.4,689750,354250,0.44527,-0.558008,0.00287878,0.00304067,12.081101,11.4244,2023-08-01
6828,2023-07-31 10:16:00,19750.0,19676.35,6612450,1118600,62.4,114.1,347500,112250,0.305138,-0.705044,0.00259602,0.00270145,11.877107,11.239668,2023-08-01
12085,2023-07-31 10:16:00,19800.0,19676.35,11409650,3132500,44.4,145.7,445900,100300,0.188935,-0.826932,0.00201176,0.00203334,11.830261,11.078553,2023-08-01
17341,2023-07-31 10:16:00,19850.0,19676.35,4059650,485000,30.2,182.2,141650,19550,0.10364,-0.910896,0.00135072,0.00128996,11.736136,10.996926,2023-08-01
22595,2023-07-31 10:16:00,19900.0,19676.35,6356050,531300,20.05,221.2,283150,20950,0.051096,-0.964375,0.00078785,0.00064947,11.721536,10.623636,2023-08-01
27848,2023-07-31 10:16:00,19950.0,19676.35,3296750,114400,12.9,263.75,97200,4700,0.022544,-0.989578,0.00040204,0.000239,11.7286,10.174853,2023-08-01
25223,2023-07-31 10:17:00,19400.0,19668.0,468000,4786600,304.9,12.25,4800,186450,0.950911,-0.027958,0.00061161,0.00044669,14.634546,12.651802,2023-08-01
19970,2023-07-31 10:17:00,19450.0,19668.0,214300,3452850,257.9,17.6,3000,137550,0.928003,-0.055167,0.00089461,0.00079492,13.506649,12.354065,2023-08-01
14715,2023-07-31 10:17:00,19500.0,19668.0,1406600,7311650,218.5,25.4,63600,300000,0.869471,-0.10401,0.00137349,0.00131076,13.602628,12.133928,2023-08-01
9458,2023-07-31 10:17:00,19550.0,19668.0,748600,4103750,178.2,35.55,52850,170700,0.797133,-0.18003,0.00190593,0.00195153,13.047378,11.842936,2023-08-01
4198,2023-07-31 10:17:00,19600.0,19668.0,6909000,13272150,142.4,49.5,356850,431800,0.692864,-0.290581,0.00242873,0.00259569,12.740913,11.624966,2023-08-01
1567,2023-07-31 10:17:00,19650.0,19668.0,4903100,5249850,110.3,67.6,509800,431900,0.564049,-0.430548,0.00278777,0.00302887,12.440356,11.423696,2023-08-01
6829,2023-07-31 10:17:00,19700.0,19668.0,10387250,5636950,83.25,90.6,769900,462250,0.422516,-0.584437,0.00281052,0.00304671,12.264564,11.27271,2023-08-01
12086,2023-07-31 10:17:00,19750.0,19668.0,6571550,1128950,60.35,117.85,307750,146100,0.286626,-0.730799,0.00248725,0.00263218,12.053725,11.046587,2023-08-01
17342,2023-07-31 10:17:00,19800.0,19668.0,11325950,3153600,42.9,150.0,461000,97800,0.175966,-0.848972,0.00189857,0.00190464,11.999271,10.830271,2023-08-01
22596,2023-07-31 10:17:00,19850.0,19668.0,4034500,492250,29.15,186.0,152100,19400,0.095759,-0.931089,0.00125853,0.00111506,11.897099,10.477432,2023-08-01
27849,2023-07-31 10:17:00,19900.0,19668.0,6415850,533000,19.25,225.95,229150,15450,0.046643,-0.976541,0.00072474,0.00048701,11.85519,10.019058,2023-08-01
25224,2023-07-31 10:18:00,19400.0,19668.9,468000,4786600,304.8,12.3,5300,112700,0.953876,-0.027949,0.00059045,0.00044512,14.424607,12.696,2023-08-01
19971,2023-07-31 10:18:00,19450.0,19668.9,214300,3452850,258.95,17.65,2100,75800,0.927875,-0.055037,0.00089162,0.0007908,13.573612,12.398214,2023-08-01
14716,2023-07-31 10:18:00,19500.0,19668.9,1406600,7311650,216.9,25.45,21550,165800,0.878055,-0.103622,0.00135141,0.00130262,13.187903,12.179643,2023-08-01
9459,2023-07-31 10:18:00,19550.0,19668.9,748600,4103750,178.0,35.8,25350,123250,0.801307,-0.17986,0.0019022,0.00193744,12.913886,11.924819,2023-08-01
4199,2023-07-31 10:18:00,19600.0,19668.9,6909000,13272150,141.75,49.7,181050,281450,0.697575,-0.289426,0.00244676,0.00257464,12.56342,11.70097,2023-08-01
1568,2023-07-31 10:18:00,19650.0,19668.9,4903100,5249850,109.95,67.85,220500,284350,0.567164,-0.428343,0.0028111,0.0030032,12.323955,11.512603,2023-08-01
6830,2023-07-31 10:18:00,19700.0,19668.9,10387250,5636950,82.95,90.9,499650,253150,0.424401,-0.58095,0.00283639,0.00302469,12.166933,11.378727,2023-08-01
12087,2023-07-31 10:18:00,19750.0,19668.9,6571550,1128950,60.3,118.0,179100,54550,0.287926,-0.726627,0.0025046,0.00262886,11.998739,11.148301,2023-08-01
17343,2023-07-31 10:18:00,19800.0,19668.9,11325950,3153600,42.6,149.8,630900,72600,0.175834,-0.845736,0.00191205,0.0019195,11.911913,10.901224,2023-08-01
22597,2023-07-31 10:18:00,19850.0,19668.9,4034500,492250,29.05,186.5,110150,5350,0.095825,-0.925695,0.00126514,0.00115592,11.843786,10.711213,2023-08-01
27850,2023-07-31 10:18:00,19900.0,19668.9,6415850,533000,19.2,227.0,97100,6350,0.046665,-0.970722,0.00072776,0.00056023,11.813258,10.484815,2023-08-01
25225,2023-07-31 10:19:00,19400.0,19668.0,468000,4786600,304.75,12.45,5600,97750,0.951363,-0.028476,0.00060877,0.00045167,14.603092,12.712325,2023-08-01
19972,2023-07-31 10:19:00,19450.0,19668.0,214300,3452850,260.5,17.9,2100,52650,0.919967,-0.056109,0.00093217,0.00080138,14.057994,12.426412,2023-08-01
14717,2023-07-31 10:19:00,19500.0,19668.0,1406600,7311650,217.65,25.7,29750,183100,0.872204,-0.105004,0.00136927,0.00131407,13.453559,12.193935,2023-08-01
9460,2023-07-31 10:19:00,19550.0,19668.0,748600,4103750,178.1,36.05,36450,125950,0.797476,-0.181602,0.00190688,0.00194937,13.03507,11.927636,2023-08-01
4200,2023-07-31 10:19:00,19600.0,19668.0,6909000,13272150,142.0,50.3,137850,258100,0.693704,-0.292396,0.00243765,0.00257814,12.686199,11.744835,2023-08-01
1569,2023-07-31 10:19:00,19650.0,19668.0,4903100,5249850,110.7,68.35,205350,211700,0.563787,-0.43113,0.00277666,0.00300367,12.49862,11.529065,2023-08-01
6831,2023-07-31 10:19:00,19700.0,19668.0,10387250,5636950,83.2,91.5,328900,252000,0.422433,-0.583565,0.00281285,0.00301662,12.260892,11.397057,2023-08-01
12088,2023-07-31 10:19:00,19750.0,19668.0,6571550,1128950,60.35,118.5,165150,81500,0.286552,-0.729188,0.00248774,0.00261919,12.056735,11.140891,2023-08-01
17344,2023-07-31 10:19:00,19800.0,19668.0,11325950,3153600,42.75,150.15,274250,62450,0.175408,-0.848551,0.00189904,0.0019048,11.979013,10.855646,2023-08-01
22598,2023-07-31 10:19:00,19850.0,19668.0,4034500,492250,29.15,187.25,124650,5900,0.095679,-0.926653,0.00125817,0.00114412,11.899972,10.718506,2023-08-01
27851,2023-07-31 10:19:00,19900.0,19668.0,6415850,533000,19.25,226.95,81200,7350,0.046585,-0.973691,0.00072425,0.00052297,11.858018,10.277694,2023-08-01
25226,2023-07-31 10:20:00,19400.0,19671.85,466900,4794100,306.6,12.25,3000,151950,0.957671,-0.027355,0.00055825,0.00043464,14.242541,12.776896,2023-08-01
19973,2023-07-31 10:20:00,19450.0,19671.85,216700,3493850,261.0,17.5,1900,120300,0.931779,-0.05362,0.00085989,0.00077066,13.490495,12.467661,2023-08-01
14718,2023-07-31 10:20:00,19500.0,19671.85,1390400,7330150,218.85,25.25,51700,201050,0.883223,-0.101137,0.00131751,0.00127223,13.125557,12.257493,2023-08-01
9461,2023-07-31 10:20:00,19550.0,19671.85,730350,4075200,179.2,35.5,55050,147500,0.809685,-0.175706,0.00187501,0.00189691,12.767475,12.006449,2023-08-01
4201,2023-07-31 10:20:00,19600.0,19671.85,6880150,13382200,143.0,49.35,282400,345750,0.706231,-0.2834,0.00243389,0.00252874,12.4691,11.799904,2023-08-01
1570,2023-07-31 10:20:00,19650.0,19671.85,4902900,5378250,111.2,67.25,346050,385250,0.575792,-0.420092,0.00281384,0.00296831,12.268452,11.606006,2023-08-01
6832,2023-07-31 10:20:00,19700.0,19671.85,10530850,5843700,83.8,90.1,552500,374300,0.432306,-0.571407,0.00286535,0.00301311,12.092935,11.480869,2023-08-01
12089,2023-07-31 10:20:00,19750.0,19671.85,6538250,1178650,60.85,117.2,252550,104800,0.293941,-0.716384,0.00254745,0.00264293,11.916485,11.294229,2023-08-01
17345,2023-07-31 10:20:00,19800.0,19671.85,11312950,3180800,42.95,149.25,278650,73300,0.179699,-0.83478,0.00195282,0.00196465,11.829214,11.144543,2023-08-01
22599,2023-07-31 10:20:00,19850.0,19671.85,4036900,496500,29.3,185.55,151850,16000,0.098064,-0.917335,0.00129541,0.00122418,11.769834,10.970136,2023-08-01
27852,2023-07-31 10:20:00,19900.0,19671.85,6406000,537700,19.4,225.55,127300,11600,0.047889,-0.965794,0.00074718,0.00062186,11.752525,10.746095,2023-08-01
25227,2023-07-31 10:21:00,19400.0,19669.5,466900,4794100,304.75,12.25,10400,253400,0.955847,-0.02766,0.00057586,0.00044136,14.291226,12.704113,2023-08-01
19974,2023-07-31 10:21:00,19450.0,19669.5,216700,3493850,260.3,17.65,6000,183600,0.925818,-0.054766,0.00089931,0.00078683,13.761589,12.422674,2023-08-01
14719,2023-07-31 10:21:00,19500.0,19669.5,1390400,7330150,218.65,25.35,68350,305150,0.874826,-0.102798,0.0013529,0.00129536,13.427757,12.18712,2023-08-01
9462,2023-07-31 10:21:00,19550.0,19669.5,730350,4075200,178.6,35.55,63650,216000,0.802044,-0.178276,0.00189473,0.00193017,12.946443,11.913149,2023-08-01
4202,2023-07-31 10:21:00,19600.0,19669.5,6880150,13382200,142.6,49.55,396000,696100,0.698149,-0.287924,0.00243267,0.00256796,12.635866,11.712351,2023-08-01
1571,2023-07-31 10:21:00,19650.0,19669.5,4902900,5378250,110.5,67.6,497500,629050,0.568706,-0.426529,0.00280384,0.00300206,12.357784,11.516737,2023-08-01
6833,2023-07-31 10:21:00,19700.0,19669.5,10530850,5843700,83.4,90.4,871500,648350,0.426185,-0.579385,0.00283492,0.00303562,12.193758,11.356313,2023-08-01
12090,2023-07-31 10:21:00,19750.0,19669.5,6538250,1178650,60.5,117.55,447450,162050,0.289243,-0.725394,0.00251213,0.00263892,11.998464,11.13973,2023-08-01
17346,2023-07-31 10:21:00,19800.0,19669.5,11312950,3180800,42.9,149.75,460200,175150,0.177217,-0.843427,0.00191953,0.00192907,11.934305,10.963089,2023-08-01
22600,2023-07-31 10:21:00,19850.0,19669.5,4036900,496500,29.05,186.8,270750,26250,0.096002,-0.922355,0.00127008,0.00117995,11.823461,10.859289,2023-08-01
27853,2023-07-31 10:21:00,19900.0,19669.5,6406000,537700,19.25,226.35,330200,24700,0.046865,-0.970881,0.00073127,0.00055986,11.806646,10.453139,2023-08-01
25228,2023-07-31 10:22:00,19450.0,19676.45,216700,3493850,265.75,16.75,10650,109000,0.93289,-0.049828,0.00083676,0.00072832,13.693125,12.449539,2023-08-01
19975,2023-07-31 10:22:00,19500.0,19676.45,1390400,7330150,223.5,24.2,79200,280800,0.885881,-0.094806,0.00127748,0.00121643,13.321656,12.230745,2023-08-01
14720,2023-07-31 10:22:00,19550.0,19676.45,730350,4075200,183.55,33.95,68550,148600,0.815218,-0.165829,0.00181791,0.00183744,12.934954,11.948507,2023-08-01
9463,2023-07-31 10:22:00,19600.0,19676.45,6880150,13382200,146.5,47.3,370400,386450,0.716287,-0.270529,0.00238094,0.00248826,12.543276,11.726055,2023-08-01
4203,2023-07-31 10:22:00,19650.0,19676.45,4902900,5378250,114.25,64.9,404100,341100,0.588319,-0.406027,0.00278267,0.00295993,12.327824,11.550766,2023-08-01
1572,2023-07-31 10:22:00,19700.0,19676.45,10530850,5843700,86.15,86.95,700900,419950,0.445559,-0.558107,0.00287689,0.00305871,12.110905,11.376047,2023-08-01
6834,2023-07-31 10:22:00,19750.0,19676.45,6538250,1178650,62.7,113.45,285350,80950,0.305739,-0.706442,0.00259282,0.00271889,11.922453,11.162106,2023-08-01
12091,2023-07-31 10:22:00,19800.0,19676.45,11312950,3180800,44.5,145.05,309500,81100,0.189084,-0.829049,0.00201291,0.00203654,11.849411,10.993354,2023-08-01
17347,2023-07-31 10:22:00,19850.0,19676.45,4036900,496500,30.25,181.0,153300,16100,0.103619,-0.915138,0.00135133,0.00126908,11.749246,10.796296,2023-08-01
22601,2023-07-31 10:22:00,19900.0,19676.45,6406000,537700,20.0,220.6,181900,11600,0.050783,-0.966128,0.00078574,0.00063121,11.715711,10.505232,2023-08-01
27854,2023-07-31 10:22:00,19950.0,19676.45,3323750,116500,12.85,263.8,126800,2200,0.022318,-0.989371,0.00039959,0.00024243,11.720224,10.221845,2023-08-01
25229,2023-07-31 10:23:00,19400.0,19673.4,465400,4757500,308.75,11.95,5950,159950,0.956389,-0.026257,0.00056401,0.00042153,14.452265,12.740932,2023-08-01
19976,2023-07-31 10:23:00,19450.0,19673.4,216400,3505450,264.2,17.0,3500,139650,0.927259,-0.051442,0.0008769,0.00074999,13.908405,12.406141,2023-08-01
14721,2023-07-31 10:23:00,19500.0,19673.4,1390900,7368250,221.85,24.6,76200,251800,0.879573,-0.09784,0.00131394,0.00124922,13.461038,12.19396,2023-08-01
9464,2023-07-31 10:23:00,19550.0,19673.4,710550,4042250,181.8,34.5,53350,152750,0.808275,-0.170667,0.00184949,0.00187855,13.012492,11.91044,2023-08-01
4204,2023-07-31 10:23:00,19600.0,19673.4,6824700,13404600,145.25,47.95,265650,306650,0.707369,-0.277233,0.00239553,0.00253115,12.655824,11.672864,2023-08-01
1573,2023-07-31 10:23:00,19650.0,19673.4,4810150,5424850,113.0,65.65,330000,299100,0.579388,-0.414554,0.00278128,0.00299472,12.399419,11.478556,2023-08-01
6835,2023-07-31 10:23:00,19700.0,19673.4,10460850,5839400,85.25,88.0,633350,333950,0.43721,-0.567869,0.00284997,0.0030666,12.192605,11.307253,2023-08-01
12092,2023-07-31 10:23:00,19750.0,19673.4,6575800,1194100,62.0,114.65,296050,99900,0.298968,-0.716354,0.00255218,0.00269859,11.996573,11.070459,2023-08-01
17348,2023-07-31 10:23:00,19800.0,19673.4,11313750,3185000,43.8,146.6,342950,74100,0.183763,-0.83728,0.00197171,0.00199001,11.89025,10.902634,2023-08-01
22602,2023-07-31 10:23:00,19850.0,19673.4,4024650,499450,29.8,182.25,183350,19950,0.100433,-0.923145,0.00131604,0.00120169,11.798453,10.584357,2023-08-01
27855,2023-07-31 10:23:00,19900.0,19673.4,6396100,540500,19.7,222.35,204150,16900,0.049084,-0.970651,0.00076184,0.00057228,11.764733,10.296979,2023-08-01
25230,2023-07-31 10:24:00,19400.0,19672.5,465400,4757500,307.8,11.95,2000,92000,0.956365,-0.026355,0.00056603,0.00042389,14.411823,12.71398,2023-08-01
19977,2023-07-31 10:24:00,19450.0,19672.5,216400,3505450,261.15,17.1,2800,88050,0.933662,-0.051991,0.00084727,0.00075696,13.413076,12.400216,2023-08-01
14722,2023-07-31 10:24:00,19500.0,19672.5,1390900,7368250,219.85,24.8,22550,141050,0.882592,-0.099012,0.00131414,0.00125999,13.224171,12.199667,2023-08-01
9465,2023-07-31 10:24:00,19550.0,19672.5,710550,4042250,180.4,34.8,26300,118400,0.808842,-0.172545,0.00186386,0.00189042,12.893031,11.922685,2023-08-01
4205,2023-07-31 10:24:00,19600.0,19672.5,6824700,13404600,143.9,48.6,146400,222550,0.706866,-0.280342,0.0024193,0.00253431,12.54569,11.725625,2023-08-01
1574,2023-07-31 10:24:00,19650.0,19672.5,4810150,5424850,111.75,66.55,241400,214700,0.577491,-0.417734,0.00280748,0.00298195,12.299575,11.551491,2023-08-01
6836,2023-07-31 10:24:00,19700.0,19672.5,10460850,5839400,84.5,89.0,303400,244800,0.434392,-0.570186,0.00285724,0.00304463,12.151563,11.380967,2023-08-01
12093,2023-07-31 10:24:00,19750.0,19672.5,6575800,1194100,61.2,115.85,176150,50250,0.295661,-0.717198,0.00255304,0.00267325,11.935668,11.163127,2023-08-01
17349,2023-07-31 10:24:00,19800.0,19672.5,11313750,3185000,43.35,147.55,225600,75800,0.181418,-0.838018,0.00196067,0.00197568,11.86562,10.952982,2023-08-01
22603,2023-07-31 10:24:00,19850.0,19672.5,4024650,499450,29.35,183.8,94600,8300,0.098404,-0.921215,0.00130149,0.00120692,11.757582,10.742373,2023-08-01
27856,2023-07-31 10:24:00,19900.0,19672.5,6396100,540500,19.3,224.3,137600,11650,0.047617,-0.967648,0.00074711,0.0006038,11.713023,10.582677,2023-08-01
25231,2023-07-31 10:25:00,19400.0,19671.75,465400,4757500,307.4,12.0,1250,65600,0.955278,-0.026572,0.000575,0.00042719,14.475896,12.706503,2023-08-01
19978,2023-07-31 10:25:00,19450.0,19671.75,216400,3505450,261.3,17.1,1650,90700,0.930605,-0.05217,0.0008665,0.00076079,13.58434,12.375578,2023-08-01
14723,2023-07-31 10:25:00,19500.0,19671.75,1390900,7368250,220.25,24.85,27950,146900,0.878446,-0.09957,0.0013287,0.00126746,13.407859,12.181716,2023-08-01
9466,2023-07-31 10:25:00,19550.0,19671.75,710550,4042250,180.15,34.9,16350,65650,0.806607,-0.173605,0.00187063,0.00190079,12.942207,11.907881,2023-08-01
4206,2023-07-31 10:25:00,19600.0,19671.75,6824700,13404600,144.15,48.55,143250,200450,0.703498,-0.281474,0.0024117,0.00254961,12.655776,11.681766,2023-08-01
1575,2023-07-31 10:25:00,19650.0,19671.75,4810150,5424850,112.1,66.45,148350,148100,0.574768,-0.41958,0.00278744,0.00300057,12.40861,11.494664,2023-08-01
6837,2023-07-31 10:25:00,19700.0,19671.75,10460850,5839400,84.45,88.7,258400,229500,0.432476,-0.573106,0.00284551,0.00306649,12.195629,11.288316,2023-08-01
12094,2023-07-31 10:25:00,19750.0,19671.75,6575800,1194100,61.25,115.7,131900,53900,0.294482,-0.720789,0.0025385,0.00267818,11.985847,11.077563,2023-08-01
17350,2023-07-31 10:25:00,19800.0,19671.75,11313750,3185000,43.25,147.4,186850,65800,0.180321,-0.841942,0.00195029,0.00196392,11.887397,10.846782,2023-08-01
22604,2023-07-31 10:25:00,19850.0,19671.75,4024650,499450,29.45,184.4,56250,7050,0.09832,-0.922135,0.00129557,0.00119635,11.807686,10.744609,2023-08-01
27857,2023-07-31 10:25:00,19900.0,19671.75,6396100,540500,19.4,224.1,79450,11750,0.047718,-0.970672,0.00074544,0.00056784,11.763181,10.378165,2023-08-01
25232,2023-07-31 10:26:00,19400.0,19674.3,463600,4770950,310.55,11.75,4700,113450,0.95419,-0.025531,0.00057689,0.00041299,14.712607,12.713256,2023-08-01
19979,2023-07-31 10:26:00,19450.0,19674.3,215850,3544000,264.85,16.75,1950,86250,0.928412,-0.050283,0.00086781,0.00073861,13.894283,12.380759,2023-08-01
14724,2023-07-31 10:26:00,19500.0,19674.3,1385950,7368000,222.35,24.45,22900,160800,0.88149,-0.096695,0.00130327,0.00123861,13.429438,12.202554,2023-08-01
9467,2023-07-31 10:26:00,19550.0,19674.3,709150,4069250,182.25,34.3,24850,82750,0.81062,-0.168966,0.00184092,0.00186667,12.985239,11.919224,2023-08-01
4207,2023-07-31 10:26:00,19600.0,19674.3,6794600,13469950,145.55,47.85,168600,226800,0.710216,-0.275367,0.00239362,0.00251769,12.618512,11.705969,2023-08-01
1576,2023-07-31 10:26:00,19650.0,19674.3,4855450,5485550,113.1,65.55,221350,176150,0.582268,-0.412115,0.00279121,0.00298222,12.346765,11.52026,2023-08-01
6838,2023-07-31 10:26:00,19700.0,19674.3,10473300,5946550,85.35,87.65,363200,226750,0.43949,-0.565079,0.00286454,0.00306779,12.151363,11.325522,2023-08-01
12095,2023-07-31 10:26:00,19750.0,19674.3,6617150,1202000,62.0,114.5,257900,60850,0.300389,-0.713074,0.00256954,0.0027012,11.950827,11.129553,2023-08-01
17351,2023-07-31 10:26:00,19800.0,19674.3,11335100,3223850,43.9,145.85,206500,54200,0.184847,-0.836065,0.00198445,0.00200423,11.866904,10.886597,2023-08-01
22605,2023-07-31 10:26:00,19850.0,19674.3,4020800,502500,29.85,182.05,93100,11300,0.100951,-0.920341,0.00132478,0.00122457,11.774222,10.681444,2023-08-01
27858,2023-07-31 10:26:00,19900.0,19674.3,6426700,549550,19.75,221.8,140150,12750,0.049363,-0.96955,0.0007671,0.00058733,11.746813,10.352892,2023-08-01
25233,2023-07-31 10:27:00,19400.0,19674.0,463600,4770950,307.8,11.9,1000,60800,0.960792,-0.025957,0.00053137,0.00041768,14.087966,12.749906,2023-08-01
19980,2023-07-31 10:27:00,19450.0,19674.0,215850,3544000,263.35,17.05,800,44500,0.932038,-0.05132,0.00085041,0.00074716,13.626511,12.443575,2023-08-01
14725,2023-07-31 10:27:00,19500.0,19674.0,1385950,7368000,220.6,24.7,10300,68850,0.886037,-0.09771,0.00129488,0.00124457,13.150318,12.241299,2023-08-01
9468,2023-07-31 10:27:00,19550.0,19674.0,709150,4069250,180.95,34.65,14200,57900,0.813329,-0.170402,0.00185001,0.00187005,12.810872,11.966069,2023-08-01
4208,2023-07-31 10:27:00,19600.0,19674.0,6794600,13469950,144.65,48.35,96100,145950,0.711062,-0.277086,0.00241051,0.00251314,12.516701,11.766574,2023-08-01
1577,2023-07-31 10:27:00,19650.0,19674.0,4855450,5485550,112.4,66.15,118050,124100,0.581897,-0.413471,0.00280883,0.00296823,12.275439,11.586948,2023-08-01
6839,2023-07-31 10:27:00,19700.0,19674.0,10473300,5946550,84.9,88.45,202150,144300,0.438396,-0.565497,0.00287358,0.00304432,12.111619,11.414266,2023-08-01
12096,2023-07-31 10:27:00,19750.0,19674.0,6617150,1202000,61.5,115.35,95650,26600,0.298751,-0.712298,0.00257516,0.00268256,11.898827,11.224633,2023-08-01
17352,2023-07-31 10:27:00,19800.0,19674.0,11335100,3223850,43.6,146.9,142550,33500,0.183565,-0.833807,0.0019815,0.00199844,11.836786,11.018587,2023-08-01
22606,2023-07-31 10:27:00,19850.0,19674.0,4020800,502500,29.7,183.35,45200,6100,0.100245,-0.916899,0.00131982,0.00124166,11.761668,10.879335,2023-08-01
27859,2023-07-31 10:27:00,19900.0,19674.0,6426700,549550,19.55,223.55,63350,4850,0.048647,-0.965207,0.00076039,0.00063395,11.716413,10.709653,2023-08-01
25234,2023-07-31 10:28:00,19450.0,19675.1,215850,3544000,262.55,16.8,350,39050,0.938378,-0.050171,0.00081086,0.00073521,13.247858,12.42264,2023-08-01
19981,2023-07-31 10:28:00,19500.0,19675.1,1385950,7368000,221.25,24.4,7350,147100,0.888197,-0.096006,0.00128138,0.00123044,13.111577,12.225705,2023-08-01
14726,2023-07-31 10:28:00,19550.0,19675.1,709150,4069250,181.9,34.2,6900,47500,0.814936,-0.16775,0.00183679,0.0018559,12.837046,11.939232,2023-08-01
9469,2023-07-31 10:28:00,19600.0,19675.1,6794600,13469950,145.05,47.75,84250,168400,0.714454,-0.273711,0.00240646,0.00250577,12.470786,11.732942,2023-08-01
4209,2023-07-31 10:28:00,19650.0,19675.1,4855450,5485550,112.8,65.35,116450,122950,0.585203,-0.409852,0.00281148,0.00297451,12.244791,11.541131,2023-08-01
1578,2023-07-31 10:28:00,19700.0,19675.1,10473300,5946550,85.3,87.7,179050,134100,0.441449,-0.562309,0.00288165,0.00305548,12.094619,11.390036,2023-08-01
6840,2023-07-31 10:28:00,19750.0,19675.1,6617150,1202000,61.8,114.45,81650,32950,0.301255,-0.709942,0.00258939,0.00270111,11.88098,11.192965,2023-08-01
12097,2023-07-31 10:28:00,19800.0,19675.1,11335100,3223850,43.7,145.9,111200,48150,0.184947,-0.832449,0.00199728,0.00201584,11.800918,10.983564,2023-08-01
17353,2023-07-31 10:28:00,19850.0,19675.1,4020800,502500,29.85,182.15,41650,2400,0.101292,-0.916806,0.00133218,0.00125009,11.743853,10.81746,2023-08-01
22607,2023-07-31 10:28:00,19900.0,19675.1,6426700,549550,19.7,222.05,39100,2200,0.049343,-0.966275,0.00076968,0.00062577,11.709763,10.577779,2023-08-01
27860,2023-07-31 10:28:00,19950.0,19675.1,3351950,117700,12.7,266.5,20600,1000,0.021702,-0.986635,0.00039058,0.00028301,11.731958,10.698885,2023-08-01
25235,2023-07-31 10:29:00,19450.0,19676.35,214500,3542300,265.45,16.6,2950,84750,0.933637,-0.049155,0.00083319,0.00072372,13.660817,12.41838,2023-08-01
19982,2023-07-31 10:29:00,19500.0,19676.35,1381000,7392650,222.25,24.15,21900,233800,0.889779,-0.094409,0.00126824,0.00121565,13.115843,12.225284,2023-08-01
14727,2023-07-31 10:29:00,19550.0,19676.35,707250,4072950,182.5,33.9,24100,75550,0.818204,-0.165466,0.00182393,0.00183927,12.787653,11.943673,2023-08-01
9470,2023-07-31 10:29:00,19600.0,19676.35,6777050,13436800,145.85,47.25,136700,234200,0.717532,-0.270337,0.0023949,0.00249341,12.468912,11.721207,2023-08-01
4210,2023-07-31 10:29:00,19650.0,19676.35,4895100,5512350,113.45,64.9,244400,172800,0.588789,-0.406205,0.00280835,0.00296584,12.236401,11.552195,2023-08-01
1579,2023-07-31 10:29:00,19700.0,19676.35,10483950,5986300,85.75,87.05,335550,209000,0.444933,-0.558515,0.00289083,0.00306078,12.074121,11.389491,2023-08-01
6841,2023-07-31 10:29:00,19750.0,19676.35,6621350,1198050,62.2,113.75,151450,70750,0.30425,-0.706465,0.00260421,0.00271457,11.868476,11.202019,2023-08-01
12098,2023-07-31 10:29:00,19800.0,19676.35,11328850,3228550,43.95,145.3,196450,46100,0.186965,-0.829037,0.00201468,0.00203454,11.780593,11.026795,2023-08-01
17354,2023-07-31 10:29:00,19850.0,19676.35,4033000,501000,29.95,180.5,85600,8850,0.102257,-0.917739,0.0013455,0.0012541,11.710844,10.694234,2023-08-01
22608,2023-07-31 10:29:00,19900.0,19676.35,6438400,547150,19.7,220.95,86300,9100,0.049617,-0.965626,0.00077619,0.00063624,11.66551,10.570213,2023-08-01
27861,2023-07-31 10:29:00,19950.0,19676.35,3359550,117600,12.75,263.15,56000,600,0.021931,-0.991062,0.000395,0.00021412,11.706226,9.967033,2023-08-01
25236,2023-07-31 10:30:00,19450.0,19676.1,214500,3542300,263.65,16.4,7850,149250,0.938416,-0.048537,0.0008071,0.00071989,13.310079,12.362526,2023-08-01
19983,2023-07-31 10:30:00,19500.0,19676.1,1381000,7392650,221.5,23.9,88150,437900,0.891319,-0.093609,0.00126575,0.00121416,13.013475,12.167362,2023-08-01
14728,2023-07-31 10:30:00,19550.0,19676.1,707250,4072950,181.65,33.7,89050,267200,0.819829,-0.164987,0.00182968,0.00184308,12.679733,11.90026,2023-08-01
9471,2023-07-31 10:30:00,19600.0,19676.1,6777050,13436800,144.8,47.15,428450,738900,0.718989,-0.270461,0.0024147,0.00250033,12.339584,11.69497,2023-08-01
4211,2023-07-31 10:30:00,19650.0,19676.1,4895100,5512350,112.65,64.65,529850,597050,0.58872,-0.406557,0.00282993,0.0029798,12.147201,11.504025,2023-08-01
1580,2023-07-31 10:30:00,19700.0,19676.1,10483950,5986300,84.7,86.95,869750,694300,0.44358,-0.559467,0.00292042,0.00306868,11.949633,11.359533,2023-08-01
6842,2023-07-31 10:30:00,19750.0,19676.1,6621350,1198050,61.25,113.85,432550,178750,0.301718,-0.707311,0.00262127,0.00271328,11.750716,11.195676,2023-08-01
12099,2023-07-31 10:30:00,19800.0,19676.1,11328850,3228550,43.3,145.3,355300,159750,0.184625,-0.8302,0.00201429,0.00203112,11.694725,11.000501,2023-08-01
17355,2023-07-31 10:30:00,19850.0,19676.1,4033000,501000,29.45,181.75,153050,19800,0.100375,-0.914271,0.00133648,0.00127087,11.634766,10.888666,2023-08-01
22609,2023-07-31 10:30:00,19900.0,19676.1,6438400,547150,19.35,221.75,212600,21800,0.048443,-0.964008,0.00076593,0.00065242,11.601297,10.707728,2023-08-01
27862,2023-07-31 10:30:00,19950.0,19676.1,3359550,117600,12.45,264.4,101800,7550,0.021156,-0.989015,0.00038567,0.00024779,11.634243,10.315198,2023-08-01
25237,2023-07-31 10:31:00,19400.0,19670.0,463600,4779250,303.55,12.0,12700,273200,0.960812,-0.026681,0.00053907,0.00043104,13.899954,12.659038,2023-08-01
19984,2023-07-31 10:31:00,19450.0,19670.0,214500,3542300,259.25,17.2,3000,157200,0.931085,-0.052811,0.00087084,0.00077143,13.468776,12.346123,2023-08-01
14729,2023-07-31 10:31:00,19500.0,19670.0,1381000,7392650,216.75,25.1,48500,311700,0.883223,-0.101219,0.00133181,0.00128632,13.026874,12.169794,2023-08-01
9472,2023-07-31 10:31:00,19550.0,19670.0,707250,4072950,177.3,35.3,70450,201600,0.8082,-0.176507,0.00190065,0.00192486,12.696559,11.904813,2023-08-01
4212,2023-07-31 10:31:00,19600.0,19670.0,6777050,13436800,141.2,49.2,357450,532200,0.703218,-0.285905,0.00246683,0.00257015,12.400729,11.696603,2023-08-01
1581,2023-07-31 10:31:00,19650.0,19670.0,4895100,5512350,109.35,67.55,433750,481500,0.571225,-0.425101,0.00285049,0.00299997,12.176342,11.549669,2023-08-01
6843,2023-07-31 10:31:00,19700.0,19670.0,10483950,5986300,82.15,90.2,694950,608150,0.426158,-0.578043,0.00288726,0.00304153,12.0066,11.37425,2023-08-01
12100,2023-07-31 10:31:00,19750.0,19670.0,6621350,1198050,59.4,117.6,366850,151750,0.28717,-0.723639,0.00254641,0.00264057,11.83043,11.199482,2023-08-01
17356,2023-07-31 10:31:00,19800.0,19670.0,11328850,3228550,41.85,149.95,438000,127400,0.173927,-0.8411,0.00192999,0.00193658,11.762856,11.058296,2023-08-01
22610,2023-07-31 10:31:00,19850.0,19670.0,4033000,501000,28.45,186.05,172250,20400,0.093818,-0.923547,0.00126443,0.00117606,11.709913,10.798606,2023-08-01
27863,2023-07-31 10:31:00,19900.0,19670.0,6438400,547150,18.8,226.5,264250,14850,0.045325,-0.969205,0.00072015,0.00058004,11.704767,10.598573,2023-08-01
25238,2023-07-31 10:32:00,19400.0,19666.0,461550,4712300,300.75,12.25,4950,239100,0.956723,-0.027915,0.00057729,0.00044967,14.073999,12.607307,2023-08-01
19985,2023-07-31 10:32:00,19450.0,19666.0,209450,3532000,255.45,17.65,6650,135700,0.929069,-0.055459,0.00089747,0.00080436,13.368964,12.31419,2023-08-01
14730,2023-07-31 10:32:00,19500.0,19666.0,1360100,7395600,213.7,25.8,49900,258950,0.877575,-0.106034,0.00137586,0.00133323,13.043433,12.150336,2023-08-01
9473,2023-07-31 10:32:00,19550.0,19666.0,705450,4084150,174.7,36.25,65300,196100,0.799699,-0.183892,0.00194503,0.00197897,12.743843,11.8869,2023-08-01
4213,2023-07-31 10:32:00,19600.0,19666.0,6712700,13467450,138.7,50.5,282850,424700,0.693109,-0.296069,0.00250246,0.00261599,12.415688,11.686497,2023-08-01
1582,2023-07-31 10:32:00,19650.0,19666.0,4806150,5560200,107.45,69.25,316600,405850,0.559567,-0.43711,0.00285389,0.00301816,12.227318,11.546805,2023-08-01
6844,2023-07-31 10:32:00,19700.0,19666.0,10523050,5992050,80.5,91.75,620900,486000,0.414869,-0.590805,0.0028634,0.00304177,12.042646,11.299776,2023-08-01
12101,2023-07-31 10:32:00,19750.0,19666.0,6665850,1225500,58.05,120.15,311250,102100,0.277496,-0.733974,0.00249988,0.00258971,11.85937,11.209965,2023-08-01
17357,2023-07-31 10:32:00,19800.0,19666.0,11414050,3247800,40.95,152.75,450700,131750,0.167253,-0.848931,0.00187534,0.00187495,11.811894,11.052265,2023-08-01
22611,2023-07-31 10:32:00,19850.0,19666.0,4065450,507050,27.7,189.0,134500,15550,0.089336,-0.92899,0.00121695,0.00111642,11.739007,10.756353,2023-08-01
27864,2023-07-31 10:32:00,19900.0,19666.0,6442750,556100,18.3,229.95,261600,8300,0.042939,-0.971475,0.00068771,0.00054453,11.739734,10.599954,2023-08-01
25239,2023-07-31 10:33:00,19400.0,19667.8,461550,4712300,302.5,11.9,6300,105300,0.957241,-0.026661,0.00056978,0.00043436,14.12437,12.562833,2023-08-01
19986,2023-07-31 10:33:00,19450.0,19667.8,209450,3532000,257.95,17.05,3200,93600,0.927524,-0.052879,0.00089798,0.00077964,13.586696,12.236907,2023-08-01
14731,2023-07-31 10:33:00,19500.0,19667.8,1360100,7395600,215.0,24.95,26650,175700,0.880411,-0.10187,0.00135544,0.00130524,13.025936,12.057841,2023-08-01
9474,2023-07-31 10:33:00,19550.0,19667.8,705450,4084150,176.0,35.25,24000,167300,0.803192,-0.178585,0.00192445,0.00195731,12.74671,11.802352,2023-08-01
4214,2023-07-31 10:33:00,19600.0,19667.8,6712700,13467450,140.3,49.35,200250,361300,0.696707,-0.290101,0.00247679,0.00260903,12.481257,11.609782,2023-08-01
1583,2023-07-31 10:33:00,19650.0,19667.8,4806150,5560200,108.7,67.65,189000,375050,0.564537,-0.431035,0.00284086,0.0030405,12.26164,11.434866,2023-08-01
6845,2023-07-31 10:33:00,19700.0,19667.8,10523050,5992050,81.45,90.6,381800,338850,0.420099,-0.585555,0.00286845,0.00305863,12.057405,11.273554,2023-08-01
12102,2023-07-31 10:33:00,19750.0,19667.8,6665850,1225500,58.75,118.05,162650,92250,0.281995,-0.731914,0.00251938,0.00263294,11.862078,11.071124,2023-08-01
17358,2023-07-31 10:33:00,19800.0,19667.8,11414050,3247800,41.4,150.6,261150,128450,0.170317,-0.848645,0.00189974,0.00190128,11.799324,10.91506,2023-08-01
22612,2023-07-31 10:33:00,19850.0,19667.8,4065450,507050,28.2,187.5,106100,11750,0.09183,-0.92725,0.00124035,0.00113885,11.757709,10.744076,2023-08-01
27865,2023-07-31 10:33:00,19900.0,19667.8,6442750,556100,18.5,228.15,141450,15200,0.043887,-0.971242,0.00070121,0.00055149,11.720879,10.539346,2023-08-01
25240,2023-07-31 10:34:00,19400.0,19662.9,461550,4712300,299.45,12.25,4750,231800,0.951079,-0.028321,0.00062242,0.00045892,14.415,12.511591,2023-08-01
19987,2023-07-31 10:34:00,19450.0,19662.9,209450,3532000,254.45,17.7,5250,109950,0.921316,-0.056512,0.00094837,0.00082328,13.703575,12.219972,2023-08-01
14732,2023-07-31 10:34:00,19500.0,19662.9,1360100,7395600,213.0,25.75,54250,313800,0.867792,-0.107668,0.00141855,0.00136343,13.355602,12.021793,2023-08-01
9475,2023-07-31 10:34:00,19550.0,19662.9,705450,4084150,173.95,36.2,53700,155200,0.789493,-0.187091,0.00196824,0.00202619,12.980371,11.743503,2023-08-01
4215,2023-07-31 10:34:00,19600.0,19662.9,6712700,13467450,137.8,50.65,317750,490250,0.683225,-0.302082,0.00250633,0.00267269,12.576908,11.55192,2023-08-01
1584,2023-07-31 10:34:00,19650.0,19662.9,4806150,5560200,106.4,69.3,415500,533200,0.550344,-0.445677,0.00284273,0.00307752,12.324011,11.368723,2023-08-01
6846,2023-07-31 10:34:00,19700.0,19662.9,10523050,5992050,79.8,92.4,605650,499350,0.406776,-0.601496,0.00282716,0.00306016,12.148847,11.164859,2023-08-01
12103,2023-07-31 10:34:00,19750.0,19662.9,6665850,1225500,57.45,120.2,324950,144150,0.271138,-0.747296,0.00245556,0.00258622,11.944811,10.939084,2023-08-01
17359,2023-07-31 10:34:00,19800.0,19662.9,11414050,3247800,40.35,153.05,392900,188750,0.162446,-0.861694,0.00183338,0.00181894,11.864889,10.742789,2023-08-01
22613,2023-07-31 10:34:00,19850.0,19662.9,4065450,507050,27.4,189.95,193750,15550,0.08684,-0.937939,0.00118495,0.00103542,11.812587,10.456786,2023-08-01
27866,2023-07-31 10:34:00,19900.0,19662.9,6442750,556100,18.0,230.8,250650,20700,0.041365,-0.978363,0.00066509,0.00045254,11.786206,10.123538,2023-08-01
25241,2023-07-31 10:35:00,19400.0,19662.05,459450,4831000,297.7,12.55,11900,179950,0.95343,-0.029281,0.00060891,0.0004697,14.169868,12.572137,2023-08-01
19988,2023-07-31 10:35:00,19450.0,19662.05,214500,3556650,253.25,18.15,10100,128400,0.922112,-0.058277,0.00094849,0.00083856,13.601206,12.295209,2023-08-01
14733,2023-07-31 10:35:00,19500.0,19662.05,1357600,7456450,211.0,26.3,66950,392100,0.870936,-0.110142,0.00142109,0.00137805,13.116109,12.094077,2023-08-01
9476,2023-07-31 10:35:00,19550.0,19662.05,692900,4061200,172.1,37.05,84500,305400,0.791377,-0.1908,0.00198851,0.00203385,12.784511,11.845515,2023-08-01
4216,2023-07-31 10:35:00,19600.0,19662.05,6698950,13532200,136.45,51.7,381600,715850,0.682663,-0.305995,0.00253225,0.00266343,12.461651,11.662665,2023-08-01
1585,2023-07-31 10:35:00,19650.0,19662.05,4692550,5597750,105.15,70.55,404550,712300,0.54832,-0.448803,0.00287,0.00304924,12.218699,11.489991,2023-08-01
6847,2023-07-31 10:35:00,19700.0,19662.05,10571950,6012950,78.95,94.15,621100,774600,0.403858,-0.602499,0.00283711,0.00301119,12.088444,11.342557,2023-08-01
12104,2023-07-31 10:35:00,19750.0,19662.05,6699800,1201550,57.0,122.0,343050,166250,0.268697,-0.745994,0.00244876,0.00255145,11.927813,11.121812,2023-08-01
17360,2023-07-31 10:35:00,19800.0,19662.05,11474350,3271400,40.05,154.85,437500,178200,0.160685,-0.859004,0.00182199,0.00181098,11.858415,10.935847,2023-08-01
22614,2023-07-31 10:35:00,19850.0,19662.05,4066250,512950,27.1,191.75,152750,27550,0.085419,-0.934894,0.00117273,0.00105286,11.793236,10.677725,2023-08-01
27867,2023-07-31 10:35:00,19900.0,19662.05,6467350,555900,17.9,232.65,199400,18200,0.040876,-0.975695,0.00065841,0.00048527,11.795366,10.415836,2023-08-01
25242,2023-07-31 10:36:00,19400.0,19665.75,459450,4831000,302.0,12.15,4250,131800,0.95258,-0.027582,0.0006061,0.00044685,14.444787,12.57526,2023-08-01
19989,2023-07-31 10:36:00,19450.0,19665.75,214500,3556650,255.9,17.5,4750,120450,0.926852,-0.054902,0.00090983,0.00080143,13.518087,12.275245,2023-08-01
14734,2023-07-31 10:36:00,19500.0,19665.75,1357600,7456450,213.85,25.5,36650,232700,0.876217,-0.104946,0.00138066,0.00133173,13.114217,12.087712,2023-08-01
9477,2023-07-31 10:36:00,19550.0,19665.75,692900,4061200,174.6,36.05,36600,188450,0.799098,-0.183342,0.00194776,0.00198417,12.763778,11.847436,2023-08-01
4217,2023-07-31 10:36:00,19600.0,19665.75,6698950,13532200,139.15,50.3,269000,511650,0.691324,-0.295946,0.00249255,0.00262705,12.511397,11.648646,2023-08-01
1586,2023-07-31 10:36:00,19650.0,19665.75,4692550,5597750,107.5,68.9,336800,474000,0.558741,-0.437522,0.0028505,0.00303774,12.259934,11.487647,2023-08-01
6848,2023-07-31 10:36:00,19700.0,19665.75,10571950,6012950,80.65,92.05,570450,488950,0.414333,-0.591484,0.00285576,0.00303693,12.085371,11.326431,2023-08-01
12105,2023-07-31 10:36:00,19750.0,19665.75,6699800,1201550,58.3,119.9,238450,97450,0.277545,-0.735902,0.00249143,0.00259582,11.914484,11.155339,2023-08-01
17361,2023-07-31 10:36:00,19800.0,19665.75,11474350,3271400,41.05,152.35,288300,106850,0.167168,-0.851674,0.00187166,0.00186947,11.845027,10.962769,2023-08-01
22615,2023-07-31 10:36:00,19850.0,19665.75,4066250,512950,27.8,189.25,95550,19550,0.0894,-0.929285,0.0012155,0.0011129,11.773014,10.768438,2023-08-01
27868,2023-07-31 10:36:00,19900.0,19665.75,6467350,555900,18.3,229.9,193400,18800,0.042774,-0.972516,0.00068552,0.00053182,11.754299,10.534865,2023-08-01
25243,2023-07-31 10:37:00,19400.0,19667.15,459450,4831000,303.05,11.95,1650,156650,0.953865,-0.026804,0.00059447,0.00043686,14.409502,12.562079,2023-08-01
19990,2023-07-31 10:37:00,19450.0,19667.15,214500,3556650,258.2,17.25,11350,113050,0.924571,-0.053615,0.00091508,0.00078726,13.762266,12.266418,2023-08-01
14735,2023-07-31 10:37:00,19500.0,19667.15,1357600,7456450,215.8,25.1,39050,240850,0.875378,-0.102632,0.00137089,0.00131297,13.273109,12.066296,2023-08-01
9478,2023-07-31 10:37:00,19550.0,19667.15,692900,4061200,176.6,35.5,48650,132400,0.798936,-0.179953,0.00192475,0.00196619,12.925364,11.81961,2023-08-01
4218,2023-07-31 10:37:00,19600.0,19667.15,6698950,13532200,140.0,49.7,202550,370200,0.694932,-0.291977,0.00248136,0.00261485,12.505554,11.632694,2023-08-01
1587,2023-07-31 10:37:00,19650.0,19667.15,4692550,5597750,108.5,68.1,260100,343550,0.562589,-0.433121,0.00283968,0.0030396,12.290997,11.462233,2023-08-01
6849,2023-07-31 10:37:00,19700.0,19667.15,10571950,6012950,81.75,91.0,532800,373250,0.418724,-0.587583,0.00284874,0.00305562,12.146575,11.28518,2023-08-01
12106,2023-07-31 10:37:00,19750.0,19667.15,6699800,1201550,59.05,118.75,219400,112500,0.281505,-0.733036,0.00250252,0.0026197,11.946175,11.116743,2023-08-01
17362,2023-07-31 10:37:00,19800.0,19667.15,11474350,3271400,41.75,150.95,246850,109550,0.170652,-0.850516,0.00188984,0.00189047,11.890173,10.899813,2023-08-01
22616,2023-07-31 10:37:00,19850.0,19667.15,4066250,512950,28.4,187.55,84550,12800,0.092036,-0.929864,0.0012367,0.00111772,11.82602,10.656733,2023-08-01
27869,2023-07-31 10:37:00,19900.0,19667.15,6467350,555900,18.75,227.85,113250,8750,0.04438,-0.974236,0.00070335,0.00051427,11.804894,10.323793,2023-08-01
25244,2023-07-31 10:38:00,19400.0,19674.05,458650,4806950,307.0,11.5,4600,189650,0.963294,-0.024637,0.00051221,0.00040439,13.893429,12.645295,2023-08-01
19991,2023-07-31 10:38:00,19450.0,19674.05,213100,3579900,261.0,16.5,4500,102350,0.939855,-0.049165,0.00080578,0.00073121,13.119149,12.326375,2023-08-01
14736,2023-07-31 10:38:00,19500.0,19674.05,1360550,7515850,218.8,24.2,48200,265700,0.89254,-0.095465,0.00127699,0.0012358,12.825218,12.157819,2023-08-01
9479,2023-07-31 10:38:00,19550.0,19674.05,696350,4042950,179.2,34.15,38350,173700,0.819241,-0.168206,0.00185863,0.00187126,12.537933,11.896718,2023-08-01
4219,2023-07-31 10:38:00,19600.0,19674.05,6694550,13657800,142.95,47.95,268600,430700,0.715335,-0.275651,0.00244748,0.00252437,12.27965,11.721405,2023-08-01
1588,2023-07-31 10:38:00,19650.0,19674.05,4693100,5602150,110.9,65.95,365000,331250,0.583465,-0.413044,0.00286054,0.00298037,12.081609,11.573508,2023-08-01
6850,2023-07-31 10:38:00,19700.0,19674.05,10464550,6026300,83.55,88.6,487300,433600,0.437351,-0.565436,0.00292248,0.00304481,11.941725,11.448878,2023-08-01
12107,2023-07-31 10:38:00,19750.0,19674.05,6605750,1234800,60.55,115.75,286750,108650,0.29633,-0.711636,0.00259998,0.00267713,11.778752,11.295265,2023-08-01
17363,2023-07-31 10:38:00,19800.0,19674.05,11407600,3282250,42.8,147.45,289900,111500,0.180607,-0.832334,0.00198601,0.00199809,11.727594,11.118514,2023-08-01
22617,2023-07-31 10:38:00,19850.0,19674.05,4034100,508750,29.1,184.0,109250,16500,0.097781,-0.914935,0.00131043,0.00125222,11.669137,11.013078,2023-08-01
27870,2023-07-31 10:38:00,19900.0,19674.05,6408900,550550,19.1,223.75,183550,14850,0.046951,-0.964836,0.00074674,0.00063787,11.633209,10.77089,2023-08-01
25245,2023-07-31 10:39:00,19450.0,19682.0,213100,3579900,268.45,15.45,6200,167100,0.943797,-0.043734,0.00075426,0.0006649,13.286879,12.338631,2023-08-01
19992,2023-07-31 10:39:00,19500.0,19682.0,1360550,7515850,225.7,22.55,142800,499050,0.900508,-0.085452,0.00119714,0.00114072,12.935125,12.129343,2023-08-01
14737,2023-07-31 10:39:00,19550.0,19682.0,696350,4042950,185.25,32.0,105850,260650,0.833069,-0.153187,0.00176204,0.00176386,12.570911,11.871799,2023-08-01
9480,2023-07-31 10:39:00,19600.0,19682.0,6694550,13657800,148.15,44.85,607050,867450,0.734713,-0.254566,0.00236592,0.00243955,12.267784,11.647048,2023-08-01
4220,2023-07-31 10:39:00,19650.0,19682.0,4693100,5602150,115.4,62.15,783650,649700,0.606215,-0.388861,0.00282415,0.00295153,12.06461,11.503174,2023-08-01
1589,2023-07-31 10:39:00,19700.0,19682.0,10464550,6026300,87.3,83.8,1327650,723200,0.460577,-0.541546,0.00294974,0.00309743,11.919467,11.344968,2023-08-01
6851,2023-07-31 10:39:00,19750.0,19682.0,6605750,1234800,63.4,110.4,531600,228900,0.316561,-0.691298,0.00268756,0.00278051,11.730967,11.216526,2023-08-01
12108,2023-07-31 10:39:00,19800.0,19682.0,11407600,3282250,44.8,141.35,477500,157350,0.195183,-0.818002,0.002097,0.00212179,11.650844,11.028685,2023-08-01
17364,2023-07-31 10:39:00,19850.0,19682.0,4034100,508750,30.6,177.25,212400,25600,0.1072,-0.906742,0.00140904,0.00135372,11.601673,10.907753,2023-08-01
22618,2023-07-31 10:39:00,19900.0,19682.0,6408900,550550,20.05,216.75,279550,30250,0.051828,-0.960365,0.00081405,0.00070731,11.54602,10.709793,2023-08-01
27871,2023-07-31 10:39:00,19950.0,19682.0,3380100,114450,12.95,259.25,139650,3050,0.022818,-0.987218,0.00041364,0.00028153,11.589144,10.377828,2023-08-01
25246,2023-07-31 10:40:00,19450.0,19686.65,213100,3579900,276.25,14.9,24000,259400,0.935628,-0.040901,0.00078686,0.00062898,14.164629,12.355987,2023-08-01
19993,2023-07-31 10:40:00,19500.0,19686.65,1360550,7515850,233.2,21.6,210450,719500,0.893735,-0.079849,0.00118872,0.00108592,13.666056,12.10812,2023-08-01
14738,2023-07-31 10:40:00,19550.0,19686.65,696350,4042950,192.15,30.4,154000,449900,0.830359,-0.143402,0.00170186,0.00169952,13.151678,11.789604,2023-08-01
9481,2023-07-31 10:40:00,19600.0,19686.65,6694550,13657800,154.3,42.75,879250,1011800,0.738083,-0.241514,0.00226644,0.00239179,12.723623,11.551233,2023-08-01
4221,2023-07-31 10:40:00,19650.0,19686.65,4693100,5602150,120.85,59.3,1169300,849450,0.615869,-0.373759,0.00271908,0.00295174,12.442785,11.366094,2023-08-01
1590,2023-07-31 10:40:00,19700.0,19686.65,10464550,6026300,92.0,80.4,1747750,931750,0.475043,-0.52753,0.00288093,0.00314829,12.240752,11.196482,2023-08-01
6852,2023-07-31 10:40:00,19750.0,19686.65,6605750,1234800,67.1,105.9,852050,228200,0.332477,-0.682033,0.00268561,0.00287875,11.979012,10.972988,2023-08-01
12109,2023-07-31 10:40:00,19800.0,19686.65,11407600,3282250,47.8,136.4,1034300,239350,0.209474,-0.813964,0.00214651,0.00220477,11.874207,10.76018,2023-08-01
17365,2023-07-31 10:40:00,19850.0,19686.65,4034100,508750,32.4,171.4,364000,35400,0.116088,-0.908788,0.00147741,0.00138309,11.71431,10.502759,2023-08-01
22619,2023-07-31 10:40:00,19900.0,19686.65,6408900,550550,21.4,211.05,468000,30700,0.057354,-0.96281,0.00087383,0.00069779,11.653976,10.307444,2023-08-01
27872,2023-07-31 10:40:00,19950.0,19686.65,3380100,114450,13.8,251.45,173900,10250,0.025477,-0.993593,0.00045104,0.00017443,11.65969,9.149887,2023-08-01
25247,2023-07-31 10:41:00,19450.0,19687.8,205800,3564850,273.65,14.85,6950,180850,0.947271,-0.040466,0.00071376,0.00062235,13.353442,12.382659,2023-08-01
19994,2023-07-31 10:41:00,19500.0,19687.8,1369000,7485050,231.25,21.65,63900,522500,0.904384,-0.079474,0.00114724,0.00107749,13.113754,12.162307,2023-08-01
14739,2023-07-31 10:41:00,19550.0,19687.8,644750,4166100,190.7,30.35,75250,314350,0.839532,-0.142206,0.00169179,0.00168457,12.765192,11.829781,2023-08-01
9482,2023-07-31 10:41:00,19600.0,19687.8,6583850,13533650,152.6,42.8,390300,622300,0.746937,-0.239911,0.00229401,0.00237064,12.351009,11.614814,2023-08-01
4222,2023-07-31 10:41:00,19650.0,19687.8,4539800,5492900,119.2,59.4,526650,435100,0.622047,-0.371189,0.00277918,0.00292552,12.116879,11.445265,2023-08-01
1591,2023-07-31 10:41:00,19700.0,19687.8,10433700,5932900,90.45,80.3,1060200,547000,0.477753,-0.523774,0.00295247,0.00313305,11.951702,11.26037,2023-08-01
6853,2023-07-31 10:41:00,19750.0,19687.8,6465900,1193900,66.15,106.15,521900,96850,0.332889,-0.676802,0.00273256,0.00286527,11.781674,11.102554,2023-08-01
12110,2023-07-31 10:41:00,19800.0,19687.8,11262000,3303550,46.95,136.45,539650,106550,0.208248,-0.808666,0.002173,0.00221751,11.691655,10.887669,2023-08-01
17366,2023-07-31 10:41:00,19850.0,19687.8,4003800,506200,32.05,171.85,241350,12050,0.115562,-0.90226,0.00148661,0.00142347,11.606989,10.740959,2023-08-01
22620,2023-07-31 10:41:00,19900.0,19687.8,6398400,553000,21.1,211.45,390700,15000,0.056691,-0.957578,0.00087379,0.00075425,11.550972,10.615486,2023-08-01
27873,2023-07-31 10:41:00,19950.0,19687.8,3379250,112200,13.6,255.0,146850,4450,0.025078,-0.983227,0.00044862,0.00034618,11.57121,10.665524,2023-08-01
25248,2023-07-31 10:42:00,19450.0,19687.35,205800,3564850,274.1,14.95,5650,179000,0.944428,-0.040851,0.00073349,0.00062673,13.550071,12.394576,2023-08-01
19995,2023-07-31 10:42:00,19500.0,19687.35,1369000,7485050,230.9,21.8,76100,266650,0.903854,-0.080171,0.00115189,0.00108357,13.118101,12.178028,2023-08-01
14740,2023-07-31 10:42:00,19550.0,19687.35,644750,4166100,189.95,30.65,50650,151700,0.840126,-0.14361,0.00169732,0.0016913,12.696782,11.864915,2023-08-01
9483,2023-07-31 10:42:00,19600.0,19687.35,6583850,13533650,152.3,43.25,255550,420300,0.745914,-0.241831,0.00229911,0.00237172,12.353625,11.663595,2023-08-01
4223,2023-07-31 10:42:00,19650.0,19687.35,4539800,5492900,119.25,60.0,362250,349100,0.620385,-0.373112,0.00277317,0.00291589,12.163349,11.505724,2023-08-01
1592,2023-07-31 10:42:00,19700.0,19687.35,10433700,5932900,90.35,81.05,670650,358950,0.476452,-0.52502,0.0029481,0.00311322,11.970933,11.333455,2023-08-01
6854,2023-07-31 10:42:00,19750.0,19687.35,6465900,1193900,65.85,106.75,342450,91350,0.331417,-0.677425,0.00273183,0.00285161,11.767759,11.150312,2023-08-01
12111,2023-07-31 10:42:00,19800.0,19687.35,11262000,3303550,46.6,137.65,362500,112950,0.206623,-0.806758,0.00216893,0.00220412,11.663106,11.023951,2023-08-01
17367,2023-07-31 10:42:00,19850.0,19687.35,4003800,506200,31.8,172.8,309550,14900,0.114381,-0.900729,0.00147904,0.00142594,11.585096,10.848471,2023-08-01
22621,2023-07-31 10:42:00,19900.0,19687.35,6398400,553000,20.9,212.05,309250,15500,0.055889,-0.957233,0.00086601,0.0007559,11.528169,10.665181,2023-08-01
27874,2023-07-31 10:42:00,19950.0,19687.35,3379250,112200,13.5,254.1,83900,4450,0.024747,-0.986479,0.00044417,0.00029865,11.561587,10.275595,2023-08-01
25249,2023-07-31 10:43:00,19450.0,19690.6,205800,3564850,275.65,15.0,5150,242400,0.950468,-0.04028,0.00068397,0.00061364,13.264226,12.516896,2023-08-01
19996,2023-07-31 10:43:00,19500.0,19690.6,1369000,7485050,232.15,21.75,33850,326550,0.91214,-0.078518,0.00110046,0.00105709,12.846324,12.289151,2023-08-01
14741,2023-07-31 10:43:00,19550.0,19690.6,644750,4166100,191.1,30.65,44000,374100,0.849845,-0.140848,0.00165739,0.00165046,12.476588,12.001226,2023-08-01
9484,2023-07-31 10:43:00,19600.0,19690.6,6583850,13533650,153.4,43.0,290500,299000,0.75634,-0.236332,0.00227984,0.00231906,12.184743,11.780906,2023-08-01
4224,2023-07-31 10:43:00,19650.0,19690.6,4539800,5492900,119.95,59.4,313300,355650,0.631174,-0.364718,0.00278842,0.00287044,11.988326,11.602603,2023-08-01
1593,2023-07-31 10:43:00,19700.0,19690.6,10433700,5932900,91.0,80.5,567850,421750,0.485833,-0.514694,0.00298595,0.0030793,11.833831,11.474536,2023-08-01
6855,2023-07-31 10:43:00,19750.0,19690.6,6465900,1193900,66.3,106.0,271550,93700,0.338629,-0.665899,0.0027852,0.00285196,11.641514,11.309535,2023-08-01
12112,2023-07-31 10:43:00,19800.0,19690.6,11262000,3303550,47.2,136.4,364850,102650,0.212251,-0.796545,0.00221721,0.00224495,11.592414,11.166527,2023-08-01
17368,2023-07-31 10:43:00,19850.0,19690.6,4003800,506200,32.1,172.4,191050,24450,0.117412,-0.888585,0.00151835,0.0015007,11.498167,11.207211,2023-08-01
22622,2023-07-31 10:43:00,19900.0,19690.6,6398400,553000,21.25,210.85,229500,22200,0.057925,-0.949787,0.00089466,0.00083458,11.479353,10.989608,2023-08-01
27875,2023-07-31 10:43:00,19950.0,19690.6,3379250,112200,13.65,253.2,75750,4450,0.025501,-0.980568,0.00045822,0.00038558,11.493791,10.860541,2023-08-01
25250,2023-07-31 10:44:00,19450.0,19684.9,204950,3473000,271.05,15.4,4750,245850,0.945634,-0.042762,0.00073333,0.000649,13.329446,12.429598,2023-08-01
19997,2023-07-31 10:44:00,19500.0,19684.9,1371650,7520750,228.5,22.35,42400,267700,0.902495,-0.083172,0.00117184,0.00111252,13.037556,12.202852,2023-08-01
14742,2023-07-31 10:44:00,19550.0,19684.9,633750,4092400,187.6,31.5,40450,134900,0.837665,-0.148637,0.00172702,0.00172505,12.612302,11.913139,2023-08-01
9485,2023-07-31 10:44:00,19600.0,19684.9,6557100,13589250,150.25,44.0,301150,308950,0.741287,-0.24756,0.00233294,0.00240359,12.29816,11.66317,2023-08-01
4225,2023-07-31 10:44:00,19650.0,19684.9,4463550,5604350,117.25,61.05,338450,304750,0.614264,-0.380349,0.00280508,0.0029323,12.091174,11.518143,2023-08-01
1594,2023-07-31 10:44:00,19700.0,19684.9,10467250,6121950,88.85,82.15,796400,435300,0.469111,-0.532717,0.00295424,0.0031144,11.939419,11.321265,2023-08-01
6856,2023-07-31 10:44:00,19750.0,19684.9,6532150,1203750,64.55,108.2,345600,90650,0.324137,-0.684443,0.00271752,0.00282653,11.732082,11.153598,2023-08-01
12113,2023-07-31 10:44:00,19800.0,19684.9,11307550,3334300,45.7,139.0,355650,72450,0.200974,-0.813282,0.00213694,0.00216877,11.651906,10.977288,2023-08-01
17369,2023-07-31 10:44:00,19850.0,19684.9,4110150,506800,31.15,174.75,211550,17650,0.110574,-0.904016,0.00144523,0.00139028,11.581015,10.862947,2023-08-01
22623,2023-07-31 10:44:00,19900.0,19684.9,6443850,560200,20.45,214.05,269950,19050,0.053708,-0.959309,0.0008397,0.00072734,11.529202,10.653805,2023-08-01
27876,2023-07-31 10:44:00,19950.0,19684.9,3364550,111650,13.15,257.1,102350,2650,0.023537,-0.985422,0.00042644,0.0003115,11.553721,10.519994,2023-08-01
25251,2023-07-31 10:45:00,19450.0,19691.05,204950,3473000,276.3,14.9,7950,238850,0.950011,-0.03982,0.00068588,0.00060869,13.332062,12.508543,2023-08-01
19998,2023-07-31 10:45:00,19500.0,19691.05,1371650,7520750,233.25,21.6,121700,231650,0.910226,-0.077722,0.00110583,0.00105059,12.997966,12.276763,2023-08-01
14743,2023-07-31 10:45:00,19550.0,19691.05,633750,4092400,191.8,30.4,60600,349050,0.849456,-0.139514,0.00165245,0.00164392,12.542501,11.97802,2023-08-01
9486,2023-07-31 10:45:00,19600.0,19691.05,6557100,13589250,154.2,42.55,295750,410850,0.756091,-0.234313,0.00226774,0.00231843,12.263328,11.734904,2023-08-01
4226,2023-07-31 10:45:00,19650.0,19691.05,4463550,5604350,120.55,58.95,387500,480000,0.631974,-0.362959,0.00277655,0.00287644,12.037724,11.565948,2023-08-01
1595,2023-07-31 10:45:00,19700.0,19691.05,10467250,6121950,91.55,79.7,783450,552800,0.487214,-0.51344,0.00297632,0.00310226,11.880124,11.397189,2023-08-01
6857,2023-07-31 10:45:00,19750.0,19691.05,6532150,1203750,66.7,105.25,359450,126500,0.3402,-0.665645,0.00278408,0.00287118,11.673384,11.243447,2023-08-01
12114,2023-07-31 10:45:00,19800.0,19691.05,11307550,3334300,47.35,135.5,450600,133350,0.213159,-0.797552,0.00222346,0.00225735,11.595121,11.078498,2023-08-01
17370,2023-07-31 10:45:00,19850.0,19691.05,4110150,506800,32.35,170.6,212350,17700,0.11848,-0.893272,0.00152554,0.00148907,11.5239,10.957212,2023-08-01
22624,2023-07-31 10:45:00,19900.0,19691.05,6443850,560200,21.35,209.5,250800,22400,0.058317,-0.952713,0.00089943,0.0008112,11.485522,10.782736,2023-08-01
27877,2023-07-31 10:45:00,19950.0,19691.05,3364550,111650,13.7,251.85,93350,4600,0.025644,-0.982812,0.00046061,0.0003563,11.4944,10.592076,2023-08-01
25252,2023-07-31 10:46:00,19450.0,19685.55,204950,3473000,272.4,15.4,5000,125900,0.94371,-0.042557,0.0007436,0.00064558,13.518863,12.453868,2023-08-01
19999,2023-07-31 10:46:00,19500.0,19685.55,1371650,7520750,229.2,22.35,47250,190900,0.902718,-0.082794,0.00116704,0.0011069,13.076387,12.229505,2023-08-01
14744,2023-07-31 10:46:00,19550.0,19685.55,633750,4092400,188.05,31.5,36600,135850,0.83896,-0.147983,0.00171928,0.00171664,12.609984,11.942724,2023-08-01
9487,2023-07-31 10:46:00,19600.0,19685.55,6557100,13589250,150.85,43.95,289500,330000,0.742444,-0.246361,0.00232358,0.00239337,12.325797,11.688963,2023-08-01
4227,2023-07-31 10:46:00,19650.0,19685.55,4463550,5604350,117.85,60.75,292150,290050,0.615836,-0.378357,0.00279559,0.00293008,12.124266,11.514621,2023-08-01
1596,2023-07-31 10:46:00,19700.0,19685.55,10467250,6121950,88.9,81.95,694650,364950,0.470906,-0.530672,0.00296553,0.00311233,11.904509,11.339621,2023-08-01
6858,2023-07-31 10:46:00,19750.0,19685.55,6532150,1203750,64.5,108.15,263150,85200,0.32521,-0.681977,0.00273237,0.00282521,11.690531,11.201847,2023-08-01
12115,2023-07-31 10:46:00,19800.0,19685.55,11307550,3334300,45.7,138.7,290000,67300,0.201626,-0.811506,0.00214762,0.00217803,11.62282,11.000764,2023-08-01
17371,2023-07-31 10:46:00,19850.0,19685.55,4110150,506800,31.1,174.05,145350,22100,0.110704,-0.903955,0.00145142,0.00139611,11.547649,10.828531,2023-08-01
22625,2023-07-31 10:46:00,19900.0,19685.55,6443850,560200,20.5,213.45,234650,14850,0.05398,-0.959087,0.00084434,0.00073172,11.518215,10.642681,2023-08-01
27878,2023-07-31 10:46:00,19950.0,19685.55,3364550,111650,13.1,255.75,87850,1150,0.023443,-0.987031,0.00042641,0.0002882,11.521868,10.284694,2023-08-01
25253,2023-07-31 10:47:00,19450.0,19682.4,200250,3519900,268.25,15.75,4100,99050,0.945939,-0.04437,0.00073916,0.0006689,13.17874,12.436972,2023-08-01
20000,2023-07-31 10:47:00,19500.0,19682.4,1342100,7532400,225.65,22.95,44800,218750,0.902452,-0.086377,0.00118787,0.00114262,12.878681,12.235251,2023-08-01
14745,2023-07-31 10:47:00,19550.0,19682.4,633050,3986550,184.85,32.4,38950,159300,0.836271,-0.153874,0.00175852,0.00175909,12.467847,11.966755,2023-08-01
9488,2023-07-31 10:47:00,19600.0,19682.4,6503200,13634350,147.65,45.2,288250,392800,0.737795,-0.254612,0.00237705,0.00242845,12.165696,11.728272,2023-08-01
4228,2023-07-31 10:47:00,19650.0,19682.4,4426800,5719050,115.0,62.2,296300,400600,0.608173,-0.387843,0.00284463,0.00294635,11.988657,11.541176,2023-08-01
1597,2023-07-31 10:47:00,19700.0,19682.4,10439300,6206100,86.6,83.85,616100,495800,0.461223,-0.540309,0.00298458,0.00309416,11.809298,11.386734,2023-08-01
6859,2023-07-31 10:47:00,19750.0,19682.4,6614150,1246000,62.75,110.35,255800,149400,0.315684,-0.69012,0.00271411,0.00278323,11.62917,11.25003,2023-08-01
12116,2023-07-31 10:47:00,19800.0,19682.4,11401650,3347600,44.45,141.35,410100,141700,0.194176,-0.816694,0.00210624,0.00212685,11.589908,11.077168,2023-08-01
17372,2023-07-31 10:47:00,19850.0,19682.4,4164950,515700,30.15,176.9,167600,21350,0.105539,-0.906783,0.00140659,0.00135666,11.518023,10.905564,2023-08-01
22626,2023-07-31 10:47:00,19900.0,19682.4,6530150,568250,19.65,216.6,281850,23550,0.050421,-0.959803,0.00080437,0.00071407,11.458114,10.755388,2023-08-01
27879,2023-07-31 10:47:00,19950.0,19682.4,3363300,111100,12.65,259.2,116650,2500,0.02196,-0.98658,0.00040428,0.00029157,11.506747,10.475376,2023-08-01
25254,2023-07-31 10:48:00,19450.0,19681.2,200250,3519900,269.0,15.5,6000,114500,0.939588,-0.043826,0.00078277,0.00066798,13.58623,12.335139,2023-08-01
20001,2023-07-31 10:48:00,19500.0,19681.2,1342100,7532400,227.5,22.65,58600,231450,0.89178,-0.085853,0.00122967,0.00114768,13.420457,12.130252,2023-08-01
14746,2023-07-31 10:48:00,19550.0,19681.2,633050,3986550,186.35,31.9,47400,151850,0.826601,-0.153185,0.00176815,0.00177464,12.870472,11.830829,2023-08-01
9489,2023-07-31 10:48:00,19600.0,19681.2,6503200,13634350,149.15,44.6,253600,355600,0.729306,-0.254823,0.00234938,0.00246149,12.51337,11.579955,2023-08-01
4229,2023-07-31 10:48:00,19650.0,19681.2,4426800,5719050,116.2,61.6,354550,454500,0.602598,-0.389989,0.00279424,0.00299123,12.256502,11.389991,2023-08-01
1598,2023-07-31 10:48:00,19700.0,19681.2,10439300,6206100,87.85,83.3,659000,540700,0.458567,-0.544684,0.00292094,0.0031344,12.062712,11.231236,2023-08-01
6860,2023-07-31 10:48:00,19750.0,19681.2,6614150,1246000,63.85,109.25,294600,149650,0.315699,-0.697645,0.00266385,0.00281761,11.85298,10.99647,2023-08-01
12117,2023-07-31 10:48:00,19800.0,19681.2,11401650,3347600,45.15,140.3,431650,133450,0.194986,-0.82569,0.0020825,0.00211627,11.755881,10.789187,2023-08-01
17373,2023-07-31 10:48:00,19850.0,19681.2,4164950,515700,30.75,176.1,190500,19200,0.10688,-0.914779,0.00140097,0.00130692,11.674176,10.593441,2023-08-01
22627,2023-07-31 10:48:00,19900.0,19681.2,6530150,568250,20.15,215.65,227650,31400,0.051653,-0.966846,0.0008096,0.00063695,11.609086,10.302962,2023-08-01
27880,2023-07-31 10:48:00,19950.0,19681.2,3363300,111100,12.95,259.75,130550,2350,0.022559,-0.988123,0.00040939,0.00026669,11.627818,10.30713,2023-08-01
25255,2023-07-31 10:49:00,19450.0,19692.55,200250,3519900,275.5,14.95,3500,98900,0.957441,-0.039552,0.00062714,0.00060274,12.826936,12.576268,2023-08-01
20002,2023-07-31 10:49:00,19500.0,19692.55,1342100,7532400,233.0,21.45,54750,209550,0.916913,-0.076405,0.00106861,0.00103576,12.707978,12.305334,2023-08-01
14747,2023-07-31 10:49:00,19550.0,19692.55,633050,3986550,191.85,30.4,52950,179550,0.855683,-0.138126,0.00163173,0.00162549,12.360687,12.044716,2023-08-01
9490,2023-07-31 10:49:00,19600.0,19692.55,6503200,13634350,153.75,42.55,288200,373050,0.763682,-0.232033,0.00227239,0.00229366,12.0422,11.810224,2023-08-01
4230,2023-07-31 10:49:00,19650.0,19692.55,4426800,5719050,119.9,58.85,384000,371850,0.638574,-0.359357,0.00281277,0.00285183,11.823544,11.638599,2023-08-01
1599,2023-07-31 10:49:00,19700.0,19692.55,10439300,6206100,91.0,79.75,796150,462450,0.491472,-0.508721,0.00302488,0.00307722,11.705429,11.506192,2023-08-01
6861,2023-07-31 10:49:00,19750.0,19692.55,6614150,1246000,66.35,105.3,338700,143600,0.342483,-0.659761,0.00282591,0.00286066,11.542363,11.373696,2023-08-01
12118,2023-07-31 10:49:00,19800.0,19692.55,11401650,3347600,47.0,135.6,358950,122700,0.213771,-0.790901,0.00225318,0.00226911,11.473757,11.246735,2023-08-01
17374,2023-07-31 10:49:00,19850.0,19692.55,4164950,515700,32.05,170.35,205350,13950,0.118235,-0.888063,0.00153962,0.0015212,11.414186,11.111383,2023-08-01
22628,2023-07-31 10:49:00,19900.0,19692.55,6530150,568250,21.0,209.95,260600,30100,0.057491,-0.946072,0.00089993,0.00087276,11.363478,11.140227,2023-08-01
27881,2023-07-31 10:49:00,19950.0,19692.55,3363300,111100,13.45,251.75,91550,3750,0.02509,-0.979279,0.00045707,0.00040499,11.385562,10.936616,2023-08-01
25256,2023-07-31 10:50:00,19450.0,19690.5,201350,3529650,275.55,14.95,5400,117750,0.950578,-0.039955,0.00068354,0.00061122,13.276188,12.509321,2023-08-01
20003,2023-07-31 10:50:00,19500.0,19690.5,1362450,7631100,232.2,21.8,64800,391900,0.911771,-0.078476,0.00110267,0.00105752,12.886773,12.304275,2023-08-01
14748,2023-07-31 10:50:00,19550.0,19690.5,633000,4064650,191.2,30.5,54400,347900,0.849308,-0.140105,0.00165898,0.00165101,12.519845,11.978615,2023-08-01
9491,2023-07-31 10:50:00,19600.0,19690.5,6537400,13731050,153.15,42.75,272600,426200,0.75679,-0.235493,0.00228517,0.00232627,12.16896,11.745245,2023-08-01
4231,2023-07-31 10:50:00,19650.0,19690.5,4441800,5696400,119.6,59.2,356600,310600,0.631403,-0.364505,0.00280042,0.00288229,11.958838,11.576163,2023-08-01
1600,2023-07-31 10:50:00,19700.0,19690.5,10522700,6280700,90.6,80.0,748050,444000,0.485395,-0.515195,0.0030012,0.00310374,11.797217,11.406844,2023-08-01
6862,2023-07-31 10:50:00,19750.0,19690.5,6592850,1265300,66.05,105.7,379600,108600,0.337743,-0.667164,0.00279246,0.00286443,11.623131,11.266368,2023-08-01
12119,2023-07-31 10:50:00,19800.0,19690.5,11371050,3343100,46.7,136.15,343200,107200,0.210315,-0.798175,0.00222121,0.00224714,11.533026,11.124773,2023-08-01
17375,2023-07-31 10:50:00,19850.0,19690.5,4179950,511150,31.75,171.4,281200,17300,0.115832,-0.892977,0.00151284,0.00148477,11.452955,11.027168,2023-08-01
22629,2023-07-31 10:50:00,19900.0,19690.5,6566700,569550,20.8,210.15,207200,20600,0.056207,-0.952734,0.0008815,0.0008088,11.400915,10.826724,2023-08-01
27882,2023-07-31 10:50:00,19950.0,19690.5,3393800,111800,13.3,252.9,91800,3750,0.024436,-0.981759,0.00044604,0.00036977,11.41613,10.753228,2023-08-01
25257,2023-07-31 10:51:00,19450.0,19689.1,201350,3529650,274.55,15.2,2550,200600,0.949028,-0.041003,0.00069822,0.0006235,13.325722,12.52806,2023-08-01
20004,2023-07-31 10:51:00,19500.0,19689.1,1362450,7631100,230.6,22.0,20400,149550,0.911811,-0.079757,0.00111057,0.00107174,12.795496,12.295264,2023-08-01
14749,2023-07-31 10:51:00,19550.0,19689.1,633000,4064650,189.6,30.85,26650,114550,0.848808,-0.142456,0.00167554,0.0016697,12.42792,11.983232,2023-08-01
9492,2023-07-31 10:51:00,19600.0,19689.1,6537400,13731050,152.1,43.45,119800,213500,0.753847,-0.239491,0.00230312,0.00234026,12.156945,11.787709,2023-08-01
4232,2023-07-31 10:51:00,19650.0,19689.1,4441800,5696400,118.75,59.65,171850,305100,0.627493,-0.368379,0.00281078,0.00289673,11.959907,11.563187,2023-08-01
1601,2023-07-31 10:51:00,19700.0,19689.1,10522700,6280700,90.0,80.8,424350,290250,0.481214,-0.519519,0.00299638,0.00309862,11.815259,11.424405,2023-08-01
6863,2023-07-31 10:51:00,19750.0,19689.1,6592850,1265300,65.35,106.35,205850,94850,0.333604,-0.671531,0.00278329,0.00285585,11.609604,11.244813,2023-08-01
12120,2023-07-31 10:51:00,19800.0,19689.1,11371050,3343100,46.15,137.15,233350,57850,0.20692,-0.801175,0.00220291,0.00222589,11.521998,11.134398,2023-08-01
17376,2023-07-31 10:51:00,19850.0,19689.1,4179950,511150,31.3,171.9,125200,11100,0.113344,-0.897123,0.00149217,0.00145619,11.437687,10.93047,2023-08-01
22630,2023-07-31 10:51:00,19900.0,19689.1,6566700,569550,20.35,211.85,127700,11050,0.05432,-0.95215,0.0008613,0.00080845,11.361947,10.942581,2023-08-01
27883,2023-07-31 10:51:00,19950.0,19689.1,3393800,111800,13.1,254.85,71250,2950,0.023741,-0.980553,0.00043568,0.0003835,11.411574,10.952581,2023-08-01
25258,2023-07-31 10:52:00,19450.0,19691.55,201350,3529650,275.55,14.75,2600,85550,0.954063,-0.039063,0.00065561,0.00060111,13.0613,12.494933,2023-08-01
20005,2023-07-31 10:52:00,19500.0,19691.55,1362450,7631100,233.35,21.45,20850,120500,0.911982,-0.076721,0.00109586,0.00104279,12.950679,12.272067,2023-08-01
14750,2023-07-31 10:52:00,19550.0,19691.55,633000,4064650,192.0,30.15,25400,80350,0.851084,-0.137925,0.00164616,0.00163655,12.524571,11.962441,2023-08-01
9493,2023-07-31 10:52:00,19600.0,19691.55,6537400,13731050,154.0,42.25,128300,230950,0.758887,-0.23246,0.00227136,0.00231587,12.192021,11.719769,2023-08-01
4233,2023-07-31 10:52:00,19650.0,19691.55,4441800,5696400,120.45,58.35,189650,201350,0.634048,-0.360739,0.00278747,0.00288869,11.992181,11.51591,2023-08-01
1602,2023-07-31 10:52:00,19700.0,19691.55,10522700,6280700,91.2,79.2,480200,268400,0.488537,-0.512008,0.0030008,0.00311661,11.808041,11.368813,2023-08-01
6864,2023-07-31 10:52:00,19750.0,19691.55,6592850,1265300,66.45,104.5,212500,71550,0.340532,-0.665385,0.00280361,0.00289264,11.619691,11.185888,2023-08-01
12121,2023-07-31 10:52:00,19800.0,19691.55,11371050,3343100,47.05,134.85,237300,94450,0.21256,-0.797828,0.00223575,0.00226853,11.535582,11.037048,2023-08-01
17377,2023-07-31 10:52:00,19850.0,19691.55,4179950,511150,31.9,170.0,95550,9300,0.116937,-0.893725,0.00152612,0.00149206,11.436083,10.923651,2023-08-01
22631,2023-07-31 10:52:00,19900.0,19691.55,6566700,569550,20.9,209.0,141650,15450,0.056771,-0.952884,0.0008902,0.00081158,11.384768,10.767971,2023-08-01
27884,2023-07-31 10:52:00,19950.0,19691.55,3393800,111800,13.35,252.3,68600,2200,0.024648,-0.980596,0.00045028,0.00038661,11.397006,10.846016,2023-08-01
25259,2023-07-31 10:53:00,19450.0,19691.9,198550,3428450,276.15,14.7,2150,57750,0.953404,-0.03881,0.00065952,0.0005981,13.13677,12.494782,2023-08-01
20006,2023-07-31 10:53:00,19500.0,19691.9,1356700,7607250,233.1,21.4,41400,134150,0.914183,-0.076359,0.0010845,0.00103903,12.8446,12.275639,2023-08-01
14751,2023-07-31 10:53:00,19550.0,19691.9,628850,4132750,191.65,30.2,25200,196150,0.853747,-0.137776,0.0016406,0.00163245,12.419411,11.986942,2023-08-01
9494,2023-07-31 10:53:00,19600.0,19691.9,6491650,13757500,153.55,42.3,136050,173100,0.761615,-0.232071,0.00227746,0.00230934,12.087442,11.745161,2023-08-01
4234,2023-07-31 10:53:00,19650.0,19691.9,4374450,5779950,120.25,58.45,169600,257800,0.635657,-0.360091,0.00279734,0.00287908,11.935493,11.550389,2023-08-01
1603,2023-07-31 10:53:00,19700.0,19691.9,10548050,6396800,91.15,79.35,299750,265600,0.489543,-0.510876,0.00300948,0.0031056,11.77804,11.413177,2023-08-01
6865,2023-07-31 10:53:00,19750.0,19691.9,6664250,1290600,66.25,104.85,153250,48350,0.340845,-0.663344,0.00281672,0.00288037,11.572822,11.263315,2023-08-01
12122,2023-07-31 10:53:00,19800.0,19691.9,11446250,3331850,46.9,135.45,191800,85650,0.212492,-0.79443,0.00224342,0.00226597,11.497181,11.162909,2023-08-01
17378,2023-07-31 10:53:00,19850.0,19691.9,4229000,511750,31.95,170.1,99350,11300,0.117293,-0.891934,0.00153052,0.00150182,11.430889,10.987294,2023-08-01
22632,2023-07-31 10:53:00,19900.0,19691.9,6637550,573700,20.85,209.35,106300,8800,0.056678,-0.950534,0.00089101,0.00083344,11.362793,10.904809,2023-08-01
27885,2023-07-31 10:53:00,19950.0,19691.9,3385250,111500,13.3,251.1,46750,1150,0.024539,-0.982699,0.00044965,0.00035902,11.37377,10.595209,2023-08-01
25260,2023-07-31 10:54:00,19450.0,19691.3,198550,3428450,275.0,14.75,3150,58950,0.954956,-0.03906,0.00064961,0.00060172,12.983176,12.4891,2023-08-01
20007,2023-07-31 10:54:00,19500.0,19691.3,1356700,7607250,232.5,21.6,66600,186750,0.913933,-0.077279,0.00108896,0.00104707,12.823988,12.296761,2023-08-01
14752,2023-07-31 10:54:00,19550.0,19691.3,628850,4132750,191.1,30.35,15850,73650,0.853109,-0.13875,0.00164787,0.00164044,12.404759,11.989845,2023-08-01
9495,2023-07-31 10:54:00,19600.0,19691.3,6491650,13757500,153.15,42.65,95950,168350,0.760235,-0.233906,0.00228466,0.0023149,12.091291,11.772104,2023-08-01
4235,2023-07-31 10:54:00,19650.0,19691.3,4374450,5779950,119.7,58.95,120150,127550,0.634268,-0.362225,0.00280759,0.00287618,11.910923,11.589191,2023-08-01
1604,2023-07-31 10:54:00,19700.0,19691.3,10548050,6396800,90.95,79.95,251200,163450,0.487747,-0.512693,0.00300581,0.00309441,11.794716,11.456595,2023-08-01
6866,2023-07-31 10:54:00,19750.0,19691.3,6664250,1290600,66.0,105.4,139100,60700,0.339135,-0.664715,0.00281167,0.00286927,11.575049,11.292554,2023-08-01
12123,2023-07-31 10:54:00,19800.0,19691.3,11446250,3331850,46.75,135.9,146600,47200,0.21126,-0.795689,0.00223475,0.00225679,11.506292,11.171036,2023-08-01
17379,2023-07-31 10:54:00,19850.0,19691.3,4229000,511750,31.8,170.75,67100,9000,0.116342,-0.892175,0.00152196,0.00149515,11.432688,11.022046,2023-08-01
22633,2023-07-31 10:54:00,19900.0,19691.3,6637550,573700,20.8,210.1,102550,11300,0.056307,-0.950242,0.00088564,0.00083347,11.376448,10.959135,2023-08-01
27886,2023-07-31 10:54:00,19950.0,19691.3,3385250,111500,13.3,252.95,63650,1000,0.024448,-0.979671,0.00044755,0.00039806,11.395048,10.964931,2023-08-01
25261,2023-07-31 10:55:00,19450.0,19691.85,198550,3428450,276.2,14.75,2550,74300,0.953125,-0.03892,0.0006617,0.00059917,13.163927,12.508596,2023-08-01
20008,2023-07-31 10:55:00,19500.0,19691.85,1356700,7607250,232.4,21.45,69150,121350,0.916411,-0.076481,0.00107484,0.00103996,12.714243,12.286722,2023-08-01
14753,2023-07-31 10:55:00,19550.0,19691.85,628850,4132750,191.4,30.3,12250,90300,0.85444,-0.138084,0.00164073,0.00163345,12.386094,12.004916,2023-08-01
9496,2023-07-31 10:55:00,19600.0,19691.85,6491650,13757500,153.25,42.55,77700,201050,0.762296,-0.232794,0.0022823,0.00230711,12.049958,11.783759,2023-08-01
4236,2023-07-31 10:55:00,19650.0,19691.85,4374450,5779950,119.9,58.7,130900,242800,0.636028,-0.360567,0.00280789,0.00287342,11.893542,11.58516,2023-08-01
1605,2023-07-31 10:55:00,19700.0,19691.85,10548050,6396800,90.8,79.6,317850,256700,0.489323,-0.511015,0.00302174,0.00309849,11.736962,11.445965,2023-08-01
6867,2023-07-31 10:55:00,19750.0,19691.85,6664250,1290600,65.95,105.0,123650,66850,0.340129,-0.663335,0.00282481,0.00287733,11.537172,11.281968,2023-08-01
12124,2023-07-31 10:55:00,19800.0,19691.85,11446250,3331850,46.6,135.4,146700,68100,0.211433,-0.79492,0.00224586,0.00226627,11.457886,11.152091,2023-08-01
17380,2023-07-31 10:55:00,19850.0,19691.85,4229000,511750,31.65,171.0,108200,10000,0.116126,-0.889017,0.00152673,0.00151112,11.384986,11.136994,2023-08-01
22634,2023-07-31 10:55:00,19900.0,19691.85,6637550,573700,20.65,209.65,111350,13500,0.055946,-0.949812,0.00088527,0.00083933,11.326474,10.960529,2023-08-01
27887,2023-07-31 10:55:00,19950.0,19691.85,3385250,111500,13.25,251.6,45650,1700,0.024363,-0.981645,0.00044753,0.00037323,11.365154,10.72516,2023-08-01
25262,2023-07-31 10:56:00,19450.0,19689.9,197550,3427700,274.6,14.9,1800,112100,0.951609,-0.039763,0.000678,0.00061116,13.184427,12.483845,2023-08-01
20009,2023-07-31 10:56:00,19500.0,19689.9,1412000,7571600,231.5,21.8,45050,160800,0.911984,-0.078514,0.0011053,0.00106109,12.855933,12.289238,2023-08-01
14754,2023-07-31 10:56:00,19550.0,19689.9,626600,4129050,190.1,30.7,35850,129950,0.850647,-0.141048,0.00166549,0.00165911,12.418973,11.995865,2023-08-01
9497,2023-07-31 10:56:00,19600.0,19689.9,6488750,13816250,152.3,43.1,234600,316000,0.756768,-0.237141,0.00230009,0.00233299,12.112113,11.777388,2023-08-01
4237,2023-07-31 10:56:00,19650.0,19689.9,4331400,5844300,119.2,59.45,247200,286150,0.629849,-0.366149,0.00280821,0.00288967,11.96333,11.584583,2023-08-01
1606,2023-07-31 10:56:00,19700.0,19689.9,10525100,6528050,90.3,80.5,646150,357750,0.483535,-0.517077,0.0030033,0.00309928,11.807778,11.441377,2023-08-01
6868,2023-07-31 10:56:00,19750.0,19689.9,6664050,1308450,65.65,106.1,363900,88700,0.3356,-0.669021,0.00279324,0.0028599,11.611781,11.279202,2023-08-01
12125,2023-07-31 10:56:00,19800.0,19689.9,11411600,3335200,46.4,136.75,385600,100650,0.208415,-0.799231,0.00221451,0.00223711,11.526787,11.159353,2023-08-01
17381,2023-07-31 10:56:00,19850.0,19689.9,4220950,508200,31.4,171.7,163600,12300,0.113976,-0.894755,0.00150155,0.00147251,11.427538,11.004732,2023-08-01
22635,2023-07-31 10:56:00,19900.0,19689.9,6642750,580800,20.55,211.15,181350,15800,0.055029,-0.951835,0.00087001,0.00081425,11.380261,10.937256,2023-08-01
27888,2023-07-31 10:56:00,19950.0,19689.9,3376900,110700,13.2,253.0,118400,4350,0.023987,-0.983189,0.00043985,0.00034948,11.418125,10.630564,2023-08-01
25263,2023-07-31 10:57:00,19450.0,19689.3,197550,3427700,273.0,14.85,1200,54700,0.954543,-0.039707,0.00065814,0.00061222,12.92184,12.452183,2023-08-01
20010,2023-07-31 10:57:00,19500.0,19689.3,1412000,7571600,231.15,21.65,24950,183500,0.910884,-0.078213,0.00111337,0.00106287,12.885443,12.236839,2023-08-01
14755,2023-07-31 10:57:00,19550.0,19689.3,626600,4129050,190.5,30.5,20400,93950,0.846844,-0.140799,0.00167401,0.00166586,12.568171,11.936756,2023-08-01
9498,2023-07-31 10:57:00,19600.0,19689.3,6488750,13816250,152.45,42.9,118050,175050,0.753895,-0.2374,0.00229879,0.00234677,12.199785,11.71906,2023-08-01
4238,2023-07-31 10:57:00,19650.0,19689.3,4331400,5844300,119.05,59.15,142950,184200,0.627873,-0.367047,0.00280655,0.00291171,11.994885,11.509943,2023-08-01
1607,2023-07-31 10:57:00,19700.0,19689.3,10525100,6528050,90.15,80.3,379250,242050,0.48176,-0.519075,0.0029978,0.00311754,11.830967,11.375463,2023-08-01
6869,2023-07-31 10:57:00,19750.0,19689.3,6664050,1308450,65.45,105.95,157300,65950,0.333994,-0.671778,0.00278676,0.00286861,11.620669,11.210857,2023-08-01
12126,2023-07-31 10:57:00,19800.0,19689.3,11411600,3335200,46.25,136.4,197300,55600,0.207196,-0.803062,0.00220587,0.00223458,11.535654,11.046589,2023-08-01
17382,2023-07-31 10:57:00,19850.0,19689.3,4220950,508200,31.4,171.45,110750,9700,0.113559,-0.898252,0.00149457,0.00145345,11.454633,10.882495,2023-08-01
22636,2023-07-31 10:57:00,19900.0,19689.3,6642750,580800,20.4,211.0,129500,12150,0.054343,-0.954469,0.00086225,0.0007886,11.373083,10.79849,2023-08-01
27889,2023-07-31 10:57:00,19950.0,19689.3,3376900,110700,13.1,254.2,83400,2400,0.023642,-0.981805,0.00043486,0.00036742,11.413151,10.821496,2023-08-01
25264,2023-07-31 10:58:00,19450.0,19687.4,197550,3427700,273.2,14.95,1350,90350,0.947661,-0.040399,0.00071248,0.00062292,13.365039,12.415807,2023-08-01
20011,2023-07-31 10:58:00,19500.0,19687.4,1412000,7571600,230.5,21.7,38200,150900,0.905809,-0.079194,0.00114464,0.00107856,13.063608,12.178008,2023-08-01
14756,2023-07-31 10:58:00,19550.0,19687.4,626600,4129050,189.75,30.8,17700,78050,0.841467,-0.143416,0.00169729,0.00169099,12.685966,11.911499,2023-08-01
9499,2023-07-31 10:58:00,19600.0,19687.4,6488750,13816250,152.2,43.15,119050,278750,0.746793,-0.240878,0.00230426,0.00237677,12.360896,11.668019,2023-08-01
4239,2023-07-31 10:58:00,19650.0,19687.4,4331400,5844300,118.65,59.45,186700,249800,0.621537,-0.371908,0.00279784,0.00294131,12.100978,11.447598,2023-08-01
1608,2023-07-31 10:58:00,19700.0,19687.4,10525100,6528050,89.95,80.75,417300,437450,0.47629,-0.525168,0.00296995,0.00313369,11.937918,11.311607,2023-08-01
6870,2023-07-31 10:58:00,19750.0,19687.4,6664050,1308450,65.15,106.25,157150,110100,0.329647,-0.678949,0.00275657,0.00287245,11.691434,11.099151,2023-08-01
12127,2023-07-31 10:58:00,19800.0,19687.4,11411600,3335200,46.0,136.75,252550,64000,0.204146,-0.810438,0.0021764,0.00221224,11.593902,10.905418,2023-08-01
17383,2023-07-31 10:58:00,19850.0,19687.4,4220950,508200,31.2,172.25,122800,13700,0.111652,-0.903416,0.00147097,0.00141446,11.503008,10.768695,2023-08-01
22637,2023-07-31 10:58:00,19900.0,19687.4,6642750,580800,20.3,211.45,212650,23550,0.053463,-0.959645,0.00084767,0.00073255,11.424528,10.548412,2023-08-01
27890,2023-07-31 10:58:00,19950.0,19687.4,3376900,110700,12.95,255.1,83150,1550,0.023029,-0.984397,0.0004246,0.00032925,11.437712,10.593007,2023-08-01
25265,2023-07-31 10:59:00,19450.0,19691.25,197400,3434600,274.8,14.7,350,58400,0.955491,-0.038781,0.00064571,0.00059949,12.955286,12.480614,2023-08-01
20012,2023-07-31 10:59:00,19500.0,19691.25,1411800,7585050,232.75,21.4,22450,146650,0.913032,-0.076414,0.0010932,0.00104288,12.892879,12.258843,2023-08-01
14757,2023-07-31 10:59:00,19550.0,19691.25,625550,4118200,191.2,30.2,21000,94600,0.852715,-0.138047,0.00164883,0.0016403,12.437974,11.966914,2023-08-01
9500,2023-07-31 10:59:00,19600.0,19691.25,6449250,13840300,153.5,42.3,121800,283800,0.759198,-0.232767,0.00228063,0.0023221,12.158954,11.721009,2023-08-01
4240,2023-07-31 10:59:00,19650.0,19691.25,4270300,5864300,119.85,58.55,153950,181350,0.633922,-0.361605,0.00280468,0.00289222,11.944491,11.535033,2023-08-01
1609,2023-07-31 10:59:00,19700.0,19691.25,10503750,6602700,90.9,79.35,390850,345450,0.487543,-0.513017,0.00300902,0.00312067,11.799161,11.376499,2023-08-01
6871,2023-07-31 10:59:00,19750.0,19691.25,6676950,1338700,66.05,105.0,150850,85500,0.338965,-0.665893,0.00281104,0.00288352,11.592326,11.237659,2023-08-01
12128,2023-07-31 10:59:00,19800.0,19691.25,11401900,3350100,46.75,135.2,180300,72150,0.210977,-0.798428,0.00223437,0.0022634,11.515986,11.065128,2023-08-01
17384,2023-07-31 10:59:00,19850.0,19691.25,4267850,515250,31.65,169.95,87200,12600,0.11557,-0.895574,0.00151917,0.00148214,11.416384,10.880409,2023-08-01
22638,2023-07-31 10:59:00,19900.0,19691.25,6668600,583200,20.7,209.5,124150,15000,0.055803,-0.9526,0.00088158,0.00081284,11.364712,10.825285,2023-08-01
27891,2023-07-31 10:59:00,19950.0,19691.25,3397250,110950,13.15,251.55,87200,900,0.023953,-0.983394,0.00044176,0.00034844,11.364421,10.559255,2023-08-01
25266,2023-07-31 11:00:00,19450.0,19694.75,197400,3434600,278.6,14.2,8600,145200,0.955399,-0.036524,0.00063725,0.00057157,13.150654,12.466289,2023-08-01
20013,2023-07-31 11:00:00,19500.0,19694.75,1411800,7585050,235.55,20.5,97450,383900,0.916995,-0.071765,0.00105647,0.00099919,12.884265,12.197106,2023-08-01
14758,2023-07-31 11:00:00,19550.0,19694.75,625550,4118200,194.05,29.1,79300,227800,0.857805,-0.131305,0.00160591,0.00159188,12.472925,11.915718,2023-08-01
9501,2023-07-31 11:00:00,19600.0,19694.75,6449250,13840300,155.9,40.85,376650,569800,0.767188,-0.223503,0.00223918,0.00228163,12.157733,11.660872,2023-08-01
4241,2023-07-31 11:00:00,19650.0,19694.75,4270300,5864300,121.85,56.65,425800,456150,0.643924,-0.350566,0.00278259,0.00288033,11.926891,11.458021,2023-08-01
1610,2023-07-31 11:00:00,19700.0,19694.75,10503750,6602700,92.5,77.25,1081550,699650,0.498057,-0.502125,0.00301819,0.00313839,11.770248,11.31944,2023-08-01
6872,2023-07-31 11:00:00,19750.0,19694.75,6676950,1338700,67.2,102.2,359450,154550,0.348215,-0.657255,0.00285148,0.00294077,11.54556,11.129148,2023-08-01
12129,2023-07-31 11:00:00,19800.0,19694.75,11401900,3350100,47.55,132.4,427800,147400,0.217691,-0.791937,0.00228674,0.00232102,11.460507,10.997015,2023-08-01
17385,2023-07-31 11:00:00,19850.0,19694.75,4267850,515250,32.4,167.65,191900,22200,0.120426,-0.889102,0.00156737,0.00153954,11.393483,10.939782,2023-08-01
22639,2023-07-31 11:00:00,19900.0,19694.75,6668600,583200,21.05,205.75,204600,34200,0.057948,-0.952576,0.00091297,0.0008271,11.305915,10.644274,2023-08-01
27892,2023-07-31 11:00:00,19950.0,19694.75,3397250,110950,13.4,248.75,170350,4600,0.024996,-0.981386,0.00045992,0.00038097,11.314358,10.647132,2023-08-01
25267,2023-07-31 11:01:00,19450.0,19696.15,197400,3434600,280.0,14.05,7850,170800,0.955732,-0.035775,0.00063117,0.00056175,13.200355,12.473668,2023-08-01
20014,2023-07-31 11:01:00,19500.0,19696.15,1411800,7585050,236.1,20.45,39150,320800,0.920488,-0.070993,0.00103268,0.0009878,12.763257,12.238607,2023-08-01
14759,2023-07-31 11:01:00,19550.0,19696.15,625550,4118200,195.0,28.8,44100,204750,0.860472,-0.129109,0.00158819,0.00157319,12.453863,11.920012,2023-08-01
9502,2023-07-31 11:01:00,19600.0,19696.15,6449250,13840300,156.5,40.65,220400,366050,0.771404,-0.220942,0.00222724,0.00226037,12.101463,11.695986,2023-08-01
4242,2023-07-31 11:01:00,19650.0,19696.15,4270300,5864300,122.3,56.45,283450,246300,0.648507,-0.347113,0.00278361,0.00285841,11.870135,11.506655,2023-08-01
1611,2023-07-31 11:01:00,19700.0,19696.15,10503750,6602700,92.8,76.7,564950,411950,0.502273,-0.497738,0.00303378,0.00313453,11.712326,11.335879,2023-08-01
6873,2023-07-31 11:01:00,19750.0,19696.15,6676950,1338700,67.35,101.75,281650,125700,0.3514,-0.652531,0.0028769,0.00294352,11.484128,11.178206,2023-08-01
12130,2023-07-31 11:01:00,19800.0,19696.15,11401900,3350100,47.6,131.65,316400,139800,0.219584,-0.788159,0.00231116,0.00234032,11.398576,11.024694,2023-08-01
17386,2023-07-31 11:01:00,19850.0,19696.15,4267850,515250,32.3,167.25,157600,25950,0.120971,-0.884638,0.0015833,0.00156792,11.317303,11.051055,2023-08-01
22640,2023-07-31 11:01:00,19900.0,19696.15,6668600,583200,21.0,205.3,129050,23200,0.058175,-0.949079,0.00092101,0.00086347,11.244307,10.794403,2023-08-01
27893,2023-07-31 11:01:00,19950.0,19696.15,3397250,110950,13.4,248.3,87800,1600,0.025146,-0.978863,0.0004642,0.00041602,11.269027,10.863362,2023-08-01
25268,2023-07-31 11:02:00,19450.0,19694.7,195350,3370100,277.2,14.25,1800,97750,0.959491,-0.036633,0.00060542,0.00057266,12.813353,12.480359,2023-08-01
20015,2023-07-31 11:02:00,19500.0,19694.7,1375950,7513500,233.35,20.85,24850,224700,0.924336,-0.072937,0.00102077,0.00100604,12.43943,12.272617,2023-08-01
14760,2023-07-31 11:02:00,19550.0,19694.7,610850,4150250,192.55,29.45,26900,178450,0.86278,-0.132508,0.00160108,0.00159441,12.218433,11.978857,2023-08-01
9503,2023-07-31 11:02:00,19600.0,19694.7,6372700,13804950,154.05,41.5,136650,192850,0.772344,-0.225445,0.00226449,0.0022744,11.879174,11.762391,2023-08-01
4243,2023-07-31 11:02:00,19650.0,19694.7,4183750,5819300,120.6,57.45,205800,167050,0.6458,-0.352011,0.0028192,0.00285806,11.75691,11.571302,2023-08-01
1612,2023-07-31 11:02:00,19700.0,19694.7,10399200,6695050,91.2,78.2,369000,285600,0.497819,-0.502245,0.00306441,0.00310501,11.599502,11.447838,2023-08-01
6874,2023-07-31 11:02:00,19750.0,19694.7,6676050,1367400,66.2,103.6,224050,65700,0.346271,-0.654938,0.00288029,0.00290001,11.413182,11.32081,2023-08-01
12131,2023-07-31 11:02:00,19800.0,19694.7,11384450,3368550,46.85,133.85,216200,72950,0.215429,-0.787712,0.002294,0.00230535,11.362065,11.20986,2023-08-01
17387,2023-07-31 11:02:00,19850.0,19694.7,4266750,523400,31.65,168.85,96350,8100,0.117671,-0.885101,0.00155952,0.00155157,11.271932,11.139619,2023-08-01
22641,2023-07-31 11:02:00,19900.0,19694.7,6638600,586600,20.6,207.9,116550,11250,0.056386,-0.945713,0.00090102,0.00088474,11.218874,11.088099,2023-08-01
27894,2023-07-31 11:02:00,19950.0,19694.7,3377650,111800,13.1,249.2,65800,850,0.024165,-0.980439,0.00045024,0.00039343,11.241003,10.760518,2023-08-01
25269,2023-07-31 11:03:00,19450.0,19697.8,195350,3370100,280.35,13.8,4850,71700,0.960002,-0.034662,0.00059379,0.00054811,12.932013,12.463181,2023-08-01
20016,2023-07-31 11:03:00,19500.0,19697.8,1375950,7513500,237.0,20.1,27450,153050,0.923768,-0.069054,0.00100792,0.00096851,12.671734,12.225305,2023-08-01
14761,2023-07-31 11:03:00,19550.0,19697.8,610850,4150250,195.4,28.4,20200,107700,0.866093,-0.126341,0.00156377,0.00155084,12.303815,11.916985,2023-08-01
9504,2023-07-31 11:03:00,19600.0,19697.8,6372700,13804950,156.4,40.05,145950,248950,0.778797,-0.216806,0.00222257,0.00224002,11.908927,11.680494,2023-08-01
4244,2023-07-31 11:03:00,19650.0,19697.8,4183750,5819300,122.7,55.65,147850,157900,0.654191,-0.342043,0.0027884,0.00284982,11.785024,11.483722,2023-08-01
1613,2023-07-31 11:03:00,19700.0,19697.8,10399200,6695050,92.9,76.0,358700,310850,0.507307,-0.492585,0.00306159,0.00313216,11.60998,11.348364,2023-08-01
6875,2023-07-31 11:03:00,19750.0,19697.8,6676050,1367400,67.8,100.95,167800,79100,0.355647,-0.647497,0.00289931,0.00295503,11.450149,11.198753,2023-08-01
12132,2023-07-31 11:03:00,19800.0,19697.8,11384450,3368550,47.9,130.75,176100,87600,0.222535,-0.783793,0.00233754,0.00236303,11.362046,11.054744,2023-08-01
17388,2023-07-31 11:03:00,19850.0,19697.8,4266750,523400,32.4,165.5,109400,15500,0.122358,-0.884024,0.00160424,0.00158706,11.265093,10.964486,2023-08-01
22642,2023-07-31 11:03:00,19900.0,19697.8,6638600,586600,21.1,204.15,80700,17650,0.058947,-0.947033,0.00093434,0.00088775,11.20488,10.83852,2023-08-01
27895,2023-07-31 11:03:00,19950.0,19697.8,3377650,111800,13.4,248.15,59750,850,0.025307,-0.974817,0.00046911,0.00046768,11.216639,11.204595,2023-08-01
25270,2023-07-31 11:04:00,19450.0,19698.05,195350,3370100,279.8,13.9,11650,116500,0.962457,-0.03489,0.00057281,0.00054962,12.734947,12.499516,2023-08-01
20017,2023-07-31 11:04:00,19500.0,19698.05,1375950,7513500,236.9,20.15,30550,337600,0.925082,-0.069096,0.00099986,0.00096756,12.609154,12.24643,2023-08-01
14762,2023-07-31 11:04:00,19550.0,19698.05,610850,4150250,195.05,28.45,41750,155100,0.868397,-0.126292,0.0015577,0.0015482,12.208439,11.93739,2023-08-01
9505,2023-07-31 11:04:00,19600.0,19698.05,6372700,13804950,156.8,40.25,191900,480700,0.778713,-0.217047,0.0022168,0.00223362,11.945838,11.724735,2023-08-01
4245,2023-07-31 11:04:00,19650.0,19698.05,4183750,5819300,122.7,56.0,257500,236250,0.655175,-0.342121,0.00279108,0.00283492,11.764496,11.548335,2023-08-01
1614,2023-07-31 11:04:00,19700.0,19698.05,10399200,6695050,93.15,76.25,599700,521150,0.508058,-0.491833,0.00305771,0.00311885,11.627557,11.399544,2023-08-01
6876,2023-07-31 11:04:00,19750.0,19698.05,6676050,1367400,67.6,101.3,288400,114750,0.35582,-0.645938,0.00291109,0.00294247,11.408969,11.267494,2023-08-01
12133,2023-07-31 11:04:00,19800.0,19698.05,11384450,3368550,47.85,131.3,421100,114450,0.22267,-0.781053,0.00234286,0.00235817,11.343381,11.161427,2023-08-01
17389,2023-07-31 11:04:00,19850.0,19698.05,4266750,523400,32.55,166.1,180050,22150,0.123015,-0.88085,0.0016085,0.00159867,11.280699,11.098044,2023-08-01
22643,2023-07-31 11:04:00,19900.0,19698.05,6638600,586600,21.05,205.0,139550,24800,0.058825,-0.943323,0.0009346,0.00091839,11.186682,11.055941,2023-08-01
27896,2023-07-31 11:04:00,19950.0,19698.05,3377650,111800,13.4,247.9,125650,3800,0.025317,-0.974817,0.00046969,0.00046814,11.209633,11.196618,2023-08-01
25271,2023-07-31 11:05:00,19450.0,19694.75,186600,3376600,277.6,14.25,4350,113850,0.958496,-0.036544,0.00061333,0.00057178,12.910901,12.485717,2023-08-01
20018,2023-07-31 11:05:00,19500.0,19694.75,1364300,7465550,234.25,20.75,24900,102450,0.921516,-0.072457,0.00103498,0.00100315,12.625619,12.256667,2023-08-01
14763,2023-07-31 11:05:00,19550.0,19694.75,599950,4178650,193.0,29.3,33550,114450,0.86153,-0.131806,0.00160213,0.00159283,12.296959,11.957419,2023-08-01
9506,2023-07-31 11:05:00,19600.0,19694.75,6358350,13813400,154.8,41.1,119750,255950,0.770462,-0.224061,0.00225488,0.00227949,11.995606,11.705492,2023-08-01
4246,2023-07-31 11:05:00,19650.0,19694.75,4161650,5874800,120.95,57.1,163300,184750,0.645458,-0.351238,0.00281063,0.0028692,11.807122,11.527353,2023-08-01
1615,2023-07-31 11:05:00,19700.0,19694.75,10362300,6962300,91.65,77.85,402150,356900,0.49797,-0.502134,0.00305068,0.00311905,11.66195,11.406306,2023-08-01
6877,2023-07-31 11:05:00,19750.0,19694.75,6547650,1409850,66.6,103.35,324050,106200,0.346998,-0.655314,0.00287077,0.00290853,11.469953,11.292957,2023-08-01
12134,2023-07-31 11:05:00,19800.0,19694.75,11334150,3406100,47.1,133.35,396750,92050,0.216116,-0.789219,0.00229241,0.00231158,11.40094,11.142871,2023-08-01
17390,2023-07-31 11:05:00,19850.0,19694.75,4303300,534050,31.95,168.25,150600,10500,0.11863,-0.887214,0.00156256,0.00154552,11.324639,11.045956,2023-08-01
22644,2023-07-31 11:05:00,19900.0,19694.75,6624300,599800,20.75,207.0,156750,22450,0.056795,-0.948643,0.0009043,0.00086111,11.251718,10.91122,2023-08-01
27897,2023-07-31 11:05:00,19950.0,19694.75,3363400,112050,13.3,248.55,65150,1700,0.02463,-0.982018,0.0004557,0.0003724,11.295305,10.591865,2023-08-01
25272,2023-07-31 11:06:00,19450.0,19696.65,186600,3376600,278.0,14.3,1600,100350,0.963415,-0.036302,0.00056777,0.0005653,12.587778,12.562832,2023-08-01
20019,2023-07-31 11:06:00,19500.0,19696.65,1364300,7465550,234.4,20.75,22450,114700,0.928342,-0.071656,0.00098914,0.00098913,12.327478,12.327357,2023-08-01
14764,2023-07-31 11:06:00,19550.0,19696.65,599950,4178650,193.25,29.3,12550,70600,0.868793,-0.130298,0.00157167,0.00157015,12.082756,12.036481,2023-08-01
9507,2023-07-31 11:06:00,19600.0,19696.65,6358350,13813400,155.0,41.2,100550,173100,0.778083,-0.221727,0.00224531,0.0022461,11.821103,11.811161,2023-08-01
4247,2023-07-31 11:06:00,19650.0,19696.65,4161650,5874800,121.25,57.25,101400,128000,0.652295,-0.347322,0.00282071,0.00282716,11.684595,11.653235,2023-08-01
1616,2023-07-31 11:06:00,19700.0,19696.65,10362300,6962300,92.15,77.85,253350,229400,0.503766,-0.496228,0.00306874,0.00308605,11.59524,11.530186,2023-08-01
6878,2023-07-31 11:06:00,19750.0,19696.65,6547650,1409850,67.0,103.2,151000,90500,0.351707,-0.648176,0.00289987,0.00289785,11.413176,11.422486,2023-08-01
12135,2023-07-31 11:06:00,19800.0,19696.65,11334150,3406100,47.25,133.15,172650,41250,0.218956,-0.781616,0.00232495,0.00232721,11.328605,11.300616,2023-08-01
17391,2023-07-31 11:06:00,19850.0,19696.65,4303300,534050,32.15,168.15,81250,7450,0.12056,-0.8796,0.0015874,0.00158699,11.277339,11.269696,2023-08-01
22645,2023-07-31 11:06:00,19900.0,19696.65,6624300,599800,20.85,207.1,97950,23400,0.057663,-0.941516,0.00091942,0.00092554,11.20182,11.252121,2023-08-01
27898,2023-07-31 11:06:00,19950.0,19696.65,3363400,112050,13.3,249.2,83050,1200,0.024839,-0.975314,0.00046156,0.00045979,11.233338,11.218291,2023-08-01
25273,2023-07-31 11:07:00,19450.0,19693.95,186600,3376600,274.8,14.45,3000,102250,0.964423,-0.037255,0.00056502,0.00057988,12.368154,12.514582,2023-08-01
20020,2023-07-31 11:07:00,19500.0,19693.95,1364300,7465550,231.55,21.1,24850,158850,0.927801,-0.073932,0.00100581,0.00101542,12.198578,12.304384,2023-08-01
14765,2023-07-31 11:07:00,19550.0,19693.95,599950,4178650,190.9,29.8,24300,95350,0.865485,-0.134123,0.00160572,0.00160515,12.036251,12.016461,2023-08-01
9508,2023-07-31 11:07:00,19600.0,19693.95,6358350,13813400,152.55,41.95,136850,268250,0.773661,-0.227623,0.00228819,0.00228236,11.735361,11.802906,2023-08-01
4248,2023-07-31 11:07:00,19650.0,19693.95,4161650,5874800,119.25,58.15,176200,178350,0.645218,-0.354743,0.00285383,0.00285454,11.638512,11.635165,2023-08-01
1617,2023-07-31 11:07:00,19700.0,19693.95,10362300,6962300,90.05,79.25,450200,291700,0.495413,-0.50456,0.00309441,0.0030827,11.503765,11.547462,2023-08-01
6879,2023-07-31 11:07:00,19750.0,19693.95,6547650,1409850,65.4,104.8,156650,90950,0.343079,-0.655889,0.00288955,0.00287306,11.354315,11.432392,2023-08-01
12136,2023-07-31 11:07:00,19800.0,19693.95,11334150,3406100,46.2,135.2,210900,66350,0.212277,-0.787088,0.00228826,0.00228602,11.310234,11.341082,2023-08-01
17392,2023-07-31 11:07:00,19850.0,19693.95,4303300,534050,31.25,169.7,105350,8950,0.115548,-0.885514,0.00154574,0.0015426,11.243423,11.192546,2023-08-01
22646,2023-07-31 11:07:00,19900.0,19693.95,6624300,599800,20.35,209.4,147650,11300,0.05518,-0.943692,0.00088839,0.00089705,11.202591,11.273188,2023-08-01
27899,2023-07-31 11:07:00,19950.0,19693.95,3363400,112050,12.9,251.35,72050,750,0.023457,-0.97709,0.00044059,0.00043409,11.220349,11.164518,2023-08-01
25274,2023-07-31 11:08:00,19450.0,19692.6,185650,3383550,274.6,14.35,650,58850,0.960667,-0.037192,0.00060089,0.00058253,12.62788,12.444845,2023-08-01
20021,2023-07-31 11:08:00,19500.0,19692.6,1346900,7492900,231.95,20.9,27950,115700,0.921178,-0.073755,0.00104812,0.00102148,12.520449,12.213432,2023-08-01
14766,2023-07-31 11:08:00,19550.0,19692.6,606850,4181900,190.9,29.55,16050,114350,0.859719,-0.134262,0.0016279,0.00162025,12.221859,11.917229,2023-08-01
9509,2023-07-31 11:08:00,19600.0,19692.6,6343050,13804000,152.6,41.65,116700,207350,0.767691,-0.228587,0.00229223,0.00231001,11.89123,11.693635,2023-08-01
4249,2023-07-31 11:08:00,19650.0,19692.6,4146900,5898200,119.0,58.0,133900,158200,0.640442,-0.357486,0.00284781,0.00288675,11.722149,11.540797,2023-08-01
1618,2023-07-31 11:08:00,19700.0,19692.6,10411300,7046550,90.0,78.7,303850,303700,0.491314,-0.508894,0.00307075,0.00312718,11.594626,11.385261,2023-08-01
6880,2023-07-31 11:08:00,19750.0,19692.6,6548400,1409250,65.45,104.25,177450,70100,0.340326,-0.662297,0.00285951,0.0028999,11.442691,11.249828,2023-08-01
12137,2023-07-31 11:08:00,19800.0,19692.6,11367100,3426950,46.05,134.7,198800,76900,0.210092,-0.794584,0.0022659,0.00228091,11.356944,11.13318,2023-08-01
17393,2023-07-31 11:08:00,19850.0,19692.6,4332250,534500,31.15,169.7,110900,14500,0.114283,-0.891264,0.00152847,0.00151061,11.285871,11.019873,2023-08-01
22647,2023-07-31 11:08:00,19900.0,19692.6,6666050,602000,20.15,209.5,90850,12500,0.054105,-0.948214,0.00087417,0.00085557,11.213261,11.065823,2023-08-01
27900,2023-07-31 11:08:00,19950.0,19692.6,3397550,111650,12.85,252.4,43100,1900,0.023154,-0.978036,0.00043469,0.00042039,11.253229,11.129601,2023-08-01
25275,2023-07-31 11:09:00,19450.0,19692.8,185650,3383550,276.2,14.3,2000,62000,0.956477,-0.036973,0.00063414,0.00058014,12.99251,12.439509,2023-08-01
20022,2023-07-31 11:09:00,19500.0,19692.8,1346900,7492900,232.45,20.9,12500,113150,0.920261,-0.073635,0.0010516,0.00101979,12.592291,12.221974,2023-08-01
14767,2023-07-31 11:09:00,19550.0,19692.8,606850,4181900,191.2,29.5,18850,66350,0.859568,-0.133881,0.00162585,0.00161749,12.24968,11.917673,2023-08-01
9510,2023-07-31 11:09:00,19600.0,19692.8,6343050,13804000,153.15,41.75,103350,210200,0.766995,-0.228563,0.00228412,0.00230538,11.956698,11.719748,2023-08-01
4250,2023-07-31 11:09:00,19650.0,19692.8,4146900,5898200,119.5,57.9,106000,143800,0.640422,-0.356851,0.00283532,0.00288631,11.777352,11.538631,2023-08-01
1619,2023-07-31 11:09:00,19700.0,19692.8,10411300,7046550,90.55,78.8,244550,231250,0.491975,-0.508252,0.00305528,0.00312057,11.65703,11.412991,2023-08-01
6881,2023-07-31 11:09:00,19750.0,19692.8,6548400,1409250,65.7,104.25,114900,61050,0.34117,-0.661537,0.00285696,0.00289889,11.466997,11.266704,2023-08-01
12138,2023-07-31 11:09:00,19800.0,19692.8,11367100,3426950,46.35,134.45,142350,66650,0.211215,-0.794554,0.00226642,0.00228516,11.393109,11.116575,2023-08-01
17394,2023-07-31 11:09:00,19850.0,19692.8,4332250,534500,31.35,169.7,66700,9150,0.115073,-0.890475,0.00153277,0.00151525,11.312708,11.046489,2023-08-01
22648,2023-07-31 11:09:00,19900.0,19692.8,6666050,602000,20.25,208.8,139700,21050,0.054456,-0.949842,0.00087776,0.00084283,11.227794,10.95403,2023-08-01
27901,2023-07-31 11:09:00,19950.0,19692.8,3397550,111650,12.85,251.35,41400,1350,0.023157,-0.98019,0.00043506,0.0003937,11.247966,10.892843,2023-08-01
25276,2023-07-31 11:10:00,19450.0,19692.75,185650,3383550,276.1,14.3,2600,66300,0.956635,-0.036956,0.00063306,0.00058012,12.980531,12.43909,2023-08-01
20023,2023-07-31 11:10:00,19500.0,19692.75,1346900,7492900,233.0,20.85,20150,86150,0.918221,-0.073443,0.0010617,0.001019,12.716475,12.21068,2023-08-01
14768,2023-07-31 11:10:00,19550.0,19692.75,606850,4181900,191.95,29.55,19050,70500,0.856825,-0.134057,0.00162909,0.00161833,12.390202,11.925706,2023-08-01
9511,2023-07-31 11:10:00,19600.0,19692.75,6343050,13804000,153.8,41.7,87600,146850,0.764963,-0.228446,0.00227531,0.00230718,12.064428,11.710699,2023-08-01
4251,2023-07-31 11:10:00,19650.0,19692.75,4146900,5898200,120.1,57.8,155250,155150,0.6393,-0.356777,0.00281742,0.00289094,11.868413,11.522721,2023-08-01
1620,2023-07-31 11:10:00,19700.0,19692.75,10411300,7046550,90.95,78.5,265200,288900,0.491867,-0.508461,0.0030406,0.00313333,11.716737,11.369756,2023-08-01
6882,2023-07-31 11:10:00,19750.0,19692.75,6548400,1409250,66.15,103.85,130300,80750,0.341861,-0.662544,0.00284343,0.00291155,11.533836,11.208126,2023-08-01
12139,2023-07-31 11:10:00,19800.0,19692.75,11367100,3426950,46.55,134.0,161450,70050,0.21172,-0.79627,0.00226356,0.00228922,11.426866,11.044933,2023-08-01
17395,2023-07-31 11:10:00,19850.0,19692.75,4332250,534500,31.6,168.9,94250,13250,0.115876,-0.893645,0.00153457,0.00150355,11.358749,10.902675,2023-08-01
22649,2023-07-31 11:10:00,19900.0,19692.75,6666050,602000,20.45,207.95,73400,18000,0.055061,-0.952855,0.00088223,0.00081643,11.272236,10.765225,2023-08-01
27902,2023-07-31 11:10:00,19950.0,19692.75,3397550,111650,13.0,250.45,71350,350,0.023516,-0.982574,0.0004392,0.00036187,11.290389,10.628529,2023-08-01
25277,2023-07-31 11:11:00,19450.0,19694.35,184400,3390550,277.8,14.1,2600,45250,0.956709,-0.036009,0.00062838,0.000568,13.061924,12.440133,2023-08-01
20024,2023-07-31 11:11:00,19500.0,19694.35,1335900,7522400,234.0,20.55,6900,145050,0.920985,-0.0717,0.0010398,0.00100099,12.654058,12.206348,2023-08-01
14769,2023-07-31 11:11:00,19550.0,19694.35,604400,4182250,193.2,29.05,10500,95750,0.859343,-0.130965,0.00160905,0.00159591,12.397405,11.902901,2023-08-01
9512,2023-07-31 11:11:00,19600.0,19694.35,6297350,13883550,154.85,41.1,90350,206400,0.768786,-0.224377,0.00225658,0.00228777,12.05689,11.693339,2023-08-01
4252,2023-07-31 11:11:00,19650.0,19694.35,4121500,5950500,121.15,57.05,114950,116950,0.643697,-0.351912,0.00280325,0.00288197,11.88014,11.504695,2023-08-01
1621,2023-07-31 11:11:00,19700.0,19694.35,10407200,7073200,91.9,77.5,260450,230950,0.496732,-0.503474,0.00303731,0.00314323,11.733961,11.338501,2023-08-01
6883,2023-07-31 11:11:00,19750.0,19694.35,6503200,1427400,66.7,102.55,105500,53500,0.346148,-0.658633,0.00286168,0.00293874,11.516481,11.156018,2023-08-01
12140,2023-07-31 11:11:00,19800.0,19694.35,11338950,3446950,47.15,132.55,131100,54650,0.215494,-0.793865,0.00228541,0.00231755,11.437134,10.988631,2023-08-01
17396,2023-07-31 11:11:00,19850.0,19694.35,4344850,542850,31.85,167.8,63800,8300,0.117751,-0.890889,0.00155593,0.00152918,11.333433,10.921654,2023-08-01
22650,2023-07-31 11:11:00,19900.0,19694.35,6662350,607700,20.6,206.55,63250,14900,0.055984,-0.951826,0.0008963,0.00083203,11.244317,10.749718,2023-08-01
27903,2023-07-31 11:11:00,19950.0,19694.35,3421050,111650,13.1,250.0,54950,200,0.023939,-0.979588,0.00044694,0.00040386,11.26479,10.897749,2023-08-01
25278,2023-07-31 11:12:00,19450.0,19693.8,184400,3390550,277.4,14.1,400,54500,0.956153,-0.036089,0.00063407,0.00056999,13.082953,12.423245,2023-08-01
20025,2023-07-31 11:12:00,19500.0,19693.8,1335900,7522400,234.65,20.55,11450,144550,0.916719,-0.071886,0.001063,0.00100486,12.883095,12.187419,2023-08-01
14770,2023-07-31 11:12:00,19550.0,19693.8,604400,4182250,193.45,29.1,19050,67800,0.856228,-0.131531,0.00161801,0.00160286,12.516839,11.890466,2023-08-01
9513,2023-07-31 11:12:00,19600.0,19693.8,6297350,13883550,155.0,41.1,80900,189950,0.766067,-0.225102,0.00225628,0.00229755,12.141043,11.668622,2023-08-01
4253,2023-07-31 11:12:00,19650.0,19693.8,4121500,5950500,121.25,56.95,77050,77600,0.641475,-0.352947,0.00279528,0.00289684,11.943805,11.461429,2023-08-01
1622,2023-07-31 11:12:00,19700.0,19693.8,10407200,7073200,91.65,77.45,296300,219950,0.495056,-0.505241,0.00303643,0.00315568,11.740646,11.296868,2023-08-01
6884,2023-07-31 11:12:00,19750.0,19693.8,6503200,1427400,66.75,102.75,123050,39800,0.345058,-0.660508,0.00284906,0.00293747,11.557629,11.140977,2023-08-01
12141,2023-07-31 11:12:00,19800.0,19693.8,11338950,3446950,47.0,132.9,139250,47700,0.214304,-0.79525,0.00227745,0.0023094,11.443982,10.986888,2023-08-01
17397,2023-07-31 11:12:00,19850.0,19693.8,4344850,542850,31.9,167.45,62800,4950,0.117521,-0.894584,0.00154969,0.00151031,11.367083,10.790276,2023-08-01
22651,2023-07-31 11:12:00,19900.0,19693.8,6662350,607700,20.6,206.2,72550,7800,0.055789,-0.954984,0.00089238,0.0008011,11.266362,10.577107,2023-08-01
27904,2023-07-31 11:12:00,19950.0,19693.8,3421050,111500,13.0,248.95,91800,500,0.023596,-0.983632,0.00044195,0.00034852,11.25828,10.465887,2023-08-01
25279,2023-07-31 11:13:00,19450.0,19696.05,184400,3390550,280.0,13.8,3200,54550,0.955631,-0.03473,0.00063226,0.00055264,13.248572,12.418213,2023-08-01
20026,2023-07-31 11:13:00,19500.0,19696.05,1335900,7522400,236.5,20.05,13900,166900,0.919075,-0.0692,0.00104011,0.00097802,12.88734,12.162824,2023-08-01
14771,2023-07-31 11:13:00,19550.0,19696.05,604400,4182250,194.6,28.4,23350,70550,0.861779,-0.12723,0.00158808,0.00157104,12.418928,11.857168,2023-08-01
9514,2023-07-31 11:13:00,19600.0,19696.05,6297350,13883550,156.1,40.4,82050,203650,0.77247,-0.219839,0.00223492,0.00226783,12.070681,11.665213,2023-08-01
4254,2023-07-31 11:13:00,19650.0,19696.05,4121500,5950500,122.1,56.05,116250,152050,0.64864,-0.346356,0.00279313,0.0028787,11.86988,11.456684,2023-08-01
1623,2023-07-31 11:13:00,19700.0,19696.05,10407200,7073200,92.6,76.4,283400,227400,0.501878,-0.498148,0.00304493,0.00315552,11.710741,11.300331,2023-08-01
6885,2023-07-31 11:13:00,19750.0,19696.05,6503200,1427400,67.5,101.35,142650,69150,0.351078,-0.654125,0.00287498,0.00296273,11.528588,11.126022,2023-08-01
12142,2023-07-31 11:13:00,19800.0,19696.05,11338950,3446950,47.55,131.3,168450,47700,0.218773,-0.790395,0.00231139,0.00234511,11.413432,10.972566,2023-08-01
17398,2023-07-31 11:13:00,19850.0,19696.05,4344850,542850,32.25,165.65,81100,7900,0.120198,-0.891585,0.00157997,0.00154392,11.330006,10.77317,2023-08-01
22652,2023-07-31 11:13:00,19900.0,19696.05,6662350,607700,20.9,204.25,64950,18850,0.05741,-0.953467,0.00091471,0.0008242,11.244194,10.560147,2023-08-01
27905,2023-07-31 11:13:00,19950.0,19696.05,3421050,111500,13.1,246.85,68200,4600,0.024098,-0.9831,0.00045181,0.00035921,11.210967,10.437716,2023-08-01
25280,2023-07-31 11:14:00,19450.0,19693.5,182050,3365700,276.6,14.35,1400,84750,0.957627,-0.036854,0.00062341,0.00057747,12.951997,12.482026,2023-08-01
20027,2023-07-31 11:14:00,19500.0,19693.5,1332300,7564650,233.25,20.75,21450,115650,0.920353,-0.072636,0.00104746,0.00101066,12.649191,12.221645,2023-08-01
14772,2023-07-31 11:14:00,19550.0,19693.5,595150,4190900,192.05,29.45,20250,62500,0.859773,-0.132933,0.00161801,0.00160845,12.314552,11.943295,2023-08-01
9515,2023-07-31 11:14:00,19600.0,19693.5,6265650,13997600,154.25,41.5,107250,161700,0.766976,-0.226641,0.00226782,0.00229785,12.060499,11.71924,2023-08-01
4255,2023-07-31 11:14:00,19650.0,19693.5,4083400,5987550,120.25,57.75,126300,133700,0.641959,-0.354931,0.00282229,0.00287938,11.831101,11.560999,2023-08-01
1624,2023-07-31 11:14:00,19700.0,19693.5,10361650,7141500,91.15,78.2,305950,218050,0.494093,-0.506143,0.00304954,0.00313393,11.696833,11.381758,2023-08-01
6886,2023-07-31 11:14:00,19750.0,19693.5,6498300,1415600,66.0,103.3,134800,68150,0.343014,-0.660744,0.00286505,0.00292422,11.474459,11.195258,2023-08-01
12143,2023-07-31 11:14:00,19800.0,19693.5,11352500,3448650,46.5,133.65,148650,57600,0.212319,-0.794295,0.00227774,0.00229961,11.387499,11.070904,2023-08-01
17399,2023-07-31 11:14:00,19850.0,19693.5,4359950,545000,31.5,168.8,118800,7600,0.115833,-0.891046,0.00154186,0.00152009,11.315022,10.985809,2023-08-01
22653,2023-07-31 11:14:00,19900.0,19693.5,6658300,617250,20.3,207.5,72400,19350,0.054656,-0.951848,0.00088228,0.00082835,11.218714,10.803777,2023-08-01
27906,2023-07-31 11:14:00,19950.0,19693.5,3448450,117750,12.8,250.0,120650,6950,0.023007,-0.981875,0.00043445,0.00037248,11.218385,10.690395,2023-08-01
25281,2023-07-31 11:15:00,19450.0,19690.15,182050,3365700,272.2,14.6,3400,131650,0.960114,-0.038266,0.00061168,0.00059787,12.574369,12.437759,2023-08-01
20028,2023-07-31 11:15:00,19500.0,19690.15,1332300,7564650,231.15,21.2,38700,263850,0.914631,-0.075583,0.00109266,0.00104459,12.782091,12.19515,2023-08-01
14773,2023-07-31 11:15:00,19550.0,19690.15,595150,4190900,190.0,30.0,30700,160000,0.852619,-0.137546,0.001662,0.0016527,12.403675,11.904105,2023-08-01
9516,2023-07-31 11:15:00,19600.0,19690.15,6265650,13997600,151.95,42.25,183750,474650,0.759298,-0.233589,0.00230893,0.00234621,12.064431,11.67865,2023-08-01
4256,2023-07-31 11:15:00,19650.0,19690.15,4083400,5987550,118.7,58.75,213200,325600,0.631745,-0.364131,0.00283364,0.00291684,11.902098,11.519317,2023-08-01
1625,2023-07-31 11:15:00,19700.0,19690.15,10361650,7141500,89.55,79.7,573450,589850,0.483899,-0.516676,0.0030435,0.00313691,11.717225,11.367648,2023-08-01
6887,2023-07-31 11:15:00,19750.0,19690.15,6498300,1415600,65.1,105.05,266200,135950,0.334437,-0.670896,0.00282029,0.00289716,11.548833,11.17077,2023-08-01
12144,2023-07-31 11:15:00,19800.0,19690.15,11352500,3448650,45.85,135.9,367950,152550,0.206177,-0.801957,0.00222571,0.00224868,11.45936,11.072382,2023-08-01
17400,2023-07-31 11:15:00,19850.0,19690.15,4359950,545000,31.0,171.1,282500,24000,0.111908,-0.896942,0.00149719,0.00146611,11.375119,10.946522,2023-08-01
22654,2023-07-31 11:15:00,19900.0,19690.15,6658300,617250,19.95,210.1,188500,25850,0.052544,-0.955181,0.00085148,0.00078513,11.27274,10.765592,2023-08-01
27907,2023-07-31 11:15:00,19950.0,19690.15,3448450,117750,12.5,252.5,419000,7600,0.021859,-0.984243,0.0004151,0.00033492,11.250538,10.552961,2023-08-01
25282,2023-07-31 11:16:00,19450.0,19689.15,182050,3365700,273.55,14.75,650,118800,0.952722,-0.038908,0.0006722,0.0006059,13.129978,12.444715,2023-08-01
20029,2023-07-31 11:16:00,19500.0,19689.15,1332300,7564650,230.4,21.4,15950,231300,0.913346,-0.076682,0.00110404,0.00105594,12.796933,12.201509,2023-08-01
14774,2023-07-31 11:16:00,19550.0,19689.15,595150,4190900,189.4,30.25,17400,113000,0.850456,-0.139218,0.00167493,0.0016664,12.432727,11.908034,2023-08-01
9517,2023-07-31 11:16:00,19600.0,19689.15,6265650,13997600,151.45,42.75,111400,249400,0.756496,-0.236463,0.00231841,0.00235669,12.094909,11.709599,2023-08-01
4257,2023-07-31 11:16:00,19650.0,19689.15,4083400,5987550,118.1,59.1,103900,179550,0.628914,-0.366968,0.00284116,0.00292668,11.904376,11.514409,2023-08-01
1626,2023-07-31 11:16:00,19700.0,19689.15,10361650,7141500,88.95,80.4,318800,348650,0.480823,-0.519767,0.00304614,0.00312853,11.707127,11.398012,2023-08-01
6888,2023-07-31 11:16:00,19750.0,19689.15,6498300,1415600,64.4,105.9,258100,99850,0.331047,-0.673279,0.00281901,0.00287975,11.511544,11.209165,2023-08-01
12145,2023-07-31 11:16:00,19800.0,19689.15,11352500,3448650,45.25,136.45,129450,67800,0.203079,-0.804662,0.00221403,0.00223442,11.420434,11.054409,2023-08-01
17401,2023-07-31 11:16:00,19850.0,19689.15,4359950,545000,30.6,171.5,82350,19100,0.109846,-0.899765,0.00148107,0.00144549,11.35059,10.884203,2023-08-01
22655,2023-07-31 11:16:00,19900.0,19689.15,6658300,617250,19.75,211.0,83000,17450,0.051596,-0.955786,0.00083977,0.00077577,11.269539,10.780677,2023-08-01
27908,2023-07-31 11:16:00,19950.0,19689.15,3448450,117750,12.4,252.0,113750,150,0.021484,-0.987794,0.00040894,0.0002801,11.257907,10.127658,2023-08-01
25283,2023-07-31 11:17:00,19450.0,19688.75,180350,3406700,275.0,14.65,550,66200,0.947051,-0.038655,0.00071265,0.00060473,13.559793,12.406647,2023-08-01
20030,2023-07-31 11:17:00,19500.0,19688.75,1335450,7622200,230.05,21.3,21150,166400,0.913015,-0.076465,0.00110781,0.00105701,12.793875,12.16684,2023-08-01
14775,2023-07-31 11:17:00,19550.0,19688.75,593300,4217350,189.2,30.1,20900,72050,0.849475,-0.138973,0.00168014,0.00167083,12.45226,11.865942,2023-08-01
9518,2023-07-31 11:17:00,19600.0,19688.75,6241300,14215450,151.55,42.55,67650,215050,0.754578,-0.236431,0.00231764,0.00236714,12.154008,11.660678,2023-08-01
4258,2023-07-31 11:17:00,19650.0,19688.75,4064250,6087900,118.25,59.0,122050,151650,0.627231,-0.367726,0.00283265,0.00293863,11.961258,11.479031,2023-08-01
1627,2023-07-31 11:17:00,19700.0,19688.75,10317400,7359900,89.1,80.15,209150,273600,0.479689,-0.521157,0.0030337,0.00314543,11.7572,11.338302,2023-08-01
6889,2023-07-31 11:17:00,19750.0,19688.75,6560150,1458700,64.5,105.6,101300,55050,0.33041,-0.675574,0.00280826,0.00289131,11.550357,11.135737,2023-08-01
12146,2023-07-31 11:17:00,19800.0,19688.75,11339300,3487000,45.35,135.95,134450,44600,0.20287,-0.808154,0.00220636,0.00223412,11.456747,10.938392,2023-08-01
17402,2023-07-31 11:17:00,19850.0,19688.75,4465500,552350,30.6,171.5,73950,12550,0.109559,-0.901512,0.00147636,0.00143446,11.369055,10.831216,2023-08-01
22656,2023-07-31 11:17:00,19900.0,19688.75,6686750,629000,19.65,210.3,118200,14100,0.051136,-0.959468,0.00083442,0.0007389,11.264798,10.553114,2023-08-01
27909,2023-07-31 11:17:00,19950.0,19688.75,3676250,121650,12.4,251.75,44650,1100,0.021423,-0.989267,0.00040756,0.00025556,11.272387,9.930587,2023-08-01
25284,2023-07-31 11:18:00,19450.0,19688.95,180350,3406700,275.0,14.6,3500,75850,0.947725,-0.038432,0.00070761,0.0006023,13.522037,12.401529,2023-08-01
20031,2023-07-31 11:18:00,19500.0,19688.95,1335450,7622200,231.5,21.1,27000,135550,0.908951,-0.075633,0.00112356,0.00105144,13.054319,12.133246,2023-08-01
14776,2023-07-31 11:18:00,19550.0,19688.95,593300,4217350,190.45,29.95,21450,101850,0.846212,-0.138228,0.00167889,0.00166761,12.643832,11.848791,2023-08-01
9519,2023-07-31 11:18:00,19600.0,19688.95,6241300,14215450,152.25,42.3,180750,279050,0.753553,-0.235369,0.0023068,0.00236765,12.24197,11.6326,2023-08-01
4259,2023-07-31 11:18:00,19650.0,19688.95,4064250,6087900,119.05,58.55,137900,216600,0.626848,-0.366543,0.00281146,0.00294958,12.058817,11.427471,2023-08-01
1628,2023-07-31 11:18:00,19700.0,19688.95,10317400,7359900,90.2,79.4,314500,434850,0.480541,-0.520723,0.00299974,0.00317117,11.894964,11.25014,2023-08-01
6890,2023-07-31 11:18:00,19750.0,19688.95,6560150,1458700,65.35,104.95,153150,134900,0.332412,-0.676152,0.0027897,0.00290923,11.658515,11.062216,2023-08-01
12147,2023-07-31 11:18:00,19800.0,19688.95,11339300,3487000,45.9,135.6,216000,70700,0.204761,-0.808479,0.00220495,0.00223894,11.530909,10.906635,2023-08-01
17403,2023-07-31 11:18:00,19850.0,19688.95,4465500,552350,31.15,170.6,121300,13450,0.11156,-0.904033,0.00148466,0.00142512,11.456434,10.699708,2023-08-01
22657,2023-07-31 11:18:00,19900.0,19688.95,6686750,629000,20.05,209.7,146800,21800,0.05244,-0.960754,0.00084572,0.00072663,11.342407,10.456818,2023-08-01
27910,2023-07-31 11:18:00,19950.0,19688.95,3676250,121650,12.6,251.8,70850,3100,0.021923,-0.988732,0.00041394,0.00026465,11.320841,10.0059,2023-08-01
25285,2023-07-31 11:19:00,19450.0,19689.15,180350,3406700,277.4,14.3,2300,95100,0.941258,-0.037437,0.00074752,0.0005931,14.039001,12.330938,2023-08-01
20032,2023-07-31 11:19:00,19500.0,19689.15,1335450,7622200,233.7,20.7,25400,130700,0.902547,-0.074089,0.00114621,0.00104187,13.458237,12.057027,2023-08-01
14777,2023-07-31 11:19:00,19550.0,19689.15,593300,4217350,192.15,29.35,20050,106750,0.841587,-0.135861,0.00167702,0.00166217,12.911211,11.751424,2023-08-01
9520,2023-07-31 11:19:00,19600.0,19689.15,6241300,14215450,154.15,41.45,120900,244600,0.749405,-0.232524,0.00227763,0.00237721,12.513055,11.511313,2023-08-01
4260,2023-07-31 11:19:00,19650.0,19689.15,4064250,6087900,120.35,57.45,141050,202800,0.625782,-0.364312,0.00277611,0.00298193,12.226935,11.283667,2023-08-01
1629,2023-07-31 11:19:00,19700.0,19689.15,10317400,7359900,91.15,78.0,304500,320150,0.481338,-0.520465,0.00297158,0.00322288,12.012263,11.073151,2023-08-01
6891,2023-07-31 11:19:00,19750.0,19689.15,6560150,1458700,66.25,103.3,167100,95050,0.334475,-0.678882,0.00276999,0.00295685,11.773563,10.849041,2023-08-01
12148,2023-07-31 11:19:00,19800.0,19689.15,11339300,3487000,46.75,133.5,180750,103900,0.207545,-0.81477,0.00220061,0.00225562,11.64989,10.608233,2023-08-01
17404,2023-07-31 11:19:00,19850.0,19689.15,4465500,552350,31.7,168.65,84750,19600,0.113548,-0.910536,0.00149261,0.00139524,11.543413,10.379107,2023-08-01
22658,2023-07-31 11:19:00,19900.0,19689.15,6686750,629000,20.4,207.4,116200,29850,0.053584,-0.967492,0.00085553,0.00065352,11.409091,9.966308,2023-08-01
27911,2023-07-31 11:19:00,19950.0,19689.15,3676250,121650,12.9,249.95,81050,700,0.022677,-0.992189,0.00042324,0.00020369,11.395455,9.438051,2023-08-01
25286,2023-07-31 11:20:00,19450.0,19693.35,178650,3408200,280.45,13.65,2800,95550,0.945811,-0.0346,0.00070721,0.00055757,13.926021,12.297864,2023-08-01
20033,2023-07-31 11:20:00,19500.0,19693.35,1351050,7672900,236.5,19.9,32600,222050,0.909152,-0.069483,0.00109757,0.00099327,13.346461,12.040314,2023-08-01
14778,2023-07-31 11:20:00,19550.0,19693.35,601250,4240900,195.1,28.15,39450,119600,0.849209,-0.128091,0.00162754,0.00160186,12.878182,11.709481,2023-08-01
9521,2023-07-31 11:20:00,19600.0,19693.35,6233350,14242050,156.25,40.0,164300,376200,0.760974,-0.222059,0.00224156,0.00232206,12.396002,11.483784,2023-08-01
4261,2023-07-31 11:20:00,19650.0,19693.35,4070200,6150550,122.5,55.6,193900,255700,0.637983,-0.351447,0.00275834,0.00295311,12.173249,11.252637,2023-08-01
1630,2023-07-31 11:20:00,19700.0,19693.35,10235100,7438300,92.85,75.9,390200,372700,0.493767,-0.50694,0.00299042,0.00322972,11.949186,11.0635,2023-08-01
6892,2023-07-31 11:20:00,19750.0,19693.35,6513350,1460250,67.55,100.75,197850,122000,0.345294,-0.666635,0.00282008,0.00300641,11.70725,10.834423,2023-08-01
12149,2023-07-31 11:20:00,19800.0,19693.35,11265050,3485400,47.7,130.7,238850,101700,0.215484,-0.805036,0.00226282,0.00232611,11.582351,10.616603,2023-08-01
17405,2023-07-31 11:20:00,19850.0,19693.35,4442700,553350,32.15,165.25,165600,16050,0.117747,-0.905242,0.00154556,0.00146022,11.440138,10.349358,2023-08-01
22659,2023-07-31 11:20:00,19900.0,19693.35,6648000,638100,20.9,204.05,137000,21900,0.056368,-0.96397,0.00089472,0.00070763,11.35571,10.017289,2023-08-01
27912,2023-07-31 11:20:00,19950.0,19693.35,3668100,119550,13.1,246.35,81500,2850,0.023637,-0.990792,0.00044162,0.00023326,11.310242,9.523471,2023-08-01
25287,2023-07-31 11:21:00,19450.0,19693.75,178650,3408200,280.0,13.85,1350,106250,0.948433,-0.035105,0.00068917,0.00056129,13.743296,12.365958,2023-08-01
20034,2023-07-31 11:21:00,19500.0,19693.75,1351050,7672900,235.8,20.05,27000,155000,0.912957,-0.069817,0.00107989,0.00099324,13.14332,12.088569,2023-08-01
14779,2023-07-31 11:21:00,19550.0,19693.75,601250,4240900,194.45,28.35,29850,126950,0.852987,-0.128468,0.00162118,0.00159824,12.714918,11.763235,2023-08-01
9522,2023-07-31 11:21:00,19600.0,19693.75,6233350,14242050,156.3,40.25,173350,315550,0.762513,-0.22223,0.00224024,0.00231182,12.362952,11.542869,2023-08-01
4262,2023-07-31 11:21:00,19650.0,19693.75,4070200,6150550,122.0,56.1,181550,197850,0.640243,-0.351397,0.00277688,0.00292924,12.069338,11.346874,2023-08-01
1631,2023-07-31 11:21:00,19700.0,19693.75,10235100,7438300,92.7,76.3,442000,326750,0.494923,-0.505598,0.0030033,0.00320708,11.901723,11.145255,2023-08-01
6893,2023-07-31 11:21:00,19750.0,19693.75,6513350,1460250,67.25,101.25,301750,81550,0.345559,-0.664005,0.00283716,0.00298827,11.64332,10.936849,2023-08-01
12150,2023-07-31 11:21:00,19800.0,19693.75,11265050,3485400,47.6,131.45,253400,68800,0.215642,-0.800738,0.00227099,0.00232381,11.548738,10.771244,2023-08-01
17406,2023-07-31 11:21:00,19850.0,19693.75,4442700,553350,32.1,166.2,146050,17100,0.11779,-0.899958,0.00154969,0.00148798,11.415756,10.571637,2023-08-01
22660,2023-07-31 11:21:00,19900.0,19693.75,6648000,638100,20.85,204.85,103400,20850,0.056289,-0.959985,0.00089587,0.00075171,11.331791,10.275079,2023-08-01
27913,2023-07-31 11:21:00,19950.0,19693.75,3668100,119550,13.1,246.95,94900,2700,0.023663,-0.988623,0.00044261,0.00027148,11.298305,9.842835,2023-08-01
25288,2023-07-31 11:22:00,19450.0,19695.8,178650,3408200,281.25,13.4,2800,144150,0.951314,-0.033343,0.00066407,0.00054045,13.626214,12.312803,2023-08-01
20035,2023-07-31 11:22:00,19500.0,19695.8,1351050,7672900,237.5,19.55,33700,144900,0.915066,-0.067215,0.00105974,0.0009674,13.152247,12.055456,2023-08-01
14780,2023-07-31 11:22:00,19550.0,19695.8,601250,4240900,196.0,27.6,25600,124950,0.856333,-0.124115,0.00159644,0.00156751,12.715924,11.711366,2023-08-01
9523,2023-07-31 11:22:00,19600.0,19695.8,6233350,14242050,157.3,39.3,169650,257200,0.76827,-0.21641,0.00222178,0.00228776,12.299979,11.489913,2023-08-01
4263,2023-07-31 11:22:00,19650.0,19695.8,4070200,6150550,123.1,54.75,154050,223650,0.646185,-0.344347,0.0027659,0.00292877,12.048905,11.266482,2023-08-01
1632,2023-07-31 11:22:00,19700.0,19695.8,10235100,7438300,93.3,74.8,391150,409150,0.501063,-0.499042,0.00302016,0.0032286,11.838446,11.074152,2023-08-01
6894,2023-07-31 11:22:00,19750.0,19695.8,6513350,1460250,67.95,99.35,209450,83000,0.351044,-0.659305,0.00286008,0.00303256,11.619249,10.837134,2023-08-01
12151,2023-07-31 11:22:00,19800.0,19695.8,11265050,3485400,47.9,129.15,181200,96950,0.219095,-0.799077,0.00230389,0.0023663,11.49095,10.632804,2023-08-01
17407,2023-07-31 11:22:00,19850.0,19695.8,4442700,553350,32.35,163.7,99800,15700,0.119981,-0.900499,0.00157656,0.0015058,11.370347,10.407237,2023-08-01
22661,2023-07-31 11:22:00,19900.0,19695.8,6648000,638100,20.95,202.35,85150,22850,0.057195,-0.961058,0.00091185,0.00074808,11.276159,10.101296,2023-08-01
27914,2023-07-31 11:22:00,19950.0,19695.8,3668100,119550,13.05,244.3,67250,1750,0.023752,-0.989848,0.00044727,0.00025253,11.218418,9.584245,2023-08-01
25289,2023-07-31 11:23:00,19450.0,19696.35,177100,3387850,281.3,13.45,1950,94850,0.952935,-0.033368,0.00065125,0.0005395,13.526631,12.345614,2023-08-01
20036,2023-07-31 11:23:00,19500.0,19696.35,1345700,7701650,237.95,19.55,31600,220450,0.915667,-0.066969,0.00105419,0.00096323,13.154759,12.076569,2023-08-01
14781,2023-07-31 11:23:00,19550.0,19696.35,590850,4287600,196.45,27.6,25250,259350,0.857135,-0.123659,0.0015899,0.00156077,12.723397,11.73483,2023-08-01
9524,2023-07-31 11:23:00,19600.0,19696.35,6204150,14348700,157.4,39.4,136350,256250,0.770312,-0.215934,0.002219,0.00227705,12.257902,11.53237,2023-08-01
4264,2023-07-31 11:23:00,19650.0,19696.35,4009200,6163050,123.25,54.85,187100,222000,0.648029,-0.343286,0.00276724,0.00291448,12.023747,11.311633,2023-08-01
1633,2023-07-31 11:23:00,19700.0,19696.35,10262000,7506650,93.55,74.8,413150,342250,0.502717,-0.497275,0.0030219,0.00321879,11.834602,11.110659,2023-08-01
6895,2023-07-31 11:23:00,19750.0,19696.35,6457600,1463050,67.85,99.7,280700,78450,0.352009,-0.656398,0.00287491,0.00301725,11.573879,10.930138,2023-08-01
12152,2023-07-31 11:23:00,19800.0,19696.35,11257900,3528950,47.85,129.4,184050,119600,0.219609,-0.795778,0.00231444,0.00236924,11.457057,10.726357,2023-08-01
17408,2023-07-31 11:23:00,19850.0,19696.35,4407200,561900,32.35,164.1,127550,11950,0.120307,-0.896628,0.00158314,0.0015276,11.347806,10.55077,2023-08-01
22662,2023-07-31 11:23:00,19900.0,19696.35,6635200,644950,20.9,202.3,113600,16100,0.057163,-0.959313,0.0009141,0.00076839,11.246562,10.193657,2023-08-01
27915,2023-07-31 11:23:00,19950.0,19696.35,3678850,120000,13.05,244.55,76400,2100,0.023796,-0.988057,0.00044876,0.00028377,11.201463,9.826784,2023-08-01
25290,2023-07-31 11:24:00,19450.0,19700.5,177100,3387850,285.0,13.25,11950,186300,0.955218,-0.03202,0.00062421,0.00051807,13.560918,12.42728,2023-08-01
20037,2023-07-31 11:24:00,19500.0,19700.5,1345700,7701650,241.2,19.25,74350,346450,0.920437,-0.064337,0.00101107,0.0009273,13.128052,12.161502,2023-08-01
14782,2023-07-31 11:24:00,19550.0,19700.5,590850,4287600,198.9,27.15,71800,257550,0.866064,-0.118939,0.00153683,0.0015077,12.59748,11.820912,2023-08-01
9525,2023-07-31 11:24:00,19600.0,19700.5,6204150,14348700,159.85,38.6,424550,1150300,0.780753,-0.20786,0.00217356,0.0022144,12.18911,11.598187,2023-08-01
4265,2023-07-31 11:24:00,19650.0,19700.5,4009200,6163050,125.5,53.65,418650,372900,0.660024,-0.331947,0.00274208,0.00286395,11.979715,11.363472,2023-08-01
1634,2023-07-31 11:24:00,19700.0,19700.5,10262000,7506650,95.2,73.3,913500,773000,0.515329,-0.484,0.00303903,0.00319889,11.760474,11.172014,2023-08-01
6896,2023-07-31 11:24:00,19750.0,19700.5,6457600,1463050,69.5,97.75,312500,188950,0.363715,-0.64313,0.00291361,0.00304378,11.55232,10.986172,2023-08-01
12153,2023-07-31 11:24:00,19800.0,19700.5,11257900,3528950,48.9,126.9,533150,192450,0.228156,-0.785047,0.00237695,0.00243316,11.401464,10.764926,2023-08-01
17409,2023-07-31 11:24:00,19850.0,19700.5,4407200,561900,33.05,161.15,217100,53100,0.125599,-0.889537,0.00164092,0.00159792,11.284777,10.581905,2023-08-01
22663,2023-07-31 11:24:00,19900.0,19700.5,6635200,644950,21.4,200.0,308950,42950,0.060079,-0.952108,0.00095528,0.00085534,11.191322,10.444713,2023-08-01
27916,2023-07-31 11:24:00,19950.0,19700.5,3678850,120000,13.35,240.8,97600,7950,0.025065,-0.986878,0.00047131,0.00030799,11.141721,9.823176,2023-08-01
25291,2023-07-31 11:25:00,19450.0,19703.2,177100,3387850,286.8,12.9,5700,126500,0.958422,-0.030521,0.0005937,0.00049835,13.430297,12.418772,2023-08-01
20038,2023-07-31 11:25:00,19500.0,19703.2,1345700,7701650,244.0,18.75,151650,278100,0.921262,-0.06161,0.00099392,0.00089768,13.251776,12.147973,2023-08-01
14783,2023-07-31 11:25:00,19550.0,19703.2,590850,4287600,203.1,26.4,65550,302250,0.86316,-0.11426,0.00151406,0.00146939,12.978372,11.790729,2023-08-01
9526,2023-07-31 11:25:00,19600.0,19703.2,6204150,14348700,162.95,37.8,299800,378650,0.783089,-0.201801,0.00212723,0.00217676,12.379928,11.594798,2023-08-01
4266,2023-07-31 11:25:00,19650.0,19703.2,4009200,6163050,127.85,52.6,377250,241250,0.666193,-0.324111,0.00270124,0.00283861,12.07657,11.356504,2023-08-01
1635,2023-07-31 11:25:00,19700.0,19703.2,10262000,7506650,97.5,72.0,899300,491850,0.523322,-0.475357,0.00300637,0.00319775,11.878593,11.165449,2023-08-01
6897,2023-07-31 11:25:00,19750.0,19703.2,6457600,1463050,71.35,96.0,520400,152150,0.372555,-0.635315,0.00291419,0.00307603,11.643477,10.953893,2023-08-01
12154,2023-07-31 11:25:00,19800.0,19703.2,11257900,3528950,50.45,125.05,664350,209150,0.236297,-0.778719,0.00240533,0.00247701,11.490736,10.754409,2023-08-01
17410,2023-07-31 11:25:00,19850.0,19703.2,4407200,561900,34.55,158.8,247800,25400,0.132763,-0.886469,0.00168606,0.00163841,11.414983,10.52621,2023-08-01
22664,2023-07-31 11:25:00,19900.0,19703.2,6635200,644950,22.2,196.95,358600,19100,0.063612,-0.952621,0.00099394,0.00086244,11.248483,10.271296,2023-08-01
27917,2023-07-31 11:25:00,19950.0,19703.2,3678850,120000,13.95,239.0,139300,2700,0.026998,-0.984527,0.00049881,0.00034845,11.20434,10.008717,2023-08-01
25292,2023-07-31 11:26:00,19450.0,19703.95,173100,3378050,288.1,13.55,3250,157500,0.957017,-0.032256,0.0006026,0.00051329,13.596047,12.624551,2023-08-01
20039,2023-07-31 11:26:00,19500.0,19703.95,1293100,7640300,244.5,19.65,64850,264700,0.922404,-0.064394,0.00098485,0.00091219,13.229808,12.376771,2023-08-01
14784,2023-07-31 11:26:00,19550.0,19703.95,574800,4393500,203.35,27.6,44000,242750,0.865384,-0.118054,0.00150401,0.00147243,12.922598,12.045464,2023-08-01
9527,2023-07-31 11:26:00,19600.0,19703.95,6081600,14329700,164.0,39.05,334200,1030200,0.7832,-0.204801,0.0021128,0.00215279,12.463966,11.830705,2023-08-01
4267,2023-07-31 11:26:00,19650.0,19703.95,3870450,6161650,129.3,53.75,400550,315500,0.666441,-0.324877,0.00266962,0.00279117,12.219183,11.563742,2023-08-01
1636,2023-07-31 11:26:00,19700.0,19703.95,10118000,7627350,98.45,73.1,880300,614850,0.525429,-0.473388,0.00298697,0.00314152,11.954961,11.364606,2023-08-01
6898,2023-07-31 11:26:00,19750.0,19703.95,6233950,1521450,72.45,97.1,968700,194900,0.375822,-0.630597,0.00289647,0.00303184,11.750183,11.163838,2023-08-01
12155,2023-07-31 11:26:00,19800.0,19703.95,11024100,3613700,51.4,126.15,640950,148050,0.23998,-0.771998,0.00240525,0.00246616,11.5919,10.989412,2023-08-01
17411,2023-07-31 11:26:00,19850.0,19703.95,4313000,566800,35.0,159.9,375650,22050,0.134837,-0.879117,0.00169834,0.00166883,11.456847,10.806822,2023-08-01
22665,2023-07-31 11:26:00,19900.0,19703.95,6707350,653450,22.8,197.85,257350,42650,0.065846,-0.946793,0.00101306,0.00091777,11.338922,10.589883,2023-08-01
27918,2023-07-31 11:26:00,19950.0,19703.95,3665950,117600,14.4,239.1,196750,2250,0.028298,-0.982361,0.00051483,0.0003815,11.292434,10.229503,2023-08-01
25293,2023-07-31 11:27:00,19450.0,19708.45,173100,3378050,290.6,13.25,10850,170600,0.963633,-0.030627,0.00054032,0.00048931,13.236576,12.688752,2023-08-01
20040,2023-07-31 11:27:00,19500.0,19708.45,1293100,7640300,246.65,19.25,36250,239800,0.931827,-0.061438,0.00091493,0.00087425,12.89788,12.450357,2023-08-01
14785,2023-07-31 11:27:00,19550.0,19708.45,574800,4393500,204.7,27.1,29400,209400,0.879181,-0.113179,0.00143784,0.00141866,12.539236,12.133785,2023-08-01
9528,2023-07-31 11:27:00,19600.0,19708.45,6081600,14329700,165.15,38.4,248500,821300,0.798757,-0.1972,0.00207614,0.00208667,12.140558,11.932548,2023-08-01
4268,2023-07-31 11:27:00,19650.0,19708.45,3870450,6161650,130.2,53.2,333700,398450,0.68222,-0.314692,0.00267862,0.00271707,11.940148,11.722433,2023-08-01
1637,2023-07-31 11:27:00,19700.0,19708.45,10118000,7627350,99.45,72.4,887300,476000,0.539463,-0.459879,0.00302873,0.0030825,11.757091,11.550067,2023-08-01
6899,2023-07-31 11:27:00,19750.0,19708.45,6233950,1521450,73.35,96.15,453750,122250,0.387405,-0.614773,0.00296234,0.00301502,11.595356,11.374044,2023-08-01
12156,2023-07-31 11:27:00,19800.0,19708.45,11024100,3613700,52.25,125.1,673400,120650,0.248777,-0.755451,0.0024763,0.00250169,11.480682,11.260356,2023-08-01
17412,2023-07-31 11:27:00,19850.0,19708.45,4313000,566800,35.6,158.6,287450,25000,0.14037,-0.864265,0.00176152,0.001755,11.354094,11.138268,2023-08-01
22666,2023-07-31 11:27:00,19900.0,19708.45,6707350,653450,23.2,196.35,304000,19650,0.068782,-0.935081,0.00105681,0.00103079,11.243164,11.022745,2023-08-01
27919,2023-07-31 11:27:00,19950.0,19708.45,3665950,117600,14.7,237.95,183150,3600,0.029753,-0.97298,0.00054054,0.00051,11.213723,10.969573,2023-08-01
25294,2023-07-31 11:28:00,19450.0,19713.0,173100,3378050,297.65,13.0,10700,325100,0.95753,-0.029191,0.00057829,0.00046737,14.032566,12.766422,2023-08-01
20041,2023-07-31 11:28:00,19500.0,19713.0,1293100,7640300,253.05,18.75,95550,398500,0.927572,-0.058237,0.00091829,0.00083506,13.463938,12.50049,2023-08-01
14786,2023-07-31 11:28:00,19550.0,19713.0,574800,4393500,210.35,26.2,75500,335700,0.878567,-0.107011,0.00139973,0.00136153,12.927399,12.145484,2023-08-01
9529,2023-07-31 11:28:00,19600.0,19713.0,6081600,14329700,170.65,37.0,447400,874050,0.801231,-0.187356,0.00200123,0.00202608,12.502527,11.911215,2023-08-01
4269,2023-07-31 11:28:00,19650.0,19713.0,3870450,6161650,135.4,51.15,543800,596050,0.689538,-0.301449,0.0025798,0.00268052,12.275147,11.660865,2023-08-01
1638,2023-07-31 11:28:00,19700.0,19713.0,10118000,7627350,103.8,69.45,1539450,1228450,0.552159,-0.44531,0.00295392,0.00310314,12.011262,11.423844,2023-08-01
6900,2023-07-31 11:28:00,19750.0,19713.0,6233950,1521450,77.0,92.85,1128550,321000,0.402719,-0.602055,0.00293973,0.00307377,11.809695,11.25953,2023-08-01
12157,2023-07-31 11:28:00,19800.0,19713.0,11024100,3613700,55.15,120.75,1077000,318950,0.263325,-0.74804,0.00251218,0.00259044,11.658054,11.049773,2023-08-01
17413,2023-07-31 11:28:00,19850.0,19713.0,4313000,566800,37.75,153.3,549150,62250,0.151452,-0.863376,0.00183129,0.0018161,11.494528,10.812472,2023-08-01
22667,2023-07-31 11:28:00,19900.0,19713.0,6707350,653450,24.8,190.8,839700,46400,0.075968,-0.936992,0.00112768,0.00104235,11.370889,10.650888,2023-08-01
27920,2023-07-31 11:28:00,19950.0,19713.0,3665950,117600,15.85,231.65,406300,6850,0.033696,-0.977233,0.00059281,0.00046737,11.333242,10.369164,2023-08-01
25295,2023-07-31 11:29:00,19450.0,19715.3,171300,3219100,299.0,12.9,8400,400450,0.96062,-0.028547,0.0005503,0.00045719,13.872082,12.813106,2023-08-01
20042,2023-07-31 11:29:00,19500.0,19715.3,1250650,7620550,255.0,18.3,67700,526400,0.929543,-0.055993,0.00089842,0.00081112,13.475859,12.479792,2023-08-01
14787,2023-07-31 11:29:00,19550.0,19715.3,548950,4437250,212.75,25.75,40350,465900,0.879783,-0.103953,0.00137801,0.0013329,13.040914,12.15112,2023-08-01
9530,2023-07-31 11:29:00,19600.0,19715.3,5953850,14240900,172.9,36.35,314750,800700,0.804026,-0.182608,0.00196904,0.00199487,12.600839,11.908299,2023-08-01
4270,2023-07-31 11:29:00,19650.0,19715.3,3566800,6265000,137.25,50.25,426900,540350,0.694691,-0.295062,0.00254975,0.00265793,12.331083,11.647952,2023-08-01
1639,2023-07-31 11:29:00,19700.0,19715.3,9663800,7883050,105.6,68.5,1134450,943250,0.558618,-0.438219,0.00292999,0.00309306,12.084016,11.433017,2023-08-01
6901,2023-07-31 11:29:00,19750.0,19715.3,5924900,1707900,78.35,91.4,661800,271050,0.409761,-0.595256,0.00294322,0.00309595,11.848733,11.230106,2023-08-01
12158,2023-07-31 11:29:00,19800.0,19715.3,10736800,3676850,56.25,119.15,808400,202250,0.269682,-0.742514,0.00253553,0.00262545,11.693045,11.028996,2023-08-01
17414,2023-07-31 11:29:00,19850.0,19715.3,4283550,596650,38.6,152.0,350750,46950,0.156274,-0.857908,0.00186504,0.0018554,11.525183,10.871771,2023-08-01
22668,2023-07-31 11:29:00,19900.0,19715.3,6556550,683350,25.35,188.55,440150,55500,0.078767,-0.936038,0.001158,0.00106261,11.383819,10.572565,2023-08-01
27921,2023-07-31 11:29:00,19950.0,19715.3,3617800,118750,16.05,230.15,246650,2900,0.034641,-0.974755,0.00060828,0.00050353,11.30111,10.499205,2023-08-01
25296,2023-07-31 11:30:00,19450.0,19714.95,171300,3219100,297.7,13.0,32300,324500,0.963189,-0.028851,0.00053077,0.00046072,13.616732,12.83162,2023-08-01
20043,2023-07-31 11:30:00,19500.0,19714.95,1250650,7620550,254.1,18.5,89850,567350,0.931178,-0.056728,0.00089113,0.00081747,13.346855,12.514742,2023-08-01
14788,2023-07-31 11:30:00,19550.0,19714.95,548950,4437250,211.65,25.95,75200,429100,0.882072,-0.104836,0.00137572,0.00133868,12.890571,12.176911,2023-08-01
9531,2023-07-31 11:30:00,19600.0,19714.95,5953850,14240900,172.0,36.5,408400,857450,0.805327,-0.183445,0.00197786,0.00199949,12.497898,11.918545,2023-08-01
4271,2023-07-31 11:30:00,19650.0,19714.95,3566800,6265000,136.45,50.55,418250,471150,0.695021,-0.296373,0.00256645,0.00265796,12.248804,11.675265,2023-08-01
1640,2023-07-31 11:30:00,19700.0,19714.95,9663800,7883050,104.9,68.85,1303500,894350,0.55791,-0.439435,0.00294827,0.00308787,12.016046,11.461282,2023-08-01
6902,2023-07-31 11:30:00,19750.0,19714.95,5924900,1707900,77.85,91.95,904750,411100,0.40835,-0.595939,0.00295276,0.00308167,11.804325,11.280876,2023-08-01
12159,2023-07-31 11:30:00,19800.0,19714.95,10736800,3676850,56.0,119.5,861450,380750,0.268458,-0.743124,0.00253387,0.00261839,11.677698,11.048586,2023-08-01
17415,2023-07-31 11:30:00,19850.0,19714.95,4283550,596650,38.4,152.3,445050,67450,0.155247,-0.858443,0.00185981,0.0018498,11.511062,10.880295,2023-08-01
22669,2023-07-31 11:30:00,19900.0,19714.95,6556550,683350,25.25,189.4,613000,57700,0.078237,-0.934443,0.00115279,0.00107211,11.380513,10.684641,2023-08-01
27922,2023-07-31 11:30:00,19950.0,19714.95,3617800,118750,16.1,230.45,385900,5700,0.034698,-0.974974,0.00060792,0.00050006,11.326417,10.49854,2023-08-01
25297,2023-07-31 11:31:00,19450.0,19716.45,171300,3219100,303.1,12.9,6600,196850,0.952852,-0.028331,0.00060302,0.00045317,14.648722,12.852527,2023-08-01
20044,2023-07-31 11:31:00,19500.0,19716.45,1250650,7620550,259.0,18.2,75050,427600,0.921236,-0.055247,0.00093391,0.00080173,14.122621,12.499632,2023-08-01
14789,2023-07-31 11:31:00,19550.0,19716.45,548950,4437250,215.8,25.4,64900,409900,0.874461,-0.101931,0.00137924,0.00131688,13.4383,12.131139,2023-08-01
9532,2023-07-31 11:31:00,19600.0,19716.45,5953850,14240900,176.15,35.6,323600,688450,0.799198,-0.178773,0.00193865,0.0019813,12.994735,11.837738,2023-08-01
4272,2023-07-31 11:31:00,19650.0,19716.45,3566800,6265000,140.0,49.3,376250,387900,0.693506,-0.290643,0.00249539,0.00265889,12.628098,11.568691,2023-08-01
1641,2023-07-31 11:31:00,19700.0,19716.45,9663800,7883050,108.1,67.4,976800,691200,0.56077,-0.4342,0.00286759,0.00311167,12.343467,11.352144,2023-08-01
6903,2023-07-31 11:31:00,19750.0,19716.45,5924900,1707900,80.5,89.95,825100,336350,0.414713,-0.592703,0.00289854,0.00313401,12.071875,11.117081,2023-08-01
12160,2023-07-31 11:31:00,19800.0,19716.45,10736800,3676850,58.1,117.4,859700,257650,0.275982,-0.742444,0.00252195,0.00266253,11.897823,10.882747,2023-08-01
17416,2023-07-31 11:31:00,19850.0,19716.45,4283550,596650,40.1,149.25,533150,34800,0.162182,-0.862914,0.00188152,0.00186484,11.711609,10.561784,2023-08-01
22670,2023-07-31 11:31:00,19900.0,19716.45,6556550,683350,26.4,186.0,569250,95500,0.082769,-0.940746,0.001187,0.0010329,11.53535,10.251849,2023-08-01
27923,2023-07-31 11:31:00,19950.0,19716.45,3617800,118750,16.95,226.5,926450,6800,0.037404,-0.981547,0.00063847,0.00041423,11.471309,9.798592,2023-08-01
25298,2023-07-31 11:32:00,19450.0,19711.65,179500,3047050,299.0,13.15,2400,227200,0.949894,-0.029721,0.00063328,0.00047486,14.65219,12.770423,2023-08-01
20045,2023-07-31 11:32:00,19500.0,19711.65,1240800,7627550,255.4,18.7,35200,332850,0.915714,-0.058367,0.00097875,0.00084124,14.18973,12.446135,2023-08-01
14790,2023-07-31 11:32:00,19550.0,19711.65,541900,4449900,213.15,26.15,34750,216150,0.86446,-0.107506,0.0014349,0.00137437,13.627657,12.087375,2023-08-01
9533,2023-07-31 11:32:00,19600.0,19711.65,5843850,14339800,173.25,36.75,261500,782000,0.788356,-0.18791,0.00198837,0.002049,13.07804,11.814382,2023-08-01
4273,2023-07-31 11:32:00,19650.0,19711.65,3447950,6310300,137.4,50.65,237800,340650,0.680559,-0.302772,0.0025277,0.00272158,12.697676,11.522053,2023-08-01
1642,2023-07-31 11:32:00,19700.0,19711.65,9450000,8171250,105.5,68.9,689000,915200,0.546935,-0.448823,0.00288004,0.00315327,12.355203,11.269708,2023-08-01
6904,2023-07-31 11:32:00,19750.0,19711.65,5895500,1913000,78.55,91.8,501700,282650,0.401167,-0.608665,0.00286656,0.00313022,12.114342,11.019707,2023-08-01
12161,2023-07-31 11:32:00,19800.0,19711.65,10722300,3801450,56.35,119.7,524850,227050,0.264137,-0.757282,0.00246619,0.00260684,11.909098,10.776626,2023-08-01
17417,2023-07-31 11:32:00,19850.0,19711.65,4336200,598000,38.8,152.35,320050,28250,0.153617,-0.8732,0.0018138,0.00177893,11.729905,10.497541,2023-08-01
22671,2023-07-31 11:32:00,19900.0,19711.65,6499200,719150,25.6,189.0,325800,37650,0.077966,-0.94879,0.00113075,0.00093791,11.580691,10.066473,2023-08-01
27924,2023-07-31 11:32:00,19950.0,19711.65,3734250,118450,16.35,231.0,460550,3700,0.034785,-0.982831,0.00060028,0.00038692,11.503218,9.869543,2023-08-01
25299,2023-07-31 11:33:00,19450.0,19707.6,179500,3047050,298.15,13.1,3200,158450,0.940205,-0.030192,0.00070015,0.0004868,15.248192,12.62693,2023-08-01
20046,2023-07-31 11:33:00,19500.0,19707.6,1240800,7627550,253.5,18.65,30750,389950,0.90755,-0.059491,0.00102899,0.00086507,14.466869,12.292014,2023-08-01
14791,2023-07-31 11:33:00,19550.0,19707.6,541900,4449900,211.75,26.15,35300,160300,0.853475,-0.11006,0.00148129,0.00141714,13.924477,11.928111,2023-08-01
9534,2023-07-31 11:33:00,19600.0,19707.6,5843850,14339800,172.0,36.8,269050,891800,0.775964,-0.192789,0.00201684,0.00211348,13.33037,11.641538,2023-08-01
4274,2023-07-31 11:33:00,19650.0,19707.6,3447950,6310300,135.95,50.5,254950,376200,0.668325,-0.310371,0.00253595,0.00280931,12.858814,11.290777,2023-08-01
1643,2023-07-31 11:33:00,19700.0,19707.6,9450000,8171250,104.6,68.7,643050,1048300,0.534779,-0.46072,0.00284821,0.00324498,12.538891,10.99417,2023-08-01
6905,2023-07-31 11:33:00,19750.0,19707.6,5895500,1913000,77.5,91.7,386450,299200,0.390587,-0.624859,0.00282082,0.00318384,12.227944,10.703843,2023-08-01
12162,2023-07-31 11:33:00,19800.0,19707.6,10722300,3801450,55.55,119.8,541900,246350,0.256018,-0.775642,0.00240718,0.00258472,12.012258,10.410036,2023-08-01
17418,2023-07-31 11:33:00,19850.0,19707.6,4336200,598000,38.2,152.55,246750,22400,0.148194,-0.891074,0.00175813,0.00167347,11.82124,10.026237,2023-08-01
22672,2023-07-31 11:33:00,19900.0,19707.6,6499200,719150,25.1,189.55,277350,35550,0.074621,-0.962263,0.00108777,0.00078077,11.648919,9.458551,2023-08-01
27925,2023-07-31 11:33:00,19950.0,19707.6,3734250,118450,15.95,231.25,278150,2850,0.032952,-0.992154,0.000572,0.00022004,11.551961,8.799958,2023-08-01
25300,2023-07-31 11:34:00,19450.0,19702.65,179500,3047050,294.7,13.1,2650,141000,0.934789,-0.030972,0.00074197,0.00050382,15.403511,12.467959,2023-08-01
20047,2023-07-31 11:34:00,19500.0,19702.65,1240800,7627550,249.6,18.8,27400,178800,0.902177,-0.06166,0.00107215,0.00090051,14.482366,12.150295,2023-08-01
14792,2023-07-31 11:34:00,19550.0,19702.65,541900,4449900,207.8,26.35,35000,134650,0.846716,-0.114069,0.00153136,0.00147424,13.888014,11.769649,2023-08-01
9535,2023-07-31 11:34:00,19600.0,19702.65,5843850,14339800,168.35,37.5,304300,453550,0.766434,-0.201143,0.00207057,0.00219039,13.298967,11.531305,2023-08-01
4275,2023-07-31 11:34:00,19650.0,19702.65,3447950,6310300,132.65,51.4,200050,203650,0.656047,-0.322521,0.00257917,0.00288982,12.829366,11.162791,2023-08-01
1644,2023-07-31 11:34:00,19700.0,19702.65,9450000,8171250,101.45,70.0,628150,870750,0.520748,-0.476568,0.00287128,0.00329571,12.475608,10.864904,2023-08-01
6906,2023-07-31 11:34:00,19750.0,19702.65,5895500,1913000,75.15,93.65,413000,219850,0.37652,-0.641964,0.00279476,0.00316879,12.214721,10.595109,2023-08-01
12163,2023-07-31 11:34:00,19800.0,19702.65,10722300,3801450,53.65,122.0,421150,175900,0.24395,-0.791823,0.00234999,0.00251394,11.999865,10.254778,2023-08-01
17419,2023-07-31 11:34:00,19850.0,19702.65,4336200,598000,36.6,155.4,265300,28050,0.13891,-0.902694,0.00168863,0.00156673,11.788272,9.872145,2023-08-01
22673,2023-07-31 11:34:00,19900.0,19702.65,6499200,719150,24.0,192.4,275050,36950,0.069074,-0.970495,0.00102704,0.00065986,11.634389,9.144137,2023-08-01
27926,2023-07-31 11:34:00,19950.0,19702.65,3734250,118450,15.25,233.4,135550,3350,0.03023,-0.997346,0.00053274,9.453e-05,11.556563,7.790111,2023-08-01
25301,2023-07-31 11:35:00,19450.0,19701.8,178750,3100650,291.1,13.3,1850,104250,0.942125,-0.031671,0.00070545,0.00051218,14.763952,12.497026,2023-08-01
20048,2023-07-31 11:35:00,19500.0,19701.8,1242050,7568700,247.5,19.2,30750,255650,0.905565,-0.063304,0.00106529,0.00091497,14.207522,12.210385,2023-08-01
14793,2023-07-31 11:35:00,19550.0,19701.8,552800,4439500,205.5,27.05,44350,215800,0.850437,-0.11718,0.00153852,0.00149084,13.603933,11.86731,2023-08-01
9536,2023-07-31 11:35:00,19600.0,19701.8,6141300,14763300,166.15,38.55,412650,998650,0.768881,-0.205567,0.00209829,0.00219488,13.051074,11.662055,2023-08-01
4276,2023-07-31 11:35:00,19650.0,19701.8,3306800,6295150,130.75,52.6,262950,373450,0.656097,-0.326794,0.0026197,0.00287306,12.634533,11.2926,2023-08-01
1645,2023-07-31 11:35:00,19700.0,19701.8,9384100,8548150,99.9,71.2,783150,963700,0.518492,-0.479558,0.00290768,0.0032645,12.32708,10.977038,2023-08-01
6907,2023-07-31 11:35:00,19750.0,19701.8,5908700,1926050,73.5,95.15,490550,320200,0.372315,-0.64284,0.00282594,0.00312516,12.041251,10.737512,2023-08-01
12164,2023-07-31 11:35:00,19800.0,19701.8,10750600,3721100,52.4,123.7,499750,220850,0.239354,-0.790161,0.0023534,0.00248531,11.863456,10.425179,2023-08-01
17420,2023-07-31 11:35:00,19850.0,19701.8,4410500,591000,35.75,157.45,302350,34050,0.135361,-0.898536,0.00167371,0.00157656,11.688906,10.118826,2023-08-01
22674,2023-07-31 11:35:00,19900.0,19701.8,6564400,707250,23.35,194.95,289650,44700,0.066591,-0.964977,0.00100671,0.00072628,11.542526,9.574207,2023-08-01
27927,2023-07-31 11:35:00,19950.0,19701.8,3804650,117050,14.8,236.25,242250,5300,0.028866,-0.994014,0.00051644,0.00017596,11.477,8.673548,2023-08-01
25302,2023-07-31 11:36:00,19450.0,19704.3,178750,3100650,296.25,13.1,3400,87600,0.935587,-0.030652,0.00073325,0.00049752,15.446329,12.523936,2023-08-01
20049,2023-07-31 11:36:00,19500.0,19704.3,1242050,7568700,251.05,18.8,23500,270500,0.903608,-0.061016,0.00105898,0.00088912,14.512115,12.211758,2023-08-01
14794,2023-07-31 11:36:00,19550.0,19704.3,552800,4439500,208.85,26.55,41550,176850,0.84986,-0.113587,0.00151432,0.00145746,13.859342,11.875406,2023-08-01
9537,2023-07-31 11:36:00,19600.0,19704.3,6141300,14763300,169.7,37.65,291500,684550,0.769358,-0.199474,0.0020516,0.00216153,13.335,11.632904,2023-08-01
4277,2023-07-31 11:36:00,19650.0,19704.3,3306800,6295150,133.9,51.4,191350,248650,0.659953,-0.319005,0.00256217,0.0028553,12.865333,11.251988,2023-08-01
1646,2023-07-31 11:36:00,19700.0,19704.3,9384100,8548150,102.5,69.65,646350,798250,0.525438,-0.471272,0.00286492,0.0032772,12.501167,10.922367,2023-08-01
6908,2023-07-31 11:36:00,19750.0,19704.3,5908700,1926050,75.9,93.1,374400,141350,0.381096,-0.636154,0.00280564,0.00317212,12.218881,10.648062,2023-08-01
12165,2023-07-31 11:36:00,19800.0,19704.3,10750600,3721100,54.25,121.45,390550,125000,0.247766,-0.785948,0.00237018,0.00253632,12.003385,10.336763,2023-08-01
17421,2023-07-31 11:36:00,19850.0,19704.3,4410500,591000,37.1,154.55,206450,31150,0.141763,-0.898587,0.00171156,0.00160397,11.798063,9.943937,2023-08-01
22675,2023-07-31 11:36:00,19900.0,19704.3,6564400,707250,24.3,192.0,187650,33800,0.070593,-0.966028,0.00104527,0.00072293,11.630498,9.382315,2023-08-01
27928,2023-07-31 11:36:00,19950.0,19704.3,3804650,117050,15.45,232.85,171500,3300,0.030975,-0.995589,0.00054413,0.00014117,11.550931,8.240274,2023-08-01
25303,2023-07-31 11:37:00,19450.0,19705.75,178750,3100650,295.8,13.15,10800,84850,0.941165,-0.030535,0.00069997,0.0004936,15.079093,12.586111,2023-08-01
20050,2023-07-31 11:37:00,19500.0,19705.75,1242050,7568700,251.9,18.9,15850,135150,0.906091,-0.060825,0.00104329,0.00088168,14.453222,12.287342,2023-08-01
14795,2023-07-31 11:37:00,19550.0,19705.75,552800,4439500,209.0,26.5,17750,99200,0.854926,-0.112384,0.00149772,0.00144073,13.69757,11.925096,2023-08-01
9538,2023-07-31 11:37:00,19600.0,19705.75,6141300,14763300,170.35,37.65,196300,305650,0.773283,-0.197639,0.00204057,0.00213767,13.281445,11.699997,2023-08-01
4278,2023-07-31 11:37:00,19650.0,19705.75,3306800,6295150,134.45,51.4,133800,163450,0.664277,-0.315988,0.00255982,0.00282507,12.816442,11.329347,2023-08-01
1647,2023-07-31 11:37:00,19700.0,19705.75,9384100,8548150,103.2,69.75,454600,362300,0.529612,-0.466816,0.00286576,0.0032438,12.49127,11.027712,2023-08-01
6909,2023-07-31 11:37:00,19750.0,19705.75,5908700,1926050,76.35,93.0,276950,108150,0.384878,-0.630414,0.00282076,0.00316027,12.192035,10.746069,2023-08-01
12166,2023-07-31 11:37:00,19800.0,19705.75,10750600,3721100,54.65,121.35,309950,88050,0.250838,-0.77951,0.00238969,0.00254936,11.986323,10.463743,2023-08-01
17422,2023-07-31 11:37:00,19850.0,19705.75,4410500,591000,37.35,154.5,131050,10550,0.143694,-0.892171,0.00173117,0.00164722,11.774316,10.125161,2023-08-01
22676,2023-07-31 11:37:00,19900.0,19705.75,6564400,707250,24.4,191.35,169100,18700,0.071429,-0.963014,0.00105831,0.00076452,11.594139,9.514555,2023-08-01
27929,2023-07-31 11:37:00,19950.0,19705.75,3804650,117050,15.55,232.85,416500,1900,0.031449,-0.992819,0.00055231,0.00020464,11.526275,8.763538,2023-08-01
25304,2023-07-31 11:38:00,19450.0,19706.9,175050,3131650,296.15,13.05,1000,79200,0.943675,-0.030041,0.00068279,0.00048669,14.941025,12.596603,2023-08-01
20051,2023-07-31 11:38:00,19500.0,19706.9,1245650,7711800,252.25,18.8,12300,93600,0.909031,-0.06006,0.00102718,0.00087181,14.341971,12.307091,2023-08-01
14796,2023-07-31 11:38:00,19550.0,19706.9,565750,4475550,210.55,26.35,13650,78200,0.854615,-0.111032,0.00148716,0.00142641,13.817926,11.943852,2023-08-01
9539,2023-07-31 11:38:00,19600.0,19706.9,6313150,14940450,170.85,37.35,88700,153500,0.77645,-0.195221,0.00203177,0.00212142,13.236312,11.704743,2023-08-01
4279,2023-07-31 11:38:00,19650.0,19706.9,3269450,6266900,134.95,51.05,77150,89100,0.667615,-0.312858,0.00255632,0.00281116,12.786707,11.339706,2023-08-01
1648,2023-07-31 11:38:00,19700.0,19706.9,9396900,8745500,103.5,69.15,300250,232400,0.533012,-0.463054,0.00287441,0.00324485,12.448306,11.017631,2023-08-01
6910,2023-07-31 11:38:00,19750.0,19706.9,5944750,1921050,76.75,92.55,222350,82950,0.387944,-0.626514,0.00283155,0.00316399,12.176661,10.772363,2023-08-01
12167,2023-07-31 11:38:00,19800.0,19706.9,10816650,3684900,54.9,120.7,259850,67550,0.253107,-0.7763,0.00240632,0.00256726,11.963054,10.479396,2023-08-01
17423,2023-07-31 11:38:00,19850.0,19706.9,4403600,588950,37.6,153.75,125850,18950,0.145402,-0.889884,0.00174697,0.00166938,11.763882,10.145023,2023-08-01
22677,2023-07-31 11:38:00,19900.0,19706.9,6634750,694550,24.65,190.65,125900,13150,0.072659,-0.961236,0.00107215,0.00078956,11.598079,9.575054,2023-08-01
27930,2023-07-31 11:38:00,19950.0,19706.9,3979900,114750,15.7,232.45,166250,950,0.032018,-0.991211,0.00056082,0.00023821,11.523752,8.994147,2023-08-01
25305,2023-07-31 11:39:00,19450.0,19709.15,175050,3131650,296.6,13.1,700,43850,0.949187,-0.029802,0.00064388,0.00048022,14.605086,12.684612,2023-08-01
20052,2023-07-31 11:39:00,19500.0,19709.15,1245650,7711800,252.4,18.85,18250,131100,0.916397,-0.059443,0.00098755,0.00085847,14.008549,12.399894,2023-08-01
14797,2023-07-31 11:39:00,19550.0,19709.15,565750,4475550,209.85,26.5,20800,117600,0.865408,-0.11006,0.00145599,0.00140372,13.39538,12.062866,2023-08-01
9540,2023-07-31 11:39:00,19600.0,19709.15,6313150,14940450,170.35,37.6,163050,327200,0.786724,-0.193294,0.00202758,0.00208349,12.911366,11.848283,2023-08-01
4280,2023-07-31 11:39:00,19650.0,19709.15,3269450,6266900,134.8,51.35,117700,142600,0.676228,-0.308996,0.00257493,0.00275706,12.562563,11.502172,2023-08-01
1649,2023-07-31 11:39:00,19700.0,19709.15,9396900,8745500,103.35,69.55,442300,317050,0.54004,-0.45648,0.00291434,0.00318358,12.260132,11.212952,2023-08-01
6911,2023-07-31 11:39:00,19750.0,19709.15,5944750,1921050,76.6,92.95,302350,129200,0.392878,-0.616992,0.0028802,0.00312384,12.016077,10.997934,2023-08-01
12168,2023-07-31 11:39:00,19800.0,19709.15,10816650,3684900,54.85,121.0,295750,89900,0.256241,-0.765061,0.00244802,0.00257566,11.837502,10.738266,2023-08-01
17424,2023-07-31 11:39:00,19850.0,19709.15,4403600,588950,37.75,154.3,142750,20150,0.147694,-0.877587,0.00177737,0.00173564,11.686829,10.521099,2023-08-01
22678,2023-07-31 11:39:00,19900.0,19709.15,6634750,694550,24.8,191.2,117750,17600,0.073997,-0.9509,0.00109298,0.00090596,11.539085,10.099997,2023-08-01
27931,2023-07-31 11:39:00,19950.0,19709.15,3979900,114750,15.75,230.5,101800,500,0.032494,-0.990456,0.000571,0.00025513,11.458883,9.027886,2023-08-01
25306,2023-07-31 11:40:00,19450.0,19706.3,175050,3131650,294.0,13.1,1500,51350,0.947834,-0.03023,0.00065952,0.00048965,14.566369,12.593728,2023-08-01
20053,2023-07-31 11:40:00,19500.0,19706.3,1245650,7711800,250.25,18.95,26350,165100,0.913071,-0.060702,0.00101474,0.00087858,14.043814,12.321925,2023-08-01
14798,2023-07-31 11:40:00,19550.0,19706.3,565750,4475550,208.4,26.65,20000,99100,0.858973,-0.112431,0.00148933,0.00143595,13.52558,11.978735,2023-08-01
9541,2023-07-31 11:40:00,19600.0,19706.3,6313150,14940450,169.05,37.65,140150,349900,0.778998,-0.196839,0.00205274,0.00212912,13.023842,11.728338,2023-08-01
4281,2023-07-31 11:40:00,19650.0,19706.3,3269450,6266900,133.55,51.6,113750,174500,0.667907,-0.315215,0.00258616,0.00280941,12.642709,11.390527,2023-08-01
1650,2023-07-31 11:40:00,19700.0,19706.3,9396900,8745500,102.25,70.0,359300,685400,0.531576,-0.465236,0.00290596,0.00322458,12.324548,11.09934,2023-08-01
6912,2023-07-31 11:40:00,19750.0,19706.3,5944750,1921050,75.8,93.6,305600,144050,0.385322,-0.627329,0.00284879,0.0031344,12.086679,10.873332,2023-08-01
12169,2023-07-31 11:40:00,19800.0,19706.3,10816650,3684900,54.05,121.9,279900,114900,0.249922,-0.77536,0.00240958,0.00254563,11.874675,10.600289,2023-08-01
17425,2023-07-31 11:40:00,19850.0,19706.3,4403600,588950,37.05,155.1,140200,26600,0.142989,-0.887506,0.00173713,0.00167062,11.705161,10.300182,2023-08-01
22679,2023-07-31 11:40:00,19900.0,19706.3,6634750,694550,24.15,192.35,142050,25100,0.07069,-0.957644,0.00105677,0.00082607,11.528748,9.840697,2023-08-01
27932,2023-07-31 11:40:00,19950.0,19706.3,3979900,114750,15.4,233.65,140150,3250,0.031047,-0.989963,0.00054937,0.00026135,11.475331,9.213937,2023-08-01
25307,2023-07-31 11:41:00,19450.0,19706.65,175850,3168500,294.65,13.1,1300,34050,0.947114,-0.03015,0.00066307,0.00048822,14.651026,12.606318,2023-08-01
20054,2023-07-31 11:41:00,19500.0,19706.65,1237000,7722900,251.0,18.85,13000,81200,0.912031,-0.060209,0.00101714,0.00087387,14.139604,12.313109,2023-08-01
14799,2023-07-31 11:41:00,19550.0,19706.65,564200,4496200,209.2,26.55,4600,69850,0.857877,-0.111794,0.00148707,0.00143097,13.621247,11.975063,2023-08-01
9542,2023-07-31 11:41:00,19600.0,19706.65,6375100,14935250,169.35,37.45,64550,129850,0.779597,-0.195721,0.00204848,0.00212517,13.034308,11.712962,2023-08-01
4282,2023-07-31 11:41:00,19650.0,19706.65,3266400,6259450,133.8,51.35,55900,92900,0.668776,-0.313935,0.00258294,0.0028095,12.648845,11.373512,2023-08-01
1651,2023-07-31 11:41:00,19700.0,19706.65,9482850,8894650,102.5,69.7,198400,235900,0.532571,-0.46405,0.00290387,0.00323003,12.334391,11.080789,2023-08-01
6913,2023-07-31 11:41:00,19750.0,19706.65,6047700,1940400,75.95,93.4,138600,71600,0.386281,-0.626277,0.0028516,0.00313813,12.086977,10.873241,2023-08-01
12170,2023-07-31 11:41:00,19800.0,19706.65,10888050,3684850,54.35,121.2,138200,56600,0.251176,-0.77603,0.00241128,0.00255864,11.90115,10.531483,2023-08-01
17426,2023-07-31 11:41:00,19850.0,19706.65,4422900,593700,37.15,154.3,51350,12150,0.143557,-0.889064,0.00174202,0.00166929,11.706913,10.208969,2023-08-01
22680,2023-07-31 11:41:00,19900.0,19706.65,6688450,698900,24.35,191.4,127050,21450,0.071451,-0.959683,0.00106339,0.00080573,11.554791,9.69638,2023-08-01
27933,2023-07-31 11:41:00,19950.0,19706.65,4033850,115350,15.5,232.85,62650,850,0.031352,-0.990955,0.00055334,0.00024293,11.488673,9.052344,2023-08-01
25308,2023-07-31 11:42:00,19450.0,19708.6,175850,3168500,297.05,13.1,500,57700,0.946383,-0.029816,0.00066252,0.00048138,14.826583,12.670655,2023-08-01
20055,2023-07-31 11:42:00,19500.0,19708.6,1237000,7722900,252.95,18.85,13450,231400,0.912903,-0.059521,0.00100436,0.00086126,14.216344,12.383961,2023-08-01
14800,2023-07-31 11:42:00,19550.0,19708.6,564200,4496200,211.0,26.45,8300,127600,0.859815,-0.110108,0.00146736,0.00140871,13.678997,12.035063,2023-08-01
9543,2023-07-31 11:42:00,19600.0,19708.6,6375100,14935250,171.1,37.35,79450,463250,0.782554,-0.193008,0.00202341,0.00209451,13.096296,11.786172,2023-08-01
4283,2023-07-31 11:42:00,19650.0,19708.6,3266400,6259450,135.2,50.95,56800,155300,0.6735,-0.309112,0.0025631,0.00278037,12.675732,11.418173,2023-08-01
1652,2023-07-31 11:42:00,19700.0,19708.6,9482850,8894650,103.6,69.0,220850,358150,0.538215,-0.457843,0.00289925,0.00321837,12.34096,11.106147,2023-08-01
6914,2023-07-31 11:42:00,19750.0,19708.6,6047700,1940400,76.7,92.5,159500,88700,0.391654,-0.619922,0.00286769,0.00314826,12.069182,10.897479,2023-08-01
12171,2023-07-31 11:42:00,19800.0,19708.6,10888050,3684850,55.0,120.35,198850,104600,0.255686,-0.769756,0.00243609,0.00258413,11.893043,10.593455,2023-08-01
17427,2023-07-31 11:42:00,19850.0,19708.6,4422900,593700,37.7,153.4,87100,9900,0.146933,-0.883689,0.00176962,0.00171105,11.708292,10.303538,2023-08-01
22681,2023-07-31 11:42:00,19900.0,19708.6,6688450,698900,24.7,190.35,72700,14350,0.073331,-0.956098,0.0010858,0.00085229,11.546092,9.822903,2023-08-01
27934,2023-07-31 11:42:00,19950.0,19708.6,4033850,115350,15.75,231.4,104000,1150,0.032329,-0.989761,0.00056798,0.00026762,11.482187,9.160132,2023-08-01
25309,2023-07-31 11:43:00,19450.0,19709.5,175850,3168500,297.0,13.1,500,32850,0.949221,-0.029651,0.00064282,0.00047814,14.638495,12.701012,2023-08-01
20056,2023-07-31 11:43:00,19500.0,19709.5,1237000,7722900,252.7,18.8,26700,106850,0.916809,-0.059022,0.00098423,0.00085429,14.020245,12.405946,2023-08-01
14801,2023-07-31 11:43:00,19550.0,19709.5,564200,4496200,210.6,26.45,9400,69150,0.864532,-0.109482,0.00145405,0.00139902,13.488976,12.07203,2023-08-01
9544,2023-07-31 11:43:00,19600.0,19709.5,6375100,14935250,171.45,37.45,57500,121300,0.78518,-0.192223,0.00201631,0.00207959,13.053561,11.844241,2023-08-01
4284,2023-07-31 11:43:00,19650.0,19709.5,3266400,6259450,135.5,51.05,73350,77500,0.676318,-0.307525,0.00256214,0.00275967,12.638741,11.480793,2023-08-01
1653,2023-07-31 11:43:00,19700.0,19709.5,9482850,8894650,103.65,69.05,227100,166200,0.541011,-0.455183,0.00291198,0.00319857,12.281509,11.169543,2023-08-01
6915,2023-07-31 11:43:00,19750.0,19709.5,6047700,1940400,76.8,92.4,147000,56300,0.393833,-0.616548,0.00288276,0.00314168,12.027679,10.952186,2023-08-01
12172,2023-07-31 11:43:00,19800.0,19709.5,10888050,3684850,55.0,120.2,187900,48250,0.256981,-0.766144,0.00245273,0.00259162,11.846479,10.65745,2023-08-01
17428,2023-07-31 11:43:00,19850.0,19709.5,4422900,593700,37.65,153.4,58950,5150,0.147461,-0.879648,0.0017816,0.00173432,11.660556,10.416393,2023-08-01
22682,2023-07-31 11:43:00,19900.0,19709.5,6688450,698900,24.6,190.25,63100,8300,0.073309,-0.953091,0.00109086,0.00088663,11.492843,9.961888,2023-08-01
27935,2023-07-31 11:43:00,19950.0,19709.5,4033850,115350,15.6,231.35,61350,950,0.03203,-0.987754,0.00056703,0.00030465,11.416525,9.403952,2023-08-01
25310,2023-07-31 11:44:00,19450.0,19709.7,175500,3168100,298.65,13.0,250,92800,0.945342,-0.029316,0.0006659,0.00047455,14.985649,12.680566,2023-08-01
20057,2023-07-31 11:44:00,19500.0,19709.7,1252250,7778950,254.2,18.6,30300,202350,0.91298,-0.058252,0.00099887,0.00084831,14.292841,12.368803,2023-08-01
14802,2023-07-31 11:44:00,19550.0,19709.7,560150,4535400,212.0,26.1,19050,216900,0.860991,-0.108051,0.0014563,0.00139284,13.711601,12.014773,2023-08-01
9545,2023-07-31 11:44:00,19600.0,19709.7,6371350,14865450,172.3,36.95,143100,611800,0.783667,-0.190315,0.00200764,0.00208004,13.167291,11.772929,2023-08-01
4285,2023-07-31 11:44:00,19650.0,19709.7,3262100,6243700,136.6,50.5,146900,197750,0.675061,-0.305869,0.00253834,0.00277058,12.781326,11.411696,2023-08-01
1654,2023-07-31 11:44:00,19700.0,19709.7,9462800,9182700,104.55,68.3,491300,893250,0.541253,-0.45419,0.00288667,0.00322463,12.392023,11.079335,2023-08-01
6916,2023-07-31 11:44:00,19750.0,19709.7,6091000,1915150,77.4,91.5,295050,153750,0.394995,-0.617105,0.0028689,0.00317249,12.099045,10.844247,2023-08-01
12173,2023-07-31 11:44:00,19800.0,19709.7,10905350,3658050,55.4,119.25,347500,119750,0.25827,-0.768233,0.00244978,0.00260873,11.895052,10.537965,2023-08-01
17429,2023-07-31 11:44:00,19850.0,19709.7,4458350,601900,38.1,152.05,124450,17000,0.149083,-0.883981,0.00178532,0.0017238,11.725146,10.214714,2023-08-01
22683,2023-07-31 11:44:00,19900.0,19709.7,6681450,692900,24.9,189.0,181800,18550,0.074356,-0.956778,0.00109824,0.00085018,11.543341,9.729302,2023-08-01
27936,2023-07-31 11:44:00,19950.0,19709.7,4048500,114600,15.85,229.3,105100,800,0.032736,-0.991939,0.00057477,0.00022638,11.470433,8.787627,2023-08-01
25311,2023-07-31 11:45:00,19450.0,19713.0,175500,3168100,300.85,12.95,1050,79250,0.949137,-0.028651,0.00063486,0.00046224,14.848078,12.774015,2023-08-01
20058,2023-07-31 11:45:00,19500.0,19713.0,1252250,7778950,256.4,18.45,34000,175250,0.917694,-0.056663,0.00096454,0.00082456,14.197872,12.452844,2023-08-01
14803,2023-07-31 11:45:00,19550.0,19713.0,560150,4535400,213.5,25.9,37750,99350,0.868947,-0.105216,0.00141742,0.00135599,13.531416,12.108321,2023-08-01
9546,2023-07-31 11:45:00,19600.0,19713.0,6371350,14865450,174.0,36.6,140250,301450,0.792016,-0.185312,0.0019769,0.00203049,13.069502,11.864978,2023-08-01
4286,2023-07-31 11:45:00,19650.0,19713.0,3262100,6243700,137.7,49.85,181050,234800,0.685317,-0.297954,0.00253298,0.00272029,12.639111,11.488051,2023-08-01
1655,2023-07-31 11:45:00,19700.0,19713.0,9462800,9182700,105.95,67.6,613600,415100,0.550992,-0.444068,0.00289204,0.00318403,12.335454,11.185432,2023-08-01
6917,2023-07-31 11:45:00,19750.0,19713.0,6091000,1915150,78.5,90.55,390100,179200,0.403997,-0.605511,0.00290012,0.00316638,12.041663,10.959978,2023-08-01
12174,2023-07-31 11:45:00,19800.0,19713.0,10905350,3658050,56.1,118.2,367900,133200,0.265036,-0.75636,0.00249863,0.00264234,11.819905,10.694478,2023-08-01
17430,2023-07-31 11:45:00,19850.0,19713.0,4458350,601900,38.65,150.5,149100,16200,0.153673,-0.874829,0.00183169,0.00179255,11.662633,10.363762,2023-08-01
22684,2023-07-31 11:45:00,19900.0,19713.0,6681450,692900,25.25,187.5,149450,29150,0.076833,-0.949518,0.00113242,0.00093788,11.479473,9.990715,2023-08-01
27937,2023-07-31 11:45:00,19950.0,19713.0,4048500,114600,16.1,228.35,95700,1350,0.033967,-0.986338,0.00059545,0.00033347,11.41545,9.447775,2023-08-01
25312,2023-07-31 11:46:00,19450.0,19711.2,175500,3168100,297.5,13.3,6950,63400,0.952964,-0.029872,0.0006144,0.00047716,14.418369,12.815984,2023-08-01
20059,2023-07-31 11:46:00,19500.0,19711.2,1252250,7778950,253.6,19.0,18800,195000,0.92004,-0.059028,0.00096244,0.00084755,13.927069,12.515644,2023-08-01
14804,2023-07-31 11:46:00,19550.0,19711.2,560150,4535400,211.6,26.65,13050,111100,0.868039,-0.10898,0.00143435,0.00138304,13.440902,12.181019,2023-08-01
9547,2023-07-31 11:46:00,19600.0,19711.2,6371350,14865450,172.25,37.55,109050,245250,0.789804,-0.190427,0.00200132,0.00205263,12.995819,11.940682,2023-08-01
4287,2023-07-31 11:46:00,19650.0,19711.2,3262100,6243700,136.05,51.0,107550,156150,0.681728,-0.304009,0.00256071,0.00272786,12.567524,11.565093,2023-08-01
1656,2023-07-31 11:46:00,19700.0,19711.2,9462800,9182700,104.3,69.05,393750,383700,0.546097,-0.450184,0.00291848,0.00316592,12.246931,11.276989,2023-08-01
6918,2023-07-31 11:46:00,19750.0,19711.2,6091000,1915150,77.45,92.25,294900,144500,0.398512,-0.610227,0.00289767,0.00312811,12.013881,11.061182,2023-08-01
12175,2023-07-31 11:46:00,19800.0,19711.2,10905350,3658050,55.55,120.15,320550,166000,0.260832,-0.758745,0.00247521,0.00260075,11.83923,10.811963,2023-08-01
17431,2023-07-31 11:46:00,19850.0,19711.2,4458350,601900,38.1,153.1,148000,15700,0.15025,-0.87326,0.00180573,0.00177244,11.659183,10.57696,2023-08-01
22685,2023-07-31 11:46:00,19900.0,19711.2,6681450,692900,24.9,190.1,181350,29350,0.074878,-0.947269,0.00111015,0.00094911,11.486582,10.224578,2023-08-01
27938,2023-07-31 11:46:00,19950.0,19711.2,4048500,114600,15.8,230.3,189450,900,0.032791,-0.98613,0.00057897,0.00033436,11.409047,9.549578,2023-08-01
25313,2023-07-31 11:47:00,19450.0,19704.6,170300,3147400,292.4,13.6,3900,97700,0.947296,-0.031763,0.00066728,0.0005075,14.546309,12.686081,2023-08-01
20060,2023-07-31 11:47:00,19500.0,19704.6,1243600,7716500,248.25,19.5,29100,250150,0.913457,-0.062905,0.00102161,0.00090019,13.933516,12.392598,2023-08-01
14805,2023-07-31 11:47:00,19550.0,19704.6,549300,4547000,206.05,27.4,31600,162250,0.859961,-0.115979,0.00150462,0.00146149,13.353585,12.059073,2023-08-01
9548,2023-07-31 11:47:00,19600.0,19704.6,6363550,14793400,167.3,38.6,179600,336800,0.777232,-0.201682,0.0020786,0.00214993,12.948682,11.811904,2023-08-01
4288,2023-07-31 11:47:00,19650.0,19704.6,3270700,6206700,131.5,52.85,185500,253500,0.665347,-0.321141,0.0026267,0.00281316,12.512733,11.49011,2023-08-01
1657,2023-07-31 11:47:00,19700.0,19704.6,9475900,9323850,100.55,71.6,648600,574400,0.52682,-0.471009,0.00293767,0.00320052,12.228871,11.22027,2023-08-01
6919,2023-07-31 11:47:00,19750.0,19704.6,6138600,1958750,74.25,95.45,442850,197800,0.379234,-0.631408,0.0028643,0.00309252,11.990075,11.0054,2023-08-01
12176,2023-07-31 11:47:00,19800.0,19704.6,10966950,3684300,53.05,123.7,458500,189450,0.244508,-0.777864,0.00239585,0.00250948,11.829509,10.70803,2023-08-01
17432,2023-07-31 11:47:00,19850.0,19704.6,4500450,604450,36.3,157.9,235800,42300,0.1388,-0.884916,0.00171125,0.00165894,11.67039,10.565463,2023-08-01
22686,2023-07-31 11:47:00,19900.0,19704.6,6689300,692600,23.7,195.0,283250,48850,0.068302,-0.955101,0.00103235,0.00084449,11.518418,10.111859,2023-08-01
27939,2023-07-31 11:47:00,19950.0,19704.6,4115450,115700,15.15,235.0,192950,2400,0.029934,-0.990957,0.0005338,0.00024083,11.483218,9.147035,2023-08-01
25314,2023-07-31 11:48:00,19450.0,19703.5,170300,3147400,293.4,13.45,2150,74550,0.94124,-0.031493,0.0007058,0.00050715,14.990627,12.610135,2023-08-01
20061,2023-07-31 11:48:00,19500.0,19703.5,1243600,7716500,248.6,19.35,22200,185350,0.908557,-0.062749,0.00104602,0.00090401,14.182905,12.320768,2023-08-01
14806,2023-07-31 11:48:00,19550.0,19703.5,549300,4547000,207.1,27.15,23250,164000,0.852503,-0.115794,0.00152106,0.0014713,13.684802,11.969389,2023-08-01
9549,2023-07-31 11:48:00,19600.0,19703.5,6363550,14793400,167.45,38.5,129850,338050,0.772509,-0.202699,0.0020809,0.00216918,13.09368,11.746533,2023-08-01
4289,2023-07-31 11:48:00,19650.0,19703.5,3270700,6206700,132.05,52.55,106350,255100,0.66036,-0.32277,0.00260541,0.00284505,12.692083,11.389278,2023-08-01
1658,2023-07-31 11:48:00,19700.0,19703.5,9475900,9323850,101.15,71.1,390350,638550,0.523309,-0.474248,0.00290103,0.00324305,12.394621,11.083264,2023-08-01
6920,2023-07-31 11:48:00,19750.0,19703.5,6138600,1958750,74.5,94.85,311600,207950,0.3771,-0.636875,0.00283567,0.0031255,12.094404,10.838998,2023-08-01
12177,2023-07-31 11:48:00,19800.0,19703.5,10966950,3684300,53.25,123.3,367800,171500,0.243451,-0.78429,0.00237335,0.00250704,11.918044,10.542743,2023-08-01
17433,2023-07-31 11:48:00,19850.0,19703.5,4500450,604450,36.35,156.95,170600,26450,0.138072,-0.893535,0.00169712,0.00161577,11.729624,10.26285,2023-08-01
22687,2023-07-31 11:48:00,19900.0,19703.5,6689300,692600,23.75,193.8,232150,21750,0.068032,-0.963267,0.00102474,0.00075262,11.572572,9.643773,2023-08-01
27940,2023-07-31 11:48:00,19950.0,19703.5,4115450,115700,15.2,234.8,172800,2650,0.029881,-0.993677,0.00053084,0.00018452,11.534691,8.714533,2023-08-01
25315,2023-07-31 11:49:00,19450.0,19704.55,170300,3147400,292.35,13.45,3900,72000,0.94733,-0.031292,0.00066722,0.00050319,14.54921,12.645625,2023-08-01
20062,2023-07-31 11:49:00,19500.0,19704.55,1243600,7716500,248.8,19.35,22700,143650,0.911649,-0.062343,0.00102905,0.00089683,14.056297,12.359809,2023-08-01
14807,2023-07-31 11:49:00,19550.0,19704.55,549300,4547000,206.7,27.25,17750,140200,0.857799,-0.115388,0.00150716,0.00146042,13.47841,12.031451,2023-08-01
9550,2023-07-31 11:49:00,19600.0,19704.55,6363550,14793400,167.4,38.45,104250,298950,0.776823,-0.201182,0.00207805,0.00215244,12.973474,11.787728,2023-08-01
4290,2023-07-31 11:49:00,19650.0,19704.55,3270700,6206700,131.75,52.55,90850,175800,0.664759,-0.320565,0.00262089,0.0028236,12.556642,11.445993,2023-08-01
1659,2023-07-31 11:49:00,19700.0,19704.55,9475900,9323850,100.9,71.2,383050,497000,0.526566,-0.471036,0.00292639,0.0032186,12.283984,11.164047,2023-08-01
6921,2023-07-31 11:49:00,19750.0,19704.55,6138600,1958750,74.3,95.1,221050,171200,0.379136,-0.632248,0.00286268,0.00310627,12.003181,10.955074,2023-08-01
12178,2023-07-31 11:49:00,19800.0,19704.55,10966950,3684300,53.0,123.45,338300,92300,0.244214,-0.779004,0.00239608,0.00251305,11.82785,10.667843,2023-08-01
17434,2023-07-31 11:49:00,19850.0,19704.55,4500450,604450,36.3,157.0,99750,21550,0.138668,-0.888667,0.00171042,0.00164581,11.675553,10.407252,2023-08-01
22688,2023-07-31 11:49:00,19900.0,19704.55,6689300,692600,23.8,194.75,146350,34350,0.06854,-0.956229,0.00103358,0.00083296,11.542594,10.0497,2023-08-01
27941,2023-07-31 11:49:00,19950.0,19704.55,4115450,115700,15.1,235.2,123750,2600,0.029742,-0.990675,0.00053164,0.00024616,11.475549,9.199006,2023-08-01
25316,2023-07-31 11:50:00,19450.0,19705.6,170250,3177050,292.55,13.35,2100,37250,0.949968,-0.030809,0.0006478,0.00049657,14.388606,12.653372,2023-08-01
20063,2023-07-31 11:50:00,19500.0,19705.6,1243050,7749200,248.55,19.25,9200,122950,0.916141,-0.061604,0.00100563,0.00088755,13.836418,12.376442,2023-08-01
14808,2023-07-31 11:50:00,19550.0,19705.6,542100,4568800,207.15,27.15,8250,78650,0.860496,-0.11427,0.00149465,0.00144773,13.419149,12.056148,2023-08-01
9551,2023-07-31 11:50:00,19600.0,19705.6,6354250,14896100,167.75,38.3,68400,196500,0.780083,-0.199359,0.00207048,0.0021367,12.915039,11.812697,2023-08-01
4291,2023-07-31 11:50:00,19650.0,19705.6,3237450,6266150,132.35,52.35,51950,115850,0.667627,-0.317962,0.00261403,0.0028079,12.550192,11.473478,2023-08-01
1660,2023-07-31 11:50:00,19700.0,19705.6,9383600,9473100,101.15,71.0,258950,266100,0.529732,-0.467761,0.00293555,0.00320609,12.24178,11.203297,2023-08-01
6922,2023-07-31 11:50:00,19750.0,19705.6,6118300,2009950,74.75,94.85,142800,96100,0.382085,-0.62849,0.00287056,0.00310415,12.001373,11.001662,2023-08-01
12179,2023-07-31 11:50:00,19800.0,19705.6,10916250,3686750,53.25,123.35,179350,69250,0.246343,-0.774571,0.00241144,0.00252164,11.810407,10.755037,2023-08-01
17435,2023-07-31 11:50:00,19850.0,19705.6,4518650,616450,36.45,156.3,80500,17750,0.139947,-0.886669,0.00172475,0.00166488,11.653996,10.422174,2023-08-01
22689,2023-07-31 11:50:00,19900.0,19705.6,6677700,686800,23.95,194.05,110750,24500,0.069385,-0.954798,0.00104461,0.00085187,11.531856,10.087199,2023-08-01
27942,2023-07-31 11:50:00,19950.0,19705.6,4117950,115350,15.3,235.3,75850,1450,0.030419,-0.988053,0.00054114,0.0002946,11.489296,9.540429,2023-08-01
25317,2023-07-31 11:51:00,19450.0,19703.75,170250,3177050,293.0,13.35,1550,33750,0.943165,-0.031089,0.00069425,0.00050284,14.859453,12.594433,2023-08-01
20064,2023-07-31 11:51:00,19500.0,19703.75,1243050,7749200,249.05,19.25,12500,109200,0.908155,-0.062213,0.00104625,0.00089949,14.238595,12.31112,2023-08-01
14809,2023-07-31 11:51:00,19550.0,19703.75,542100,4568800,206.75,27.1,19350,79050,0.854629,-0.11531,0.00151738,0.00146771,13.597064,11.973622,2023-08-01
9552,2023-07-31 11:51:00,19600.0,19703.75,6354250,14896100,167.85,38.3,71750,170850,0.77252,-0.201618,0.00207623,0.00216738,13.134483,11.729186,2023-08-01
4292,2023-07-31 11:51:00,19650.0,19703.75,3237450,6266150,132.15,52.35,77300,151750,0.66116,-0.321751,0.00260594,0.00284701,12.689306,11.37665,2023-08-01
1661,2023-07-31 11:51:00,19700.0,19703.75,9383600,9473100,101.1,71.0,258100,397650,0.524067,-0.47345,0.00290809,0.00324407,12.374146,11.08819,2023-08-01
6923,2023-07-31 11:51:00,19750.0,19703.75,6118300,2009950,74.8,94.85,188800,129700,0.377985,-0.635967,0.00283309,0.0031246,12.124978,10.860951,2023-08-01
12180,2023-07-31 11:51:00,19800.0,19703.75,10916250,3686750,53.3,123.0,237950,109000,0.243804,-0.784282,0.00237759,0.00251356,11.916713,10.524956,2023-08-01
17436,2023-07-31 11:51:00,19850.0,19703.75,4518650,616450,36.45,156.55,94600,34350,0.13846,-0.894128,0.00170052,0.00161616,11.739056,10.228162,2023-08-01
22690,2023-07-31 11:51:00,19900.0,19703.75,6677700,686800,23.9,194.05,86700,25950,0.068504,-0.961633,0.00102905,0.00077214,11.596156,9.748706,2023-08-01
27943,2023-07-31 11:51:00,19950.0,19703.75,4117950,115350,15.3,236.6,74200,1800,0.030116,-0.989439,0.00053385,0.00026808,11.554589,9.421711,2023-08-01
25318,2023-07-31 11:52:00,19450.0,19697.8,170250,3177050,284.4,13.9,1950,148100,0.949102,-0.033693,0.00067381,0.00053951,14.037653,12.551259,2023-08-01
20065,2023-07-31 11:52:00,19500.0,19697.8,1243050,7749200,240.9,20.1,63100,298800,0.912295,-0.067269,0.00106118,0.00095842,13.573354,12.28439,2023-08-01
14810,2023-07-31 11:52:00,19550.0,19697.8,542100,4568800,198.85,28.4,41750,264500,0.856132,-0.124213,0.00157619,0.00154768,13.006252,11.973596,2023-08-01
9553,2023-07-31 11:52:00,19600.0,19697.8,6354250,14896100,160.35,40.2,376750,541800,0.76896,-0.215269,0.00218258,0.00224851,12.611395,11.758537,2023-08-01
4293,2023-07-31 11:52:00,19650.0,19697.8,3237450,6266150,125.25,54.95,338700,374550,0.650661,-0.339598,0.00273661,0.00289606,12.229922,11.434811,2023-08-01
1662,2023-07-31 11:52:00,19700.0,19697.8,9383600,9473100,95.4,74.25,1054300,1182000,0.506853,-0.492814,0.00299834,0.0032326,12.02905,11.157152,2023-08-01
6924,2023-07-31 11:52:00,19750.0,19697.8,6118300,2009950,69.7,98.85,613550,363050,0.357311,-0.653198,0.00286262,0.00304752,11.786353,10.95283,2023-08-01
12181,2023-07-31 11:52:00,19800.0,19697.8,10916250,3686750,49.3,128.45,686750,313200,0.224457,-0.793972,0.00232656,0.0023965,11.639987,10.752022,2023-08-01
17437,2023-07-31 11:52:00,19850.0,19697.8,4518650,616450,33.45,162.8,328100,63300,0.123817,-0.89684,0.00160642,0.00154086,11.510063,10.534521,2023-08-01
22691,2023-07-31 11:52:00,19900.0,19697.8,6677700,686800,21.8,200.65,377300,54800,0.059555,-0.960837,0.00093823,0.00075766,11.413582,10.108676,2023-08-01
27944,2023-07-31 11:52:00,19950.0,19697.8,4117950,115350,13.8,243.0,320400,7700,0.025299,-0.988812,0.00046878,0.00027257,11.385821,9.749708,2023-08-01
25319,2023-07-31 11:53:00,19450.0,19689.75,167550,3183250,280.9,14.15,4500,162800,0.933902,-0.035937,0.00078634,0.00057839,14.78119,12.353107,2023-08-01
20066,2023-07-31 11:53:00,19500.0,19689.75,1236450,7712600,237.1,20.45,34700,405250,0.895102,-0.071668,0.00116673,0.00102527,14.092095,12.066059,2023-08-01
14811,2023-07-31 11:53:00,19550.0,19689.75,532400,4634600,195.85,28.85,43450,290900,0.833694,-0.132057,0.00166888,0.00165032,13.527658,11.725174,2023-08-01
9554,2023-07-31 11:53:00,19600.0,19689.75,6353450,14903150,157.75,40.8,224150,646750,0.743723,-0.228339,0.00223066,0.00238461,13.059575,11.475255,2023-08-01
4294,2023-07-31 11:53:00,19650.0,19689.75,3192050,6299200,123.05,55.8,243450,602100,0.624712,-0.359496,0.00272065,0.00304362,12.614513,11.116875,2023-08-01
1663,2023-07-31 11:53:00,19700.0,19689.75,9292500,9586050,93.2,75.35,784450,1230750,0.483149,-0.519593,0.00293103,0.00334379,12.304877,10.782556,2023-08-01
6925,2023-07-31 11:53:00,19750.0,19689.75,6055150,2018200,67.8,100.4,601450,360600,0.337378,-0.684289,0.00275327,0.00305796,12.006015,10.521552,2023-08-01
12182,2023-07-31 11:53:00,19800.0,19689.75,10872350,3672900,47.8,130.05,567050,305600,0.209849,-0.826345,0.00220394,0.00228315,11.827335,10.166079,2023-08-01
17438,2023-07-31 11:53:00,19850.0,19689.75,4495900,622300,32.35,164.6,248650,57250,0.114644,-0.925442,0.00150074,0.00130927,11.677291,9.73896,2023-08-01
22692,2023-07-31 11:53:00,19900.0,19689.75,6679500,675200,20.95,203.35,382950,41150,0.054372,-0.979261,0.00086376,0.00049692,11.547879,9.091709,2023-08-01
27945,2023-07-31 11:53:00,19950.0,19689.75,4138250,114550,13.15,246.2,179800,3050,0.022678,-0.99783,0.0004241,7.657e-05,11.488532,8.067521,2023-08-01
25320,2023-07-31 11:54:00,19450.0,19692.15,167550,3183250,284.2,13.9,23500,151950,0.93215,-0.03469,0.00078736,0.00056132,15.066471,12.367304,2023-08-01
20067,2023-07-31 11:54:00,19500.0,19692.15,1236450,7712600,240.85,20.05,40650,353200,0.892326,-0.069236,0.00116004,0.00099833,14.44594,12.069288,2023-08-01
14812,2023-07-31 11:54:00,19550.0,19692.15,532400,4634600,198.95,28.1,36700,338000,0.833778,-0.127353,0.00164133,0.00161456,13.752725,11.689647,2023-08-01
9555,2023-07-31 11:54:00,19600.0,19692.15,6353450,14903150,160.45,39.85,206950,529500,0.746447,-0.221912,0.00219081,0.00235387,13.225311,11.440642,2023-08-01
4295,2023-07-31 11:54:00,19650.0,19692.15,3192050,6299200,125.3,54.45,204650,403400,0.630125,-0.351436,0.00268382,0.00303615,12.730561,11.057164,2023-08-01
1664,2023-07-31 11:54:00,19700.0,19692.15,9292500,9586050,95.0,73.8,680350,842750,0.490254,-0.511646,0.0029147,0.00336355,12.383411,10.729525,2023-08-01
6926,2023-07-31 11:54:00,19750.0,19692.15,6055150,2018200,69.5,98.25,323450,242050,0.345148,-0.678635,0.00275574,0.00311216,12.101767,10.417744,2023-08-01
12183,2023-07-31 11:54:00,19800.0,19692.15,10872350,3672900,49.0,127.85,567350,177700,0.216268,-0.822898,0.00223219,0.00233147,11.886899,10.082041,2023-08-01
17439,2023-07-31 11:54:00,19850.0,19692.15,4495900,622300,33.2,162.05,221550,38050,0.119046,-0.924953,0.00153619,0.00133302,11.718715,9.615037,2023-08-01
22693,2023-07-31 11:54:00,19900.0,19692.15,6679500,675200,21.45,200.35,203200,27350,0.056624,-0.980788,0.00089104,0.00047843,11.560981,8.851504,2023-08-01
27946,2023-07-31 11:54:00,19950.0,19692.15,4138250,114550,13.6,242.9,198250,5350,0.024057,-0.998829,0.00044428,4.699e-05,11.527312,7.493531,2023-08-01
25321,2023-07-31 11:55:00,19450.0,19696.5,167550,3183250,285.0,13.9,2050,105450,0.943421,-0.033851,0.00071303,0.00054382,14.439361,12.512194,2023-08-01
20068,2023-07-31 11:55:00,19500.0,19696.5,1236450,7712600,240.8,20.15,17850,168850,0.907995,-0.067831,0.00108506,0.00096813,13.76883,12.25146,2023-08-01
14813,2023-07-31 11:55:00,19550.0,19696.5,532400,4634600,199.1,28.3,30300,166500,0.850251,-0.124693,0.0015937,0.00156224,13.226563,11.905631,2023-08-01
9556,2023-07-31 11:55:00,19600.0,19696.5,6353450,14903150,160.4,40.0,185300,304850,0.763654,-0.216282,0.00218594,0.00227405,12.763865,11.669472,2023-08-01
4296,2023-07-31 11:55:00,19650.0,19696.5,3192050,6299200,125.35,54.85,194550,306100,0.645713,-0.342208,0.00272347,0.00292829,12.363415,11.353058,2023-08-01
1665,2023-07-31 11:55:00,19700.0,19696.5,9292500,9586050,95.05,74.35,687400,537150,0.502932,-0.497037,0.00298896,0.00325582,12.08,11.089865,2023-08-01
6927,2023-07-31 11:55:00,19750.0,19696.5,6055150,2018200,69.6,98.85,427800,167300,0.35428,-0.658705,0.00284006,0.00306021,11.855787,10.852632,2023-08-01
12184,2023-07-31 11:55:00,19800.0,19696.5,10872350,3672900,49.25,128.6,594050,148150,0.222474,-0.79964,0.00230448,0.00238258,11.703695,10.646543,2023-08-01
17440,2023-07-31 11:55:00,19850.0,19696.5,4495900,622300,33.45,162.8,177000,30600,0.122779,-0.902733,0.00159003,0.00150191,11.571599,10.363512,2023-08-01
22694,2023-07-31 11:55:00,19900.0,19696.5,6679500,675200,21.8,201.0,236750,26800,0.05904,-0.964366,0.00092837,0.00071393,11.467545,9.941184,2023-08-01
27947,2023-07-31 11:55:00,19950.0,19696.5,4138250,114550,13.9,243.0,132600,2350,0.025328,-0.991701,0.00046668,0.00021903,11.459388,9.354324,2023-08-01
25322,2023-07-31 11:56:00,19450.0,19698.25,148350,3166950,284.65,13.85,1200,75600,0.949874,-0.03336,0.00066752,0.00053549,14.015252,12.557593,2023-08-01
20069,2023-07-31 11:56:00,19500.0,19698.25,1234300,7744800,241.75,20.0,24100,138350,0.911352,-0.066606,0.00106265,0.00095227,13.679208,12.28381,2023-08-01
14814,2023-07-31 11:56:00,19550.0,19698.25,531900,4708600,199.05,28.2,17850,102950,0.857428,-0.122983,0.0015705,0.0015405,12.98916,11.960022,2023-08-01
9557,2023-07-31 11:56:00,19600.0,19698.25,6361450,14870850,160.9,39.85,147650,250950,0.769411,-0.213418,0.00217515,0.00224563,12.655609,11.728472,2023-08-01
4297,2023-07-31 11:56:00,19650.0,19698.25,3191500,6261650,126.3,54.55,188250,244750,0.650688,-0.337759,0.00271375,0.00290081,12.347215,11.405769,2023-08-01
1666,2023-07-31 11:56:00,19700.0,19698.25,9484950,9400050,95.8,73.9,443800,439150,0.508167,-0.491375,0.00299459,0.00324061,12.05766,11.141977,2023-08-01
6928,2023-07-31 11:56:00,19750.0,19698.25,6031600,1985750,70.2,98.5,272900,139550,0.358966,-0.65216,0.00285896,0.00305716,11.834462,10.943296,2023-08-01
12185,2023-07-31 11:56:00,19800.0,19698.25,11031100,3625000,49.55,127.7,354900,112500,0.225594,-0.794614,0.00233204,0.00240933,11.659734,10.687621,2023-08-01
17441,2023-07-31 11:56:00,19850.0,19698.25,4521750,614800,33.65,162.0,124950,19600,0.124638,-0.898117,0.00161307,0.00154012,11.52941,10.457002,2023-08-01
22695,2023-07-31 11:56:00,19900.0,19698.25,6736150,662200,21.85,200.25,163850,22650,0.059719,-0.960734,0.0009415,0.00076044,11.411992,10.105255,2023-08-01
27948,2023-07-31 11:56:00,19950.0,19698.25,4122550,113950,13.95,243.55,91150,550,0.025656,-0.986608,0.0004737,0.00030943,11.41433,10.0481,2023-08-01
25323,2023-07-31 11:57:00,19450.0,19699.0,148350,3166950,285.15,13.8,450,33500,0.950792,-0.033054,0.00065937,0.00053106,13.984307,12.569972,2023-08-01
20070,2023-07-31 11:57:00,19500.0,19699.0,1234300,7744800,242.25,20.0,11500,84050,0.91251,-0.066286,0.00105404,0.00094678,13.659979,12.312359,2023-08-01
14815,2023-07-31 11:57:00,19550.0,19699.0,531900,4708600,200.1,28.1,12450,94800,0.857088,-0.122026,0.00156307,0.00153078,13.075428,11.973427,2023-08-01
9558,2023-07-31 11:57:00,19600.0,19699.0,6361450,14870850,161.75,39.8,90200,159450,0.770168,-0.212223,0.00216264,0.00223353,12.70878,11.756564,2023-08-01
4298,2023-07-31 11:57:00,19650.0,19699.0,3191500,6261650,127.0,54.55,96750,148300,0.652346,-0.336101,0.00270192,0.00288552,12.382932,11.447344,2023-08-01
1667,2023-07-31 11:57:00,19700.0,19699.0,9484950,9400050,96.55,73.65,325100,304250,0.510376,-0.488962,0.00298262,0.00323668,12.107661,11.15679,2023-08-01
6929,2023-07-31 11:57:00,19750.0,19699.0,6031600,1985750,70.65,98.4,141200,87450,0.361274,-0.649309,0.00286163,0.00305427,11.852708,10.989276,2023-08-01
12186,2023-07-31 11:57:00,19800.0,19699.0,11031100,3625000,50.0,127.6,205250,60850,0.227844,-0.791553,0.00233987,0.00241747,11.689046,10.748115,2023-08-01
17442,2023-07-31 11:57:00,19850.0,19699.0,4521750,614800,33.95,161.7,74600,12500,0.126155,-0.896004,0.00162459,0.00155665,11.547769,10.50415,2023-08-01
22696,2023-07-31 11:57:00,19900.0,19699.0,6736150,662200,22.05,200.0,128800,17700,0.060577,-0.958943,0.00095127,0.00078219,11.4247,10.189608,2023-08-01
27949,2023-07-31 11:57:00,19950.0,19699.0,4122550,113950,14.05,242.0,54950,400,0.025991,-0.988401,0.00047893,0.0002809,11.41566,9.776331,2023-08-01
25324,2023-07-31 11:58:00,19450.0,19700.85,148350,3166950,286.75,13.55,350,33100,0.951967,-0.031979,0.00064657,0.00051713,13.991203,12.563715,2023-08-01
20071,2023-07-31 11:58:00,19500.0,19700.85,1234300,7744800,244.35,19.55,12050,111850,0.912587,-0.064022,0.00104415,0.00092409,13.783241,12.281655,2023-08-01
14816,2023-07-31 11:58:00,19550.0,19700.85,531900,4708600,202.45,27.5,20100,123850,0.856979,-0.118481,0.00154437,0.00150393,13.243292,11.939079,2023-08-01
9559,2023-07-31 11:58:00,19600.0,19700.85,6361450,14870850,163.45,39.0,106600,273550,0.773043,-0.207248,0.00213666,0.0022107,12.775337,11.71588,2023-08-01
4299,2023-07-31 11:58:00,19650.0,19700.85,3191500,6261650,128.25,53.65,94700,177250,0.657169,-0.330337,0.00268477,0.00287385,12.399827,11.417905,2023-08-01
1668,2023-07-31 11:58:00,19700.0,19700.85,9484950,9400050,97.6,72.65,348250,319900,0.515878,-0.482955,0.00297931,0.00324095,12.118148,11.138528,2023-08-01
6930,2023-07-31 11:58:00,19750.0,19700.85,6031600,1985750,71.75,96.95,180950,127450,0.366982,-0.644403,0.00286754,0.00308578,11.893407,10.933608,2023-08-01
12187,2023-07-31 11:58:00,19800.0,19700.85,11031100,3625000,50.8,125.8,251150,83350,0.232575,-0.788988,0.00236265,0.00245489,11.712621,10.662903,2023-08-01
17443,2023-07-31 11:58:00,19850.0,19700.85,4521750,614800,34.5,159.8,103850,22550,0.129332,-0.895076,0.00165172,0.00158011,11.558498,10.417191,2023-08-01
22697,2023-07-31 11:58:00,19900.0,19700.85,6736150,662200,22.5,197.7,120100,13700,0.062625,-0.960055,0.0009748,0.00077779,11.444441,10.023338,2023-08-01
27950,2023-07-31 11:58:00,19950.0,19700.85,4122550,113950,14.2,239.5,74800,1300,0.026604,-0.989748,0.00048947,0.00025939,11.392032,9.509884,2023-08-01
25325,2023-07-31 11:59:00,19450.0,19698.75,147700,3190350,285.0,13.95,500,50750,0.95049,-0.033484,0.00066208,0.00053558,14.003981,12.604902,2023-08-01
20072,2023-07-31 11:59:00,19500.0,19698.75,1228850,7744900,242.1,20.1,17950,98850,0.912141,-0.066649,0.00105688,0.00095021,13.674677,12.327583,2023-08-01
14817,2023-07-31 11:59:00,19550.0,19698.75,532950,4689800,199.85,28.25,11450,81550,0.856957,-0.12266,0.00156581,0.00153478,13.068719,11.993104,2023-08-01
9560,2023-07-31 11:59:00,19600.0,19698.75,6361650,14833000,160.8,39.9,70750,180300,0.771817,-0.212781,0.00217536,0.0022371,12.591337,11.763069,2023-08-01
4300,2023-07-31 11:59:00,19650.0,19698.75,3206150,6237550,126.0,54.8,95450,138050,0.653102,-0.337071,0.00272736,0.00288432,12.26515,11.472016,2023-08-01
1669,2023-07-31 11:59:00,19700.0,19698.75,9612950,9345400,95.85,74.15,319550,355100,0.509663,-0.48982,0.00300315,0.00322307,12.032895,11.21147,2023-08-01
6931,2023-07-31 11:59:00,19750.0,19698.75,6105000,1958300,70.05,98.6,185550,95400,0.359713,-0.650044,0.00287488,0.00305106,11.787826,10.999259,2023-08-01
12188,2023-07-31 11:59:00,19800.0,19698.75,11150300,3621900,49.45,128.0,210450,81200,0.225831,-0.791511,0.00234274,0.00241103,11.623631,10.78481,2023-08-01
17444,2023-07-31 11:59:00,19850.0,19698.75,4570250,619650,33.65,162.4,103550,25500,0.124851,-0.894585,0.00161891,0.0015596,11.511631,10.594249,2023-08-01
22698,2023-07-31 11:59:00,19900.0,19698.75,6815150,665600,21.8,200.1,114250,17000,0.059608,-0.959584,0.00094302,0.00077451,11.386977,10.166324,2023-08-01
27951,2023-07-31 11:59:00,19950.0,19698.75,4151300,113600,13.8,242.55,49650,2000,0.025263,-0.987786,0.00047013,0.00029092,11.36339,9.878471,2023-08-01
25326,2023-07-31 12:00:00,19450.0,19696.25,147700,3190350,283.0,14.15,2450,40700,0.948461,-0.034501,0.0006823,0.00055037,14.036878,12.577403,2023-08-01
20073,2023-07-31 12:00:00,19500.0,19696.25,1228850,7744900,240.15,20.45,74500,159500,0.909283,-0.068777,0.00108157,0.00097509,13.690343,12.313557,2023-08-01
14818,2023-07-31 12:00:00,19550.0,19696.25,532950,4689800,198.25,28.8,16050,115650,0.852109,-0.126457,0.00159555,0.00156861,13.121504,11.99235,2023-08-01
9561,2023-07-31 12:00:00,19600.0,19696.25,6361650,14833000,159.2,40.5,174600,380500,0.766013,-0.217954,0.00220311,0.00227346,12.613641,11.742445,2023-08-01
4301,2023-07-31 12:00:00,19650.0,19696.25,3206150,6237550,124.65,55.45,141700,233600,0.645975,-0.343754,0.00274236,0.00291772,12.293757,11.430978,2023-08-01
1670,2023-07-31 12:00:00,19700.0,19696.25,9612950,9345400,94.6,74.85,451950,584250,0.502146,-0.497889,0.00300244,0.00324404,12.044264,11.147265,2023-08-01
6932,2023-07-31 12:00:00,19750.0,19696.25,6105000,1958300,68.95,99.5,211050,166850,0.352505,-0.658685,0.00285556,0.00304387,11.788257,10.927774,2023-08-01
12189,2023-07-31 12:00:00,19800.0,19696.25,11150300,3621900,48.6,129.05,424300,136700,0.220016,-0.799586,0.00230842,0.0023762,11.627401,10.693155,2023-08-01
17445,2023-07-31 12:00:00,19850.0,19696.25,4570250,619650,32.85,163.85,137000,28750,0.120305,-0.900137,0.00158114,0.00151095,11.488859,10.5181,2023-08-01
22699,2023-07-31 12:00:00,19900.0,19696.25,6815150,665600,21.2,202.1,117550,28900,0.05684,-0.961837,0.00091078,0.00074105,11.362597,10.145185,2023-08-01
27952,2023-07-31 12:00:00,19950.0,19696.25,4151300,113600,13.4,244.25,89850,1800,0.023906,-0.989721,0.00044971,0.00025513,11.346203,9.699616,2023-08-01
25327,2023-07-31 12:01:00,19450.0,19695.6,147700,3190350,282.65,14.05,1750,59650,0.947457,-0.034301,0.00069063,0.00054998,14.086549,12.530356,2023-08-01
20074,2023-07-31 12:01:00,19500.0,19695.6,1228850,7744900,240.5,20.35,17300,118700,0.905872,-0.06865,0.0010979,0.00097754,13.864908,12.269255,2023-08-01
14819,2023-07-31 12:01:00,19550.0,19695.6,532950,4689800,198.95,28.35,15950,118900,0.84737,-0.125288,0.0016046,0.00157311,13.329147,11.884833,2023-08-01
9562,2023-07-31 12:01:00,19600.0,19695.6,6361650,14833000,159.65,40.1,138000,325250,0.762207,-0.217571,0.00219898,0.00228998,12.754505,11.649824,2023-08-01
4302,2023-07-31 12:01:00,19650.0,19695.6,3206150,6237550,125.0,54.95,95800,216050,0.643042,-0.344265,0.00272724,0.00294773,12.4022,11.324734,2023-08-01
1671,2023-07-31 12:01:00,19700.0,19695.6,9612950,9345400,94.7,74.4,340950,374650,0.5002,-0.50003,0.00298805,0.00327546,12.106529,11.044193,2023-08-01
6933,2023-07-31 12:01:00,19750.0,19695.6,6105000,1958300,69.2,99.05,206450,131100,0.351521,-0.662331,0.00283549,0.00306424,11.863758,10.814152,2023-08-01
12190,2023-07-31 12:01:00,19800.0,19695.6,11150300,3621900,48.8,128.3,238050,125650,0.219719,-0.805217,0.0022947,0.00237609,11.691825,10.514559,2023-08-01
17446,2023-07-31 12:01:00,19850.0,19695.6,4570250,619650,33.0,163.0,124800,26200,0.120338,-0.906283,0.0015744,0.00147586,11.544081,10.2809,2023-08-01
22700,2023-07-31 12:01:00,19900.0,19695.6,6815150,665600,21.4,201.35,117850,16150,0.057256,-0.966571,0.00091097,0.00068511,11.429412,9.847983,2023-08-01
27953,2023-07-31 12:01:00,19950.0,19695.6,4151300,113600,13.5,244.2,80250,1100,0.024062,-0.991241,0.00045038,0.00022692,11.3953,9.484276,2023-08-01
25328,2023-07-31 12:02:00,19450.0,19697.1,146100,3194600,283.55,14.1,1450,66950,0.949578,-0.034144,0.00067261,0.00054524,14.000565,12.594644,2023-08-01
20075,2023-07-31 12:02:00,19500.0,19697.1,1250550,7745950,239.8,20.35,18850,98500,0.913541,-0.068027,0.00105985,0.00096649,13.486985,12.325453,2023-08-01
14820,2023-07-31 12:02:00,19550.0,19697.1,543350,4681000,198.3,28.65,32750,96800,0.85542,-0.125188,0.00158436,0.00155721,13.022085,12.002265,2023-08-01
9563,2023-07-31 12:02:00,19600.0,19697.1,6379650,14893300,159.1,40.4,163750,239700,0.769831,-0.216409,0.00220232,0.00226036,12.510203,11.768701,2023-08-01
4303,2023-07-31 12:02:00,19650.0,19697.1,3230350,6288950,124.6,55.35,105050,166400,0.649265,-0.34164,0.00275227,0.00290394,12.215331,11.464974,2023-08-01
1672,2023-07-31 12:02:00,19700.0,19697.1,9690650,9411100,94.35,74.75,426050,361950,0.5047,-0.495156,0.00302727,0.00323312,11.951543,11.190559,2023-08-01
6934,2023-07-31 12:02:00,19750.0,19697.1,6191300,1970350,68.95,99.5,193050,125000,0.354255,-0.655253,0.00287402,0.00303785,11.739912,10.997033,2023-08-01
12191,2023-07-31 12:02:00,19800.0,19697.1,11235800,3645100,48.55,129.0,321800,84400,0.220882,-0.795964,0.00232452,0.00238541,11.57943,10.772719,2023-08-01
17447,2023-07-31 12:02:00,19850.0,19697.1,4565550,629950,32.9,163.3,108400,18600,0.120966,-0.898607,0.00159174,0.00152607,11.46284,10.535966,2023-08-01
22701,2023-07-31 12:02:00,19900.0,19697.1,6799450,674700,21.45,201.7,141000,22500,0.057842,-0.960253,0.0009222,0.00076111,11.383728,10.216166,2023-08-01
27954,2023-07-31 12:02:00,19950.0,19697.1,4205850,114450,13.5,243.55,142600,1400,0.024221,-0.98939,0.00045494,0.0002618,11.346238,9.722452,2023-08-01
25329,2023-07-31 12:03:00,19450.0,19698.35,146100,3194600,284.3,13.85,1550,47450,0.951337,-0.033159,0.00065741,0.00053345,13.92764,12.569723,2023-08-01
20076,2023-07-31 12:03:00,19500.0,19698.35,1250550,7745950,240.85,20.1,25150,79500,0.914771,-0.066652,0.00104807,0.00095216,13.496463,12.317876,2023-08-01
14821,2023-07-31 12:03:00,19550.0,19698.35,543350,4681000,199.6,28.2,16150,123300,0.856292,-0.122597,0.0015706,0.0015388,13.085796,11.972272,2023-08-01
9564,2023-07-31 12:03:00,19600.0,19698.35,6379650,14893300,160.65,39.8,180750,305950,0.770716,-0.212834,0.00217925,0.00224592,12.61843,11.733018,2023-08-01
4304,2023-07-31 12:03:00,19650.0,19698.35,3230350,6288950,125.8,54.6,77950,193550,0.652001,-0.337463,0.00273092,0.00290088,12.278595,11.425777,2023-08-01
1673,2023-07-31 12:03:00,19700.0,19698.35,9690650,9411100,95.5,73.9,302100,342150,0.508445,-0.4911,0.0030102,0.00324354,12.020336,11.155324,2023-08-01
6935,2023-07-31 12:03:00,19750.0,19698.35,6191300,1970350,69.9,98.4,136650,112750,0.358481,-0.652213,0.00287265,0.00306337,11.797477,10.943642,2023-08-01
12192,2023-07-31 12:03:00,19800.0,19698.35,11235800,3645100,49.3,127.75,222450,79850,0.22468,-0.794404,0.00233798,0.00241068,11.627933,10.710734,2023-08-01
17448,2023-07-31 12:03:00,19850.0,19698.35,4565550,629950,33.5,162.2,79850,13150,0.123866,-0.897328,0.00161219,0.00154428,11.509951,10.509694,2023-08-01
22702,2023-07-31 12:03:00,19900.0,19698.35,6799450,674700,21.6,200.0,89000,13400,0.058685,-0.961496,0.00093429,0.00075256,11.367643,10.070863,2023-08-01
27955,2023-07-31 12:03:00,19950.0,19698.35,4205850,114450,13.75,243.45,106250,550,0.024995,-0.986764,0.00046627,0.00030705,11.369667,10.045451,2023-08-01
25330,2023-07-31 12:04:00,19450.0,19697.3,146100,3194600,287.0,13.95,1700,34550,0.940487,-0.033615,0.00072774,0.00053994,14.760308,12.563405,2023-08-01
20077,2023-07-31 12:04:00,19500.0,19697.3,1250550,7745950,241.35,20.2,15400,127150,0.909423,-0.06736,0.0010754,0.00096151,13.769159,12.302562,2023-08-01
14822,2023-07-31 12:04:00,19550.0,19697.3,543350,4681000,199.4,28.35,15700,83800,0.852779,-0.123872,0.00158411,0.0015524,13.191433,11.957985,2023-08-01
9565,2023-07-31 12:04:00,19600.0,19697.3,6379650,14893300,160.4,40.1,98100,175500,0.767154,-0.215131,0.00218569,0.00226086,12.694487,11.732759,2023-08-01
4305,2023-07-31 12:04:00,19650.0,19697.3,3230350,6288950,125.75,54.9,94150,110200,0.648182,-0.340313,0.00272347,0.00291453,12.365646,11.413166,2023-08-01
1674,2023-07-31 12:04:00,19700.0,19697.3,9690650,9411100,95.35,74.1,263750,233100,0.505265,-0.494503,0.00299739,0.00325665,12.077681,11.116089,2023-08-01
6936,2023-07-31 12:04:00,19750.0,19697.3,6191300,1970350,69.6,98.55,197250,87850,0.355701,-0.656318,0.00286011,0.00306811,11.821133,10.882444,2023-08-01
12193,2023-07-31 12:04:00,19800.0,19697.3,11235800,3645100,49.1,127.9,164250,53950,0.222666,-0.798822,0.00232172,0.00239884,11.653743,10.628796,2023-08-01
17449,2023-07-31 12:04:00,19850.0,19697.3,4565550,629950,33.35,162.1,74050,11350,0.12257,-0.902396,0.00159779,0.00151129,11.532549,10.353179,2023-08-01
22703,2023-07-31 12:04:00,19900.0,19697.3,6799450,674700,21.6,200.6,63300,6850,0.058321,-0.963246,0.00092668,0.00072937,11.409227,10.0073,2023-08-01
27956,2023-07-31 12:04:00,19950.0,19697.3,4205850,114450,13.6,242.75,79250,1750,0.024458,-0.990697,0.00045807,0.00023858,11.368021,9.517622,2023-08-01
25331,2023-07-31 12:05:00,19450.0,19696.0,145750,3202000,284.75,13.85,550,29850,0.942819,-0.033532,0.00071811,0.000542,14.501468,12.494765,2023-08-01
20078,2023-07-31 12:05:00,19500.0,19696.0,1260700,7761350,240.6,20.15,15300,67450,0.90712,-0.067652,0.00109118,0.0009696,13.829827,12.245308,2023-08-01
14823,2023-07-31 12:05:00,19550.0,19696.0,545000,4659550,199.4,28.25,11350,63750,0.847682,-0.124444,0.0016003,0.00156721,13.362773,11.887601,2023-08-01
9566,2023-07-31 12:05:00,19600.0,19696.0,6384900,14883350,160.5,39.95,68700,181450,0.76169,-0.216391,0.00218776,0.00228563,12.850591,11.649258,2023-08-01
4306,2023-07-31 12:05:00,19650.0,19696.0,3254350,6290900,125.95,54.65,58100,129350,0.643108,-0.342715,0.00270687,0.00295072,12.509677,11.307548,2023-08-01
1675,2023-07-31 12:05:00,19700.0,19696.0,9869000,9457250,95.45,73.9,269850,300150,0.501373,-0.498757,0.00297181,0.00329094,12.187157,11.005345,2023-08-01
6937,2023-07-31 12:05:00,19750.0,19696.0,6251550,1976550,69.7,98.45,105900,89050,0.353073,-0.662013,0.00283108,0.00308275,11.91527,10.765987,2023-08-01
12194,2023-07-31 12:05:00,19800.0,19696.0,11320350,3655950,49.3,127.8,161900,64450,0.22151,-0.805303,0.00229641,0.00238553,11.751585,10.482659,2023-08-01
17450,2023-07-31 12:05:00,19850.0,19696.0,4598750,633750,33.25,162.0,67900,11350,0.121287,-0.908598,0.00158087,0.00146787,11.57439,10.159509,2023-08-01
22704,2023-07-31 12:05:00,19900.0,19696.0,6796550,678050,21.5,200.5,80550,6800,0.05756,-0.968102,0.00091503,0.00066795,11.440069,9.729662,2023-08-01
27957,2023-07-31 12:05:00,19950.0,19696.0,4248900,114500,13.6,242.75,44250,4000,0.024278,-0.993361,0.00045361,0.0001856,11.413202,9.096731,2023-08-01
25332,2023-07-31 12:06:00,19450.0,19692.6,145750,3202000,282.35,14.15,900,94200,0.939058,-0.03503,0.00074984,0.00056349,14.606462,12.463948,2023-08-01
20079,2023-07-31 12:06:00,19500.0,19692.6,1260700,7761350,238.25,20.6,20800,84950,0.90222,-0.070527,0.0011277,0.00100384,13.904841,12.218994,2023-08-01
14824,2023-07-31 12:06:00,19550.0,19692.6,545000,4659550,196.95,28.85,10850,88050,0.841923,-0.129194,0.00163857,0.00161341,13.380734,11.857967,2023-08-01
9567,2023-07-31 12:06:00,19600.0,19692.6,6384900,14883350,158.4,40.8,61200,192350,0.753635,-0.223702,0.00222222,0.00233569,12.887342,11.624515,2023-08-01
4307,2023-07-31 12:06:00,19650.0,19692.6,3254350,6290900,123.9,55.9,63250,197800,0.633853,-0.3527,0.00273107,0.00298502,12.5138,11.301915,2023-08-01
1676,2023-07-31 12:06:00,19700.0,19692.6,9869000,9457250,93.6,75.45,271550,300650,0.49125,-0.509968,0.00297461,0.00329397,12.178629,10.997079,2023-08-01
6938,2023-07-31 12:06:00,19750.0,19692.6,6251550,1976550,68.15,100.25,115850,95800,0.343317,-0.672811,0.00280575,0.00305081,11.905343,10.74472,2023-08-01
12195,2023-07-31 12:06:00,19800.0,19692.6,11320350,3655950,47.95,129.85,179850,70400,0.213179,-0.814248,0.00225226,0.00232697,11.725177,10.445348,2023-08-01
17451,2023-07-31 12:06:00,19850.0,19692.6,4598750,633750,32.55,164.65,78150,18350,0.116566,-0.913423,0.00153367,0.00140958,11.606295,10.165819,2023-08-01
22705,2023-07-31 12:06:00,19900.0,19692.6,6796550,678050,21.05,203.3,108000,12900,0.055064,-0.970664,0.00088102,0.00062505,11.479018,9.705478,2023-08-01
27958,2023-07-31 12:06:00,19950.0,19692.6,4248900,114500,13.3,245.2,60150,800,0.023101,-0.995178,0.00043382,0.00014408,11.450844,8.825159,2023-08-01
25333,2023-07-31 12:07:00,19450.0,19695.55,145750,3202000,284.4,13.9,2550,81750,0.942462,-0.033709,0.00072154,0.00054465,14.512667,12.495911,2023-08-01
20080,2023-07-31 12:07:00,19500.0,19695.55,1260700,7761350,240.6,20.15,30700,221200,0.905565,-0.067752,0.00109936,0.00097244,13.90512,12.231256,2023-08-01
14825,2023-07-31 12:07:00,19550.0,19695.55,545000,4659550,198.45,28.35,40850,173450,0.848933,-0.125057,0.00160477,0.00157331,13.261056,11.889732,2023-08-01
9568,2023-07-31 12:07:00,19600.0,19695.55,6384900,14883350,159.95,40.1,192750,489600,0.761396,-0.217389,0.00219635,0.00229221,12.81701,11.654141,2023-08-01
4308,2023-07-31 12:07:00,19650.0,19695.55,3254350,6290900,124.85,54.95,209250,329800,0.643185,-0.344237,0.00273336,0.0029521,12.395312,11.328281,2023-08-01
1677,2023-07-31 12:07:00,19700.0,19695.55,9869000,9457250,94.75,74.25,549900,779700,0.500006,-0.500251,0.00298854,0.00328681,12.126643,11.026162,2023-08-01
6939,2023-07-31 12:07:00,19750.0,19695.55,6251550,1976550,69.2,99.0,309250,287450,0.351224,-0.662893,0.00283687,0.00306945,11.875988,10.808533,2023-08-01
12196,2023-07-31 12:07:00,19800.0,19695.55,11320350,3655950,48.75,128.25,442500,213750,0.219229,-0.805988,0.00229515,0.00237651,11.695836,10.506516,2023-08-01
17452,2023-07-31 12:07:00,19850.0,19695.55,4598750,633750,33.05,162.8,265950,38500,0.1202,-0.907617,0.00157338,0.00146851,11.563344,10.242093,2023-08-01
22706,2023-07-31 12:07:00,19900.0,19695.55,6796550,678050,21.4,201.0,175800,42750,0.05703,-0.968101,0.00090898,0.00066645,11.439749,9.757892,2023-08-01
27959,2023-07-31 12:07:00,19950.0,19695.55,4248900,114500,13.5,242.85,144300,4200,0.023927,-0.994055,0.00044868,0.00017065,11.40529,8.977112,2023-08-01
25334,2023-07-31 12:08:00,19450.0,19700.35,144850,3265650,287.7,13.55,1000,75900,0.947972,-0.031809,0.00067439,0.0005166,14.340298,12.559972,2023-08-01
20081,2023-07-31 12:08:00,19500.0,19700.35,1261200,7824150,242.8,19.6,35150,188950,0.91596,-0.06401,0.00103269,0.0009264,13.573165,12.286794,2023-08-01
14826,2023-07-31 12:08:00,19550.0,19700.35,546650,4689400,201.45,27.6,24800,125450,0.858515,-0.118756,0.00154829,0.00150977,13.153881,11.94898,2023-08-01
9569,2023-07-31 12:08:00,19600.0,19700.35,6386350,14925400,162.3,39.0,134050,318100,0.774486,-0.207471,0.00215359,0.00222116,12.668022,11.703934,2023-08-01
4309,2023-07-31 12:08:00,19650.0,19700.35,3262200,6289450,127.5,53.7,194000,246600,0.656746,-0.331249,0.00270434,0.00288812,12.353586,11.408876,2023-08-01
1678,2023-07-31 12:08:00,19700.0,19700.35,9813350,9513950,96.9,72.65,519100,453450,0.514393,-0.48459,0.00299964,0.00325787,12.07465,11.116499,2023-08-01
6940,2023-07-31 12:08:00,19750.0,19700.35,6227300,2110650,70.95,97.05,250500,223950,0.364355,-0.646659,0.00288515,0.00309278,11.828642,10.917576,2023-08-01
12197,2023-07-31 12:08:00,19800.0,19700.35,11277350,3648650,50.1,125.9,335750,152100,0.229444,-0.791568,0.00236462,0.00245076,11.650269,10.636394,2023-08-01
17453,2023-07-31 12:08:00,19850.0,19700.35,4558900,633400,34.05,159.9,144600,28100,0.126953,-0.897509,0.00164097,0.00156447,11.520385,10.375508,2023-08-01
22707,2023-07-31 12:08:00,19900.0,19700.35,6808200,688250,22.15,198.25,148250,33850,0.060947,-0.96042,0.00096032,0.00077182,11.40816,10.056568,2023-08-01
27960,2023-07-31 12:08:00,19950.0,19700.35,4261500,114800,14.0,240.05,85650,2000,0.025787,-0.98987,0.00047916,0.00025665,11.372427,9.540804,2023-08-01
25335,2023-07-31 12:09:00,19450.0,19694.6,144850,3265650,284.55,13.85,1300,56150,0.939149,-0.033683,0.00074327,0.00054652,14.73032,12.453549,2023-08-01
20082,2023-07-31 12:09:00,19500.0,19694.6,1261200,7824150,239.9,20.15,25100,189200,0.90439,-0.068049,0.00110886,0.00097896,13.921262,12.198857,2023-08-01
14827,2023-07-31 12:09:00,19550.0,19694.6,546650,4689400,198.0,28.4,12600,79800,0.846652,-0.125875,0.00161589,0.0015852,13.310289,11.862142,2023-08-01
9570,2023-07-31 12:09:00,19600.0,19694.6,6386350,14925400,159.05,40.25,107000,155150,0.760014,-0.219082,0.00221072,0.00230769,12.78236,11.635461,2023-08-01
4310,2023-07-31 12:09:00,19650.0,19694.6,3262200,6289450,124.4,55.05,107850,147000,0.640419,-0.346524,0.00273769,0.00297063,12.417194,11.292853,2023-08-01
1679,2023-07-31 12:09:00,19700.0,19694.6,9813350,9513950,94.55,74.6,309200,287350,0.497169,-0.503399,0.00297958,0.0032924,12.170779,11.014294,2023-08-01
6941,2023-07-31 12:09:00,19750.0,19694.6,6227300,2110650,68.8,99.6,187300,117950,0.348487,-0.665778,0.00282955,0.00305851,11.88062,10.81794,2023-08-01
12198,2023-07-31 12:09:00,19800.0,19694.6,11277350,3648650,48.4,128.85,217400,84800,0.21689,-0.808501,0.00228263,0.00236024,11.695165,10.501877,2023-08-01
17454,2023-07-31 12:09:00,19850.0,19694.6,4558900,633400,32.85,162.65,111450,15200,0.118779,-0.912514,0.00155981,0.00143317,11.5741,10.084999,2023-08-01
22708,2023-07-31 12:09:00,19900.0,19694.6,6808200,688250,21.2,201.6,108100,18650,0.05603,-0.969471,0.00089712,0.00064636,11.437999,9.708731,2023-08-01
27961,2023-07-31 12:09:00,19950.0,19694.6,4261500,114800,13.45,242.55,61800,4150,0.023645,-0.996219,0.00044368,0.00012056,11.427036,8.492565,2023-08-01
25336,2023-07-31 12:10:00,19450.0,19700.15,144850,3265650,287.55,13.5,700,57900,0.947828,-0.031648,0.00067586,0.00051548,14.349561,12.542216,2023-08-01
20083,2023-07-31 12:10:00,19500.0,19700.15,1261200,7824150,242.9,19.5,21350,153350,0.914982,-0.063668,0.00103794,0.00092514,13.630607,12.259827,2023-08-01
14828,2023-07-31 12:10:00,19550.0,19700.15,546650,4689400,200.9,27.5,20850,105300,0.859548,-0.118449,0.00154936,0.00151101,13.087715,11.924671,2023-08-01
9571,2023-07-31 12:10:00,19600.0,19700.15,6386350,14925400,161.65,38.95,129500,237100,0.775538,-0.207489,0.00216226,0.0022255,12.591636,11.688905,2023-08-01
4311,2023-07-31 12:10:00,19650.0,19700.15,3262200,6289450,126.9,53.6,123200,219450,0.65705,-0.33143,0.00271943,0.00289641,12.288559,11.385759,2023-08-01
1680,2023-07-31 12:10:00,19700.0,19700.15,9813350,9513950,96.35,72.5,406750,450150,0.513838,-0.485215,0.00301609,0.00326934,12.016825,11.085021,2023-08-01
6942,2023-07-31 12:10:00,19750.0,19700.15,6227300,2110650,70.5,97.0,205550,163800,0.36315,-0.647651,0.00289524,0.00309747,11.781561,10.896797,2023-08-01
12199,2023-07-31 12:10:00,19800.0,19700.15,11277350,3648650,49.85,126.25,266100,90350,0.228362,-0.791459,0.00236461,0.00244518,11.626684,10.67058,2023-08-01
17455,2023-07-31 12:10:00,19850.0,19700.15,4558900,633400,33.9,160.15,94400,15250,0.126197,-0.897562,0.00163706,0.00156206,11.507153,10.394045,2023-08-01
22709,2023-07-31 12:10:00,19900.0,19700.15,6808200,688250,22.0,198.45,100000,25750,0.060318,-0.960549,0.00095478,0.00076963,11.388692,10.064615,2023-08-01
27962,2023-07-31 12:10:00,19950.0,19700.15,4261500,114800,13.9,240.55,74600,4500,0.025456,-0.989271,0.00047496,0.0002671,11.356625,9.644523,2023-08-01
25337,2023-07-31 12:11:00,19450.0,19703.35,145150,3243900,288.45,13.05,2550,74200,0.955073,-0.029803,0.00061856,0.00049128,13.913814,12.523154,2023-08-01
20084,2023-07-31 12:11:00,19500.0,19703.35,1267000,7820650,243.9,18.95,30050,198500,0.923372,-0.060616,0.00098349,0.00089093,13.301569,12.253872,2023-08-01
14829,2023-07-31 12:11:00,19550.0,19703.35,538450,4667950,202.35,26.85,26600,164000,0.867709,-0.1138,0.00150752,0.00146772,12.913012,11.934133,2023-08-01
9572,2023-07-31 12:11:00,19600.0,19703.35,6410150,14885700,162.85,38.2,171700,321600,0.785422,-0.200938,0.00213488,0.00217843,12.429212,11.717146,2023-08-01
4312,2023-07-31 12:11:00,19650.0,19703.35,3267550,6227500,128.05,52.55,145250,230100,0.667259,-0.322456,0.0027147,0.00285971,12.168655,11.405621,2023-08-01
1681,2023-07-31 12:11:00,19700.0,19703.35,9905100,9475100,97.25,71.5,491000,440450,0.523677,-0.474897,0.00304107,0.00324606,11.90598,11.151651,2023-08-01
6943,2023-07-31 12:11:00,19750.0,19703.35,6241650,2188050,71.25,95.8,239000,210400,0.371425,-0.636721,0.00294014,0.00310743,11.690047,10.979935,2023-08-01
12200,2023-07-31 12:11:00,19800.0,19703.35,11277600,3660750,50.25,124.7,280800,130350,0.233874,-0.781809,0.00241866,0.00249125,11.520775,10.754675,2023-08-01
17456,2023-07-31 12:11:00,19850.0,19703.35,4565700,630050,34.25,158.35,98050,32700,0.1297,-0.890217,0.00168085,0.00162594,11.424244,10.499476,2023-08-01
22710,2023-07-31 12:11:00,19900.0,19703.35,6799900,700100,22.25,196.9,136850,34800,0.062163,-0.954268,0.00098392,0.00084691,11.316345,10.30839,2023-08-01
27963,2023-07-31 12:11:00,19950.0,19703.35,4259050,116650,14.1,238.0,69200,1350,0.026375,-0.987635,0.00049181,0.0002989,11.299721,9.750772,2023-08-01
25338,2023-07-31 12:12:00,19450.0,19705.0,145150,3243900,289.45,12.9,1450,85550,0.957277,-0.029091,0.00059845,0.00048114,13.812467,12.535854,2023-08-01
20085,2023-07-31 12:12:00,19500.0,19705.0,1267000,7820650,245.4,18.65,28950,248050,0.924546,-0.058998,0.00096985,0.00087295,13.334095,12.246604,2023-08-01
14830,2023-07-31 12:12:00,19550.0,19705.0,538450,4667950,203.6,26.5,26700,106800,0.870273,-0.111363,0.00148775,0.00144531,12.911714,11.935844,2023-08-01
9573,2023-07-31 12:12:00,19600.0,19705.0,6410150,14885700,164.0,37.7,156300,269900,0.789001,-0.197214,0.00211456,0.00215525,12.428762,11.71305,2023-08-01
4313,2023-07-31 12:12:00,19650.0,19705.0,3267550,6227500,129.0,51.9,163650,206900,0.671907,-0.31762,0.00270245,0.00284382,12.157917,11.399553,2023-08-01
1682,2023-07-31 12:12:00,19700.0,19705.0,9905100,9475100,98.0,70.75,509400,465800,0.528732,-0.469547,0.00304382,0.00324331,11.887925,11.153133,2023-08-01
6944,2023-07-31 12:12:00,19750.0,19705.0,6241650,2188050,71.95,95.0,298250,171050,0.3762,-0.63143,0.00295375,0.00311831,11.686047,10.996915,2023-08-01
12201,2023-07-31 12:12:00,19800.0,19705.0,11277600,3660750,50.9,123.7,299500,122400,0.238014,-0.777487,0.00244047,0.00251706,11.531346,10.767137,2023-08-01
17457,2023-07-31 12:12:00,19850.0,19705.0,4565700,630050,34.7,157.25,127650,22350,0.132456,-0.887072,0.00170554,0.00165586,11.426129,10.522676,2023-08-01
22711,2023-07-31 12:12:00,19900.0,19705.0,6799900,700100,22.5,195.6,142450,29150,0.063521,-0.952682,0.001002,0.00086942,11.303201,10.322352,2023-08-01
27964,2023-07-31 12:12:00,19950.0,19705.0,4259050,116650,14.35,236.95,81750,4800,0.02724,-0.986141,0.00050501,0.00032555,11.307255,9.881736,2023-08-01
25339,2023-07-31 12:13:00,19450.0,19709.35,145150,3243900,293.6,12.45,2100,68550,0.958757,-0.027153,0.00057744,0.00045385,13.913424,12.549289,2023-08-01
20086,2023-07-31 12:13:00,19500.0,19709.35,1267000,7820650,249.1,18.05,23050,175300,0.928334,-0.055521,0.0009306,0.00083097,13.360894,12.265721,2023-08-01
14831,2023-07-31 12:13:00,19550.0,19709.35,538450,4667950,206.3,25.65,26250,103550,0.878868,-0.105388,0.00143153,0.00138766,12.792894,11.949082,2023-08-01
9574,2023-07-31 12:13:00,19600.0,19709.35,6410150,14885700,167.0,36.45,152550,245700,0.798381,-0.187806,0.00206058,0.00209288,12.416285,11.707997,2023-08-01
4314,2023-07-31 12:13:00,19650.0,19709.35,3267550,6227500,131.4,50.4,126950,181300,0.68431,-0.305462,0.00267072,0.00279393,12.108077,11.40959,2023-08-01
1683,2023-07-31 12:13:00,19700.0,19709.35,9905100,9475100,100.0,68.6,477500,456100,0.542125,-0.455363,0.00304791,0.00323998,11.837416,11.127998,2023-08-01
6945,2023-07-31 12:13:00,19750.0,19709.35,6241650,2188050,73.45,92.5,279150,166050,0.388464,-0.617984,0.00299899,0.00315806,11.622067,10.982491,2023-08-01
12202,2023-07-31 12:13:00,19800.0,19709.35,11277600,3660750,52.0,120.85,323550,137250,0.247409,-0.766541,0.00250704,0.00258712,11.463872,10.763318,2023-08-01
17458,2023-07-31 12:13:00,19850.0,19709.35,4565700,630050,35.45,154.15,180050,18200,0.138414,-0.879297,0.00176903,0.00173248,11.354239,10.544255,2023-08-01
22712,2023-07-31 12:13:00,19900.0,19709.35,6799900,700100,23.05,192.05,162750,22150,0.06688,-0.948736,0.0010486,0.0009264,11.242511,10.328137,2023-08-01
27965,2023-07-31 12:13:00,19950.0,19709.35,4259050,116650,14.6,233.85,72300,8800,0.028508,-0.982741,0.0005286,0.00038436,11.221039,10.105343,2023-08-01
25340,2023-07-31 12:14:00,19450.0,19707.45,145150,3208750,294.0,12.75,1450,94850,0.952034,-0.028243,0.00062974,0.00046821,14.414045,12.575213,2023-08-01
20087,2023-07-31 12:14:00,19500.0,19707.45,1260100,7777300,246.45,18.3,34350,178500,0.930043,-0.056934,0.00092978,0.00084856,13.132341,12.256848,2023-08-01
14832,2023-07-31 12:14:00,19550.0,19707.45,526100,4660500,204.45,26.05,19750,98700,0.877421,-0.108019,0.00145167,0.00141292,12.726216,11.950983,2023-08-01
9575,2023-07-31 12:14:00,19600.0,19707.45,6412150,14833950,165.3,37.05,162700,249750,0.795517,-0.192008,0.00208789,0.00212,12.362493,11.721245,2023-08-01
4315,2023-07-31 12:14:00,19650.0,19707.45,3278450,6153650,129.7,51.0,160450,283700,0.680216,-0.310589,0.002702,0.00281811,12.038083,11.399245,2023-08-01
1684,2023-07-31 12:14:00,19700.0,19707.45,9987600,9420150,98.7,69.6,535150,449650,0.536429,-0.46159,0.00306224,0.00324034,11.803457,11.149476,2023-08-01
6946,2023-07-31 12:14:00,19750.0,19707.45,6289050,2171150,72.35,93.75,318800,166100,0.382427,-0.623681,0.00299436,0.00313621,11.591315,11.012599,2023-08-01
12203,2023-07-31 12:14:00,19800.0,19707.45,11208350,3635750,51.05,122.25,409400,128500,0.241893,-0.770949,0.0024857,0.00255453,11.427325,10.789684,2023-08-01
17459,2023-07-31 12:14:00,19850.0,19707.45,4634050,612450,34.85,156.05,131200,53700,0.134773,-0.880756,0.00173942,0.00170475,11.343418,10.628638,2023-08-01
22713,2023-07-31 12:14:00,19900.0,19707.45,6794050,698700,22.6,193.95,159200,34750,0.064639,-0.949344,0.00102279,0.00091167,11.230271,10.400078,2023-08-01
27966,2023-07-31 12:14:00,19950.0,19707.45,4240750,117600,14.35,235.5,73550,4050,0.027535,-0.983566,0.0005135,0.00036908,11.226047,10.096111,2023-08-01
25341,2023-07-31 12:15:00,19450.0,19708.7,143150,3208750,293.8,12.65,1550,70550,0.95632,-0.027754,0.00059696,0.00046108,14.107415,12.588315,2023-08-01
20088,2023-07-31 12:15:00,19500.0,19708.7,1260100,7777300,249.35,18.2,29750,126250,0.925297,-0.05616,0.00094914,0.00083811,13.531363,12.279637,2023-08-01
14833,2023-07-31 12:15:00,19550.0,19708.7,526100,4660500,207.25,25.8,29650,126950,0.873181,-0.10626,0.00144875,0.00139624,13.06175,11.954293,2023-08-01
9576,2023-07-31 12:15:00,19600.0,19708.7,6412150,14833950,167.45,36.7,171300,166400,0.79438,-0.189314,0.0020613,0.0021021,12.56632,11.721837,2023-08-01
4316,2023-07-31 12:15:00,19650.0,19708.7,3278450,6153650,131.8,50.65,156150,145000,0.680995,-0.307262,0.00265752,0.00280179,12.230016,11.414487,2023-08-01
1685,2023-07-31 12:15:00,19700.0,19708.7,9987600,9420150,100.45,68.9,564900,345450,0.539792,-0.457473,0.0030224,0.003243,11.952254,11.131288,2023-08-01
6947,2023-07-31 12:15:00,19750.0,19708.7,6289050,2171150,73.85,92.5,338750,125500,0.38739,-0.620635,0.00297313,0.00316702,11.721342,10.935358,2023-08-01
12204,2023-07-31 12:15:00,19800.0,19708.7,11208350,3635750,52.25,120.7,276150,112350,0.247039,-0.770097,0.00249059,0.00258645,11.53776,10.681272,2023-08-01
17460,2023-07-31 12:15:00,19850.0,19708.7,4634050,612450,35.5,154.25,158800,24100,0.137971,-0.881974,0.00176002,0.00171656,11.394734,10.481729,2023-08-01
22714,2023-07-31 12:15:00,19900.0,19708.7,6794050,698700,23.1,191.8,136250,16400,0.066734,-0.952135,0.00104397,0.00089171,11.280522,10.164883,2023-08-01
27967,2023-07-31 12:15:00,19950.0,19708.7,4240750,117600,14.7,232.95,85600,4200,0.028637,-0.986648,0.00052858,0.00032223,11.270726,9.674643,2023-08-01
25342,2023-07-31 12:16:00,19450.0,19708.4,143150,3208750,294.05,12.65,750,73200,0.954763,-0.027775,0.00060876,0.00046182,14.234286,12.57991,2023-08-01
20089,2023-07-31 12:16:00,19500.0,19708.4,1260100,7777300,249.65,18.15,20650,119100,0.923326,-0.056054,0.0009602,0.00083855,13.647881,12.258681,2023-08-01
14834,2023-07-31 12:16:00,19550.0,19708.4,526100,4660500,207.6,25.75,16500,132800,0.870888,-0.106227,0.00145545,0.00139875,13.168701,11.933994,2023-08-01
9577,2023-07-31 12:16:00,19600.0,19708.4,6412150,14833950,167.8,36.55,89500,191100,0.792143,-0.189131,0.00206017,0.00210817,12.65808,11.68484,2023-08-01
4317,2023-07-31 12:16:00,19650.0,19708.4,3278450,6153650,132.25,50.25,120150,155500,0.67897,-0.306931,0.0026449,0.00281949,12.32489,11.341098,2023-08-01
1686,2023-07-31 12:16:00,19700.0,19708.4,9987600,9420150,100.85,68.65,405350,354550,0.53865,-0.458258,0.00300421,0.00326001,12.031916,11.079079,2023-08-01
6948,2023-07-31 12:16:00,19750.0,19708.4,6289050,2171150,74.0,92.4,213750,129650,0.386851,-0.622021,0.00296249,0.0031748,11.762498,10.899793,2023-08-01
12205,2023-07-31 12:16:00,19800.0,19708.4,11208350,3635750,52.55,120.5,241900,82100,0.247372,-0.772167,0.00248005,0.00258805,11.59889,10.624029,2023-08-01
17461,2023-07-31 12:16:00,19850.0,19708.4,4634050,612450,35.75,153.7,147650,34250,0.138546,-0.885491,0.00175698,0.00170174,11.450587,10.351739,2023-08-01
22715,2023-07-31 12:16:00,19900.0,19708.4,6794050,698700,23.35,191.3,125300,17400,0.067425,-0.955031,0.00104693,0.00086188,11.342316,10.006058,2023-08-01
27968,2023-07-31 12:16:00,19950.0,19708.4,4240750,117600,14.75,235.0,82950,1800,0.028705,-0.982408,0.00052867,0.0003877,11.294708,10.192904,2023-08-01
25343,2023-07-31 12:17:00,19450.0,19704.35,142500,3212450,291.0,13.0,550,82100,0.951103,-0.029353,0.00064365,0.00048498,14.336634,12.549236,2023-08-01
20090,2023-07-31 12:17:00,19500.0,19704.35,1259450,7786400,245.5,18.85,20600,128350,0.922034,-0.059717,0.00098531,0.00088065,13.476812,12.27464,2023-08-01
14835,2023-07-31 12:17:00,19550.0,19704.35,527400,4703050,203.55,26.6,27950,79900,0.867992,-0.111943,0.00149764,0.00145314,13.002187,11.934436,2023-08-01
9578,2023-07-31 12:17:00,19600.0,19704.35,6406450,14854850,164.1,37.8,145500,191600,0.786153,-0.198128,0.00211787,0.00216612,12.526482,11.705123,2023-08-01
4318,2023-07-31 12:17:00,19650.0,19704.35,3261150,6180450,128.75,52.05,146050,167700,0.669951,-0.319147,0.00270617,0.00285584,12.18931,11.392294,2023-08-01
1687,2023-07-31 12:17:00,19700.0,19704.35,9964550,9520950,98.0,70.95,466950,276750,0.526639,-0.471637,0.00303524,0.00325206,11.944504,11.14483,2023-08-01
6949,2023-07-31 12:17:00,19750.0,19704.35,6371050,2256100,71.95,95.0,310500,154650,0.374564,-0.634234,0.00294222,0.00312818,11.734105,10.951636,2023-08-01
12206,2023-07-31 12:17:00,19800.0,19704.35,11209850,3674250,50.75,123.9,342650,91350,0.236436,-0.780126,0.00243127,0.00251064,11.550786,10.737993,2023-08-01
17462,2023-07-31 12:17:00,19850.0,19704.35,4609200,618300,34.55,157.6,144350,29400,0.131206,-0.888953,0.00169535,0.0016417,11.437704,10.50308,2023-08-01
22716,2023-07-31 12:17:00,19900.0,19704.35,6803650,700350,22.4,195.15,189800,27350,0.062779,-0.956812,0.00099334,0.00082589,11.31568,10.112453,2023-08-01
27969,2023-07-31 12:17:00,19950.0,19704.35,4268100,119150,14.15,237.55,122650,2850,0.026503,-0.986427,0.00049527,0.00032005,11.286415,9.887635,2023-08-01
25344,2023-07-31 12:18:00,19450.0,19697.9,142500,3212450,287.4,13.25,1950,92250,0.941563,-0.031106,0.00072,0.00051492,14.769558,12.409677,2023-08-01
20091,2023-07-31 12:18:00,19500.0,19697.9,1259450,7786400,243.15,19.25,33100,162950,0.906415,-0.063338,0.00108356,0.00093348,14.059494,12.132412,2023-08-01
14836,2023-07-31 12:18:00,19550.0,19697.9,527400,4703050,201.4,27.1,20900,145550,0.849379,-0.118258,0.00157986,0.00153325,13.487301,11.768385,2023-08-01
9579,2023-07-31 12:18:00,19600.0,19697.9,6406450,14854850,162.05,38.55,128550,339050,0.765586,-0.208849,0.00216609,0.00227081,12.911753,11.529402,2023-08-01
4319,2023-07-31 12:18:00,19650.0,19697.9,3261150,6180450,126.8,53.15,145400,243600,0.648955,-0.335269,0.00270631,0.00296341,12.487011,11.207703,2023-08-01
1688,2023-07-31 12:18:00,19700.0,19697.9,9964550,9520950,96.2,72.2,503100,604800,0.506946,-0.492545,0.00298622,0.00333294,12.173573,10.906939,2023-08-01
6950,2023-07-31 12:18:00,19750.0,19697.9,6371050,2256100,70.45,96.5,359450,193200,0.357934,-0.658373,0.00285366,0.00313925,11.924339,10.656857,2023-08-01
12207,2023-07-31 12:18:00,19800.0,19697.9,11209850,3674250,49.7,125.65,383200,167450,0.224549,-0.804553,0.00232702,0.00242873,11.732638,10.360323,2023-08-01
17463,2023-07-31 12:18:00,19850.0,19697.9,4609200,618300,33.75,159.55,145750,30200,0.123712,-0.910414,0.00160657,0.00147648,11.593356,9.98942,2023-08-01
22717,2023-07-31 12:18:00,19900.0,19697.9,6803650,700350,21.95,197.75,237550,31050,0.059145,-0.970977,0.00093539,0.00063746,11.476513,9.464224,2023-08-01
27970,2023-07-31 12:18:00,19950.0,19697.9,4268100,119150,13.9,239.5,111900,5950,0.024992,-0.995857,0.00046532,0.00013103,11.444029,8.502194,2023-08-01
25345,2023-07-31 12:19:00,19450.0,19700.05,142500,3212450,288.95,13.1,4100,81550,0.943835,-0.030286,0.0007007,0.00050254,14.713093,12.439653,2023-08-01
20092,2023-07-31 12:19:00,19500.0,19700.05,1259450,7786400,244.6,18.95,20800,161700,0.909601,-0.061487,0.0010603,0.00091141,14.006872,12.144581,2023-08-01
14837,2023-07-31 12:19:00,19550.0,19700.05,527400,4703050,202.9,26.75,31800,150900,0.853149,-0.115382,0.00155576,0.00150407,13.468773,11.791548,2023-08-01
9580,2023-07-31 12:19:00,19600.0,19700.05,6406450,14854850,163.5,37.9,130400,321050,0.770344,-0.203862,0.00214254,0.00223966,12.908015,11.525786,2023-08-01
4320,2023-07-31 12:19:00,19650.0,19700.05,3261150,6180450,128.25,52.35,161700,285900,0.654566,-0.328894,0.00268662,0.00294125,12.506749,11.208594,2023-08-01
1689,2023-07-31 12:19:00,19700.0,19700.05,9964550,9520950,97.25,71.25,480450,602750,0.513371,-0.485395,0.00298827,0.00332945,12.162641,10.91512,2023-08-01
6951,2023-07-31 12:19:00,19750.0,19700.05,6371050,2256100,71.35,95.45,349950,226400,0.363985,-0.651315,0.00287186,0.00315664,11.919497,10.681437,2023-08-01
12208,2023-07-31 12:19:00,19800.0,19700.05,11209850,3674250,50.4,124.45,409600,180600,0.229389,-0.798526,0.00235688,0.00246535,11.726476,10.39721,2023-08-01
17464,2023-07-31 12:19:00,19850.0,19700.05,4609200,618300,34.35,158.0,157500,25650,0.12725,-0.906869,0.00163795,0.00151713,11.599575,10.007516,2023-08-01
22718,2023-07-31 12:19:00,19900.0,19700.05,6803650,700350,22.25,196.5,153750,38500,0.060775,-0.967701,0.00095749,0.00068655,11.45521,9.603218,2023-08-01
27971,2023-07-31 12:19:00,19950.0,19700.05,4268100,119150,14.15,238.0,113650,6050,0.025888,-0.994715,0.00047969,0.00015905,11.435838,8.705974,2023-08-01
25346,2023-07-31 12:20:00,19450.0,19701.0,142500,3225950,290.0,13.1,1650,37450,0.943835,-0.030104,0.00069807,0.00049886,14.772245,12.471919,2023-08-01
20093,2023-07-31 12:20:00,19500.0,19701.0,1264350,7824650,244.4,19.0,13900,74800,0.913619,-0.061285,0.00103943,0.00090581,13.815676,12.191319,2023-08-01
14838,2023-07-31 12:20:00,19550.0,19701.0,532850,4697200,203.0,26.8,11600,72850,0.856581,-0.11485,0.00154373,0.00149333,13.362892,11.840452,2023-08-01
9581,2023-07-31 12:20:00,19600.0,19701.0,6393750,14954550,163.8,38.05,97350,151250,0.773379,-0.203067,0.0021361,0.00222171,12.853769,11.594867,2023-08-01
4321,2023-07-31 12:20:00,19650.0,19701.0,3231500,6215100,128.25,52.1,85950,111600,0.658127,-0.326285,0.00269471,0.00292845,12.423931,11.22422,2023-08-01
1690,2023-07-31 12:20:00,19700.0,19701.0,9926450,9529950,97.55,71.15,334800,249650,0.516236,-0.482303,0.00299487,0.00331473,12.135743,10.962995,2023-08-01
6952,2023-07-31 12:20:00,19750.0,19701.0,6354350,2245800,71.5,95.4,189600,110750,0.366273,-0.647448,0.00288736,0.00314992,11.883496,10.749933,2023-08-01
12209,2023-07-31 12:20:00,19800.0,19701.0,11175000,3683100,50.3,124.0,243650,98800,0.230349,-0.795613,0.0023757,0.00248048,11.663845,10.425465,2023-08-01
17465,2023-07-31 12:20:00,19850.0,19701.0,4607050,614600,34.3,157.7,90400,10450,0.127719,-0.903808,0.00164956,0.00154242,11.550371,10.083456,2023-08-01
22719,2023-07-31 12:20:00,19900.0,19701.0,6846700,702500,22.2,195.55,82000,14600,0.060886,-0.967554,0.00096292,0.00069169,11.40993,9.569983,2023-08-01
27972,2023-07-31 12:20:00,19950.0,19701.0,4266550,115200,14.2,237.5,80600,4250,0.026119,-0.993885,0.00048417,0.00017811,11.417465,8.851741,2023-08-01
25347,2023-07-31 12:21:00,19450.0,19700.8,143300,3225950,287.6,13.25,1600,32550,0.949923,-0.03054,0.00066061,0.00050354,14.256998,12.508366,2023-08-01
20094,2023-07-31 12:21:00,19500.0,19700.8,1264350,7824650,243.1,19.2,4550,97300,0.91701,-0.062004,0.00102596,0.00091149,13.587284,12.23005,2023-08-01
14839,2023-07-31 12:21:00,19550.0,19700.8,532850,4697200,201.6,27.05,7950,83550,0.860264,-0.115859,0.00154234,0.00149808,13.145431,11.880201,2023-08-01
9582,2023-07-31 12:21:00,19600.0,19700.8,6393750,14954550,162.35,38.45,51300,108500,0.776597,-0.204571,0.00215364,0.00222144,12.650186,11.651094,2023-08-01
4322,2023-07-31 12:21:00,19650.0,19700.8,3231500,6215100,127.05,53.1,57800,113250,0.659455,-0.328737,0.00272518,0.00290321,12.270717,11.359821,2023-08-01
1691,2023-07-31 12:21:00,19700.0,19700.8,9926450,9529950,96.7,72.1,220100,200600,0.515742,-0.483126,0.00302107,0.00328038,12.034899,11.082276,2023-08-01
6953,2023-07-31 12:21:00,19750.0,19700.8,6354350,2245800,70.75,96.4,128550,76450,0.364642,-0.646489,0.00290603,0.00311793,11.793249,10.874268,2023-08-01
12210,2023-07-31 12:21:00,19800.0,19700.8,11175000,3683100,50.0,125.45,209900,53200,0.229169,-0.791746,0.00237623,0.00246209,11.631425,10.624042,2023-08-01
17466,2023-07-31 12:21:00,19850.0,19700.8,4607050,614600,33.8,159.55,63100,7700,0.1258,-0.897611,0.00164316,0.00156851,11.477421,10.382202,2023-08-01
22720,2023-07-31 12:21:00,19900.0,19700.8,6846700,702500,22.05,198.0,63450,8800,0.060293,-0.960194,0.00095762,0.00077588,11.389091,10.090047,2023-08-01
27973,2023-07-31 12:21:00,19950.0,19700.8,4266550,115200,13.95,239.5,35750,1150,0.025421,-0.99032,0.00047576,0.0002489,11.362476,9.492956,2023-08-01
25348,2023-07-31 12:22:00,19450.0,19698.85,143300,3225950,284.95,13.6,550,38600,0.951445,-0.031851,0.00065547,0.00052016,14.024621,12.542137,2023-08-01
20095,2023-07-31 12:22:00,19500.0,19698.85,1264350,7824650,240.9,19.7,18550,137950,0.916981,-0.064387,0.00103605,0.00093587,13.46403,12.271463,2023-08-01
14840,2023-07-31 12:22:00,19550.0,19698.85,532850,4697200,199.1,27.8,17550,105200,0.860555,-0.119936,0.00156188,0.00152796,12.967856,11.94127,2023-08-01
9583,2023-07-31 12:22:00,19600.0,19698.85,6393750,14954550,160.05,39.5,123450,181100,0.775034,-0.210419,0.00218829,0.0022445,12.50433,11.72986,2023-08-01
4323,2023-07-31 12:22:00,19650.0,19698.85,3231500,6215100,125.45,54.1,89650,184650,0.654806,-0.334928,0.00275254,0.00291552,12.216047,11.400715,2023-08-01
1692,2023-07-31 12:22:00,19700.0,19698.85,9926450,9529950,94.9,73.5,286950,433850,0.509906,-0.48958,0.00304991,0.00326322,11.931563,11.151266,2023-08-01
6954,2023-07-31 12:22:00,19750.0,19698.85,6354350,2245800,69.3,98.35,186050,145750,0.357996,-0.651006,0.00290883,0.00307105,11.712697,10.993488,2023-08-01
12211,2023-07-31 12:22:00,19800.0,19698.85,11175000,3683100,48.85,127.6,227150,113150,0.223144,-0.793736,0.00235543,0.00241965,11.563503,10.753499,2023-08-01
17467,2023-07-31 12:22:00,19850.0,19698.85,4607050,614600,33.25,161.6,92900,23650,0.122461,-0.898513,0.00161377,0.00154401,11.473238,10.483512,2023-08-01
22721,2023-07-31 12:22:00,19900.0,19698.85,6846700,702500,21.55,200.15,106050,30650,0.058001,-0.960027,0.0009313,0.00077001,11.365001,10.2057,2023-08-01
27974,2023-07-31 12:22:00,19950.0,19698.85,4266550,115200,13.65,242.45,60800,4900,0.024381,-0.988286,0.00045994,0.00028259,11.353435,9.875831,2023-08-01
25349,2023-07-31 12:23:00,19450.0,19696.45,143300,3239400,284.0,13.7,150,20950,0.946763,-0.032538,0.00069284,0.00053177,14.283546,12.491618,2023-08-01
20096,2023-07-31 12:23:00,19500.0,19696.45,1279000,7802350,239.3,19.95,19650,129550,0.913387,-0.066112,0.00106424,0.00095813,13.536326,12.24001,2023-08-01
14841,2023-07-31 12:23:00,19550.0,19696.45,535850,4665900,197.8,28.1,9900,59100,0.855123,-0.122751,0.00159202,0.00155922,13.061249,11.899493,2023-08-01
9584,2023-07-31 12:23:00,19600.0,19696.45,6384600,14944800,158.75,39.7,66550,170150,0.768765,-0.214233,0.00221288,0.00228458,12.563361,11.650694,2023-08-01
4324,2023-07-31 12:23:00,19650.0,19696.45,3232400,6205750,123.95,54.7,82300,160000,0.648227,-0.341365,0.00277317,0.0029493,12.214706,11.358146,2023-08-01
1693,2023-07-31 12:23:00,19700.0,19696.45,9971500,9487600,94.15,74.0,326450,337950,0.502578,-0.497421,0.00303351,0.00329085,12.00467,11.065916,2023-08-01
6955,2023-07-31 12:23:00,19750.0,19696.45,6404050,2230850,68.45,98.95,163700,138450,0.351343,-0.659876,0.00288361,0.00307243,11.741708,10.887829,2023-08-01
12212,2023-07-31 12:23:00,19800.0,19696.45,11318100,3695450,48.15,128.2,426600,92450,0.217867,-0.802919,0.00232021,0.00238894,11.58411,10.603192,2023-08-01
17468,2023-07-31 12:23:00,19850.0,19696.45,4639750,610950,32.6,163.15,89900,18550,0.118505,-0.903248,0.00157788,0.00149833,11.470838,10.436558,2023-08-01
22722,2023-07-31 12:23:00,19900.0,19696.45,6853700,699650,21.15,201.7,106850,18550,0.055932,-0.963378,0.00090447,0.00072465,11.37699,10.101925,2023-08-01
27975,2023-07-31 12:23:00,19950.0,19696.45,4261900,119050,13.45,243.95,94100,3300,0.023562,-0.99038,0.0004459,0.00024351,11.384243,9.658899,2023-08-01
25350,2023-07-31 12:24:00,19450.0,19694.65,143500,3239400,280.6,13.9,1400,37250,0.950895,-0.033422,0.00067048,0.00054404,13.846323,12.487538,2023-08-01
20097,2023-07-31 12:24:00,19500.0,19694.65,1279000,7802350,237.0,20.2,35250,108200,0.914193,-0.067635,0.00107053,0.00097636,13.368374,12.229789,2023-08-01
14842,2023-07-31 12:24:00,19550.0,19694.65,535850,4665900,195.7,28.5,13450,70750,0.854655,-0.125519,0.00161182,0.00158431,12.933962,11.89985,2023-08-01
9585,2023-07-31 12:24:00,19600.0,19694.65,6384600,14944800,157.35,40.25,71750,251800,0.76522,-0.218379,0.00223657,0.00231024,12.54078,11.654501,2023-08-01
4325,2023-07-31 12:24:00,19650.0,19694.65,3232400,6205750,122.6,55.3,75100,187450,0.643629,-0.346515,0.00279486,0.00296996,12.181011,11.347254,2023-08-01
1694,2023-07-31 12:24:00,19700.0,19694.65,9971500,9487600,92.6,75.0,282300,299150,0.49707,-0.503343,0.00305551,0.00328578,11.922932,11.087267,2023-08-01
6956,2023-07-31 12:24:00,19750.0,19694.65,6404050,2230850,67.4,100.0,213150,115600,0.345654,-0.665394,0.00287643,0.00305324,11.705384,10.891364,2023-08-01
12213,2023-07-31 12:24:00,19800.0,19694.65,11318100,3695450,47.25,129.85,273750,75300,0.212806,-0.80575,0.00229786,0.00235397,11.542938,10.67086,2023-08-01
17469,2023-07-31 12:24:00,19850.0,19694.65,4639750,610950,32.05,164.6,103600,10950,0.115344,-0.905684,0.00155033,0.00146904,11.457719,10.450963,2023-08-01
22723,2023-07-31 12:24:00,19900.0,19694.65,6853700,699650,20.7,203.7,107550,24300,0.053916,-0.963155,0.0008807,0.00072066,11.354593,10.212389,2023-08-01
27976,2023-07-31 12:24:00,19950.0,19694.65,4261900,119050,13.1,245.0,66450,3500,0.022457,-0.992002,0.00042949,0.00021161,11.354738,9.457165,2023-08-01
25351,2023-07-31 12:25:00,19450.0,19692.45,143500,3239400,275.2,14.45,5050,139450,0.959734,-0.035431,0.00060949,0.0005676,12.986614,12.562575,2023-08-01
20098,2023-07-31 12:25:00,19500.0,19692.45,1279000,7802350,231.5,20.9,57300,405900,0.924156,-0.070899,0.00103456,0.00100703,12.607416,12.301052,2023-08-01
14843,2023-07-31 12:25:00,19550.0,19692.45,535850,4665900,190.0,29.55,79800,224150,0.864637,-0.130961,0.00162558,0.00161872,12.224676,12.000323,2023-08-01
9586,2023-07-31 12:25:00,19600.0,19692.45,6384600,14944800,152.0,41.9,304050,672200,0.771036,-0.226436,0.00231635,0.00232812,11.94584,11.81144,2023-08-01
4326,2023-07-31 12:25:00,19650.0,19692.45,3232400,6205750,118.05,57.5,317450,487350,0.642526,-0.355375,0.00290815,0.00294768,11.724069,11.542934,2023-08-01
1695,2023-07-31 12:25:00,19700.0,19692.45,9971500,9487600,88.7,77.95,1129550,1080000,0.489936,-0.510281,0.00315578,0.00321017,11.545548,11.349785,2023-08-01
6957,2023-07-31 12:25:00,19750.0,19692.45,6404050,2230850,64.05,103.6,631600,365050,0.334762,-0.667361,0.00292644,0.00295843,11.370123,11.218985,2023-08-01
12214,2023-07-31 12:25:00,19800.0,19692.45,11318100,3695450,44.6,134.25,721100,292250,0.201786,-0.80122,0.00228428,0.00229263,11.256851,11.115148,2023-08-01
17470,2023-07-31 12:25:00,19850.0,19692.45,4639750,610950,30.05,169.1,403950,59250,0.106855,-0.898512,0.00150066,0.00147998,11.210997,10.950794,2023-08-01
22724,2023-07-31 12:25:00,19900.0,19692.45,6853700,699650,19.45,208.2,401200,43650,0.049271,-0.95632,0.00083308,0.00078255,11.178333,10.803515,2023-08-01
27977,2023-07-31 12:25:00,19950.0,19692.45,4261900,119050,12.35,250.1,223700,6500,0.020357,-0.985999,0.00039986,0.00031169,11.229574,10.460886,2023-08-01
25352,2023-07-31 12:26:00,19450.0,19696.15,142300,3219050,279.45,13.9,4100,112900,0.958939,-0.033095,0.00060681,0.00053769,13.254113,12.539731,2023-08-01
20099,2023-07-31 12:26:00,19500.0,19696.15,1260450,7797900,236.05,20.25,31400,232650,0.922914,-0.067146,0.00102169,0.00096603,12.926522,12.298236,2023-08-01
14844,2023-07-31 12:26:00,19550.0,19696.15,523100,4655350,194.7,28.6,35700,183050,0.8642,-0.124643,0.00158585,0.00156659,12.560194,11.982237,2023-08-01
9587,2023-07-31 12:26:00,19600.0,19696.15,6390600,14848850,156.2,40.5,165150,397150,0.774787,-0.216993,0.00224689,0.00228099,12.202469,11.766968,2023-08-01
4327,2023-07-31 12:26:00,19650.0,19696.15,3219800,6120450,121.7,55.65,179550,361550,0.65087,-0.343722,0.00283582,0.00292785,11.923355,11.481917,2023-08-01
1696,2023-07-31 12:26:00,19700.0,19696.15,9917050,9530600,91.8,75.4,574000,513600,0.50162,-0.498419,0.00311348,0.00324231,11.70745,11.242286,2023-08-01
6958,2023-07-31 12:26:00,19750.0,19696.15,6360100,2162050,66.75,100.65,343300,195700,0.347635,-0.657954,0.00292861,0.00302189,11.527392,11.104088,2023-08-01
12215,2023-07-31 12:26:00,19800.0,19696.15,11351450,3685050,46.7,130.25,492150,222450,0.212955,-0.797637,0.00233149,0.00236658,11.387215,10.885263,2023-08-01
17471,2023-07-31 12:26:00,19850.0,19696.15,4638800,605950,31.7,165.2,204450,42950,0.115016,-0.897057,0.00156472,0.00152227,11.33547,10.758652,2023-08-01
22725,2023-07-31 12:26:00,19900.0,19696.15,6845700,688950,20.45,204.65,200300,41550,0.053478,-0.954966,0.00088372,0.0008099,11.248944,10.700065,2023-08-01
27978,2023-07-31 12:26:00,19950.0,19696.15,4244700,119400,13.0,246.8,83700,8150,0.022335,-0.984826,0.00043055,0.00033406,11.280968,10.461451,2023-08-01
25353,2023-07-31 12:27:00,19450.0,19692.9,142300,3219050,277.5,14.2,1500,40300,0.954449,-0.034551,0.00064974,0.0005585,13.466816,12.513677,2023-08-01
20100,2023-07-31 12:27:00,19500.0,19692.9,1260450,7797900,234.45,20.6,22600,125500,0.916078,-0.069601,0.0010718,0.00099708,13.145303,12.255616,2023-08-01
14845,2023-07-31 12:27:00,19550.0,19692.9,523100,4655350,193.05,29.0,12700,86900,0.856258,-0.128545,0.00162998,0.00160944,12.707526,11.921935,2023-08-01
9588,2023-07-31 12:27:00,19600.0,19692.9,6390600,14848850,154.65,41.0,83200,194400,0.765471,-0.223007,0.00227871,0.0023327,12.31408,11.693572,2023-08-01
4328,2023-07-31 12:27:00,19650.0,19692.9,3219800,6120450,120.45,56.35,101750,203600,0.640449,-0.352325,0.00284129,0.00297592,12.031331,11.405032,2023-08-01
1697,2023-07-31 12:27:00,19700.0,19692.9,9917050,9530600,90.7,76.35,282950,313800,0.491569,-0.509051,0.003092,0.0032666,11.791806,11.161186,2023-08-01
6959,2023-07-31 12:27:00,19750.0,19692.9,6360100,2162050,65.9,101.55,171200,106400,0.33915,-0.669729,0.00288341,0.00301878,11.605202,10.969964,2023-08-01
12216,2023-07-31 12:27:00,19800.0,19692.9,11351450,3685050,45.9,131.6,212550,102700,0.206329,-0.808085,0.00228041,0.00231962,11.433241,10.7601,2023-08-01
17472,2023-07-31 12:27:00,19850.0,19692.9,4638800,605950,31.0,166.7,88100,12950,0.110403,-0.905547,0.00151729,0.00145294,11.358397,10.588789,2023-08-01
22726,2023-07-31 12:27:00,19900.0,19692.9,6845700,688950,20.1,205.75,128300,13050,0.051398,-0.962688,0.00085282,0.00071954,11.300553,10.34458,2023-08-01
27979,2023-07-31 12:27:00,19950.0,19692.9,4244700,119400,12.65,249.7,78050,3800,0.021094,-0.985901,0.00040984,0.00031373,11.298011,10.461843,2023-08-01
25354,2023-07-31 12:28:00,19450.0,19694.5,142300,3219050,278.55,14.1,950,50600,0.956439,-0.033928,0.00063055,0.00054913,13.389304,12.54141,2023-08-01
20101,2023-07-31 12:28:00,19500.0,19694.5,1260450,7797900,235.35,20.5,17300,102500,0.919122,-0.068577,0.00104903,0.00098288,13.065127,12.294289,2023-08-01
14846,2023-07-31 12:28:00,19550.0,19694.5,523100,4655350,193.3,28.85,9700,91400,0.862108,-0.126712,0.00160634,0.00158847,12.539008,11.962096,2023-08-01
9589,2023-07-31 12:28:00,19600.0,19694.5,6390600,14848850,155.15,40.85,54400,199250,0.770847,-0.220258,0.00226707,0.00230626,12.221198,11.746787,2023-08-01
4329,2023-07-31 12:28:00,19650.0,19694.5,3219800,6120450,121.0,56.1,62950,181650,0.645696,-0.348202,0.00284138,0.00295009,11.971724,11.458346,2023-08-01
1698,2023-07-31 12:28:00,19700.0,19694.5,9917050,9530600,91.25,76.2,213900,339700,0.496488,-0.503786,0.00310319,0.00324318,11.754141,11.246711,2023-08-01
6960,2023-07-31 12:28:00,19750.0,19694.5,6360100,2162050,66.15,101.25,147150,104250,0.34295,-0.663689,0.0029112,0.00301698,11.545899,11.05787,2023-08-01
12217,2023-07-31 12:28:00,19800.0,19694.5,11351450,3685050,46.2,131.7,248650,118400,0.209214,-0.800497,0.00230664,0.00233647,11.398937,10.939441,2023-08-01
17473,2023-07-31 12:28:00,19850.0,19694.5,4638800,605950,31.2,166.6,144150,15500,0.112083,-0.899104,0.00153869,0.00149733,11.324757,10.78672,2023-08-01
22727,2023-07-31 12:28:00,19900.0,19694.5,6845700,688950,20.1,205.65,147350,26000,0.051811,-0.957561,0.00086295,0.00077835,11.241608,10.62066,2023-08-01
27980,2023-07-31 12:28:00,19950.0,19694.5,4244700,119400,12.7,249.0,68000,3800,0.021368,-0.983729,0.00041584,0.00034783,11.259454,10.6743,2023-08-01
25355,2023-07-31 12:29:00,19450.0,19687.75,140750,3211000,271.4,14.85,8750,199350,0.956087,-0.037455,0.00065109,0.00059714,13.059981,12.514947,2023-08-01
20102,2023-07-31 12:29:00,19500.0,19687.75,1263450,7767950,227.9,21.65,70000,419650,0.918442,-0.075336,0.0010896,0.00105739,12.666557,12.290228,2023-08-01
14847,2023-07-31 12:29:00,19550.0,19687.75,519400,4647300,187.05,30.5,81550,277000,0.854823,-0.138007,0.0016909,0.00168358,12.34284,11.978315,2023-08-01
9590,2023-07-31 12:29:00,19600.0,19687.75,6390700,14801300,149.05,43.15,430800,845800,0.759291,-0.236804,0.00237433,0.00239568,11.998567,11.785704,2023-08-01
4330,2023-07-31 12:29:00,19650.0,19687.75,3219400,6076750,115.5,59.2,370650,647550,0.628374,-0.369035,0.00293821,0.0029942,11.773845,11.527483,2023-08-01
1699,2023-07-31 12:29:00,19700.0,19687.75,10019450,9428750,86.4,80.0,1106700,1186300,0.475103,-0.525492,0.00314901,0.00321711,11.568538,11.322578,2023-08-01
6961,2023-07-31 12:29:00,19750.0,19687.75,6316900,2037900,62.3,106.05,673950,450050,0.321438,-0.681934,0.00287355,0.0029183,11.407577,11.183113,2023-08-01
12218,2023-07-31 12:29:00,19800.0,19687.75,11420300,3659950,43.2,136.85,884850,451550,0.191479,-0.813964,0.0022108,0.00222164,11.283917,11.031052,2023-08-01
17474,2023-07-31 12:29:00,19850.0,19687.75,4643950,604450,29.05,172.45,418750,81950,0.10032,-0.906341,0.0014315,0.00140219,11.24298,10.913491,2023-08-01
22728,2023-07-31 12:29:00,19900.0,19687.75,6846150,695100,18.75,212.1,501700,66600,0.045725,-0.960101,0.00078365,0.00072845,11.209717,10.801242,2023-08-01
27981,2023-07-31 12:29:00,19950.0,19687.75,4303950,118750,11.9,255.25,332000,16350,0.018745,-0.985433,0.00037212,0.00031443,11.266994,10.745318,2023-08-01
25356,2023-07-31 12:30:00,19450.0,19689.25,140750,3211000,270.8,14.7,4950,120700,0.962718,-0.03667,0.0005919,0.00058643,12.580984,12.527528,2023-08-01
20103,2023-07-31 12:30:00,19500.0,19689.25,1263450,7767950,227.35,21.5,42400,331850,0.926182,-0.074124,0.00104074,0.00104245,12.297271,12.315926,2023-08-01
14848,2023-07-31 12:30:00,19550.0,19689.25,519400,4647300,186.75,30.3,55300,229850,0.862349,-0.135997,0.0016654,0.0016632,12.090545,12.006956,2023-08-01
9591,2023-07-31 12:30:00,19600.0,19689.25,6390700,14801300,148.7,43.0,204000,515550,0.766843,-0.2341,0.00237584,0.00237101,11.785386,11.835833,2023-08-01
4331,2023-07-31 12:30:00,19650.0,19689.25,3219400,6076750,115.2,59.2,246700,480850,0.634643,-0.36546,0.00296545,0.00296331,11.603427,11.612909,2023-08-01
1700,2023-07-31 12:30:00,19700.0,19689.25,10019450,9428750,86.25,80.0,624350,958950,0.479565,-0.520474,0.00318614,0.00319153,11.443645,11.424264,2023-08-01
6962,2023-07-31 12:30:00,19750.0,19689.25,6316900,2037900,62.1,106.2,464350,323800,0.324029,-0.675451,0.00291304,0.00290585,11.29299,11.328417,2023-08-01
12219,2023-07-31 12:30:00,19800.0,19689.25,11420300,3659950,42.95,136.95,532050,232050,0.192371,-0.806994,0.00223964,0.00223821,11.172943,11.202654,2023-08-01
17475,2023-07-31 12:30:00,19850.0,19689.25,4643950,604450,28.95,172.85,339300,58000,0.100789,-0.89872,0.00144702,0.00144901,11.163011,11.18717,2023-08-01
22729,2023-07-31 12:30:00,19900.0,19689.25,6846150,695100,18.6,212.65,226950,49750,0.045593,-0.953369,0.0007881,0.0007974,11.123258,11.194172,2023-08-01
27982,2023-07-31 12:30:00,19950.0,19689.25,4303950,118750,11.8,255.35,135150,9950,0.018632,-0.981666,0.00037279,0.00036886,11.191475,11.15628,2023-08-01
25357,2023-07-31 12:31:00,19450.0,19682.0,140750,3211000,264.3,15.4,8250,164600,0.958891,-0.040314,0.00064396,0.00063716,12.529715,12.464184,2023-08-01
20104,2023-07-31 12:31:00,19500.0,19682.0,1263450,7767950,221.6,22.45,76800,498500,0.917694,-0.080673,0.00112731,0.00111909,12.338637,12.242711,2023-08-01
14849,2023-07-31 12:31:00,19550.0,19682.0,519400,4647300,180.75,31.75,67950,396000,0.851693,-0.147353,0.00176521,0.00176461,12.00457,11.956918,2023-08-01
9592,2023-07-31 12:31:00,19600.0,19682.0,6390700,14801300,143.75,44.9,466500,1107850,0.749236,-0.250543,0.00247219,0.00247361,11.790348,11.778054,2023-08-01
4332,2023-07-31 12:31:00,19650.0,19682.0,3219400,6076750,111.0,61.65,378300,932650,0.612752,-0.386542,0.00301594,0.0030342,11.626444,11.550375,2023-08-01
1701,2023-07-31 12:31:00,19700.0,19682.0,10019450,9428750,82.6,83.15,1078350,1599400,0.456506,-0.543824,0.00317213,0.00319468,11.448584,11.366745,2023-08-01
6963,2023-07-31 12:31:00,19750.0,19682.0,6316900,2037900,59.35,109.9,553550,564800,0.303681,-0.697582,0.00282649,0.00284085,11.326909,11.248682,2023-08-01
12220,2023-07-31 12:31:00,19800.0,19682.0,11420300,3659950,40.8,141.35,742150,516050,0.177033,-0.824683,0.00212338,0.00212532,11.198872,11.11984,2023-08-01
17476,2023-07-31 12:31:00,19850.0,19682.0,4643950,604450,27.4,178.1,427550,92950,0.091235,-0.909885,0.00134196,0.00133653,11.194334,11.137323,2023-08-01
22730,2023-07-31 12:31:00,19900.0,19682.0,6846150,695100,17.65,218.3,434800,56550,0.040935,-0.960049,0.00071899,0.00070951,11.183464,11.111513,2023-08-01
27983,2023-07-31 12:31:00,19950.0,19682.0,4303950,118750,11.1,261.35,277500,20850,0.016372,-0.985136,0.00033287,0.00031188,11.231411,11.033027,2023-08-01
25358,2023-07-31 12:32:00,19450.0,19684.7,138050,3208200,268.4,15.0,2000,130700,0.955274,-0.038466,0.0006659,0.00061388,12.973614,12.454617,2023-08-01
20105,2023-07-31 12:32:00,19500.0,19684.7,1277650,7726500,225.3,21.7,35750,282750,0.915563,-0.076746,0.00112124,0.00108242,12.648255,12.189848,2023-08-01
14850,2023-07-31 12:32:00,19550.0,19684.7,529700,4666900,184.5,30.95,29500,212800,0.850547,-0.142084,0.00173127,0.00172566,12.305152,11.932596,2023-08-01
9593,2023-07-31 12:32:00,19600.0,19684.7,6237450,14658500,146.45,43.65,184800,492500,0.753494,-0.242761,0.0024226,0.0024449,11.924504,11.71868,2023-08-01
4333,2023-07-31 12:32:00,19650.0,19684.7,3278000,6275750,113.0,60.05,198650,519300,0.620336,-0.37763,0.00298408,0.00303227,11.683591,11.478937,2023-08-01
1702,2023-07-31 12:32:00,19700.0,19684.7,10146100,9478500,84.4,80.8,509250,755200,0.465264,-0.535669,0.00316228,0.00324101,11.511131,11.229162,2023-08-01
6964,2023-07-31 12:32:00,19750.0,19684.7,6284750,2057300,60.7,107.15,311900,251650,0.311867,-0.692501,0.00285091,0.00290407,11.36392,11.087444,2023-08-01
12221,2023-07-31 12:32:00,19800.0,19684.7,11662200,3639450,41.9,138.4,445100,222050,0.183605,-0.822666,0.00216514,0.00217413,11.238858,10.95107,2023-08-01
17477,2023-07-31 12:32:00,19850.0,19684.7,4662400,594350,28.1,174.5,175850,29000,0.09511,-0.911769,0.00138241,0.00134914,11.207963,10.862918,2023-08-01
22731,2023-07-31 12:32:00,19900.0,19684.7,6772550,693150,18.15,214.2,226600,26600,0.043042,-0.9638,0.00074809,0.00068008,11.196175,10.69831,2023-08-01
27984,2023-07-31 12:32:00,19950.0,19684.7,4295450,117300,11.5,257.85,114950,5250,0.017488,-0.986709,0.00035135,0.00029188,11.259105,10.707447,2023-08-01
25359,2023-07-31 12:33:00,19450.0,19687.95,138050,3208200,270.75,14.55,1850,63150,0.958754,-0.036398,0.00062914,0.00058717,12.863696,12.448327,2023-08-01
20106,2023-07-31 12:33:00,19500.0,19687.95,1277650,7726500,227.7,21.25,50600,174400,0.920009,-0.073694,0.00108077,0.00104718,12.599775,12.218021,2023-08-01
14851,2023-07-31 12:33:00,19550.0,19687.95,529700,4666900,186.35,30.05,35150,167500,0.858216,-0.136054,0.00168559,0.00167871,12.200546,11.911226,2023-08-01
9594,2023-07-31 12:33:00,19600.0,19687.95,6237450,14658500,148.6,42.65,138250,365600,0.761545,-0.234887,0.00238176,0.00240086,11.914441,11.722062,2023-08-01
4334,2023-07-31 12:33:00,19650.0,19687.95,3278000,6275750,114.9,58.65,189150,367750,0.630087,-0.367629,0.0029616,0.00301054,11.677707,11.464576,2023-08-01
1703,2023-07-31 12:33:00,19700.0,19687.95,10146100,9478500,85.8,79.3,521200,499150,0.475457,-0.525106,0.0031779,0.00324386,11.478034,11.243668,2023-08-01
6965,2023-07-31 12:33:00,19750.0,19687.95,6284750,2057300,61.6,105.4,276850,160100,0.320227,-0.682685,0.00289906,0.00293771,11.303249,11.111747,2023-08-01
12222,2023-07-31 12:33:00,19800.0,19687.95,11662200,3639450,42.45,136.45,328000,110100,0.189065,-0.814652,0.0022197,0.00222677,11.165068,10.993831,2023-08-01
17478,2023-07-31 12:33:00,19850.0,19687.95,4662400,594350,28.55,172.35,118100,22850,0.098479,-0.906099,0.00142553,0.00140501,11.151948,10.925737,2023-08-01
22732,2023-07-31 12:33:00,19900.0,19687.95,6772550,693150,18.45,211.75,202100,16500,0.04471,-0.960691,0.00077517,0.00072316,11.143098,10.762451,2023-08-01
27985,2023-07-31 12:33:00,19950.0,19687.95,4295450,117300,11.6,255.0,93750,2350,0.017989,-0.985627,0.00036244,0.00031181,11.182501,10.724824,2023-08-01
25360,2023-07-31 12:34:00,19450.0,19684.65,138050,3208200,269.85,15.2,1400,59450,0.950792,-0.039027,0.00069963,0.00061895,13.339249,12.506923,2023-08-01
20107,2023-07-31 12:34:00,19500.0,19684.65,1277650,7726500,224.5,22.15,29450,217150,0.918168,-0.078266,0.00110907,0.00109089,12.496956,12.284468,2023-08-01
14852,2023-07-31 12:34:00,19550.0,19684.65,529700,4666900,183.5,31.25,28450,153750,0.853824,-0.143093,0.00172991,0.00172733,12.140934,11.985707,2023-08-01
9595,2023-07-31 12:34:00,19600.0,19684.65,6237450,14658500,145.9,44.15,162050,344600,0.754866,-0.244175,0.00243237,0.00243808,11.848414,11.795746,2023-08-01
4335,2023-07-31 12:34:00,19650.0,19684.65,3278000,6275750,112.65,60.9,215050,296150,0.620657,-0.378925,0.00299599,0.00300593,11.641369,11.598976,2023-08-01
1704,2023-07-31 12:34:00,19700.0,19684.65,10146100,9478500,84.05,81.75,500950,456800,0.464932,-0.535435,0.0031755,0.00320625,11.469492,11.358545,2023-08-01
6966,2023-07-31 12:34:00,19750.0,19684.65,6284750,2057300,60.45,108.55,265600,184550,0.311144,-0.689657,0.00285722,0.00286701,11.334437,11.28312,2023-08-01
12223,2023-07-31 12:34:00,19800.0,19684.65,11662200,3639450,41.65,139.95,354400,122250,0.182622,-0.817778,0.00216565,0.00216627,11.205634,11.187087,2023-08-01
17479,2023-07-31 12:34:00,19850.0,19684.65,4662400,594350,27.9,175.95,139400,16300,0.094286,-0.906879,0.0013782,0.00137281,11.177187,11.118619,2023-08-01
22733,2023-07-31 12:34:00,19900.0,19684.65,6772550,693150,17.9,216.0,152800,22900,0.042199,-0.958522,0.00074001,0.00073315,11.145947,11.094229,2023-08-01
27986,2023-07-31 12:34:00,19950.0,19684.65,4295450,117300,11.3,256.3,110200,1850,0.016992,-0.990088,0.00034464,0.00023758,11.206836,10.202099,2023-08-01
25361,2023-07-31 12:35:00,19450.0,19683.7,136200,3211750,266.65,15.35,1900,65650,0.957371,-0.039663,0.00065195,0.00062699,12.760039,12.514336,2023-08-01
20108,2023-07-31 12:35:00,19500.0,19683.7,1298350,7744700,223.9,22.4,20250,184950,0.916541,-0.079538,0.00112267,0.00110313,12.534433,12.301722,2023-08-01
14853,2023-07-31 12:35:00,19550.0,19683.7,532750,4684300,183.1,31.55,34550,153000,0.851116,-0.14494,0.00174372,0.001741,12.198123,11.999179,2023-08-01
9596,2023-07-31 12:35:00,19600.0,19683.7,6220550,14692900,145.85,44.7,86200,340200,0.750929,-0.247152,0.0024348,0.00244668,11.942162,11.835239,2023-08-01
4336,2023-07-31 12:35:00,19650.0,19683.7,3295250,6411950,112.65,61.4,116300,358650,0.617051,-0.381929,0.00298461,0.00300961,11.723453,11.616751,2023-08-01
1705,2023-07-31 12:35:00,19700.0,19683.7,10368200,9492000,84.2,82.3,338900,479700,0.462205,-0.538457,0.00315043,0.00320179,11.557624,11.370409,2023-08-01
6967,2023-07-31 12:35:00,19750.0,19683.7,6343300,2028600,60.65,109.0,185950,173400,0.309697,-0.692676,0.0028313,0.00285958,11.41911,11.268143,2023-08-01
12224,2023-07-31 12:35:00,19800.0,19683.7,11780350,3643350,41.8,140.55,309400,127000,0.182018,-0.820057,0.00214833,0.00215135,11.276626,11.180215,2023-08-01
17480,2023-07-31 12:35:00,19850.0,19683.7,4685850,599200,28.15,176.5,96550,24700,0.09461,-0.908868,0.00137164,0.00135534,11.263172,11.08728,2023-08-01
22734,2023-07-31 12:35:00,19900.0,19683.7,6756300,696750,18.15,216.05,110100,19850,0.042718,-0.961527,0.00074157,0.00070038,11.237046,10.928641,2023-08-01
27987,2023-07-31 12:35:00,19950.0,19683.7,4300000,117300,11.5,260.15,63850,600,0.017347,-0.983997,0.00034815,0.00032991,11.2958,11.125504,2023-08-01
25362,2023-07-31 12:36:00,19450.0,19679.65,136200,3211750,265.2,15.55,1700,85400,0.948452,-0.041163,0.00073154,0.00065098,13.250201,12.428295,2023-08-01
20109,2023-07-31 12:36:00,19500.0,19679.65,1298350,7744700,222.0,22.75,28250,334200,0.907207,-0.082652,0.00118926,0.00114365,12.812366,12.221131,2023-08-01
14854,2023-07-31 12:36:00,19550.0,19679.65,532750,4684300,181.4,32.05,24750,157400,0.839493,-0.150331,0.00179932,0.00179776,12.429663,11.914257,2023-08-01
9597,2023-07-31 12:36:00,19600.0,19679.65,6220550,14692900,144.15,45.0,128350,586000,0.738271,-0.254406,0.00246687,0.00251809,12.102517,11.683147,2023-08-01
4337,2023-07-31 12:36:00,19650.0,19679.65,3295250,6411950,111.45,62.0,194100,530050,0.603495,-0.392858,0.00297256,0.00307481,11.894179,11.469576,2023-08-01
1706,2023-07-31 12:36:00,19700.0,19679.65,10368200,9492000,83.0,83.4,465400,756600,0.449961,-0.552033,0.00311044,0.003227,11.672431,11.24356,2023-08-01
6968,2023-07-31 12:36:00,19750.0,19679.65,6343300,2028600,59.65,110.0,234750,260350,0.299748,-0.70762,0.00276958,0.00284798,11.51127,11.067249,2023-08-01
12225,2023-07-31 12:36:00,19800.0,19679.65,11780350,3643350,41.0,141.85,336650,180300,0.174959,-0.833825,0.00208283,0.00208945,11.350863,10.947821,2023-08-01
17481,2023-07-31 12:36:00,19850.0,19679.65,4685850,599200,27.65,177.95,110000,33650,0.090676,-0.920278,0.00132037,0.00126173,11.344508,10.779791,2023-08-01
22735,2023-07-31 12:36:00,19900.0,19679.65,6756300,696750,17.85,218.45,180300,30450,0.040875,-0.967326,0.00071064,0.00062632,11.320464,10.694451,2023-08-01
27988,2023-07-31 12:36:00,19950.0,19679.65,4300000,118250,11.35,262.25,83450,1350,0.016652,-0.988482,0.00033369,0.00025926,11.386096,10.664416,2023-08-01
25363,2023-07-31 12:37:00,19450.0,19679.85,136200,3211750,264.0,15.65,1150,54500,0.952805,-0.041396,0.00069911,0.00065242,12.925755,12.461636,2023-08-01
20110,2023-07-31 12:37:00,19500.0,19679.85,1298350,7744700,221.55,22.75,31700,210400,0.909548,-0.082513,0.00117829,0.00114172,12.692937,12.22998,2023-08-01
14855,2023-07-31 12:37:00,19550.0,19679.85,532750,4684300,180.95,32.25,15600,161700,0.841876,-0.150798,0.00179687,0.0017953,12.329037,11.958802,2023-08-01
9598,2023-07-31 12:37:00,19600.0,19679.85,6220550,14692900,143.5,45.4,164000,324500,0.740839,-0.255136,0.00247922,0.00250712,11.984812,11.75538,2023-08-01
4338,2023-07-31 12:37:00,19650.0,19679.85,3295250,6411950,110.85,62.25,137850,371200,0.604951,-0.392647,0.00299559,0.00306246,11.794501,11.51757,2023-08-01
1707,2023-07-31 12:37:00,19700.0,19679.85,10368200,9492000,82.55,83.6,438800,432500,0.450229,-0.55121,0.00313152,0.00321669,11.598328,11.286006,2023-08-01
6969,2023-07-31 12:37:00,19750.0,19679.85,6343300,2028600,59.05,110.5,209350,136500,0.298703,-0.705597,0.00278909,0.00283508,11.416072,11.156527,2023-08-01
12226,2023-07-31 12:37:00,19800.0,19679.85,11780350,3643350,40.7,142.25,271600,110850,0.174118,-0.831598,0.0020872,0.00209178,11.295928,11.033206,2023-08-01
17482,2023-07-31 12:37:00,19850.0,19679.85,4685850,599200,27.4,178.4,89400,22800,0.089862,-0.917898,0.001318,0.00127707,11.292427,10.892652,2023-08-01
22736,2023-07-31 12:37:00,19900.0,19679.85,6756300,696750,17.55,218.85,165100,19800,0.039987,-0.965542,0.0007028,0.00064646,11.2478,10.82794,2023-08-01
27989,2023-07-31 12:37:00,19950.0,19679.85,4300000,118250,11.15,261.7,67700,2150,0.016207,-0.989202,0.00032795,0.00024794,11.323552,10.546218,2023-08-01
25364,2023-07-31 12:38:00,19450.0,19680.5,136200,3189500,265.1,15.5,1400,97750,0.951617,-0.040752,0.00070608,0.0006451,13.059043,12.447206,2023-08-01
20111,2023-07-31 12:38:00,19500.0,19680.5,1301500,7685400,222.5,22.5,12100,214500,0.908893,-0.081275,0.00117687,0.00113145,12.780015,12.204532,2023-08-01
14856,2023-07-31 12:38:00,19550.0,19680.5,532800,4666150,181.7,31.85,17150,134050,0.842191,-0.148749,0.00178815,0.00178554,12.376354,11.91827,2023-08-01
9599,2023-07-31 12:38:00,19600.0,19680.5,6228750,14741800,144.65,45.0,66950,311750,0.740607,-0.252948,0.00245844,0.00250248,12.095082,11.72736,2023-08-01
4339,2023-07-31 12:38:00,19650.0,19680.5,3322700,6372900,111.55,61.9,100800,449950,0.606521,-0.390535,0.0029814,0.00306156,11.840958,11.506741,2023-08-01
1708,2023-07-31 12:38:00,19700.0,19680.5,10504700,9481700,83.0,83.0,301800,416600,0.452325,-0.549309,0.00312927,0.00323,11.61741,11.249446,2023-08-01
6970,2023-07-31 12:38:00,19750.0,19680.5,6302700,1976750,59.4,109.55,213450,137000,0.300682,-0.705145,0.00279476,0.00285803,11.430195,11.077821,2023-08-01
12227,2023-07-31 12:38:00,19800.0,19680.5,11875900,3636250,40.9,141.0,250200,91900,0.175423,-0.833072,0.00209748,0.00210427,11.297071,10.908791,2023-08-01
17483,2023-07-31 12:38:00,19850.0,19680.5,4672200,604900,27.45,177.3,106700,18100,0.090327,-0.919265,0.00132538,0.00127413,11.275775,10.783484,2023-08-01
22737,2023-07-31 12:38:00,19900.0,19680.5,6787350,694550,17.65,217.45,109200,15650,0.040397,-0.967695,0.00070884,0.0006246,11.247811,10.629911,2023-08-01
27990,2023-07-31 12:38:00,19950.0,19680.5,4335900,118250,11.25,261.3,110900,400,0.016464,-0.988679,0.00033222,0.00025695,11.332665,10.606334,2023-08-01
25365,2023-07-31 12:39:00,19450.0,19677.65,136000,3189500,262.05,15.9,9500,89050,0.951506,-0.042631,0.00071568,0.00066916,12.913336,12.451419,2023-08-01
20112,2023-07-31 12:39:00,19500.0,19677.65,1301500,7685400,218.9,23.25,49450,317650,0.910017,-0.085281,0.00119068,0.00116928,12.521613,12.250345,2023-08-01
14857,2023-07-31 12:39:00,19550.0,19677.65,532800,4666150,178.65,32.9,42650,204000,0.840173,-0.155041,0.00182707,0.00182694,12.219591,11.978641,2023-08-01
9600,2023-07-31 12:39:00,19600.0,19677.65,6228750,14741800,141.4,46.35,206100,624950,0.737028,-0.261232,0.00251888,0.00253169,11.893711,11.793322,2023-08-01
4340,2023-07-31 12:39:00,19650.0,19677.65,3322700,6372900,108.9,63.55,250750,611500,0.599109,-0.399834,0.00303265,0.00306442,11.704652,11.575288,2023-08-01
1709,2023-07-31 12:39:00,19700.0,19677.65,10504700,9481700,80.85,85.05,1133150,906050,0.442879,-0.558074,0.00314811,0.0031977,11.516828,11.334263,2023-08-01
6971,2023-07-31 12:39:00,19750.0,19677.65,6302700,1976750,57.75,112.1,801200,297450,0.291507,-0.711235,0.00277388,0.00280146,11.358792,11.197256,2023-08-01
12228,2023-07-31 12:39:00,19800.0,19677.65,11875900,3636250,39.5,144.3,632100,233550,0.167698,-0.83449,0.00205347,0.00205454,11.216935,11.116503,2023-08-01
17484,2023-07-31 12:39:00,19850.0,19677.65,4672200,604900,26.6,180.95,266600,39850,0.085873,-0.917811,0.00128087,0.00126095,11.241095,11.048848,2023-08-01
22738,2023-07-31 12:39:00,19900.0,19677.65,6787350,694550,17.05,221.4,323650,44700,0.037978,-0.964995,0.00067619,0.00064577,11.217951,10.988434,2023-08-01
27991,2023-07-31 12:39:00,19950.0,19677.65,4335900,118100,10.9,265.0,238600,10500,0.015454,-0.987123,0.00031503,0.00027812,11.324681,10.961793,2023-08-01
25366,2023-07-31 12:40:00,19450.0,19679.75,136000,3189500,265.0,15.25,1800,94350,0.949482,-0.040089,0.00072396,0.00064145,13.191842,12.360608,2023-08-01
20113,2023-07-31 12:40:00,19500.0,19679.75,1301500,7685400,221.5,22.4,27550,275450,0.909417,-0.081199,0.00117954,0.00113575,12.705048,12.157786,2023-08-01
14858,2023-07-31 12:40:00,19550.0,19679.75,532800,4666150,180.95,31.7,32700,197700,0.84155,-0.148821,0.00179831,0.00179573,12.347356,11.86223,2023-08-01
9601,2023-07-31 12:40:00,19600.0,19679.75,6228750,14741800,143.8,44.85,187500,529600,0.739714,-0.253674,0.00247448,0.00252032,12.045923,11.669564,2023-08-01
4341,2023-07-31 12:40:00,19650.0,19679.75,3322700,6372900,110.7,61.75,202000,497100,0.60479,-0.392226,0.00300077,0.00308405,11.786483,11.44424,2023-08-01
1710,2023-07-31 12:40:00,19700.0,19679.75,10504700,9481700,82.35,82.8,767500,598250,0.449772,-0.552155,0.00313835,0.00325161,11.582232,11.171782,2023-08-01
6972,2023-07-31 12:40:00,19750.0,19679.75,6302700,1976750,59.1,109.75,651850,220950,0.298511,-0.708001,0.00278667,0.00285582,11.433333,11.043832,2023-08-01
12229,2023-07-31 12:40:00,19800.0,19679.75,11875900,3636250,40.5,141.45,569250,162550,0.173195,-0.835023,0.00208616,0.00209158,11.27389,10.899088,2023-08-01
17485,2023-07-31 12:40:00,19850.0,19679.75,4672200,604900,27.25,177.2,165200,34600,0.089154,-0.922808,0.00131368,0.00124698,11.273679,10.657043,2023-08-01
22739,2023-07-31 12:40:00,19900.0,19679.75,6787350,694550,17.55,218.1,211250,18350,0.039876,-0.9682,0.00070138,0.00061672,11.255601,10.633615,2023-08-01
27992,2023-07-31 12:40:00,19950.0,19679.75,4335900,118100,11.2,261.5,128900,2750,0.016258,-0.989865,0.00032851,0.00023695,11.345339,10.451684,2023-08-01
25367,2023-07-31 12:41:00,19450.0,19683.6,133550,3197100,267.0,14.9,4600,123550,0.956101,-0.038134,0.00066252,0.00061385,12.881617,12.402854,2023-08-01
20114,2023-07-31 12:41:00,19500.0,19683.6,1314450,7723750,223.8,21.9,63650,184250,0.916666,-0.077585,0.00112275,0.0010935,12.542661,12.20118,2023-08-01
14859,2023-07-31 12:41:00,19550.0,19683.6,550150,4637050,182.9,31.15,68450,151950,0.851573,-0.143341,0.00174492,0.00174105,12.187459,11.931611,2023-08-01
9602,2023-07-31 12:41:00,19600.0,19683.6,6269350,14535500,145.85,44.05,242550,360500,0.750677,-0.245246,0.00243643,0.00246155,11.962924,11.736889,2023-08-01
4342,2023-07-31 12:41:00,19650.0,19683.6,3367550,6223550,112.75,60.7,238700,364650,0.61661,-0.381106,0.00298298,0.00303909,11.755804,11.518088,2023-08-01
1711,2023-07-31 12:41:00,19700.0,19683.6,10780150,9340500,84.1,81.7,566750,483400,0.461776,-0.539206,0.00315533,0.00323091,11.560042,11.286925,2023-08-01
6973,2023-07-31 12:41:00,19750.0,19683.6,6130050,1843250,60.55,108.3,303450,167200,0.30905,-0.694976,0.00283387,0.00288151,11.419647,11.166148,2023-08-01
12230,2023-07-31 12:41:00,19800.0,19683.6,12079700,3592300,41.7,139.65,365000,143750,0.181281,-0.823917,0.00214726,0.00215405,11.274688,11.035092,2023-08-01
17486,2023-07-31 12:41:00,19850.0,19683.6,4737850,604050,28.15,176.1,172450,41900,0.094289,-0.911051,0.00136922,0.00134355,11.275845,11.00542,2023-08-01
22740,2023-07-31 12:41:00,19900.0,19683.6,6811550,683750,18.2,216.15,171650,32900,0.042662,-0.961793,0.00074064,0.00069731,11.260011,10.935255,2023-08-01
27993,2023-07-31 12:41:00,19950.0,19683.6,4357300,116900,11.65,259.65,136550,4800,0.017571,-0.98548,0.00035097,0.00030879,11.349658,10.95445,2023-08-01
25368,2023-07-31 12:42:00,19450.0,19685.65,133550,3197100,268.0,14.75,6450,96800,0.959766,-0.037216,0.00062677,0.00060035,12.691341,12.434495,2023-08-01
20115,2023-07-31 12:42:00,19500.0,19685.65,1314450,7723750,224.15,21.65,45200,535700,0.923537,-0.075741,0.00107556,0.00107161,12.270617,12.227257,2023-08-01
14860,2023-07-31 12:42:00,19550.0,19685.65,550150,4637050,183.95,30.95,52950,390850,0.856881,-0.140791,0.00171513,0.00171278,12.101762,11.984608,2023-08-01
9603,2023-07-31 12:42:00,19600.0,19685.65,6269350,14535500,146.45,43.7,276450,490750,0.75791,-0.241035,0.00242333,0.00242938,11.841363,11.7839,2023-08-01
4343,2023-07-31 12:42:00,19650.0,19685.65,3367550,6223550,113.2,60.4,289400,501300,0.623822,-0.375633,0.00299398,0.00300652,11.647298,11.593451,2023-08-01
1712,2023-07-31 12:42:00,19700.0,19685.65,10780150,9340500,84.45,81.1,675500,573050,0.467954,-0.532417,0.0031859,0.00321994,11.467187,11.345119,2023-08-01
6974,2023-07-31 12:42:00,19750.0,19685.65,6130050,1843250,60.65,107.55,315000,188850,0.313243,-0.688059,0.00287705,0.00289332,11.316549,11.232713,2023-08-01
12231,2023-07-31 12:42:00,19800.0,19685.65,12079700,3592300,41.85,138.95,429850,138400,0.184011,-0.817155,0.00218251,0.00218441,11.198921,11.144922,2023-08-01
17487,2023-07-31 12:42:00,19850.0,19685.65,4737850,604050,28.2,174.85,172550,31000,0.095541,-0.907157,0.00139227,0.00137983,11.199773,11.064463,2023-08-01
22741,2023-07-31 12:42:00,19900.0,19685.65,6811550,683750,18.2,214.65,182000,26750,0.043104,-0.959712,0.00075194,0.00072497,11.185994,10.984401,2023-08-01
27994,2023-07-31 12:42:00,19950.0,19685.65,4357300,116900,11.65,258.25,139050,5650,0.017734,-0.983906,0.00035587,0.00033361,11.284051,11.078762,2023-08-01
25369,2023-07-31 12:43:00,19450.0,19684.95,133550,3197100,266.4,14.95,6600,73900,0.962354,-0.03794,0.000606,0.00060863,12.438822,12.464008,2023-08-01
20116,2023-07-31 12:43:00,19500.0,19684.95,1314450,7723750,223.65,21.95,19650,234300,0.92255,-0.077065,0.00108493,0.00108286,12.288077,12.265047,2023-08-01
14861,2023-07-31 12:43:00,19550.0,19684.95,550150,4637050,182.95,31.4,29200,186150,0.857352,-0.142937,0.00172342,0.0017237,12.020939,12.035486,2023-08-01
9604,2023-07-31 12:43:00,19600.0,19684.95,6269350,14535500,145.55,44.45,137300,311500,0.757431,-0.244193,0.00243983,0.00243029,11.777994,11.866926,2023-08-01
4344,2023-07-31 12:43:00,19650.0,19684.95,3367550,6223550,112.5,61.25,145050,302900,0.622133,-0.378527,0.00300908,0.00299355,11.609023,11.67555,2023-08-01
1713,2023-07-31 12:43:00,19700.0,19684.95,10780150,9340500,83.8,82.25,396900,378400,0.465579,-0.534328,0.00319635,0.00318832,11.427968,11.456986,2023-08-01
6975,2023-07-31 12:43:00,19750.0,19684.95,6130050,1843250,60.35,108.75,232450,257900,0.311165,-0.688388,0.00286987,0.00286438,11.31621,11.344955,2023-08-01
12232,2023-07-31 12:43:00,19800.0,19684.95,12079700,3592300,41.6,140.4,220300,101550,0.182346,-0.815518,0.00217147,0.00216801,11.196106,11.295677,2023-08-01
17488,2023-07-31 12:43:00,19850.0,19684.95,4737850,604050,28.05,176.55,127400,31800,0.094581,-0.904047,0.00138191,0.00138807,11.203962,11.273188,2023-08-01
22742,2023-07-31 12:43:00,19900.0,19684.95,6811550,683750,18.1,216.35,94900,25450,0.042603,-0.956841,0.00074478,0.00074997,11.191252,11.230893,2023-08-01
27995,2023-07-31 12:43:00,19950.0,19684.95,4357300,116900,11.55,260.0,97000,3800,0.017426,-0.981604,0.00035082,0.00036359,11.280185,11.398752,2023-08-01
25370,2023-07-31 12:44:00,19450.0,19683.65,130850,3224350,265.7,14.95,3100,51400,0.96027,-0.038188,0.00062776,0.00061422,12.551219,12.421234,2023-08-01
20117,2023-07-31 12:44:00,19500.0,19683.65,1316100,7785850,223.65,21.9,11750,174150,0.917465,-0.07744,0.00111862,0.00109246,12.50967,12.206721,2023-08-01
14862,2023-07-31 12:44:00,19550.0,19683.65,541250,4493650,183.0,31.3,19800,96100,0.851549,-0.143685,0.00174439,0.00174083,12.20386,11.963663,2023-08-01
9605,2023-07-31 12:44:00,19600.0,19683.65,6261900,14490500,145.8,44.45,116050,232650,0.751117,-0.246173,0.00243798,0.00245471,11.955166,11.80444,2023-08-01
4345,2023-07-31 12:44:00,19650.0,19683.65,3449400,6154250,112.55,61.2,129950,285600,0.617103,-0.381623,0.00299167,0.00302293,11.728063,11.595182,2023-08-01
1714,2023-07-31 12:44:00,19700.0,19683.65,10976200,9264700,83.85,82.25,326550,347250,0.461756,-0.538807,0.00316737,0.00321084,11.526751,11.369164,2023-08-01
6976,2023-07-31 12:44:00,19750.0,19683.65,6173900,1859600,60.35,108.6,155600,146150,0.308588,-0.694222,0.00284131,0.0028746,11.392893,11.215676,2023-08-01
12233,2023-07-31 12:44:00,19800.0,19683.65,12106200,3547850,41.45,140.25,192500,81900,0.180357,-0.821846,0.0021494,0.00215236,11.237902,11.136021,2023-08-01
17489,2023-07-31 12:44:00,19850.0,19683.65,4780100,589650,28.05,176.35,88150,24600,0.093831,-0.910124,0.00136749,0.00134857,11.260102,11.059682,2023-08-01
22743,2023-07-31 12:44:00,19900.0,19683.65,6790150,676300,18.1,216.2,98250,20650,0.042275,-0.961601,0.00073717,0.0006994,11.240404,10.95748,2023-08-01
27996,2023-07-31 12:44:00,19950.0,19683.65,4377700,116900,11.5,259.5,68150,2100,0.017182,-0.985766,0.00034585,0.00030467,11.309849,10.923739,2023-08-01
25371,2023-07-31 12:45:00,19450.0,19679.75,130850,3224350,264.0,15.4,1150,65400,0.952644,-0.040403,0.0007007,0.00064421,12.964034,12.405008,2023-08-01
20118,2023-07-31 12:45:00,19500.0,19679.75,1316100,7785850,220.7,22.45,21050,141500,0.912308,-0.081169,0.00116701,0.00113567,12.554722,12.17416,2023-08-01
14863,2023-07-31 12:45:00,19550.0,19679.75,541250,4493650,180.5,32.05,18350,110400,0.843229,-0.149818,0.00179845,0.00179644,12.279349,11.92905,2023-08-01
9606,2023-07-31 12:45:00,19600.0,19679.75,6261900,14490500,143.55,45.25,148450,348150,0.740512,-0.254577,0.00248048,0.00251455,12.016431,11.736439,2023-08-01
4346,2023-07-31 12:45:00,19650.0,19679.75,3449400,6154250,110.6,62.6,125350,292950,0.60496,-0.39322,0.00300662,0.00305748,11.780458,11.569809,2023-08-01
1715,2023-07-31 12:45:00,19700.0,19679.75,10976200,9264700,82.25,83.9,361750,402900,0.449624,-0.551526,0.00314473,0.00321232,11.576166,11.328377,2023-08-01
6977,2023-07-31 12:45:00,19750.0,19679.75,6173900,1859600,59.05,110.35,136650,121800,0.298193,-0.706789,0.00278958,0.00284258,11.433649,11.133923,2023-08-01
12234,2023-07-31 12:45:00,19800.0,19679.75,12106200,3547850,40.65,142.75,247900,136800,0.173449,-0.830826,0.00208571,0.00208914,11.304471,11.107256,2023-08-01
17490,2023-07-31 12:45:00,19850.0,19679.75,4780100,589650,27.5,178.6,125600,30550,0.08981,-0.918035,0.0013168,0.00127538,11.325998,10.920584,2023-08-01
22744,2023-07-31 12:45:00,19900.0,19679.75,6790150,676300,17.65,218.7,83250,18150,0.040025,-0.966613,0.00070277,0.00063445,11.284873,10.776934,2023-08-01
27997,2023-07-31 12:45:00,19950.0,19679.75,4377700,114450,11.25,261.35,107200,4000,0.016282,-0.990258,0.00032882,0.00023037,11.366656,10.402244,2023-08-01
25372,2023-07-31 12:46:00,19450.0,19675.9,130850,3224350,263.2,15.6,3200,84000,0.942294,-0.041893,0.00078516,0.00066807,13.542227,12.32486,2023-08-01
20119,2023-07-31 12:46:00,19500.0,19675.9,1316100,7785850,220.0,22.8,32950,296100,0.899618,-0.084269,0.00124326,0.00117592,13.027458,12.099976,2023-08-01
14864,2023-07-31 12:46:00,19550.0,19675.9,541250,4493650,179.9,32.5,55400,188500,0.828879,-0.155007,0.00184679,0.00185197,12.663721,11.841836,2023-08-01
9607,2023-07-31 12:46:00,19600.0,19675.9,6261900,14490500,142.8,45.95,144150,461750,0.726366,-0.262836,0.00249165,0.00257609,12.294328,11.652849,2023-08-01
4347,2023-07-31 12:46:00,19650.0,19675.9,3449400,6154250,110.2,63.15,260450,498650,0.591418,-0.40386,0.00296838,0.00312018,12.042684,11.42376,2023-08-01
1716,2023-07-31 12:46:00,19700.0,19675.9,10976200,9264700,82.1,84.6,642150,772650,0.438836,-0.564913,0.00307007,0.00324746,11.818354,11.155915,2023-08-01
6978,2023-07-31 12:46:00,19750.0,19675.9,6173900,1859600,59.1,111.55,478700,268500,0.291254,-0.720592,0.00270706,0.00282053,11.66087,10.972547,2023-08-01
12235,2023-07-31 12:46:00,19800.0,19675.9,12106200,3547850,40.75,143.55,398700,192200,0.169776,-0.845453,0.00202219,0.00202496,11.507039,10.809007,2023-08-01
17491,2023-07-31 12:46:00,19850.0,19675.9,4780100,589650,27.55,179.9,189050,42850,0.088004,-0.928996,0.00127842,0.00117875,11.496803,10.598511,2023-08-01
22745,2023-07-31 12:46:00,19900.0,19675.9,6790150,676300,17.65,220.05,143600,26500,0.039186,-0.974535,0.00068256,0.00053,11.426348,10.306801,2023-08-01
27998,2023-07-31 12:46:00,19950.0,19675.9,4377700,114450,11.25,263.8,124050,4450,0.01596,-0.99303,0.00031985,0.00017811,11.492652,10.031372,2023-08-01
25373,2023-07-31 12:47:00,19450.0,19682.6,131700,3216900,266.5,15.05,2650,45000,0.954469,-0.038632,0.00067827,0.00062094,12.983008,12.41516,2023-08-01
20120,2023-07-31 12:47:00,19500.0,19682.6,1324750,7864350,224.0,22.05,31950,214200,0.912261,-0.078328,0.00114928,0.00110348,12.759588,12.201955,2023-08-01
14865,2023-07-31 12:47:00,19550.0,19682.6,558200,4471750,183.65,31.45,28650,122500,0.844957,-0.14501,0.0017605,0.00175555,12.458676,11.948727,2023-08-01
9608,2023-07-31 12:47:00,19600.0,19682.6,6183150,14558000,146.2,44.5,132100,311850,0.745654,-0.247845,0.00243276,0.00247453,12.131004,11.764022,2023-08-01
4348,2023-07-31 12:47:00,19650.0,19682.6,3475350,6220650,112.95,61.05,187600,286800,0.612667,-0.383976,0.00296682,0.0030521,11.878168,11.516863,2023-08-01
1717,2023-07-31 12:47:00,19700.0,19682.6,10993300,9373750,84.45,82.25,427600,413600,0.458971,-0.542515,0.0031249,0.00323058,11.686798,11.300076,2023-08-01
6979,2023-07-31 12:47:00,19750.0,19682.6,6057750,1837550,60.9,108.6,235800,126100,0.307663,-0.698834,0.00280516,0.00288003,11.53592,11.129764,2023-08-01
12236,2023-07-31 12:47:00,19800.0,19682.6,12139850,3570050,42.05,140.25,237200,140100,0.181041,-0.826742,0.00212853,0.00213786,11.386316,11.026231,2023-08-01
17492,2023-07-31 12:47:00,19850.0,19682.6,4756600,608400,28.45,176.55,116050,21300,0.094533,-0.913878,0.00136188,0.00132059,11.380067,10.951185,2023-08-01
22746,2023-07-31 12:47:00,19900.0,19682.6,6827000,677800,18.35,215.85,101400,15650,0.042702,-0.966161,0.00073752,0.00064786,11.338032,10.676362,2023-08-01
27999,2023-07-31 12:47:00,19950.0,19682.6,4426150,112900,11.7,259.75,65900,2750,0.017489,-0.987612,0.00034854,0.00027578,11.404739,10.714433,2023-08-01
25374,2023-07-31 12:48:00,19450.0,19686.45,131700,3216900,268.55,14.55,2150,80950,0.960806,-0.036276,0.00061581,0.00058984,12.668274,12.416753,2023-08-01
20121,2023-07-31 12:48:00,19500.0,19686.45,1324750,7864350,227.7,21.3,59850,217950,0.914676,-0.073921,0.00111515,0.00105698,12.879979,12.190739,2023-08-01
14866,2023-07-31 12:48:00,19550.0,19686.45,558200,4471750,186.6,30.45,45800,200150,0.851467,-0.13805,0.00170951,0.00169989,12.471148,11.936827,2023-08-01
9609,2023-07-31 12:48:00,19600.0,19686.45,6183150,14558000,149.0,43.0,251250,357850,0.754455,-0.237552,0.00238206,0.00242753,12.161224,11.720859,2023-08-01
4349,2023-07-31 12:48:00,19650.0,19686.45,3475350,6220650,115.15,59.25,279150,424200,0.624185,-0.371878,0.00294322,0.00303172,11.866291,11.481444,2023-08-01
1718,2023-07-31 12:48:00,19700.0,19686.45,10993300,9373750,86.2,79.75,836000,600450,0.470932,-0.530311,0.00314028,0.00326336,11.661768,11.219313,2023-08-01
6980,2023-07-31 12:48:00,19750.0,19686.45,6057750,1837550,62.25,105.8,555750,165000,0.318024,-0.688863,0.00285348,0.00294125,11.504901,11.057494,2023-08-01
12237,2023-07-31 12:48:00,19800.0,19686.45,12139850,3570050,43.15,136.8,366650,152150,0.188884,-0.821204,0.00218914,0.00220595,11.367984,10.902194,2023-08-01
17493,2023-07-31 12:48:00,19850.0,19686.45,4756600,608400,29.2,172.85,135000,26150,0.099244,-0.911406,0.00141509,0.0013654,11.351602,10.819079,2023-08-01
22747,2023-07-31 12:48:00,19900.0,19686.45,6827000,677800,18.85,212.45,155550,22050,0.045106,-0.964087,0.00077311,0.0006825,11.305895,10.642783,2023-08-01
28000,2023-07-31 12:48:00,19950.0,19686.45,4426150,112900,11.9,255.5,160750,1550,0.018269,-0.98823,0.00036401,0.00027004,11.33591,10.468904,2023-08-01
25375,2023-07-31 12:49:00,19450.0,19687.35,131700,3216900,270.7,14.45,6500,89650,0.957292,-0.035766,0.00064273,0.00058294,13.016575,12.422013,2023-08-01
20122,2023-07-31 12:49:00,19500.0,19687.35,1324750,7864350,228.0,21.25,30350,247900,0.917145,-0.073315,0.00109842,0.00104854,12.794464,12.215089,2023-08-01
14867,2023-07-31 12:49:00,19550.0,19687.35,558200,4471750,187.2,30.2,37050,149550,0.853298,-0.136348,0.00169743,0.00168676,12.459363,11.931453,2023-08-01
9610,2023-07-31 12:49:00,19600.0,19687.35,6183150,14558000,149.7,42.95,264750,323650,0.75639,-0.236001,0.00236965,0.00241185,12.176184,11.75781,2023-08-01
4350,2023-07-31 12:49:00,19650.0,19687.35,3475350,6220650,116.0,59.2,280750,290650,0.6264,-0.369603,0.00292722,0.00301472,11.912047,11.526316,2023-08-01
1719,2023-07-31 12:49:00,19700.0,19687.35,10993300,9373750,86.8,79.75,739400,413800,0.473794,-0.527227,0.003137,0.00324814,11.682891,11.281229,2023-08-01
6981,2023-07-31 12:49:00,19750.0,19687.35,6057750,1837550,63.0,105.85,401800,165100,0.321337,-0.684975,0.00285311,0.0029358,11.559556,11.140386,2023-08-01
12238,2023-07-31 12:49:00,19800.0,19687.35,12139850,3570050,43.6,136.6,390550,136400,0.191324,-0.817857,0.00220206,0.00221913,11.39381,10.967199,2023-08-01
17494,2023-07-31 12:49:00,19850.0,19687.35,4756600,608400,29.5,172.65,170050,16800,0.100767,-0.908441,0.00142929,0.00138813,11.367518,10.908346,2023-08-01
22748,2023-07-31 12:49:00,19900.0,19687.35,6827000,677800,19.05,212.25,188250,15350,0.045912,-0.96179,0.00078365,0.00070972,11.316909,10.769555,2023-08-01
28001,2023-07-31 12:49:00,19950.0,19687.35,4426150,112900,12.1,255.45,128600,1350,0.018797,-0.986381,0.00037214,0.00029978,11.363011,10.701865,2023-08-01
25376,2023-07-31 12:50:00,19450.0,19687.8,130550,3212200,272.2,14.35,1950,47700,0.954307,-0.035349,0.0006648,0.00057799,13.29272,12.412008,2023-08-01
20123,2023-07-31 12:50:00,19500.0,19687.8,1324400,7838650,229.05,21.05,30950,153850,0.915379,-0.072382,0.00110407,0.0010407,12.936046,12.190608,2023-08-01
14868,2023-07-31 12:50:00,19550.0,19687.8,571250,4485250,188.2,30.05,28700,71400,0.851886,-0.135387,0.00169293,0.00168003,12.57657,11.92479,2023-08-01
9611,2023-07-31 12:50:00,19600.0,19687.8,6217950,14452600,150.3,42.6,153600,275450,0.756686,-0.23426,0.00235968,0.00240919,12.223133,11.726136,2023-08-01
4351,2023-07-31 12:50:00,19650.0,19687.8,3486450,6126900,116.65,58.9,205400,159350,0.627184,-0.368039,0.00291248,0.00301569,11.967777,11.509956,2023-08-01
1720,2023-07-31 12:50:00,19700.0,19687.8,11259250,9297200,87.45,79.25,509700,256500,0.475329,-0.525876,0.00312276,0.00326067,11.742446,11.243639,2023-08-01
6982,2023-07-31 12:50:00,19750.0,19687.8,6111550,1809350,63.45,105.4,320800,74700,0.323119,-0.684106,0.00285099,0.0029468,11.598095,11.115063,2023-08-01
12239,2023-07-31 12:50:00,19800.0,19687.8,12237400,3538200,44.05,136.25,340300,82150,0.19324,-0.817065,0.00220689,0.00222697,11.44171,10.961375,2023-08-01
17495,2023-07-31 12:50:00,19850.0,19687.8,4795250,600300,29.8,172.15,103050,21450,0.102032,-0.908436,0.00143835,0.00139205,11.402392,10.881179,2023-08-01
22749,2023-07-31 12:50:00,19900.0,19687.8,6851150,673000,19.25,211.7,139200,16150,0.046611,-0.962044,0.00079152,0.00070859,11.344413,10.731205,2023-08-01
28002,2023-07-31 12:50:00,19950.0,19687.8,4425800,113650,12.25,254.5,68000,1400,0.019169,-0.98745,0.0003776,0.00028383,11.39076,10.535487,2023-08-01
25377,2023-07-31 12:51:00,19450.0,19687.55,130550,3212200,272.05,14.3,1950,82200,0.953973,-0.035221,0.00066803,0.00057741,13.310557,12.391653,2023-08-01
20124,2023-07-31 12:51:00,19500.0,19687.55,1324400,7838650,228.75,20.9,20000,199400,0.915457,-0.071924,0.00110518,0.0010394,12.918321,12.150487,2023-08-01
14869,2023-07-31 12:51:00,19550.0,19687.55,571250,4485250,188.25,29.9,31450,137900,0.850708,-0.135013,0.00169662,0.00168251,12.619915,11.888598,2023-08-01
9612,2023-07-31 12:51:00,19600.0,19687.55,6217950,14452600,150.75,42.35,135950,328200,0.754448,-0.233859,0.00235334,0.00241799,12.320703,11.676166,2023-08-01
4352,2023-07-31 12:51:00,19650.0,19687.55,3486450,6126900,116.9,58.5,201750,253000,0.625902,-0.368001,0.00290238,0.00303508,12.026457,11.439755,2023-08-01
1721,2023-07-31 12:51:00,19700.0,19687.55,11259250,9297200,87.6,79.1,477100,375850,0.474627,-0.526803,0.00311286,0.00327188,11.782321,11.207068,2023-08-01
6983,2023-07-31 12:51:00,19750.0,19687.55,6111550,1809350,63.6,105.05,344100,125500,0.322886,-0.68599,0.00284191,0.00295868,11.635451,11.04578,2023-08-01
12240,2023-07-31 12:51:00,19800.0,19687.55,12237400,3538200,44.05,136.0,290350,125700,0.192899,-0.819119,0.00220256,0.00222504,11.455605,10.897284,2023-08-01
17496,2023-07-31 12:51:00,19850.0,19687.55,4795250,600300,29.9,171.75,149500,22350,0.102189,-0.910996,0.00143669,0.00137689,11.432063,10.775214,2023-08-01
22750,2023-07-31 12:51:00,19900.0,19687.55,6851150,673000,19.3,211.3,165850,20650,0.04667,-0.964139,0.00079108,0.00068549,11.36584,10.593151,2023-08-01
28003,2023-07-31 12:51:00,19950.0,19687.55,4425800,113650,12.3,254.15,100350,4350,0.019243,-0.988748,0.00037817,0.00026274,11.414114,10.355839,2023-08-01
25378,2023-07-31 12:52:00,19450.0,19689.55,130550,3212200,274.1,13.9,750,98300,0.954331,-0.033615,0.00065981,0.00055753,13.394753,12.35323,2023-08-01
20125,2023-07-31 12:52:00,19500.0,19689.55,1324400,7838650,230.7,20.4,35800,166850,0.916591,-0.069296,0.00108846,0.00101294,12.987075,12.118818,2023-08-01
14870,2023-07-31 12:52:00,19550.0,19689.55,571250,4485250,189.5,29.2,42200,72800,0.854965,-0.130792,0.00167008,0.00165212,12.57686,11.847827,2023-08-01
9613,2023-07-31 12:52:00,19600.0,19689.55,6217950,14452600,151.5,41.65,145800,266500,0.760854,-0.228755,0.00233816,0.00239141,12.226898,11.663986,2023-08-01
4353,2023-07-31 12:52:00,19650.0,19689.55,3486450,6126900,117.45,57.55,218150,284750,0.63268,-0.361659,0.00290806,0.003024,11.934674,11.417313,2023-08-01
1722,2023-07-31 12:52:00,19700.0,19689.55,11259250,9297200,88.25,77.85,536450,407750,0.480748,-0.520347,0.0031295,0.00328654,11.732257,11.170112,2023-08-01
6984,2023-07-31 12:52:00,19750.0,19689.55,6111550,1809350,64.05,103.6,268450,123500,0.327788,-0.680699,0.00287317,0.00299074,11.582468,11.007449,2023-08-01
12241,2023-07-31 12:52:00,19800.0,19689.55,12237400,3538200,44.5,134.15,258100,77950,0.196638,-0.816361,0.00223467,0.00226204,11.425989,10.823105,2023-08-01
17497,2023-07-31 12:52:00,19850.0,19689.55,4795250,600300,30.1,169.65,124900,14600,0.104026,-0.910347,0.00146203,0.00139775,11.382668,10.674236,2023-08-01
22751,2023-07-31 12:52:00,19900.0,19689.55,6851150,673000,19.5,209.05,133550,19550,0.047767,-0.964547,0.00080832,0.00068758,11.335102,10.464461,2023-08-01
28004,2023-07-31 12:52:00,19950.0,19689.55,4425800,113650,12.45,252.1,79000,1350,0.01977,-0.988755,0.00038786,0.00026466,11.390123,10.277609,2023-08-01
25379,2023-07-31 12:53:00,19450.0,19698.7,130550,3179250,280.5,13.0,4050,190100,0.964268,-0.029364,0.00055625,0.0004962,13.016627,12.410407,2023-08-01
20126,2023-07-31 12:53:00,19500.0,19698.7,1320250,7818550,236.25,19.05,65250,486300,0.932511,-0.061061,0.00095616,0.00091502,12.577497,12.159373,2023-08-01
14871,2023-07-31 12:53:00,19550.0,19698.7,558350,4416750,195.0,27.35,95750,316900,0.874793,-0.116998,0.00154207,0.00152271,12.312379,11.888088,2023-08-01
9614,2023-07-31 12:53:00,19600.0,19698.7,6212400,14343450,156.05,39.15,363400,759850,0.787135,-0.208156,0.00224076,0.00225721,11.943541,11.701834,2023-08-01
4354,2023-07-31 12:53:00,19650.0,19698.7,3495100,5968950,121.8,54.2,423300,655100,0.661247,-0.334644,0.0028677,0.00293258,11.754587,11.440133,2023-08-01
1723,2023-07-31 12:53:00,19700.0,19698.7,11162400,9130350,91.7,74.0,1299200,998250,0.509504,-0.490305,0.00318128,0.00326841,11.549723,11.241703,2023-08-01
6985,2023-07-31 12:53:00,19750.0,19698.7,6088900,1759100,66.75,99.1,555050,362200,0.352337,-0.651493,0.002997,0.00306521,11.413397,11.115186,2023-08-01
12242,2023-07-31 12:53:00,19800.0,19698.7,12129800,3548650,46.4,129.1,766100,273150,0.214064,-0.79143,0.00238643,0.00240627,11.251243,10.98986,2023-08-01
17498,2023-07-31 12:53:00,19850.0,19698.7,4839350,600000,31.5,164.0,268400,61150,0.114743,-0.8921,0.00159008,0.00156707,11.228086,10.902348,2023-08-01
22752,2023-07-31 12:53:00,19900.0,19698.7,6896300,678250,20.45,202.9,316650,57700,0.053279,-0.95291,0.00089313,0.00083932,11.189566,10.790604,2023-08-01
28005,2023-07-31 12:53:00,19950.0,19698.7,4453400,114200,12.95,244.95,184400,6100,0.021929,-0.983672,0.0004298,0.00035444,11.21944,10.586601,2023-08-01
25380,2023-07-31 12:54:00,19450.0,19698.75,130550,3179250,280.05,13.1,3750,67250,0.965717,-0.029614,0.00054318,0.00049862,12.888532,12.441238,2023-08-01
20127,2023-07-31 12:54:00,19500.0,19698.75,1320250,7818550,236.55,19.2,70100,171350,0.931721,-0.061519,0.00096066,0.00091789,12.635576,12.195965,2023-08-01
14872,2023-07-31 12:54:00,19550.0,19698.75,558350,4416750,195.0,27.5,42400,207350,0.875039,-0.117461,0.00154108,0.00152346,12.30723,11.919188,2023-08-01
9615,2023-07-31 12:54:00,19600.0,19698.75,6212400,14343450,156.5,38.9,198050,271700,0.786015,-0.20725,0.00223563,0.00225918,12.01136,11.66519,2023-08-01
4355,2023-07-31 12:54:00,19650.0,19698.75,3495100,5968950,121.8,54.1,280200,283000,0.661467,-0.334313,0.00286857,0.0029351,11.751727,11.429405,2023-08-01
1724,2023-07-31 12:54:00,19700.0,19698.75,11162400,9130350,91.8,73.6,741050,376900,0.50965,-0.490113,0.00317901,0.00328431,11.561442,11.190611,2023-08-01
6986,2023-07-31 12:54:00,19750.0,19698.75,6088900,1759100,66.9,98.5,372600,103750,0.352677,-0.652439,0.00299388,0.00308503,11.432804,11.036203,2023-08-01
12243,2023-07-31 12:54:00,19800.0,19698.75,12129800,3548650,46.6,128.4,348950,91800,0.2147,-0.793527,0.00238519,0.00241455,11.280076,10.890336,2023-08-01
17499,2023-07-31 12:54:00,19850.0,19698.75,4839350,600000,31.5,163.2,193250,20850,0.114729,-0.894883,0.00159055,0.00155702,11.227309,10.771051,2023-08-01
22753,2023-07-31 12:54:00,19900.0,19698.75,6896300,678250,20.3,202.35,176950,31850,0.052773,-0.954569,0.00088917,0.000824,11.158096,10.682524,2023-08-01
28006,2023-07-31 12:54:00,19950.0,19698.75,4453400,114200,12.85,245.25,122650,2800,0.021665,-0.982868,0.00042658,0.00036605,11.192787,10.684318,2023-08-01
25381,2023-07-31 12:55:00,19450.0,19701.0,130550,3179250,282.25,12.85,2800,115850,0.966288,-0.02852,0.00053319,0.00048317,12.952754,12.446038,2023-08-01
20128,2023-07-31 12:55:00,19500.0,19701.0,1320250,7818550,239.9,18.7,42750,220050,0.928994,-0.058981,0.00096564,0.00089045,12.957678,12.16644,2023-08-01
14873,2023-07-31 12:55:00,19550.0,19701.0,558350,4416750,197.95,26.85,37600,295100,0.874328,-0.113446,0.00151999,0.00149013,12.530012,11.890689,2023-08-01
9616,2023-07-31 12:55:00,19600.0,19701.0,6212400,14343450,158.55,38.2,247200,497350,0.789629,-0.201998,0.00220006,0.00222671,12.087024,11.65824,2023-08-01
4356,2023-07-31 12:55:00,19650.0,19701.0,3495100,5968950,123.75,53.0,316550,348150,0.666878,-0.327173,0.0028317,0.00291999,11.832459,11.392181,2023-08-01
1725,2023-07-31 12:55:00,19700.0,19701.0,11162400,9130350,93.45,72.35,773450,495850,0.516719,-0.482693,0.00316035,0.00329085,11.625198,11.163506,2023-08-01
6987,2023-07-31 12:55:00,19750.0,19701.0,6088900,1759100,68.05,97.05,420350,193100,0.359676,-0.645837,0.00300889,0.00311363,11.457102,11.01184,2023-08-01
12244,2023-07-31 12:55:00,19800.0,19701.0,12129800,3548650,47.55,126.55,509300,171200,0.220587,-0.789285,0.00241731,0.00245625,11.307563,10.836709,2023-08-01
17500,2023-07-31 12:55:00,19850.0,19701.0,4839350,600000,32.15,161.25,260250,28750,0.118535,-0.892374,0.00162628,0.00159069,11.239972,10.726328,2023-08-01
22754,2023-07-31 12:55:00,19900.0,19701.0,6896300,678250,20.7,199.6,289950,41000,0.054709,-0.955669,0.00091528,0.00082275,11.155824,10.491861,2023-08-01
28007,2023-07-31 12:55:00,19950.0,19701.0,4453400,114200,13.15,242.65,177350,2800,0.022649,-0.983524,0.0004428,0.0003599,11.197042,10.51221,2023-08-01
25382,2023-07-31 12:56:00,19450.0,19703.15,129700,3176100,283.5,12.9,1100,65350,0.969199,-0.028296,0.00050158,0.00047683,12.78263,12.531609,2023-08-01
20129,2023-07-31 12:56:00,19500.0,19703.15,1304000,7779900,239.5,18.8,44000,159950,0.938245,-0.058544,0.00089981,0.00087811,12.483309,12.268029,2023-08-01
14874,2023-07-31 12:56:00,19550.0,19703.15,543500,4331200,197.45,26.95,37750,161300,0.885162,-0.11227,0.00147354,0.00146617,12.131951,11.99784,2023-08-01
9617,2023-07-31 12:56:00,19600.0,19703.15,6199500,14329200,158.5,38.4,167650,256900,0.799292,-0.199834,0.00218541,0.00218786,11.835435,11.791234,2023-08-01
4357,2023-07-31 12:56:00,19650.0,19703.15,3488450,5963900,123.75,53.15,229050,320250,0.675655,-0.322853,0.00284893,0.00286982,11.637379,11.530711,2023-08-01
1726,2023-07-31 12:56:00,19700.0,19703.15,11253600,9120650,93.1,72.7,647850,322150,0.52389,-0.475983,0.0032154,0.0032345,11.418065,11.350406,2023-08-01
6988,2023-07-31 12:56:00,19750.0,19703.15,6231850,1732500,68.0,97.25,354400,112450,0.364519,-0.63679,0.00306011,0.00308662,11.319101,11.208292,2023-08-01
12245,2023-07-31 12:56:00,19800.0,19703.15,12068750,3560050,47.45,127.15,336300,97050,0.223204,-0.777722,0.0024613,0.00246541,11.182769,11.137705,2023-08-01
17501,2023-07-31 12:56:00,19850.0,19703.15,4935050,601100,32.1,161.15,220150,25900,0.119828,-0.883451,0.00165416,0.00164476,11.137771,10.983769,2023-08-01
22755,2023-07-31 12:56:00,19900.0,19703.15,6970950,685400,20.7,200.5,141700,12700,0.055334,-0.945055,0.00093048,0.00092732,11.074791,11.050714,2023-08-01
28008,2023-07-31 12:56:00,19950.0,19703.15,4440350,114700,13.05,241.3,118500,3150,0.022628,-0.981423,0.00044641,0.00039309,11.099739,10.665352,2023-08-01
25383,2023-07-31 12:57:00,19450.0,19699.4,129700,3176100,280.15,13.25,700,50600,0.967446,-0.029854,0.00052585,0.00049974,12.769699,12.508152,2023-08-01
20130,2023-07-31 12:57:00,19500.0,19699.4,1304000,7779900,235.0,19.4,22750,136400,0.939468,-0.061853,0.00090829,0.0009172,12.181191,12.267967,2023-08-01
14875,2023-07-31 12:57:00,19550.0,19699.4,543500,4331200,193.25,27.8,29900,103550,0.884166,-0.117935,0.00151265,0.00151826,11.897046,12.005015,2023-08-01
9618,2023-07-31 12:57:00,19600.0,19699.4,6199500,14329200,154.8,39.6,166500,283150,0.7943,-0.208465,0.00225006,0.00224099,11.671078,11.811241,2023-08-01
4358,2023-07-31 12:57:00,19650.0,19699.4,3488450,5963900,120.55,54.9,175050,206600,0.666543,-0.334357,0.00291261,0.00289869,11.516501,11.584111,2023-08-01
1727,2023-07-31 12:57:00,19700.0,19699.4,11253600,9120650,90.6,74.65,575050,421550,0.511871,-0.488153,0.00324007,0.00323187,11.352175,11.38098,2023-08-01
6989,2023-07-31 12:57:00,19750.0,19699.4,6231850,1732500,65.75,99.85,404450,115500,0.352013,-0.647453,0.00304675,0.00303706,11.237016,11.279017,2023-08-01
12246,2023-07-31 12:57:00,19800.0,19699.4,12068750,3560050,45.65,129.7,354100,136350,0.212457,-0.786623,0.00240938,0.00240595,11.10876,11.152709,2023-08-01
17502,2023-07-31 12:57:00,19850.0,19699.4,4935050,601100,30.9,164.9,177000,25650,0.11288,-0.886096,0.00159163,0.0015949,11.100623,11.149429,2023-08-01
22756,2023-07-31 12:57:00,19900.0,19699.4,6970950,685400,19.9,204.3,173950,45800,0.051559,-0.946078,0.00088185,0.00090151,11.054669,11.205103,2023-08-01
28009,2023-07-31 12:57:00,19950.0,19699.4,4440350,114700,12.5,244.85,126050,900,0.02081,-0.982295,0.00041679,0.00037509,11.082263,10.733777,2023-08-01
25384,2023-07-31 12:58:00,19450.0,19697.4,129700,3176100,279.0,13.25,650,61300,0.964679,-0.030163,0.00055553,0.00050684,12.93178,12.443636,2023-08-01
20131,2023-07-31 12:58:00,19500.0,19697.4,1304000,7779900,234.7,19.45,18800,108400,0.932983,-0.062716,0.00095956,0.00093216,12.485439,12.207302,2023-08-01
14876,2023-07-31 12:58:00,19550.0,19697.4,543500,4331200,193.5,27.85,16250,111450,0.874683,-0.119532,0.00155577,0.00154259,12.231458,11.933458,2023-08-01
9619,2023-07-31 12:58:00,19600.0,19697.4,6199500,14329200,154.8,39.6,103050,225700,0.785395,-0.2111,0.00226354,0.00227638,11.899,11.718655,2023-08-01
4359,2023-07-31 12:58:00,19650.0,19697.4,3488450,5963900,120.6,54.9,160500,244850,0.658314,-0.338738,0.00289381,0.00294202,11.706103,11.476193,2023-08-01
1728,2023-07-31 12:58:00,19700.0,19697.4,11253600,9120650,90.55,74.6,470850,399400,0.505347,-0.49459,0.0032026,0.00327334,11.493816,11.245412,2023-08-01
6990,2023-07-31 12:58:00,19750.0,19697.4,6231850,1732500,65.9,99.7,261600,118800,0.347766,-0.655937,0.00299615,0.00305962,11.381082,11.100708,2023-08-01
12247,2023-07-31 12:58:00,19800.0,19697.4,12068750,3560050,45.7,130.05,241750,98200,0.209925,-0.794566,0.0023698,0.00238487,11.219886,11.007452,2023-08-01
17503,2023-07-31 12:58:00,19850.0,19697.4,4935050,601100,30.9,165.1,97400,16550,0.111503,-0.893969,0.00156584,0.00154638,11.189492,10.92769,2023-08-01
22757,2023-07-31 12:58:00,19900.0,19697.4,6970950,685400,19.8,204.45,113400,24250,0.050631,-0.952674,0.00086515,0.00083596,11.111045,10.895143,2023-08-01
28010,2023-07-31 12:58:00,19950.0,19697.4,4440350,114700,12.45,247.0,70700,1200,0.020454,-0.982152,0.00040888,0.00037408,11.137101,10.841507,2023-08-01
25385,2023-07-31 12:59:00,19450.0,19698.35,130050,3207200,280.15,13.05,450,53300,0.964309,-0.029411,0.0005567,0.00049739,13.018625,12.420488,2023-08-01
20132,2023-07-31 12:59:00,19500.0,19698.35,1296250,7754100,237.1,19.15,20850,113300,0.928544,-0.061305,0.00098097,0.00091833,12.83501,12.176348,2023-08-01
14877,2023-07-31 12:59:00,19550.0,19698.35,545900,4356100,195.25,27.4,36400,99700,0.872652,-0.117156,0.00155002,0.0015268,12.418358,11.890131,2023-08-01
9620,2023-07-31 12:59:00,19600.0,19698.35,6171600,14437400,156.6,39.05,111000,244650,0.784134,-0.208039,0.00223766,0.00226571,12.080791,11.676218,2023-08-01
4360,2023-07-31 12:59:00,19650.0,19698.35,3470550,5982100,121.85,54.0,108700,255800,0.659866,-0.33487,0.00286578,0.00294967,11.803237,11.398499,2023-08-01
1729,2023-07-31 12:59:00,19700.0,19698.35,11184750,9207150,91.95,73.65,375050,347850,0.50832,-0.49145,0.00316842,0.0032939,11.619429,11.176657,2023-08-01
6991,2023-07-31 12:59:00,19750.0,19698.35,6306800,1733800,66.8,98.7,264600,101200,0.351443,-0.653929,0.00299017,0.00308476,11.450725,11.037151,2023-08-01
12248,2023-07-31 12:59:00,19800.0,19698.35,12066800,3572000,46.65,128.55,206450,79650,0.214079,-0.795176,0.00237753,0.00240982,11.315345,10.877133,2023-08-01
17504,2023-07-31 12:59:00,19850.0,19698.35,4958000,597400,31.45,163.1,87850,22550,0.114043,-0.89729,0.00158402,0.00154301,11.243432,10.704768,2023-08-01
22758,2023-07-31 12:59:00,19900.0,19698.35,6940700,706400,20.25,202.1,111250,35100,0.052319,-0.957003,0.00088356,0.00079867,11.169928,10.55958,2023-08-01
28011,2023-07-31 12:59:00,19950.0,19698.35,4419800,114400,12.7,243.6,84850,2350,0.021147,-0.987713,0.00041932,0.00029148,11.173381,10.095589,2023-08-01
25386,2023-07-31 13:00:00,19450.0,19696.55,130050,3207200,278.35,13.35,1600,55150,0.963979,-0.03054,0.00056367,0.00051235,12.960208,12.445823,2023-08-01
20133,2023-07-31 13:00:00,19500.0,19696.55,1296250,7754100,234.7,19.65,12700,185400,0.929846,-0.06364,0.00098241,0.00094227,12.641582,12.222956,2023-08-01
14878,2023-07-31 13:00:00,19550.0,19696.55,545900,4356100,193.6,28.0,15250,108300,0.870791,-0.120613,0.00157219,0.00155409,12.372308,11.928576,2023-08-01
9621,2023-07-31 13:00:00,19600.0,19696.55,6171600,14437400,155.0,39.7,121900,252600,0.781125,-0.212482,0.00226625,0.00229087,12.028988,11.69695,2023-08-01
4361,2023-07-31 13:00:00,19650.0,19696.55,3470550,5982100,120.6,55.15,127250,202150,0.654949,-0.341059,0.00288688,0.0029538,11.785504,11.468048,2023-08-01
1730,2023-07-31 13:00:00,19700.0,19696.55,11184750,9207150,90.7,74.8,393550,386300,0.502608,-0.497388,0.00318117,0.00328327,11.579797,11.219701,2023-08-01
6992,2023-07-31 13:00:00,19750.0,19696.55,6306800,1733800,65.95,100.0,235450,120400,0.345916,-0.658973,0.00297617,0.00305802,11.442572,11.076821,2023-08-01
12249,2023-07-31 13:00:00,19800.0,19696.55,12066800,3572000,45.85,130.35,280200,95250,0.209192,-0.797573,0.0023521,0.00237387,11.288676,10.969097,2023-08-01
17505,2023-07-31 13:00:00,19850.0,19696.55,4958000,597400,30.95,165.7,126650,15500,0.111028,-0.895539,0.00155538,0.00153154,11.238019,10.92244,2023-08-01
22759,2023-07-31 13:00:00,19900.0,19696.55,6940700,706400,19.95,204.85,107950,21150,0.050805,-0.954436,0.00086295,0.00081616,11.17732,10.832018,2023-08-01
28012,2023-07-31 13:00:00,19950.0,19696.55,4419800,114400,12.5,247.75,81850,4550,0.020445,-0.982522,0.00040738,0.00036768,11.181631,10.842081,2023-08-01
25387,2023-07-31 13:01:00,19450.0,19695.45,130050,3207200,276.9,13.55,2250,51950,0.964788,-0.031277,0.00055894,0.00052191,12.833516,12.465726,2023-08-01
20134,2023-07-31 13:01:00,19500.0,19695.45,1296250,7754100,233.5,19.85,31450,132750,0.929767,-0.064703,0.00098835,0.00095445,12.581182,12.227907,2023-08-01
14879,2023-07-31 13:01:00,19550.0,19695.45,545900,4356100,192.0,28.4,16250,80950,0.871713,-0.122839,0.00158218,0.00157089,12.237766,11.957986,2023-08-01
9622,2023-07-31 13:01:00,19600.0,19695.45,6171600,14437400,153.5,40.35,104900,264400,0.780844,-0.215974,0.00229044,0.00230315,11.915141,11.749776,2023-08-01
4362,2023-07-31 13:01:00,19650.0,19695.45,3470550,5982100,119.0,55.85,145550,248850,0.653401,-0.344804,0.00292533,0.00295629,11.654299,11.509961,2023-08-01
1731,2023-07-31 13:01:00,19700.0,19695.45,11184750,9207150,89.4,75.85,389200,393700,0.499071,-0.500986,0.00320962,0.00326295,11.481637,11.293973,2023-08-01
6993,2023-07-31 13:01:00,19750.0,19695.45,6306800,1733800,64.85,101.1,233200,113650,0.341445,-0.661451,0.00298525,0.00303225,11.35634,11.14393,2023-08-01
12250,2023-07-31 13:01:00,19800.0,19695.45,12066800,3572000,44.85,131.3,260150,100600,0.204575,-0.799527,0.00234148,0.00235376,11.195225,11.002747,2023-08-01
17506,2023-07-31 13:01:00,19850.0,19695.45,4958000,597400,30.25,166.7,152250,13650,0.107779,-0.896649,0.00153284,0.00151602,11.166678,10.953152,2023-08-01
22760,2023-07-31 13:01:00,19900.0,19695.45,6940700,706400,19.45,205.65,120950,31350,0.048868,-0.955721,0.00084157,0.00079958,11.11543,10.808943,2023-08-01
28013,2023-07-31 13:01:00,19950.0,19695.45,4419800,114400,12.25,248.0,100700,1850,0.019708,-0.984615,0.00039608,0.00033613,11.152317,10.636258,2023-08-01
25388,2023-07-31 13:02:00,19450.0,19694.5,130050,3210600,276.3,13.55,550,54950,0.963614,-0.031417,0.00057162,0.00052531,12.895522,12.435537,2023-08-01
20135,2023-07-31 13:02:00,19500.0,19694.5,1289600,7739350,232.0,20.0,25050,90850,0.931274,-0.065544,0.00098419,0.00096447,12.429519,12.227102,2023-08-01
14880,2023-07-31 13:02:00,19550.0,19694.5,544350,4354900,190.2,28.5,13800,90000,0.874013,-0.123878,0.00158788,0.00158339,12.045627,11.938205,2023-08-01
9623,2023-07-31 13:02:00,19600.0,19694.5,6168800,14470850,152.7,40.55,78450,210100,0.779102,-0.217869,0.00230552,0.00231803,11.895457,11.737718,2023-08-01
4363,2023-07-31 13:02:00,19650.0,19694.5,3459150,6044250,118.5,56.1,97500,222150,0.650485,-0.347391,0.00293189,0.00296951,11.668334,11.494775,2023-08-01
1732,2023-07-31 13:02:00,19700.0,19694.5,11199950,9252000,88.6,76.1,286500,375300,0.495989,-0.504112,0.0032219,0.00327175,11.44147,11.267139,2023-08-01
6994,2023-07-31 13:02:00,19750.0,19694.5,6342000,1770300,64.15,101.55,189900,109950,0.338017,-0.664557,0.00298522,0.00302585,11.316727,11.13164,2023-08-01
12251,2023-07-31 13:02:00,19800.0,19694.5,12065150,3583750,44.6,132.1,199350,91600,0.202525,-0.801277,0.00232587,0.00233672,11.206919,11.028667,2023-08-01
17507,2023-07-31 13:02:00,19850.0,19694.5,4937150,592850,29.95,167.05,115850,9800,0.106061,-0.899475,0.00151699,0.00149494,11.157284,10.889656,2023-08-01
22761,2023-07-31 13:02:00,19900.0,19694.5,6947600,704400,19.25,206.75,80050,27200,0.047942,-0.955525,0.00082948,0.00079769,11.110307,10.877164,2023-08-01
28014,2023-07-31 13:02:00,19950.0,19694.5,4395900,113350,12.1,249.45,65800,1250,0.019235,-0.983573,0.0003884,0.00034995,11.144492,10.810891,2023-08-01
25389,2023-07-31 13:03:00,19450.0,19692.0,129550,3210600,276.75,13.5,1300,37550,0.954574,-0.03169,0.00065144,0.0005334,13.553933,12.340268,2023-08-01
20136,2023-07-31 13:03:00,19500.0,19692.0,1289600,7739350,233.3,19.75,18100,82550,0.917556,-0.065613,0.00107042,0.00097733,13.134567,12.081385,2023-08-01
14881,2023-07-31 13:03:00,19550.0,19692.0,544350,4354900,191.9,28.25,16700,72400,0.857585,-0.124865,0.00163991,0.00161292,12.693886,11.790043,2023-08-01
9624,2023-07-31 13:03:00,19600.0,19692.0,6168800,14470850,153.35,40.1,56450,141900,0.766434,-0.219977,0.00230716,0.00237008,12.271944,11.548837,2023-08-01
4364,2023-07-31 13:03:00,19650.0,19692.0,3459150,6044250,119.0,55.6,60200,156600,0.639857,-0.352283,0.00289176,0.00304141,11.962006,11.285351,2023-08-01
1733,2023-07-31 13:03:00,19700.0,19692.0,11199950,9252000,89.35,75.4,247450,231350,0.488278,-0.512653,0.00314369,0.00334934,11.726828,11.006031,2023-08-01
6995,2023-07-31 13:03:00,19750.0,19692.0,6342000,1770300,64.6,100.85,121600,75800,0.333528,-0.676666,0.00291578,0.00306559,11.530997,10.830932,2023-08-01
12252,2023-07-31 13:03:00,19800.0,19692.0,12065150,3583750,44.8,131.05,170800,57100,0.200006,-0.816418,0.00227742,0.00231447,11.364763,10.611186,2023-08-01
17508,2023-07-31 13:03:00,19850.0,19692.0,4937150,592850,30.05,166.55,100250,7600,0.104821,-0.912078,0.0014879,0.0014103,11.28412,10.461559,2023-08-01
22762,2023-07-31 13:03:00,19900.0,19692.0,6947600,704400,19.2,206.1,113050,16050,0.047095,-0.966049,0.00081189,0.00067865,11.194894,10.266095,2023-08-01
28015,2023-07-31 13:03:00,19950.0,19692.0,4395900,113350,12.05,249.0,63300,1700,0.018854,-0.990178,0.0003796,0.00024276,11.215035,9.992091,2023-08-01
25390,2023-07-31 13:04:00,19450.0,19695.65,129550,3210600,276.65,13.3,200,43600,0.966171,-0.030446,0.00054585,0.00051329,12.727739,12.40739,2023-08-01
20137,2023-07-31 13:04:00,19500.0,19695.65,1289600,7739350,235.2,19.55,17700,100100,0.924935,-0.063482,0.00101423,0.00094555,12.913202,12.17275,2023-08-01
14882,2023-07-31 13:04:00,19550.0,19695.65,544350,4354900,193.85,27.8,15750,87500,0.866288,-0.120374,0.00158922,0.00156302,12.549018,11.859333,2023-08-01
9625,2023-07-31 13:04:00,19600.0,19695.65,6168800,14470850,155.35,39.65,108700,206150,0.776328,-0.213383,0.00226706,0.00230858,12.190654,11.65111,2023-08-01
4365,2023-07-31 13:04:00,19650.0,19695.65,3459150,6044250,120.55,54.85,114050,171650,0.651542,-0.342433,0.00288173,0.00298521,11.865078,11.379546,2023-08-01
1734,2023-07-31 13:04:00,19700.0,19695.65,11199950,9252000,90.6,74.6,340300,311150,0.499725,-0.5004,0.00316952,0.00331199,11.637783,11.137182,2023-08-01
6996,2023-07-31 13:04:00,19750.0,19695.65,6342000,1770300,65.8,99.85,222850,92050,0.343541,-0.663207,0.00296219,0.00307215,11.481982,10.987356,2023-08-01
12253,2023-07-31 13:04:00,19800.0,19695.65,12065150,3583750,45.6,129.85,250650,57650,0.207053,-0.8036,0.00233804,0.00236947,11.302634,10.805388,2023-08-01
17509,2023-07-31 13:04:00,19850.0,19695.65,4937150,592850,30.75,164.8,89300,10450,0.109545,-0.902958,0.00154101,0.00149076,11.248538,10.648094,2023-08-01
22763,2023-07-31 13:04:00,19900.0,19695.65,6947600,704400,19.7,204.15,93750,10850,0.049617,-0.959954,0.0008489,0.00075817,11.164623,10.518823,2023-08-01
28016,2023-07-31 13:04:00,19950.0,19695.65,4395900,113350,12.3,246.55,69650,2650,0.019789,-0.987462,0.00039743,0.00029242,11.163307,10.258219,2023-08-01
25391,2023-07-31 13:05:00,19450.0,19689.95,131000,3212050,272.55,14.0,5600,113700,0.960405,-0.033476,0.0006104,0.00055535,12.953435,12.409779,2023-08-01
20138,2023-07-31 13:05:00,19500.0,19689.95,1280250,7778700,229.85,20.55,41350,193200,0.921325,-0.06914,0.00106335,0.00101005,12.772134,12.181899,2023-08-01
14883,2023-07-31 13:05:00,19550.0,19689.95,539300,4333350,188.45,29.25,37100,131600,0.860659,-0.130035,0.00166028,0.0016465,12.362963,11.888795,2023-08-01
9626,2023-07-31 13:05:00,19600.0,19689.95,6161400,14448450,150.15,41.4,230850,468100,0.766787,-0.226856,0.00235986,0.00239104,11.996636,11.658491,2023-08-01
4366,2023-07-31 13:05:00,19650.0,19689.95,3415950,6059450,116.35,57.25,239000,402400,0.636102,-0.35993,0.00295301,0.00303313,11.764026,11.410526,2023-08-01
1735,2023-07-31 13:05:00,19700.0,19689.95,11168000,9279500,87.05,77.75,624000,661650,0.481505,-0.519174,0.00318978,0.00329276,11.558461,11.196071,2023-08-01
6997,2023-07-31 13:05:00,19750.0,19689.95,6311050,1761000,63.0,103.5,397700,185400,0.326017,-0.679815,0.0029168,0.002998,11.430472,11.038272,2023-08-01
12254,2023-07-31 13:05:00,19800.0,19689.95,12040250,3579550,43.6,134.3,396550,167950,0.193583,-0.814834,0.00224975,0.00226715,11.287684,10.898709,2023-08-01
17510,2023-07-31 13:05:00,19850.0,19689.95,4944250,587800,29.25,169.8,165250,21700,0.100666,-0.908866,0.00145216,0.00140861,11.235133,10.765245,2023-08-01
22764,2023-07-31 13:05:00,19900.0,19689.95,6957450,699700,18.85,209.4,242250,55400,0.045414,-0.96267,0.0007888,0.00070918,11.199442,10.626527,2023-08-01
28017,2023-07-31 13:05:00,19950.0,19689.95,4399550,114250,11.85,253.4,123800,2700,0.018156,-0.985373,0.00036737,0.0003179,11.230365,10.785394,2023-08-01
25392,2023-07-31 13:06:00,19450.0,19689.3,131000,3212050,272.55,14.1,650,59150,0.958376,-0.033866,0.00062891,0.00056058,13.097192,12.41606,2023-08-01
20139,2023-07-31 13:06:00,19500.0,19689.3,1280250,7778700,228.65,20.65,13550,135050,0.922918,-0.069717,0.00105869,0.001017,12.635057,12.180471,2023-08-01
14884,2023-07-31 13:06:00,19550.0,19689.3,539300,4333350,188.15,29.45,21150,89600,0.858951,-0.131238,0.00166978,0.0016562,12.399086,11.898851,2023-08-01
9627,2023-07-31 13:06:00,19600.0,19689.3,6161400,14448450,150.0,41.75,165750,296200,0.764431,-0.228825,0.00236434,0.00239841,12.044898,11.683415,2023-08-01
4367,2023-07-31 13:06:00,19650.0,19689.3,3415950,6059450,116.25,57.7,138750,250300,0.633745,-0.362202,0.00294947,0.00303298,11.807768,11.439726,2023-08-01
1736,2023-07-31 13:06:00,19700.0,19689.3,11168000,9279500,86.95,78.25,396900,505600,0.479484,-0.521274,0.00318076,0.00328525,11.592396,11.222566,2023-08-01
6998,2023-07-31 13:06:00,19750.0,19689.3,6311050,1761000,62.75,104.1,230000,144050,0.324131,-0.681327,0.00290971,0.00298443,11.435117,11.070338,2023-08-01
12255,2023-07-31 13:06:00,19800.0,19689.3,12040250,3579550,43.45,134.95,210050,120550,0.192274,-0.815659,0.00223906,0.00225485,11.298623,10.931619,2023-08-01
17511,2023-07-31 13:06:00,19850.0,19689.3,4944250,587800,29.15,170.65,104450,21250,0.099885,-0.908551,0.00144294,0.00140437,11.246779,10.829213,2023-08-01
22765,2023-07-31 13:06:00,19900.0,19689.3,6957450,699700,18.7,210.15,123800,21150,0.044754,-0.96254,0.0007803,0.00070834,11.192744,10.673172,2023-08-01
28018,2023-07-31 13:06:00,19950.0,19689.3,4399550,114250,11.8,252.45,70850,3100,0.017962,-0.988862,0.00036386,0.0002626,11.239284,10.318055,2023-08-01
25393,2023-07-31 13:07:00,19450.0,19692.9,131000,3212050,275.3,13.65,1450,49450,0.96165,-0.031857,0.00059253,0.00053309,13.007738,12.416071,2023-08-01
20140,2023-07-31 13:07:00,19500.0,19692.9,1280250,7778700,231.85,20.0,10900,86700,0.925855,-0.065972,0.00102355,0.00097518,12.689344,12.174211,2023-08-01
14885,2023-07-31 13:07:00,19550.0,19692.9,539300,4333350,190.75,28.6,20350,74650,0.865389,-0.125243,0.00162062,0.00160388,12.376054,11.896032,2023-08-01
9628,2023-07-31 13:07:00,19600.0,19692.9,6161400,14448450,152.35,40.7,113800,172750,0.773295,-0.220368,0.00231845,0.00234646,12.024799,11.691178,2023-08-01
4368,2023-07-31 13:07:00,19650.0,19692.9,3415950,6059450,117.9,56.3,118350,209700,0.645224,-0.351314,0.00293666,0.00300085,11.731636,11.440441,2023-08-01
1737,2023-07-31 13:07:00,19700.0,19692.9,11168000,9279500,88.15,76.45,277600,307050,0.490839,-0.50946,0.00320943,0.00329168,11.502526,11.214914,2023-08-01
6999,2023-07-31 13:07:00,19750.0,19692.9,6311050,1761000,64.05,102.0,186450,75750,0.334213,-0.670572,0.00295372,0.00302594,11.405948,11.070078,2023-08-01
12256,2023-07-31 13:07:00,19800.0,19692.9,12040250,3579550,44.35,132.25,136650,59550,0.199479,-0.80838,0.00229839,0.00231811,11.256935,10.892044,2023-08-01
17512,2023-07-31 13:07:00,19850.0,19692.9,4944250,587800,29.8,167.85,61450,7400,0.104299,-0.903649,0.00149449,0.00146094,11.2074,10.820336,2023-08-01
22766,2023-07-31 13:07:00,19900.0,19692.9,6957450,699700,19.15,207.0,82050,9400,0.047037,-0.960392,0.00081491,0.00074345,11.156073,10.643186,2023-08-01
28019,2023-07-31 13:07:00,19950.0,19692.9,4399550,114250,12.05,251.0,71800,300,0.018863,-0.983954,0.00038105,0.00034231,11.190742,10.849975,2023-08-01
25394,2023-07-31 13:08:00,19450.0,19688.65,131000,3208950,272.75,13.9,400,60300,0.955779,-0.033344,0.0006513,0.00055711,13.289693,12.343263,2023-08-01
20141,2023-07-31 13:08:00,19500.0,19688.65,1281800,7834150,229.95,20.4,19950,114350,0.916158,-0.069034,0.00109583,0.0010163,13.01602,12.104804,2023-08-01
14886,2023-07-31 13:08:00,19550.0,19688.65,540700,4329350,188.65,29.1,13600,94250,0.854588,-0.130412,0.00168145,0.0016624,12.577329,11.810744,2023-08-01
9629,2023-07-31 13:08:00,19600.0,19688.65,6165450,14536600,150.75,41.35,65050,222300,0.759611,-0.228501,0.00235526,0.00241709,12.23445,11.591561,2023-08-01
4369,2023-07-31 13:08:00,19650.0,19688.65,3449500,6077700,116.75,57.25,82450,151100,0.630523,-0.362992,0.00292748,0.00306374,11.938788,11.340758,2023-08-01
1738,2023-07-31 13:08:00,19700.0,19688.65,11195300,9324450,87.3,77.65,221900,252950,0.477595,-0.523732,0.00315549,0.00332321,11.689996,11.097882,2023-08-01
7000,2023-07-31 13:08:00,19750.0,19688.65,6316450,1753850,63.2,103.4,133150,86650,0.323649,-0.685763,0.00288342,0.00300974,11.540001,10.919319,2023-08-01
12257,2023-07-31 13:08:00,19800.0,19688.65,12041150,3568250,43.75,134.15,126550,56700,0.192376,-0.821532,0.00222528,0.00225028,11.379828,10.74114,2023-08-01
17513,2023-07-31 13:08:00,19850.0,19688.65,4950050,584100,29.45,169.45,82100,6600,0.10047,-0.915825,0.00143939,0.00135957,11.330265,10.522415,2023-08-01
22767,2023-07-31 13:08:00,19900.0,19688.65,6962100,688100,18.9,209.3,63000,7400,0.045148,-0.967352,0.00078145,0.00065275,11.262857,10.352996,2023-08-01
28020,2023-07-31 13:08:00,19950.0,19688.65,4419700,112300,11.9,252.05,84200,850,0.018094,-0.991038,0.00036471,0.00022438,11.291247,9.995217,2023-08-01
25395,2023-07-31 13:09:00,19450.0,19691.2,129450,3208950,274.0,13.8,850,28050,0.960169,-0.032547,0.00060927,0.00054359,13.056088,12.402714,2023-08-01
20142,2023-07-31 13:09:00,19500.0,19691.2,1281800,7834150,230.6,20.3,9350,58700,0.923672,-0.067606,0.00104438,0.00099413,12.723725,12.179119,2023-08-01
14887,2023-07-31 13:09:00,19550.0,19691.2,540700,4329350,189.55,29.0,10400,29150,0.862354,-0.127937,0.00164394,0.00162839,12.397007,11.900442,2023-08-01
9630,2023-07-31 13:09:00,19600.0,19691.2,6165450,14536600,151.5,41.2,49650,145300,0.768452,-0.224251,0.00233711,0.00237163,12.07973,11.691366,2023-08-01
4370,2023-07-31 13:09:00,19650.0,19691.2,3449500,6077700,117.55,57.05,63950,111650,0.639149,-0.356541,0.00293074,0.00301477,11.833763,11.455969,2023-08-01
1739,2023-07-31 13:09:00,19700.0,19691.2,11195300,9324450,88.0,77.45,194300,188950,0.485511,-0.51504,0.0031816,0.00328464,11.606885,11.242197,2023-08-01
7001,2023-07-31 13:09:00,19750.0,19691.2,6316450,1753850,63.85,103.1,105700,73250,0.330167,-0.675547,0.00292207,0.00300452,11.482143,11.088226,2023-08-01
12258,2023-07-31 13:09:00,19800.0,19691.2,12041150,3568250,44.2,133.9,115850,38600,0.196817,-0.810732,0.00226826,0.00228575,11.322466,10.970679,2023-08-01
17514,2023-07-31 13:09:00,19850.0,19691.2,4950050,584100,29.8,168.9,55650,13400,0.10317,-0.907123,0.00147379,0.00142853,11.283541,10.778039,2023-08-01
22768,2023-07-31 13:09:00,19900.0,19691.2,6962100,688100,19.05,208.4,41950,13500,0.046219,-0.961792,0.00080086,0.00072277,11.201208,10.639254,2023-08-01
28021,2023-07-31 13:09:00,19950.0,19691.2,4419700,112300,12.05,251.0,57600,2900,0.018661,-0.987869,0.00037586,0.00028082,11.249805,10.399516,2023-08-01
25396,2023-07-31 13:10:00,19450.0,19688.7,129450,3208950,273.2,13.85,600,29500,0.954665,-0.033132,0.00065973,0.00055495,13.393695,12.334012,2023-08-01
20143,2023-07-31 13:10:00,19500.0,19688.7,1281800,7834150,230.0,20.4,13950,80400,0.916243,-0.068933,0.00109517,0.00101544,13.022084,12.109099,2023-08-01
14888,2023-07-31 13:10:00,19550.0,19688.7,540700,4329350,189.05,29.15,11650,64500,0.853538,-0.130458,0.00168168,0.00166195,12.644535,11.824209,2023-08-01
9631,2023-07-31 13:10:00,19600.0,19688.7,6165450,14536600,151.0,41.35,66900,245400,0.759199,-0.22834,0.00235183,0.00241669,12.271453,11.596201,2023-08-01
4371,2023-07-31 13:10:00,19650.0,19688.7,3449500,6077700,117.15,57.15,85200,166100,0.630154,-0.362664,0.00291654,0.00306728,11.99499,11.331335,2023-08-01
1740,2023-07-31 13:10:00,19700.0,19688.7,11195300,9324450,87.75,77.5,250950,334750,0.477852,-0.523634,0.00314098,0.00332997,11.751825,11.082489,2023-08-01
7002,2023-07-31 13:10:00,19750.0,19688.7,6316450,1753850,63.6,103.1,157050,101700,0.324487,-0.68632,0.00287422,0.00301944,11.596554,10.882816,2023-08-01
12259,2023-07-31 13:10:00,19800.0,19688.7,12041150,3568250,44.2,133.75,175450,66900,0.193776,-0.822829,0.00222304,0.00225292,11.449083,10.68601,2023-08-01
17515,2023-07-31 13:10:00,19850.0,19688.7,4950050,584100,29.8,169.3,69800,15950,0.101633,-0.916286,0.0014445,0.00135728,11.392495,10.503316,2023-08-01
22769,2023-07-31 13:10:00,19900.0,19688.7,6962100,688100,19.15,209.0,73250,30050,0.045866,-0.968181,0.0007881,0.00064315,11.317521,10.293386,2023-08-01
28022,2023-07-31 13:10:00,19950.0,19688.7,4419700,112300,12.05,252.0,56300,200,0.018406,-0.991073,0.00036889,0.00022378,11.333891,9.993598,2023-08-01
25397,2023-07-31 13:11:00,19450.0,19694.9,129550,3214750,277.1,13.4,1950,126350,0.962711,-0.030677,0.00057864,0.0005172,13.033494,12.419035,2023-08-01
20144,2023-07-31 13:11:00,19500.0,19694.9,1280100,7857750,234.45,19.6,37100,202700,0.92482,-0.063667,0.00101878,0.00095046,12.899423,12.16485,2023-08-01
14889,2023-07-31 13:11:00,19550.0,19694.9,544100,4346700,192.8,28.0,22850,149400,0.866959,-0.121339,0.00159645,0.00157349,12.477002,11.873513,2023-08-01
9632,2023-07-31 13:11:00,19600.0,19694.9,6161450,14501850,154.6,39.9,184200,357250,0.775516,-0.214895,0.00228125,0.00232085,12.167142,11.663468,2023-08-01
4372,2023-07-31 13:11:00,19650.0,19694.9,3469900,6101500,119.9,55.3,212750,283000,0.649822,-0.344804,0.00289722,0.00299147,11.849522,11.410901,2023-08-01
1741,2023-07-31 13:11:00,19700.0,19694.9,11195850,9297300,90.2,75.05,549200,517150,0.497286,-0.502943,0.00317383,0.00331339,11.647914,11.157237,2023-08-01
7003,2023-07-31 13:11:00,19750.0,19694.9,6350000,1771850,65.4,100.5,380350,161950,0.34093,-0.665372,0.00296038,0.00306089,11.481669,11.024769,2023-08-01
12260,2023-07-31 13:11:00,19800.0,19694.9,12034850,3564350,45.4,130.85,375050,105600,0.20512,-0.804147,0.00232658,0.00235304,11.320734,10.886884,2023-08-01
17516,2023-07-31 13:11:00,19850.0,19694.9,4963000,581650,30.75,165.85,149450,11700,0.108731,-0.902712,0.00153042,0.00148437,11.291179,10.737943,2023-08-01
22770,2023-07-31 13:11:00,19900.0,19694.9,6948200,680350,19.8,205.05,182150,25850,0.049488,-0.95995,0.00084457,0.00075535,11.223737,10.582913,2023-08-01
28023,2023-07-31 13:11:00,19950.0,19694.9,4449600,112400,12.45,247.95,174100,2200,0.01993,-0.986254,0.00039806,0.00031063,11.23846,10.47949,2023-08-01
25398,2023-07-31 13:12:00,19450.0,19696.85,129550,3214750,278.45,13.05,1400,57200,0.964825,-0.029324,0.00055552,0.00049958,12.945381,12.387652,2023-08-01
20145,2023-07-31 13:12:00,19500.0,19696.85,1280100,7857750,235.9,19.2,22600,126700,0.927312,-0.06153,0.00099539,0.00092692,12.869619,12.14871,2023-08-01
14890,2023-07-31 13:12:00,19550.0,19696.85,544100,4346700,194.4,27.5,15650,89050,0.86972,-0.118012,0.00157121,0.0015447,12.498014,11.862528,2023-08-01
9633,2023-07-31 13:12:00,19600.0,19696.85,6161450,14501850,155.4,39.15,118150,189350,0.781633,-0.209799,0.00226214,0.0022943,12.080229,11.636633,2023-08-01
4373,2023-07-31 13:12:00,19650.0,19696.85,3469900,6101500,121.0,54.35,112950,144100,0.655655,-0.338561,0.00288313,0.00297914,11.83635,11.38139,2023-08-01
1742,2023-07-31 13:12:00,19700.0,19696.85,11195850,9297300,90.7,73.9,353300,362300,0.503473,-0.496487,0.003194,0.00332316,11.576705,11.126747,2023-08-01
7004,2023-07-31 13:12:00,19750.0,19696.85,6350000,1771850,66.05,99.0,224100,83300,0.346342,-0.660178,0.00298515,0.00309479,11.456501,10.971734,2023-08-01
12261,2023-07-31 13:12:00,19800.0,19696.85,12034850,3564350,45.95,129.0,187950,74000,0.209299,-0.801404,0.00235811,0.00239147,11.30589,10.804842,2023-08-01
17517,2023-07-31 13:12:00,19850.0,19696.85,4963000,581650,30.9,163.7,81550,10500,0.110474,-0.902347,0.00155631,0.0015053,11.233376,10.620059,2023-08-01
22771,2023-07-31 13:12:00,19900.0,19696.85,6948200,680350,19.95,202.9,83350,12900,0.050471,-0.960179,0.00086126,0.00076027,11.182667,10.46754,2023-08-01
28024,2023-07-31 13:12:00,19950.0,19696.85,4449600,112400,12.5,246.15,72100,1750,0.020232,-0.985799,0.00040506,0.00032009,11.188132,10.461601,2023-08-01
25399,2023-07-31 13:13:00,19450.0,19700.75,129550,3214750,282.0,12.8,2950,86250,0.966555,-0.027969,0.00053136,0.00047808,12.986031,12.446607,2023-08-01
20146,2023-07-31 13:13:00,19500.0,19700.75,1280100,7857750,238.0,18.75,42300,209150,0.934821,-0.058571,0.00093265,0.00088886,12.629451,12.190784,2023-08-01
14891,2023-07-31 13:13:00,19550.0,19700.75,544100,4346700,196.0,26.85,39100,124950,0.88066,-0.112789,0.00150882,0.00149104,12.242409,11.901744,2023-08-01
9634,2023-07-31 13:13:00,19600.0,19700.75,6161450,14501850,157.25,38.3,197750,381500,0.79314,-0.201828,0.00221795,0.0022335,11.938859,11.683165,2023-08-01
4374,2023-07-31 13:13:00,19650.0,19700.75,3469900,6101500,122.4,53.25,257350,265850,0.668818,-0.327719,0.00287619,0.00292775,11.688735,11.434483,2023-08-01
1743,2023-07-31 13:13:00,19700.0,19700.75,11195850,9297300,91.9,72.7,692000,532400,0.516061,-0.483645,0.00322521,0.00329501,11.457174,11.214142,2023-08-01
7005,2023-07-31 13:13:00,19750.0,19700.75,6350000,1771850,66.85,97.45,349950,151750,0.356486,-0.646873,0.00304997,0.00311309,11.332,11.064996,2023-08-01
12262,2023-07-31 13:13:00,19800.0,19700.75,12034850,3564350,46.55,127.05,311450,134350,0.216299,-0.789924,0.00242744,0.00245105,11.197274,10.902201,2023-08-01
17518,2023-07-31 13:13:00,19850.0,19700.75,4963000,581650,31.4,161.6,152300,23050,0.114821,-0.893269,0.00161207,0.0015841,11.149208,10.767298,2023-08-01
22772,2023-07-31 13:13:00,19900.0,19700.75,6948200,680350,20.15,199.8,191100,30550,0.0522,-0.956699,0.00089318,0.00081132,11.077201,10.49927,2023-08-01
28025,2023-07-31 13:13:00,19950.0,19700.75,4449600,112400,12.7,242.5,60300,2300,0.021117,-0.984949,0.00042296,0.00033824,11.112016,10.40915,2023-08-01
25400,2023-07-31 13:14:00,19450.0,19700.55,129600,3209950,282.0,12.8,100,33600,0.965977,-0.027975,0.00053706,0.00047853,13.034903,12.441338,2023-08-01
20147,2023-07-31 13:14:00,19500.0,19700.55,1286800,7824000,238.35,18.7,16650,105250,0.932954,-0.058434,0.00094502,0.00088878,12.744016,12.173441,2023-08-01
14892,2023-07-31 13:14:00,19550.0,19700.55,541650,4337700,196.55,26.95,11500,73350,0.877924,-0.113246,0.00151727,0.00149436,12.374161,11.913558,2023-08-01
9635,2023-07-31 13:14:00,19600.0,19700.55,6169050,14482050,157.6,38.45,132750,171350,0.791207,-0.202527,0.00221593,0.00223578,12.019494,11.699244,2023-08-01
4375,2023-07-31 13:14:00,19650.0,19700.55,3492750,6110300,122.75,53.35,119250,117750,0.667347,-0.328329,0.00286485,0.00292967,11.759566,11.439338,2023-08-01
1744,2023-07-31 13:14:00,19700.0,19700.55,11420400,9318950,92.15,72.8,427400,285050,0.515355,-0.48431,0.00321217,0.00329572,11.50827,11.216157,2023-08-01
7006,2023-07-31 13:14:00,19750.0,19700.55,6407200,1774650,67.25,97.6,202900,70850,0.356681,-0.647469,0.0030329,0.00311048,11.401706,11.071188,2023-08-01
12263,2023-07-31 13:14:00,19800.0,19700.55,12105200,3550200,46.7,127.35,219700,42750,0.216443,-0.789933,0.00242176,0.00244593,11.231493,10.928326,2023-08-01
17519,2023-07-31 13:14:00,19850.0,19700.55,4978050,579100,31.45,161.85,114600,15200,0.114814,-0.893277,0.00160982,0.00158188,11.167959,10.78536,2023-08-01
22773,2023-07-31 13:14:00,19900.0,19700.55,6949050,671400,20.3,201.0,105950,19650,0.052592,-0.953538,0.00089557,0.00084111,11.117224,10.721959,2023-08-01
28026,2023-07-31 13:14:00,19950.0,19700.55,4468600,113650,12.8,243.05,42300,350,0.02132,-0.984182,0.00042521,0.0003495,11.146567,10.516732,2023-08-01
25401,2023-07-31 13:15:00,19450.0,19701.1,129600,3209950,280.95,13.1,850,53050,0.970551,-0.028696,0.00049244,0.00048487,12.620875,12.545146,2023-08-01
20148,2023-07-31 13:15:00,19500.0,19701.1,1286800,7824000,238.05,19.05,31100,97200,0.936,-0.059388,0.00092366,0.00089305,12.580683,12.27371,2023-08-01
14893,2023-07-31 13:15:00,19550.0,19701.1,541650,4337700,195.9,27.35,19150,75350,0.882571,-0.11426,0.00150061,0.00149198,12.177284,12.012116,2023-08-01
9636,2023-07-31 13:15:00,19600.0,19701.1,6169050,14482050,157.0,39.0,120750,140550,0.795547,-0.203522,0.0022182,0.00222105,11.862209,11.814802,2023-08-01
4376,2023-07-31 13:15:00,19650.0,19701.1,3492750,6110300,122.3,54.0,142750,161050,0.670492,-0.328413,0.00288281,0.00289897,11.645466,11.56502,2023-08-01
1745,2023-07-31 13:15:00,19700.0,19701.1,11420400,9318950,92.3,73.55,431700,346350,0.517142,-0.482686,0.00321768,0.00325534,11.489778,11.356652,2023-08-01
7007,2023-07-31 13:15:00,19750.0,19701.1,6407200,1774650,67.1,98.6,236100,113750,0.357652,-0.643494,0.00305092,0.00307273,11.348439,11.255204,2023-08-01
12264,2023-07-31 13:15:00,19800.0,19701.1,12105200,3550200,46.65,128.1,214300,157100,0.216987,-0.785115,0.00243344,0.00244178,11.197072,11.096073,2023-08-01
17520,2023-07-31 13:15:00,19850.0,19701.1,4978050,579100,31.5,162.9,118900,17200,0.115323,-0.887129,0.00161743,0.00160966,11.153632,11.037248,2023-08-01
22774,2023-07-31 13:15:00,19900.0,19701.1,6949050,671400,20.3,201.8,110800,17300,0.05272,-0.949036,0.00089913,0.00088416,11.097588,10.985759,2023-08-01
28027,2023-07-31 13:15:00,19950.0,19701.1,4468600,113650,12.7,244.75,52900,700,0.021114,-0.978757,0.0004235,0.00042517,11.102985,11.116874,2023-08-01
25402,2023-07-31 13:16:00,19450.0,19700.55,129600,3209950,282.6,13.25,750,51550,0.964337,-0.029176,0.00055169,0.00049078,13.197662,12.570309,2023-08-01
20149,2023-07-31 13:16:00,19500.0,19700.55,1286800,7824000,236.6,19.35,25600,80500,0.938832,-0.060554,0.00090764,0.00090349,12.363097,12.322301,2023-08-01
14894,2023-07-31 13:16:00,19550.0,19700.55,541650,4337700,194.8,27.7,20950,72600,0.884174,-0.115862,0.00150174,0.00150183,12.054336,12.056181,2023-08-01
9637,2023-07-31 13:16:00,19600.0,19700.55,6169050,14482050,156.3,39.5,143500,196000,0.795336,-0.205776,0.00222936,0.00222587,11.81411,11.870827,2023-08-01
4377,2023-07-31 13:16:00,19650.0,19700.55,3492750,6110300,121.7,54.65,157000,128800,0.669425,-0.330859,0.00289637,0.00289211,11.609983,11.631052,2023-08-01
1746,2023-07-31 13:16:00,19700.0,19700.55,11420400,9318950,91.45,74.3,567200,250100,0.515453,-0.48456,0.00324064,0.00323723,11.414275,11.426341,2023-08-01
7008,2023-07-31 13:16:00,19750.0,19700.55,6407200,1774650,66.35,99.35,333150,90450,0.35506,-0.644454,0.00306296,0.00305386,11.278848,11.317916,2023-08-01
12265,2023-07-31 13:16:00,19800.0,19700.55,12105200,3550200,46.15,129.3,227300,89000,0.214634,-0.783899,0.00242873,0.00242299,11.152004,11.222669,2023-08-01
17521,2023-07-31 13:16:00,19850.0,19700.55,4978050,579100,31.2,163.8,137200,9300,0.113823,-0.886306,0.00160666,0.00160624,11.12815,11.122006,2023-08-01
22775,2023-07-31 13:16:00,19900.0,19700.55,6949050,671400,20.05,202.9,123700,12950,0.05171,-0.947458,0.00088809,0.00089512,11.068278,11.121319,2023-08-01
28028,2023-07-31 13:16:00,19950.0,19700.55,4468600,113650,12.65,245.45,54050,1950,0.02091,-0.978479,0.00041993,0.00042776,11.109601,11.175361,2023-08-01
25403,2023-07-31 13:17:00,19450.0,19703.05,128600,3209400,283.05,12.85,1950,48200,0.970485,-0.027649,0.00048934,0.0004705,12.731489,12.541094,2023-08-01
20150,2023-07-31 13:17:00,19500.0,19703.05,1281650,7811500,238.6,18.9,51450,123350,0.941408,-0.058137,0.00087909,0.00087591,12.343933,12.313114,2023-08-01
14895,2023-07-31 13:17:00,19550.0,19703.05,541200,4332450,197.1,26.9,22750,84600,0.886682,-0.111186,0.00147066,0.00146432,12.121005,12.009396,2023-08-01
9638,2023-07-31 13:17:00,19600.0,19703.05,6142300,14429950,158.25,38.35,134500,244400,0.800355,-0.198838,0.00219149,0.0021937,11.843362,11.802585,2023-08-01
4378,2023-07-31 13:17:00,19650.0,19703.05,3514500,6097700,123.45,53.35,137250,149500,0.676296,-0.322867,0.00286557,0.00287731,11.637349,11.577497,2023-08-01
1747,2023-07-31 13:17:00,19700.0,19703.05,11420850,9364500,93.1,72.7,457700,274250,0.523469,-0.476361,0.00322564,0.00325184,11.458315,11.365686,2023-08-01
7009,2023-07-31 13:17:00,19750.0,19703.05,6508600,1810650,67.85,97.35,292400,110850,0.36337,-0.637831,0.00307266,0.00309685,11.335856,11.234706,2023-08-01
12266,2023-07-31 13:17:00,19800.0,19703.05,12122400,3576650,47.15,127.0,268250,121650,0.221122,-0.7799,0.00246649,0.0024709,11.173651,11.12411,2023-08-01
17522,2023-07-31 13:17:00,19850.0,19703.05,4982850,574200,31.95,161.5,123850,28500,0.1182,-0.883919,0.00164787,0.00164161,11.146545,11.046539,2023-08-01
22776,2023-07-31 13:17:00,19900.0,19703.05,6965800,676000,20.65,200.2,145850,19650,0.054377,-0.947416,0.00092196,0.00090698,11.097505,10.985051,2023-08-01
28029,2023-07-31 13:17:00,19950.0,19703.05,4477200,113600,12.95,242.3,51850,3550,0.021911,-0.979835,0.0004371,0.0004144,11.105773,10.919091,2023-08-01
25404,2023-07-31 13:18:00,19450.0,19706.0,128600,3209400,286.6,12.4,3100,90000,0.969341,-0.025959,0.00049478,0.00044756,12.99687,12.509577,2023-08-01
20151,2023-07-31 13:18:00,19500.0,19706.0,1281650,7811500,241.85,18.2,40500,171800,0.941442,-0.054789,0.00086642,0.00083961,12.520948,12.260811,2023-08-01
14896,2023-07-31 13:18:00,19550.0,19706.0,541200,4332450,200.3,26.05,50800,181400,0.88785,-0.106083,0.00143999,0.00142073,12.290017,11.96859,2023-08-01
9639,2023-07-31 13:18:00,19600.0,19706.0,6142300,14429950,160.7,37.1,279350,390050,0.805697,-0.191024,0.00214586,0.00215339,11.900246,11.735943,2023-08-01
4379,2023-07-31 13:18:00,19650.0,19706.0,3514500,6097700,125.4,51.65,333250,282350,0.684557,-0.313045,0.00283193,0.0028629,11.650605,11.486955,2023-08-01
1748,2023-07-31 13:18:00,19700.0,19706.0,11420850,9364500,94.7,70.55,891200,532400,0.532974,-0.466473,0.00322033,0.00327849,11.459727,11.255125,2023-08-01
7010,2023-07-31 13:18:00,19750.0,19706.0,6508600,1810650,69.2,95.0,424700,221850,0.372491,-0.629826,0.00309672,0.00314766,11.341936,11.135938,2023-08-01
12267,2023-07-31 13:18:00,19800.0,19706.0,12122400,3576650,48.2,124.25,388100,169900,0.228461,-0.775154,0.00251219,0.00252952,11.177232,11.001182,2023-08-01
17523,2023-07-31 13:18:00,19850.0,19706.0,4982850,574200,32.6,158.55,193800,34500,0.122616,-0.881878,0.00169439,0.00168208,11.126059,10.916562,2023-08-01
22777,2023-07-31 13:18:00,19900.0,19706.0,6965800,676000,21.15,196.55,178150,33600,0.056915,-0.948898,0.00095684,0.00090799,11.086744,10.728184,2023-08-01
28030,2023-07-31 13:18:00,19950.0,19706.0,4477200,113600,13.35,238.8,115150,8850,0.023247,-0.980908,0.00045933,0.00040481,11.110875,10.67265,2023-08-01
25405,2023-07-31 13:19:00,19450.0,19703.75,128600,3209400,285.0,12.75,1400,109350,0.967195,-0.027219,0.00051931,0.00046477,13.100466,12.538105,2023-08-01
20152,2023-07-31 13:19:00,19500.0,19703.75,1281650,7811500,239.5,18.65,53850,256150,0.941032,-0.056991,0.00087873,0.00086485,12.418708,12.284131,2023-08-01
14897,2023-07-31 13:19:00,19550.0,19703.75,541200,4332450,197.9,26.45,50100,206500,0.886877,-0.108987,0.00146357,0.00145091,12.172109,11.9551,2023-08-01
9640,2023-07-31 13:19:00,19600.0,19703.75,6142300,14429950,158.85,37.7,203150,315550,0.801633,-0.195751,0.00218069,0.0021875,11.863122,11.731589,2023-08-01
4380,2023-07-31 13:19:00,19650.0,19703.75,3514500,6097700,123.85,52.4,282200,215400,0.678431,-0.319342,0.00286017,0.00289072,11.634417,11.478097,2023-08-01
1749,2023-07-31 13:19:00,19700.0,19703.75,11420850,9364500,93.25,71.6,756450,478100,0.525783,-0.473865,0.00323449,0.00328319,11.4297,11.259525,2023-08-01
7011,2023-07-31 13:19:00,19750.0,19703.75,6508600,1810650,67.8,96.0,448800,180500,0.364872,-0.637339,0.00309171,0.00313705,11.288473,11.102521,2023-08-01
12268,2023-07-31 13:19:00,19800.0,19703.75,12122400,3576650,47.3,125.45,400700,97850,0.222466,-0.781694,0.002479,0.00249702,11.162501,10.962643,2023-08-01
17524,2023-07-31 13:19:00,19850.0,19703.75,4982850,574200,31.85,159.8,194100,25350,0.118242,-0.887195,0.00165598,0.0016391,11.101375,10.846784,2023-08-01
22778,2023-07-31 13:19:00,19900.0,19703.75,6965800,676000,20.55,198.1,163000,24450,0.054192,-0.951912,0.00092374,0.00087026,11.052905,10.667724,2023-08-01
28031,2023-07-31 13:19:00,19950.0,19703.75,4477200,113600,13.0,240.55,75150,3700,0.022073,-0.982374,0.00044041,0.00038055,11.097908,10.61031,2023-08-01
25406,2023-07-31 13:20:00,19450.0,19702.5,129300,3225800,283.8,12.8,4000,117900,0.966853,-0.027522,0.00052501,0.00047021,13.07432,12.512776,2023-08-01
20153,2023-07-31 13:20:00,19500.0,19702.5,1269100,7807100,238.95,18.75,34300,104350,0.938297,-0.05771,0.00090258,0.00087528,12.531943,12.262878,2023-08-01
14898,2023-07-31 13:20:00,19550.0,19702.5,544650,4306350,197.4,26.7,37000,105700,0.883383,-0.1107,0.00148508,0.00146807,12.262878,11.95292,2023-08-01
9641,2023-07-31 13:20:00,19600.0,19702.5,6102650,14380950,158.45,38.1,140100,257300,0.797372,-0.198595,0.00219451,0.00220594,11.944398,11.739964,2023-08-01
4381,2023-07-31 13:20:00,19650.0,19702.5,3488200,6062550,123.55,52.85,148400,203500,0.673884,-0.322918,0.00285985,0.00290529,11.707635,11.477989,2023-08-01
1750,2023-07-31 13:20:00,19700.0,19702.5,11338500,9398700,92.95,72.15,422500,343250,0.521647,-0.477968,0.00322259,0.00328717,11.483388,11.257197,2023-08-01
7012,2023-07-31 13:20:00,19750.0,19702.5,6547500,1837250,67.9,97.05,315850,177000,0.362071,-0.640684,0.00305965,0.00311417,11.381403,11.152835,2023-08-01
12269,2023-07-31 13:20:00,19800.0,19702.5,12154800,3566300,47.2,126.65,331800,155500,0.220361,-0.783657,0.00245517,0.00247189,11.214026,11.020706,2023-08-01
17525,2023-07-31 13:20:00,19850.0,19702.5,4999150,583750,31.95,161.2,152900,38000,0.117664,-0.887571,0.00163997,0.00162364,11.175206,10.928155,2023-08-01
22779,2023-07-31 13:20:00,19900.0,19702.5,6997400,669150,20.6,200.2,201800,21150,0.053937,-0.949522,0.0009157,0.00088619,11.112573,10.893775,2023-08-01
28032,2023-07-31 13:20:00,19950.0,19702.5,4468900,115900,12.95,241.9,75950,4950,0.021783,-0.982282,0.00043448,0.00037993,11.128495,10.679567,2023-08-01
25407,2023-07-31 13:21:00,19450.0,19702.75,129300,3225800,283.8,12.6,100,64000,0.967605,-0.02691,0.00051756,0.00046338,13.017931,12.465236,2023-08-01
20154,2023-07-31 13:21:00,19500.0,19702.75,1269100,7807100,240.45,18.45,13300,94600,0.934302,-0.056582,0.00092683,0.00086614,12.818554,12.204824,2023-08-01
14899,2023-07-31 13:21:00,19550.0,19702.75,544650,4306350,198.5,26.4,35150,94400,0.880625,-0.109392,0.00148969,0.0014616,12.432538,11.907523,2023-08-01
9642,2023-07-31 13:21:00,19600.0,19702.75,6102650,14380950,159.3,37.65,101750,202850,0.79585,-0.196764,0.00218484,0.00220565,12.05463,11.679534,2023-08-01
4382,2023-07-31 13:21:00,19650.0,19702.75,3488200,6062550,124.4,52.4,134450,163050,0.673243,-0.321413,0.00283809,0.0029136,11.810452,11.426604,2023-08-01
1751,2023-07-31 13:21:00,19700.0,19702.75,11338500,9398700,93.9,71.5,424200,320600,0.522254,-0.477014,0.00319139,0.00330929,11.598233,11.183874,2023-08-01
7013,2023-07-31 13:21:00,19750.0,19702.75,6547500,1837250,68.55,96.0,260050,118200,0.363685,-0.641516,0.00304466,0.00314827,11.458235,11.026534,2023-08-01
12270,2023-07-31 13:21:00,19800.0,19702.75,12154800,3566300,47.8,125.6,269950,139450,0.222488,-0.785913,0.0024524,0.00248741,11.291979,10.888826,2023-08-01
17526,2023-07-31 13:21:00,19850.0,19702.75,4999150,583750,32.4,159.9,126750,24250,0.119393,-0.891324,0.00164768,0.00161321,11.241663,10.737678,2023-08-01
22780,2023-07-31 13:21:00,19900.0,19702.75,6997400,669150,20.9,198.75,117200,21000,0.054955,-0.953432,0.00092521,0.00085155,11.165708,10.63242,2023-08-01
28033,2023-07-31 13:21:00,19950.0,19702.75,4468900,115900,13.15,240.1,75900,1400,0.022288,-0.985907,0.00044131,0.00032605,11.173683,10.228925,2023-08-01
25408,2023-07-31 13:22:00,19450.0,19706.45,129300,3225800,285.0,12.5,50,47750,0.975016,-0.026067,0.00043636,0.00044793,12.44114,12.558211,2023-08-01
20155,2023-07-31 13:22:00,19500.0,19706.45,1269100,7807100,242.0,18.25,10100,113200,0.942679,-0.054665,0.00085601,0.00083693,12.477729,12.29349,2023-08-01
14900,2023-07-31 13:22:00,19550.0,19706.45,544650,4306350,200.35,26.15,18250,45200,0.8897,-0.105965,0.00143047,0.00141639,12.240706,12.010577,2023-08-01
9643,2023-07-31 13:22:00,19600.0,19706.45,6102650,14380950,161.0,37.15,87750,118850,0.806875,-0.190449,0.00213999,0.00214598,11.903576,11.769362,2023-08-01
4383,2023-07-31 13:22:00,19650.0,19706.45,3488200,6062550,125.6,51.75,96600,114050,0.686108,-0.312208,0.00283099,0.00285249,11.644479,11.529984,2023-08-01
1752,2023-07-31 13:22:00,19700.0,19706.45,11338500,9398700,94.9,70.7,302800,249050,0.534432,-0.465142,0.00322338,0.00326616,11.459647,11.308517,2023-08-01
7014,2023-07-31 13:22:00,19750.0,19706.45,6547500,1837250,69.3,94.95,253650,99000,0.373607,-0.628244,0.00310581,0.00314706,11.333698,11.16739,2023-08-01
12271,2023-07-31 13:22:00,19800.0,19706.45,12154800,3566300,48.5,124.15,192300,78350,0.229819,-0.773668,0.00251771,0.00253478,11.20388,11.033138,2023-08-01
17527,2023-07-31 13:22:00,19850.0,19706.45,4999150,583750,32.85,158.1,84450,6500,0.123646,-0.881803,0.00170229,0.00168757,11.153497,10.899579,2023-08-01
22781,2023-07-31 13:22:00,19900.0,19706.45,6997400,669150,21.2,196.8,115500,9150,0.057077,-0.946626,0.00096034,0.00092984,11.084965,10.857719,2023-08-01
28034,2023-07-31 13:22:00,19950.0,19706.45,4468900,115900,13.3,239.35,56900,1350,0.023085,-0.978492,0.00045815,0.00043801,11.088159,10.925794,2023-08-01
25409,2023-07-31 13:23:00,19450.0,19706.55,129300,3212600,285.2,12.6,750,75500,0.974776,-0.026297,0.00043879,0.00045018,12.475934,12.59156,2023-08-01
20156,2023-07-31 13:23:00,19500.0,19706.55,1274300,7815350,241.4,18.35,19550,128150,0.945045,-0.054927,0.00083867,0.00083847,12.323319,12.321383,2023-08-01
14901,2023-07-31 13:23:00,19550.0,19706.55,574200,4306650,199.2,26.3,23800,126300,0.894269,-0.106394,0.00141472,0.00141699,12.009329,12.04443,2023-08-01
9644,2023-07-31 13:23:00,19600.0,19706.55,6095250,14360500,160.35,37.4,135250,241100,0.809478,-0.1911,0.00214391,0.00214265,11.787204,11.816075,2023-08-01
4384,2023-07-31 13:23:00,19650.0,19706.55,3506600,6078400,125.05,52.05,158450,165800,0.687742,-0.312624,0.00284721,0.00284255,11.555775,11.580584,2023-08-01
1753,2023-07-31 13:23:00,19700.0,19706.55,11365250,9366300,94.2,71.15,474800,269550,0.535051,-0.465013,0.00325334,0.00324699,11.356139,11.378522,2023-08-01
7015,2023-07-31 13:23:00,19750.0,19706.55,6603200,1872000,68.85,95.7,294050,109500,0.373127,-0.626714,0.00312411,0.00312056,11.266212,11.280572,2023-08-01
12272,2023-07-31 13:23:00,19800.0,19706.55,12191800,3563200,48.1,124.85,265950,85350,0.228713,-0.77115,0.00252592,0.00252525,11.140778,11.147497,2023-08-01
17528,2023-07-31 13:23:00,19850.0,19706.55,5017200,584050,32.55,159.15,153950,13500,0.122597,-0.877627,0.00170083,0.00170025,11.100125,11.08965,2023-08-01
22782,2023-07-31 13:23:00,19900.0,19706.55,6980600,668750,20.9,197.7,136200,18600,0.056078,-0.943326,0.0009528,0.00095761,11.02177,11.058202,2023-08-01
28035,2023-07-31 13:23:00,19950.0,19706.55,4463350,115200,13.15,239.85,86450,1800,0.022694,-0.976996,0.00045341,0.00045732,11.047376,11.078948,2023-08-01
25410,2023-07-31 13:24:00,19450.0,19705.3,129600,3212600,286.3,12.6,850,33450,0.968235,-0.026456,0.0005066,0.00045405,13.09661,12.552171,2023-08-01
20157,2023-07-31 13:24:00,19500.0,19705.3,1274300,7815350,241.1,18.4,14500,76400,0.941521,-0.055461,0.00086885,0.00084744,12.496852,12.289113,2023-08-01
14902,2023-07-31 13:24:00,19550.0,19705.3,574200,4306650,199.0,26.3,12050,79050,0.889705,-0.107172,0.00144091,0.00143085,12.160101,11.995211,2023-08-01
9645,2023-07-31 13:24:00,19600.0,19705.3,6095250,14360500,159.35,37.5,81950,138600,0.807151,-0.192922,0.00216344,0.00216327,11.772463,11.776132,2023-08-01
4385,2023-07-31 13:24:00,19650.0,19705.3,3506600,6078400,124.5,52.05,89200,89600,0.68367,-0.315184,0.00285478,0.00286984,11.593743,11.51505,2023-08-01
1754,2023-07-31 13:24:00,19700.0,19705.3,11365250,9366300,93.8,71.3,271500,194950,0.530881,-0.468929,0.00324574,0.00326729,11.396976,11.321402,2023-08-01
7016,2023-07-31 13:24:00,19750.0,19705.3,6603200,1872000,68.25,95.6,193300,71650,0.369134,-0.631908,0.00311556,0.00313797,11.262266,11.171471,2023-08-01
12273,2023-07-31 13:24:00,19800.0,19705.3,12191800,3563200,47.7,124.8,212650,63600,0.225644,-0.77699,0.00250602,0.00251821,11.14837,11.020641,2023-08-01
17529,2023-07-31 13:24:00,19850.0,19705.3,5017200,584050,32.2,158.9,77200,7200,0.120371,-0.884036,0.00167994,0.00166711,11.098553,10.8928,2023-08-01
22783,2023-07-31 13:24:00,19900.0,19705.3,6980600,668750,20.8,197.9,110600,20600,0.055313,-0.947241,0.00094038,0.00091901,11.051149,10.892736,2023-08-01
28036,2023-07-31 13:24:00,19950.0,19705.3,4463350,115200,13.05,239.2,60700,1400,0.022271,-0.981883,0.00044572,0.00038998,11.065258,10.615647,2023-08-01
25411,2023-07-31 13:25:00,19450.0,19698.15,129600,3212600,281.55,12.75,850,112500,0.960255,-0.027937,0.00059171,0.00048278,13.483453,12.362564,2023-08-01
20158,2023-07-31 13:25:00,19500.0,19698.15,1274300,7815350,237.05,18.8,33900,113550,0.928706,-0.059202,0.00098135,0.00090499,12.913864,12.122335,2023-08-01
14903,2023-07-31 13:25:00,19550.0,19698.15,574200,4306650,195.05,26.85,43750,99900,0.873403,-0.114075,0.00155127,0.00152084,12.459734,11.809856,2023-08-01
9646,2023-07-31 13:25:00,19600.0,19698.15,6095250,14360500,156.2,38.3,140300,255900,0.785337,-0.20472,0.00224801,0.0022825,12.0855,11.575528,2023-08-01
4386,2023-07-31 13:25:00,19650.0,19698.15,3506600,6078400,121.3,53.3,173450,166050,0.660571,-0.333235,0.00289179,0.00299066,11.784616,11.313557,2023-08-01
1755,2023-07-31 13:25:00,19700.0,19698.15,11365250,9366300,91.2,72.8,628800,365100,0.507547,-0.492224,0.00320812,0.00335273,11.571112,11.071919,2023-08-01
7017,2023-07-31 13:25:00,19750.0,19698.15,6603200,1872000,66.25,97.5,352700,139700,0.349136,-0.658177,0.00301447,0.00314147,11.425142,10.877109,2023-08-01
12274,2023-07-31 13:25:00,19800.0,19698.15,12191800,3563200,46.0,127.2,370900,111750,0.210507,-0.802231,0.00238419,0.00242455,11.265852,10.673965,2023-08-01
17530,2023-07-31 13:25:00,19850.0,19698.15,5017200,584050,31.0,162.3,198850,15650,0.111058,-0.902722,0.00157154,0.00151638,11.212146,10.555682,2023-08-01
22784,2023-07-31 13:25:00,19900.0,19698.15,6980600,668750,19.95,201.5,220700,24100,0.050381,-0.960757,0.00086596,0.00075898,11.151414,10.403751,2023-08-01
28037,2023-07-31 13:25:00,19950.0,19698.15,4463350,115200,12.5,243.45,79300,1650,0.020102,-0.989052,0.00040542,0.00026857,11.162541,9.994247,2023-08-01
25412,2023-07-31 13:26:00,19450.0,19703.85,129700,3256900,287.05,12.2,2900,117200,0.96199,-0.025536,0.00056445,0.00044681,13.63065,12.392114,2023-08-01
20159,2023-07-31 13:26:00,19500.0,19703.85,1267000,7855850,242.55,17.9,31200,177650,0.931615,-0.05419,0.00093786,0.00084397,13.086765,12.124151,2023-08-01
14904,2023-07-31 13:26:00,19550.0,19703.85,589850,4343150,200.8,25.6,35500,162200,0.877481,-0.105488,0.00148654,0.00143833,12.708438,11.805541,2023-08-01
9647,2023-07-31 13:26:00,19600.0,19703.85,6064400,14466700,161.5,36.5,197450,375800,0.794052,-0.191327,0.00215714,0.00219638,12.292153,11.548043,2023-08-01
4387,2023-07-31 13:26:00,19650.0,19703.85,3436750,6172400,125.9,50.95,184500,289150,0.674864,-0.315792,0.00280668,0.00293467,11.936793,11.27799,2023-08-01
1756,2023-07-31 13:26:00,19700.0,19703.85,11141950,9501300,95.05,69.75,598650,518250,0.525592,-0.473008,0.00317139,0.00336287,11.683487,11.015667,2023-08-01
7018,2023-07-31 13:26:00,19750.0,19703.85,6471200,1914300,69.25,94.0,366500,178250,0.367215,-0.640652,0.00304935,0.00321083,11.495273,10.837434,2023-08-01
12275,2023-07-31 13:26:00,19800.0,19703.85,12149850,3578550,48.4,122.8,333600,106350,0.225593,-0.790246,0.00246701,0.00253321,11.331247,10.581142,2023-08-01
17531,2023-07-31 13:26:00,19850.0,19703.85,5037550,596750,32.75,157.3,195850,12000,0.121178,-0.896535,0.00166502,0.00160478,11.258803,10.433591,2023-08-01
22785,2023-07-31 13:26:00,19900.0,19703.85,6974850,680200,21.1,196.0,251950,21750,0.055767,-0.958794,0.00093698,0.00080247,11.170974,10.238159,2023-08-01
28038,2023-07-31 13:26:00,19950.0,19703.85,4472150,115900,13.1,237.8,90950,1950,0.022182,-0.988613,0.00044193,0.00028254,11.13024,9.830629,2023-08-01
25413,2023-07-31 13:27:00,19450.0,19706.85,129700,3256900,288.7,12.1,1450,90750,0.96625,-0.024818,0.00052161,0.00043391,13.383366,12.461338,2023-08-01
20160,2023-07-31 13:27:00,19500.0,19706.85,1267000,7855850,244.9,17.75,38300,241600,0.934841,-0.052701,0.00090546,0.00082067,13.059592,12.198086,2023-08-01
14905,2023-07-31 13:27:00,19550.0,19706.85,589850,4343150,202.25,25.3,47150,258400,0.884907,-0.102383,0.00144074,0.00140015,12.547957,11.869474,2023-08-01
9648,2023-07-31 13:27:00,19600.0,19706.85,6064400,14466700,162.85,36.1,189500,471250,0.802925,-0.186227,0.00212289,0.00214697,12.16721,11.620684,2023-08-01
4388,2023-07-31 13:27:00,19650.0,19706.85,3436750,6172400,127.3,50.3,247600,291300,0.684293,-0.307992,0.00278955,0.00288701,11.865342,11.342712,2023-08-01
1757,2023-07-31 13:27:00,19700.0,19706.85,11141950,9501300,96.15,68.75,666500,476900,0.535303,-0.463088,0.00318573,0.0033411,11.611175,11.067163,2023-08-01
7019,2023-07-31 13:27:00,19750.0,19706.85,6471200,1914300,70.25,92.75,460400,182300,0.375855,-0.630333,0.00308534,0.00322461,11.448546,10.89609,2023-08-01
12276,2023-07-31 13:27:00,19800.0,19706.85,12149850,3578550,49.0,121.45,409650,123700,0.231647,-0.780625,0.00251931,0.0025779,11.264174,10.67412,2023-08-01
17532,2023-07-31 13:27:00,19850.0,19706.85,5037550,596750,33.0,155.5,191750,21300,0.124231,-0.890013,0.00170844,0.00166513,11.167771,10.510803,2023-08-01
22786,2023-07-31 13:27:00,19900.0,19706.85,6974850,680200,21.3,193.7,184250,32450,0.05735,-0.955752,0.00096446,0.00084682,11.096578,10.278764,2023-08-01
28039,2023-07-31 13:27:00,19950.0,19706.85,4472150,115900,13.35,235.85,88950,2150,0.023149,-0.986081,0.00045968,0.00032877,11.094271,10.053455,2023-08-01
25414,2023-07-31 13:28:00,19450.0,19708.8,129700,3256900,289.2,12.15,350,42450,0.970499,-0.024658,0.00047844,0.00042894,13.058093,12.540276,2023-08-01
20161,2023-07-31 13:28:00,19500.0,19708.8,1267000,7855850,244.9,17.8,17350,127050,0.941818,-0.052226,0.00085246,0.0008095,12.700376,12.280729,2023-08-01
14906,2023-07-31 13:28:00,19550.0,19708.8,589850,4343150,202.6,25.4,19450,102650,0.891808,-0.101463,0.00140323,0.00137984,12.328676,11.967951,2023-08-01
9649,2023-07-31 13:28:00,19600.0,19708.8,6064400,14466700,162.9,36.3,104800,197650,0.811395,-0.184504,0.00210498,0.00211272,11.948446,11.743709,2023-08-01
4389,2023-07-31 13:28:00,19650.0,19708.8,3436750,6172400,127.05,50.5,107750,143850,0.692993,-0.304418,0.00280835,0.00283932,11.646569,11.47642,2023-08-01
1758,2023-07-31 13:28:00,19700.0,19708.8,11141950,9501300,95.85,69.2,423800,216250,0.542159,-0.457248,0.00323384,0.00328174,11.421766,11.253246,2023-08-01
7020,2023-07-31 13:28:00,19750.0,19708.8,6471200,1914300,70.1,93.0,243250,108400,0.380368,-0.622033,0.00313643,0.00319392,11.306124,11.081091,2023-08-01
12277,2023-07-31 13:28:00,19800.0,19708.8,12149850,3578550,48.95,121.9,224250,47550,0.234336,-0.770262,0.00256085,0.00258498,11.155176,10.929764,2023-08-01
17533,2023-07-31 13:28:00,19850.0,19708.8,5037550,596750,33.1,156.2,113500,13600,0.12602,-0.8788,0.0017368,0.00172464,11.098114,10.875171,2023-08-01
22787,2023-07-31 13:28:00,19900.0,19708.8,6974850,680200,21.35,194.5,114600,16850,0.058122,-0.946022,0.00098057,0.00094653,11.032171,10.781108,2023-08-01
28040,2023-07-31 13:28:00,19950.0,19708.8,4472150,115900,13.25,236.5,46000,1000,0.023112,-0.979665,0.00046295,0.00042663,11.003361,10.716425,2023-08-01
25415,2023-07-31 13:29:00,19450.0,19708.8,129650,3260150,288.65,12.2,3050,75650,0.971984,-0.024766,0.00046384,0.00043011,12.907011,12.556215,2023-08-01
20162,2023-07-31 13:29:00,19500.0,19708.8,1266050,7822550,243.85,18.0,30000,145400,0.945254,-0.052847,0.00082827,0.00081421,12.463046,12.328626,2023-08-01
14907,2023-07-31 13:29:00,19550.0,19708.8,574000,4304450,201.6,25.6,21550,124250,0.895384,-0.102141,0.0013913,0.00138239,12.140061,12.007762,2023-08-01
9650,2023-07-31 13:29:00,19600.0,19708.8,6064600,14467950,162.3,36.55,119100,165100,0.813397,-0.185291,0.00210893,0.00211136,11.851503,11.786158,2023-08-01
4390,2023-07-31 13:29:00,19650.0,19708.8,3424950,6183900,126.65,50.85,163600,167000,0.69391,-0.30518,0.00281946,0.00283034,11.589092,11.529327,2023-08-01
1759,2023-07-31 13:29:00,19700.0,19708.8,11103850,9529950,95.55,69.5,530450,334250,0.542304,-0.457396,0.0032462,0.00327046,11.381485,11.296137,2023-08-01
7021,2023-07-31 13:29:00,19750.0,19708.8,6449950,1927200,69.55,93.7,296400,73850,0.379531,-0.621017,0.00315629,0.00316942,11.231029,11.179562,2023-08-01
12278,2023-07-31 13:29:00,19800.0,19708.8,12117300,3588350,48.7,122.65,308600,66200,0.233543,-0.768041,0.00256502,0.00257339,11.119679,11.041693,2023-08-01
17534,2023-07-31 13:29:00,19850.0,19708.8,4996550,592250,32.95,156.5,143100,8500,0.125432,-0.877769,0.00173538,0.00172738,11.074496,10.926329,2023-08-01
22788,2023-07-31 13:29:00,19900.0,19708.8,6923750,683800,21.2,195.1,130550,21050,0.057584,-0.944062,0.00097628,0.00096294,11.003395,10.903848,2023-08-01
28041,2023-07-31 13:29:00,19950.0,19708.8,4472400,115650,13.2,235.85,78200,1350,0.022961,-0.981309,0.00046105,0.00040385,10.991853,10.541795,2023-08-01
25416,2023-07-31 13:30:00,19450.0,19710.85,129650,3260150,291.4,11.9,1350,51150,0.970457,-0.023678,0.00047512,0.00041496,13.172136,12.535176,2023-08-01
20163,2023-07-31 13:30:00,19500.0,19710.85,1266050,7822550,246.9,17.5,25850,139100,0.942703,-0.050554,0.00083825,0.00078891,12.767816,12.285893,2023-08-01
14908,2023-07-31 13:30:00,19550.0,19710.85,574000,4304450,203.85,24.85,30500,107100,0.89601,-0.098104,0.0013717,0.0013496,12.262746,11.945232,2023-08-01
9651,2023-07-31 13:30:00,19600.0,19710.85,6064600,14467950,164.65,35.65,175900,174950,0.814872,-0.17981,0.00207369,0.00208228,11.996327,11.731274,2023-08-01
4391,2023-07-31 13:30:00,19650.0,19710.85,3424950,6183900,128.95,49.55,182700,182950,0.69746,-0.298029,0.00277035,0.00282146,11.735972,11.44538,2023-08-01
1760,2023-07-31 13:30:00,19700.0,19710.85,11103850,9529950,97.45,67.85,619650,365500,0.548522,-0.450268,0.00321047,0.00329398,11.490058,11.19451,2023-08-01
7022,2023-07-31 13:30:00,19750.0,19710.85,6449950,1927200,71.15,91.6,347900,142150,0.386914,-0.615947,0.00314881,0.00322205,11.325045,11.043532,2023-08-01
12279,2023-07-31 13:30:00,19800.0,19710.85,12117300,3588350,49.75,120.3,374550,149700,0.2397,-0.765908,0.00259152,0.00262317,11.167114,10.88974,2023-08-01
17535,2023-07-31 13:30:00,19850.0,19710.85,4996550,592250,33.65,153.85,159550,34150,0.129487,-0.878481,0.00177057,0.00175143,11.099679,10.734461,2023-08-01
22789,2023-07-31 13:30:00,19900.0,19710.85,6923750,683800,21.65,192.1,139200,28000,0.059745,-0.946655,0.00100409,0.00095142,11.014935,10.631706,2023-08-01
28042,2023-07-31 13:30:00,19950.0,19710.85,4472400,115650,13.45,233.8,101200,1100,0.023839,-0.981127,0.00047613,0.00040994,10.987192,10.473746,2023-08-01
25417,2023-07-31 13:31:00,19450.0,19714.15,129650,3260150,293.9,11.55,3300,113250,0.973073,-0.022327,0.00044371,0.00039492,13.05884,12.5374,2023-08-01
20164,2023-07-31 13:31:00,19500.0,19714.15,1266050,7822550,249.0,17.0,41600,251550,0.9476,-0.047944,0.00079079,0.00075636,12.613099,12.285238,2023-08-01
14909,2023-07-31 13:31:00,19550.0,19714.15,574000,4304450,206.2,24.2,45300,161600,0.901437,-0.093733,0.00132472,0.00130486,12.21318,11.949362,2023-08-01
9652,2023-07-31 13:31:00,19600.0,19714.15,6064600,14467950,166.6,34.5,211250,504500,0.823157,-0.172076,0.00202761,0.00203281,11.923726,11.688587,2023-08-01
4392,2023-07-31 13:31:00,19650.0,19714.15,3424950,6183900,130.4,48.1,210600,358600,0.708189,-0.288016,0.00274899,0.00278808,11.635316,11.40194,2023-08-01
1761,2023-07-31 13:31:00,19700.0,19714.15,11103850,9529950,98.5,66.05,667550,459700,0.559646,-0.439163,0.00322936,0.00329558,11.380948,11.14717,2023-08-01
7023,2023-07-31 13:31:00,19750.0,19714.15,6449950,1927200,72.0,89.45,381750,193350,0.396461,-0.605796,0.00319686,0.00326155,11.23301,10.993096,2023-08-01
12280,2023-07-31 13:31:00,19800.0,19714.15,12117300,3588350,50.35,117.9,345650,165450,0.246551,-0.7581,0.00265244,0.00268162,11.07985,10.847344,2023-08-01
17536,2023-07-31 13:31:00,19850.0,19714.15,4996550,592250,34.0,151.3,163100,34000,0.133358,-0.873186,0.00182216,0.00180854,11.008642,10.71198,2023-08-01
22790,2023-07-31 13:31:00,19900.0,19714.15,6923750,683800,21.85,189.15,150200,34950,0.061543,-0.944444,0.00103613,0.00098778,10.926519,10.576187,2023-08-01
28043,2023-07-31 13:31:00,19950.0,19714.15,4472400,115650,13.5,230.9,98900,1900,0.024376,-0.979792,0.00048962,0.00043461,10.887953,10.470929,2023-08-01
25418,2023-07-31 13:32:00,19450.0,19717.25,128400,3283700,294.75,11.55,3900,87350,0.979248,-0.021925,0.00037257,0.0003859,12.494844,12.637585,2023-08-01
20165,2023-07-31 13:32:00,19500.0,19717.25,1259400,7714900,250.2,16.85,40350,431050,0.954568,-0.046573,0.00072525,0.00073466,12.272772,12.359625,2023-08-01
14910,2023-07-31 13:32:00,19550.0,19717.25,536800,4270900,207.1,23.95,33150,172350,0.911158,-0.091014,0.00125915,0.00126916,11.902806,12.022763,2023-08-01
9653,2023-07-31 13:32:00,19600.0,19717.25,5938800,14381650,167.2,34.2,231000,486400,0.835162,-0.167595,0.00198547,0.00198395,11.643011,11.777436,2023-08-01
4393,2023-07-31 13:32:00,19650.0,19717.25,3346050,6139500,130.7,47.7,158050,368500,0.721044,-0.281088,0.00275213,0.00273213,11.377176,11.502833,2023-08-01
1762,2023-07-31 13:32:00,19700.0,19717.25,11067800,9548900,99.15,65.7,727850,517000,0.570555,-0.429803,0.003259,0.00324221,11.228156,11.288111,2023-08-01
7024,2023-07-31 13:32:00,19750.0,19717.25,6376600,1937750,72.3,88.95,414350,197550,0.405021,-0.594303,0.0032611,0.00323936,11.075054,11.154027,2023-08-01
12281,2023-07-31 13:32:00,19800.0,19717.25,12064950,3569000,50.55,117.2,354400,136750,0.252107,-0.746151,0.00271806,0.00270587,10.943013,11.032226,2023-08-01
17537,2023-07-31 13:32:00,19850.0,19717.25,4960500,591750,34.0,150.65,245600,31750,0.135904,-0.861733,0.00187016,0.00187387,10.86803,10.974992,2023-08-01
22791,2023-07-31 13:32:00,19900.0,19717.25,6908650,705050,21.9,188.1,197650,35950,0.062805,-0.936347,0.00106364,0.00107003,10.815533,10.86379,2023-08-01
28044,2023-07-31 13:32:00,19950.0,19717.25,4461450,117950,13.55,229.65,83250,2650,0.024901,-0.974596,0.00050284,0.00050911,10.795149,10.842298,2023-08-01
25419,2023-07-31 13:33:00,19450.0,19714.7,128400,3283700,292.75,11.9,2250,113850,0.977562,-0.02311,0.00039536,0.00040279,12.584018,12.662725,2023-08-01
20166,2023-07-31 13:33:00,19500.0,19714.7,1259400,7714900,248.0,17.35,39650,227200,0.952776,-0.048845,0.00074864,0.00076164,12.270036,12.390785,2023-08-01
14911,2023-07-31 13:33:00,19550.0,19714.7,536800,4270900,205.85,24.65,26200,124300,0.905042,-0.094947,0.00130583,0.00130578,12.062809,12.062163,2023-08-01
9654,2023-07-31 13:33:00,19600.0,19714.7,5938800,14381650,165.85,35.05,211100,390700,0.82825,-0.173251,0.0020237,0.00202226,11.734184,11.807929,2023-08-01
4394,2023-07-31 13:33:00,19650.0,19714.7,3346050,6139500,129.45,48.65,164850,341000,0.712944,-0.288241,0.00277543,0.00276344,11.442895,11.514929,2023-08-01
1763,2023-07-31 13:33:00,19700.0,19714.7,11067800,9548900,97.85,66.8,649000,497500,0.562126,-0.438074,0.00326589,0.00325507,11.249708,11.288006,2023-08-01
7025,2023-07-31 13:33:00,19750.0,19714.7,6376600,1937750,71.35,90.45,413050,250650,0.397013,-0.602391,0.0032354,0.00321797,11.110203,11.174863,2023-08-01
12282,2023-07-31 13:33:00,19800.0,19714.7,12064950,3569000,49.9,118.8,427100,153450,0.246029,-0.753078,0.00267342,0.00266767,10.987182,11.032266,2023-08-01
17538,2023-07-31 13:33:00,19850.0,19714.7,4960500,591750,33.6,152.05,170950,18450,0.132265,-0.868099,0.00182763,0.00182693,10.920409,10.903888,2023-08-01
22792,2023-07-31 13:33:00,19900.0,19714.7,6908650,705050,21.6,190.2,223600,31100,0.060809,-0.938876,0.00103356,0.00103599,10.858133,10.876375,2023-08-01
28045,2023-07-31 13:33:00,19950.0,19714.7,4461450,117950,13.4,232.1,193700,2250,0.024139,-0.975244,0.00048778,0.00049552,10.846413,10.905633,2023-08-01
25420,2023-07-31 13:34:00,19450.0,19711.1,128400,3283700,289.45,12.1,2900,82600,0.97634,-0.024074,0.00041439,0.00041891,12.560659,12.607576,2023-08-01
20167,2023-07-31 13:34:00,19500.0,19711.1,1259400,7714900,246.1,17.7,31200,176800,0.946261,-0.050989,0.00081207,0.00079139,12.544922,12.34691,2023-08-01
14912,2023-07-31 13:34:00,19550.0,19711.1,536800,4270900,203.85,25.05,19100,147650,0.897185,-0.098493,0.00136552,0.00134917,12.232551,11.99895,2023-08-01
9655,2023-07-31 13:34:00,19600.0,19711.1,5938800,14381650,163.65,35.75,150600,295600,0.819444,-0.179665,0.00207679,0.0020781,11.807863,11.763833,2023-08-01
4395,2023-07-31 13:34:00,19650.0,19711.1,3346050,6139500,127.95,49.6,125150,232850,0.700912,-0.297513,0.00279906,0.00281669,11.5703,11.470281,2023-08-01
1764,2023-07-31 13:34:00,19700.0,19711.1,11067800,9548900,96.6,68.15,475550,449150,0.549895,-0.449677,0.00325048,0.00327952,11.358194,11.256076,2023-08-01
7026,2023-07-31 13:34:00,19750.0,19711.1,6376600,1937750,70.5,91.75,369600,215300,0.386528,-0.614869,0.00318008,0.00321612,11.22468,11.087125,2023-08-01
12283,2023-07-31 13:34:00,19800.0,19711.1,12064950,3569000,49.15,120.55,283900,126950,0.238125,-0.764252,0.00260788,0.00262134,11.071207,10.953786,2023-08-01
17539,2023-07-31 13:34:00,19850.0,19711.1,4960500,591750,33.2,154.55,189000,26850,0.127867,-0.87505,0.00177022,0.00176342,11.01929,10.885337,2023-08-01
22793,2023-07-31 13:34:00,19900.0,19711.1,6908650,705050,21.25,192.75,153600,37900,0.058332,-0.94373,0.00099427,0.00097752,10.930716,10.807548,2023-08-01
28046,2023-07-31 13:34:00,19950.0,19711.1,4461450,117950,13.2,234.5,153750,1400,0.023134,-0.978833,0.0004677,0.00044201,10.920117,10.720198,2023-08-01
25421,2023-07-31 13:35:00,19450.0,19711.3,128150,3300100,288.4,12.05,1050,57550,0.979608,-0.023894,0.00037676,0.00041663,12.189868,12.600561,2023-08-01
20168,2023-07-31 13:35:00,19500.0,19711.3,1242150,7703300,245.0,17.7,12150,229650,0.950559,-0.050894,0.00077855,0.00078992,12.249655,12.355299,2023-08-01
14913,2023-07-31 13:35:00,19550.0,19711.3,533250,4255100,202.2,25.15,16550,95700,0.903997,-0.098686,0.00133738,0.00134831,11.88309,12.027586,2023-08-01
9656,2023-07-31 13:35:00,19600.0,19711.3,5838500,14374350,163.3,35.85,108100,242400,0.821567,-0.179722,0.00207624,0.00207443,11.727162,11.790682,2023-08-01
4396,2023-07-31 13:35:00,19650.0,19711.3,3279600,6181450,127.4,49.8,135400,210650,0.703092,-0.297553,0.0028148,0.00280762,11.47089,11.511611,2023-08-01
1765,2023-07-31 13:35:00,19700.0,19711.3,10928950,9698200,96.35,68.4,470500,387300,0.550759,-0.449221,0.00326466,0.00326602,11.309261,11.304478,2023-08-01
7027,2023-07-31 13:35:00,19750.0,19711.3,6358600,1964600,70.1,92.15,298600,194800,0.386448,-0.613541,0.00319996,0.00319967,11.157741,11.158851,2023-08-01
12284,2023-07-31 13:35:00,19800.0,19711.3,12037450,3607750,48.95,121.0,234700,125000,0.237791,-0.76206,0.00261582,0.00261497,11.032512,11.039904,2023-08-01
17540,2023-07-31 13:35:00,19850.0,19711.3,4990950,589150,33.0,155.0,102300,21950,0.127252,-0.872595,0.00177142,0.00177177,10.978376,10.985417,2023-08-01
22794,2023-07-31 13:35:00,19900.0,19711.3,6928800,721150,21.1,193.3,113300,25250,0.057856,-0.941186,0.00099151,0.00099916,10.894188,10.951218,2023-08-01
28047,2023-07-31 13:35:00,19950.0,19711.3,4429300,118200,13.05,234.9,94150,1450,0.02275,-0.97731,0.00046318,0.0004624,10.876042,10.870022,2023-08-01
25422,2023-07-31 13:36:00,19450.0,19713.55,128150,3300100,292.15,11.95,400,63600,0.976042,-0.023317,0.00041379,0.00040683,12.718336,12.644619,2023-08-01
20169,2023-07-31 13:36:00,19500.0,19713.55,1242150,7703300,247.3,17.5,15200,95650,0.951071,-0.049552,0.0007664,0.00077131,12.343484,12.389412,2023-08-01
14914,2023-07-31 13:36:00,19550.0,19713.55,533250,4255100,204.5,24.9,12200,73750,0.905185,-0.096385,0.00131432,0.00132088,11.983833,12.06936,2023-08-01
9657,2023-07-31 13:36:00,19600.0,19713.55,5838500,14374350,164.9,35.4,104450,168800,0.826386,-0.175582,0.00204196,0.00203978,11.721579,11.818376,2023-08-01
4397,2023-07-31 13:36:00,19650.0,19713.55,3279600,6181450,128.95,49.25,116450,131050,0.709209,-0.291806,0.00278485,0.00277423,11.485494,11.548223,2023-08-01
1766,2023-07-31 13:36:00,19700.0,19713.55,10928950,9698200,97.35,67.6,434250,306700,0.558273,-0.442009,0.00326676,0.00325046,11.274891,11.332604,2023-08-01
7028,2023-07-31 13:36:00,19750.0,19713.55,6358600,1964600,71.05,91.2,249950,139000,0.393523,-0.606009,0.00322021,0.0032071,11.147162,11.19641,2023-08-01
12285,2023-07-31 13:36:00,19800.0,19713.55,12037450,3607750,49.6,119.8,237750,101750,0.243176,-0.755521,0.00265405,0.00264597,11.009295,11.07484,2023-08-01
17541,2023-07-31 13:36:00,19850.0,19713.55,4990950,589150,33.35,153.3,166500,11200,0.130266,-0.86887,0.00180782,0.00180957,10.935728,10.975185,2023-08-01
22795,2023-07-31 13:36:00,19900.0,19713.55,6928800,721150,21.25,191.6,116000,13700,0.059095,-0.938594,0.00101362,0.00103164,10.837699,10.973007,2023-08-01
28048,2023-07-31 13:36:00,19950.0,19713.55,4429300,118200,13.2,233.15,120100,300,0.023397,-0.975761,0.00047597,0.00048664,10.838983,10.921169,2023-08-01
25423,2023-07-31 13:37:00,19450.0,19711.2,128150,3300100,290.7,12.05,1250,38850,0.97339,-0.02386,0.00044549,0.00041644,12.905524,12.599937,2023-08-01
20170,2023-07-31 13:37:00,19500.0,19711.2,1242150,7703300,245.5,17.65,6800,85400,0.948627,-0.050691,0.00079399,0.00078874,12.391898,12.342483,2023-08-01
14915,2023-07-31 13:37:00,19550.0,19711.2,533250,4255100,203.6,25.1,8150,72950,0.898591,-0.098474,0.00135961,0.00134834,12.174937,12.01628,2023-08-01
9658,2023-07-31 13:37:00,19600.0,19711.2,5838500,14374350,163.9,35.8,39000,121600,0.819165,-0.179573,0.00207469,0.00207655,11.84266,11.78015,2023-08-01
4398,2023-07-31 13:37:00,19650.0,19711.2,3279600,6181450,127.95,49.7,60200,99150,0.701419,-0.297448,0.00280071,0.00281337,11.565667,11.49369,2023-08-01
1767,2023-07-31 13:37:00,19700.0,19711.2,10928950,9698200,96.45,68.3,255650,271700,0.550343,-0.449456,0.00326003,0.00327363,11.334154,11.286367,2023-08-01
7029,2023-07-31 13:37:00,19750.0,19711.2,6358600,1964600,70.25,92.1,163850,119050,0.386345,-0.614077,0.00319313,0.00320405,11.188001,11.146297,2023-08-01
12286,2023-07-31 13:37:00,19800.0,19711.2,12037450,3607750,49.05,120.8,164850,64950,0.237836,-0.763229,0.00261236,0.00261841,11.055473,11.002759,2023-08-01
17542,2023-07-31 13:37:00,19850.0,19711.2,4990950,589150,33.1,154.65,109150,12950,0.127434,-0.874435,0.00177046,0.00176612,11.00236,10.916513,2023-08-01
22796,2023-07-31 13:37:00,19900.0,19711.2,6928800,721150,21.2,192.55,95600,9100,0.058083,-0.944186,0.00099277,0.00097422,10.920916,10.785217,2023-08-01
28049,2023-07-31 13:37:00,19950.0,19711.2,4429300,118200,13.15,235.0,54400,1750,0.022949,-0.977386,0.00046553,0.00046121,10.907923,10.874182,2023-08-01
25424,2023-07-31 13:38:00,19450.0,19713.4,128150,3307950,293.35,11.95,1850,58100,0.972551,-0.023291,0.00045022,0.00040677,13.107725,12.642406,2023-08-01
20171,2023-07-31 13:38:00,19500.0,19713.4,1237350,7745100,247.5,17.5,62550,74850,0.949947,-0.049525,0.00077577,0.00077165,12.425415,12.38661,2023-08-01
14916,2023-07-31 13:38:00,19550.0,19713.4,533950,4253800,204.45,24.9,13450,61350,0.9048,-0.096383,0.00131718,0.0013221,12.001444,12.065836,2023-08-01
9659,2023-07-31 13:38:00,19600.0,19713.4,5820600,14457150,164.85,35.35,84750,180500,0.825946,-0.175485,0.00204421,0.00204261,11.735174,11.805579,2023-08-01
4399,2023-07-31 13:38:00,19650.0,19713.4,3272050,6224850,128.9,49.2,95200,107000,0.708728,-0.291905,0.00278628,0.00277963,11.495954,11.535158,2023-08-01
1768,2023-07-31 13:38:00,19700.0,19713.4,10923150,9768600,97.65,67.45,381750,254350,0.557527,-0.442341,0.00325336,0.00326108,11.331822,11.304447,2023-08-01
7030,2023-07-31 13:38:00,19750.0,19713.4,6348550,2012000,71.1,91.2,211000,115850,0.393144,-0.606662,0.00321579,0.00321037,11.166765,11.187169,2023-08-01
12287,2023-07-31 13:38:00,19800.0,19713.4,12038700,3624850,49.8,119.9,246350,54600,0.243427,-0.756022,0.00264757,0.00264416,11.049613,11.077352,2023-08-01
17543,2023-07-31 13:38:00,19850.0,19713.4,5016250,590450,33.5,153.35,126850,14500,0.130586,-0.869483,0.00180638,0.00180624,10.970192,10.967047,2023-08-01
22797,2023-07-31 13:38:00,19900.0,19713.4,6925700,721500,21.4,191.3,85000,20600,0.059476,-0.940276,0.00101578,0.00101773,10.876245,10.890821,2023-08-01
28050,2023-07-31 13:38:00,19950.0,19713.4,4458650,119400,13.35,233.45,84250,1050,0.023722,-0.975455,0.00047979,0.00049013,10.88512,10.965081,2023-08-01
25425,2023-07-31 13:39:00,19450.0,19717.7,128550,3307950,294.15,11.7,450,36950,0.981982,-0.022094,0.00033932,0.00038716,12.194404,12.706547,2023-08-01
20172,2023-07-31 13:39:00,19500.0,19717.7,1237350,7745100,250.0,17.1,14250,84700,0.956907,-0.047006,0.00070393,0.00073671,12.144116,12.444588,2023-08-01
14917,2023-07-31 13:39:00,19550.0,19717.7,533950,4253800,207.3,24.35,17200,104600,0.912531,-0.09188,0.00124939,0.00126979,11.883692,12.128411,2023-08-01
9660,2023-07-31 13:39:00,19600.0,19717.7,5820600,14457150,167.25,34.55,99000,136650,0.837301,-0.167971,0.00197919,0.00197659,11.60725,11.864829,2023-08-01
4400,2023-07-31 13:39:00,19650.0,19717.7,3272050,6224850,131.3,48.15,138250,114650,0.721693,-0.281123,0.00274134,0.00271512,11.434421,11.601401,2023-08-01
1769,2023-07-31 13:39:00,19700.0,19717.7,10923150,9768600,99.2,66.15,448500,232400,0.572231,-0.428835,0.003269,0.00322011,11.210162,11.385957,2023-08-01
7031,2023-07-31 13:39:00,19750.0,19717.7,6348550,2012000,72.65,89.35,250900,104300,0.406473,-0.592315,0.00326256,0.00322294,11.104695,11.249475,2023-08-01
12288,2023-07-31 13:39:00,19800.0,19717.7,12038700,3624850,50.75,117.4,227000,87250,0.253092,-0.743983,0.00272604,0.00270522,10.957826,11.108808,2023-08-01
17544,2023-07-31 13:39:00,19850.0,19717.7,5016250,590450,34.25,151.0,163850,18500,0.136839,-0.858938,0.00187795,0.00188399,10.898081,11.090255,2023-08-01
22798,2023-07-31 13:39:00,19900.0,19717.7,6925700,721500,22.0,188.45,103350,25350,0.06304,-0.9338,0.00106799,0.00109126,10.826961,11.006454,2023-08-01
28051,2023-07-31 13:39:00,19950.0,19717.7,4458650,119400,13.6,230.4,100400,1450,0.02493,-0.971542,0.00050414,0.0005467,10.801599,11.125144,2023-08-01
25426,2023-07-31 13:40:00,19450.0,19717.75,128550,3307950,296.45,11.75,3000,73750,0.976388,-0.022192,0.00040366,0.00038817,12.892948,12.724564,2023-08-01
20173,2023-07-31 13:40:00,19500.0,19717.75,1237350,7745100,250.25,17.1,34600,272450,0.956305,-0.046958,0.00070899,0.00073617,12.197351,12.447622,2023-08-01
14918,2023-07-31 13:40:00,19550.0,19717.75,533950,4253800,207.65,24.3,32100,210500,0.911501,-0.091628,0.00125397,0.00126832,11.947887,12.121672,2023-08-01
9661,2023-07-31 13:40:00,19600.0,19717.75,5820600,14457150,168.2,34.5,271550,269350,0.834241,-0.167698,0.00197712,0.00197599,11.764397,11.85977,2023-08-01
4401,2023-07-31 13:40:00,19650.0,19717.75,3272050,6224850,131.7,48.0,255300,221000,0.720917,-0.280616,0.00273233,0.00271805,11.491408,11.582515,2023-08-01
1770,2023-07-31 13:40:00,19700.0,19717.75,10923150,9768600,100.1,65.85,1105650,536700,0.571651,-0.428431,0.00323512,0.00323135,11.33424,11.347884,2023-08-01
7032,2023-07-31 13:40:00,19750.0,19717.75,6348550,2012000,73.15,89.0,581250,212400,0.407167,-0.592556,0.00324522,0.00323614,11.172338,11.205546,2023-08-01
12289,2023-07-31 13:40:00,19800.0,19717.75,12038700,3624850,51.05,117.2,465750,147050,0.253982,-0.744378,0.00272139,0.00270969,11.00033,11.085121,2023-08-01
17545,2023-07-31 13:40:00,19850.0,19717.75,5016250,590450,34.45,150.35,238200,28900,0.137554,-0.861102,0.00187976,0.00188176,10.929909,10.990936,2023-08-01
22799,2023-07-31 13:40:00,19900.0,19717.75,6925700,721500,22.25,188.0,243050,37000,0.06388,-0.935207,0.00107459,0.00108135,10.875366,10.927266,2023-08-01
28052,2023-07-31 13:40:00,19950.0,19717.75,4458650,119400,13.75,230.0,105200,2900,0.025313,-0.972518,0.00050904,0.00053538,10.838801,11.038574,2023-08-01
25427,2023-07-31 13:41:00,19450.0,19715.95,128000,3319500,296.0,11.75,1850,78450,0.972713,-0.02239,0.00044434,0.00039301,13.226928,12.668278,2023-08-01
20174,2023-07-31 13:41:00,19500.0,19715.95,1237900,7733600,250.8,17.2,24600,204800,0.948377,-0.047737,0.0007786,0.00074855,12.699105,12.409328,2023-08-01
14919,2023-07-31 13:41:00,19550.0,19715.95,526400,4284800,208.8,24.2,31150,236550,0.900035,-0.092243,0.00131608,0.00128462,12.459855,12.032258,2023-08-01
9662,2023-07-31 13:41:00,19600.0,19715.95,5802500,14506050,168.7,34.6,127400,270200,0.824526,-0.169944,0.00199895,0.00200431,12.073049,11.797491,2023-08-01
4402,2023-07-31 13:41:00,19650.0,19715.95,3264400,6310250,131.95,48.05,157650,271900,0.712478,-0.284084,0.00272145,0.00275529,11.708212,11.498429,2023-08-01
1771,2023-07-31 13:41:00,19700.0,19715.95,10729350,9903950,100.3,66.0,550700,493100,0.564889,-0.433756,0.00319729,0.00326544,11.507085,11.260521,2023-08-01
7033,2023-07-31 13:41:00,19750.0,19715.95,6268950,2052400,73.4,89.1,332650,173900,0.402641,-0.599458,0.00319352,0.00325773,11.326007,11.087768,2023-08-01
12290,2023-07-31 13:41:00,19800.0,19715.95,11986650,3670250,51.35,116.9,422250,129900,0.251824,-0.753426,0.00267551,0.00271059,11.14344,10.876689,2023-08-01
17546,2023-07-31 13:41:00,19850.0,19715.95,4967150,607650,34.8,150.3,295150,26500,0.137219,-0.869413,0.00185339,0.00184143,11.071572,10.770431,2023-08-01
22800,2023-07-31 13:41:00,19900.0,19715.95,6922350,725200,22.45,187.75,201750,19200,0.06385,-0.942969,0.00106369,0.00100998,10.987322,10.592748,2023-08-01
28053,2023-07-31 13:41:00,19950.0,19715.95,4476650,118800,13.8,230.0,106450,700,0.025173,-0.977574,0.00050335,0.00046815,10.914981,10.64899,2023-08-01
25428,2023-07-31 13:42:00,19450.0,19714.4,128000,3319500,293.6,11.95,1300,46650,0.974696,-0.023071,0.00042674,0.00040285,12.935636,12.679786,2023-08-01
20175,2023-07-31 13:42:00,19500.0,19714.4,1237900,7733600,247.2,17.65,20750,123650,0.954502,-0.049577,0.00073544,0.00076852,12.157812,12.462767,2023-08-01
14920,2023-07-31 13:42:00,19550.0,19714.4,526400,4284800,205.0,24.9,20750,92300,0.907141,-0.095608,0.0012993,0.00131107,11.959894,12.11034,2023-08-01
9663,2023-07-31 13:42:00,19600.0,19714.4,5802500,14506050,165.0,35.45,121050,175700,0.830141,-0.174504,0.00203088,0.00202648,11.644087,11.872016,2023-08-01
4403,2023-07-31 13:42:00,19650.0,19714.4,3264400,6310250,129.05,49.4,76450,118150,0.712856,-0.290316,0.00278774,0.00275535,11.42727,11.621532,2023-08-01
1772,2023-07-31 13:42:00,19700.0,19714.4,10729350,9903950,97.55,67.6,360550,230300,0.561266,-0.439481,0.00327779,0.00323678,11.245382,11.391169,2023-08-01
7034,2023-07-31 13:42:00,19750.0,19714.4,6268950,2052400,71.4,91.3,284400,95250,0.396042,-0.602764,0.00323112,0.0031966,11.150001,11.279568,2023-08-01
12291,2023-07-31 13:42:00,19800.0,19714.4,11986650,3670250,49.85,119.65,252450,74100,0.244969,-0.752505,0.00266971,0.00265355,11.00897,11.137143,2023-08-01
17547,2023-07-31 13:42:00,19850.0,19714.4,4967150,607650,33.6,153.0,128100,18500,0.13156,-0.86658,0.00182182,0.00182534,10.946738,11.031842,2023-08-01
22801,2023-07-31 13:42:00,19900.0,19714.4,6922350,725200,21.65,190.8,221600,11250,0.060521,-0.938432,0.0010295,0.00103758,10.892208,10.953213,2023-08-01
28054,2023-07-31 13:42:00,19950.0,19714.4,4476650,118800,13.35,232.0,94050,850,0.023759,-0.976631,0.0004823,0.0004773,10.856192,10.817974,2023-08-01
25429,2023-07-31 13:43:00,19450.0,19712.1,128000,3319500,289.85,12.05,1950,60750,0.978135,-0.023602,0.00039279,0.00041222,12.434283,12.636768,2023-08-01
20176,2023-07-31 13:43:00,19500.0,19712.1,1237900,7733600,245.3,17.75,23450,230300,0.952596,-0.050534,0.00075929,0.00078426,12.17563,12.405701,2023-08-01
14921,2023-07-31 13:43:00,19550.0,19712.1,526400,4284800,202.95,25.2,33950,123150,0.904916,-0.09801,0.00132717,0.00133925,11.920326,12.078859,2023-08-01
9664,2023-07-31 13:43:00,19600.0,19712.1,5802500,14506050,163.6,35.95,128200,348850,0.824479,-0.178747,0.00206585,0.00206173,11.69393,11.852865,2023-08-01
4404,2023-07-31 13:43:00,19650.0,19712.1,3264400,6310250,127.35,49.9,138100,204550,0.706919,-0.295935,0.00282279,0.00279182,11.399153,11.577241,2023-08-01
1773,2023-07-31 13:43:00,19700.0,19712.1,10729350,9903950,96.05,68.45,510200,380650,0.553852,-0.446832,0.00329637,0.00325304,11.217373,11.36943,2023-08-01
7035,2023-07-31 13:43:00,19750.0,19712.1,6268950,2052400,70.2,92.4,311050,204200,0.388411,-0.610315,0.0032201,0.00318613,11.132472,11.261687,2023-08-01
12292,2023-07-31 13:43:00,19800.0,19712.1,11986650,3670250,48.95,120.75,312500,142000,0.238638,-0.759676,0.00263502,0.00262513,11.001368,11.085363,2023-08-01
17548,2023-07-31 13:43:00,19850.0,19712.1,4967150,607650,32.85,154.9,253950,32200,0.126934,-0.869954,0.00178094,0.00178771,10.928409,11.071602,2023-08-01
22802,2023-07-31 13:43:00,19900.0,19712.1,6922350,725200,21.15,192.55,231750,19900,0.057989,-0.941154,0.00099676,0.00100362,10.883992,10.934909,2023-08-01
28055,2023-07-31 13:43:00,19950.0,19712.1,4476650,118800,13.05,234.65,108450,2200,0.022669,-0.976053,0.00046366,0.00047995,10.85955,10.986554,2023-08-01
25430,2023-07-31 13:44:00,19450.0,19712.8,128100,3341750,290.0,12.0,950,52000,0.979632,-0.023359,0.00037436,0.00040847,12.290106,12.645802,2023-08-01
20177,2023-07-31 13:44:00,19500.0,19712.8,1234850,7702900,245.45,17.7,8500,139400,0.954596,-0.050131,0.00074013,0.0007786,12.06942,12.420149,2023-08-01
14922,2023-07-31 13:44:00,19550.0,19712.8,540400,4283250,203.0,25.05,12500,76500,0.907734,-0.097004,0.00130925,0.00132955,11.82146,12.078643,2023-08-01
9665,2023-07-31 13:44:00,19600.0,19712.8,5780050,14504900,163.4,35.9,65200,214500,0.828421,-0.177729,0.00205753,0.00205067,11.576025,11.877386,2023-08-01
4405,2023-07-31 13:44:00,19650.0,19712.8,3257750,6277900,127.35,49.9,73450,124900,0.71004,-0.294531,0.00282604,0.00277746,11.332579,11.614984,2023-08-01
1774,2023-07-31 13:44:00,19700.0,19712.8,10672900,9981750,96.25,68.45,242600,279750,0.556288,-0.444751,0.00330194,0.003239,11.192127,11.413803,2023-08-01
7036,2023-07-31 13:44:00,19750.0,19712.8,6286550,2091650,70.2,92.35,189650,123450,0.390198,-0.607682,0.00323787,0.00317996,11.089072,11.308219,2023-08-01
12293,2023-07-31 13:44:00,19800.0,19712.8,12011350,3684150,48.95,121.15,195950,80200,0.239683,-0.755445,0.00265076,0.00262124,10.965384,11.210516,2023-08-01
17549,2023-07-31 13:44:00,19850.0,19712.8,4933300,603950,32.85,154.85,75000,11800,0.127439,-0.867131,0.00179135,0.00180251,10.898066,11.147909,2023-08-01
22803,2023-07-31 13:44:00,19900.0,19712.8,6917100,733500,21.15,193.25,116050,14650,0.058189,-0.936252,0.00100215,0.00104475,10.858,11.185171,2023-08-01
28056,2023-07-31 13:44:00,19950.0,19712.8,4459950,118800,13.05,233.6,65050,950,0.022733,-0.9769,0.00046586,0.0004706,10.836972,10.87359,2023-08-01
25431,2023-07-31 13:45:00,19450.0,19715.5,128100,3341750,292.5,11.65,1250,39050,0.980453,-0.022103,0.00036085,0.00039048,12.315353,12.628948,2023-08-01
20178,2023-07-31 13:45:00,19500.0,19715.5,1234850,7702900,248.3,17.15,13900,111300,0.954864,-0.047564,0.0007287,0.00074874,12.202857,12.386502,2023-08-01
14923,2023-07-31 13:45:00,19550.0,19715.5,540400,4283250,206.35,24.35,17600,148100,0.90697,-0.092858,0.0012916,0.00129085,12.05856,12.049088,2023-08-01
9666,2023-07-31 13:45:00,19600.0,19715.5,5780050,14504900,166.55,34.7,76800,196800,0.82991,-0.170585,0.00201196,0.00201156,11.774558,11.798872,2023-08-01
4406,2023-07-31 13:45:00,19650.0,19715.5,3257750,6277900,130.15,48.5,99800,143750,0.715048,-0.285911,0.00276517,0.00275569,11.489167,11.547145,2023-08-01
1775,2023-07-31 13:45:00,19700.0,19715.5,10672900,9981750,98.8,66.5,310000,292100,0.564396,-0.435435,0.00324975,0.00325847,11.338527,11.307409,2023-08-01
7037,2023-07-31 13:45:00,19750.0,19715.5,6286550,2091650,72.2,90.15,225100,118450,0.399879,-0.600033,0.00322951,0.00322688,11.194515,11.204307,2023-08-01
12294,2023-07-31 13:45:00,19800.0,19715.5,12011350,3684150,50.45,118.6,219900,93000,0.248334,-0.750769,0.00268372,0.00267777,11.041935,11.08771,2023-08-01
17550,2023-07-31 13:45:00,19850.0,19715.5,4933300,603950,34.0,151.7,130900,26750,0.133763,-0.866582,0.00184113,0.0018405,10.96658,10.950869,2023-08-01
22804,2023-07-31 13:45:00,19900.0,19715.5,6917100,733500,21.85,190.0,92250,9750,0.061479,-0.93717,0.00104313,0.00105341,10.892607,10.970802,2023-08-01
28057,2023-07-31 13:45:00,19950.0,19715.5,4459950,119150,13.55,232.25,75800,700,0.024357,-0.973027,0.00049216,0.00052416,10.873082,11.119479,2023-08-01
25432,2023-07-31 13:46:00,19450.0,19716.65,128100,3341750,294.15,11.7,1300,50200,0.979347,-0.022066,0.0003723,0.00038839,12.509889,12.682162,2023-08-01
20179,2023-07-31 13:46:00,19500.0,19716.65,1234850,7702900,249.45,17.2,26450,88200,0.955192,-0.04737,0.00072211,0.00074325,12.245349,12.440432,2023-08-01
14924,2023-07-31 13:46:00,19550.0,19716.65,540400,4283250,206.2,24.35,19550,82450,0.912355,-0.092156,0.00125812,0.00127902,11.846292,12.095627,2023-08-01
9667,2023-07-31 13:46:00,19600.0,19716.65,5780050,14504900,166.55,34.85,100750,180450,0.835194,-0.169789,0.00199601,0.0019929,11.632817,11.876812,2023-08-01
4407,2023-07-31 13:46:00,19650.0,19716.65,3257750,6277900,130.65,48.55,94250,132900,0.718894,-0.283823,0.00275674,0.0027307,11.452409,11.61523,2023-08-01
1776,2023-07-31 13:46:00,19700.0,19716.65,10672900,9981750,98.75,66.65,363450,253550,0.568704,-0.432206,0.0032726,0.00322851,11.241705,11.399748,2023-08-01
7038,2023-07-31 13:46:00,19750.0,19716.65,6286550,2091650,72.4,90.05,237600,119150,0.403163,-0.595738,0.00325043,0.00321593,11.149014,11.27642,2023-08-01
12295,2023-07-31 13:46:00,19800.0,19716.65,12011350,3684150,50.55,118.25,252950,91100,0.250449,-0.746683,0.00270789,0.00268816,10.995724,11.143205,2023-08-01
17551,2023-07-31 13:46:00,19850.0,19716.65,4933300,603950,34.05,151.85,105600,16650,0.134859,-0.861014,0.00185929,0.00186579,10.923411,11.111933,2023-08-01
22805,2023-07-31 13:46:00,19900.0,19716.65,6917100,733500,21.85,189.55,98550,12650,0.061857,-0.934409,0.00105268,0.00108046,10.848567,11.062672,2023-08-01
28058,2023-07-31 13:46:00,19950.0,19716.65,4459950,119150,13.6,231.25,58000,1150,0.02462,-0.972492,0.00049792,0.0005331,10.847341,11.1165,2023-08-01
25433,2023-07-31 13:47:00,19450.0,19716.65,128700,3348850,294.6,11.7,500,51900,0.978234,-0.022044,0.00038503,0.00038814,12.650001,12.683474,2023-08-01
20180,2023-07-31 13:47:00,19500.0,19716.65,1239800,7699650,249.05,17.2,28750,104600,0.956488,-0.047335,0.00071103,0.00074298,12.149431,12.441705,2023-08-01
14925,2023-07-31 13:47:00,19550.0,19716.65,536700,4279850,206.85,24.35,20150,79150,0.910028,-0.09211,0.00126917,0.00127883,11.978527,12.096846,2023-08-01
9668,2023-07-31 13:47:00,19600.0,19716.65,5764600,14497050,166.5,34.85,119750,152250,0.835406,-0.16974,0.00199615,0.00199298,11.626091,11.877986,2023-08-01
4408,2023-07-31 13:47:00,19650.0,19716.65,3238550,6294100,130.55,48.35,163050,197550,0.719176,-0.283289,0.00275952,0.00273594,11.439011,11.586291,2023-08-01
1777,2023-07-31 13:47:00,19700.0,19716.65,10695450,10029300,98.7,66.7,534600,259050,0.568749,-0.432238,0.00327519,0.00322732,11.236243,11.407832,2023-08-01
7039,2023-07-31 13:47:00,19750.0,19716.65,6213200,2106500,72.05,89.95,369650,122400,0.40271,-0.595887,0.00326436,0.00322036,11.101864,11.263516,2023-08-01
12296,2023-07-31 13:47:00,19800.0,19716.65,11937250,3678350,50.55,118.2,347450,103450,0.250401,-0.746883,0.00270814,0.00268946,10.997169,11.136812,2023-08-01
17552,2023-07-31 13:47:00,19850.0,19716.65,4929300,593800,34.1,151.5,158200,17800,0.134989,-0.862326,0.00185948,0.00186383,10.933032,11.055517,2023-08-01
22806,2023-07-31 13:47:00,19900.0,19716.65,6930650,734600,21.85,189.3,123250,23200,0.061818,-0.935314,0.00105236,0.00107388,10.849941,11.014606,2023-08-01
28059,2023-07-31 13:47:00,19950.0,19716.65,4412700,119150,13.55,229.15,129900,200,0.024464,-0.97807,0.00049595,0.00046291,10.836099,10.588364,2023-08-01
25434,2023-07-31 13:48:00,19450.0,19716.8,128700,3348850,293.7,11.7,1250,95800,0.980877,-0.022003,0.00035402,0.00038748,12.332083,12.689589,2023-08-01
20181,2023-07-31 13:48:00,19500.0,19716.8,1239800,7699650,249.0,17.15,8050,46900,0.957185,-0.047101,0.00070446,0.00074058,12.107436,12.436279,2023-08-01
14926,2023-07-31 13:48:00,19550.0,19716.8,536700,4279850,207.0,24.3,23500,100000,0.910143,-0.0918,0.00126753,0.00127635,11.986358,12.094055,2023-08-01
9669,2023-07-31 13:48:00,19600.0,19716.8,5764600,14497050,166.8,34.8,57600,110650,0.835078,-0.169357,0.00199354,0.00199082,11.660051,11.877433,2023-08-01
4409,2023-07-31 13:48:00,19650.0,19716.8,3238550,6294100,131.1,48.4,63500,96050,0.718472,-0.283095,0.00274702,0.00273204,11.508631,11.602667,2023-08-01
1778,2023-07-31 13:48:00,19700.0,19716.8,10695450,10029300,99.25,66.55,270700,201150,0.568862,-0.431679,0.00325666,0.00323063,11.303177,11.396954,2023-08-01
7040,2023-07-31 13:48:00,19750.0,19716.8,6213200,2106500,72.7,89.8,159000,81650,0.403875,-0.595518,0.00324381,0.00322464,11.183943,11.254722,2023-08-01
12297,2023-07-31 13:48:00,19800.0,19716.8,11937250,3678350,51.0,117.95,239700,53900,0.251886,-0.746977,0.00270295,0.00269508,11.056295,11.114945,2023-08-01
17553,2023-07-31 13:48:00,19850.0,19716.8,4929300,593800,34.35,151.4,57200,10200,0.135967,-0.862084,0.00186324,0.00186631,10.968579,11.057576,2023-08-01
22807,2023-07-31 13:48:00,19900.0,19716.8,6930650,734600,22.05,189.15,78750,14000,0.062518,-0.935311,0.00105858,0.00107478,10.884788,11.00929,2023-08-01
28060,2023-07-31 13:48:00,19950.0,19716.8,4412700,118500,13.7,231.9,48000,250,0.024856,-0.970388,0.00050121,0.00055767,10.870006,11.305951,2023-08-01
25435,2023-07-31 13:49:00,19450.0,19715.55,128700,3348850,292.35,11.95,2050,68900,0.981,-0.022765,0.00035418,0.00039778,12.263547,12.725953,2023-08-01
20182,2023-07-31 13:49:00,19500.0,19715.55,1239800,7699650,247.05,17.45,13300,77350,0.959131,-0.048365,0.000691,0.00075501,11.891631,12.465051,2023-08-01
14927,2023-07-31 13:49:00,19550.0,19715.55,536700,4279850,204.65,24.8,18500,76800,0.913494,-0.094257,0.00126078,0.00129657,11.718481,12.144776,2023-08-01
9670,2023-07-31 13:49:00,19600.0,19715.55,5764600,14497050,164.8,35.55,69950,189500,0.836413,-0.173219,0.00201517,0.00200845,11.478643,11.948779,2023-08-01
4410,2023-07-31 13:49:00,19650.0,19715.55,3238550,6294100,128.85,49.4,74750,94350,0.718676,-0.28787,0.002799,0.00273457,11.295325,11.689152,2023-08-01
1779,2023-07-31 13:49:00,19700.0,19715.55,10695450,10029300,97.4,67.85,260700,232350,0.565682,-0.436281,0.00330893,0.00320797,11.144189,11.504246,2023-08-01
7041,2023-07-31 13:49:00,19750.0,19715.55,6213200,2106500,70.9,91.7,195950,81650,0.398259,-0.598073,0.00328244,0.00317197,11.016449,11.427555,2023-08-01
12298,2023-07-31 13:49:00,19800.0,19715.55,11937250,3678350,49.55,120.25,218000,49100,0.245602,-0.746144,0.00270288,0.00264779,10.913023,11.337366,2023-08-01
17554,2023-07-31 13:49:00,19850.0,19715.55,4929300,593800,33.4,153.7,156350,12700,0.131422,-0.859512,0.00183725,0.0018521,10.870964,11.287753,2023-08-01
22808,2023-07-31 13:49:00,19900.0,19715.55,6930650,734600,21.45,192.0,111250,9100,0.059973,-0.930442,0.0010316,0.00110122,10.816854,11.369745,2023-08-01
28061,2023-07-31 13:49:00,19950.0,19715.55,4412700,118500,13.3,232.65,47950,150,0.023615,-0.971962,0.0004828,0.00053674,10.813396,11.229689,2023-08-01
25436,2023-07-31 13:50:00,19450.0,19713.0,129350,3300550,288.2,12.1,750,45250,0.984682,-0.023451,0.00030997,0.00040918,11.661877,12.689778,2023-08-01
20183,2023-07-31 13:50:00,19500.0,19713.0,1241100,7654450,244.6,17.85,22900,102100,0.958185,-0.05034,0.0007079,0.00077954,11.830418,12.47028,2023-08-01
14928,2023-07-31 13:50:00,19550.0,19713.0,532650,4323400,202.4,25.3,17250,123650,0.910989,-0.0975,0.00129261,0.00133007,11.681261,12.142748,2023-08-01
9671,2023-07-31 13:50:00,19600.0,19713.0,5763850,14491550,162.75,36.05,118900,180700,0.831853,-0.177711,0.00205702,0.00204742,11.451968,11.91851,2023-08-01
4411,2023-07-31 13:50:00,19650.0,19713.0,3236450,6249400,127.1,50.15,110100,143400,0.711715,-0.29452,0.00283562,0.00276981,11.285397,11.669455,2023-08-01
1780,2023-07-31 13:50:00,19700.0,19713.0,10737000,10032050,96.2,68.9,468400,360950,0.55707,-0.444426,0.00331135,0.00322181,11.178753,11.495598,2023-08-01
7042,2023-07-31 13:50:00,19750.0,19713.0,6272000,2116200,70.05,92.75,256100,153800,0.390342,-0.60658,0.00325175,0.00316713,11.06428,11.384883,2023-08-01
12299,2023-07-31 13:50:00,19800.0,19713.0,11995850,3670400,48.9,121.65,274950,101800,0.239553,-0.75349,0.00265739,0.00261481,10.955941,11.308075,2023-08-01
17555,2023-07-31 13:50:00,19850.0,19713.0,4921050,581250,32.85,155.35,151700,22750,0.127292,-0.86488,0.00179349,0.00180896,10.897393,11.258928,2023-08-01
22809,2023-07-31 13:50:00,19900.0,19713.0,6965850,734650,21.15,193.8,177200,18950,0.058026,-0.933991,0.00100183,0.00106195,10.858415,11.327793,2023-08-01
28062,2023-07-31 13:50:00,19950.0,19713.0,4419900,118500,13.1,236.25,70300,750,0.02275,-0.969593,0.00046645,0.00055737,10.851114,11.573193,2023-08-01
25437,2023-07-31 13:51:00,19450.0,19711.65,129350,3300550,288.2,12.2,250,41900,0.981222,-0.023862,0.00035669,0.00041579,12.06642,12.677021,2023-08-01
20184,2023-07-31 13:51:00,19500.0,19711.65,1241100,7654450,243.4,17.95,26550,93200,0.957368,-0.051025,0.00071981,0.00078978,11.822933,12.446781,2023-08-01
14929,2023-07-31 13:51:00,19550.0,19711.65,532650,4323400,201.3,25.5,15550,85750,0.909317,-0.098987,0.00131123,0.00134694,11.680246,12.129043,2023-08-01
9672,2023-07-31 13:51:00,19600.0,19711.65,5763850,14491550,161.5,36.4,74450,180500,0.830008,-0.18038,0.00207987,0.00206784,11.410313,11.916713,2023-08-01
4412,2023-07-31 13:51:00,19650.0,19711.65,3236450,6249400,126.25,50.7,94350,158450,0.707825,-0.298408,0.00285301,0.00278468,11.29168,11.681707,2023-08-01
1781,2023-07-31 13:51:00,19700.0,19711.65,10737000,10032050,95.0,69.4,327050,352550,0.552878,-0.448717,0.00333569,0.00323132,11.11787,11.483004,2023-08-01
7043,2023-07-31 13:51:00,19750.0,19711.65,6272000,2116200,69.25,93.65,202300,139150,0.385674,-0.61065,0.00324865,0.00315219,11.040826,11.409969,2023-08-01
12300,2023-07-31 13:51:00,19800.0,19711.65,11995850,3670400,48.2,122.5,238500,89800,0.235293,-0.757082,0.00263955,0.00259522,10.926157,11.308191,2023-08-01
17556,2023-07-31 13:51:00,19850.0,19711.65,4921050,581250,32.45,156.0,90350,20000,0.124715,-0.868517,0.00176946,0.00178437,10.893272,11.206182,2023-08-01
22810,2023-07-31 13:51:00,19900.0,19711.65,6965850,734650,20.75,194.8,88400,18100,0.056185,-0.935712,0.00097949,0.00104208,10.831985,11.313987,2023-08-01
28063,2023-07-31 13:51:00,19950.0,19711.65,4419900,118700,12.9,235.7,66400,1400,0.022051,-0.974828,0.00045469,0.00049412,10.84697,11.156857,2023-08-01
25438,2023-07-31 13:52:00,19450.0,19712.65,129350,3300550,290.45,11.9,3850,36700,0.97819,-0.022938,0.00039138,0.00040408,12.488724,12.621661,2023-08-01
20185,2023-07-31 13:52:00,19500.0,19712.65,1241100,7654450,246.7,17.45,18400,81700,0.950219,-0.049088,0.00077647,0.000771,12.416906,12.365778,2023-08-01
14930,2023-07-31 13:52:00,19550.0,19712.65,532650,4323400,203.8,24.8,8400,100900,0.90445,-0.095824,0.0013249,0.00132605,12.018494,12.03343,2023-08-01
9673,2023-07-31 13:52:00,19600.0,19712.65,5763850,14491550,164.2,35.5,47600,139300,0.825261,-0.176161,0.00205731,0.00205565,11.743114,11.813132,2023-08-01
4413,2023-07-31 13:52:00,19650.0,19712.65,3236450,6249400,128.6,49.5,54300,104550,0.706553,-0.293591,0.00279624,0.0027947,11.547354,11.556335,2023-08-01
1782,2023-07-31 13:52:00,19700.0,19712.65,10737000,10032050,97.3,67.95,267950,236800,0.555065,-0.44484,0.003262,0.00326785,11.363604,11.342872,2023-08-01
7044,2023-07-31 13:52:00,19750.0,19712.65,6272000,2116200,71.0,91.55,139650,90050,0.39067,-0.609609,0.0032089,0.00321648,11.222144,11.193458,2023-08-01
12301,2023-07-31 13:52:00,19800.0,19712.65,11995850,3670400,49.6,120.25,152900,66100,0.240977,-0.759211,0.00263771,0.00263884,11.080746,11.07134,2023-08-01
17557,2023-07-31 13:52:00,19850.0,19712.65,4921050,581250,33.3,153.9,83950,8650,0.128543,-0.871717,0.00179155,0.00179098,10.990937,10.979003,2023-08-01
22811,2023-07-31 13:52:00,19900.0,19712.65,6965850,734650,21.35,192.2,98050,6550,0.058503,-0.940755,0.00100375,0.00100964,10.914942,10.958936,2023-08-01
28064,2023-07-31 13:52:00,19950.0,19712.65,4419900,118700,13.3,234.3,46000,600,0.023174,-0.975764,0.00047121,0.00048465,10.917142,11.021999,2023-08-01
25439,2023-07-31 13:53:00,19450.0,19713.3,129350,3291100,290.8,11.95,4950,54050,0.979041,-0.022959,0.00038062,0.00040332,12.420373,12.658812,2023-08-01
20186,2023-07-31 13:53:00,19500.0,19713.3,1230750,7655950,246.25,17.5,3900,46500,0.953962,-0.049025,0.00074383,0.00076819,12.179073,12.40205,2023-08-01
14931,2023-07-31 13:53:00,19550.0,19713.3,529200,4329550,203.75,24.85,7400,53050,0.907402,-0.095571,0.00130696,0.00131981,11.908108,12.070273,2023-08-01
9674,2023-07-31 13:53:00,19600.0,19713.3,5760400,14553350,164.15,35.5,48650,111450,0.828441,-0.175373,0.00204909,0.00204513,11.65651,11.843668,2023-08-01
4414,2023-07-31 13:53:00,19650.0,19713.3,3220550,6283600,128.2,49.45,54550,93500,0.710398,-0.292167,0.00280947,0.00278257,11.425841,11.583941,2023-08-01
1783,2023-07-31 13:53:00,19700.0,19713.3,10738900,10110700,97.15,68.05,188250,144300,0.557533,-0.442971,0.00328041,0.00325079,11.293137,11.398132,2023-08-01
7045,2023-07-31 13:53:00,19750.0,19713.3,6220300,2163000,70.65,91.7,112550,63750,0.391858,-0.606887,0.00323829,0.00320348,11.133056,11.264074,2023-08-01
12302,2023-07-31 13:53:00,19800.0,19713.3,11985950,3687400,49.4,120.3,187700,57450,0.241362,-0.756204,0.00265585,0.00264096,11.017851,11.140358,2023-08-01
17558,2023-07-31 13:53:00,19850.0,19713.3,4958750,584300,33.15,153.85,74750,10150,0.12847,-0.869095,0.00180006,0.00180518,10.937839,11.049647,2023-08-01
22812,2023-07-31 13:53:00,19900.0,19713.3,6996000,734650,21.3,191.85,113250,9900,0.058519,-0.93957,0.00100741,0.00102249,10.880829,10.993702,2023-08-01
28065,2023-07-31 13:53:00,19950.0,19713.3,4423500,118700,13.25,234.75,24450,150,0.023104,-0.972837,0.00047162,0.00052143,10.883387,11.273854,2023-08-01
25440,2023-07-31 13:54:00,19450.0,19714.65,128350,3291100,293.15,11.9,150,41850,0.97669,-0.022638,0.00040513,0.00039773,12.767664,12.688642,2023-08-01
20187,2023-07-31 13:54:00,19500.0,19714.65,1230750,7655950,247.55,17.4,5050,49050,0.954513,-0.048285,0.00073459,0.00075754,12.216657,12.427546,2023-08-01
14932,2023-07-31 13:54:00,19550.0,19714.65,529200,4329550,205.15,24.75,12450,35700,0.908034,-0.094371,0.00129361,0.00130413,11.973219,12.105393,2023-08-01
9675,2023-07-31 13:54:00,19600.0,19714.65,5760400,14553350,165.25,35.3,54100,99000,0.830853,-0.173129,0.00202762,0.00202411,11.676615,11.872177,2023-08-01
4415,2023-07-31 13:54:00,19650.0,19714.65,3220550,6283600,129.45,49.25,60900,99800,0.713293,-0.289041,0.00278307,0.00275941,11.482647,11.625501,2023-08-01
1784,2023-07-31 13:54:00,19700.0,19714.65,10738900,10110700,97.85,67.6,253600,165100,0.562004,-0.438683,0.00327757,0.00324037,11.286554,11.419221,2023-08-01
7046,2023-07-31 13:54:00,19750.0,19714.65,6220300,2163000,71.4,91.25,171750,68600,0.39637,-0.602243,0.00324387,0.00320345,11.15185,11.303155,2023-08-01
12303,2023-07-31 13:54:00,19800.0,19714.65,11985950,3687400,49.9,119.8,169150,66000,0.24493,-0.751673,0.00267713,0.00265526,11.020194,11.19322,2023-08-01
17559,2023-07-31 13:54:00,19850.0,19714.65,4958750,584300,33.55,153.4,58650,9850,0.130967,-0.864831,0.00182368,0.00183145,10.943944,11.13697,2023-08-01
22813,2023-07-31 13:54:00,19900.0,19714.65,6996000,731600,21.5,190.9,89000,6650,0.059629,-0.937788,0.00102372,0.00104373,10.869082,11.020129,2023-08-01
28066,2023-07-31 13:54:00,19950.0,19714.65,4423500,119200,13.35,232.5,40600,250,0.023512,-0.975044,0.00047959,0.00049779,10.863869,11.004015,2023-08-01
25441,2023-07-31 13:55:00,19450.0,19706.7,128350,3291100,280.65,12.6,5100,179050,0.9872,-0.025491,0.0002809,0.00044153,11.044867,12.638067,2023-08-01
20188,2023-07-31 13:55:00,19500.0,19706.7,1230750,7655950,238.05,18.5,62600,393800,0.957462,-0.054193,0.00073603,0.00083276,11.559613,12.401636,2023-08-01
14933,2023-07-31 13:55:00,19550.0,19706.7,529200,4329550,195.9,26.4,92450,269350,0.908204,-0.105151,0.00135737,0.00141206,11.403475,12.108315,2023-08-01
9676,2023-07-31 13:55:00,19600.0,19706.7,5760400,14553350,157.75,37.7,327100,610350,0.820111,-0.190368,0.00216207,0.00214283,11.395533,11.909455,2023-08-01
4416,2023-07-31 13:55:00,19650.0,19706.7,3220550,6283600,121.6,52.4,347600,556050,0.697041,-0.312054,0.00295978,0.00284636,11.08315,11.675746,2023-08-01
1785,2023-07-31 13:55:00,19700.0,19706.7,10738900,10110700,91.15,71.75,1274600,1349000,0.536795,-0.464804,0.00340188,0.00324432,10.96848,11.505371,2023-08-01
7047,2023-07-31 13:55:00,19750.0,19706.7,6220300,2163000,65.95,96.6,749150,459600,0.367835,-0.625925,0.00324769,0.00310847,10.899232,11.449486,2023-08-01
12304,2023-07-31 13:55:00,19800.0,19706.7,11985950,3687400,45.75,126.25,864600,365000,0.220048,-0.768264,0.00256867,0.00251275,10.828887,11.398655,2023-08-01
17560,2023-07-31 13:55:00,19850.0,19706.7,4958750,584300,30.4,160.9,478950,65150,0.11328,-0.872835,0.00167412,0.00171257,10.774341,11.426645,2023-08-01
22814,2023-07-31 13:55:00,19900.0,19706.7,6996000,731600,19.5,198.8,525300,58850,0.050321,-0.940792,0.00090389,0.00097784,10.772579,11.324411,2023-08-01
28067,2023-07-31 13:55:00,19950.0,19706.7,4423500,119200,12.15,242.95,391900,8650,0.019539,-0.969723,0.000412,0.0005414,10.822441,11.895115,2023-08-01
25442,2023-07-31 13:56:00,19450.0,19706.05,128350,3287500,282.0,12.5,450,65050,0.982187,-0.025296,0.00035206,0.00044055,11.710325,12.589259,2023-08-01
20189,2023-07-31 13:56:00,19500.0,19706.05,1222050,7725850,238.8,18.45,23550,188350,0.952633,-0.0542,0.00078115,0.00083542,11.881032,12.367868,2023-08-01
14934,2023-07-31 13:56:00,19550.0,19706.05,530750,4331500,196.8,26.2,24350,112700,0.902002,-0.10481,0.00139052,0.00141667,11.685162,12.044963,2023-08-01
9677,2023-07-31 13:56:00,19600.0,19706.05,5743000,14560750,157.65,37.55,116550,272200,0.817447,-0.19063,0.00217072,0.00215508,11.459212,11.856002,2023-08-01
4417,2023-07-31 13:56:00,19650.0,19706.05,3179200,6204550,122.15,52.05,127100,240850,0.692873,-0.31261,0.00294029,0.00287055,11.228534,11.590398,2023-08-01
1786,2023-07-31 13:56:00,19700.0,19706.05,10556700,10057250,91.65,71.4,499300,542750,0.534235,-0.466673,0.00336784,0.00327212,11.089694,11.416306,2023-08-01
7048,2023-07-31 13:56:00,19750.0,19706.05,6114250,2106900,66.35,96.1,310200,217500,0.366849,-0.629313,0.00321699,0.00313309,10.99744,11.3305,2023-08-01
12305,2023-07-31 13:56:00,19800.0,19706.05,11925800,3695000,46.1,125.55,297400,149150,0.220162,-0.773292,0.00254969,0.00251949,10.916641,11.233204,2023-08-01
17561,2023-07-31 13:56:00,19850.0,19706.05,4901600,583050,30.7,160.0,135400,21200,0.113871,-0.878849,0.00166834,0.00169005,10.855787,11.197018,2023-08-01
22815,2023-07-31 13:56:00,19900.0,19706.05,7042950,733100,19.65,199.4,236200,19700,0.050585,-0.941224,0.00090318,0.00097119,10.830026,11.340595,2023-08-01
28068,2023-07-31 13:56:00,19950.0,19706.05,4431500,117550,12.2,241.85,83700,4100,0.01957,-0.974347,0.00041132,0.00048835,10.859084,11.491171,2023-08-01
25443,2023-07-31 13:57:00,19450.0,19704.55,125300,3287500,281.4,12.7,950,70150,0.979712,-0.026019,0.00038549,0.00045089,11.951031,12.599164,2023-08-01
20190,2023-07-31 13:57:00,19500.0,19704.55,1222050,7725850,236.25,18.7,15550,141400,0.955742,-0.055471,0.00075952,0.00085092,11.575169,12.3722,2023-08-01
14935,2023-07-31 13:57:00,19550.0,19704.55,530750,4331500,195.0,26.6,35700,98750,0.902206,-0.107196,0.00140295,0.00143848,11.568602,12.061693,2023-08-01
9678,2023-07-31 13:57:00,19600.0,19704.55,5743000,14560750,155.7,38.05,91650,276400,0.817197,-0.19408,0.0022006,0.00217721,11.317795,11.869675,2023-08-01
4418,2023-07-31 13:57:00,19650.0,19704.55,3179200,6204550,121.05,53.0,89250,211850,0.688788,-0.317754,0.00296352,0.00287671,11.209563,11.651122,2023-08-01
1787,2023-07-31 13:57:00,19700.0,19704.55,10556700,10057250,90.5,72.35,387700,489400,0.529289,-0.47167,0.00338622,0.00326568,11.044884,11.454558,2023-08-01
7049,2023-07-31 13:57:00,19750.0,19704.55,6114250,2106900,65.5,97.35,225350,152400,0.361688,-0.633362,0.00320996,0.00310663,10.973484,11.390497,2023-08-01
12306,2023-07-31 13:57:00,19800.0,19704.55,11925800,3695000,45.3,126.75,290550,110150,0.215418,-0.776421,0.00252819,0.00249296,10.876384,11.268237,2023-08-01
17562,2023-07-31 13:57:00,19850.0,19704.55,4901600,583050,30.25,161.5,115200,18450,0.111113,-0.880014,0.00164141,0.0016691,10.846666,11.265187,2023-08-01
22816,2023-07-31 13:57:00,19900.0,19704.55,7042950,733100,19.35,200.55,164300,15950,0.04913,-0.942905,0.00088304,0.0009506,10.826305,11.329629,2023-08-01
28069,2023-07-31 13:57:00,19950.0,19704.55,4431500,117550,12.05,243.15,192200,2200,0.019031,-0.975085,0.0004014,0.00047664,10.870533,11.493609,2023-08-01
25444,2023-07-31 13:58:00,19450.0,19699.4,125300,3287500,279.85,12.8,2100,112200,0.96932,-0.027039,0.00050819,0.0004711,12.829698,12.45994,2023-08-01
20191,2023-07-31 13:58:00,19500.0,19699.4,1222050,7725850,234.7,18.9,40600,200550,0.942031,-0.057841,0.000891,0.00089008,12.239996,12.231364,2023-08-01
14936,2023-07-31 13:58:00,19550.0,19699.4,530750,4331500,193.05,26.9,32900,182350,0.886957,-0.111786,0.0015061,0.00150229,11.974571,11.909498,2023-08-01
9679,2023-07-31 13:58:00,19600.0,19699.4,5743000,14560750,154.2,38.5,161850,344350,0.798324,-0.202148,0.00226576,0.00226435,11.680296,11.703923,2023-08-01
4419,2023-07-31 13:58:00,19650.0,19699.4,3179200,6204550,119.15,53.5,128450,364200,0.670573,-0.329906,0.00298282,0.00297548,11.411721,11.446528,2023-08-01
1788,2023-07-31 13:58:00,19700.0,19699.4,10556700,10057250,89.35,73.25,599900,794550,0.51163,-0.488351,0.0033272,0.00333422,11.27302,11.249281,2023-08-01
7050,2023-07-31 13:58:00,19750.0,19699.4,6114250,2106900,64.45,98.3,371650,317650,0.347533,-0.652799,0.00311776,0.00312369,11.145406,11.120297,2023-08-01
12307,2023-07-31 13:58:00,19800.0,19699.4,11925800,3695000,44.4,128.3,451450,266650,0.205381,-0.7949,0.0024304,0.00243132,11.007919,10.994826,2023-08-01
17563,2023-07-31 13:58:00,19850.0,19699.4,4901600,583050,29.65,163.65,187300,34650,0.105412,-0.894386,0.00156337,0.00156415,10.970904,10.980549,2023-08-01
22817,2023-07-31 13:58:00,19900.0,19699.4,7042950,733100,18.9,202.7,183100,34850,0.046217,-0.954109,0.00083348,0.00083041,10.928604,10.906786,2023-08-01
28070,2023-07-31 13:58:00,19950.0,19699.4,4431500,117550,11.75,245.2,168050,1800,0.017792,-0.983155,0.00037608,0.00036268,10.962346,10.848472,2023-08-01
25445,2023-07-31 13:59:00,19450.0,19702.85,125300,3307650,282.35,12.5,1650,64500,0.972481,-0.025684,0.00046971,0.00045031,12.683448,12.488638,2023-08-01
20192,2023-07-31 13:59:00,19500.0,19702.85,1218050,7750250,237.9,18.4,15800,145800,0.944067,-0.054965,0.00086138,0.00085423,12.31108,12.244233,2023-08-01
14937,2023-07-31 13:59:00,19550.0,19702.85,542400,4331050,195.95,26.4,22600,133400,0.89139,-0.107525,0.00145898,0.00145537,12.013898,11.95694,2023-08-01
9680,2023-07-31 13:59:00,19600.0,19702.85,5741300,14531400,157.1,37.6,98150,298950,0.804649,-0.19467,0.00220911,0.00221081,11.753526,11.719547,2023-08-01
4420,2023-07-31 13:59:00,19650.0,19702.85,3169600,6199550,121.85,52.3,104350,249750,0.679708,-0.319835,0.00292887,0.00293524,11.490445,11.458653,2023-08-01
1789,2023-07-31 13:59:00,19700.0,19702.85,10540850,9998600,91.4,71.9,348000,616150,0.523046,-0.476922,0.00331495,0.00332003,11.302297,11.284979,2023-08-01
7051,2023-07-31 13:59:00,19750.0,19702.85,6139150,2100750,66.25,96.7,238950,166400,0.358812,-0.641416,0.00314228,0.0031468,11.187318,11.168771,2023-08-01
12308,2023-07-31 13:59:00,19800.0,19702.85,11943900,3707100,45.9,126.35,321900,131700,0.214833,-0.785452,0.00248465,0.00248578,11.057695,11.044138,2023-08-01
17564,2023-07-31 13:59:00,19850.0,19702.85,4880400,582150,30.75,160.8,176700,33900,0.111661,-0.889968,0.0016239,0.00161821,11.010409,10.933429,2023-08-01
22818,2023-07-31 13:59:00,19900.0,19702.85,7053200,732350,19.65,200.05,121100,35850,0.049543,-0.950639,0.00087903,0.00087739,10.956744,10.944981,2023-08-01
28071,2023-07-31 13:59:00,19950.0,19702.85,4424300,116600,12.2,241.9,109600,2300,0.019173,-0.982515,0.00040055,0.000377,10.970848,10.775925,2023-08-01
25446,2023-07-31 14:00:00,19450.0,19710.95,125250,3307650,288.0,12.0,1850,77800,0.979987,-0.023229,0.0003728,0.00040996,12.223512,12.607042,2023-08-01
20193,2023-07-31 14:00:00,19500.0,19710.95,1218050,7750250,243.6,17.7,22600,260150,0.954441,-0.050104,0.00074801,0.00078528,12.038464,12.37438,2023-08-01
14938,2023-07-31 14:00:00,19550.0,19710.95,542400,4331050,201.95,25.15,30300,215700,0.904239,-0.097737,0.00133972,0.0013479,11.936981,12.043886,2023-08-01
9681,2023-07-31 14:00:00,19600.0,19710.95,5741300,14531400,162.05,35.9,172650,317050,0.825149,-0.179077,0.00208823,0.00208283,11.60514,11.812203,2023-08-01
4421,2023-07-31 14:00:00,19650.0,19710.95,3169600,6199550,126.6,50.15,151400,273300,0.704115,-0.298203,0.0028442,0.0028183,11.426795,11.573014,2023-08-01
1790,2023-07-31 14:00:00,19700.0,19710.95,10540850,9998600,95.5,68.85,675550,734300,0.550018,-0.450462,0.00330745,0.00327443,11.256622,11.371887,2023-08-01
7052,2023-07-31 14:00:00,19750.0,19710.95,6139150,2100750,69.4,92.65,394300,227800,0.383816,-0.615089,0.00323053,0.00320252,11.119929,11.226613,2023-08-01
12309,2023-07-31 14:00:00,19800.0,19710.95,11943900,3707100,48.4,121.5,475700,181250,0.234367,-0.763668,0.00262247,0.00261154,11.006007,11.103089,2023-08-01
17565,2023-07-31 14:00:00,19850.0,19710.95,4880400,582150,32.6,155.95,181550,34300,0.124255,-0.872329,0.00175893,0.00176701,10.962692,11.120928,2023-08-01
22819,2023-07-31 14:00:00,19900.0,19710.95,7053200,732350,20.9,193.85,222850,39300,0.056111,-0.941921,0.00097509,0.00099111,10.90198,11.020741,2023-08-01
28072,2023-07-31 14:00:00,19950.0,19710.95,4424300,116600,13.0,236.15,125550,4850,0.022018,-0.97587,0.00045287,0.00047983,10.909045,11.122063,2023-08-01
25447,2023-07-31 14:01:00,19450.0,19711.8,125250,3307650,290.25,12.0,2650,93200,0.976544,-0.023095,0.00041115,0.00040716,12.677656,12.635807,2023-08-01
20194,2023-07-31 14:01:00,19500.0,19711.8,1218050,7750250,244.2,17.65,24350,201450,0.955507,-0.049656,0.00073587,0.00077866,12.009596,12.394237,2023-08-01
14939,2023-07-31 14:01:00,19550.0,19711.8,542400,4331050,201.95,25.05,46850,175750,0.907881,-0.096815,0.00131687,0.00133719,11.804852,12.059494,2023-08-01
9682,2023-07-31 14:01:00,19600.0,19711.8,5741300,14531400,162.45,35.75,199700,390950,0.827727,-0.177537,0.00207553,0.00206953,11.569594,11.826942,2023-08-01
4422,2023-07-31 14:01:00,19650.0,19711.8,3169600,6199550,126.7,49.95,174700,250250,0.707654,-0.296012,0.00284565,0.00280574,11.360847,11.588995,2023-08-01
1791,2023-07-31 14:01:00,19700.0,19711.8,10540850,9998600,95.5,68.55,662650,568400,0.553127,-0.447724,0.00332417,0.00326904,11.1918,11.383783,2023-08-01
7053,2023-07-31 14:01:00,19750.0,19711.8,6139150,2100750,69.2,92.2,422050,224350,0.385696,-0.612385,0.00325979,0.0032093,11.039138,11.229008,2023-08-01
12310,2023-07-31 14:01:00,19800.0,19711.8,11943900,3707100,48.35,121.25,419350,194900,0.23548,-0.760642,0.0026424,0.00262017,10.954721,11.147168,2023-08-01
17566,2023-07-31 14:01:00,19850.0,19711.8,4880400,582150,32.4,155.55,260550,39450,0.124138,-0.870112,0.00176966,0.00178284,10.892147,11.157753,2023-08-01
22820,2023-07-31 14:01:00,19900.0,19711.8,7053200,732350,20.75,193.95,179300,29800,0.055852,-0.938514,0.00097737,0.00102217,10.839867,11.177068,2023-08-01
28073,2023-07-31 14:01:00,19950.0,19711.8,4424300,116600,12.85,235.65,104500,1900,0.021719,-0.974891,0.00045056,0.00049361,10.842424,11.181145,2023-08-01
25448,2023-07-31 14:02:00,19450.0,19719.65,124700,3312300,297.7,10.8,3500,145350,0.978539,-0.019156,0.0003774,0.00035073,12.812944,12.521003,2023-08-01
20195,2023-07-31 14:02:00,19500.0,19719.65,1219000,7719650,253.2,15.85,86950,267300,0.953989,-0.041791,0.00072238,0.00068654,12.567721,12.236321,2023-08-01
14940,2023-07-31 14:02:00,19550.0,19719.65,541000,4307000,210.2,22.6,35850,237400,0.910921,-0.083488,0.00124322,0.0012158,12.195643,11.88055,2023-08-01
9683,2023-07-31 14:02:00,19600.0,19719.65,5746950,14486750,170.0,32.4,188350,502550,0.837406,-0.157262,0.00194863,0.00194936,11.871449,11.611087,2023-08-01
4423,2023-07-31 14:02:00,19650.0,19719.65,3164450,6190050,133.0,45.35,244200,373400,0.726608,-0.269336,0.00271372,0.00274884,11.534861,11.30296,2023-08-01
1792,2023-07-31 14:02:00,19700.0,19719.65,10572200,9871800,100.9,62.85,692300,929600,0.578182,-0.420019,0.00324925,0.00332437,11.329051,11.062889,2023-08-01
7054,2023-07-31 14:02:00,19750.0,19719.65,6165200,2114650,73.6,85.55,433100,303650,0.412308,-0.589776,0.00328665,0.00336001,11.143145,10.886748,2023-08-01
12311,2023-07-31 14:02:00,19800.0,19719.65,11921050,3660950,51.35,113.25,455200,297100,0.256975,-0.748363,0.00276457,0.00280343,10.972103,10.701587,2023-08-01
17567,2023-07-31 14:02:00,19850.0,19719.65,4872950,588650,34.5,146.4,199650,46900,0.138246,-0.86842,0.00190807,0.00189626,10.881168,10.583965,2023-08-01
22821,2023-07-31 14:02:00,19900.0,19719.65,7073900,733500,22.05,184.45,221500,50250,0.063019,-0.941377,0.0010792,0.00104413,10.790921,10.540238,2023-08-01
28074,2023-07-31 14:02:00,19950.0,19719.65,4409450,118750,13.65,226.0,140700,2950,0.024778,-0.978573,0.00050639,0.00046203,10.777649,10.452079,2023-08-01
25449,2023-07-31 14:03:00,19450.0,19721.8,124700,3312300,300.1,10.85,6600,253150,0.978195,-0.019026,0.00037825,0.00034643,12.95996,12.60594,2023-08-01
20196,2023-07-31 14:03:00,19500.0,19721.8,1219000,7719650,256.0,15.9,101000,488400,0.952582,-0.041384,0.00072666,0.00067638,12.802172,12.324888,2023-08-01
14941,2023-07-31 14:03:00,19550.0,19721.8,541000,4307000,213.0,22.5,68650,317300,0.909848,-0.081964,0.00123275,0.0011929,12.411879,11.944613,2023-08-01
9684,2023-07-31 14:03:00,19600.0,19721.8,5746950,14486750,171.8,32.1,407250,741650,0.840882,-0.15394,0.00191575,0.00191528,11.908652,11.654903,2023-08-01
4424,2023-07-31 14:03:00,19650.0,19721.8,3164450,6190050,135.4,45.1,467500,769750,0.729881,-0.264696,0.00266359,0.00270816,11.684253,11.375017,2023-08-01
1793,2023-07-31 14:03:00,19700.0,19721.8,10572200,9871800,102.55,62.45,1562700,1044300,0.584743,-0.413416,0.00322161,0.00329144,11.389348,11.136318,2023-08-01
7055,2023-07-31 14:03:00,19750.0,19721.8,6165200,2114650,75.0,84.95,1017500,493400,0.419745,-0.582008,0.00328488,0.0033525,11.196751,10.960848,2023-08-01
12312,2023-07-31 14:03:00,19800.0,19721.8,11921050,3660950,52.95,112.3,952000,332600,0.265067,-0.741225,0.00278024,0.00282994,11.087997,10.759874,2023-08-01
17568,2023-07-31 14:03:00,19850.0,19721.8,4872950,588650,35.75,145.55,420400,80200,0.144624,-0.861777,0.00194898,0.00194076,10.985775,10.698943,2023-08-01
22822,2023-07-31 14:03:00,19900.0,19721.8,7073900,733500,23.1,182.85,566900,64800,0.06745,-0.938722,0.00112541,0.00107869,10.910503,10.56502,2023-08-01
28075,2023-07-31 14:03:00,19950.0,19721.8,4409450,118750,14.15,225.3,246700,12200,0.0264,-0.974489,0.00053162,0.00052053,10.82824,10.746738,2023-08-01
25450,2023-07-31 14:04:00,19450.0,19722.25,124700,3312300,300.8,10.9,1050,127350,0.977653,-0.019077,0.00038356,0.00034648,13.051997,12.637211,2023-08-01
20197,2023-07-31 14:04:00,19500.0,19722.25,1219000,7719650,255.5,15.9,52950,384900,0.955643,-0.041242,0.00070048,0.00067377,12.590992,12.341814,2023-08-01
14942,2023-07-31 14:04:00,19550.0,19722.25,541000,4307000,212.7,22.55,36500,171250,0.912743,-0.081869,0.00121629,0.00118934,12.281532,11.973473,2023-08-01
9685,2023-07-31 14:04:00,19600.0,19722.25,5746950,14486750,172.15,32.35,246550,491650,0.841725,-0.154325,0.00190895,0.00190853,11.913192,11.719047,2023-08-01
4425,2023-07-31 14:04:00,19650.0,19722.25,3164450,6190050,135.0,45.2,211500,346650,0.732954,-0.264121,0.00267308,0.00269671,11.579561,11.414148,2023-08-01
1794,2023-07-31 14:04:00,19700.0,19722.25,10572200,9871800,102.5,62.35,871350,506350,0.586517,-0.41202,0.00323138,0.00328578,11.347178,11.150079,2023-08-01
7056,2023-07-31 14:04:00,19750.0,19722.25,6165200,2114650,75.1,84.95,694250,277600,0.421085,-0.580284,0.00329243,0.00334631,11.182176,10.994407,2023-08-01
12313,2023-07-31 14:04:00,19800.0,19722.25,11921050,3660950,52.65,112.65,635950,175650,0.264988,-0.738226,0.00279758,0.00282337,11.020941,10.852432,2023-08-01
17569,2023-07-31 14:04:00,19850.0,19722.25,4872950,588650,35.55,145.4,322450,23700,0.144267,-0.860336,0.0019556,0.00194986,10.933713,10.727769,2023-08-01
22823,2023-07-31 14:04:00,19900.0,19722.25,7073900,733500,22.95,182.95,294800,34300,0.067069,-0.936679,0.00112555,0.00109754,10.864835,10.655806,2023-08-01
28076,2023-07-31 14:04:00,19950.0,19722.25,4409450,118750,14.25,223.65,166600,4700,0.026712,-0.97766,0.00053653,0.00047994,10.83842,10.428417,2023-08-01
25451,2023-07-31 14:05:00,19450.0,19724.65,124700,3267900,302.9,10.7,2900,134700,0.978677,-0.018332,0.00036905,0.00033463,13.041142,12.650834,2023-08-01
20198,2023-07-31 14:05:00,19500.0,19724.65,1201000,7709550,258.6,15.6,71550,274950,0.954148,-0.039716,0.00070519,0.0006531,12.847586,12.351118,2023-08-01
14943,2023-07-31 14:05:00,19550.0,19724.65,527650,4351650,215.2,22.05,42050,242450,0.913692,-0.078828,0.00119535,0.00115693,12.397549,11.964268,2023-08-01
9686,2023-07-31 14:05:00,19600.0,19724.65,5687250,14392050,174.45,31.55,232750,485350,0.84452,-0.149039,0.00187288,0.00187047,12.003573,11.686116,2023-08-01
4426,2023-07-31 14:05:00,19650.0,19724.65,3103850,6066400,137.1,44.05,297500,346950,0.738019,-0.256636,0.00263012,0.0026703,11.656998,11.359942,2023-08-01
1795,2023-07-31 14:05:00,19700.0,19724.65,10510500,9808900,104.45,60.9,994900,735800,0.593638,-0.403619,0.00319581,0.00328818,11.428085,11.088146,2023-08-01
7057,2023-07-31 14:05:00,19750.0,19724.65,6076550,2092800,76.45,83.15,600450,254500,0.429153,-0.572785,0.0032976,0.00338289,11.210437,10.918057,2023-08-01
12314,2023-07-31 14:05:00,19800.0,19724.65,11788000,3625550,53.75,110.05,645200,212450,0.272175,-0.734567,0.00282902,0.00288688,11.048326,10.691359,2023-08-01
17570,2023-07-31 14:05:00,19850.0,19724.65,4853300,576950,36.3,142.8,397450,29950,0.149142,-0.858951,0.00199834,0.00199001,10.943394,10.584173,2023-08-01
22824,2023-07-31 14:05:00,19900.0,19724.65,7057550,719500,23.35,179.95,311050,55500,0.069407,-0.937924,0.00115791,0.0011029,10.846341,10.443256,2023-08-01
28077,2023-07-31 14:05:00,19950.0,19724.65,4423150,118950,14.45,221.25,181850,3850,0.027597,-0.977383,0.00055318,0.0004889,10.804303,10.346318,2023-08-01
25452,2023-07-31 14:06:00,19450.0,19723.0,122950,3267900,303.2,10.9,3350,176950,0.973733,-0.018956,0.00042306,0.00034411,13.562064,12.66353,2023-08-01
20199,2023-07-31 14:06:00,19500.0,19723.0,1201000,7709550,256.2,15.9,48900,373400,0.956034,-0.040995,0.00069491,0.00066936,12.609557,12.370444,2023-08-01
14944,2023-07-31 14:06:00,19550.0,19723.0,527650,4351650,213.2,22.45,53350,234350,0.914082,-0.081039,0.00120472,0.00117989,12.264498,11.984382,2023-08-01
9687,2023-07-31 14:06:00,19600.0,19723.0,5687250,14392050,172.65,32.1,317700,512350,0.843427,-0.152583,0.0018976,0.00189672,11.906928,11.710942,2023-08-01
4427,2023-07-31 14:06:00,19650.0,19723.0,3103850,6066400,135.4,44.7,264950,531100,0.735286,-0.261324,0.00266562,0.0026923,11.567622,11.377782,2023-08-01
1796,2023-07-31 14:06:00,19700.0,19723.0,10510500,9808900,102.8,61.95,1169400,773150,0.589097,-0.40944,0.0032331,0.0032858,11.331477,11.14021,2023-08-01
7058,2023-07-31 14:06:00,19750.0,19723.0,6076550,2092800,75.35,84.4,726300,320400,0.423403,-0.577987,0.00330194,0.00335851,11.169855,10.974089,2023-08-01
12315,2023-07-31 14:06:00,19800.0,19723.0,11788000,3625550,52.95,111.75,1121250,234500,0.267032,-0.737441,0.00280899,0.00284558,11.025803,10.790935,2023-08-01
17571,2023-07-31 14:06:00,19850.0,19723.0,4853300,576950,35.75,144.2,429600,31050,0.145571,-0.861453,0.00196869,0.00195993,10.933755,10.621025,2023-08-01
22825,2023-07-31 14:06:00,19900.0,19723.0,7057550,719500,23.0,182.0,380300,44950,0.067462,-0.9372,0.00113319,0.00109817,10.847069,10.587986,2023-08-01
28078,2023-07-31 14:06:00,19950.0,19723.0,4423150,118950,14.25,223.5,246950,4450,0.026773,-0.976034,0.00053906,0.00050335,10.814833,10.556034,2023-08-01
25453,2023-07-31 14:07:00,19450.0,19719.55,122950,3267900,298.8,10.95,2100,70900,0.975634,-0.019426,0.00040903,0.00035409,13.17849,12.571442,2023-08-01
20200,2023-07-31 14:07:00,19500.0,19719.55,1201000,7709550,253.7,16.0,18400,156250,0.952218,-0.042119,0.00073695,0.00068979,12.71904,12.276378,2023-08-01
14945,2023-07-31 14:07:00,19550.0,19719.55,527650,4351650,210.7,22.7,33400,214900,0.908917,-0.083678,0.00125312,0.00121757,12.32117,11.903057,2023-08-01
9688,2023-07-31 14:07:00,19600.0,19719.55,5687250,14392050,170.35,32.6,149500,236600,0.835941,-0.157827,0.00194989,0.00195115,11.952781,11.646869,2023-08-01
4428,2023-07-31 14:07:00,19650.0,19719.55,3103850,6066400,133.4,45.45,147250,266750,0.725276,-0.269592,0.00270617,0.00275089,11.613932,11.318542,2023-08-01
1797,2023-07-31 14:07:00,19700.0,19719.55,10510500,9808900,101.1,63.0,613050,493300,0.57765,-0.420406,0.00324281,0.00332441,11.373298,11.083202,2023-08-01
7059,2023-07-31 14:07:00,19750.0,19719.55,6076550,2092800,73.9,85.75,436600,193100,0.412239,-0.590091,0.00327549,0.00335712,11.199054,10.912057,2023-08-01
12316,2023-07-31 14:07:00,19800.0,19719.55,11788000,3625550,51.75,113.25,572550,180450,0.257688,-0.749128,0.00275525,0.0028048,11.043234,10.696737,2023-08-01
17572,2023-07-31 14:07:00,19850.0,19719.55,4853300,576950,34.75,146.45,210650,28050,0.1388,-0.869023,0.00190721,0.00189334,10.933723,10.584046,2023-08-01
22826,2023-07-31 14:07:00,19900.0,19719.55,7057550,719500,22.3,184.0,224400,40450,0.063639,-0.943588,0.00108324,0.00102475,10.85076,10.436879,2023-08-01
28079,2023-07-31 14:07:00,19950.0,19719.55,4423150,118950,13.75,225.5,164600,3650,0.024907,-0.980285,0.00050778,0.00043767,10.812926,10.299289,2023-08-01
25454,2023-07-31 14:08:00,19450.0,19719.4,122950,3259250,300.2,10.85,500,73300,0.97176,-0.019179,0.00044799,0.00035135,13.616547,12.536642,2023-08-01
20201,2023-07-31 14:08:00,19500.0,19719.4,1201700,7615550,254.4,15.85,12350,112800,0.949576,-0.041655,0.00075779,0.00068616,12.916817,12.235152,2023-08-01
14946,2023-07-31 14:08:00,19550.0,19719.4,525550,4329000,212.0,22.45,10300,76300,0.903838,-0.082806,0.00127563,0.0012141,12.602834,11.847444,2023-08-01
9689,2023-07-31 14:08:00,19600.0,19719.4,5640350,14341600,170.8,32.3,83350,206050,0.833779,-0.156864,0.0019513,0.00195355,12.049865,11.589752,2023-08-01
4429,2023-07-31 14:08:00,19650.0,19719.4,3072150,6197050,134.05,45.0,90550,222200,0.722989,-0.268608,0.00269146,0.0027651,11.728988,11.243499,2023-08-01
1798,2023-07-31 14:08:00,19700.0,19719.4,10248600,9815450,101.75,62.55,343350,355700,0.576502,-0.420396,0.00321593,0.00334713,11.478743,11.011605,2023-08-01
7060,2023-07-31 14:08:00,19750.0,19719.4,6022150,2243600,74.35,85.05,237150,180450,0.412296,-0.591541,0.00325517,0.00338874,11.273111,10.804583,2023-08-01
12317,2023-07-31 14:08:00,19800.0,19719.4,11638400,3713300,52.1,113.0,240250,112550,0.258362,-0.750631,0.0027448,0.00280983,11.104014,10.647175,2023-08-01
17573,2023-07-31 14:08:00,19850.0,19719.4,4870050,576950,35.0,145.35,108900,15350,0.139516,-0.873943,0.00190596,0.00187978,10.982943,10.384348,2023-08-01
22827,2023-07-31 14:08:00,19900.0,19719.4,7113300,723050,22.5,183.3,155750,25500,0.064228,-0.946653,0.00108675,0.00099664,10.89722,10.271132,2023-08-01
28080,2023-07-31 14:08:00,19950.0,19719.4,4346000,118850,13.8,225.25,77050,2500,0.024994,-0.981345,0.00050854,0.00042189,10.831998,10.197598,2023-08-01
25455,2023-07-31 14:09:00,19450.0,19715.75,122550,3259250,298.4,10.85,1150,105050,0.966504,-0.019558,0.00050224,0.00036072,13.996591,12.422343,2023-08-01
20202,2023-07-31 14:09:00,19500.0,19715.75,1201700,7615550,253.2,16.0,17200,257900,0.940952,-0.04302,0.00083132,0.00070983,13.346988,12.145986,2023-08-01
14947,2023-07-31 14:09:00,19550.0,19715.75,525550,4329000,210.35,22.75,28400,159950,0.894898,-0.085814,0.00133626,0.00125616,12.84379,11.767602,2023-08-01
9690,2023-07-31 14:09:00,19600.0,19715.75,5640350,14341600,169.25,32.6,122250,247850,0.822877,-0.161762,0.0020015,0.00201319,12.240494,11.48103,2023-08-01
4430,2023-07-31 14:09:00,19650.0,19715.75,3072150,6197050,132.45,45.5,120650,211800,0.711194,-0.276824,0.0027192,0.00283581,11.850235,11.134012,2023-08-01
1799,2023-07-31 14:09:00,19700.0,19715.75,10248600,9815450,100.3,63.15,529450,484700,0.564267,-0.431835,0.00321051,0.00340906,11.567765,10.876051,2023-08-01
7061,2023-07-31 14:09:00,19750.0,19715.75,6022150,2243600,73.25,85.85,340300,177400,0.401187,-0.60544,0.00320992,0.00340994,11.360911,10.647053,2023-08-01
12318,2023-07-31 14:09:00,19800.0,19715.75,11638400,3713300,51.2,114.0,294650,142950,0.249716,-0.764912,0.00268086,0.00277287,11.173389,10.454959,2023-08-01
17574,2023-07-31 14:09:00,19850.0,19715.75,4870050,579050,34.5,146.75,186050,22400,0.134523,-0.885623,0.00184516,0.00179296,11.071461,10.171372,2023-08-01
22828,2023-07-31 14:09:00,19900.0,19715.75,7113300,723050,22.0,184.7,230000,33650,0.06112,-0.955614,0.00104145,0.00088928,10.945606,9.942594,2023-08-01
28081,2023-07-31 14:09:00,19950.0,19715.75,4346000,118850,13.6,226.5,153850,3650,0.02395,-0.987461,0.0004874,0.00031755,10.90979,9.63735,2023-08-01
25456,2023-07-31 14:10:00,19450.0,19714.45,122550,3259250,296.0,10.95,700,132900,0.969125,-0.01993,0.00048127,0.00036694,13.661558,12.413518,2023-08-01
20203,2023-07-31 14:10:00,19500.0,19714.45,1201700,7615550,251.7,16.1,47550,219500,0.94117,-0.043644,0.00083489,0.00071958,13.256588,12.126239,2023-08-01
14948,2023-07-31 14:10:00,19550.0,19714.45,525550,4329000,208.55,22.9,31250,301300,0.895821,-0.087039,0.00134357,0.00127213,12.697549,11.748265,2023-08-01
9691,2023-07-31 14:10:00,19600.0,19714.45,5640350,14341600,167.9,32.8,112950,361200,0.82162,-0.163848,0.00202209,0.00203482,12.174851,11.458558,2023-08-01
4431,2023-07-31 14:10:00,19650.0,19714.45,3072150,6197050,131.35,45.75,170500,253400,0.708274,-0.279978,0.00274152,0.00285982,11.813946,11.106032,2023-08-01
1800,2023-07-31 14:10:00,19700.0,19714.45,10248600,9815450,99.3,63.45,506300,556200,0.560281,-0.436056,0.00322698,0.00342791,11.531542,10.839842,2023-08-01
7062,2023-07-31 14:10:00,19750.0,19714.45,6022150,2243600,72.45,86.35,342150,274750,0.396746,-0.610184,0.00320894,0.00340828,11.33542,10.620483,2023-08-01
12319,2023-07-31 14:10:00,19800.0,19714.45,11638400,3713300,50.55,114.8,357950,170900,0.245706,-0.768664,0.00266443,0.00275031,11.149902,10.451158,2023-08-01
17575,2023-07-31 14:10:00,19850.0,19714.45,4870050,579050,33.8,148.1,191350,25400,0.130875,-0.886484,0.0018202,0.00177233,11.017132,10.238584,2023-08-01
22829,2023-07-31 14:10:00,19900.0,19714.45,7113300,723050,21.6,185.85,204600,28750,0.059263,-0.956535,0.00101948,0.00087319,10.918999,9.960055,2023-08-01
28082,2023-07-31 14:10:00,19950.0,19714.45,4346000,118850,13.35,227.45,262850,3100,0.023112,-0.98836,0.00047396,0.00029981,10.892558,9.573178,2023-08-01
25457,2023-07-31 14:11:00,19450.0,19708.55,122550,3279600,291.35,11.45,1250,122150,0.964873,-0.021873,0.00053041,0.00039835,13.795216,12.37933,2023-08-01
20204,2023-07-31 14:11:00,19500.0,19708.55,1185400,7617800,244.7,16.9,49950,188850,0.942704,-0.047822,0.00084778,0.00077581,12.794655,12.112667,2023-08-01
14949,2023-07-31 14:11:00,19550.0,19708.55,514400,4249200,202.1,24.1,38450,155850,0.894008,-0.094859,0.00139907,0.00135598,12.35482,11.755648,2023-08-01
9692,2023-07-31 14:11:00,19600.0,19708.55,5634400,14338800,162.8,34.55,175050,337550,0.812168,-0.176729,0.0021132,0.00213135,12.038866,11.490337,2023-08-01
4432,2023-07-31 14:11:00,19650.0,19708.55,3073250,6184850,126.45,48.1,202200,316850,0.694339,-0.297808,0.0028407,0.00293364,11.653291,11.15282,2023-08-01
1801,2023-07-31 14:11:00,19700.0,19708.55,10093700,9824500,95.0,66.7,665650,647400,0.541661,-0.456699,0.00328893,0.0034253,11.389957,10.931657,2023-08-01
7063,2023-07-31 14:11:00,19750.0,19708.55,5927150,2202250,68.9,90.35,489900,247650,0.376645,-0.628859,0.00319547,0.00332489,11.219328,10.732375,2023-08-01
12320,2023-07-31 14:11:00,19800.0,19708.55,11566950,3699550,47.9,119.05,458750,190200,0.228655,-0.783194,0.00258007,0.00263579,11.075261,10.51726,2023-08-01
17576,2023-07-31 14:11:00,19850.0,19708.55,4851250,571450,31.85,153.0,267650,25400,0.119136,-0.894678,0.00171443,0.00166587,10.960372,10.32864,2023-08-01
22830,2023-07-31 14:11:00,19900.0,19708.55,7102550,709700,20.4,191.55,211750,42400,0.05326,-0.958811,0.0009386,0.00082178,10.90885,10.13882,2023-08-01
28083,2023-07-31 14:11:00,19950.0,19708.55,4317700,117950,12.5,234.4,134150,3750,0.020256,-0.986476,0.00042493,0.00032449,10.874847,10.078376,2023-08-01
25458,2023-07-31 14:12:00,19450.0,19702.8,121100,3279600,284.75,12.0,950,157850,0.966102,-0.024042,0.00053148,0.00043238,13.379011,12.358377,2023-08-01
20205,2023-07-31 14:12:00,19500.0,19702.8,1185400,7617800,240.55,17.8,46400,289950,0.935593,-0.052501,0.00091917,0.00083577,12.939694,12.119953,2023-08-01
14950,2023-07-31 14:12:00,19550.0,19702.8,514400,4249200,198.15,25.25,66700,190550,0.88386,-0.102721,0.00148215,0.0014389,12.459399,11.750273,2023-08-01
9693,2023-07-31 14:12:00,19600.0,19702.8,5634400,14338800,159.0,36.0,300450,502400,0.798822,-0.18875,0.00219511,0.00222619,12.091689,11.469396,2023-08-01
4433,2023-07-31 14:12:00,19650.0,19702.8,3073250,6184850,123.4,50.1,246700,534950,0.676588,-0.314731,0.00288932,0.00301007,11.744686,11.145427,2023-08-01
1802,2023-07-31 14:12:00,19700.0,19702.8,10093700,9824500,92.35,69.2,953750,877500,0.522583,-0.476417,0.00328377,0.00344609,11.459183,10.91782,2023-08-01
7064,2023-07-31 14:12:00,19750.0,19702.8,5927150,2202250,66.7,93.45,548550,370450,0.359021,-0.648029,0.0031323,0.00327083,11.273207,10.720335,2023-08-01
12321,2023-07-31 14:12:00,19800.0,19702.8,11566950,3699550,46.1,122.75,681650,243250,0.214721,-0.798376,0.00248294,0.00252973,11.109243,10.5062,2023-08-01
17577,2023-07-31 14:12:00,19850.0,19702.8,4851250,571450,30.75,157.15,367950,46200,0.110972,-0.904662,0.0016206,0.00155447,11.031031,10.299081,2023-08-01
22831,2023-07-31 14:12:00,19900.0,19702.8,7102550,709700,19.45,196.0,351500,45350,0.048415,-0.964434,0.00086844,0.00073499,10.934796,10.063673,2023-08-01
28084,2023-07-31 14:12:00,19950.0,19702.8,4317700,117950,12.05,237.6,183550,8150,0.018547,-0.99214,0.00039181,0.00021567,10.949761,9.454395,2023-08-01
25459,2023-07-31 14:13:00,19450.0,19703.9,121100,3279600,288.0,11.95,1050,178100,0.960558,-0.023735,0.00057623,0.00042706,13.971633,12.380722,2023-08-01
20206,2023-07-31 14:13:00,19500.0,19703.9,1185400,7617800,243.7,17.6,28700,304950,0.929537,-0.051453,0.00094993,0.00082309,13.425056,12.114202,2023-08-01
14951,2023-07-31 14:13:00,19550.0,19703.9,514400,4249200,201.25,25.0,50550,219650,0.877884,-0.101024,0.00148626,0.00142228,12.876407,11.747552,2023-08-01
9694,2023-07-31 14:13:00,19600.0,19703.9,5634400,14338800,161.5,35.75,183050,426800,0.795954,-0.186455,0.00216422,0.00220801,12.371876,11.47991,2023-08-01
4434,2023-07-31 14:13:00,19650.0,19703.9,3073250,6184850,125.65,49.45,173700,392350,0.676628,-0.310818,0.00283434,0.00300447,11.975199,11.109174,2023-08-01
1803,2023-07-31 14:13:00,19700.0,19703.9,10093700,9824500,94.45,68.1,601550,795550,0.525763,-0.472438,0.00322341,0.00347104,11.671296,10.835382,2023-08-01
7065,2023-07-31 14:13:00,19750.0,19703.9,5927150,2202250,68.4,92.2,409700,301600,0.364437,-0.645641,0.00310195,0.00330687,11.445014,10.632091,2023-08-01
12322,2023-07-31 14:13:00,19800.0,19703.9,11566950,3699550,47.45,120.95,584150,209000,0.220409,-0.799338,0.00248851,0.00256266,11.255991,10.344311,2023-08-01
17578,2023-07-31 14:13:00,19850.0,19703.9,4851250,571450,31.65,156.0,234900,40050,0.114929,-0.904228,0.0016462,0.00156857,11.137548,10.243463,2023-08-01
22832,2023-07-31 14:13:00,19900.0,19703.9,7102550,709700,20.3,195.0,168300,32500,0.051435,-0.963914,0.00090041,0.00074527,11.070966,10.046321,2023-08-01
28085,2023-07-31 14:13:00,19950.0,19703.9,4317700,117950,12.55,236.95,147650,5500,0.019827,-0.99124,0.00041108,0.00023435,11.048505,9.57171,2023-08-01
25460,2023-07-31 14:14:00,19450.0,19703.6,121100,3312700,288.0,11.75,650,98650,0.959715,-0.023226,0.00058363,0.0004218,14.03863,12.313172,2023-08-01
20207,2023-07-31 14:14:00,19500.0,19703.6,1185900,7639050,243.5,17.3,17900,183300,0.929137,-0.050515,0.00095354,0.0008168,13.437085,12.034266,2023-08-01
14952,2023-07-31 14:14:00,19550.0,19703.6,515850,4266350,201.3,24.7,32400,120900,0.876539,-0.100059,0.00149205,0.0014212,12.929844,11.678506,2023-08-01
9695,2023-07-31 14:14:00,19600.0,19703.6,5631600,14232800,161.65,35.2,131100,326800,0.794247,-0.184891,0.00216516,0.00221728,12.432139,11.376186,2023-08-01
4435,2023-07-31 14:14:00,19650.0,19703.6,3042050,6173550,125.9,49.15,154800,251500,0.674935,-0.310748,0.00282579,0.00302138,12.041371,11.049722,2023-08-01
1804,2023-07-31 14:14:00,19700.0,19703.6,10029000,9744950,94.9,67.8,497400,532050,0.524631,-0.473345,0.00320119,0.00349216,11.758486,10.775223,2023-08-01
7066,2023-07-31 14:14:00,19750.0,19703.6,5994950,2168100,68.9,91.9,298400,193950,0.364503,-0.64756,0.00307887,0.00332188,11.535517,10.567162,2023-08-01
12323,2023-07-31 14:14:00,19800.0,19703.6,11665800,3678450,47.6,121.0,410850,206350,0.220392,-0.800693,0.00248051,0.00255854,11.29567,10.322432,2023-08-01
17579,2023-07-31 14:14:00,19850.0,19703.6,4773100,573650,31.95,155.0,132750,15250,0.115738,-0.909525,0.00164525,0.00153721,11.203492,10.02547,2023-08-01
22833,2023-07-31 14:14:00,19900.0,19703.6,7109300,709900,20.35,193.25,191200,25600,0.051469,-0.970525,0.0008993,0.00066136,11.094284,9.584356,2023-08-01
28086,2023-07-31 14:14:00,19950.0,19703.6,4291850,118000,12.6,236.2,105000,1200,0.019893,-0.993248,0.00041146,0.00019352,11.07337,9.220566,2023-08-01
25461,2023-07-31 14:15:00,19450.0,19710.75,120650,3312700,292.85,11.2,1650,120700,0.967178,-0.020878,0.00050586,0.00038344,13.695975,12.379041,2023-08-01
20208,2023-07-31 14:15:00,19500.0,19710.75,1185900,7639050,247.85,16.6,32450,311300,0.940547,-0.04608,0.0008536,0.00075329,13.097657,12.123698,2023-08-01
14953,2023-07-31 14:15:00,19550.0,19710.75,515850,4266350,204.85,23.7,61250,205000,0.893662,-0.091876,0.00138145,0.00132449,12.557037,11.768612,2023-08-01
9696,2023-07-31 14:15:00,19600.0,19710.75,5631600,14232800,164.9,34.0,226600,424800,0.815263,-0.172027,0.00207819,0.00209556,12.130935,11.501963,2023-08-01
4436,2023-07-31 14:15:00,19650.0,19710.75,3042050,6173550,128.85,47.6,202150,327250,0.698419,-0.291917,0.0027904,0.00289858,11.806624,11.197741,2023-08-01
1805,2023-07-31 14:15:00,19700.0,19710.75,10029000,9744950,97.25,65.85,815100,673150,0.548311,-0.44924,0.00324352,0.00341487,11.541455,10.953893,2023-08-01
7067,2023-07-31 14:15:00,19750.0,19710.75,5994950,2168100,70.85,89.3,537350,361300,0.384922,-0.621431,0.00318115,0.00334192,11.358057,10.75758,2023-08-01
12324,2023-07-31 14:15:00,19800.0,19710.75,11665800,3678450,49.2,117.9,466000,203150,0.235697,-0.776703,0.00260791,0.0026726,11.157033,10.562174,2023-08-01
17580,2023-07-31 14:15:00,19850.0,19710.75,4773100,573650,33.15,151.55,250900,22800,0.125309,-0.890504,0.00175847,0.00170946,11.085087,10.363742,2023-08-01
22834,2023-07-31 14:15:00,19900.0,19710.75,7109300,709900,21.3,190.25,246850,43650,0.056794,-0.955425,0.00097947,0.00086734,11.011375,10.251976,2023-08-01
28087,2023-07-31 14:15:00,19950.0,19710.75,4291850,118000,13.15,232.2,124650,4950,0.022031,-0.986405,0.00045258,0.00032867,10.975287,10.007486,2023-08-01
25462,2023-07-31 14:16:00,19450.0,19710.1,120650,3312700,292.0,11.15,750,53700,0.967606,-0.020808,0.00050327,0.00038357,13.623194,12.344219,2023-08-01
20209,2023-07-31 14:16:00,19500.0,19710.1,1185900,7639050,248.0,16.5,15350,103850,0.937854,-0.045904,0.00087362,0.0007541,13.253242,12.077749,2023-08-01
14954,2023-07-31 14:16:00,19550.0,19710.1,515850,4266350,205.0,23.45,11200,122300,0.890534,-0.09129,0.00139698,0.00132708,12.684026,11.694389,2023-08-01
9697,2023-07-31 14:16:00,19600.0,19710.1,5631600,14232800,164.7,33.65,69800,219150,0.81308,-0.171494,0.0020862,0.00210816,12.177149,11.414758,2023-08-01
4437,2023-07-31 14:16:00,19650.0,19710.1,3042050,6173550,128.8,47.2,74350,160300,0.695809,-0.292206,0.00278887,0.00292525,11.86305,11.104813,2023-08-01
1806,2023-07-31 14:16:00,19700.0,19710.1,10029000,9744950,97.05,65.6,367800,332750,0.546118,-0.451138,0.00324008,0.00344161,11.565482,10.879267,2023-08-01
7068,2023-07-31 14:16:00,19750.0,19710.1,5994950,2168100,70.75,89.1,312850,136700,0.383107,-0.624524,0.00316972,0.00335857,11.387179,10.680868,2023-08-01
12325,2023-07-31 14:16:00,19800.0,19710.1,11665800,3678450,49.2,117.75,233800,113900,0.234651,-0.780367,0.00259404,0.00266977,11.193247,10.477635,2023-08-01
17581,2023-07-31 14:16:00,19850.0,19710.1,4773100,573650,33.05,151.7,106500,11500,0.124392,-0.892955,0.00174786,0.00169169,11.099318,10.307074,2023-08-01
22835,2023-07-31 14:16:00,19900.0,19710.1,7109300,709900,21.1,189.6,130600,23400,0.055877,-0.95997,0.00096852,0.00081572,10.99786,9.995861,2023-08-01
28088,2023-07-31 14:16:00,19950.0,19710.1,4291850,118000,13.05,231.55,70500,4300,0.021681,-0.989322,0.00044676,0.00027699,10.973032,9.634596,2023-08-01
25463,2023-07-31 14:17:00,19450.0,19712.05,120650,3299650,291.5,11.1,1050,47150,0.97426,-0.020429,0.00043525,0.00037626,13.01515,12.392478,2023-08-01
20210,2023-07-31 14:17:00,19500.0,19712.05,1189850,7646650,246.45,16.4,12800,110950,0.949533,-0.045007,0.00078422,0.0007396,12.531668,12.123723,2023-08-01
14955,2023-07-31 14:17:00,19550.0,19712.05,515200,4246050,203.6,23.4,10950,73450,0.903493,-0.089919,0.00133421,0.00130494,12.12167,11.762609,2023-08-01
9698,2023-07-31 14:17:00,19600.0,19712.05,5630450,14111700,164.5,33.65,65500,141950,0.822455,-0.169203,0.00206572,0.0020744,11.911432,11.503628,2023-08-01
4438,2023-07-31 14:17:00,19650.0,19712.05,3072250,6050050,128.55,47.25,70200,158300,0.704739,-0.288345,0.00280487,0.00287912,11.63998,11.215238,2023-08-01
1807,2023-07-31 14:17:00,19700.0,19712.05,10183750,9726200,96.75,65.4,291500,256750,0.553279,-0.444879,0.00328826,0.00340582,11.372932,10.973419,2023-08-01
7069,2023-07-31 14:17:00,19750.0,19712.05,6078050,2191650,70.45,88.9,183050,87900,0.387635,-0.616692,0.00322831,0.00334264,11.221769,10.80231,2023-08-01
12326,2023-07-31 14:17:00,19800.0,19712.05,11756550,3687400,48.95,117.45,163050,80000,0.236864,-0.772098,0.00264111,0.00269009,11.053329,10.621765,2023-08-01
17582,2023-07-31 14:17:00,19850.0,19712.05,4798350,577900,32.8,151.1,114150,10850,0.124961,-0.886435,0.00177448,0.00174077,10.970299,10.452777,2023-08-01
22836,2023-07-31 14:17:00,19900.0,19712.05,7099350,703500,20.9,189.4,101850,15450,0.055818,-0.953648,0.0009782,0.00089146,10.88251,10.299181,2023-08-01
28089,2023-07-31 14:17:00,19950.0,19712.05,4276400,118550,12.95,232.5,97450,950,0.021641,-0.982611,0.00044992,0.0003902,10.88164,10.419156,2023-08-01
25464,2023-07-31 14:18:00,19450.0,19715.4,120900,3299650,294.05,10.9,1950,84600,0.976749,-0.01953,0.00040343,0.00036088,12.894585,12.438491,2023-08-01
20211,2023-07-31 14:18:00,19500.0,19715.4,1189850,7646650,249.55,16.15,22150,384250,0.951322,-0.043282,0.00075825,0.00071334,12.595017,12.181889,2023-08-01
14956,2023-07-31 14:18:00,19550.0,19715.4,515200,4246050,206.8,23.1,24000,175250,0.906046,-0.086875,0.00129698,0.00126427,12.227856,11.835344,2023-08-01
9699,2023-07-31 14:18:00,19600.0,19715.4,5630450,14111700,166.1,33.1,148450,302400,0.832226,-0.163471,0.00201673,0.00201897,11.770167,11.561194,2023-08-01
4439,2023-07-31 14:18:00,19650.0,19715.4,3072250,6050050,129.75,46.4,138900,244500,0.716532,-0.279529,0.00278706,0.00282535,11.493955,11.261908,2023-08-01
1808,2023-07-31 14:18:00,19700.0,19715.4,10183750,9726200,97.85,64.3,563800,557450,0.564873,-0.433785,0.00330587,0.00337561,11.264879,11.025912,2023-08-01
7070,2023-07-31 14:18:00,19750.0,19715.4,6078050,2191650,71.25,87.7,303350,204900,0.397505,-0.604666,0.00328175,0.00334637,11.1184,10.88757,2023-08-01
12327,2023-07-31 14:18:00,19800.0,19715.4,11756550,3687400,49.6,116.15,347950,174450,0.244072,-0.760455,0.00270534,0.00273354,10.970325,10.747388,2023-08-01
17583,2023-07-31 14:18:00,19850.0,19715.4,4798350,577900,33.2,149.2,136300,36550,0.129061,-0.878431,0.00182924,0.00181052,10.885454,10.54821,2023-08-01
22837,2023-07-31 14:18:00,19900.0,19715.4,7099350,703500,21.2,187.8,186750,37950,0.057926,-0.946754,0.00101384,0.0009737,10.812736,10.53415,2023-08-01
28090,2023-07-31 14:18:00,19950.0,19715.4,4276400,118550,13.1,228.55,137700,2750,0.022407,-0.983756,0.00046662,0.00037825,10.806712,10.141578,2023-08-01
25465,2023-07-31 14:19:00,19450.0,19719.05,120900,3299650,297.85,10.75,2300,97800,0.976858,-0.018748,0.00039682,0.00034666,13.059766,12.50843,2023-08-01
20212,2023-07-31 14:19:00,19500.0,19719.05,1189850,7646650,252.15,15.85,33100,192750,0.955619,-0.041378,0.00071094,0.00068486,12.474632,12.236798,2023-08-01
14957,2023-07-31 14:19:00,19550.0,19719.05,515200,4246050,209.5,22.5,29500,133150,0.911506,-0.082675,0.00124514,0.00121608,12.18571,11.857284,2023-08-01
9700,2023-07-31 14:19:00,19600.0,19719.05,5630450,14111700,168.95,32.3,137200,301250,0.838974,-0.156671,0.00195929,0.00195957,11.798731,11.586984,2023-08-01
4440,2023-07-31 14:19:00,19650.0,19719.05,3072250,6050050,132.1,45.35,165900,241250,0.726791,-0.269768,0.00273944,0.00276951,11.487214,11.290951,2023-08-01
1809,2023-07-31 14:19:00,19700.0,19719.05,10183750,9726200,99.8,63.0,593000,504400,0.577026,-0.421751,0.00329272,0.00334532,11.249071,11.065405,2023-08-01
7071,2023-07-31 14:19:00,19750.0,19719.05,6078050,2191650,72.75,85.8,361700,215800,0.409257,-0.592389,0.00331514,0.00337153,11.090044,10.893882,2023-08-01
12328,2023-07-31 14:19:00,19800.0,19719.05,11756550,3687400,50.65,113.5,393650,168450,0.253132,-0.751447,0.00276965,0.00280186,10.927285,10.697754,2023-08-01
17584,2023-07-31 14:19:00,19850.0,19719.05,4798350,577900,33.95,147.1,187600,21600,0.134825,-0.869688,0.00189291,0.0018841,10.842713,10.640862,2023-08-01
22838,2023-07-31 14:19:00,19900.0,19719.05,7099350,703500,21.75,184.45,387550,33600,0.06107,-0.944557,0.00106017,0.00101328,10.779094,10.45323,2023-08-01
28091,2023-07-31 14:19:00,19950.0,19719.05,4276400,118550,13.35,226.45,106300,3050,0.023498,-0.979569,0.0004885,0.00044685,10.745854,10.438808,2023-08-01
25466,2023-07-31 14:20:00,19450.0,19720.9,120800,3272600,298.5,10.8,1000,62800,0.980008,-0.018651,0.000359,0.00034314,12.759458,12.584041,2023-08-01
20213,2023-07-31 14:20:00,19500.0,19720.9,1180900,7486800,253.1,15.9,35100,193950,0.958895,-0.041044,0.00067676,0.00067621,12.320011,12.3151,2023-08-01
14958,2023-07-31 14:20:00,19550.0,19720.9,506500,4241700,210.4,22.6,24900,104550,0.915907,-0.082025,0.00121044,0.00119969,12.068635,11.950807,2023-08-01
9701,2023-07-31 14:20:00,19600.0,19720.9,5623100,14121850,170.0,32.35,155800,188300,0.843744,-0.154887,0.00193028,0.00193007,11.745028,11.678336,2023-08-01
4441,2023-07-31 14:20:00,19650.0,19720.9,3062950,6035250,132.95,45.25,175400,167100,0.732883,-0.266046,0.00272263,0.00273149,11.431205,11.371003,2023-08-01
1810,2023-07-31 14:20:00,19700.0,19720.9,10147250,9642000,100.5,62.9,640100,425900,0.583477,-0.416266,0.00329701,0.00330713,11.199572,11.163779,2023-08-01
7072,2023-07-31 14:20:00,19750.0,19720.9,6102400,2175400,73.45,85.7,364250,184850,0.415183,-0.585208,0.00333418,0.00334868,11.066642,11.016352,2023-08-01
12329,2023-07-31 14:20:00,19800.0,19720.9,11747450,3693200,51.1,113.2,408850,200950,0.25754,-0.743801,0.00280423,0.00281433,10.892952,10.824389,2023-08-01
17585,2023-07-31 14:20:00,19850.0,19720.9,4828500,581550,34.3,146.15,200550,25600,0.137672,-0.864816,0.00192542,0.00192128,10.815721,10.704644,2023-08-01
22839,2023-07-31 14:20:00,19900.0,19720.9,7103850,696600,22.05,183.85,163900,23100,0.062757,-0.939618,0.00108455,0.00106573,10.765837,10.630757,2023-08-01
28092,2023-07-31 14:20:00,19950.0,19720.9,4269050,118550,13.55,225.0,90000,1650,0.024247,-0.978352,0.00050226,0.00046754,10.733471,10.480161,2023-08-01
25467,2023-07-31 14:21:00,19450.0,19720.1,120800,3272600,297.35,10.95,3950,71150,0.980771,-0.019073,0.00035108,0.00034922,12.627654,12.607246,2023-08-01
20214,2023-07-31 14:21:00,19500.0,19720.1,1180900,7486800,252.6,16.05,32700,166200,0.957792,-0.041672,0.00068896,0.00068424,12.368704,12.325744,2023-08-01
14959,2023-07-31 14:21:00,19550.0,19720.1,506500,4241700,209.65,22.8,24850,120100,0.915338,-0.083115,0.00121896,0.00121102,12.049533,11.961769,2023-08-01
9702,2023-07-31 14:21:00,19600.0,19720.1,5623100,14121850,168.8,32.65,136300,204200,0.844378,-0.156725,0.00194279,0.00194292,11.642508,11.69601,2023-08-01
4442,2023-07-31 14:21:00,19650.0,19720.1,3062950,6035250,132.05,45.7,146450,162400,0.73172,-0.26869,0.00274264,0.00273918,11.37689,11.400027,2023-08-01
1811,2023-07-31 14:21:00,19700.0,19720.1,10147250,9642000,100.05,63.35,563050,326100,0.580835,-0.419012,0.003302,0.00330828,11.20253,11.180384,2023-08-01
7073,2023-07-31 14:21:00,19750.0,19720.1,6102400,2175400,72.8,86.15,303200,155900,0.412192,-0.587881,0.00334071,0.00334331,11.030633,11.021611,2023-08-01
12330,2023-07-31 14:21:00,19800.0,19720.1,11747450,3693200,50.85,113.95,324100,129950,0.255398,-0.745385,0.00279081,0.00279657,10.901861,10.861922,2023-08-01
17586,2023-07-31 14:21:00,19850.0,19720.1,4828500,581550,34.15,147.2,161650,12300,0.136365,-0.864665,0.00191115,0.0019094,10.829714,10.783548,2023-08-01
22840,2023-07-31 14:21:00,19900.0,19720.1,7103850,696600,21.95,185.05,150500,19850,0.062067,-0.938586,0.00107429,0.00106915,10.779481,10.742163,2023-08-01
28093,2023-07-31 14:21:00,19950.0,19720.1,4269050,119950,13.5,226.7,86950,2200,0.023982,-0.976143,0.00049707,0.00049544,10.750049,10.737999,2023-08-01
25468,2023-07-31 14:22:00,19450.0,19711.1,120800,3272600,289.05,11.45,3900,131200,0.978015,-0.021308,0.0003958,0.00038799,12.55671,12.475517,2023-08-01
20215,2023-07-31 14:22:00,19500.0,19711.1,1180900,7486800,245.25,16.8,25600,284100,0.950172,-0.04638,0.00078276,0.00075465,12.449549,12.193096,2023-08-01
14960,2023-07-31 14:22:00,19550.0,19711.1,506500,4241700,202.6,23.95,34750,157900,0.903268,-0.092258,0.00134299,0.00132354,12.083642,11.840446,2023-08-01
9703,2023-07-31 14:22:00,19600.0,19711.1,5623100,14121850,162.3,34.5,177550,392450,0.825795,-0.173016,0.00208719,0.00208845,11.667819,11.61002,2023-08-01
4443,2023-07-31 14:22:00,19650.0,19711.1,3062950,6035250,126.25,48.2,196150,327550,0.706212,-0.292439,0.0028631,0.00287788,11.396358,11.313634,2023-08-01
1812,2023-07-31 14:22:00,19700.0,19711.1,10147250,9642000,94.75,66.6,740150,649750,0.551038,-0.448587,0.00335499,0.00338054,11.174041,11.088245,2023-08-01
7074,2023-07-31 14:22:00,19750.0,19711.1,6102400,2175400,68.7,90.35,440500,303150,0.382514,-0.618629,0.00327261,0.00330183,11.045422,10.937837,2023-08-01
12331,2023-07-31 14:22:00,19800.0,19711.1,11747450,3693200,47.6,119.3,456450,249950,0.231045,-0.771051,0.00264342,0.00265447,10.911103,10.810447,2023-08-01
17587,2023-07-31 14:22:00,19850.0,19711.1,4828500,581550,31.75,153.05,311950,33800,0.120129,-0.883704,0.00174912,0.00173752,10.844089,10.669003,2023-08-01
22841,2023-07-31 14:22:00,19900.0,19711.1,7103850,696600,20.45,191.55,268500,33950,0.053816,-0.950156,0.00095614,0.00092047,10.835143,10.589596,2023-08-01
28094,2023-07-31 14:22:00,19950.0,19711.1,4269050,119950,12.6,233.9,195750,5300,0.02055,-0.98177,0.00043346,0.00040093,10.829474,10.575317,2023-08-01
25469,2023-07-31 14:23:00,19450.0,19711.6,120800,3341250,293.8,11.2,500,169950,0.967222,-0.0206,0.00050387,0.00037896,13.770672,12.416575,2023-08-01
20216,2023-07-31 14:23:00,19500.0,19711.6,1167850,7408650,247.85,16.5,14050,98850,0.943711,-0.045243,0.00082884,0.00074323,12.95503,12.139583,2023-08-01
14961,2023-07-31 14:23:00,19550.0,19711.6,508350,4231850,203.95,23.6,11000,91900,0.900585,-0.090635,0.00134966,0.00131203,12.271183,11.791889,2023-08-01
9704,2023-07-31 14:23:00,19600.0,19711.6,5609550,14097650,164.8,33.8,75400,211800,0.819667,-0.169941,0.00207021,0.00208222,12.026854,11.515615,2023-08-01
4444,2023-07-31 14:23:00,19650.0,19711.6,3047550,6112500,128.35,47.4,86600,172550,0.703425,-0.289404,0.0028105,0.00288847,11.663762,11.220787,2023-08-01
1813,2023-07-31 14:23:00,19700.0,19711.6,10163500,9721100,96.85,65.6,340850,464000,0.551596,-0.44639,0.00327976,0.00341249,11.431751,10.979722,2023-08-01
7075,2023-07-31 14:23:00,19750.0,19711.6,6125850,2172550,70.25,89.2,216550,175500,0.386013,-0.61833,0.00322798,0.00334089,11.231814,10.815802,2023-08-01
12332,2023-07-31 14:23:00,19800.0,19711.6,11822800,3738800,48.8,117.7,313450,134850,0.235409,-0.773816,0.00263493,0.00268423,11.063974,10.620924,2023-08-01
17588,2023-07-31 14:23:00,19850.0,19711.6,4796050,583400,32.6,151.65,115100,24700,0.123568,-0.886783,0.00176489,0.00173359,10.965773,10.494215,2023-08-01
22842,2023-07-31 14:23:00,19900.0,19711.6,7181750,696600,20.85,190.0,132750,24100,0.055269,-0.953563,0.00097114,0.00089008,10.898316,10.351129,2023-08-01
28095,2023-07-31 14:23:00,19950.0,19711.6,4271550,119950,12.85,232.0,86100,3950,0.021204,-0.985056,0.00044321,0.00035181,10.879232,10.169307,2023-08-01
25470,2023-07-31 14:24:00,19450.0,19711.9,120600,3341250,294.5,11.15,550,72150,0.966262,-0.020418,0.00051177,0.00037637,13.888796,12.412115,2023-08-01
20217,2023-07-31 14:24:00,19500.0,19711.9,1167850,7408650,248.3,16.4,8250,112550,0.943365,-0.044805,0.00083008,0.00073843,13.002199,12.127157,2023-08-01
14962,2023-07-31 14:24:00,19550.0,19711.9,508350,4231850,205.1,23.55,11400,176400,0.897828,-0.09023,0.00135756,0.00130774,12.449437,11.794978,2023-08-01
9705,2023-07-31 14:24:00,19600.0,19711.9,5609550,14097650,165.0,33.6,63900,109200,0.820383,-0.168842,0.00206588,0.00207769,12.025739,11.4964,2023-08-01
4445,2023-07-31 14:24:00,19650.0,19711.9,3047550,6112500,128.45,47.1,64250,105400,0.704517,-0.288005,0.00280963,0.0028901,11.651363,11.192413,2023-08-01
1814,2023-07-31 14:24:00,19700.0,19711.9,10163500,9721100,97.0,65.25,246150,298800,0.552592,-0.445217,0.00327995,0.00342142,11.430959,10.950111,2023-08-01
7076,2023-07-31 14:24:00,19750.0,19711.9,6125850,2172550,70.5,88.4,176700,113500,0.387108,-0.618329,0.00322672,0.00336945,11.249039,10.727536,2023-08-01
12333,2023-07-31 14:24:00,19800.0,19711.9,11822800,3738800,49.05,117.0,220050,64150,0.236572,-0.7747,0.00263758,0.00269812,11.086406,10.546227,2023-08-01
17589,2023-07-31 14:24:00,19850.0,19711.9,4796050,583400,32.85,150.6,84850,9400,0.124658,-0.889489,0.00177153,0.00172758,10.995431,10.353301,2023-08-01
22843,2023-07-31 14:24:00,19900.0,19711.9,7181750,711250,21.0,188.8,67250,9800,0.055829,-0.956537,0.00097741,0.000861,10.918313,10.148737,2023-08-01
28096,2023-07-31 14:24:00,19950.0,19711.9,4271550,118200,13.0,229.95,161600,600,0.02159,-0.988959,0.00044892,0.00028573,10.909343,9.63988,2023-08-01
25471,2023-07-31 14:25:00,19450.0,19713.15,120600,3341250,292.25,11.05,300,117700,0.975426,-0.020003,0.00042122,0.00036967,12.969837,12.42251,2023-08-01
20218,2023-07-31 14:25:00,19500.0,19713.15,1167850,7408650,248.1,16.2,18650,117750,0.948327,-0.043795,0.00078949,0.00072538,12.717187,12.123732,2023-08-01
14963,2023-07-31 14:25:00,19550.0,19713.15,508350,4231850,205.2,23.3,15700,90350,0.902658,-0.088547,0.0013289,0.00128985,12.279111,11.795504,2023-08-01
9706,2023-07-31 14:25:00,19600.0,19713.15,5609550,14097650,164.95,33.45,60350,141800,0.826208,-0.166847,0.0020509,0.00205671,11.866939,11.528226,2023-08-01
4446,2023-07-31 14:25:00,19650.0,19713.15,3047550,6112500,128.4,46.85,79000,151400,0.710128,-0.284833,0.00281629,0.00286842,11.52385,11.220925,2023-08-01
1815,2023-07-31 14:25:00,19700.0,19713.15,10163500,9721100,96.9,65.2,266250,351550,0.557226,-0.441298,0.00330755,0.00339536,11.320275,11.0215,2023-08-01
7077,2023-07-31 14:25:00,19750.0,19713.15,6125850,2172550,70.25,88.4,217750,131950,0.389994,-0.613156,0.00326758,0.00335392,11.135047,10.823144,2023-08-01
12334,2023-07-31 14:25:00,19800.0,19713.15,11822800,3738800,48.9,116.75,187650,72700,0.238035,-0.769614,0.00266839,0.00271154,10.998523,10.629536,2023-08-01
17590,2023-07-31 14:25:00,19850.0,19713.15,4796050,583400,32.65,150.85,105000,15250,0.124867,-0.882911,0.00178856,0.00176656,10.906477,10.553685,2023-08-01
22844,2023-07-31 14:25:00,19900.0,19713.15,7181750,711250,20.95,189.15,92050,16250,0.05604,-0.950857,0.0009858,0.00092402,10.860588,10.439567,2023-08-01
28097,2023-07-31 14:25:00,19950.0,19713.15,4271550,118200,12.9,230.0,71150,900,0.021467,-0.986013,0.00044966,0.00033853,10.841876,9.989157,2023-08-01
25472,2023-07-31 14:26:00,19450.0,19710.95,120600,3302950,290.85,11.2,1600,83100,0.973095,-0.020611,0.00044912,0.00038003,13.128331,12.39964,2023-08-01
20219,2023-07-31 14:26:00,19500.0,19710.95,1165350,7388700,245.65,16.6,11200,78950,0.948477,-0.045639,0.00079652,0.00074892,12.581616,12.144521,2023-08-01
14964,2023-07-31 14:26:00,19550.0,19710.95,504950,4291200,203.05,23.65,7200,77850,0.901174,-0.091058,0.00135277,0.00131929,12.202379,11.779702,2023-08-01
9707,2023-07-31 14:26:00,19600.0,19710.95,5599150,14151650,162.65,34.1,78000,159350,0.824057,-0.171591,0.0020881,0.00209278,11.752077,11.540418,2023-08-01
4447,2023-07-31 14:26:00,19650.0,19710.95,3046400,6099000,126.5,47.8,58100,153600,0.705054,-0.291606,0.00285742,0.00289415,11.455029,11.25011,2023-08-01
1816,2023-07-31 14:26:00,19700.0,19710.95,10176600,9771800,95.1,66.05,294000,330350,0.550279,-0.448701,0.0033402,0.00341059,11.241258,11.005638,2023-08-01
7078,2023-07-31 14:26:00,19750.0,19710.95,6163250,2201950,69.05,89.9,165300,141750,0.382516,-0.620079,0.00325793,0.00332388,11.110034,10.867215,2023-08-01
12335,2023-07-31 14:26:00,19800.0,19710.95,11859000,3740850,47.85,118.4,221650,94100,0.231374,-0.77485,0.00263675,0.00266887,10.962043,10.665368,2023-08-01
17591,2023-07-31 14:26:00,19850.0,19710.95,4822000,583400,31.9,152.5,128200,20900,0.120356,-0.886704,0.00174771,0.00172549,10.881784,10.559541,2023-08-01
22845,2023-07-31 14:26:00,19900.0,19710.95,7184550,711400,20.4,191.3,83150,15700,0.053448,-0.95173,0.00095213,0.00090482,10.836303,10.51422,2023-08-01
28098,2023-07-31 14:26:00,19950.0,19710.95,4238500,118200,12.7,233.55,54250,400,0.020691,-0.983093,0.00043508,0.00038116,10.866317,10.444515,2023-08-01
25473,2023-07-31 14:27:00,19450.0,19711.95,120650,3302950,293.05,10.95,800,38500,0.970189,-0.019851,0.00047593,0.00036952,13.496586,12.355838,2023-08-01
20220,2023-07-31 14:27:00,19500.0,19711.95,1165350,7388700,248.3,16.15,17700,66450,0.94362,-0.043887,0.00082815,0.00073027,12.999259,12.071671,2023-08-01
14965,2023-07-31 14:27:00,19550.0,19711.95,504950,4291200,205.25,23.15,11100,75650,0.897619,-0.088589,0.00135797,0.0012995,12.476642,11.720524,2023-08-01
9708,2023-07-31 14:27:00,19600.0,19711.95,5599150,14151650,165.25,33.25,49050,134150,0.819896,-0.16739,0.00206441,0.00207794,12.066806,11.442693,2023-08-01
4448,2023-07-31 14:27:00,19650.0,19711.95,3046400,6099000,128.75,46.5,65600,134450,0.704111,-0.286257,0.00280334,0.0029066,11.696466,11.107893,2023-08-01
1817,2023-07-31 14:27:00,19700.0,19711.95,10176600,9771800,97.2,64.6,213700,228250,0.552655,-0.444608,0.00327483,0.003451,11.459964,10.864726,2023-08-01
7079,2023-07-31 14:27:00,19750.0,19711.95,6163250,2201950,70.45,88.05,167200,137300,0.387078,-0.618766,0.00323148,0.00338502,11.243392,10.685126,2023-08-01
12336,2023-07-31 14:27:00,19800.0,19711.95,11859000,3740850,48.9,116.3,166500,95550,0.236049,-0.776928,0.00264188,0.00271058,11.065884,10.449054,2023-08-01
17592,2023-07-31 14:27:00,19850.0,19711.95,4822000,586600,32.75,150.0,128100,21100,0.124177,-0.89177,0.00177089,0.0017193,10.980681,10.25868,2023-08-01
22846,2023-07-31 14:27:00,19900.0,19711.95,7184550,711400,20.9,188.45,79150,15300,0.055395,-0.957667,0.00097399,0.00084914,10.900296,10.083754,2023-08-01
28099,2023-07-31 14:27:00,19950.0,19711.95,4238500,118900,13.05,229.9,140200,3400,0.021652,-0.989024,0.00044983,0.00028461,10.924713,9.638416,2023-08-01
25474,2023-07-31 14:28:00,19450.0,19715.3,120650,3302950,293.55,10.8,750,25000,0.977873,-0.019085,0.00039119,0.00035568,12.796907,12.417004,2023-08-01
20221,2023-07-31 14:28:00,19500.0,19715.3,1165350,7388700,248.65,16.05,2600,66850,0.954046,-0.042652,0.00073658,0.00070819,12.422052,12.166307,2023-08-01
14966,2023-07-31 14:28:00,19550.0,19715.3,504950,4291200,205.4,23.0,7000,57100,0.910968,-0.086104,0.0012757,0.00126134,11.985583,11.823247,2023-08-01
9709,2023-07-31 14:28:00,19600.0,19715.3,5599150,14151650,165.35,33.05,35800,106600,0.834757,-0.162893,0.00202031,0.0020213,11.67328,11.559688,2023-08-01
4449,2023-07-31 14:28:00,19650.0,19715.3,3046400,6099000,129.15,46.45,58800,95750,0.717894,-0.279464,0.00280547,0.0028311,11.430069,11.2752,2023-08-01
1818,2023-07-31 14:28:00,19700.0,19715.3,10176600,9771800,97.4,64.55,179700,179900,0.564884,-0.434221,0.00332859,0.00337541,11.22516,11.065323,2023-08-01
7080,2023-07-31 14:28:00,19750.0,19715.3,6163250,2201950,70.55,87.8,142650,74700,0.396043,-0.605275,0.00331211,0.00335114,11.04218,10.90366,2023-08-01
12337,2023-07-31 14:28:00,19800.0,19715.3,11859000,3740850,49.2,116.15,150550,57700,0.242221,-0.761545,0.00271285,0.00273599,10.931258,10.746691,2023-08-01
17593,2023-07-31 14:28:00,19850.0,19715.3,4822000,586600,32.75,149.7,91900,7650,0.126805,-0.877672,0.00182238,0.00181093,10.829268,10.62732,2023-08-01
22847,2023-07-31 14:28:00,19900.0,19715.3,7184550,711400,21.05,188.4,75400,12350,0.056988,-0.945602,0.00100538,0.00098323,10.800379,10.645678,2023-08-01
28100,2023-07-31 14:28:00,19950.0,19715.3,4238500,118900,13.15,229.85,101150,550,0.02229,-0.981143,0.00046482,0.0004173,10.836622,10.475968,2023-08-01
25475,2023-07-31 14:29:00,19450.0,19715.9,120650,3302950,294.5,10.8,450,40700,0.977097,-0.018999,0.00039891,0.00035384,12.922904,12.437358,2023-08-01
20222,2023-07-31 14:29:00,19500.0,19715.9,1172250,7388700,249.5,15.95,10100,80550,0.953451,-0.042149,0.00073947,0.00070178,12.505689,12.163934,2023-08-01
14967,2023-07-31 14:29:00,19550.0,19715.9,504950,4279800,206.15,22.75,5600,62200,0.9108,-0.084816,0.00127196,0.0012503,12.041231,11.797348,2023-08-01
9710,2023-07-31 14:29:00,19600.0,19715.9,5599950,14082300,166.05,32.75,43550,133950,0.835102,-0.16112,0.00201032,0.00201163,11.718973,11.536237,2023-08-01
4450,2023-07-31 14:29:00,19650.0,19715.9,3045150,6067950,129.3,46.0,57000,77150,0.720233,-0.277082,0.0028037,0.00282922,11.394802,11.239088,2023-08-01
1819,2023-07-31 14:29:00,19700.0,19715.9,10169900,9743850,97.65,64.0,177600,216350,0.566956,-0.431949,0.00332995,0.00338534,11.214172,11.025464,2023-08-01
7081,2023-07-31 14:29:00,19750.0,19715.9,6143500,2167450,70.8,87.35,182400,91700,0.397965,-0.603468,0.00331822,0.0033616,11.039541,10.886544,2023-08-01
12338,2023-07-31 14:29:00,19800.0,19715.9,11853150,3727850,49.3,115.6,130100,51300,0.243445,-0.760478,0.00272515,0.00274967,10.914972,10.722602,2023-08-01
17594,2023-07-31 14:29:00,19850.0,19715.9,4861650,584350,32.95,149.3,85700,5250,0.127977,-0.87651,0.00183341,0.00182233,10.836499,10.634321,2023-08-01
22848,2023-07-31 14:29:00,19900.0,19715.9,7191900,711400,21.1,187.95,79100,9850,0.057324,-0.944945,0.00101149,0.0009922,10.78816,10.653205,2023-08-01
28101,2023-07-31 14:29:00,19950.0,19715.9,4116000,118900,13.2,230.35,89450,100,0.022469,-0.978363,0.00046838,0.00045727,10.83012,10.745614,2023-08-01
25476,2023-07-31 14:30:00,19450.0,19722.9,120900,3277850,301.25,10.2,2650,187650,0.978574,-0.016842,0.00037263,0.0003185,13.077246,12.467716,2023-08-01
20223,2023-07-31 14:30:00,19500.0,19722.9,1172250,7405300,255.7,15.05,54850,315200,0.957771,-0.03764,0.00068063,0.00063912,12.560873,12.182596,2023-08-01
14968,2023-07-31 14:30:00,19550.0,19722.9,505500,4279800,211.85,21.55,50050,240300,0.919221,-0.076785,0.00117956,0.00115724,12.054016,11.823351,2023-08-01
9711,2023-07-31 14:30:00,19600.0,19722.9,5599950,14082300,171.1,31.05,280100,466850,0.849347,-0.147683,0.00189829,0.00189652,11.6952,11.551419,2023-08-01
4451,2023-07-31 14:30:00,19650.0,19722.9,3045150,6067950,134.2,43.6,253950,374650,0.738853,-0.257407,0.00269928,0.00272805,11.434833,11.230234,2023-08-01
1820,2023-07-31 14:30:00,19700.0,19722.9,10169900,9743850,101.65,60.9,990150,849450,0.590149,-0.408248,0.00329079,0.00334877,11.214725,11.010098,2023-08-01
7082,2023-07-31 14:30:00,19750.0,19722.9,6143500,2167450,74.0,83.4,567100,354850,0.421215,-0.580068,0.00336832,0.00342009,11.024946,10.850914,2023-08-01
12339,2023-07-31 14:30:00,19800.0,19722.9,11853150,3727850,51.65,110.75,593550,226300,0.262112,-0.742189,0.00284306,0.00287708,10.877126,10.657195,2023-08-01
17595,2023-07-31 14:30:00,19850.0,19722.9,4861650,584350,34.75,143.65,347100,44000,0.140579,-0.865581,0.00196035,0.00195046,10.809976,10.537416,2023-08-01
22849,2023-07-31 14:30:00,19900.0,19722.9,7191900,705400,22.3,181.5,295900,56450,0.06398,-0.940635,0.0011063,0.00106939,10.748442,10.488078,2023-08-01
28102,2023-07-31 14:30:00,19950.0,19722.9,4116000,117650,13.95,223.45,319700,4650,0.025341,-0.977254,0.00052076,0.00048671,10.777026,10.5303,2023-08-01
25477,2023-07-31 14:31:00,19450.0,19720.55,120900,3277850,297.85,10.6,3050,79550,0.980824,-0.017988,0.0003499,0.00033556,12.682379,12.523945,2023-08-01
20224,2023-07-31 14:31:00,19500.0,19720.55,1172250,7405300,253.9,15.55,28550,146050,0.955519,-0.039687,0.00070708,0.00066506,12.614843,12.229176,2023-08-01
14969,2023-07-31 14:31:00,19550.0,19720.55,505500,4279800,210.0,22.2,24900,139600,0.916259,-0.080266,0.00121127,0.00119279,12.066634,11.868463,2023-08-01
9712,2023-07-31 14:31:00,19600.0,19720.55,5599950,14082300,169.05,31.9,152650,295850,0.845934,-0.153072,0.00193577,0.00193547,11.645813,11.597759,2023-08-01
4452,2023-07-31 14:31:00,19650.0,19720.55,3045150,6067950,132.25,44.75,104300,196000,0.733532,-0.264862,0.00274195,0.00275524,11.378418,11.288895,2023-08-01
1821,2023-07-31 14:31:00,19700.0,19720.55,10169900,9743850,100.0,62.25,549850,373800,0.582699,-0.416495,0.00331792,0.00335024,11.174619,11.06205,2023-08-01
7083,2023-07-31 14:31:00,19750.0,19720.55,6143500,2167450,72.75,85.0,389350,180250,0.41315,-0.587694,0.00336021,0.00339093,11.008861,10.903908,2023-08-01
12340,2023-07-31 14:31:00,19800.0,19720.55,11853150,3727850,50.85,112.85,385000,134600,0.25568,-0.7471,0.00280429,0.00282475,10.89159,10.750889,2023-08-01
17596,2023-07-31 14:31:00,19850.0,19720.55,4861650,584350,34.05,146.05,131300,15150,0.13586,-0.86753,0.00191673,0.00191048,10.806477,10.655232,2023-08-01
22850,2023-07-31 14:31:00,19900.0,19720.55,7191900,705400,21.8,184.2,139950,17250,0.061309,-0.940338,0.00107089,0.00105761,10.745774,10.651381,2023-08-01
28103,2023-07-31 14:31:00,19950.0,19720.55,4116000,117650,13.6,224.15,119000,2550,0.024062,-0.981784,0.00049903,0.00041734,10.773133,10.178403,2023-08-01
25478,2023-07-31 14:32:00,19450.0,19713.65,119000,3233650,292.0,11.25,1900,106350,0.977475,-0.020285,0.00039811,0.00037234,12.78305,12.509277,2023-08-01
20225,2023-07-31 14:32:00,19500.0,19713.65,1159900,7361500,247.35,16.5,34550,180650,0.952583,-0.044372,0.00075436,0.00072877,12.455876,12.223441,2023-08-01
14970,2023-07-31 14:32:00,19550.0,19713.65,502250,4263600,204.35,23.55,31600,139650,0.907999,-0.088848,0.00130227,0.00128755,12.047509,11.873725,2023-08-01
9713,2023-07-31 14:32:00,19600.0,19713.65,5585500,14090150,164.25,33.8,165950,336600,0.831158,-0.167163,0.00204684,0.00204799,11.699732,11.618178,2023-08-01
4453,2023-07-31 14:32:00,19650.0,19713.65,3032350,6034050,127.75,47.15,136050,233200,0.714161,-0.284344,0.00283745,0.00285263,11.388663,11.299797,2023-08-01
1822,2023-07-31 14:32:00,19700.0,19713.65,10160100,9762700,96.25,65.5,557700,544600,0.559555,-0.439942,0.0033478,0.00337682,11.200257,11.101885,2023-08-01
7084,2023-07-31 14:32:00,19750.0,19713.65,6233300,2180150,69.9,88.95,388950,259650,0.390629,-0.610562,0.00329758,0.00333079,11.064321,10.944514,2023-08-01
12341,2023-07-31 14:32:00,19800.0,19713.65,11885900,3745100,48.45,117.55,399900,164450,0.237117,-0.765214,0.00268926,0.00270272,10.915165,10.801861,2023-08-01
17597,2023-07-31 14:32:00,19850.0,19713.65,4906700,587650,32.3,151.05,219950,31150,0.123614,-0.880361,0.00179183,0.00178078,10.834985,10.654629,2023-08-01
22851,2023-07-31 14:32:00,19900.0,19713.65,7254750,705400,20.75,190.1,195300,31950,0.055263,-0.946182,0.0009818,0.00096929,10.810234,10.722703,2023-08-01
28104,2023-07-31 14:32:00,19950.0,19713.65,4011350,117650,12.9,231.15,171300,5700,0.021368,-0.982285,0.00044926,0.00039766,10.834273,10.438114,2023-08-01
25479,2023-07-31 14:33:00,19450.0,19716.1,119000,3233650,295.5,11.0,700,66100,0.975201,-0.019376,0.00041897,0.00035814,13.17275,12.511482,2023-08-01
20226,2023-07-31 14:33:00,19500.0,19716.1,1159900,7361500,249.7,16.15,20950,117900,0.953603,-0.042589,0.00073758,0.00070508,12.52155,12.225385,2023-08-01
14971,2023-07-31 14:33:00,19550.0,19716.1,502250,4263600,207.4,23.15,14650,136400,0.907319,-0.085976,0.00128637,0.0012548,12.265696,11.890968,2023-08-01
9714,2023-07-31 14:33:00,19600.0,19716.1,5585500,14090150,167.0,33.0,207500,203300,0.832878,-0.161588,0.00200589,0.0020083,11.862674,11.59258,2023-08-01
4454,2023-07-31 14:33:00,19650.0,19716.1,3032350,6034050,130.35,46.3,122050,150800,0.718562,-0.277329,0.00277999,0.00281911,11.540401,11.29926,2023-08-01
1823,2023-07-31 14:33:00,19700.0,19716.1,10160100,9762700,98.45,64.15,380350,338550,0.567086,-0.43144,0.00330374,0.00337757,11.317493,11.063014,2023-08-01
7085,2023-07-31 14:33:00,19750.0,19716.1,6233300,2180150,71.7,87.5,235200,156200,0.399543,-0.602591,0.0032907,0.0033558,11.158316,10.926283,2023-08-01
12342,2023-07-31 14:33:00,19800.0,19716.1,11885900,3745100,49.85,115.65,245650,116600,0.245192,-0.759639,0.00272034,0.00275096,10.991012,10.752227,2023-08-01
17598,2023-07-31 14:33:00,19850.0,19716.1,4906700,587650,33.4,148.95,117200,29800,0.129574,-0.877178,0.00183961,0.00182318,10.907723,10.603083,2023-08-01
22852,2023-07-31 14:33:00,19900.0,19716.1,7254750,694900,21.4,187.2,85200,14300,0.058248,-0.946952,0.00102019,0.00097547,10.84584,10.535923,2023-08-01
28105,2023-07-31 14:33:00,19950.0,19716.1,4011350,118150,13.4,228.15,75900,3550,0.022909,-0.983392,0.00047456,0.000385,10.879793,10.205176,2023-08-01
25480,2023-07-31 14:34:00,19450.0,19717.05,119000,3233650,295.0,10.95,50,45300,0.978904,-0.019129,0.00037701,0.00035391,12.777753,12.527436,2023-08-01
20227,2023-07-31 14:34:00,19500.0,19717.05,1159900,7361500,251.0,16.0,6650,77800,0.952801,-0.041844,0.0007409,0.00069541,12.641416,12.222969,2023-08-01
14972,2023-07-31 14:34:00,19550.0,19717.05,502250,4263600,208.0,22.95,4950,56650,0.909129,-0.084687,0.00127113,0.00124124,12.236122,11.888952,2023-08-01
9715,2023-07-31 14:34:00,19600.0,19717.05,5585500,14090150,167.35,32.9,83700,119750,0.836021,-0.160158,0.00199165,0.00199272,11.805064,11.618908,2023-08-01
4455,2023-07-31 14:34:00,19650.0,19717.05,3032350,6034050,130.6,45.9,60050,81400,0.722189,-0.274411,0.00277658,0.00280795,11.485354,11.288578,2023-08-01
1824,2023-07-31 14:34:00,19700.0,19717.05,10160100,9762700,98.55,63.55,206050,192500,0.570596,-0.428059,0.00331725,0.00338126,11.257159,11.037254,2023-08-01
7086,2023-07-31 14:34:00,19750.0,19717.05,6233300,2180150,71.95,86.9,157750,113550,0.402406,-0.599553,0.00330538,0.00336729,11.132597,10.914086,2023-08-01
12343,2023-07-31 14:34:00,19800.0,19717.05,11885900,3745100,49.9,115.0,149100,73500,0.246854,-0.757227,0.00274169,0.00276833,10.948152,10.745964,2023-08-01
17599,2023-07-31 14:34:00,19850.0,19717.05,4906700,587650,33.4,148.4,73750,6350,0.130313,-0.874975,0.00185459,0.00184229,10.865415,10.627461,2023-08-01
22853,2023-07-31 14:34:00,19900.0,19717.05,7254750,694900,21.35,186.7,56550,9100,0.058373,-0.945158,0.00102658,0.0009966,10.799661,10.590859,2023-08-01
28106,2023-07-31 14:34:00,19950.0,19717.05,4011350,118150,13.3,229.9,42350,600,0.022752,-0.976601,0.00047444,0.00048291,10.82277,10.887074,2023-08-01
25481,2023-07-31 14:35:00,19450.0,19715.65,119000,3224150,293.65,11.0,250,53850,0.978628,-0.019383,0.00038215,0.00035883,12.750215,12.499758,2023-08-01
20228,2023-07-31 14:35:00,19500.0,19715.65,1159900,7349550,248.25,16.15,14400,95900,0.956656,-0.042637,0.0007132,0.00070698,12.267436,12.212077,2023-08-01
14973,2023-07-31 14:35:00,19550.0,19715.65,502600,4283150,206.0,23.2,9650,71500,0.910503,-0.086313,0.00127537,0.00125989,12.063135,11.885803,2023-08-01
9716,2023-07-31 14:35:00,19600.0,19715.65,5578750,14025500,165.25,33.15,62000,193000,0.836991,-0.162507,0.00201558,0.00201575,11.624772,11.600483,2023-08-01
4456,2023-07-31 14:35:00,19650.0,19715.65,3021950,6030650,128.8,46.5,57850,107250,0.720575,-0.278643,0.00281777,0.00282525,11.35404,11.308525,2023-08-01
1825,2023-07-31 14:35:00,19700.0,19715.65,10202600,9782400,97.15,64.65,200900,263150,0.566435,-0.433195,0.00334971,0.00336873,11.172982,11.108156,2023-08-01
7087,2023-07-31 14:35:00,19750.0,19715.65,6237250,2169900,70.7,87.95,163800,102400,0.396987,-0.60389,0.00331931,0.00334559,11.050885,10.957555,2023-08-01
12344,2023-07-31 14:35:00,19800.0,19715.65,11907700,3739700,48.95,116.15,241600,63300,0.241689,-0.760348,0.00272731,0.00273991,10.885539,10.785683,2023-08-01
17600,2023-07-31 14:35:00,19850.0,19715.65,4922900,585350,32.7,149.85,83150,13950,0.126535,-0.875994,0.00182635,0.00182002,10.814763,10.700478,2023-08-01
22854,2023-07-31 14:35:00,19900.0,19715.65,7258100,700150,21.0,188.5,92200,14200,0.056661,-0.944326,0.00100448,0.00099609,10.786204,10.727277,2023-08-01
28107,2023-07-31 14:35:00,19950.0,19715.65,4014150,118150,13.05,230.05,51450,450,0.021918,-0.979961,0.00046053,0.00043476,10.808378,10.612633,2023-08-01
25482,2023-07-31 14:36:00,19450.0,19720.3,119950,3224150,295.0,10.4,250,146750,0.986857,-0.017443,0.00027186,0.00032913,11.82712,12.458568,2023-08-01
20229,2023-07-31 14:36:00,19500.0,19720.3,1165300,7349550,253.65,15.3,11500,157500,0.955571,-0.038814,0.00070747,0.00065775,12.617028,12.163691,2023-08-01
14974,2023-07-31 14:36:00,19550.0,19720.3,502600,4283150,210.4,21.9,13350,136550,0.913988,-0.079082,0.00122453,0.001188,12.198382,11.802925,2023-08-01
9717,2023-07-31 14:36:00,19600.0,19720.3,5578750,14025500,169.85,31.5,81350,270150,0.842154,-0.151625,0.00194038,0.00193904,11.82511,11.52304,2023-08-01
4457,2023-07-31 14:36:00,19650.0,19720.3,3021950,6030650,132.85,44.25,97550,166600,0.730938,-0.263725,0.00272992,0.00277443,11.503817,11.205104,2023-08-01
1826,2023-07-31 14:36:00,19700.0,19720.3,10202600,9782400,100.25,61.55,385900,442000,0.581515,-0.416451,0.00330675,0.00338926,11.238342,10.952852,2023-08-01
7088,2023-07-31 14:36:00,19750.0,19720.3,6237250,2169900,73.2,84.15,235100,176500,0.412817,-0.58983,0.00333887,0.00343408,11.095806,10.771768,2023-08-01
12345,2023-07-31 14:36:00,19800.0,19720.3,11907700,3739700,50.8,112.0,279500,127600,0.254857,-0.751099,0.00280076,0.00284367,10.905282,10.607519,2023-08-01
17601,2023-07-31 14:36:00,19850.0,19720.3,4922900,585350,34.05,144.8,155650,19150,0.135372,-0.873727,0.00191192,0.00189265,10.825139,10.421872,2023-08-01
22855,2023-07-31 14:36:00,19900.0,19720.3,7258100,700150,21.7,182.85,139150,22600,0.060665,-0.946227,0.00106417,0.00100521,10.742882,10.343035,2023-08-01
28108,2023-07-31 14:36:00,19950.0,19720.3,4014150,118050,13.45,225.0,126150,2400,0.023516,-0.980462,0.00049132,0.0004364,10.750831,10.348781,2023-08-01
25483,2023-07-31 14:37:00,19450.0,19718.15,119950,3224150,296.95,10.7,1050,118900,0.977009,-0.018351,0.00039657,0.00034303,13.074768,12.487649,2023-08-01
20230,2023-07-31 14:37:00,19500.0,19718.15,1165300,7349550,252.3,15.8,11750,118850,0.952563,-0.040845,0.00073913,0.00068298,12.735037,12.215612,2023-08-01
14975,2023-07-31 14:37:00,19550.0,19718.15,502600,4283150,209.0,22.4,11850,104000,0.910203,-0.081965,0.0012581,0.001219,12.265829,11.823491,2023-08-01
9718,2023-07-31 14:37:00,19600.0,19718.15,5578750,14025500,168.3,32.3,70750,169850,0.837839,-0.156692,0.00197429,0.00197485,11.834104,11.567966,2023-08-01
4458,2023-07-31 14:37:00,19650.0,19718.15,3021950,6030650,131.65,45.2,94150,129500,0.724483,-0.270319,0.00275493,0.00280134,11.539613,11.241758,2023-08-01
1827,2023-07-31 14:37:00,19700.0,19718.15,10202600,9782400,99.25,62.8,367400,340200,0.574193,-0.424057,0.00331035,0.00338913,11.272449,11.001119,2023-08-01
7089,2023-07-31 14:37:00,19750.0,19718.15,6237250,2169900,72.25,85.55,234250,145550,0.405707,-0.596894,0.00332307,0.00340881,11.106788,10.809864,2023-08-01
12346,2023-07-31 14:37:00,19800.0,19718.15,11907700,3739700,50.15,113.55,247700,80600,0.249269,-0.756638,0.00276335,0.00280294,10.92927,10.637245,2023-08-01
17602,2023-07-31 14:37:00,19850.0,19718.15,4922900,585350,33.55,146.8,129700,12550,0.131631,-0.876155,0.00187303,0.00185481,10.843743,10.495893,2023-08-01
22856,2023-07-31 14:37:00,19900.0,19718.15,7258100,700150,21.4,184.8,170700,12000,0.058814,-0.947682,0.00103646,0.00097987,10.770201,10.386755,2023-08-01
28109,2023-07-31 14:37:00,19950.0,19718.15,4014150,118050,13.3,227.65,128000,1300,0.022822,-0.979485,0.00047762,0.0004462,10.788768,10.554175,2023-08-01
25484,2023-07-31 14:38:00,19450.0,19717.6,119950,3224150,294.0,10.75,50,53900,0.98273,-0.018507,0.00033025,0.00034565,12.320745,12.48732,2023-08-01
20231,2023-07-31 14:38:00,19500.0,19717.6,1159750,7349550,251.2,15.8,6400,110700,0.954133,-0.040948,0.00072823,0.00068564,12.585945,12.19762,2023-08-01
14976,2023-07-31 14:38:00,19550.0,19717.6,502600,4283150,208.0,22.5,13800,59000,0.91152,-0.082574,0.00125602,0.00122623,12.156193,11.823699,2023-08-01
9719,2023-07-31 14:38:00,19600.0,19717.6,5574150,14025500,167.8,32.3,49700,153550,0.837115,-0.157222,0.00198312,0.00198394,11.819881,11.54475,2023-08-01
4459,2023-07-31 14:38:00,19650.0,19717.6,3027100,6030650,131.05,45.25,74050,110750,0.723609,-0.271456,0.00276844,0.0028131,11.505338,11.222288,2023-08-01
1828,2023-07-31 14:38:00,19700.0,19717.6,10225350,9782400,98.95,62.95,250400,304750,0.572365,-0.425834,0.00331339,0.00339672,11.275883,10.989959,2023-08-01
7090,2023-07-31 14:38:00,19750.0,19717.6,6250500,2169900,72.1,85.8,196400,103100,0.403985,-0.598854,0.00331573,0.0034073,11.123523,10.805002,2023-08-01
12347,2023-07-31 14:38:00,19800.0,19717.6,11884200,3739700,50.1,114.1,240200,81500,0.248152,-0.757623,0.00275166,0.00278976,10.953417,10.667967,2023-08-01
17603,2023-07-31 14:38:00,19850.0,19717.6,4899150,585350,33.45,147.45,90000,10900,0.130745,-0.876296,0.00186324,0.00184652,10.853998,10.538465,2023-08-01
22857,2023-07-31 14:38:00,19900.0,19717.6,7281850,700150,21.45,185.7,110900,14350,0.058746,-0.946717,0.00103273,0.00098568,10.803347,10.48025,2023-08-01
28110,2023-07-31 14:38:00,19950.0,19717.6,4014800,118050,13.35,227.9,69750,1700,0.022855,-0.98033,0.00047691,0.00043317,10.821931,10.494312,2023-08-01
25485,2023-07-31 14:39:00,19450.0,19718.55,120100,3192550,296.2,10.9,50,79000,0.97987,-0.018742,0.0003638,0.00034729,12.746738,12.566042,2023-08-01
20232,2023-07-31 14:39:00,19500.0,19718.55,1159750,7363750,250.6,16.05,4550,101150,0.959197,-0.041453,0.00068138,0.00068723,12.242155,12.294354,2023-08-01
14977,2023-07-31 14:39:00,19550.0,19718.55,503950,4278800,207.3,22.95,11600,70600,0.91798,-0.083648,0.00121647,0.00122509,11.861661,11.953743,2023-08-01
9720,2023-07-31 14:39:00,19600.0,19718.55,5574150,14007600,166.95,32.85,47150,110350,0.844525,-0.158128,0.00196827,0.00196847,11.554641,11.682818,2023-08-01
4460,2023-07-31 14:39:00,19650.0,19718.55,3027100,6033850,130.2,46.0,41500,85950,0.730203,-0.27164,0.00279045,0.0027743,11.282031,11.386368,2023-08-01
1829,2023-07-31 14:39:00,19700.0,19718.55,10225350,9748850,98.55,63.85,272450,201850,0.576381,-0.423829,0.00334708,0.00333783,11.144185,11.176217,2023-08-01
7091,2023-07-31 14:39:00,19750.0,19718.55,6250500,2167100,71.55,86.85,144200,74450,0.405926,-0.593753,0.00336235,0.0033516,10.985634,11.023043,2023-08-01
12348,2023-07-31 14:39:00,19800.0,19718.55,11884200,3750150,49.55,115.0,183200,58750,0.248082,-0.750569,0.00278544,0.00277617,10.822063,10.889606,2023-08-01
17604,2023-07-31 14:39:00,19850.0,19718.55,4899150,586500,33.1,148.55,100600,14300,0.13021,-0.86795,0.00187584,0.00187963,10.753613,10.836479,2023-08-01
22858,2023-07-31 14:39:00,19900.0,19718.55,7281850,699900,21.15,186.75,88650,18350,0.058023,-0.939617,0.0010322,0.00105147,10.707248,10.844893,2023-08-01
28111,2023-07-31 14:39:00,19950.0,19718.55,4014800,117850,13.2,228.85,53150,2150,0.02257,-0.975409,0.00047509,0.00050139,10.752127,10.950128,2023-08-01
25486,2023-07-31 14:40:00,19450.0,19718.1,120100,3192550,294.95,10.9,600,49300,0.981741,-0.018769,0.00034198,0.0003482,12.485365,12.553052,2023-08-01
20233,2023-07-31 14:40:00,19500.0,19718.1,1159750,7363750,249.2,16.15,5350,87350,0.962055,-0.041841,0.00065607,0.00069212,11.989152,12.3046,2023-08-01
14978,2023-07-31 14:40:00,19550.0,19718.1,503950,4278800,206.4,23.05,10350,87000,0.919412,-0.084202,0.00121187,0.00123122,11.753812,11.957665,2023-08-01
9721,2023-07-31 14:40:00,19600.0,19718.1,5574150,14007600,166.65,33.1,58900,119400,0.843551,-0.159436,0.00197576,0.00197575,11.56244,11.706966,2023-08-01
4461,2023-07-31 14:40:00,19650.0,19718.1,3027100,6033850,130.0,46.25,53600,86250,0.72871,-0.27311,0.00279502,0.00277882,11.298753,11.402413,2023-08-01
1830,2023-07-31 14:40:00,19700.0,19718.1,10225350,9748850,98.4,64.3,376600,256400,0.574783,-0.425554,0.00334586,0.00333067,11.160894,11.213626,2023-08-01
7092,2023-07-31 14:40:00,19750.0,19718.1,6250500,2167100,71.4,87.4,158950,78850,0.404462,-0.594915,0.0033574,0.0033369,10.99581,11.067652,2023-08-01
12349,2023-07-31 14:40:00,19800.0,19718.1,11884200,3750150,49.5,115.55,160550,58600,0.247125,-0.751097,0.00277591,0.00276384,10.840714,10.929819,2023-08-01
17605,2023-07-31 14:40:00,19850.0,19718.1,4899150,586500,33.1,149.05,61300,11300,0.129775,-0.868219,0.00186832,0.0018725,10.775761,10.86634,2023-08-01
22859,2023-07-31 14:40:00,19900.0,19718.1,7281850,699900,21.2,187.35,103400,13100,0.057993,-0.939327,0.00102935,0.00105112,10.736424,10.893137,2023-08-01
28112,2023-07-31 14:40:00,19950.0,19718.1,4014800,117850,13.15,229.65,40800,3250,0.022361,-0.974598,0.00047137,0.00051059,10.756277,11.053433,2023-08-01
25487,2023-07-31 14:41:00,19450.0,19722.45,120100,3192550,298.15,10.75,800,61600,0.984836,-0.017941,0.00029738,0.00033268,12.249551,12.64496,2023-08-01
20234,2023-07-31 14:41:00,19500.0,19722.45,1156050,7363750,253.0,15.9,32700,144350,0.964746,-0.039973,0.00061729,0.0006621,11.99961,12.396073,2023-08-01
14979,2023-07-31 14:41:00,19550.0,19722.45,503950,4278800,210.0,22.65,16450,95650,0.924368,-0.080452,0.00115361,0.00118101,11.768326,12.046968,2023-08-01
9722,2023-07-31 14:41:00,19600.0,19722.45,5568600,14007600,169.6,32.5,124550,188450,0.853116,-0.152764,0.00190315,0.00190639,11.511948,11.79726,2023-08-01
4462,2023-07-31 14:41:00,19650.0,19722.45,2989050,6033850,132.5,45.35,131950,191950,0.741902,-0.26264,0.00273997,0.00270455,11.23849,11.488434,2023-08-01
1831,2023-07-31 14:41:00,19700.0,19722.45,10287300,9748850,100.7,63.0,518500,390150,0.589507,-0.4117,0.00332814,0.00328357,11.134167,11.293187,2023-08-01
7093,2023-07-31 14:41:00,19750.0,19722.45,6220150,2167100,73.2,85.45,308800,147400,0.418825,-0.580027,0.00339663,0.00335128,10.960051,11.115013,2023-08-01
12350,2023-07-31 14:41:00,19800.0,19722.45,11844800,3750150,51.0,113.4,386900,115500,0.258934,-0.737407,0.0028499,0.00282099,10.823086,11.013231,2023-08-01
17606,2023-07-31 14:41:00,19850.0,19722.45,4893150,586500,34.2,146.3,189700,22100,0.137563,-0.858638,0.0019484,0.00195388,10.756631,10.927052,2023-08-01
22860,2023-07-31 14:41:00,19900.0,19722.45,7288200,699900,22.0,184.7,139500,22150,0.062304,-0.931898,0.00109028,0.00113364,10.722941,11.050135,2023-08-01
28113,2023-07-31 14:41:00,19950.0,19722.45,4020000,117850,13.65,226.4,107750,3450,0.024208,-0.971062,0.00050509,0.00056349,10.732989,11.1677,2023-08-01
25488,2023-07-31 14:42:00,19450.0,19722.9,120100,3216900,299.0,11.05,850,61300,0.983979,-0.018572,0.00030808,0.00033976,12.399116,12.755444,2023-08-01
20235,2023-07-31 14:42:00,19500.0,19722.9,1156050,7317750,251.8,16.25,16650,153550,0.969861,-0.040893,0.00056241,0.00066901,11.576906,12.500485,2023-08-01
14980,2023-07-31 14:42:00,19550.0,19722.9,507750,4299300,208.85,23.1,14650,130850,0.930459,-0.081769,0.00111232,0.00118503,11.448523,12.157952,2023-08-01
9723,2023-07-31 14:42:00,19600.0,19722.9,5568600,13958300,168.8,33.1,140650,213250,0.858224,-0.154365,0.00189156,0.00190007,11.313009,11.922273,2023-08-01
4463,2023-07-31 14:42:00,19650.0,19722.9,2989050,5996150,131.6,46.2,251100,143050,0.746656,-0.264097,0.00275952,0.00267711,11.054535,11.642668,2023-08-01
1832,2023-07-31 14:42:00,19700.0,19722.9,10287300,9719650,99.9,63.9,572000,451550,0.59221,-0.411373,0.00336907,0.00323924,10.984801,11.449169,2023-08-01
7094,2023-07-31 14:42:00,19750.0,19722.9,6220150,2175350,72.7,86.95,391550,132850,0.419585,-0.576844,0.00342985,0.0032859,10.861618,11.358015,2023-08-01
12351,2023-07-31 14:42:00,19800.0,19722.9,11844800,3737900,50.55,114.5,349700,87300,0.258393,-0.73245,0.00287139,0.00279755,10.73381,11.21504,2023-08-01
17607,2023-07-31 14:42:00,19850.0,19722.9,4893150,596400,33.8,148.15,158500,15900,0.136439,-0.850145,0.00195358,0.00196921,10.671476,11.279332,2023-08-01
22861,2023-07-31 14:42:00,19900.0,19722.9,7288200,696400,21.65,185.75,192100,24500,0.06122,-0.926656,0.00108443,0.00117202,10.637506,11.318432,2023-08-01
28114,2023-07-31 14:42:00,19950.0,19722.9,4020000,119700,13.55,227.9,108300,3300,0.023983,-0.965719,0.00050314,0.00062377,10.693559,11.608734,2023-08-01
25489,2023-07-31 14:43:00,19450.0,19724.9,120100,3216900,298.3,10.8,350,97400,0.990019,-0.017769,0.00022049,0.00032765,11.506416,12.741054,2023-08-01
20236,2023-07-31 14:43:00,19500.0,19724.9,1156050,7317750,253.25,15.9,18300,158150,0.971899,-0.039329,0.00053458,0.00064915,11.493984,12.484175,2023-08-01
14981,2023-07-31 14:43:00,19550.0,19724.9,507750,4299300,210.5,22.65,19050,139600,0.932683,-0.07913,0.00108482,0.00115756,11.450632,12.144582,2023-08-01
9724,2023-07-31 14:43:00,19600.0,19724.9,5568600,13958300,169.65,32.5,120750,223400,0.864527,-0.150222,0.00185344,0.00186881,11.196087,11.907482,2023-08-01
4464,2023-07-31 14:43:00,19650.0,19724.9,2989050,5996150,132.8,45.3,135750,213950,0.752641,-0.258074,0.00273093,0.00265426,11.032192,11.607198,2023-08-01
1833,2023-07-31 14:43:00,19700.0,19724.9,10287300,9719650,100.6,62.9,588050,634850,0.599519,-0.404712,0.00337439,0.0032332,10.919942,11.427569,2023-08-01
7095,2023-07-31 14:43:00,19750.0,19724.9,6220150,2175350,73.45,85.55,311350,201050,0.426226,-0.570613,0.00345102,0.00331099,10.833203,11.307943,2023-08-01
12352,2023-07-31 14:43:00,19800.0,19724.9,11844800,3737900,51.0,113.35,364650,115050,0.263236,-0.726678,0.00291156,0.00282511,10.689853,11.227368,2023-08-01
17608,2023-07-31 14:43:00,19850.0,19724.9,4893150,596400,34.3,146.1,178250,19200,0.140063,-0.848478,0.00199121,0.00200242,10.661097,11.176882,2023-08-01
22862,2023-07-31 14:43:00,19900.0,19724.9,7288200,696400,21.9,184.3,239150,30400,0.062822,-0.923961,0.00110985,0.00120272,10.60784,11.340198,2023-08-01
28115,2023-07-31 14:43:00,19950.0,19724.9,4020000,119700,13.6,226.0,138150,5450,0.024369,-0.965106,0.00051273,0.00063579,10.63752,11.559099,2023-08-01
25490,2023-07-31 14:44:00,19450.0,19724.55,120100,3216900,299.25,10.75,2150,110750,0.987251,-0.017669,0.00026212,0.00032684,11.977141,12.715379,2023-08-01
20237,2023-07-31 14:44:00,19500.0,19724.55,1156050,7317750,252.55,15.9,21000,192150,0.972896,-0.039378,0.00052381,0.00065061,11.386247,12.473263,2023-08-01
14982,2023-07-31 14:44:00,19550.0,19724.55,507750,4299300,209.45,22.65,26050,167400,0.935139,-0.079259,0.00106969,0.00116057,11.287062,12.132247,2023-08-01
9725,2023-07-31 14:44:00,19600.0,19724.55,5569200,13958300,169.05,32.45,152300,267400,0.865192,-0.150338,0.00185748,0.00187404,11.138029,11.884587,2023-08-01
4465,2023-07-31 14:44:00,19650.0,19724.55,2886700,5996150,132.2,45.45,184250,202100,0.75281,-0.259056,0.00274449,0.00265894,10.977549,11.613691,2023-08-01
1834,2023-07-31 14:44:00,19700.0,19724.55,10254400,9719650,100.05,63.15,630950,424450,0.598774,-0.405946,0.00339203,0.00323234,10.872243,11.443385,2023-08-01
7096,2023-07-31 14:44:00,19750.0,19724.55,6248400,2175350,73.1,85.9,426150,189300,0.424817,-0.571644,0.00345748,0.00330339,10.809482,11.332636,2023-08-01
12353,2023-07-31 14:44:00,19800.0,19724.55,11851100,3737900,50.85,113.55,393300,134800,0.262122,-0.727762,0.00290654,0.00282083,10.688896,11.226227,2023-08-01
17609,2023-07-31 14:44:00,19850.0,19724.55,4920850,596400,33.95,146.65,224800,30350,0.138388,-0.848186,0.00198299,0.00199682,10.621738,11.226588,2023-08-01
22863,2023-07-31 14:44:00,19900.0,19724.55,7276900,696400,21.85,183.45,226400,31050,0.062468,-0.928272,0.00110478,0.0011725,10.613461,11.128948,2023-08-01
28116,2023-07-31 14:44:00,19950.0,19724.55,4004400,119700,13.55,224.85,131400,3700,0.024162,-0.969336,0.00050921,0.00058877,10.638612,11.224575,2023-08-01
25491,2023-07-31 14:45:00,19450.0,19721.15,120600,3217750,296.45,10.85,100,94750,0.985664,-0.018225,0.00028765,0.00033775,12.084024,12.640794,2023-08-01
20238,2023-07-31 14:45:00,19500.0,19721.15,1156200,7282550,250.8,16.05,26300,162800,0.96729,-0.040609,0.00059475,0.00067174,11.72689,12.39322,2023-08-01
14983,2023-07-31 14:45:00,19550.0,19721.15,503050,4245800,206.7,22.95,14000,122500,0.931223,-0.082002,0.00111839,0.00119826,11.302177,12.062721,2023-08-01
9726,2023-07-31 14:45:00,19600.0,19721.15,5569200,13889700,167.7,32.85,140350,223450,0.854184,-0.155113,0.00192239,0.00192716,11.35704,11.805179,2023-08-01
4466,2023-07-31 14:45:00,19650.0,19721.15,2886700,5974000,131.05,46.15,110100,174400,0.740091,-0.26699,0.00277405,0.00271673,11.156347,11.549136,2023-08-01
1835,2023-07-31 14:45:00,19700.0,19721.15,10254400,9624650,99.15,63.85,530950,414350,0.586046,-0.41623,0.0033719,0.00328292,11.026934,11.339997,2023-08-01
7097,2023-07-31 14:45:00,19750.0,19721.15,6248400,2184350,72.3,86.6,364800,191050,0.414004,-0.583991,0.00340278,0.00332803,10.927167,11.184946,2023-08-01
12354,2023-07-31 14:45:00,19800.0,19721.15,11851100,3737650,50.15,114.7,360600,103850,0.254001,-0.739924,0.00283775,0.0027918,10.776208,11.0891,2023-08-01
17610,2023-07-31 14:45:00,19850.0,19721.15,4920850,595200,33.65,148.05,195700,33700,0.134163,-0.858479,0.00192231,0.00193376,10.732497,11.064736,2023-08-01
22864,2023-07-31 14:45:00,19900.0,19721.15,7276900,702000,21.6,186.25,161100,27650,0.060266,-0.931805,0.00106593,0.00112587,10.701614,11.153822,2023-08-01
28117,2023-07-31 14:45:00,19950.0,19721.15,4004400,121400,13.4,228.2,109800,3250,0.023281,-0.970084,0.00049002,0.00057149,10.720844,11.335504,2023-08-01
25492,2023-07-31 14:46:00,19450.0,19718.3,120600,3217750,295.0,10.85,500,80750,0.982187,-0.018503,0.00033623,0.00034473,12.458934,12.55159,2023-08-01
20239,2023-07-31 14:46:00,19500.0,19718.3,1156200,7282550,249.15,16.1,9100,102550,0.963001,-0.041432,0.00064635,0.00068788,11.945235,12.306905,2023-08-01
14984,2023-07-31 14:46:00,19550.0,19718.3,503050,4245800,206.9,23.1,13700,115350,0.91862,-0.083995,0.00121491,0.00122881,11.834992,11.982992,2023-08-01
9727,2023-07-31 14:46:00,19600.0,19718.3,5569200,13889700,166.1,33.2,84700,166500,0.846706,-0.159264,0.00197207,0.00197275,11.452206,11.740096,2023-08-01
4467,2023-07-31 14:46:00,19650.0,19718.3,2886700,5974000,129.8,46.55,91300,161400,0.730356,-0.273283,0.00280223,0.00277007,11.258005,11.46504,2023-08-01
1836,2023-07-31 14:46:00,19700.0,19718.3,10254400,9624650,97.95,64.55,365750,321100,0.576008,-0.425136,0.00337189,0.00332072,11.090409,11.26756,2023-08-01
7098,2023-07-31 14:46:00,19750.0,19718.3,6248400,2184350,71.3,87.65,291800,180350,0.404734,-0.594012,0.00337028,0.00332872,10.977675,11.123339,2023-08-01
12355,2023-07-31 14:46:00,19800.0,19718.3,11851100,3737650,49.5,116.2,322800,96100,0.247156,-0.748671,0.00278226,0.00275357,10.838462,11.049304,2023-08-01
17611,2023-07-31 14:46:00,19850.0,19718.3,4920850,595200,33.1,149.05,140850,15200,0.129621,-0.867725,0.00187068,0.00187618,10.774974,10.894912,2023-08-01
22865,2023-07-31 14:46:00,19900.0,19718.3,7276900,702000,21.2,187.25,155950,17000,0.057821,-0.93924,0.00102898,0.00105289,10.736765,10.908818,2023-08-01
28118,2023-07-31 14:46:00,19950.0,19718.3,4004400,121400,13.25,229.35,89650,3550,0.0225,-0.975041,0.0004736,0.00050546,10.783091,11.024308,2023-08-01
25493,2023-07-31 14:47:00,19450.0,19717.4,120600,3217750,294.15,10.85,2350,114050,0.981988,-0.018577,0.00033984,0.0003468,12.44882,12.524282,2023-08-01
20240,2023-07-31 14:47:00,19500.0,19717.4,1156200,7282550,248.85,16.15,25750,189400,0.96095,-0.041779,0.00066875,0.00069382,12.06895,12.288906,2023-08-01
14985,2023-07-31 14:47:00,19550.0,19717.4,503050,4245800,205.65,23.1,26500,155250,0.919454,-0.084433,0.00121675,0.00123761,11.730044,11.948904,2023-08-01
9728,2023-07-31 14:47:00,19600.0,19717.4,5569200,13889700,165.4,33.3,176750,268550,0.84507,-0.160523,0.00198731,0.00198738,11.448909,11.718299,2023-08-01
4468,2023-07-31 14:47:00,19650.0,19717.4,2886700,5974000,129.0,46.7,160200,253150,0.728408,-0.275335,0.00282073,0.00278684,11.228754,11.442564,2023-08-01
1837,2023-07-31 14:47:00,19700.0,19717.4,10254400,9624650,97.25,64.8,727650,576100,0.573144,-0.427999,0.00338542,0.00333194,11.065509,11.249111,2023-08-01
7099,2023-07-31 14:47:00,19750.0,19717.4,6248400,2184350,70.55,87.95,441900,269450,0.401263,-0.597254,0.00337776,0.00333035,10.933434,11.09964,2023-08-01
12356,2023-07-31 14:47:00,19800.0,19717.4,11851100,3737650,49.0,116.35,535550,195800,0.244108,-0.752409,0.00277077,0.00274774,10.815257,10.989127,2023-08-01
17612,2023-07-31 14:47:00,19850.0,19717.4,4920850,595200,32.85,150.2,224600,31700,0.127889,-0.867653,0.00185378,0.00186326,10.776309,10.978722,2023-08-01
22866,2023-07-31 14:47:00,19900.0,19717.4,7276900,702000,21.05,188.6,181900,34100,0.056955,-0.938109,0.00101656,0.00105644,10.743733,11.034198,2023-08-01
28119,2023-07-31 14:47:00,19950.0,19717.4,4004400,121400,13.15,229.25,199950,6150,0.022108,-0.977756,0.00046652,0.00046834,10.790035,10.803775,2023-08-01
25494,2023-07-31 14:48:00,19450.0,19711.0,119750,3225450,286.85,11.5,3300,124500,0.983487,-0.020857,0.00032865,0.00038294,11.959358,12.521462,2023-08-01
20241,2023-07-31 14:48:00,19500.0,19711.0,1151200,7279550,241.65,17.1,22650,179700,0.961947,-0.046436,0.00067907,0.0007557,11.645463,12.294516,2023-08-01
14986,2023-07-31 14:48:00,19550.0,19711.0,500700,4255600,199.15,24.55,35150,169800,0.916388,-0.093257,0.00128163,0.00132937,11.461691,11.986651,2023-08-01
9729,2023-07-31 14:48:00,19600.0,19711.0,5556500,13825750,159.55,35.2,168600,329300,0.83607,-0.174216,0.00209807,0.00209016,11.260308,11.753515,2023-08-01
4469,2023-07-31 14:48:00,19650.0,19711.0,2876350,5988500,124.0,49.15,132600,265850,0.712102,-0.293994,0.00293442,0.0028681,11.11085,11.4796,2023-08-01
1838,2023-07-31 14:48:00,19700.0,19711.0,10164800,9683200,93.15,68.25,534150,649800,0.551685,-0.449804,0.00343804,0.00333525,10.997097,11.341476,2023-08-01
7100,2023-07-31 14:48:00,19750.0,19711.0,6231850,2189750,67.35,92.35,345650,294150,0.379406,-0.617041,0.00333659,0.00324632,10.901333,11.236082,2023-08-01
12357,2023-07-31 14:48:00,19800.0,19711.0,11763050,3736800,46.7,121.5,371650,202600,0.226736,-0.766438,0.00266078,0.00262482,10.819771,11.151488,2023-08-01
17613,2023-07-31 14:48:00,19850.0,19711.0,4894100,594800,31.15,155.95,153250,32900,0.116479,-0.875285,0.00173601,0.0017592,10.783585,11.165885,2023-08-01
22867,2023-07-31 14:48:00,19900.0,19711.0,7262950,704800,19.95,195.0,204250,49800,0.051133,-0.940472,0.00093152,0.00100218,10.772398,11.290283,2023-08-01
28120,2023-07-31 14:48:00,19950.0,19711.0,4000900,121050,12.5,236.0,146800,4550,0.019725,-0.977713,0.00042183,0.00045625,10.842008,11.115509,2023-08-01
25495,2023-07-31 14:49:00,19450.0,19708.35,119750,3225450,287.35,11.45,900,140800,0.975392,-0.021032,0.00042946,0.00038894,12.84142,12.422062,2023-08-01
20242,2023-07-31 14:49:00,19500.0,19708.35,1151200,7279550,242.8,17.15,29600,229250,0.949074,-0.047318,0.00080192,0.00077268,12.478885,12.212876,2023-08-01
14987,2023-07-31 14:49:00,19550.0,19708.35,500700,4255600,199.65,24.6,42750,148850,0.90324,-0.094998,0.00136661,0.00135905,11.986769,11.891569,2023-08-01
9730,2023-07-31 14:49:00,19600.0,19708.35,5556500,13825750,160.5,35.35,145400,384150,0.820338,-0.177806,0.00213288,0.00213552,11.749851,11.658856,2023-08-01
4470,2023-07-31 14:49:00,19650.0,19708.35,2876350,5988500,124.75,49.35,181400,372800,0.698362,-0.299869,0.00290241,0.00292337,11.482909,11.370359,2023-08-01
1839,2023-07-31 14:49:00,19700.0,19708.35,10164800,9683200,93.7,68.5,664750,804100,0.541551,-0.458198,0.00336258,0.00338394,11.282931,11.210953,2023-08-01
7101,2023-07-31 14:49:00,19750.0,19708.35,6231850,2189750,67.85,92.65,490050,338200,0.373293,-0.62745,0.00324948,0.00326679,11.142161,11.076069,2023-08-01
12358,2023-07-31 14:49:00,19800.0,19708.35,11763050,3736800,46.8,121.95,524000,292950,0.222977,-0.777269,0.00259917,0.00260032,10.976908,10.96516,2023-08-01
17614,2023-07-31 14:49:00,19850.0,19708.35,4894100,594800,31.3,156.4,239850,46100,0.115005,-0.885312,0.00169815,0.00169712,10.929891,10.915077,2023-08-01
22868,2023-07-31 14:49:00,19900.0,19708.35,7262950,704800,20.05,195.0,240750,51050,0.050609,-0.950027,0.00091374,0.00090796,10.89739,10.856909,2023-08-01
28121,2023-07-31 14:49:00,19950.0,19708.35,4000900,121050,12.5,236.5,207650,6700,0.019413,-0.983177,0.00041286,0.0003757,10.933773,10.634707,2023-08-01
25496,2023-07-31 14:50:00,19450.0,19709.0,119750,3225450,287.5,11.3,2900,190800,0.976761,-0.020557,0.00041334,0.00038232,12.719637,12.398705,2023-08-01
20243,2023-07-31 14:50:00,19500.0,19709.0,1151200,7279550,243.9,16.9,24550,277900,0.94787,-0.046293,0.00080875,0.00076166,12.609306,12.177549,2023-08-01
14988,2023-07-31 14:50:00,19550.0,19709.0,500700,4255600,201.1,24.15,29900,216550,0.900812,-0.092909,0.00137103,0.0013443,12.170768,11.830099,2023-08-01
9731,2023-07-31 14:50:00,19600.0,19709.0,5556500,13825750,161.3,34.95,193550,438150,0.820648,-0.175601,0.00212099,0.00212599,11.806534,11.622654,2023-08-01
4471,2023-07-31 14:50:00,19650.0,19709.0,2876350,5988500,125.25,48.8,180100,464300,0.700082,-0.297167,0.00289233,0.00292427,11.496745,11.323579,2023-08-01
1840,2023-07-31 14:50:00,19700.0,19709.0,10164800,9683200,94.45,67.55,629200,849500,0.543536,-0.455651,0.00334498,0.00341052,11.339677,11.119251,2023-08-01
7102,2023-07-31 14:50:00,19750.0,19709.0,6231850,2189750,68.45,91.45,425450,368400,0.375847,-0.626699,0.00324452,0.00330501,11.186693,10.958367,2023-08-01
12359,2023-07-31 14:50:00,19800.0,19709.0,11763050,3736800,47.45,120.8,450650,266750,0.225919,-0.777936,0.00260412,0.00262261,11.041186,10.856679,2023-08-01
17615,2023-07-31 14:50:00,19850.0,19709.0,4894100,594800,31.85,154.6,228550,44000,0.117435,-0.88915,0.00171378,0.00169176,10.995522,10.690007,2023-08-01
22869,2023-07-31 14:50:00,19900.0,19709.0,7262950,704800,20.4,193.9,275100,53950,0.051909,-0.951349,0.00092854,0.00089878,10.945662,10.73874,2023-08-01
28122,2023-07-31 14:50:00,19950.0,19709.0,4000900,121050,12.75,235.5,168500,3950,0.02006,-0.98395,0.00042289,0.00036506,10.979165,10.516059,2023-08-01
25497,2023-07-31 14:51:00,19450.0,19708.7,117150,3325050,287.9,11.35,6500,292150,0.974966,-0.020695,0.00043349,0.00038441,12.915331,12.405579,2023-08-01
20244,2023-07-31 14:51:00,19500.0,19708.7,1161100,7303550,243.4,16.9,43950,450500,0.948438,-0.046342,0.00080555,0.00076317,12.554146,12.168085,2023-08-01
14989,2023-07-31 14:51:00,19550.0,19708.7,489650,4239600,200.95,24.35,40850,330300,0.900126,-0.093774,0.00137631,0.00135073,12.189654,11.858802,2023-08-01
9732,2023-07-31 14:51:00,19600.0,19708.7,5538400,13780550,160.7,35.05,262450,812950,0.821345,-0.176252,0.00212774,0.00213095,11.74444,11.626904,2023-08-01
4472,2023-07-31 14:51:00,19650.0,19708.7,2857850,5894400,125.0,49.05,290000,600250,0.699374,-0.298353,0.00289815,0.00292478,11.489943,11.346236,2023-08-01
1841,2023-07-31 14:51:00,19700.0,19708.7,10340950,9534900,94.2,67.85,1275550,1239150,0.542574,-0.456759,0.00335009,0.00340531,11.329353,11.143623,2023-08-01
7103,2023-07-31 14:51:00,19750.0,19708.7,6259650,2188850,68.5,92.1,667400,582350,0.375128,-0.626951,0.00323571,0.0032847,11.214357,11.027646,2023-08-01
12360,2023-07-31 14:51:00,19800.0,19708.7,11757000,3707900,47.45,121.05,705500,422500,0.225414,-0.77861,0.00259765,0.00261675,11.058597,10.865933,2023-08-01
17616,2023-07-31 14:51:00,19850.0,19708.7,4887050,588100,31.85,155.3,406150,109300,0.117158,-0.887948,0.00170919,0.00169237,11.010504,10.772752,2023-08-01
22870,2023-07-31 14:51:00,19900.0,19708.7,7245950,698300,20.45,193.6,644850,75100,0.05194,-0.953441,0.00092732,0.00087728,10.969035,10.625007,2023-08-01
28123,2023-07-31 14:51:00,19950.0,19708.7,4038000,118500,12.8,236.2,257100,13150,0.020124,-0.983085,0.00042323,0.00037761,11.003998,10.637349,2023-08-01
25498,2023-07-31 14:52:00,19450.0,19707.2,117150,3325050,288.2,11.1,1900,159300,0.970143,-0.02023,0.00048523,0.00038103,13.369758,12.282153,2023-08-01
20245,2023-07-31 14:52:00,19500.0,19707.2,1161100,7303550,244.0,16.65,29100,216350,0.941339,-0.04593,0.00086309,0.00076509,12.979847,12.055615,2023-08-01
14990,2023-07-31 14:52:00,19550.0,19707.2,489650,4239600,201.2,24.05,27650,250450,0.893043,-0.093542,0.00141502,0.00136238,12.465995,11.740752,2023-08-01
9733,2023-07-31 14:52:00,19600.0,19707.2,5538400,13780550,161.85,34.65,133150,370600,0.810798,-0.176611,0.00213824,0.00215956,12.116749,11.492391,2023-08-01
4473,2023-07-31 14:52:00,19650.0,19707.2,2857850,5894400,125.8,48.55,122750,281100,0.691082,-0.300263,0.00286861,0.00297469,11.754382,11.19282,2023-08-01
1842,2023-07-31 14:52:00,19700.0,19707.2,10340950,9534900,94.65,67.5,448150,539850,0.536998,-0.461402,0.00330344,0.00345521,11.510241,11.000463,2023-08-01
7104,2023-07-31 14:52:00,19750.0,19707.2,6259650,2188850,68.75,91.35,300850,209750,0.371716,-0.634556,0.00319009,0.00333072,11.346381,10.806838,2023-08-01
12361,2023-07-31 14:52:00,19800.0,19707.2,11757000,3707900,47.65,120.4,329750,195050,0.223744,-0.787873,0.00256206,0.00261255,11.169636,10.622098,2023-08-01
17617,2023-07-31 14:52:00,19850.0,19707.2,4887050,588100,32.0,154.75,224000,34350,0.116537,-0.896743,0.00168895,0.00163986,11.105135,10.486122,2023-08-01
22871,2023-07-31 14:52:00,19900.0,19707.2,7245950,698300,20.55,193.5,247700,24050,0.051761,-0.95908,0.00091844,0.00081262,11.049473,10.340019,2023-08-01
28124,2023-07-31 14:52:00,19950.0,19707.2,4038000,118500,12.85,235.7,147400,3350,0.020055,-0.987689,0.00041964,0.00030225,11.069918,10.113417,2023-08-01
25499,2023-07-31 14:53:00,19450.0,19711.75,117150,3325050,294.85,10.45,2300,215350,0.965559,-0.018099,0.0005183,0.00034825,14.084803,12.226121,2023-08-01
20246,2023-07-31 14:53:00,19500.0,19711.75,1161100,7303550,249.8,15.7,41300,404050,0.939052,-0.04161,0.00085966,0.00071066,13.429293,11.986128,2023-08-01
14991,2023-07-31 14:53:00,19550.0,19711.75,489650,4239600,206.65,22.6,34300,266250,0.892979,-0.085449,0.00137604,0.00128566,12.826028,11.632707,2023-08-01
9734,2023-07-31 14:53:00,19600.0,19711.75,5538400,13780550,166.45,32.7,183950,403550,0.816136,-0.164302,0.00206322,0.00208441,12.338081,11.369565,2023-08-01
4474,2023-07-31 14:53:00,19650.0,19711.75,2857850,5894400,130.15,45.95,207000,332400,0.700763,-0.284233,0.00277762,0.00293957,11.969668,11.042259,2023-08-01
1843,2023-07-31 14:53:00,19700.0,19711.75,10340950,9534900,98.3,63.85,770000,831800,0.551321,-0.444615,0.00324483,0.00351106,11.672549,10.772607,2023-08-01
7105,2023-07-31 14:53:00,19750.0,19711.75,6259650,2188850,71.6,86.9,456400,340150,0.387367,-0.622415,0.00319961,0.00345398,11.457482,10.532606,2023-08-01
12362,2023-07-31 14:53:00,19800.0,19711.75,11757000,3707900,49.9,115.3,480050,257150,0.237355,-0.782936,0.00262628,0.00273052,11.263413,10.301111,2023-08-01
17618,2023-07-31 14:53:00,19850.0,19711.75,4887050,588100,33.4,149.15,282300,54950,0.124976,-0.897715,0.00176943,0.00169053,11.135994,10.103259,2023-08-01
22872,2023-07-31 14:53:00,19900.0,19711.75,7245950,698300,21.55,187.55,298500,47750,0.056443,-0.962552,0.00098135,0.00079274,11.075896,9.862449,2023-08-01
28125,2023-07-31 14:53:00,19950.0,19711.75,4038000,118500,13.4,228.6,158100,4200,0.021892,-0.992574,0.0004525,0.00021463,11.058056,9.15648,2023-08-01
25500,2023-07-31 14:54:00,19450.0,19710.1,116350,3421600,289.9,10.9,1550,129150,0.973697,-0.019353,0.00044451,0.00036615,13.139685,12.316057,2023-08-01
20247,2023-07-31 14:54:00,19500.0,19710.1,1155400,7372250,243.65,16.35,21050,256550,0.952587,-0.044084,0.00076714,0.00073861,12.340635,12.088736,2023-08-01
14992,2023-07-31 14:54:00,19550.0,19710.1,480600,4275400,201.7,23.6,25850,181600,0.903422,-0.090043,0.00135124,0.00132191,12.125703,11.769538,2023-08-01
9735,2023-07-31 14:54:00,19600.0,19710.1,5503750,13642750,161.7,34.2,166150,289850,0.824485,-0.171487,0.00210558,0.00210988,11.74689,11.551018,2023-08-01
4475,2023-07-31 14:54:00,19650.0,19710.1,2834100,5882300,125.35,47.95,174950,270500,0.704832,-0.292669,0.00289642,0.00292438,11.411933,11.258471,2023-08-01
1844,2023-07-31 14:54:00,19700.0,19710.1,10147850,9492700,94.45,66.55,609800,602450,0.547556,-0.451595,0.00336901,0.00343175,11.260334,11.051622,2023-08-01
7106,2023-07-31 14:54:00,19750.0,19710.1,6158300,2179600,68.55,90.45,388200,228800,0.378691,-0.623835,0.003271,0.00333317,11.136581,10.90618,2023-08-01
12363,2023-07-31 14:54:00,19800.0,19710.1,11655300,3692150,47.15,119.6,559150,279300,0.226444,-0.77685,0.0026342,0.00265036,10.943627,10.786893,2023-08-01
17619,2023-07-31 14:54:00,19850.0,19710.1,4856600,583300,31.55,153.55,291850,54550,0.116954,-0.888431,0.00172592,0.00170784,10.900604,10.652345,2023-08-01
22873,2023-07-31 14:54:00,19900.0,19710.1,7036350,694250,20.25,192.25,279800,33650,0.051607,-0.953024,0.00093124,0.00088789,10.877532,10.58344,2023-08-01
28126,2023-07-31 14:54:00,19950.0,19710.1,4017550,122750,12.65,234.8,135050,6200,0.019854,-0.983036,0.00042199,0.00038054,10.920679,10.591215,2023-08-01
25501,2023-07-31 14:55:00,19450.0,19712.05,116350,3421600,291.35,10.75,1400,98850,0.975247,-0.018748,0.000425,0.00035599,13.064349,12.332862,2023-08-01
20248,2023-07-31 14:55:00,19500.0,19712.05,1155400,7372250,246.1,16.2,13750,183550,0.951598,-0.043046,0.00076822,0.0007227,12.531667,12.122485,2023-08-01
14993,2023-07-31 14:55:00,19550.0,19712.05,480600,4275400,203.0,23.45,22850,192100,0.90696,-0.08831,0.00132006,0.00129787,12.078337,11.818161,2023-08-01
9736,2023-07-31 14:55:00,19600.0,19712.05,5503750,13642750,162.9,33.8,90050,249600,0.829368,-0.167779,0.00207489,0.0020771,11.711098,11.57272,2023-08-01
4476,2023-07-31 14:55:00,19650.0,19712.05,2834100,5882300,127.15,47.6,90250,241500,0.70917,-0.287789,0.00285675,0.00288907,11.493963,11.309364,2023-08-01
1845,2023-07-31 14:55:00,19700.0,19712.05,10147850,9492700,95.8,66.1,405700,478650,0.553949,-0.445182,0.00335124,0.00340702,11.29945,11.111116,2023-08-01
7107,2023-07-31 14:55:00,19750.0,19712.05,6158300,2179600,69.5,89.6,280850,202650,0.385139,-0.617042,0.00328556,0.0033429,11.14634,10.936728,2023-08-01
12364,2023-07-31 14:55:00,19800.0,19712.05,11655300,3692150,48.3,118.3,325950,143550,0.23294,-0.771852,0.0026602,0.00268586,11.012362,10.781159,2023-08-01
17620,2023-07-31 14:55:00,19850.0,19712.05,4856600,583300,32.4,152.15,141200,21600,0.121496,-0.884994,0.00176421,0.00174447,10.957249,10.659396,2023-08-01
22874,2023-07-31 14:55:00,19900.0,19712.05,7036350,694250,20.75,190.75,146050,20900,0.05383,-0.951017,0.00096074,0.00091666,10.904958,10.602892,2023-08-01
28127,2023-07-31 14:55:00,19950.0,19712.05,4017550,122750,12.9,231.9,107150,2000,0.020657,-0.98507,0.00043652,0.00035214,10.920841,10.260918,2023-08-01
25502,2023-07-31 14:56:00,19450.0,19709.7,116350,3421600,291.5,11.0,800,113700,0.968581,-0.0196,0.0004953,0.00036975,13.679676,12.336825,2023-08-01
20249,2023-07-31 14:56:00,19500.0,19709.7,1155400,7372250,246.0,16.4,7100,166400,0.943856,-0.044282,0.00083557,0.00074178,12.968587,12.0892,2023-08-01
14994,2023-07-31 14:56:00,19550.0,19709.7,480600,4275400,202.7,23.55,9800,135450,0.898299,-0.089999,0.00137488,0.00132499,12.385002,11.746057,2023-08-01
9737,2023-07-31 14:56:00,19600.0,19709.7,5503750,13642750,163.2,33.95,54250,191350,0.817721,-0.170971,0.00210359,0.00211794,12.049624,11.492904,2023-08-01
4477,2023-07-31 14:56:00,19650.0,19709.7,2834100,5882300,127.25,47.55,65200,152350,0.698672,-0.292423,0.00284443,0.00294597,11.738532,11.179399,2023-08-01
1846,2023-07-31 14:56:00,19700.0,19709.7,10147850,9492700,96.0,65.95,266000,232300,0.545263,-0.452516,0.00329954,0.00346891,11.513216,10.943929,2023-08-01
7108,2023-07-31 14:56:00,19750.0,19709.7,6158300,2179600,69.55,89.65,162650,113550,0.379099,-0.626885,0.00322534,0.00337063,11.305835,10.764787,2023-08-01
12365,2023-07-31 14:56:00,19800.0,19709.7,11655300,3692150,48.4,118.7,238350,92350,0.229565,-0.781784,0.00260616,0.00266095,11.154649,10.614679,2023-08-01
17621,2023-07-31 14:56:00,19850.0,19709.7,4856600,583300,32.45,152.6,118250,14100,0.119813,-0.893945,0.00172935,0.00168152,11.074011,10.439141,2023-08-01
22875,2023-07-31 14:56:00,19900.0,19709.7,7036350,694250,20.8,191.3,118150,17950,0.053198,-0.957646,0.00094325,0.00083888,11.008696,10.312478,2023-08-01
28128,2023-07-31 14:56:00,19950.0,19709.7,4017550,122750,12.95,233.0,82450,2750,0.020485,-0.988034,0.00042989,0.00029943,11.016064,9.972798,2023-08-01
25503,2023-07-31 14:57:00,19450.0,19711.7,115750,3431000,290.3,10.9,350,71150,0.976973,-0.019107,0.00040677,0.00036091,12.854353,12.371155,2023-08-01
20250,2023-07-31 14:57:00,19500.0,19711.7,1162200,7356000,247.15,16.35,8400,198500,0.94717,-0.043544,0.00080384,0.00072834,12.850122,12.149311,2023-08-01
14995,2023-07-31 14:57:00,19550.0,19711.7,480550,4288500,204.0,23.4,8050,70800,0.902036,-0.088233,0.00134378,0.0013003,12.332727,11.796677,2023-08-01
9738,2023-07-31 14:57:00,19600.0,19711.7,5504650,13668050,163.9,33.7,56050,165950,0.824435,-0.167721,0.00207624,0.00208357,11.92618,11.542236,2023-08-01
4478,2023-07-31 14:57:00,19650.0,19711.7,2837900,5889950,128.0,47.2,62100,128100,0.705638,-0.287406,0.00283406,0.00290894,11.659243,11.232852,2023-08-01
1847,2023-07-31 14:57:00,19700.0,19711.7,10285850,9515300,96.3,65.55,262100,280550,0.552349,-0.445905,0.00332558,0.00344042,11.400751,11.01368,2023-08-01
7109,2023-07-31 14:57:00,19750.0,19711.7,6188100,2200850,70.15,89.25,162550,101500,0.38509,-0.619102,0.0032536,0.00336253,11.263255,10.862807,2023-08-01
12366,2023-07-31 14:57:00,19800.0,19711.7,11786300,3653500,48.8,118.0,224900,101550,0.233799,-0.774585,0.0026444,0.00268865,11.108531,10.70444,2023-08-01
17622,2023-07-31 14:57:00,19850.0,19711.7,4903750,565000,32.75,152.0,105600,18250,0.122384,-0.887265,0.001762,0.00173211,11.03497,10.591358,2023-08-01
22876,2023-07-31 14:57:00,19900.0,19711.7,6984300,690200,21.0,190.6,157000,15650,0.054459,-0.952872,0.00096433,0.000897,10.972328,10.513038,2023-08-01
28129,2023-07-31 14:57:00,19950.0,19711.7,4027000,122900,13.05,232.6,71850,1700,0.020936,-0.984356,0.00043964,0.00036288,10.974765,10.371827,2023-08-01
25504,2023-07-31 14:58:00,19450.0,19712.5,115750,3431000,292.2,11.0,1200,72100,0.974362,-0.019238,0.0004336,0.00036142,13.200836,12.429182,2023-08-01
20251,2023-07-31 14:58:00,19500.0,19712.5,1162200,7356000,245.9,16.5,17750,179600,0.953842,-0.043767,0.00074817,0.0007276,12.399522,12.215589,2023-08-01
14996,2023-07-31 14:58:00,19550.0,19712.5,480550,4288500,203.4,23.55,15650,123900,0.907512,-0.088272,0.00131405,0.0012942,12.092385,11.859675,2023-08-01
9739,2023-07-31 14:58:00,19600.0,19712.5,5504650,13668050,163.45,34.05,102450,236700,0.829655,-0.167988,0.00206717,0.00206898,11.753847,11.638995,2023-08-01
4479,2023-07-31 14:58:00,19650.0,19712.5,2837900,5889950,127.3,47.55,122900,163900,0.710894,-0.286642,0.00285572,0.00288156,11.477506,11.328709,2023-08-01
1848,2023-07-31 14:58:00,19700.0,19712.5,10285850,9515300,96.2,65.95,385300,402850,0.555366,-0.443667,0.00334529,0.00340553,11.325249,11.121082,2023-08-01
7110,2023-07-31 14:58:00,19750.0,19712.5,6188100,2200850,69.95,89.9,260600,136800,0.38687,-0.614853,0.00328175,0.00332777,11.185064,11.016,2023-08-01
12367,2023-07-31 14:58:00,19800.0,19712.5,11786300,3653500,48.55,118.7,284350,103600,0.234245,-0.768695,0.00266689,0.0026831,11.029771,10.886496,2023-08-01
17623,2023-07-31 14:58:00,19850.0,19712.5,4903750,565000,32.6,152.5,146750,19000,0.122414,-0.881878,0.00177251,0.00176018,10.974666,10.777128,2023-08-01
22877,2023-07-31 14:58:00,19900.0,19712.5,6984300,690200,20.85,191.55,113850,19450,0.054188,-0.9469,0.00096614,0.00095664,10.911816,10.844718,2023-08-01
28130,2023-07-31 14:58:00,19950.0,19712.5,4027000,122900,12.95,232.05,92100,3050,0.020763,-0.983734,0.00043878,0.00037377,10.922554,10.415111,2023-08-01
25505,2023-07-31 14:59:00,19450.0,19720.7,115750,3431000,295.75,10.6,3000,234700,0.986314,-0.017402,0.00027917,0.0003282,12.019817,12.565583,2023-08-01
20252,2023-07-31 14:59:00,19500.0,19720.7,1162200,7356000,251.1,15.8,48600,316750,0.96518,-0.039487,0.00061788,0.00066297,11.94015,12.332935,2023-08-01
14997,2023-07-31 14:59:00,19550.0,19720.7,480550,4288500,207.65,22.55,36350,323850,0.926262,-0.080161,0.00115396,0.00119165,11.610656,11.980429,2023-08-01
9740,2023-07-31 14:59:00,19600.0,19720.7,5504650,13668050,167.7,32.65,264900,466050,0.852609,-0.154134,0.00193117,0.0019345,11.441548,11.767217,2023-08-01
4480,2023-07-31 14:59:00,19650.0,19720.7,2837900,5889950,131.2,45.55,298250,409100,0.738017,-0.265604,0.00277563,0.00274606,11.249106,11.45009,2023-08-01
1849,2023-07-31 14:59:00,19700.0,19720.7,10285850,9515300,99.15,63.6,1139250,873550,0.584365,-0.417112,0.00337311,0.0033141,11.085851,11.292265,2023-08-01
7111,2023-07-31 14:59:00,19750.0,19720.7,6188100,2200850,72.0,86.55,753350,374300,0.412011,-0.586214,0.00341234,0.00334754,10.93621,11.159103,2023-08-01
12368,2023-07-31 14:59:00,19800.0,19720.7,11786300,3653500,50.05,114.6,649700,281500,0.252215,-0.743094,0.00283276,0.00279812,10.806527,11.04644,2023-08-01
17624,2023-07-31 14:59:00,19850.0,19720.7,4903750,565000,33.55,147.95,306250,66650,0.132636,-0.861811,0.00191204,0.00192172,10.756611,11.00751,2023-08-01
22878,2023-07-31 14:59:00,19900.0,19720.7,6984300,690200,21.55,186.4,459300,42350,0.059347,-0.933795,0.0010555,0.00110859,10.728958,11.124026,2023-08-01
28131,2023-07-31 14:59:00,19950.0,19720.7,4027000,122900,13.35,227.8,263800,5400,0.022753,-0.972942,0.00048195,0.00053675,10.7429,11.154608,2023-08-01
25506,2023-07-31 15:00:00,19500.0,19742.55,1154700,7351800,267.65,13.05,197500,949100,0.983667,-0.027182,0.00035095,0.00048615,11.122347,12.353298,2023-08-01
20253,2023-07-31 15:00:00,19550.0,19742.55,479550,4239600,223.0,18.55,141050,756450,0.958113,-0.056656,0.00078358,0.00091313,10.93814,11.948519,2023-08-01
14998,2023-07-31 15:00:00,19600.0,19742.55,5490350,13572950,181.4,27.0,1013000,1460000,0.902693,-0.114113,0.00151808,0.00158196,10.857054,11.691136,2023-08-01
9741,2023-07-31 15:00:00,19650.0,19742.55,2815200,5831650,142.9,38.0,1047350,1335600,0.806506,-0.206997,0.00245567,0.0024138,10.706455,11.342813,2023-08-01
4481,2023-07-31 15:00:00,19700.0,19742.55,10230350,9411100,108.5,54.35,3738650,2217400,0.663615,-0.345733,0.00331508,0.00314496,10.546217,11.233323,2023-08-01
1850,2023-07-31 15:00:00,19750.0,19742.55,6122350,2104500,79.8,75.2,2386100,947300,0.487062,-0.512117,0.00363574,0.00343978,10.507587,11.106921,2023-08-01
7112,2023-07-31 15:00:00,19800.0,19742.55,11727700,3606950,55.95,101.55,2279850,742600,0.311346,-0.678305,0.00325192,0.00310477,10.413868,11.059938,2023-08-01
12369,2023-07-31 15:00:00,19850.0,19742.55,4850200,551300,37.65,132.4,947300,148800,0.170022,-0.816805,0.00233795,0.00232115,10.371139,10.951082,2023-08-01
17625,2023-07-31 15:00:00,19900.0,19742.55,6995200,687850,24.35,169.75,1292000,169550,0.07887,-0.905115,0.00135851,0.00144825,10.372587,11.171648,2023-08-01
22879,2023-07-31 15:00:00,19950.0,19742.55,4070750,122200,15.05,209.75,614850,32000,0.030835,-0.958,0.00064238,0.00076526,10.381806,11.224575,2023-08-01
28132,2023-07-31 15:00:00,20000.0,19742.55,7839900,504450,9.45,254.0,842750,33150,0.011235,-0.981104,0.00026727,0.00038055,10.574174,11.616015,2023-08-01
25507,2023-07-31 15:01:00,19500.0,19752.45,1154700,7351800,273.65,12.0,157900,796800,0.99346,-0.022911,0.00017656,0.00042026,9.957029,12.380054,2023-08-01
20254,2023-07-31 15:01:00,19550.0,19752.45,479550,4239600,228.9,17.05,104200,566050,0.974113,-0.048318,0.00056442,0.00080361,10.21325,11.962996,2023-08-01
14999,2023-07-31 15:01:00,19600.0,19752.45,5490350,13572950,186.65,24.8,1085250,1660200,0.9278,-0.098911,0.00127894,0.001428,10.298849,11.679144,2023-08-01
9742,2023-07-31 15:01:00,19650.0,19752.45,2815200,5831650,146.95,35.35,660450,964350,0.842245,-0.18451,0.00227012,0.00224444,10.172699,11.374115,2023-08-01
4482,2023-07-31 15:01:00,19700.0,19752.45,10230350,9411100,112.4,50.35,2896350,1728300,0.701949,-0.314455,0.0032582,0.00303884,10.192408,11.190101,2023-08-01
1851,2023-07-31 15:01:00,19750.0,19752.45,6122350,2104500,82.8,70.75,2064350,839200,0.523693,-0.478124,0.00374297,0.00342639,10.192276,11.136881,2023-08-01
7113,2023-07-31 15:01:00,19800.0,19752.45,11727700,3606950,58.35,96.15,2494400,825600,0.340414,-0.646599,0.00345665,0.00320915,10.159183,11.09531,2023-08-01
12370,2023-07-31 15:01:00,19850.0,19752.45,4850200,551300,39.15,125.8,957150,136750,0.187983,-0.792997,0.00255431,0.00249948,10.110439,10.952413,2023-08-01
17626,2023-07-31 15:01:00,19900.0,19752.45,6995200,687850,25.2,163.25,1238450,115300,0.08751,-0.886808,0.0015069,0.0016229,10.109903,11.328712,2023-08-01
22880,2023-07-31 15:01:00,19950.0,19752.45,4070750,122200,15.6,202.4,590400,22450,0.034453,-0.947514,0.00072004,0.0009022,10.148039,11.382,2023-08-01
28133,2023-07-31 15:01:00,20000.0,19752.45,7839900,504450,9.7,247.4,649150,43400,0.012381,-0.972207,0.00029757,0.00050506,10.331502,12.111402,2023-08-01
25508,2023-07-31 15:02:00,19500.0,19757.15,1154700,7351800,277.7,11.8,90100,841650,0.994907,-0.021763,0.00014378,0.0003994,9.79465,12.475072,2023-08-01
20255,2023-07-31 15:02:00,19550.0,19757.15,479550,4239600,232.8,16.7,55700,530450,0.977533,-0.045756,0.00050506,0.00076384,10.133935,12.049142,2023-08-01
15000,2023-07-31 15:02:00,19600.0,19757.15,5490350,13572950,190.3,24.05,623350,1371650,0.93457,-0.093106,0.00119103,0.00136096,10.251477,11.722538,2023-08-01
9743,2023-07-31 15:02:00,19650.0,19757.15,2815200,5831650,150.2,34.0,427750,767900,0.853825,-0.173886,0.00216788,0.00216418,10.127401,11.365192,2023-08-01
4483,2023-07-31 15:02:00,19700.0,19757.15,10230350,9411100,115.15,48.45,1784800,1103650,0.718023,-0.299774,0.00318958,0.00298385,10.145576,11.159886,2023-08-01
1852,2023-07-31 15:02:00,19750.0,19757.15,6122350,2104500,84.95,68.15,1374350,873350,0.541483,-0.461837,0.00375114,0.0034357,10.133977,11.073664,2023-08-01
7114,2023-07-31 15:02:00,19800.0,19757.15,11727700,3606950,59.75,93.0,2396250,704600,0.355475,-0.632333,0.00354468,0.00327557,10.067043,11.020424,2023-08-01
12371,2023-07-31 15:02:00,19850.0,19757.15,4850200,551300,40.25,123.05,888900,114850,0.198479,-0.780109,0.00265921,0.00257777,10.040123,11.001459,2023-08-01
17627,2023-07-31 15:02:00,19900.0,19757.15,6995200,687850,25.85,159.3,909500,107100,0.092867,-0.880829,0.00158835,0.00169596,10.025338,11.245255,2023-08-01
22881,2023-07-31 15:02:00,19950.0,19757.15,4070750,122200,15.95,198.9,396000,21700,0.036572,-0.942263,0.0007633,0.00096789,10.05418,11.440782,2023-08-01
28134,2023-07-31 15:02:00,20000.0,19757.15,7839900,504450,9.9,241.8,612450,43800,0.013133,-0.97379,0.00031599,0.00049679,10.238828,11.726103,2023-08-01
25509,2023-07-31 15:03:00,19500.0,19762.75,1085750,7190600,284.0,11.5,81700,872850,0.993825,-0.020316,0.0001626,0.00037407,10.277586,12.566995,2023-08-01
20256,2023-07-31 15:03:00,19550.0,19762.75,431800,4168100,238.7,15.95,40800,401050,0.977515,-0.041808,0.00049216,0.00070922,10.407405,12.06647,2023-08-01
15001,2023-07-31 15:03:00,19600.0,19762.75,4663150,12667850,196.7,22.8,537650,1373050,0.934084,-0.085169,0.0011544,0.00127656,10.638235,11.696379,2023-08-01
9744,2023-07-31 15:03:00,19650.0,19762.75,2578400,5778200,156.0,32.3,409350,619450,0.859192,-0.161222,0.00205709,0.00206773,10.40728,11.33032,2023-08-01
4484,2023-07-31 15:03:00,19700.0,19762.75,8811750,9205900,119.8,46.25,1385650,1187900,0.732792,-0.282614,0.00306263,0.00291222,10.289964,11.124518,2023-08-01
1853,2023-07-31 15:03:00,19750.0,19762.75,5345450,2411000,88.8,65.0,1168600,826650,0.561828,-0.442187,0.00368888,0.00344383,10.236978,10.982221,2023-08-01
7115,2023-07-31 15:03:00,19800.0,19762.75,10625750,3643350,62.95,89.2,1891700,520400,0.376629,-0.614964,0.00357933,0.00335483,10.164024,10.916992,2023-08-01
12372,2023-07-31 15:03:00,19850.0,19762.75,4558900,578150,42.5,118.65,787100,89850,0.21478,-0.767905,0.00277275,0.00268661,10.090465,10.883741,2023-08-01
17628,2023-07-31 15:03:00,19900.0,19762.75,6688150,695650,27.5,153.7,1176850,88750,0.103042,-0.876593,0.00170636,0.00177837,10.071536,10.991414,2023-08-01
22882,2023-07-31 15:03:00,19950.0,19762.75,3937450,130800,16.85,194.0,511250,12350,0.040837,-0.938098,0.00083601,0.00102976,10.043463,11.35721,2023-08-01
28135,2023-07-31 15:03:00,20000.0,19762.75,7628200,512300,10.4,237.1,526650,19050,0.01467,-0.970724,0.00034899,0.00054392,10.200194,11.744946,2023-08-01
25510,2023-07-31 15:04:00,19500.0,19761.6,1085750,7190600,278.2,11.85,69050,614850,0.999908,-0.021284,5.14e-06,0.00038711,6.845238,12.636929,2023-08-01
20257,2023-07-31 15:04:00,19550.0,19761.6,431800,4168100,232.95,16.55,61700,397100,0.990779,-0.043968,0.00027021,0.00073247,8.806883,12.173821,2023-08-01
15002,2023-07-31 15:04:00,19600.0,19761.6,4663150,12667850,190.8,23.65,748400,1376100,0.952922,-0.088886,0.00099053,0.00130438,9.510843,11.822779,2023-08-01
9745,2023-07-31 15:04:00,19650.0,19761.6,2578400,5778200,150.2,33.6,353100,519850,0.878143,-0.167136,0.00203663,0.00208595,9.516708,11.50143,2023-08-01
4485,2023-07-31 15:04:00,19700.0,19761.6,8811750,9205900,114.5,47.8,1691150,1100450,0.743655,-0.288864,0.00321676,0.00289832,9.594357,11.299308,2023-08-01
1854,2023-07-31 15:04:00,19750.0,19761.6,5345450,2411000,84.25,67.1,1167900,693000,0.560719,-0.447172,0.00390153,0.00338177,9.687074,11.207863,2023-08-01
7116,2023-07-31 15:04:00,19800.0,19761.6,10625750,3643350,59.6,91.9,1762400,479250,0.367413,-0.615796,0.00369626,0.00326655,9.768362,11.209341,2023-08-01
12373,2023-07-31 15:04:00,19850.0,19761.6,4558900,578150,39.85,122.5,863700,97900,0.203514,-0.761708,0.00278044,0.0026157,9.752186,11.347161,2023-08-01
17629,2023-07-31 15:04:00,19900.0,19761.6,6688150,695650,25.45,158.3,958850,65800,0.094066,-0.865465,0.00164711,0.00178698,9.764221,11.618139,2023-08-01
22883,2023-07-31 15:04:00,19950.0,19761.6,3937450,130800,15.55,198.35,448900,14900,0.036258,-0.928288,0.00077774,0.00109049,9.802458,12.022698,2023-08-01
28136,2023-07-31 15:04:00,20000.0,19761.6,7628200,512300,9.6,242.0,610550,12650,0.012787,-0.961237,0.00031605,0.00063652,10.007984,12.648981,2023-08-01
25511,2023-07-31 15:05:00,19500.0,19743.5,1085750,7190600,272.1,12.7,92750,874450,0.974625,-0.02595,0.0004643,0.00047075,12.232082,12.2928,2023-08-01
20258,2023-07-31 15:05:00,19550.0,19743.5,431800,4168100,227.6,17.8,61400,988400,0.945936,-0.05357,0.00088863,0.00088469,11.851774,11.818431,2023-08-01
15003,2023-07-31 15:05:00,19600.0,19743.5,4663150,12667850,185.35,25.25,653250,1664050,0.891884,-0.106585,0.00155215,0.00154661,11.482801,11.406011,2023-08-01
9746,2023-07-31 15:05:00,19650.0,19743.5,2578400,5778200,145.5,35.65,409000,882900,0.802194,-0.197414,0.00241979,0.00242093,11.029767,11.011368,2023-08-01
4486,2023-07-31 15:05:00,19700.0,19743.5,8811750,9205900,110.5,50.6,1613200,1772000,0.663892,-0.335856,0.00325338,0.00325782,10.760541,10.742749,2023-08-01
1855,2023-07-31 15:05:00,19750.0,19743.5,5345450,2411000,80.85,70.8,1438100,1176150,0.490546,-0.50949,0.00361345,0.00362444,10.592531,10.560373,2023-08-01
7117,2023-07-31 15:05:00,19800.0,19743.5,10625750,3643350,56.8,96.4,1723100,928400,0.3153,-0.685975,0.00325255,0.00327089,10.485873,10.409001,2023-08-01
12374,2023-07-31 15:05:00,19850.0,19743.5,4558900,578150,37.85,127.55,1119700,138500,0.171606,-0.829857,0.00235775,0.00235904,10.362416,10.300165,2023-08-01
17630,2023-07-31 15:05:00,19900.0,19743.5,6688150,695650,24.2,164.15,813400,165250,0.078566,-0.92183,0.00136479,0.00136216,10.311758,10.292153,2023-08-01
22884,2023-07-31 15:05:00,19950.0,19743.5,3937450,130800,14.8,204.15,383250,25300,0.030132,-0.971808,0.00063657,0.00061166,10.295532,10.138355,2023-08-01
28137,2023-07-31 15:05:00,20000.0,19743.5,7628200,512300,9.05,248.7,706500,31000,0.010442,-0.990174,0.00025475,0.00024397,10.426452,10.324547,2023-08-01
25512,2023-07-31 15:06:00,19500.0,19745.15,1008650,6957700,271.8,12.85,32700,477200,0.980031,-0.02607,0.00039635,0.00046893,11.711221,12.391326,2023-08-01
20259,2023-07-31 15:06:00,19550.0,19745.15,412900,3980450,227.55,18.0,37250,418550,0.952296,-0.053643,0.00082797,0.00087788,11.516615,11.925949,2023-08-01
15004,2023-07-31 15:06:00,19600.0,19745.15,3930200,11935750,184.65,25.45,212850,839650,0.902126,-0.106099,0.00149409,0.00152759,11.099807,11.512945,2023-08-01
9747,2023-07-31 15:06:00,19650.0,19745.15,2457600,5696100,144.85,35.95,242350,659200,0.812755,-0.196082,0.00240597,0.00238403,10.729993,11.138962,2023-08-01
4487,2023-07-31 15:06:00,19700.0,19745.15,8032250,9462200,109.85,50.9,956750,1222050,0.672949,-0.332416,0.00329438,0.0032049,10.514414,10.878806,2023-08-01
1856,2023-07-31 15:06:00,19750.0,19745.15,4695850,2757050,80.5,71.15,778550,700900,0.496406,-0.503434,0.0036737,0.00357222,10.423995,10.720149,2023-08-01
7118,2023-07-31 15:06:00,19800.0,19745.15,10113550,3740000,56.6,97.0,1140350,583100,0.318577,-0.677057,0.0033073,0.00324113,10.360247,10.631975,2023-08-01
12375,2023-07-31 15:06:00,19850.0,19745.15,4248650,614950,37.65,128.1,508350,81150,0.172808,-0.819945,0.0023947,0.00238528,10.250729,10.562132,2023-08-01
17631,2023-07-31 15:06:00,19900.0,19745.15,6419150,697200,24.0,164.7,490800,68950,0.078627,-0.912841,0.00137998,0.00143248,10.206907,10.625299,2023-08-01
22885,2023-07-31 15:06:00,19950.0,19745.15,3949900,125800,14.65,205.15,262200,7850,0.029967,-0.963679,0.00063965,0.00071524,10.201973,10.690384,2023-08-01
28138,2023-07-31 15:06:00,20000.0,19745.15,7382250,513050,9.0,249.05,386100,11400,0.010428,-0.986108,0.00025616,0.00031285,10.359463,10.877303,2023-08-01
25513,2023-07-31 15:07:00,19500.0,19748.0,1008650,6957700,272.1,12.6,32950,384500,0.986743,-0.024949,0.000298,0.00045119,10.969306,12.415868,2023-08-01
20260,2023-07-31 15:07:00,19550.0,19748.0,412900,3980450,226.75,17.75,36600,329800,0.965561,-0.051812,0.00068373,0.0008508,10.707695,11.973451,2023-08-01
15005,2023-07-31 15:07:00,19600.0,19748.0,3930200,11935750,184.45,25.15,251350,694100,0.916186,-0.102912,0.0013938,0.00148673,10.606779,11.573208,2023-08-01
9748,2023-07-31 15:07:00,19650.0,19748.0,2457600,5696100,144.8,35.5,259050,508750,0.827619,-0.190564,0.00236235,0.00233068,10.376736,11.199354,2023-08-01
4488,2023-07-31 15:07:00,19700.0,19748.0,8032250,9462200,109.95,50.5,918450,796700,0.686409,-0.324744,0.00331689,0.00314702,10.263248,10.977186,2023-08-01
1857,2023-07-31 15:07:00,19750.0,19748.0,4695850,2757050,80.75,70.7,750900,487750,0.506948,-0.493313,0.0037367,0.00353102,10.249128,10.846266,2023-08-01
7119,2023-07-31 15:07:00,19800.0,19748.0,10113550,3740000,56.7,96.6,1316200,470550,0.325515,-0.665215,0.00338858,0.00323537,10.204559,10.808709,2023-08-01
12376,2023-07-31 15:07:00,19850.0,19748.0,4248650,614950,37.6,128.2,691600,55100,0.176106,-0.80618,0.00245968,0.00242541,10.102495,10.874052,2023-08-01
17632,2023-07-31 15:07:00,19900.0,19748.0,6419150,697200,24.0,164.35,471700,69900,0.080095,-0.902098,0.00141615,0.00151527,10.088388,10.949085,2023-08-01
22886,2023-07-31 15:07:00,19950.0,19748.0,3949900,125800,14.65,205.1,219300,10500,0.030473,-0.954517,0.00065526,0.00082007,10.100071,11.193273,2023-08-01
28139,2023-07-31 15:07:00,20000.0,19748.0,7382250,513050,9.0,249.1,353200,15400,0.010583,-0.97951,0.0002618,0.00040981,10.269684,11.578829,2023-08-01
25514,2023-07-31 15:08:00,19500.0,19744.15,1008650,6957700,266.6,12.95,28350,410200,0.990328,-0.02644,0.00024265,0.00047494,10.24911,12.388903,2023-08-01
20261,2023-07-31 15:08:00,19550.0,19744.15,412900,3980450,222.3,18.35,27500,223850,0.96671,-0.055089,0.00068366,0.00089377,10.419493,11.971851,2023-08-01
15006,2023-07-31 15:08:00,19600.0,19744.15,3930200,11935750,180.55,26.1,186700,658250,0.914014,-0.109161,0.00144325,0.00154899,10.447346,11.597611,2023-08-01
9749,2023-07-31 15:08:00,19650.0,19744.15,2457600,5696100,140.95,36.8,187450,456400,0.82247,-0.200294,0.0024491,0.00239637,10.203393,11.232926,2023-08-01
4489,2023-07-31 15:08:00,19700.0,19744.15,8032250,9462200,106.7,52.15,645950,863950,0.675433,-0.337349,0.00340607,0.00318763,10.145485,11.009184,2023-08-01
1858,2023-07-31 15:08:00,19750.0,19744.15,4695850,2757050,77.65,73.1,607750,553500,0.492406,-0.506852,0.00379319,0.00350632,10.101609,10.928451,2023-08-01
7120,2023-07-31 15:08:00,19800.0,19744.15,10113550,3740000,54.45,99.6,1004100,505050,0.310977,-0.67591,0.00335487,0.00316207,10.115878,10.921747,2023-08-01
12377,2023-07-31 15:08:00,19850.0,19744.15,4248650,614950,36.05,131.05,379200,48600,0.165484,-0.814538,0.00237687,0.00235268,10.051764,10.916186,2023-08-01
17633,2023-07-31 15:08:00,19900.0,19744.15,6419150,697200,22.9,168.05,452600,60150,0.073865,-0.905038,0.00133785,0.00146356,10.046708,11.090743,2023-08-01
22887,2023-07-31 15:08:00,19950.0,19744.15,3949900,125800,13.9,209.1,262200,4650,0.027537,-0.955119,0.00060491,0.00079895,10.062694,11.372866,2023-08-01
28140,2023-07-31 15:08:00,20000.0,19744.15,7382250,513050,8.5,254.45,399100,10500,0.009395,-0.976536,0.00023687,0.00044,10.23546,12.098469,2023-08-01
25515,2023-07-31 15:09:00,19500.0,19746.35,1006100,6807500,270.0,13.0,53500,598850,0.987695,-0.026203,0.00028492,0.00046815,10.764494,12.477487,2023-08-01
20262,2023-07-31 15:09:00,19550.0,19746.35,408900,3883000,225.35,18.35,40900,267300,0.964341,-0.054288,0.00070324,0.00087767,10.720565,12.053845,2023-08-01
15007,2023-07-31 15:09:00,19600.0,19746.35,3876850,11754450,183.9,25.9,223800,952100,0.910764,-0.106771,0.00143994,0.0015178,10.76782,11.651419,2023-08-01
9750,2023-07-31 15:09:00,19650.0,19746.35,2399350,5576250,143.15,36.45,158650,609200,0.825502,-0.195982,0.00239915,0.00235567,10.30518,11.280432,2023-08-01
4490,2023-07-31 15:09:00,19700.0,19746.35,8083900,9533950,109.25,51.55,811900,883100,0.680127,-0.330808,0.00332963,0.00315404,10.318263,11.043563,2023-08-01
1859,2023-07-31 15:09:00,19750.0,19746.35,4772700,2661300,80.35,71.85,543700,594300,0.500771,-0.499151,0.0037149,0.0035166,10.318748,10.900606,2023-08-01
7121,2023-07-31 15:09:00,19800.0,19746.35,9951350,3417950,56.4,98.15,955200,577500,0.320793,-0.669356,0.00335124,0.00319594,10.264041,10.896608,2023-08-01
12378,2023-07-31 15:09:00,19850.0,19746.35,4364400,595250,37.05,129.55,341300,53250,0.171874,-0.80946,0.00242404,0.00239334,10.101449,10.913682,2023-08-01
17634,2023-07-31 15:09:00,19900.0,19746.35,6377500,663850,23.75,165.95,350700,57000,0.078168,-0.903422,0.00138778,0.00149255,10.114323,11.013664,2023-08-01
22888,2023-07-31 15:09:00,19950.0,19746.35,3995600,124250,14.5,207.25,219500,5900,0.029659,-0.953526,0.00063949,0.00082252,10.127266,11.363517,2023-08-01
28141,2023-07-31 15:09:00,20000.0,19746.35,7297350,512100,8.9,252.95,388650,18300,0.010262,-0.974659,0.00025447,0.00046567,10.293791,12.197291,2023-08-01
25516,2023-07-31 15:10:00,19500.0,19753.55,1006100,6807500,275.15,13.0,60600,389300,0.992732,-0.025097,0.00019003,0.000443,10.185133,12.717652,2023-08-01
20263,2023-07-31 15:10:00,19550.0,19753.55,408900,3883000,228.9,18.2,28350,298650,0.977996,-0.051383,0.0005072,0.00082447,9.944328,12.283544,2023-08-01
15008,2023-07-31 15:10:00,19600.0,19753.55,3876850,11754450,187.75,25.75,283050,632550,0.928655,-0.101221,0.00126396,0.00142744,10.357297,11.918277,2023-08-01
9751,2023-07-31 15:10:00,19650.0,19753.55,2399350,5576250,147.8,36.2,251000,556900,0.844943,-0.185558,0.00224681,0.00221973,10.192872,11.576118,2023-08-01
4491,2023-07-31 15:10:00,19700.0,19753.55,8083900,9533950,112.7,50.9,1030850,832100,0.706902,-0.312952,0.00325848,0.00300132,10.143881,11.340852,2023-08-01
1860,2023-07-31 15:10:00,19750.0,19753.55,4772700,2661300,82.85,70.75,796000,523550,0.527967,-0.474526,0.00377535,0.00341031,10.128349,11.217193,2023-08-01
7122,2023-07-31 15:10:00,19800.0,19753.55,9951350,3417950,58.45,96.3,1112150,330300,0.34308,-0.642109,0.00349146,0.00319957,10.118204,11.212068,2023-08-01
12379,2023-07-31 15:10:00,19850.0,19753.55,4364400,595250,39.25,127.05,561850,50800,0.189341,-0.784586,0.00258064,0.00249652,10.082126,11.258247,2023-08-01
17635,2023-07-31 15:10:00,19900.0,19753.55,6377500,663850,25.05,163.0,722850,70400,0.087139,-0.88365,0.00151599,0.00164505,10.047696,11.431586,2023-08-01
22889,2023-07-31 15:10:00,19950.0,19753.55,3995600,124250,15.3,203.85,197250,8200,0.033477,-0.939656,0.00071215,0.00096953,10.051189,11.858477,2023-08-01
28142,2023-07-31 15:10:00,20000.0,19753.55,7297350,512100,9.5,247.2,340050,10400,0.0119,-0.970165,0.00029073,0.00052939,10.247699,12.293471,2023-08-01
25517,2023-07-31 15:11:00,19500.0,19760.0,1006100,6807500,276.35,12.75,18500,317700,0.999974,-0.023539,1.72e-06,0.00041516,6.307741,12.859697,2023-08-01
20264,2023-07-31 15:11:00,19550.0,19760.0,408900,3883000,231.85,17.85,15400,216100,0.989327,-0.04826,0.00030215,0.00077461,8.971101,12.436585,2023-08-01
15009,2023-07-31 15:11:00,19600.0,19760.0,3876850,11754450,189.2,25.3,153300,370700,0.952464,-0.095447,0.00100537,0.00134757,9.466866,12.093245,2023-08-01
9752,2023-07-31 15:11:00,19650.0,19760.0,2399350,5576250,149.0,35.55,164450,342800,0.874931,-0.175402,0.00207525,0.00210821,9.534941,11.765794,2023-08-01
4492,2023-07-31 15:11:00,19700.0,19760.0,8083900,9533950,113.55,50.0,607300,474650,0.738267,-0.297204,0.00324931,0.00287949,9.624733,11.552923,2023-08-01
1861,2023-07-31 15:11:00,19750.0,19760.0,4772700,2661300,83.95,69.65,550750,306250,0.554021,-0.453581,0.00388273,0.00331812,9.782009,11.474314,2023-08-01
7123,2023-07-31 15:11:00,19800.0,19760.0,9951350,3417950,59.05,95.1,724350,222250,0.36159,-0.617878,0.00367299,0.00317462,9.801833,11.543798,2023-08-01
12380,2023-07-31 15:11:00,19850.0,19760.0,4364400,595250,39.6,125.5,379000,38200,0.199793,-0.760618,0.00274147,0.00256088,9.806319,11.64781,2023-08-01
17636,2023-07-31 15:11:00,19900.0,19760.0,6377500,663850,25.35,161.5,295550,39550,0.092267,-0.861884,0.00161773,0.00177145,9.824916,11.962135,2023-08-01
22890,2023-07-31 15:11:00,19950.0,19760.0,3995600,124250,15.45,201.6,196100,6650,0.035339,-0.924164,0.00075988,0.00110564,9.84835,12.406295,2023-08-01
28143,2023-07-31 15:11:00,20000.0,19760.0,7297350,512100,9.55,245.0,275050,6750,0.012445,-0.958226,0.00030807,0.00065862,10.05432,13.022441,2023-08-01
25518,2023-07-31 15:12:00,19500.0,19761.65,994650,6701850,276.35,12.8,25150,276700,,-0.023417,,0.00041122,0.0,12.929767,2023-08-01
20265,2023-07-31 15:12:00,19550.0,19761.65,398850,3798300,231.8,17.9,15100,154950,0.993832,-0.047898,0.00020136,0.00076569,8.316986,12.509167,2023-08-01
15010,2023-07-31 15:12:00,19600.0,19761.65,3815750,11592500,189.3,25.4,140400,349800,0.959588,-0.094749,0.00091334,0.00133106,9.143864,12.180457,2023-08-01
9753,2023-07-31 15:12:00,19650.0,19761.65,2295250,5252450,149.15,35.65,161250,271700,0.883562,-0.173761,0.00201799,0.00207972,9.32652,11.859109,2023-08-01
4493,2023-07-31 15:12:00,19700.0,19761.65,7811850,9364250,113.75,50.0,633950,513000,0.746743,-0.293827,0.00324222,0.00284336,9.484686,11.641438,2023-08-01
1862,2023-07-31 15:12:00,19750.0,19761.65,4697300,2620450,83.9,69.7,480200,277200,0.561254,-0.448577,0.00392852,0.00328185,9.644849,11.586104,2023-08-01
7124,2023-07-31 15:12:00,19800.0,19761.65,9621150,3208950,59.2,95.05,658900,228750,0.366523,-0.611528,0.0037219,0.00315817,9.719826,11.663262,2023-08-01
12381,2023-07-31 15:12:00,19850.0,19761.65,4323850,592650,39.7,125.4,362350,32550,0.202594,-0.753824,0.00278475,0.0025696,9.737388,11.788543,2023-08-01
17637,2023-07-31 15:12:00,19900.0,19761.65,6339100,647300,25.35,160.85,350800,26450,0.093293,-0.857271,0.00164319,0.00179878,9.754644,12.04918,2023-08-01
22891,2023-07-31 15:12:00,19950.0,19761.65,3863050,125650,15.55,201.55,221150,4300,0.036011,-0.918549,0.00077487,0.00114619,9.810747,12.636422,2023-08-01
28144,2023-07-31 15:12:00,20000.0,19761.65,7314700,503550,9.5,244.65,346250,5900,0.012443,-0.95452,0.00031017,0.0006939,9.98702,13.241391,2023-08-01
25519,2023-07-31 15:13:00,19500.0,19766.85,994650,6701850,278.8,12.4,48900,302400,,-0.021758,,0.00038493,0.0,12.983662,2023-08-01
20266,2023-07-31 15:13:00,19550.0,19766.85,398850,3798300,233.55,17.4,23950,186050,0.9998,-0.044864,1.211e-05,0.0007226,6.020238,12.577763,2023-08-01
15011,2023-07-31 15:13:00,19600.0,19766.85,3815750,11592500,191.45,24.55,171600,655750,0.973671,-0.088671,0.00069036,0.00126308,8.497966,12.221757,2023-08-01
9754,2023-07-31 15:13:00,19650.0,19766.85,2295250,5252450,151.05,34.7,161550,309650,0.904237,-0.164628,0.00183557,0.00199615,8.902826,11.93549,2023-08-01
4494,2023-07-31 15:13:00,19700.0,19766.85,7811850,9364250,115.7,48.6,843250,855250,0.769332,-0.280208,0.00316645,0.0027654,9.232312,11.704455,2023-08-01
1863,2023-07-31 15:13:00,19750.0,19766.85,4697300,2620450,85.3,68.25,687800,381800,0.58346,-0.432218,0.00398032,0.00322851,9.422297,11.705418,2023-08-01
7125,2023-07-31 15:13:00,19800.0,19766.85,9621150,3208950,60.1,93.1,905450,263500,0.383549,-0.5941,0.00385759,0.00316402,9.513837,11.780657,2023-08-01
12382,2023-07-31 15:13:00,19850.0,19766.85,4323850,592650,40.3,122.9,409150,37650,0.212966,-0.738367,0.00292233,0.00262837,9.557442,11.900259,2023-08-01
17638,2023-07-31 15:13:00,19900.0,19766.85,6339100,647300,25.7,159.0,435000,54700,0.098213,-0.841937,0.00173586,0.00187971,9.590507,12.342868,2023-08-01
22892,2023-07-31 15:13:00,19950.0,19766.85,3863050,125650,15.75,198.6,162700,4950,0.037899,-0.909226,0.00082039,0.00122458,9.66229,12.827594,2023-08-01
28145,2023-07-31 15:13:00,20000.0,19766.85,7314700,503550,9.65,242.3,264200,12900,0.013151,-0.945758,0.00032952,0.00077552,9.86228,13.636981,2023-08-01
25520,2023-07-31 15:14:00,19500.0,19760.0,994650,6701850,274.25,12.8,27100,336200,,-0.023588,,0.00041571,0.0,12.878283,2023-08-01
20267,2023-07-31 15:14:00,19550.0,19760.0,398850,3798300,229.9,18.0,35100,194900,0.99434,-0.048618,0.00019032,0.00077755,8.160096,12.475823,2023-08-01
15012,2023-07-31 15:14:00,19600.0,19760.0,3815750,11592500,186.95,25.45,168900,376350,0.962032,-0.095832,0.00089149,0.00134928,8.911129,12.126281,2023-08-01
9755,2023-07-31 15:14:00,19650.0,19760.0,2295250,5252450,147.15,35.9,127550,275050,0.883647,-0.176433,0.00204724,0.00210709,9.195613,11.827982,2023-08-01
4495,2023-07-31 15:14:00,19700.0,19760.0,7811850,9364250,112.0,50.2,607750,626050,0.743594,-0.297563,0.00329889,0.00287575,9.389464,11.586262,2023-08-01
1864,2023-07-31 15:14:00,19750.0,19760.0,4697300,2620450,82.2,70.45,457450,359750,0.555363,-0.453999,0.00398394,0.0032887,9.538873,11.59028,2023-08-01
7126,2023-07-31 15:14:00,19800.0,19760.0,9621150,3208950,58.1,95.8,668900,264000,0.359618,-0.617003,0.00371909,0.00315236,9.672107,11.645264,2023-08-01
12383,2023-07-31 15:14:00,19850.0,19760.0,4323850,592650,38.8,126.5,310750,36300,0.196656,-0.758014,0.00275127,0.00254563,9.68848,11.79894,2023-08-01
17639,2023-07-31 15:14:00,19900.0,19760.0,6339100,647300,24.6,162.6,357600,55250,0.089115,-0.858476,0.00159929,0.00177574,9.695084,12.145049,2023-08-01
22893,2023-07-31 15:14:00,19950.0,19760.0,3863050,125650,15.0,203.3,187900,5000,0.033802,-0.91909,0.00074072,0.00113329,9.750801,12.72594,2023-08-01
28146,2023-07-31 15:14:00,20000.0,19760.0,7314700,503550,9.25,247.35,331000,6600,0.011762,-0.952259,0.00029617,0.00070665,9.968652,13.529158,2023-08-01
25521,2023-07-31 15:15:00,19500.0,19751.5,984800,6543950,271.2,12.9,110650,521550,0.996242,-0.025008,0.00011656,0.00044563,9.25112,12.627939,2023-08-01
20268,2023-07-31 15:15:00,19550.0,19751.5,382800,3713250,227.4,18.1,67750,344300,0.975932,-0.051518,0.00054212,0.0008339,10.052014,12.192079,2023-08-01
15013,2023-07-31 15:15:00,19600.0,19751.5,3713750,11401450,184.6,25.85,280400,701300,0.932288,-0.102701,0.00125326,0.00145233,10.051938,11.860018,2023-08-01
9756,2023-07-31 15:15:00,19650.0,19751.5,2205700,5204200,145.35,36.45,298650,442400,0.84429,-0.188779,0.00229129,0.00225695,10.040982,11.528004,2023-08-01
4496,2023-07-31 15:15:00,19700.0,19751.5,7304350,9311300,110.45,51.3,741800,908150,0.702807,-0.318204,0.00332811,0.00304058,10.013479,11.294645,2023-08-01
1865,2023-07-31 15:15:00,19750.0,19751.5,4516350,2586050,80.85,71.65,764500,552500,0.520419,-0.481534,0.00383095,0.00342014,10.011041,11.216191,2023-08-01
7127,2023-07-31 15:15:00,19800.0,19751.5,9444050,3197500,56.9,97.5,842300,404450,0.334287,-0.648772,0.00349296,0.00318052,10.031457,11.224551,2023-08-01
12384,2023-07-31 15:15:00,19850.0,19751.5,4214550,601650,37.85,128.55,402200,159050,0.181115,-0.789502,0.00254159,0.0024613,9.976653,11.287061,2023-08-01
17640,2023-07-31 15:15:00,19900.0,19751.5,6316050,672750,24.1,165.2,548850,132600,0.082024,-0.884923,0.0014628,0.00161792,9.969283,11.553777,2023-08-01
22894,2023-07-31 15:15:00,19950.0,19751.5,3824150,122850,14.6,205.95,467050,49000,0.030761,-0.940466,0.00067061,0.00095339,9.971627,11.954024,2023-08-01
28147,2023-07-31 15:15:00,20000.0,19751.5,7304600,497250,8.9,249.7,558450,30900,0.010482,-0.969569,0.0002637,0.00053117,10.136934,12.477203,2023-08-01
25522,2023-07-31 15:16:00,19500.0,19747.35,984800,6543950,269.75,12.85,17050,305150,0.990695,-0.025468,0.00023301,0.0004582,10.344634,12.477437,2023-08-01
20269,2023-07-31 15:16:00,19550.0,19747.35,382800,3713250,225.45,18.15,25300,145400,0.967777,-0.053005,0.00066016,0.00086326,10.53168,12.053351,2023-08-01
15014,2023-07-31 15:16:00,19600.0,19747.35,3713750,11401450,183.5,25.85,142950,352300,0.917305,-0.105517,0.00139334,0.0015033,10.536507,11.691293,2023-08-01
9757,2023-07-31 15:16:00,19650.0,19747.35,2205700,5204200,143.9,36.4,102800,200100,0.828085,-0.19408,0.00237868,0.0023376,10.319838,11.327025,2023-08-01
4497,2023-07-31 15:16:00,19700.0,19747.35,7304350,9311300,109.25,51.25,425300,462350,0.68517,-0.327594,0.00334219,0.00314388,10.234629,11.061784,2023-08-01
1866,2023-07-31 15:16:00,19750.0,19747.35,4516350,2586050,79.95,71.75,349650,332700,0.504455,-0.4957,0.00376728,0.00350568,10.19859,10.959694,2023-08-01
7128,2023-07-31 15:16:00,19800.0,19747.35,9444050,3197500,55.95,97.8,590100,274550,0.321822,-0.666034,0.00340154,0.00320494,10.149602,10.934881,2023-08-01
12385,2023-07-31 15:16:00,19850.0,19747.35,4214550,601650,37.2,129.0,243700,55150,0.173282,-0.80714,0.00244648,0.00241144,10.08465,10.938041,2023-08-01
17641,2023-07-31 15:16:00,19900.0,19747.35,6316050,672750,23.15,165.5,514600,64000,0.07607,-0.90129,0.00138225,0.00151214,9.970391,11.072438,2023-08-01
22895,2023-07-31 15:16:00,19950.0,19747.35,3824150,122850,14.0,206.0,237700,11050,0.028165,-0.954361,0.00062297,0.00081878,9.982036,11.276842,2023-08-01
28148,2023-07-31 15:16:00,20000.0,19747.35,7304600,497250,8.55,250.55,237200,19900,0.009554,-0.978036,0.00024276,0.00042733,10.160436,11.813058,2023-08-01
25523,2023-07-31 15:17:00,19500.0,19752.15,984800,6543950,272.45,12.7,30400,279700,0.995209,-0.024348,0.00014001,0.00043717,9.577152,12.594794,2023-08-01
20270,2023-07-31 15:17:00,19550.0,19752.15,382800,3713250,227.5,17.85,20250,173000,0.97785,-0.050418,0.00051287,0.0008224,9.913992,12.160136,2023-08-01
15015,2023-07-31 15:17:00,19600.0,19752.15,3713750,11401450,184.65,25.5,150300,411250,0.935205,-0.100884,0.00122457,0.00143918,9.948996,11.821603,2023-08-01
9758,2023-07-31 15:17:00,19650.0,19752.15,2205700,5204200,145.35,35.8,168750,269350,0.847885,-0.185614,0.00227605,0.00224957,9.959656,11.453053,2023-08-01
4498,2023-07-31 15:17:00,19700.0,19752.15,7304350,9311300,110.3,50.45,569400,619750,0.706618,-0.314802,0.0033383,0.00305265,9.930305,11.206085,2023-08-01
1867,2023-07-31 15:17:00,19750.0,19752.15,4516350,2586050,80.85,70.8,538350,477750,0.523002,-0.479192,0.00385004,0.00344445,9.964396,11.141104,2023-08-01
7129,2023-07-31 15:17:00,19800.0,19752.15,9444050,3197500,56.6,96.5,664100,252350,0.335189,-0.647937,0.00352692,0.00321046,9.95189,11.136687,2023-08-01
12386,2023-07-31 15:17:00,19850.0,19752.15,4214550,601650,37.6,127.05,260950,54350,0.180924,-0.791429,0.00255922,0.00248502,9.90787,11.126267,2023-08-01
17642,2023-07-31 15:17:00,19900.0,19752.15,6316050,672750,23.75,163.7,360450,58100,0.080931,-0.887559,0.00146206,0.00161663,9.880348,11.381068,2023-08-01
22896,2023-07-31 15:17:00,19950.0,19752.15,3824150,122850,14.35,203.2,205050,4550,0.03007,-0.946868,0.00066381,0.00090606,9.892321,11.506959,2023-08-01
28149,2023-07-31 15:17:00,20000.0,19752.15,7304600,497250,8.75,247.8,198250,9550,0.010198,-0.972597,0.00025928,0.00050005,10.071964,12.156058,2023-08-01
25524,2023-07-31 15:18:00,19500.0,19753.2,936700,6372600,273.05,12.95,19650,296600,0.996039,-0.024811,0.00012059,0.00044051,9.384276,12.702517,2023-08-01
20271,2023-07-31 15:18:00,19550.0,19753.2,361000,3583000,228.7,18.15,6650,194350,0.977557,-0.051021,0.00051453,0.00082306,9.995268,12.269423,2023-08-01
15016,2023-07-31 15:18:00,19600.0,19753.2,3605200,11310050,186.15,25.65,67400,289700,0.933876,-0.100684,0.00122712,0.00142871,10.088884,11.894505,2023-08-01
9759,2023-07-31 15:18:00,19650.0,19753.2,2069000,5122650,146.7,36.0,71850,187750,0.84793,-0.184902,0.00225357,0.00222871,10.059957,11.536027,2023-08-01
4499,2023-07-31 15:18:00,19700.0,19753.2,7006600,9029350,111.95,50.65,326400,320700,0.707422,-0.312884,0.00328632,0.00302193,10.077469,11.293643,2023-08-01
1868,2023-07-31 15:18:00,19750.0,19753.2,4306800,2383000,82.15,70.9,296450,208050,0.526785,-0.47574,0.00380914,0.0034183,10.068349,11.224091,2023-08-01
7130,2023-07-31 15:18:00,19800.0,19753.2,9306700,3097800,57.65,96.55,398950,158700,0.340156,-0.643478,0.00351777,0.00319965,10.03765,11.227765,2023-08-01
12387,2023-07-31 15:18:00,19850.0,19753.2,4092350,510050,38.35,127.05,183350,29600,0.185091,-0.786707,0.00257987,0.00249506,9.9721,11.231183,2023-08-01
17643,2023-07-31 15:18:00,19900.0,19753.2,6299250,628050,24.2,163.6,225200,19850,0.083234,-0.88357,0.00148788,0.00164107,9.91922,11.496655,2023-08-01
22897,2023-07-31 15:18:00,19950.0,19753.2,3770450,115700,14.65,204.25,156350,3000,0.03116,-0.940054,0.00068161,0.00096475,9.925136,11.888497,2023-08-01
28150,2023-07-31 15:18:00,20000.0,19753.2,7244900,492750,8.85,248.0,183500,5600,0.010443,-0.969418,0.00026482,0.00053642,10.070794,12.417844,2023-08-01
25525,2023-07-31 15:19:00,19500.0,19755.65,936700,6372600,272.6,12.9,10650,277350,0.9997,-0.024309,1.453e-05,0.0004308,7.329478,12.770562,2023-08-01
20272,2023-07-31 15:19:00,19550.0,19755.65,361000,3583000,228.1,18.05,15550,121550,0.987262,-0.049896,0.0003491,0.00080435,9.080128,12.336485,2023-08-01
15017,2023-07-31 15:19:00,19600.0,19755.65,3605200,11310050,185.2,25.6,84950,367250,0.949422,-0.098854,0.00106606,0.00139927,9.409263,11.985664,2023-08-01
9760,2023-07-31 15:19:00,19650.0,19755.65,2069000,5122650,146.05,36.0,101150,141950,0.864215,-0.181771,0.00218415,0.00218391,9.618174,11.650524,2023-08-01
4500,2023-07-31 15:19:00,19700.0,19755.65,7006600,9029350,110.8,50.65,291950,373100,0.723687,-0.307522,0.00333654,0.00296499,9.660315,11.426742,2023-08-01
1869,2023-07-31 15:19:00,19750.0,19755.65,4306800,2383000,81.55,71.05,256500,247850,0.537054,-0.467845,0.00390772,0.00336047,9.796237,11.403757,2023-08-01
7131,2023-07-31 15:19:00,19800.0,19755.65,9306700,3097800,57.35,96.8,405950,207150,0.345911,-0.633019,0.00361012,0.00316772,9.845116,11.456005,2023-08-01
12388,2023-07-31 15:19:00,19850.0,19755.65,4092350,510050,38.15,127.9,241450,31000,0.187661,-0.773251,0.00264337,0.00250287,9.818223,11.598685,2023-08-01
17644,2023-07-31 15:19:00,19900.0,19755.65,6299250,628050,24.1,163.85,225800,28650,0.084219,-0.872583,0.00152,0.00169801,9.797961,11.840394,2023-08-01
22898,2023-07-31 15:19:00,19950.0,19755.65,3770450,115700,14.5,204.65,103700,1200,0.031159,-0.930405,0.0006903,0.00104345,9.80231,12.34569,2023-08-01
28151,2023-07-31 15:19:00,20000.0,19755.65,7244900,492750,8.75,248.35,144250,4250,0.01038,-0.962021,0.00026634,0.0006138,9.962501,12.970813,2023-08-01
25526,2023-07-31 15:20:00,19500.0,19760.05,936700,6372600,276.95,12.6,42650,384750,0.999741,-0.022937,1.263e-05,0.00040841,7.371902,12.829875,2023-08-01
20273,2023-07-31 15:20:00,19550.0,19760.05,361000,3583000,232.2,17.65,42150,251000,0.988548,-0.047277,0.00031745,0.0007664,9.106198,12.402754,2023-08-01
15018,2023-07-31 15:20:00,19600.0,19760.05,3605200,11310050,188.9,24.95,220000,476050,0.954145,-0.093717,0.00098667,0.00133978,9.400536,12.037823,2023-08-01
9761,2023-07-31 15:20:00,19650.0,19760.05,2069000,5122650,148.85,35.05,236850,420500,0.876216,-0.173152,0.00207107,0.00211021,9.514823,11.694732,2023-08-01
4501,2023-07-31 15:20:00,19700.0,19760.05,7006600,9029350,113.55,49.05,632200,749100,0.738818,-0.294489,0.00325304,0.0029089,9.633022,11.423275,2023-08-01
1870,2023-07-31 15:20:00,19750.0,19760.05,4306800,2383000,83.55,68.95,619150,554700,0.554544,-0.45302,0.00391314,0.00335291,9.734288,11.388526,2023-08-01
7132,2023-07-31 15:20:00,19800.0,19760.05,9306700,3097800,58.85,94.1,740450,379800,0.361014,-0.619455,0.00368952,0.00321596,9.782789,11.4164,2023-08-01
12389,2023-07-31 15:20:00,19850.0,19760.05,4092350,510050,39.4,124.5,359050,104900,0.198624,-0.763828,0.00274617,0.00257974,9.785211,11.512902,2023-08-01
17645,2023-07-31 15:20:00,19900.0,19760.05,6299250,628050,24.8,160.3,303250,43500,0.089649,-0.866303,0.00160289,0.00176485,9.73638,11.778795,2023-08-01
22899,2023-07-31 15:20:00,19950.0,19760.05,3770450,115700,14.9,200.5,310550,13650,0.033307,-0.927948,0.00073456,0.00108335,9.733857,12.213661,2023-08-01
28152,2023-07-31 15:20:00,20000.0,19760.05,7244900,492750,8.95,243.9,210650,10300,0.011049,-0.961334,0.00028349,0.00063139,9.883835,12.796615,2023-08-01
25527,2023-07-31 15:21:00,19500.0,19768.2,920350,6357000,280.45,12.6,31150,310750,,-0.021876,,0.00038436,0.0,13.097967,2023-08-01
20274,2023-07-31 15:21:00,19550.0,19768.2,338500,3514600,235.15,17.4,17800,190500,0.999597,-0.044213,2.187e-05,0.00071273,6.416401,12.636512,2023-08-01
15019,2023-07-31 15:21:00,19600.0,19768.2,3516700,11037200,192.8,24.3,290800,548150,0.97408,-0.086654,0.00067843,0.00124352,8.557863,12.235485,2023-08-01
9762,2023-07-31 15:21:00,19650.0,19768.2,1965000,4959800,152.0,34.15,164950,290500,0.907584,-0.160851,0.00179548,0.00197541,8.889662,11.912015,2023-08-01
4502,2023-07-31 15:21:00,19700.0,19768.2,6826150,8762700,116.05,47.75,664200,588400,0.776154,-0.275163,0.00314972,0.00276003,9.150176,11.654879,2023-08-01
1871,2023-07-31 15:21:00,19750.0,19768.2,4229550,2333150,85.5,67.15,622400,425550,0.589644,-0.427358,0.00400792,0.00324785,9.350046,11.641484,2023-08-01
7133,2023-07-31 15:21:00,19800.0,19768.2,9220600,3036900,60.3,91.8,740350,325900,0.387814,-0.590707,0.00390063,0.00319898,9.464759,11.707114,2023-08-01
12390,2023-07-31 15:21:00,19850.0,19768.2,4051850,479200,40.35,121.95,336250,79100,0.214939,-0.735577,0.00296251,0.00265163,9.504074,11.891831,2023-08-01
17646,2023-07-31 15:21:00,19900.0,19768.2,6210300,616450,25.6,156.8,356650,42450,0.09835,-0.843934,0.00175449,0.00189877,9.52384,12.149765,2023-08-01
22900,2023-07-31 15:21:00,19950.0,19768.2,3906150,116650,15.3,198.7,201000,7750,0.036466,-0.904601,0.00080879,0.00125333,9.52253,13.037227,2023-08-01
28153,2023-07-31 15:21:00,20000.0,19768.2,7221300,488950,9.15,240.75,270500,10250,0.012022,-0.946335,0.00031144,0.00077596,9.681092,13.55077,2023-08-01
25528,2023-07-31 15:22:00,19500.0,19771.6,920350,6357000,281.6,12.05,43350,430450,,-0.020163,,0.00036025,0.0,13.045241,2023-08-01
20275,2023-07-31 15:22:00,19550.0,19771.6,338500,3514600,236.3,16.65,35650,308000,,-0.041052,,0.00067461,0.0,12.575668,2023-08-01
15020,2023-07-31 15:22:00,19600.0,19771.6,3516700,11037200,193.65,23.4,463500,927100,0.9845,-0.081635,0.00047724,0.00119379,7.867444,12.189058,2023-08-01
9763,2023-07-31 15:22:00,19650.0,19771.6,1965000,4959800,153.0,33.05,199650,453400,0.922261,-0.153414,0.00164372,0.00192105,8.531014,11.875687,2023-08-01
4503,2023-07-31 15:22:00,19700.0,19771.6,6826150,8762700,116.55,46.4,669700,760500,0.794628,-0.265279,0.00309971,0.00271736,8.845184,11.625287,2023-08-01
1872,2023-07-31 15:22:00,19750.0,19771.6,4229550,2333150,85.9,65.65,711900,491100,0.605707,-0.416294,0.00406669,0.00323165,9.122336,11.636782,2023-08-01
7134,2023-07-31 15:22:00,19800.0,19771.6,9220600,3036900,60.65,90.3,1100900,414300,0.399255,-0.579554,0.00400605,0.00320818,9.291655,11.747617,2023-08-01
12391,2023-07-31 15:22:00,19850.0,19771.6,4051850,479200,40.45,120.0,435950,100550,0.221067,-0.726193,0.00306445,0.00269401,9.339678,11.913488,2023-08-01
17647,2023-07-31 15:22:00,19900.0,19771.6,6210300,616450,25.6,154.95,692500,88500,0.100785,-0.835816,0.00181479,0.00194975,9.375117,12.233037,2023-08-01
22901,2023-07-31 15:22:00,19950.0,19771.6,3906150,116650,15.2,194.9,539050,6400,0.036942,-0.904127,0.00083046,0.00127946,9.374569,12.819839,2023-08-01
28154,2023-07-31 15:22:00,20000.0,19771.6,7221300,488950,9.05,239.2,339800,12600,0.012039,-0.940482,0.00031642,0.00082733,9.541843,13.79191,2023-08-01
25529,2023-07-31 15:23:00,19500.0,19768.2,920350,6357000,281.6,12.1,39250,344150,,-0.020648,,0.00037043,0.0,12.951616,2023-08-01
20276,2023-07-31 15:23:00,19550.0,19768.2,338500,3514600,236.3,16.75,29650,233300,0.998163,-0.042172,7.642e-05,0.00069504,7.407001,12.481205,2023-08-01
15021,2023-07-31 15:23:00,19600.0,19768.2,3516700,11037200,193.35,23.5,537500,1071650,0.971919,-0.083738,0.00071238,0.00122879,8.719459,12.076904,2023-08-01
9764,2023-07-31 15:23:00,19650.0,19768.2,1965000,4959800,152.3,33.0,212400,316050,0.906172,-0.156725,0.00180414,0.00197574,8.952904,11.716988,2023-08-01
4504,2023-07-31 15:23:00,19700.0,19768.2,6826150,8762700,116.1,46.65,583950,460850,0.776025,-0.272211,0.00314917,0.00278671,9.16112,11.489783,2023-08-01
1873,2023-07-31 15:23:00,19750.0,19768.2,4229550,2333150,85.35,65.8,532450,503400,0.589856,-0.426178,0.0040182,0.00330197,9.331399,11.452243,2023-08-01
7135,2023-07-31 15:23:00,19800.0,19768.2,9220600,3036900,60.25,90.4,750750,449900,0.387667,-0.592328,0.00390469,0.00325198,9.460419,11.513138,2023-08-01
12392,2023-07-31 15:23:00,19850.0,19768.2,4051850,479200,40.3,120.45,338900,96300,0.214644,-0.739597,0.00296372,0.00268178,9.499157,11.674359,2023-08-01
17648,2023-07-31 15:23:00,19900.0,19768.2,6210300,616450,25.45,155.8,378000,39500,0.097626,-0.847308,0.00175059,0.00189758,9.50013,11.991228,2023-08-01
22902,2023-07-31 15:23:00,19950.0,19768.2,3906150,116650,15.1,194.85,282500,9050,0.035733,-0.916694,0.00079952,0.00119764,9.480616,12.342972,2023-08-01
28155,2023-07-31 15:23:00,20000.0,19768.2,7221300,488950,9.05,238.7,325200,8600,0.011774,-0.951912,0.00030693,0.00073449,9.653773,13.127242,2023-08-01
25530,2023-07-31 15:24:00,19500.0,19759.6,906750,6275300,276.6,12.3,28850,280950,0.999672,-0.02216,1.544e-05,0.0004003,7.506198,12.732483,2023-08-01
20277,2023-07-31 15:24:00,19550.0,19759.6,321350,3416100,230.9,17.05,30850,269450,0.99083,-0.04537,0.00027174,0.00075186,8.775864,12.248628,2023-08-01
15022,2023-07-31 15:24:00,19600.0,19759.6,2858500,10207550,188.2,24.1,136850,491750,0.955112,-0.090722,0.00097851,0.00132978,9.33091,11.856941,2023-08-01
9765,2023-07-31 15:24:00,19650.0,19759.6,1924100,4896750,148.05,34.15,148300,260700,0.877501,-0.170334,0.00207568,0.00212154,9.437692,11.527144,2023-08-01
4505,2023-07-31 15:24:00,19700.0,19759.6,6617700,8468850,112.5,48.15,613050,490100,0.739963,-0.293063,0.00328763,0.00294632,9.523522,11.268695,2023-08-01
1874,2023-07-31 15:24:00,19750.0,19759.6,3839600,2329750,82.25,68.05,502250,410900,0.553565,-0.453926,0.00397821,0.00340365,9.591765,11.237493,2023-08-01
7136,2023-07-31 15:24:00,19800.0,19759.6,8727150,2935600,57.95,93.4,971500,328900,0.357817,-0.622462,0.00371873,0.00324933,9.689701,11.287533,2023-08-01
12393,2023-07-31 15:24:00,19850.0,19759.6,3922300,470450,38.6,124.0,365550,90350,0.194747,-0.767542,0.00274362,0.00258625,9.691663,11.399612,2023-08-01
17649,2023-07-31 15:24:00,19900.0,19759.6,5870000,660950,24.5,159.8,457650,50750,0.087962,-0.870166,0.00158736,0.0017517,9.70721,11.645932,2023-08-01
22903,2023-07-31 15:24:00,19950.0,19759.6,4068300,115850,14.45,200.15,195900,9100,0.031662,-0.930868,0.00071143,0.0010623,9.652636,12.082832,2023-08-01
28156,2023-07-31 15:24:00,20000.0,19759.6,7103750,487850,8.65,244.0,271500,17300,0.01035,-0.962497,0.00027018,0.00061954,9.811125,12.738424,2023-08-01
25531,2023-07-31 15:25:00,19500.0,19756.7,906750,6275300,272.2,12.65,43250,535500,,-0.023384,,0.00041878,0.0,12.741085,2023-08-01
20278,2023-07-31 15:25:00,19550.0,19756.7,321350,3416100,227.1,17.8,22100,339250,0.992954,-0.048549,0.00022751,0.00078938,8.319884,12.323659,2023-08-01
15023,2023-07-31 15:25:00,19600.0,19756.7,2858500,10207550,184.4,25.1,163450,822550,0.9579,-0.096076,0.00096299,0.00137854,9.007479,11.938322,2023-08-01
9766,2023-07-31 15:25:00,19650.0,19756.7,1924100,4896750,145.0,35.55,144100,522400,0.875191,-0.178622,0.00213759,0.0021681,9.289619,11.630917,2023-08-01
4506,2023-07-31 15:25:00,19700.0,19756.7,6617700,8468850,109.7,49.95,553850,824800,0.733182,-0.303447,0.00337894,0.00296421,9.393367,11.385316,2023-08-01
1875,2023-07-31 15:25:00,19750.0,19756.7,3839600,2329750,80.2,70.1,477650,590500,0.542259,-0.464122,0.0040188,0.00338241,9.532264,11.343588,2023-08-01
7137,2023-07-31 15:25:00,19800.0,19756.7,8727150,2935600,56.45,96.4,824950,354850,0.346588,-0.62965,0.00368915,0.00317495,9.660707,11.487382,2023-08-01
12394,2023-07-31 15:25:00,19850.0,19756.7,3922300,470450,37.75,127.6,494300,71750,0.187282,-0.769916,0.00267457,0.00251517,9.711132,11.660589,2023-08-01
17650,2023-07-31 15:25:00,19900.0,19756.7,5870000,660950,23.9,163.85,417700,66600,0.083751,-0.868662,0.00152815,0.00171844,9.724592,11.972096,2023-08-01
22904,2023-07-31 15:25:00,19950.0,19756.7,4068300,115850,14.3,204.75,307300,8900,0.030572,-0.926803,0.00068627,0.00107112,9.72527,12.526816,2023-08-01
28157,2023-07-31 15:25:00,20000.0,19756.7,7103750,487850,8.55,248.7,324600,20000,0.009961,-0.958519,0.00025977,0.00064706,9.874097,13.245561,2023-08-01
25532,2023-07-31 15:26:00,19500.0,19755.5,906750,6275300,273.25,12.7,15500,219900,0.999015,-0.023647,3.939e-05,0.00042371,8.143442,12.71738,2023-08-01
20279,2023-07-31 15:26:00,19550.0,19755.5,321350,3416100,228.35,17.7,10800,208400,0.986125,-0.048554,0.00037054,0.00079399,9.232802,12.257961,2023-08-01
15024,2023-07-31 15:26:00,19600.0,19755.5,2858500,10207550,185.65,25.0,78450,442950,0.946965,-0.096422,0.00109249,0.00139053,9.557645,11.871504,2023-08-01
9767,2023-07-31 15:26:00,19650.0,19755.5,1924100,4896750,145.8,35.3,63800,234200,0.864752,-0.179184,0.00218649,0.00219134,9.605062,11.535068,2023-08-01
4507,2023-07-31 15:26:00,19700.0,19755.5,6617700,8468850,110.25,49.65,300550,542850,0.724801,-0.305285,0.00335831,0.00300187,9.601912,11.277332,2023-08-01
1876,2023-07-31 15:26:00,19750.0,19755.5,3839600,2329750,81.0,69.75,234900,223000,0.536681,-0.467854,0.00394006,0.00342421,9.740278,11.218657,2023-08-01
7138,2023-07-31 15:26:00,19800.0,19755.5,8727150,2935600,57.0,95.95,431650,188000,0.344483,-0.635302,0.0036246,0.00320361,9.814461,11.331551,2023-08-01
12395,2023-07-31 15:26:00,19850.0,19755.5,3922300,470450,38.35,127.4,188750,40750,0.187803,-0.775852,0.00263821,0.00251049,9.865926,11.516086,2023-08-01
17651,2023-07-31 15:26:00,19900.0,19755.5,5870000,660950,24.35,163.6,292150,25900,0.084771,-0.874526,0.00152173,0.00169167,9.858738,11.786765,2023-08-01
22905,2023-07-31 15:26:00,19950.0,19755.5,4068300,115850,14.6,203.7,159950,2650,0.031227,-0.934258,0.00069059,0.00101745,9.839794,12.145532,2023-08-01
28158,2023-07-31 15:26:00,20000.0,19755.5,7103750,487850,8.75,247.5,172800,10700,0.010269,-0.964871,0.00026414,0.00058696,9.976212,12.756346,2023-08-01
25533,2023-07-31 15:27:00,19500.0,19751.2,885850,6124250,273.0,12.7,18450,159000,0.992264,-0.024225,0.00020079,0.00043748,10.245084,12.576686,2023-08-01
20280,2023-07-31 15:27:00,19550.0,19751.2,298750,3220400,227.75,17.9,17200,153000,0.973927,-0.050493,0.00057057,0.00082695,10.255692,12.149896,2023-08-01
15025,2023-07-31 15:27:00,19600.0,19751.2,2741550,9787000,185.05,25.1,85100,409900,0.929347,-0.099538,0.00127849,0.00144282,10.224169,11.717692,2023-08-01
9768,2023-07-31 15:27:00,19650.0,19751.2,1868400,4735850,145.25,35.45,63550,206550,0.843546,-0.185108,0.00229865,0.00227161,10.082138,11.362377,2023-08-01
4508,2023-07-31 15:27:00,19700.0,19751.2,6421450,8344850,109.85,49.7,313450,443600,0.703246,-0.314908,0.00335404,0.00310593,9.970713,11.054096,2023-08-01
1877,2023-07-31 15:27:00,19750.0,19751.2,3773900,2286800,80.4,69.95,202650,186500,0.519268,-0.48226,0.00385639,0.00351164,9.987857,10.970346,2023-08-01
7139,2023-07-31 15:27:00,19800.0,19751.2,8513550,2920100,56.75,96.15,464750,205000,0.332696,-0.653094,0.00349614,0.00323795,10.045148,11.021334,2023-08-01
12396,2023-07-31 15:27:00,19850.0,19751.2,3938600,408200,37.95,127.3,181050,33850,0.180408,-0.795673,0.00253405,0.0024742,10.023385,11.078381,2023-08-01
17652,2023-07-31 15:27:00,19900.0,19751.2,5629300,620950,24.1,163.6,278350,17450,0.081271,-0.89258,0.00145456,0.00158811,9.99775,11.251195,2023-08-01
22906,2023-07-31 15:27:00,19950.0,19751.2,3852750,109750,14.5,204.0,115200,7650,0.030046,-0.948141,0.00066021,0.00089086,9.974707,11.520507,2023-08-01
28159,2023-07-31 15:27:00,20000.0,19751.2,7030900,470650,8.7,247.95,203600,5350,0.009903,-0.97501,0.00025293,0.00047064,10.099496,11.999624,2023-08-01
25534,2023-07-31 15:28:00,19500.0,19743.25,885850,6124250,270.0,12.9,36850,336550,0.979822,-0.025909,0.00040221,0.00047089,11.732653,12.370882,2023-08-01
20281,2023-07-31 15:28:00,19550.0,19743.25,298750,3220400,225.8,18.1,39700,182400,0.951735,-0.053755,0.00084125,0.00088756,11.52943,11.906426,2023-08-01
15026,2023-07-31 15:28:00,19600.0,19743.25,2741550,9787000,183.2,25.6,107550,527600,0.899837,-0.106911,0.00152421,0.00155106,11.15117,11.489168,2023-08-01
9769,2023-07-31 15:28:00,19650.0,19743.25,1868400,4735850,143.1,35.85,111400,335600,0.810392,-0.197281,0.00244935,0.00242902,10.703518,11.057518,2023-08-01
4509,2023-07-31 15:28:00,19700.0,19743.25,6421450,8344850,108.3,50.7,517350,648400,0.667932,-0.335998,0.00334596,0.00327678,10.496009,10.767339,2023-08-01
1878,2023-07-31 15:28:00,19750.0,19743.25,3773900,2286800,79.1,70.8,402400,271900,0.4891,-0.510694,0.00370933,0.00365111,10.39987,10.565855,2023-08-01
7140,2023-07-31 15:28:00,19800.0,19743.25,8513550,2920100,55.05,97.4,843500,311150,0.309493,-0.685983,0.00331633,0.00325231,10.283187,10.551649,2023-08-01
12397,2023-07-31 15:28:00,19850.0,19743.25,3938600,408200,36.75,128.85,299200,27300,0.165921,-0.82794,0.00235491,0.00235036,10.233494,10.495416,2023-08-01
17653,2023-07-31 15:28:00,19900.0,19743.25,5629300,620950,23.2,165.65,335450,28650,0.073615,-0.918759,0.00132781,0.00137929,10.166825,10.548315,2023-08-01
22907,2023-07-31 15:28:00,19950.0,19743.25,3852750,109750,13.9,205.65,153100,4900,0.026834,-0.969139,0.00059268,0.00064469,10.120912,10.451615,2023-08-01
28160,2023-07-31 15:28:00,20000.0,19743.25,7030900,470650,8.5,249.95,215850,12250,0.009081,-0.988781,0.0002303,0.00026766,10.289998,10.64717,2023-08-01
25535,2023-07-31 15:29:00,19500.0,19740.75,885850,6124250,268.1,12.4,35450,277800,0.977931,-0.024933,0.00043035,0.0004646,11.834193,12.146998,2023-08-01
20282,2023-07-31 15:29:00,19550.0,19740.75,298750,3220400,225.1,17.55,14900,197000,0.94478,-0.052713,0.0009108,0.00089054,11.857648,11.689439,2023-08-01
15027,2023-07-31 15:29:00,19600.0,19740.75,2741550,9787000,182.0,24.7,120350,507700,0.89303,-0.105261,0.00157835,0.00157185,11.300312,11.215719,2023-08-01
9770,2023-07-31 15:29:00,19650.0,19740.75,1868400,4735850,142.2,35.6,108750,407450,0.80107,-0.199978,0.0024889,0.00248564,10.851006,10.89967,2023-08-01
4510,2023-07-31 15:29:00,19700.0,19740.75,6421450,8344850,107.5,50.5,480350,657450,0.657984,-0.341891,0.00335007,0.00335244,10.608968,10.599999,2023-08-01
1879,2023-07-31 15:29:00,19750.0,19740.75,3773900,2286800,79.0,70.6,452300,395300,0.480172,-0.52025,0.00364842,0.00371825,10.569375,10.370333,2023-08-01
7141,2023-07-31 15:29:00,19800.0,19740.75,8513550,2920100,54.85,97.75,1027400,439450,0.303311,-0.696887,0.00325028,0.00325288,10.403963,10.39262,2023-08-01
12398,2023-07-31 15:29:00,19850.0,19740.75,3938600,408200,36.3,128.55,457850,43500,0.16127,-0.841327,0.00230099,0.00230113,10.286609,10.177362,2023-08-01
17654,2023-07-31 15:29:00,19900.0,19740.75,5629300,620950,23.4,166.0,449350,55350,0.073086,-0.92801,0.0013028,0.00129482,10.309871,10.254012,2023-08-01
22908,2023-07-31 15:29:00,19950.0,19740.75,3852750,109750,13.65,205.6,166200,5050,0.02569,-0.976827,0.00057007,0.00053456,10.151093,9.927816,2023-08-01
28161,2023-07-31 15:29:00,20000.0,19740.75,7030900,470650,8.35,251.25,226000,9650,0.008672,-0.991176,0.00022061,0.0002234,10.321624,10.349462,2023-08-01
4511,2023-07-31 15:30:00,19700.0,19740.9,6421450,8344850,109.4,50.45,50,50,0.6549,-0.341374,0.00328015,0.003351,10.875446,10.602041,2023-08-01
1880,2023-07-31 15:30:00,19750.0,19740.9,3773900,2286800,79.0,70.2,250,5600,0.480684,-0.519804,0.00365313,0.00373592,10.560001,10.325357,2023-08-01
12399,2023-07-31 15:30:00,19850.0,19740.9,3938600,408200,36.6,127.1,50,300,0.162507,-0.846236,0.00230394,0.00230313,10.328179,9.963511,2023-08-01
17655,2023-07-31 15:30:00,19900.0,19740.9,5629300,620950,23.4,165.0,550,350,0.073112,-0.931156,0.00130421,0.00127219,10.304973,10.087404,2023-08-01
22909,2023-07-31 15:30:00,19950.0,19740.9,3852750,109750,14.0,204.35,1050,50,0.026671,-0.979834,0.00058376,0.00048949,10.231855,9.643527,2023-08-01
28162,2023-07-31 15:30:00,20000.0,19740.9,7030900,470650,8.35,248.05,300,550,0.008667,-0.996033,0.00022064,0.00012306,10.318206,9.250147,2023-08-01
25536,2023-08-01 09:15:00,19500.0,19763.85,861350,5978350,283.95,9.3,107500,830800,0.999943,-0.000102,3.39e-06,5.61e-06,13.098774,13.604397,2023-08-01
20283,2023-08-01 09:15:00,19550.0,19763.85,278350,3057650,238.25,13.45,31500,388950,0.999347,-0.000881,3.385e-05,4.34e-05,12.735286,13.08996,2023-08-01
15028,2023-08-01 09:15:00,19600.0,19763.85,2510850,9543100,194.0,19.65,282600,1021250,0.994844,-0.006502,0.00023026,0.00027387,12.229549,12.63147,2023-08-01
9771,2023-08-01 09:15:00,19650.0,19763.85,1793750,4482950,153.35,28.75,176200,562750,0.966208,-0.037133,0.00119113,0.00125669,11.942689,12.229598,2023-08-01
4512,2023-08-01 09:15:00,19700.0,19763.85,6111000,7981600,116.85,42.15,1118750,1177100,0.853241,-0.151578,0.00371526,0.00372109,11.719428,11.956259,2023-08-01
1881,2023-08-01 09:15:00,19750.0,19763.85,3740600,2050650,85.5,60.7,1293950,1065600,0.596219,-0.405428,0.00634585,0.00624006,11.564495,11.772619,2023-08-01
7142,2023-08-01 09:15:00,19800.0,19763.85,8663100,2985650,59.55,85.2,2400950,1269500,0.279966,-0.715197,0.00558885,0.00549748,11.41261,11.698312,2023-08-01
12400,2023-08-01 09:15:00,19850.0,19763.85,3934000,394150,39.55,114.35,933200,185500,0.077591,-0.9194,0.00243047,0.00246567,11.325304,11.490003,2023-08-01
17656,2023-08-01 09:15:00,19900.0,19763.85,5673850,589500,24.7,149.45,1083300,200000,0.011467,-0.98735,0.00050709,0.000543,11.220016,11.409081,2023-08-01
22910,2023-08-01 09:15:00,19950.0,19763.85,3783900,108400,14.4,190.0,663300,19500,0.000832,-0.998725,4.851e-05,6.888e-05,11.104458,11.572234,2023-08-01
28163,2023-08-01 09:15:00,20000.0,19763.85,7002450,467600,8.45,233.25,882750,35400,4e-05,-0.999933,2.82e-06,4.41e-06,11.229952,11.592909,2023-08-01
25537,2023-08-01 09:16:00,19500.0,19762.65,861350,5978350,280.7,9.0,27350,647950,0.999983,-9e-05,1.17e-06,5.05e-06,12.159179,13.447147,2023-08-01
20284,2023-08-01 09:16:00,19550.0,19762.65,278350,3057650,234.0,13.0,19150,546250,0.999757,-0.000794,1.474e-05,4.002e-05,11.683702,12.907617,2023-08-01
15029,2023-08-01 09:16:00,19600.0,19762.65,2510850,9543100,190.6,19.6,195500,770050,0.996355,-0.006543,0.00017797,0.0002772,11.620978,12.567852,2023-08-01
9772,2023-08-01 09:16:00,19650.0,19762.65,1793750,4482950,150.05,28.95,137850,516300,0.970506,-0.038243,0.00111147,0.00129109,11.453813,12.210563,2023-08-01
4513,2023-08-01 09:16:00,19700.0,19762.65,6111000,7981600,114.3,42.7,696600,818850,0.855439,-0.156306,0.00378195,0.00379444,11.412482,11.982646,2023-08-01
1882,2023-08-01 09:16:00,19750.0,19762.65,3740600,2050650,83.35,61.65,855000,732450,0.590499,-0.413333,0.00651145,0.00624104,11.325501,11.842305,2023-08-01
7143,2023-08-01 09:16:00,19800.0,19762.65,8663100,2985650,58.25,86.4,1428700,704300,0.270836,-0.720535,0.00556571,0.00541407,11.290359,11.787256,2023-08-01
12401,2023-08-01 09:16:00,19850.0,19762.65,3934000,394150,38.75,117.1,564850,111150,0.073225,-0.916402,0.00234273,0.0024641,11.257795,11.834516,2023-08-01
17657,2023-08-01 09:16:00,19900.0,19762.65,5673850,589500,24.6,152.6,854800,168400,0.011023,-0.98509,0.0004889,0.00060244,11.260872,11.867056,2023-08-01
22911,2023-08-01 09:16:00,19950.0,19762.65,3783900,108400,14.65,193.05,483700,15050,0.000857,-0.998198,4.941e-05,9.051e-05,11.223193,12.089019,2023-08-01
28164,2023-08-01 09:16:00,20000.0,19762.65,7002450,467600,8.75,236.8,611800,22850,4.5e-05,-0.999836,3.11e-06,9.63e-06,11.383697,12.409466,2023-08-01
25538,2023-08-01 09:17:00,19500.0,19759.6,829400,6254350,277.9,9.3,45350,1103400,0.999979,-0.000105,1.43e-06,5.88e-06,12.176447,13.455033,2023-08-01
20285,2023-08-01 09:17:00,19550.0,19759.6,272550,3110950,232.2,13.6,21650,400200,0.999601,-0.000959,2.282e-05,4.748e-05,11.998076,12.969913,2023-08-01
15030,2023-08-01 09:17:00,19600.0,19759.6,2567000,9789100,188.35,20.2,203050,774150,0.995599,-0.007413,0.00020961,0.00030969,11.697878,12.577962,2023-08-01
9773,2023-08-01 09:17:00,19650.0,19759.6,1815600,4613000,147.95,29.95,191400,554650,0.966591,-0.042722,0.00122906,0.00140944,11.499287,12.255912,2023-08-01
4514,2023-08-01 09:17:00,19700.0,19759.6,6221250,8290450,112.25,43.75,724150,1111750,0.843972,-0.167874,0.00398638,0.00398059,11.409345,11.983887,2023-08-01
1883,2023-08-01 09:17:00,19750.0,19759.6,4406350,2815150,81.65,63.15,1084150,1034950,0.570602,-0.432522,0.00658867,0.00629778,11.326166,11.865715,2023-08-01
7144,2023-08-01 09:17:00,19800.0,19759.6,9772750,3544250,57.2,88.8,1517000,941300,0.254779,-0.735062,0.00537846,0.00522857,11.340779,11.90359,2023-08-01
12402,2023-08-01 09:17:00,19850.0,19759.6,4294200,504200,38.1,119.7,606050,217100,0.067227,-0.922126,0.00218402,0.00231852,11.324567,11.939488,2023-08-01
17658,2023-08-01 09:17:00,19900.0,19759.6,5936100,718350,24.2,155.85,633950,236500,0.009909,-0.985667,0.00044349,0.00057372,11.33036,12.0632,2023-08-01
22912,2023-08-01 09:17:00,19950.0,19759.6,3799250,114450,14.55,196.5,445200,26000,0.000783,-0.998173,4.51e-05,9.007e-05,11.32731,12.322846,2023-08-01
28165,2023-08-01 09:17:00,20000.0,19759.6,7173950,476300,8.9,240.45,716000,38600,4.5e-05,-0.999811,3.09e-06,1.072e-05,11.552001,12.716599,2023-08-01
25539,2023-08-01 09:18:00,19500.0,19759.55,829400,6254350,276.8,9.4,35550,524250,0.99999,-0.000108,7e-07,6.01e-06,11.671632,13.493259,2023-08-01
20286,2023-08-01 09:18:00,19550.0,19759.55,272550,3110950,231.1,13.6,27450,549050,0.999729,-0.000948,1.643e-05,4.704e-05,11.64362,12.969764,2023-08-01
15031,2023-08-01 09:18:00,19600.0,19759.55,2567000,9789100,187.8,20.3,186200,835150,0.995989,-0.007455,0.00019532,0.00031108,11.570693,12.601367,2023-08-01
9774,2023-08-01 09:18:00,19650.0,19759.55,1815600,4613000,147.0,30.25,158050,557600,0.968866,-0.043334,0.00118007,0.00142084,11.314565,12.314566,2023-08-01
4515,2023-08-01 09:18:00,19700.0,19759.55,6221250,8290450,111.5,44.2,666200,791800,0.846716,-0.169299,0.00398846,0.00398213,11.28565,12.060759,2023-08-01
1884,2023-08-01 09:18:00,19750.0,19759.55,4406350,2815150,81.0,63.65,923350,843350,0.570952,-0.433197,0.00665474,0.0062663,11.227022,11.94484,2023-08-01
7145,2023-08-01 09:18:00,19800.0,19759.55,9772750,3544250,56.4,89.1,1135450,650550,0.251843,-0.734819,0.00541265,0.00521795,11.215762,11.949431,2023-08-01
12403,2023-08-01 09:18:00,19850.0,19759.55,4294200,504200,37.45,120.2,544200,128850,0.064951,-0.92108,0.00215039,0.00232897,11.213933,12.022935,2023-08-01
17659,2023-08-01 09:18:00,19900.0,19759.55,5936100,718350,23.8,156.25,689200,125050,0.00938,-0.985308,0.00042627,0.00058322,11.250954,12.137858,2023-08-01
22913,2023-08-01 09:18:00,19950.0,19759.55,3799250,114450,14.2,195.7,319050,16050,0.000705,-0.998468,4.132e-05,7.814e-05,11.237641,12.115172,2023-08-01
28166,2023-08-01 09:18:00,20000.0,19759.55,7173950,476300,8.55,241.0,538900,31100,3.7e-05,-0.999782,2.59e-06,1.212e-05,11.430133,12.873073,2023-08-01
25540,2023-08-01 09:19:00,19500.0,19771.95,829400,6254350,282.65,9.1,18900,492000,,-7.6e-05,,4.24e-06,0.0,13.82496,2023-08-01
20287,2023-08-01 09:19:00,19550.0,19771.95,272550,3110950,236.65,13.0,15450,202950,0.999999,-0.00065,1e-07,3.25e-05,8.97004,13.278545,2023-08-01
15032,2023-08-01 09:19:00,19600.0,19771.95,2567000,9789100,192.95,19.3,154950,464550,0.999528,-0.005195,3.206e-05,0.0002207,10.001491,12.910123,2023-08-01
9775,2023-08-01 09:19:00,19650.0,19771.95,1815600,4613000,152.0,28.65,137900,482850,0.988642,-0.031403,0.00055017,0.00106594,10.307343,12.624584,2023-08-01
4516,2023-08-01 09:19:00,19700.0,19771.95,6221250,8290450,115.85,41.7,646600,624000,0.906251,-0.130072,0.00301924,0.0032602,10.556773,12.361333,2023-08-01
1885,2023-08-01 09:19:00,19750.0,19771.95,4406350,2815150,84.45,60.25,865450,739400,0.659318,-0.360821,0.0065612,0.00580612,10.642817,12.280115,2023-08-01
7146,2023-08-01 09:19:00,19800.0,19771.95,9772750,3544250,58.95,85.1,1019900,637250,0.315538,-0.660925,0.00631259,0.00562242,10.724264,12.397391,2023-08-01
12404,2023-08-01 09:19:00,19850.0,19771.95,4294200,504200,39.5,115.3,551550,117600,0.088273,-0.878132,0.00281276,0.00306629,10.836914,12.559304,2023-08-01
17660,2023-08-01 09:19:00,19900.0,19771.95,5936100,718350,25.0,151.05,536850,151200,0.013342,-0.969216,0.00059906,0.00102631,10.883029,12.898018,2023-08-01
22914,2023-08-01 09:19:00,19950.0,19771.95,3799250,114450,14.9,191.05,423500,23300,0.001035,-0.993989,6.072e-05,0.0002427,10.898101,13.361748,2023-08-01
28167,2023-08-01 09:19:00,20000.0,19771.95,7173950,476300,9.0,235.05,673400,21650,5.6e-05,-0.998799,3.93e-06,5.357e-05,11.130609,14.159823,2023-08-01
25541,2023-08-01 09:20:00,19500.0,19772.4,839450,6263850,284.3,8.8,28600,598000,,-6.5e-05,,3.68e-06,0.0,13.723944,2023-08-01
20288,2023-08-01 09:20:00,19550.0,19772.4,288850,3187350,238.0,12.5,17350,312350,0.999996,-0.000557,3.4e-07,2.848e-05,9.545272,13.141384,2023-08-01
15033,2023-08-01 09:20:00,19600.0,19772.4,2598650,9978950,193.95,18.6,179550,681500,0.999434,-0.004615,3.728e-05,0.00020124,10.199891,12.757223,2023-08-01
9776,2023-08-01 09:20:00,19650.0,19772.4,1898400,4720750,152.95,27.45,197950,717400,0.98807,-0.028499,0.00056731,0.00100249,10.444976,12.402024,2023-08-01
4517,2023-08-01 09:20:00,19700.0,19772.4,6444100,8623200,116.25,40.15,795600,1121600,0.907519,-0.123497,0.0029879,0.00321333,10.574718,12.112819,2023-08-01
1886,2023-08-01 09:20:00,19750.0,19772.4,4967150,3796500,84.6,58.35,1170650,1592750,0.662693,-0.354924,0.00655504,0.0059147,10.626208,12.001448,2023-08-01
7147,2023-08-01 09:20:00,19800.0,19772.4,10486150,3899450,59.2,82.9,1748250,763950,0.318275,-0.662549,0.00633909,0.00576623,10.732828,12.081849,2023-08-01
12405,2023-08-01 09:20:00,19850.0,19772.4,4519000,595300,39.15,113.15,671800,199850,0.087512,-0.883091,0.00282082,0.00305877,10.750682,12.242667,2023-08-01
17661,2023-08-01 09:20:00,19900.0,19772.4,6174850,849550,24.65,148.4,655650,168950,0.01287,-0.973298,0.00058641,0.00094542,10.791116,12.455835,2023-08-01
22915,2023-08-01 09:20:00,19950.0,19772.4,3816000,133750,14.7,188.65,334600,32500,0.000981,-0.995295,5.824e-05,0.00020235,10.828989,12.90841,2023-08-01
28168,2023-08-01 09:20:00,20000.0,19772.4,7193900,498050,8.85,233.2,407750,17300,5.2e-05,-0.999089,3.65e-06,4.277e-05,11.063609,13.776728,2023-08-01
25542,2023-08-01 09:21:00,19500.0,19768.7,839450,6263850,280.7,9.15,22450,308350,,-7.9e-05,,4.43e-06,0.0,13.732265,2023-08-01
20289,2023-08-01 09:21:00,19550.0,19768.7,288850,3187350,235.05,12.95,10700,194000,0.999991,-0.000661,7.8e-07,3.342e-05,9.835444,13.139443,2023-08-01
15034,2023-08-01 09:21:00,19600.0,19768.7,2598650,9978950,190.7,19.3,83650,333050,0.999289,-0.005405,4.607e-05,0.00023176,10.201155,12.770944,2023-08-01
9777,2023-08-01 09:21:00,19650.0,19768.7,1898400,4720750,150.0,28.45,90050,280150,0.985906,-0.032473,0.00065625,0.00111675,10.44537,12.424022,2023-08-01
4518,2023-08-01 09:21:00,19700.0,19768.7,6444100,8623200,113.45,41.8,445300,575450,0.897125,-0.137027,0.0032479,0.00343597,10.534704,12.191677,2023-08-01
1887,2023-08-01 09:21:00,19750.0,19768.7,4967150,3796500,81.95,60.3,561700,748950,0.639281,-0.377493,0.00677987,0.00601592,10.545576,12.062733,2023-08-01
7148,2023-08-01 09:21:00,19800.0,19768.7,10486150,3899450,57.05,85.5,809500,616450,0.293695,-0.68242,0.0061674,0.00558746,10.662435,12.184153,2023-08-01
12406,2023-08-01 09:21:00,19850.0,19768.7,4519000,595300,37.65,115.8,391400,149900,0.076538,-0.89336,0.00256261,0.00285624,10.713809,12.295199,2023-08-01
17662,2023-08-01 09:21:00,19900.0,19768.7,6174850,849550,23.65,152.1,483800,132400,0.010654,-0.974991,0.00049931,0.00088235,10.773247,12.653913,2023-08-01
22916,2023-08-01 09:21:00,19950.0,19768.7,3816000,133750,14.2,192.9,223200,18950,0.000797,-0.995272,4.806e-05,0.00019892,10.85758,13.205952,2023-08-01
28169,2023-08-01 09:21:00,20000.0,19768.7,7193900,498050,8.45,236.35,296300,9500,3.9e-05,-0.99924,2.78e-06,3.622e-05,11.061986,13.787306,2023-08-01
25543,2023-08-01 09:22:00,19500.0,19762.45,839450,6263850,277.15,9.45,14050,388450,1.0,-9.8e-05,4e-08,5.46e-06,10.253903,13.624997,2023-08-01
20290,2023-08-01 09:22:00,19550.0,19762.45,288850,3187350,231.75,13.5,6100,179950,0.999913,-0.000836,6.07e-06,4.183e-05,10.93444,13.062541,2023-08-01
15035,2023-08-01 09:22:00,19600.0,19762.45,2598650,9978950,188.5,20.0,71100,368300,0.997614,-0.00659,0.00012793,0.00027903,11.124205,12.66627,2023-08-01
9778,2023-08-01 09:22:00,19650.0,19762.45,1898400,4720750,147.55,29.6,95900,298300,0.976288,-0.038895,0.00097432,0.00130571,10.976449,12.340903,2023-08-01
4519,2023-08-01 09:22:00,19700.0,19762.45,6444100,8623200,111.35,43.15,406950,672900,0.867,-0.156707,0.00376264,0.00380742,10.926002,12.059172,2023-08-01
1888,2023-08-01 09:22:00,19750.0,19762.45,4967150,3796500,80.6,62.15,467950,601750,0.593137,-0.414535,0.00680511,0.00625571,10.907644,11.918556,2023-08-01
7149,2023-08-01 09:22:00,19800.0,19762.45,10486150,3899450,55.75,87.55,726550,614650,0.260886,-0.720329,0.00569777,0.00537879,10.909423,11.965282,2023-08-01
12407,2023-08-01 09:22:00,19850.0,19762.45,4519000,595300,36.85,118.45,372800,139750,0.065563,-0.914702,0.002231,0.00247563,10.944981,12.055847,2023-08-01
17663,2023-08-01 09:22:00,19900.0,19762.45,6174850,849550,23.05,154.85,448150,119250,0.008758,-0.982868,0.0004143,0.00066026,10.958585,12.295991,2023-08-01
22917,2023-08-01 09:22:00,19950.0,19762.45,3816000,133750,13.8,196.1,361550,30000,0.000631,-0.997251,3.826e-05,0.00012645,11.015798,12.792214,2023-08-01
28170,2023-08-01 09:22:00,20000.0,19762.45,7193900,498050,8.25,240.25,418650,9950,3.1e-05,-0.999607,2.2e-06,2.031e-05,11.221803,13.395486,2023-08-01
25544,2023-08-01 09:23:00,19500.0,19766.95,835800,6327900,281.1,9.15,8600,221350,1.0,-7.9e-05,1e-08,4.43e-06,9.959519,13.673461,2023-08-01
20291,2023-08-01 09:23:00,19550.0,19766.95,289000,3228000,235.3,13.0,5500,150850,0.999955,-0.000672,3.3e-06,3.416e-05,10.709631,13.089886,2023-08-01
15036,2023-08-01 09:23:00,19600.0,19766.95,2625800,10091250,191.65,19.2,56650,418400,0.998424,-0.005403,8.935e-05,0.00023411,10.9384,12.672828,2023-08-01
9779,2023-08-01 09:23:00,19650.0,19766.95,1945650,4764350,150.4,28.4,66350,270250,0.981656,-0.03306,0.00079467,0.00114531,10.84206,12.329111,2023-08-01
4520,2023-08-01 09:23:00,19700.0,19766.95,6523950,8847500,114.15,41.5,401150,534400,0.884397,-0.139464,0.00342813,0.00353163,10.884074,12.038614,2023-08-01
1889,2023-08-01 09:23:00,19750.0,19766.95,5262200,4561250,82.6,59.9,623150,647350,0.624536,-0.386108,0.00671384,0.00616933,10.820919,11.876248,2023-08-01
7150,2023-08-01 09:23:00,19800.0,19766.95,11017000,4236450,57.25,85.0,1034400,509500,0.285428,-0.696081,0.00600916,0.00560353,10.827828,11.952783,2023-08-01
12408,2023-08-01 09:23:00,19850.0,19766.95,4739900,692950,37.65,115.4,416000,114600,0.073621,-0.903699,0.00246982,0.00271658,10.822044,12.035412,2023-08-01
17664,2023-08-01 09:23:00,19900.0,19766.95,6435650,916750,23.7,151.5,455750,109200,0.01022,-0.979843,0.00047838,0.00075943,10.874241,12.291598,2023-08-01
22918,2023-08-01 09:23:00,19950.0,19766.95,3933550,145200,14.1,191.85,676700,25500,0.000732,-0.996963,4.438e-05,0.00014009,10.90877,12.648078,2023-08-01
28171,2023-08-01 09:23:00,20000.0,19766.95,7194250,500550,8.3,235.7,877500,19500,3.3e-05,-0.999592,2.42e-06,2.138e-05,11.076338,13.198986,2023-08-01
25545,2023-08-01 09:24:00,19500.0,19766.95,835800,6327900,279.25,9.25,13850,244800,1.0,-8.1e-05,0.0,4.53e-06,7.365448,13.714308,2023-08-01
20292,2023-08-01 09:24:00,19550.0,19766.95,289000,3228000,233.0,13.15,8650,155550,0.999994,-0.000689,5.8e-07,3.489e-05,9.631446,13.137892,2023-08-01
15037,2023-08-01 09:24:00,19600.0,19766.95,2625800,10091250,189.05,19.5,57750,301350,0.999262,-0.005586,4.802e-05,0.00024005,10.171466,12.748248,2023-08-01
9780,2023-08-01 09:24:00,19650.0,19766.95,1945650,4764350,148.3,28.8,55850,167900,0.985545,-0.03379,0.00067764,0.00115988,10.381454,12.412084,2023-08-01
4521,2023-08-01 09:24:00,19700.0,19766.95,6523950,8847500,112.3,42.2,368750,444000,0.891879,-0.14163,0.00337565,0.00353681,10.551183,12.16395,2023-08-01
1890,2023-08-01 09:24:00,19750.0,19766.95,5262200,4561250,81.2,61.0,449750,347000,0.627246,-0.387624,0.00685168,0.00609175,10.593356,12.057639,2023-08-01
7151,2023-08-01 09:24:00,19800.0,19766.95,11017000,4236450,56.1,86.15,714150,322900,0.281792,-0.693535,0.00608446,0.00554473,10.642849,12.140913,2023-08-01
12409,2023-08-01 09:24:00,19850.0,19766.95,4739900,692950,36.95,117.05,325500,62700,0.07107,-0.898729,0.00243457,0.00275674,10.700643,12.321823,2023-08-01
17665,2023-08-01 09:24:00,19900.0,19766.95,6435650,916750,23.0,153.25,304000,76600,0.009323,-0.977116,0.00044802,0.00082357,10.730438,12.634535,2023-08-01
22919,2023-08-01 09:24:00,19950.0,19766.95,3933550,145200,13.65,194.2,200250,17350,0.000639,-0.995787,3.96e-05,0.00018044,10.790369,13.189898,2023-08-01
28172,2023-08-01 09:24:00,20000.0,19766.95,7194250,500550,8.0,238.0,320900,14150,2.7e-05,-0.999305,2.04e-06,3.338e-05,10.968725,13.837469,2023-08-01
25546,2023-08-01 09:25:00,19500.0,19763.45,835800,6327900,276.45,9.7,12950,319600,1.0,-0.000101,0.0,5.59e-06,8.671231,13.761988,2023-08-01
20293,2023-08-01 09:25:00,19550.0,19763.45,289000,3228000,229.5,13.8,9600,253600,0.999993,-0.000851,6.3e-07,4.223e-05,9.520567,13.198082,2023-08-01
15038,2023-08-01 09:25:00,19600.0,19763.45,2625800,10091250,186.95,20.45,98300,577100,0.998788,-0.006695,7.375e-05,0.00028061,10.455943,12.824576,2023-08-01
9781,2023-08-01 09:25:00,19650.0,19763.45,1945650,4764350,145.9,30.2,73950,401000,0.982428,-0.039103,0.00079624,0.00129813,10.461457,12.517301,2023-08-01
4522,2023-08-01 09:25:00,19700.0,19763.45,6523950,8847500,110.75,43.7,538400,542700,0.876514,-0.155174,0.00366233,0.00374803,10.704519,12.220487,2023-08-01
1891,2023-08-01 09:25:00,19750.0,19763.45,5262200,4561250,79.85,62.75,614000,518000,0.602161,-0.409262,0.00692553,0.00617155,10.699513,12.093492,2023-08-01
7152,2023-08-01 09:25:00,19800.0,19763.45,11017000,4236450,55.3,88.5,904300,656650,0.26306,-0.711787,0.00581982,0.00536733,10.769625,12.214007,2023-08-01
12410,2023-08-01 09:25:00,19850.0,19763.45,4739900,692950,36.25,119.6,428300,131100,0.064169,-0.907429,0.0022356,0.00257393,10.78534,12.373708,2023-08-01
17666,2023-08-01 09:25:00,19900.0,19763.45,6435650,916750,22.5,155.75,499850,152550,0.00813,-0.980071,0.00039541,0.00073446,10.799181,12.624093,2023-08-01
22920,2023-08-01 09:25:00,19950.0,19763.45,3933550,145200,13.4,197.75,450700,27050,0.00055,-0.996021,3.432e-05,0.00016945,10.87102,13.364876,2023-08-01
28173,2023-08-01 09:25:00,20000.0,19763.45,7194250,500550,7.85,242.1,535150,27200,2.3e-05,-0.99926,1.73e-06,3.466e-05,11.042848,14.147214,2023-08-01
25547,2023-08-01 09:26:00,19500.0,19768.2,836850,6358950,280.55,9.05,11450,218200,1.0,-7e-05,0.0,3.97e-06,7.574188,13.685071,2023-08-01
20294,2023-08-01 09:26:00,19550.0,19768.2,292550,3238750,234.4,12.9,4600,194050,0.999993,-0.000614,6.3e-07,3.153e-05,9.757905,13.1137,2023-08-01
15039,2023-08-01 09:26:00,19600.0,19768.2,2642400,10265150,191.15,19.2,46500,284500,0.999082,-0.005143,5.71e-05,0.00022393,10.485536,12.733271,2023-08-01
9782,2023-08-01 09:26:00,19650.0,19768.2,1962000,4845450,150.15,28.5,54350,215300,0.985095,-0.032066,0.00068466,0.00111335,10.578459,12.417647,2023-08-01
4523,2023-08-01 09:26:00,19700.0,19768.2,6569450,9093900,113.6,41.4,236650,425400,0.894838,-0.135349,0.00329129,0.00345664,10.635473,12.099579,2023-08-01
1892,2023-08-01 09:26:00,19750.0,19768.2,5558900,4675350,82.1,59.9,387400,401000,0.635685,-0.378899,0.00679676,0.0061113,10.627422,11.969757,2023-08-01
7153,2023-08-01 09:26:00,19800.0,19768.2,11469600,4362450,57.0,84.95,498100,404650,0.289931,-0.688253,0.00615038,0.00563934,10.700888,12.058984,2023-08-01
12411,2023-08-01 09:26:00,19850.0,19768.2,4861950,735700,37.4,115.55,284550,109900,0.073756,-0.898055,0.00250949,0.00280422,10.709161,12.204465,2023-08-01
17667,2023-08-01 09:26:00,19900.0,19768.2,6636450,979800,23.3,151.6,258500,94450,0.009752,-0.977597,0.00046707,0.00082028,10.734762,12.493755,2023-08-01
22921,2023-08-01 09:26:00,19950.0,19768.2,4178000,163000,13.85,193.0,208400,16850,0.000672,-0.995761,4.161e-05,0.00018254,10.79496,13.145813,2023-08-01
28174,2023-08-01 09:26:00,20000.0,19768.2,7295000,504400,8.0,236.05,251000,10050,2.7e-05,-0.999412,2.02e-06,2.92e-05,10.926544,13.597356,2023-08-01
25548,2023-08-01 09:27:00,19500.0,19770.2,836850,6358950,282.0,9.0,10350,249350,,-6.5e-05,,3.69e-06,0.0,13.738909,2023-08-01
20295,2023-08-01 09:27:00,19550.0,19770.2,292550,3238750,236.05,12.75,5350,155000,0.999996,-0.000562,4.1e-07,2.899e-05,9.639021,13.147266,2023-08-01
15040,2023-08-01 09:27:00,19600.0,19770.2,2642400,10265150,192.1,18.9,70150,322700,0.999383,-0.004707,4.059e-05,0.00020693,10.243951,12.748624,2023-08-01
9783,2023-08-01 09:27:00,19650.0,19770.2,1962000,4845450,151.0,27.85,81450,198600,0.98766,-0.029415,0.00059148,0.00104048,10.416077,12.386799,2023-08-01
4524,2023-08-01 09:27:00,19700.0,19770.2,6569450,9093900,114.35,40.9,262050,404300,0.903965,-0.128832,0.00311762,0.0033369,10.521742,12.129889,2023-08-01
1893,2023-08-01 09:27:00,19750.0,19770.2,5558900,4675350,82.95,59.1,384400,331400,0.650009,-0.366705,0.00674094,0.00604951,10.579314,11.981526,2023-08-01
7154,2023-08-01 09:27:00,19800.0,19770.2,11469600,4362450,57.45,83.9,508100,326350,0.300831,-0.677053,0.00630696,0.00572883,10.627475,12.064604,2023-08-01
12412,2023-08-01 09:27:00,19850.0,19770.2,4861950,735700,37.65,114.2,232300,92600,0.077176,-0.892862,0.00261911,0.00291329,10.635097,12.193628,2023-08-01
17668,2023-08-01 09:27:00,19900.0,19770.2,6636450,979800,23.4,149.75,272550,90600,0.010177,-0.976729,0.0004889,0.00085319,10.65795,12.418625,2023-08-01
22922,2023-08-01 09:27:00,19950.0,19770.2,4178000,163000,13.9,190.4,153000,15500,0.000698,-0.996008,4.339e-05,0.00017625,10.72563,12.918237,2023-08-01
28175,2023-08-01 09:27:00,20000.0,19770.2,7295000,504400,8.0,234.8,209300,10500,2.7e-05,-0.999294,2.06e-06,3.429e-05,10.854935,13.718422,2023-08-01
25549,2023-08-01 09:28:00,19500.0,19764.1,836850,6358950,277.55,9.25,14200,248650,1.0,-7.9e-05,0.0,4.47e-06,9.243326,13.619602,2023-08-01
20296,2023-08-01 09:28:00,19550.0,19764.1,292550,3238750,231.65,13.25,8150,164950,0.999975,-0.000704,1.99e-06,3.601e-05,10.278189,13.063387,2023-08-01
15041,2023-08-01 09:28:00,19600.0,19764.1,2642400,10265150,188.05,19.65,88500,370450,0.998693,-0.005796,7.814e-05,0.00025109,10.620613,12.665697,2023-08-01
9784,2023-08-01 09:28:00,19650.0,19764.1,1962000,4845450,147.5,29.15,91500,225100,0.981178,-0.035684,0.00082838,0.00122646,10.706099,12.34503,2023-08-01
4525,2023-08-01 09:28:00,19700.0,19764.1,6569450,9093900,111.25,42.6,342700,660200,0.879448,-0.148825,0.00361003,0.00370562,10.721508,12.071356,2023-08-01
1894,2023-08-01 09:28:00,19750.0,19764.1,5558900,4675350,80.25,61.5,590100,513550,0.60692,-0.403749,0.00692377,0.0062548,10.710985,11.941262,2023-08-01
7155,2023-08-01 09:28:00,19800.0,19764.1,11469600,4362450,55.35,86.9,844100,593750,0.265329,-0.712227,0.00588744,0.00547405,10.736456,12.016353,2023-08-01
12413,2023-08-01 09:28:00,19850.0,19764.1,4861950,735700,36.25,117.5,391350,132000,0.064244,-0.911816,0.0022536,0.00255221,10.752767,12.08646,2023-08-01
17669,2023-08-01 09:28:00,19900.0,19764.1,6636450,979800,22.5,154.2,468850,150500,0.008034,-0.98161,0.00039388,0.00070025,10.77291,12.41713,2023-08-01
22923,2023-08-01 09:28:00,19950.0,19764.1,4178000,163000,13.35,195.0,455350,22300,0.000526,-0.997121,3.316e-05,0.00013229,10.835763,12.854176,2023-08-01
28176,2023-08-01 09:28:00,20000.0,19764.1,7295000,504400,7.7,239.15,545250,17000,2e-05,-0.999578,1.53e-06,2.171e-05,10.968407,13.491221,2023-08-01
25550,2023-08-01 09:29:00,19500.0,19769.5,830700,6341450,280.95,9.05,11450,224600,,-6.5e-05,,3.69e-06,0.0,13.737552,2023-08-01
20297,2023-08-01 09:29:00,19550.0,19769.5,292800,3251750,234.5,12.9,8200,169350,0.999999,-0.000576,1.4e-07,2.97e-05,9.126259,13.170351,2023-08-01
15042,2023-08-01 09:29:00,19600.0,19769.5,2692500,10356650,191.25,19.1,76550,371150,0.99942,-0.004819,3.87e-05,0.00021153,10.174576,12.771149,2023-08-01
9785,2023-08-01 09:29:00,19650.0,19769.5,1996350,4872950,149.4,28.25,59900,225200,0.989011,-0.030323,0.00054862,0.00106569,10.182837,12.437188,2023-08-01
4526,2023-08-01 09:29:00,19700.0,19769.5,6649900,9278500,113.0,41.4,254450,515950,0.905648,-0.131543,0.00313194,0.00338056,10.367123,12.181048,2023-08-01
1895,2023-08-01 09:29:00,19750.0,19769.5,5778750,4865950,81.75,59.9,380600,444550,0.647299,-0.371507,0.00686099,0.0060494,10.452422,12.066524,2023-08-01
7156,2023-08-01 09:29:00,19800.0,19769.5,11776050,4538750,56.4,84.75,514300,462950,0.29386,-0.68043,0.00632544,0.0056821,10.512901,12.144632,2023-08-01
12414,2023-08-01 09:29:00,19850.0,19769.5,4967150,778250,36.8,115.4,252050,165100,0.072799,-0.89306,0.00253673,0.00288622,10.531599,12.326031,2023-08-01
17670,2023-08-01 09:29:00,19900.0,19769.5,6832350,1046600,22.9,151.55,291900,93950,0.009302,-0.975401,0.00045602,0.00087856,10.592637,12.670981,2023-08-01
22924,2023-08-01 09:29:00,19950.0,19769.5,4382400,176050,13.55,191.2,382250,26800,0.000607,-0.996078,3.851e-05,0.00017319,10.6654,12.976052,2023-08-01
28177,2023-08-01 09:29:00,20000.0,19769.5,7356200,507150,7.75,236.75,409850,16200,2.2e-05,-0.99912,1.71e-06,4.105e-05,10.792072,14.082729,2023-08-01
25551,2023-08-01 09:30:00,19550.0,19779.05,292800,3251750,239.45,11.9,17950,243100,,-0.000361,,1.919e-05,0.0,13.22464,2023-08-01
20298,2023-08-01 09:30:00,19600.0,19779.05,2692500,10356650,196.35,17.6,183050,593700,0.999955,-0.003178,4.07e-06,0.00014542,8.926177,12.808099,2023-08-01
15043,2023-08-01 09:30:00,19650.0,19779.05,1996350,4872950,154.25,26.0,141000,624350,0.996104,-0.021379,0.00023609,0.00079564,9.471225,12.44332,2023-08-01
9786,2023-08-01 09:30:00,19700.0,19779.05,6649900,9278500,117.25,38.6,797800,1052100,0.94132,-0.102604,0.00228702,0.00282497,9.891666,12.232389,2023-08-01
4527,2023-08-01 09:30:00,19750.0,19779.05,5778750,4865950,85.05,56.2,1088400,810100,0.717852,-0.315931,0.0064881,0.00567077,10.06351,12.121131,2023-08-01
1896,2023-08-01 09:30:00,19800.0,19779.05,11776050,4538750,59.0,80.05,1528600,893300,0.352616,-0.624058,0.00702849,0.00601153,10.211675,12.199447,2023-08-01
7157,2023-08-01 09:30:00,19850.0,19779.05,4967150,778250,38.6,109.75,547200,248550,0.094223,-0.862066,0.00316222,0.00343772,10.266749,12.38605,2023-08-01
12415,2023-08-01 09:30:00,19900.0,19779.05,6832350,1046600,23.9,145.2,571550,148950,0.012547,-0.964912,0.00060784,0.00117239,10.320907,12.763097,2023-08-01
17671,2023-08-01 09:30:00,19950.0,19779.05,4382400,176050,14.2,186.25,353650,19150,0.000858,-0.992152,5.421e-05,0.00030771,10.432831,13.535218,2023-08-01
22925,2023-08-01 09:30:00,20000.0,19779.05,7356200,507150,8.05,229.05,345100,24300,3.1e-05,-0.998594,2.39e-06,6.285e-05,10.551974,14.147604,2023-08-01
28178,2023-08-01 09:30:00,20050.0,19779.05,3518100,45200,4.9,274.9,116750,800,1e-06,-0.999701,1e-07,1.411e-05,10.953621,15.091328,2023-08-01
25552,2023-08-01 09:31:00,19550.0,19776.35,292800,3251750,239.75,12.1,8400,264050,1.0,-0.000396,0.0,2.1e-05,8.100338,13.187442,2023-08-01
20299,2023-08-01 09:31:00,19600.0,19776.35,2692500,10356650,195.75,17.95,177700,497750,0.999823,-0.0035,1.357e-05,0.00015911,9.648932,12.783744,2023-08-01
15044,2023-08-01 09:31:00,19650.0,19776.35,1996350,4872950,153.65,26.6,88850,622500,0.993809,-0.023434,0.00034237,0.00086128,9.881892,12.439296,2023-08-01
9787,2023-08-01 09:31:00,19700.0,19776.35,6649900,9278500,116.95,39.15,623000,795750,0.929006,-0.109127,0.00257356,0.00297108,10.207645,12.179306,2023-08-01
4528,2023-08-01 09:31:00,19750.0,19776.35,5778750,4865950,84.9,57.0,729650,661750,0.695935,-0.33053,0.00656588,0.00581078,10.311223,12.070204,2023-08-01
1897,2023-08-01 09:31:00,19800.0,19776.35,11776050,4538750,58.9,81.2,1381750,713950,0.336528,-0.640816,0.00678844,0.00594989,10.40543,12.160223,2023-08-01
7158,2023-08-01 09:31:00,19850.0,19776.35,4967150,778250,38.65,110.85,447050,158550,0.089347,-0.873333,0.00299332,0.00327195,10.443358,12.289899,2023-08-01
12416,2023-08-01 09:31:00,19900.0,19776.35,6832350,1046600,24.0,146.55,527350,139900,0.011943,-0.969233,0.00057447,0.00106235,10.479708,12.65842,2023-08-01
17672,2023-08-01 09:31:00,19950.0,19776.35,4382400,176050,14.2,187.2,287700,22750,0.000805,-0.99385,5.058e-05,0.0002531,10.550193,13.289651,2023-08-01
22926,2023-08-01 09:31:00,20000.0,19776.35,7356200,507150,8.1,230.3,393250,18350,3e-05,-0.998976,2.28e-06,4.791e-05,10.671621,13.89687,2023-08-01
28179,2023-08-01 09:31:00,20050.0,19776.35,3518100,45200,4.9,277.75,174050,2650,1e-06,-0.999706,9e-08,1.378e-05,11.044831,15.245402,2023-08-01
25553,2023-08-01 09:32:00,19500.0,19772.6,826650,6424450,284.8,8.8,12050,157950,1.0,-5.2e-05,0.0,2.99e-06,7.240631,13.754854,2023-08-01
20300,2023-08-01 09:32:00,19550.0,19772.6,295000,3282950,238.0,12.35,8400,133150,0.999998,-0.000448,2.1e-07,2.372e-05,9.477478,13.124148,2023-08-01
15045,2023-08-01 09:32:00,19600.0,19772.6,2656400,10464200,194.05,18.3,71400,227600,0.999534,-0.003923,3.161e-05,0.00017755,10.206967,12.712022,2023-08-01
9788,2023-08-01 09:32:00,19650.0,19772.6,2019950,4862800,152.65,26.9,43950,162400,0.989758,-0.025546,0.00050886,0.00093655,10.366839,12.318493,2023-08-01
4529,2023-08-01 09:32:00,19700.0,19772.6,6637200,9378750,115.95,39.75,261600,474450,0.912757,-0.1183,0.00292421,0.00317992,10.51868,12.072524,2023-08-01
1898,2023-08-01 09:32:00,19750.0,19772.6,5842350,5093650,84.1,57.85,328550,296050,0.667502,-0.351043,0.00667551,0.00601399,10.548217,11.952199,2023-08-01
7159,2023-08-01 09:32:00,19800.0,19772.6,12295550,4981000,58.35,82.0,623100,452300,0.314471,-0.665544,0.00648995,0.00589541,10.60318,11.971702,2023-08-01
12417,2023-08-01 09:32:00,19850.0,19772.6,5130900,845150,38.15,112.4,221700,62750,0.081197,-0.888118,0.00275286,0.00303583,10.586958,12.153746,2023-08-01
17673,2023-08-01 09:32:00,19900.0,19772.6,7013850,1049150,23.7,148.15,263450,70400,0.010637,-0.975102,0.00051396,0.00090674,10.609007,12.452283,2023-08-01
22927,2023-08-01 09:32:00,19950.0,19772.6,4572650,186200,14.05,188.5,304450,17150,0.00071,-0.995778,4.463e-05,0.00018646,10.672578,12.926067,2023-08-01
28180,2023-08-01 09:32:00,20000.0,19772.6,7387450,515450,8.05,232.85,211050,12850,2.6e-05,-0.999251,2.02e-06,3.642e-05,10.793861,13.743787,2023-08-01
25554,2023-08-01 09:33:00,19500.0,19770.8,826650,6424450,281.45,8.9,7600,143850,,-5.5e-05,,3.17e-06,0.0,13.732617,2023-08-01
20301,2023-08-01 09:33:00,19550.0,19770.8,295000,3282950,235.7,12.55,6050,118200,0.999999,-0.000483,1.1e-07,2.545e-05,9.117936,13.11923,2023-08-01
15046,2023-08-01 09:33:00,19600.0,19770.8,2656400,10464200,191.55,18.55,64300,266300,0.999635,-0.004174,2.597e-05,0.00018816,9.911737,12.698264,2023-08-01
9789,2023-08-01 09:33:00,19650.0,19770.8,2019950,4862800,150.3,27.5,56200,188400,0.99019,-0.027471,0.00050087,0.00099368,10.159314,12.355014,2023-08-01
4530,2023-08-01 09:33:00,19700.0,19770.8,6637200,9378750,113.35,40.6,247100,450700,0.912815,-0.124754,0.00299727,0.0032925,10.272399,12.121418,2023-08-01
1899,2023-08-01 09:33:00,19750.0,19770.8,5842350,5093650,82.1,58.95,364200,355700,0.657767,-0.362377,0.0068613,0.00606195,10.393486,12.008608,2023-08-01
7160,2023-08-01 09:33:00,19800.0,19770.8,12295550,4981000,56.75,83.55,595800,364750,0.300495,-0.674998,0.00644545,0.00578954,10.480538,12.069093,2023-08-01
12418,2023-08-01 09:33:00,19850.0,19770.8,5130900,845150,36.9,114.2,260250,81300,0.073962,-0.891666,0.00259489,0.00294322,10.478691,12.267999,2023-08-01
17674,2023-08-01 09:33:00,19900.0,19770.8,7013850,1049150,22.8,150.25,253600,80550,0.00913,-0.975466,0.00045446,0.0008859,10.514627,12.607419,2023-08-01
22928,2023-08-01 09:33:00,19950.0,19770.8,4572650,186200,13.5,190.8,229750,11500,0.00058,-0.995659,3.732e-05,0.00018856,10.604464,13.124003,2023-08-01
28181,2023-08-01 09:33:00,20000.0,19770.8,7387450,515450,7.6,234.55,363800,14550,1.9e-05,-0.999296,1.5e-06,3.43e-05,10.695881,13.794485,2023-08-01
25555,2023-08-01 09:34:00,19550.0,19777.7,295000,3282950,240.25,11.9,5700,106500,1.0,-0.000348,0.0,1.87e-05,7.036502,13.180311,2023-08-01
20302,2023-08-01 09:34:00,19600.0,19777.7,2656400,10464200,195.15,17.6,67600,248850,0.999951,-0.003126,4.4e-06,0.00014465,8.953126,12.757396,2023-08-01
15047,2023-08-01 09:34:00,19650.0,19777.7,2019950,4862800,154.0,26.05,76700,147400,0.995135,-0.021484,0.0002827,0.0008066,9.700983,12.394862,2023-08-01
9790,2023-08-01 09:34:00,19700.0,19777.7,6637200,9378750,116.65,38.65,322700,450650,0.93767,-0.104084,0.00239171,0.00288514,9.972282,12.171123,2023-08-01
4531,2023-08-01 09:34:00,19750.0,19777.7,5842350,5093650,84.55,56.4,353250,394150,0.708889,-0.322054,0.00658289,0.00577419,10.123905,12.068498,2023-08-01
1900,2023-08-01 09:34:00,19800.0,19777.7,12295550,4981000,58.8,80.55,488100,470500,0.34343,-0.633199,0.00694597,0.00601061,10.291172,12.173498,2023-08-01
7161,2023-08-01 09:34:00,19850.0,19777.7,5130900,845150,38.3,110.25,235250,94700,0.089596,-0.86901,0.00305225,0.00335051,10.305376,12.335208,2023-08-01
12419,2023-08-01 09:34:00,19900.0,19777.7,7013850,1049150,23.65,145.85,244200,90600,0.011523,-0.967778,0.00056644,0.00110362,10.345683,12.711697,2023-08-01
17675,2023-08-01 09:34:00,19950.0,19777.7,4572650,186200,14.0,186.1,145850,10600,0.000751,-0.993711,4.815e-05,0.00025936,10.445738,13.283536,2023-08-01
22929,2023-08-01 09:34:00,20000.0,19777.7,7387450,515450,7.9,229.8,151050,18300,2.5e-05,-0.998824,1.99e-06,5.401e-05,10.554921,14.060352,2023-08-01
28182,2023-08-01 09:34:00,20050.0,19777.7,3527200,46750,4.75,277.05,85100,1600,1e-06,-0.999667,7e-08,1.538e-05,10.9295,15.383751,2023-08-01
25556,2023-08-01 09:35:00,19550.0,19775.65,292400,3282400,238.8,11.85,4700,103450,1.0,-0.00035,0.0,1.896e-05,7.836262,13.087003,2023-08-01
20303,2023-08-01 09:35:00,19600.0,19775.65,2645200,10492200,194.25,17.55,103900,312850,0.999891,-0.003186,8.96e-06,0.00014853,9.338581,12.658146,2023-08-01
15048,2023-08-01 09:35:00,19650.0,19775.65,2001600,4891700,152.5,26.15,46200,193550,0.994378,-0.022364,0.00032039,0.00084095,9.749661,12.317171,2023-08-01
9791,2023-08-01 09:35:00,19700.0,19775.65,6678150,9545550,115.55,38.75,327200,390300,0.931457,-0.107956,0.00255977,0.00299079,10.045312,12.073446,2023-08-01
4532,2023-08-01 09:35:00,19750.0,19775.65,5886500,5207550,83.8,56.8,329900,308850,0.694059,-0.332831,0.00668968,0.00589634,10.205475,11.995374,2023-08-01
1901,2023-08-01 09:35:00,19800.0,19775.65,12433250,5212600,58.05,81.0,540650,403550,0.329649,-0.646807,0.00682149,0.00599025,10.328897,12.074824,2023-08-01
7162,2023-08-01 09:35:00,19850.0,19775.65,5240400,880750,37.75,110.9,218100,86600,0.083853,-0.878125,0.0029002,0.00321857,10.337358,12.229965,2023-08-01
12420,2023-08-01 09:35:00,19900.0,19775.65,7096000,1058850,23.2,146.65,265150,68500,0.010401,-0.971388,0.00051827,0.00101147,10.35878,12.588522,2023-08-01
17676,2023-08-01 09:35:00,19950.0,19775.65,4705400,189650,13.6,187.05,137500,16550,0.000637,-0.99471,4.147e-05,0.00022518,10.429673,13.142463,2023-08-01
22930,2023-08-01 09:35:00,20000.0,19775.65,7348900,519000,7.7,230.25,231850,12250,2.1e-05,-0.999175,1.68e-06,3.998e-05,10.559088,13.736892,2023-08-01
28183,2023-08-01 09:35:00,20050.0,19775.65,3560350,46450,4.65,278.25,127050,900,1e-06,-0.999741,6e-08,1.234e-05,10.947225,15.22038,2023-08-01
25557,2023-08-01 09:36:00,19500.0,19773.0,825850,6441350,283.95,8.55,6450,188200,,-4.2e-05,,2.49e-06,0.0,13.676049,2023-08-01
20304,2023-08-01 09:36:00,19550.0,19773.0,292400,3282400,237.25,12.0,4150,96400,1.0,-0.000378,3e-08,2.05e-05,8.74997,13.035134,2023-08-01
15049,2023-08-01 09:36:00,19600.0,19773.0,2645200,10492200,193.45,17.9,61150,279000,0.999708,-0.00351,2.124e-05,0.00016259,9.903052,12.635122,2023-08-01
9792,2023-08-01 09:36:00,19650.0,19773.0,2001600,4891700,151.6,26.5,36250,116350,0.992025,-0.024024,0.00042379,0.00089864,10.05555,12.261716,2023-08-01
4533,2023-08-01 09:36:00,19700.0,19773.0,6678150,9545550,114.7,39.1,202500,283350,0.920702,-0.114073,0.00281083,0.0031389,10.241978,11.985479,2023-08-01
1902,2023-08-01 09:36:00,19750.0,19773.0,5886500,5207550,83.05,57.35,264400,228950,0.674139,-0.347316,0.00679056,0.00604854,10.343458,11.90407,2023-08-01
7163,2023-08-01 09:36:00,19800.0,19773.0,12433250,5212600,57.5,81.75,387300,343400,0.313421,-0.664113,0.00661713,0.00593844,10.442783,11.971662,2023-08-01
12421,2023-08-01 09:36:00,19850.0,19773.0,5240400,880750,37.35,111.7,192500,77750,0.077982,-0.889586,0.00272524,0.00304182,10.430463,12.083113,2023-08-01
17677,2023-08-01 09:36:00,19900.0,19773.0,7096000,1058850,22.95,147.6,183350,69750,0.00949,-0.975795,0.00047533,0.00089368,10.441682,12.407664,2023-08-01
22931,2023-08-01 09:36:00,19950.0,19773.0,4705400,189650,13.5,188.45,99050,5950,0.000579,-0.995724,3.775e-05,0.00018869,10.517033,12.991257,2023-08-01
28184,2023-08-01 09:36:00,20000.0,19773.0,7348900,519000,7.6,232.5,276700,6300,1.8e-05,-0.999281,1.48e-06,3.524e-05,10.620893,13.745221,2023-08-01
25558,2023-08-01 09:37:00,19500.0,19774.85,825850,6441350,284.2,8.5,6850,126500,,-3.9e-05,,2.31e-06,0.0,13.723132,2023-08-01
20305,2023-08-01 09:37:00,19550.0,19774.85,292400,3282400,238.0,11.9,2600,86400,1.0,-0.000349,0.0,1.901e-05,7.824821,13.076155,2023-08-01
15050,2023-08-01 09:37:00,19600.0,19774.85,2645200,10492200,193.75,17.75,37200,174350,0.999872,-0.003275,1.036e-05,0.00015245,9.427202,12.678616,2023-08-01
9793,2023-08-01 09:37:00,19650.0,19774.85,2001600,4891700,152.1,26.3,48000,134000,0.993944,-0.022706,0.0003409,0.00085452,9.816709,12.312808,2023-08-01
4534,2023-08-01 09:37:00,19700.0,19774.85,6678150,9545550,114.8,39.0,184550,279850,0.930519,-0.10978,0.00260188,0.00303509,10.015581,12.075894,2023-08-01
1903,2023-08-01 09:37:00,19750.0,19774.85,5886500,5207550,83.2,57.1,249850,218050,0.689427,-0.337128,0.00676432,0.00594432,10.188753,11.992824,2023-08-01
7164,2023-08-01 09:37:00,19800.0,19774.85,12433250,5212600,57.45,81.4,347950,195650,0.323189,-0.652029,0.00680756,0.0059751,10.296397,12.074693,2023-08-01
12422,2023-08-01 09:37:00,19850.0,19774.85,5240400,880750,37.3,111.55,232800,66200,0.08042,-0.880818,0.00282546,0.00317009,10.311386,12.258211,2023-08-01
17678,2023-08-01 09:37:00,19900.0,19774.85,7096000,1058850,22.85,146.95,176150,50100,0.00965,-0.973009,0.00048818,0.00097003,10.33042,12.539505,2023-08-01
22932,2023-08-01 09:37:00,19950.0,19774.85,4705400,189650,13.45,187.35,173550,6800,0.000583,-0.99519,3.837e-05,0.00020857,10.427285,13.072661,2023-08-01
28185,2023-08-01 09:37:00,20000.0,19774.85,7348900,519000,7.45,232.05,374950,7850,1.7e-05,-0.999033,1.38e-06,4.542e-05,10.499091,14.033878,2023-08-01
25559,2023-08-01 09:38:00,19500.0,19773.4,823700,6468550,285.05,8.45,19900,194800,,-3.8e-05,,2.28e-06,0.0,13.653362,2023-08-01
20306,2023-08-01 09:38:00,19550.0,19773.4,291350,3307700,238.95,11.85,7700,156300,0.999998,-0.000347,2.2e-07,1.906e-05,9.611325,13.005859,2023-08-01
15051,2023-08-01 09:38:00,19600.0,19773.4,2609500,10434400,194.25,17.6,185550,403000,0.999667,-0.003248,2.368e-05,0.00015273,10.057454,12.579347,2023-08-01
9794,2023-08-01 09:38:00,19650.0,19773.4,2023550,4889150,152.8,26.05,66450,172800,0.991221,-0.022727,0.00045285,0.00086506,10.266347,12.190558,2023-08-01
4535,2023-08-01 09:38:00,19700.0,19773.4,6693750,9680200,115.5,38.7,429800,408550,0.920359,-0.111301,0.00280036,0.00310475,10.342977,11.939799,2023-08-01
1904,2023-08-01 09:38:00,19750.0,19773.4,5943950,5288900,83.6,56.65,555200,442550,0.676397,-0.343472,0.00675368,0.0060836,10.399529,11.819665,2023-08-01
7165,2023-08-01 09:38:00,19800.0,19773.4,12694950,5370350,58.1,81.05,795150,527000,0.316714,-0.663185,0.00662048,0.0059997,10.513703,11.895581,2023-08-01
12423,2023-08-01 09:38:00,19850.0,19773.4,5354650,919000,37.65,110.8,345400,110050,0.079109,-0.891109,0.00275441,0.00304732,10.46232,11.975236,2023-08-01
17679,2023-08-01 09:38:00,19900.0,19773.4,7171300,1079450,23.2,146.45,388700,99150,0.009712,-0.977221,0.00048477,0.00086292,10.47694,12.244583,2023-08-01
22933,2023-08-01 09:38:00,19950.0,19773.4,4789300,193150,13.65,186.95,238800,12900,0.000592,-0.996381,3.855e-05,0.00016635,10.543631,12.727018,2023-08-01
28186,2023-08-01 09:38:00,20000.0,19773.4,7298700,522150,7.65,230.9,307050,15350,1.8e-05,-0.999464,1.47e-06,2.766e-05,10.628408,13.408476,2023-08-01
25560,2023-08-01 09:39:00,19500.0,19770.5,823700,6468550,281.6,8.65,8650,142500,,-4.3e-05,,2.58e-06,0.0,13.633713,2023-08-01
20307,2023-08-01 09:39:00,19550.0,19770.5,291350,3307700,234.55,12.2,13500,156950,1.0,-0.000401,2e-08,2.179e-05,8.535819,13.007859,2023-08-01
15052,2023-08-01 09:39:00,19600.0,19770.5,2609500,10434400,190.5,18.15,85800,265100,0.999757,-0.003715,1.842e-05,0.00017237,9.663069,12.595268,2023-08-01
9795,2023-08-01 09:39:00,19650.0,19770.5,2023550,4889150,149.45,27.0,46450,184700,0.99128,-0.025727,0.0004615,0.00095709,10.031056,12.246861,2023-08-01
4536,2023-08-01 09:39:00,19700.0,19770.5,6693750,9680200,112.8,40.1,300650,340550,0.914748,-0.121901,0.00298731,0.00329353,10.221739,12.024416,2023-08-01
1905,2023-08-01 09:39:00,19750.0,19770.5,5943950,5288900,81.45,58.55,343100,371200,0.657804,-0.362344,0.00696423,0.00615307,10.326753,11.93129,2023-08-01
7166,2023-08-01 09:39:00,19800.0,19770.5,12694950,5370350,56.25,83.5,522900,433850,0.296059,-0.678573,0.00648591,0.00582432,10.433073,12.044167,2023-08-01
12424,2023-08-01 09:39:00,19850.0,19770.5,5354650,919000,36.3,114.0,227750,90450,0.069984,-0.89562,0.00252683,0.00290345,10.402225,12.209737,2023-08-01
17680,2023-08-01 09:39:00,19900.0,19770.5,7171300,1079450,22.25,149.8,260900,74200,0.008049,-0.977724,0.00041387,0.00083167,10.42552,12.48713,2023-08-01
22934,2023-08-01 09:39:00,19950.0,19770.5,4789300,193150,13.15,190.55,142550,13450,0.000476,-0.996232,3.158e-05,0.00016885,10.533524,13.022105,2023-08-01
28187,2023-08-01 09:39:00,20000.0,19770.5,7298700,522150,7.35,235.5,246800,15250,1.4e-05,-0.999264,1.14e-06,3.555e-05,10.623238,13.987598,2023-08-01
25561,2023-08-01 09:40:00,19500.0,19761.05,823700,6468550,272.6,9.1,25450,397550,,-6.2e-05,,3.65e-06,0.0,13.475035,2023-08-01
20308,2023-08-01 09:40:00,19550.0,19761.05,291350,3307700,225.9,13.0,22850,300000,0.999999,-0.000589,1.1e-07,3.147e-05,8.807805,12.888535,2023-08-01
15053,2023-08-01 09:40:00,19600.0,19761.05,2609500,10434400,183.0,19.55,216400,575200,0.99934,-0.005427,4.536e-05,0.00024357,9.933656,12.526895,2023-08-01
9796,2023-08-01 09:40:00,19650.0,19761.05,2023550,4889150,142.35,29.1,158150,497450,0.985181,-0.035455,0.00072591,0.00125575,10.127844,12.199502,2023-08-01
4537,2023-08-01 09:40:00,19700.0,19761.05,6693750,9680200,106.8,43.05,896200,1021150,0.881016,-0.154765,0.00378049,0.00389584,10.318022,11.986612,2023-08-01
1906,2023-08-01 09:40:00,19750.0,19761.05,5943950,5288900,76.3,62.75,1139450,1018250,0.589643,-0.421859,0.00735639,0.00642694,10.368711,11.942603,2023-08-01
7167,2023-08-01 09:40:00,19800.0,19761.05,12694950,5370350,52.4,88.85,1499400,1213500,0.238893,-0.731235,0.00579506,0.00535793,10.496902,12.078115,2023-08-01
12425,2023-08-01 09:40:00,19850.0,19761.05,5354650,919000,33.8,120.1,564600,268100,0.050658,-0.920817,0.00194434,0.00237005,10.514557,12.21,2023-08-01
17681,2023-08-01 09:40:00,19900.0,19761.05,7171300,1079450,20.7,157.3,830150,245850,0.0053,-0.983844,0.00028298,0.00062831,10.557276,12.601696,2023-08-01
22935,2023-08-01 09:40:00,19950.0,19761.05,4789300,193150,12.25,198.8,365450,57600,0.000293,-0.997312,1.99e-05,0.00012328,10.67805,13.184189,2023-08-01
28188,2023-08-01 09:40:00,20000.0,19761.05,7298700,522150,6.95,243.75,430100,40400,9e-06,-0.999515,7.2e-07,2.408e-05,10.809968,14.063468,2023-08-01
25562,2023-08-01 09:41:00,19500.0,19762.2,823500,6392800,272.5,9.0,21450,241050,,-5.7e-05,,3.37e-06,0.0,13.479506,2023-08-01
20309,2023-08-01 09:41:00,19550.0,19762.2,301600,3320350,225.9,12.85,18150,190500,1.0,-0.000545,1e-08,2.935e-05,8.016586,12.889846,2023-08-01
15054,2023-08-01 09:41:00,19600.0,19762.2,2595500,10386900,182.3,19.3,106750,557050,0.999695,-0.005076,2.35e-05,0.00022996,9.387533,12.519026,2023-08-01
9797,2023-08-01 09:41:00,19650.0,19762.2,2036850,4826250,141.75,28.9,98400,373750,0.98857,-0.03407,0.00060071,0.00121497,9.791499,12.219821,2023-08-01
4538,2023-08-01 09:41:00,19700.0,19762.2,6738800,9683350,106.0,42.95,543050,853600,0.892083,-0.151065,0.00363121,0.00382205,10.03344,12.04009,2023-08-01
1907,2023-08-01 09:41:00,19750.0,19762.2,5932450,5384550,75.5,62.5,780300,887500,0.600402,-0.414689,0.00748696,0.00638752,10.133993,11.987309,2023-08-01
7168,2023-08-01 09:41:00,19800.0,19762.2,12793550,5448750,51.7,88.75,1359200,955550,0.241176,-0.723866,0.00594371,0.00539801,10.301721,12.167278,2023-08-01
12426,2023-08-01 09:41:00,19850.0,19762.2,5378600,923350,33.15,120.4,488650,221550,0.049678,-0.915163,0.0019507,0.00246251,10.332627,12.395329,2023-08-01
17682,2023-08-01 09:41:00,19900.0,19762.2,7133400,1098050,20.2,157.6,570150,237100,0.004975,-0.981593,0.00027201,0.00069083,10.394976,12.830014,2023-08-01
22936,2023-08-01 09:41:00,19950.0,19762.2,4830450,204000,11.9,199.5,247450,57200,0.000262,-0.996468,1.815e-05,0.0001535,10.533074,13.559006,2023-08-01
28189,2023-08-01 09:41:00,20000.0,19762.2,7255250,529950,6.7,244.4,407500,29000,7e-06,-0.999285,6.1e-07,3.35e-05,10.670512,14.50177,2023-08-01
25563,2023-08-01 09:42:00,19500.0,19760.05,823500,6392800,272.0,9.0,6700,207250,,-5.8e-05,,3.45e-06,0.0,13.403994,2023-08-01
20310,2023-08-01 09:42:00,19550.0,19760.05,301600,3320350,225.15,13.0,6150,125200,0.999998,-0.000583,1.6e-07,3.134e-05,8.936716,12.852573,2023-08-01
15055,2023-08-01 09:42:00,19600.0,19760.05,2595500,10386900,181.85,19.65,92300,357450,0.999375,-0.005506,4.363e-05,0.00024778,9.852974,12.509989,2023-08-01
9798,2023-08-01 09:42:00,19650.0,19760.05,2036850,4826250,140.35,29.35,87100,333050,0.986781,-0.036351,0.00067749,0.00128519,9.862383,12.201686,2023-08-01
4539,2023-08-01 09:42:00,19700.0,19760.05,6738800,9683350,105.3,43.35,274500,501750,0.881146,-0.157925,0.00384221,0.00396117,10.174082,11.981854,2023-08-01
1908,2023-08-01 09:42:00,19750.0,19760.05,5932450,5384550,75.35,63.15,410350,499450,0.582933,-0.428099,0.00744891,0.00646781,10.308467,11.937699,2023-08-01
7169,2023-08-01 09:42:00,19800.0,19760.05,12793550,5448750,51.2,89.35,701050,649100,0.229845,-0.737293,0.0057559,0.00531452,10.375107,12.071996,2023-08-01
12427,2023-08-01 09:42:00,19850.0,19760.05,5378600,923350,32.85,121.25,294200,114250,0.046506,-0.922253,0.00184052,0.00232714,10.403988,12.299588,2023-08-01
17683,2023-08-01 09:42:00,19900.0,19760.05,7133400,1098050,20.1,158.25,377850,136650,0.004644,-0.984409,0.00025419,0.00060906,10.477745,12.646274,2023-08-01
22937,2023-08-01 09:42:00,19950.0,19760.05,4830450,204000,11.75,199.35,156950,22550,0.000234,-0.99759,1.632e-05,0.0001125,10.579481,13.126996,2023-08-01
28190,2023-08-01 09:42:00,20000.0,19760.05,7255250,529950,6.6,244.9,301750,19100,6e-06,-0.999521,5.3e-07,2.373e-05,10.708044,14.148961,2023-08-01
25564,2023-08-01 09:43:00,19500.0,19764.2,823500,6392800,276.4,8.8,11200,148950,1.0,-4.8e-05,0.0,2.88e-06,7.219888,13.476572,2023-08-01
20311,2023-08-01 09:43:00,19550.0,19764.2,301600,3320350,229.9,12.65,19050,150800,0.999997,-0.000482,3e-07,2.623e-05,9.416817,12.910517,2023-08-01
15056,2023-08-01 09:43:00,19600.0,19764.2,2595500,10386900,185.4,18.9,74200,445050,0.999554,-0.004519,3.204e-05,0.00020798,9.829653,12.513066,2023-08-01
9799,2023-08-01 09:43:00,19650.0,19764.2,2036850,4826250,145.35,28.25,67550,206050,0.986744,-0.031056,0.00065426,0.00113116,10.250212,12.193491,2023-08-01
4540,2023-08-01 09:43:00,19700.0,19764.2,6738800,9683350,108.55,41.6,335050,534900,0.894929,-0.140582,0.00349558,0.00368688,10.251921,11.925512,2023-08-01
1909,2023-08-01 09:43:00,19750.0,19764.2,5932450,5384550,77.55,60.8,442350,525700,0.613907,-0.40068,0.00732455,0.006421,10.288693,11.857566,2023-08-01
7170,2023-08-01 09:43:00,19800.0,19764.2,12793550,5448750,53.2,86.2,572050,443650,0.254739,-0.717309,0.00607489,0.0055821,10.406753,11.933952,2023-08-01
12428,2023-08-01 09:43:00,19850.0,19764.2,5378600,923350,34.35,117.65,239900,118950,0.054944,-0.915161,0.00209809,0.00252017,10.435856,12.145567,2023-08-01
17684,2023-08-01 09:43:00,19900.0,19764.2,7133400,1098050,21.05,154.5,221550,115350,0.005785,-0.982819,0.00030923,0.0006698,10.486346,12.511538,2023-08-01
22938,2023-08-01 09:43:00,19950.0,19764.2,4830450,204000,12.35,194.65,104750,12950,0.000307,-0.997666,2.104e-05,0.00011214,10.582072,12.809889,2023-08-01
28191,2023-08-01 09:43:00,20000.0,19764.2,7255250,529950,7.0,239.85,249700,16650,9e-06,-0.999595,7.4e-07,2.098e-05,10.72232,13.72901,2023-08-01
25565,2023-08-01 09:44:00,19500.0,19765.65,821500,6370900,275.65,8.75,9800,92250,,-4.4e-05,,2.69e-06,0.0,13.51059,2023-08-01
20312,2023-08-01 09:44:00,19550.0,19765.65,307900,3297850,230.0,12.65,12150,81700,1.0,-0.000462,4e-08,2.515e-05,8.631784,12.96941,2023-08-01
15057,2023-08-01 09:44:00,19600.0,19765.65,2596500,10398900,186.0,18.95,48350,216850,0.999701,-0.004385,2.261e-05,0.00020151,9.610572,12.591285,2023-08-01
9800,2023-08-01 09:44:00,19650.0,19765.65,2062400,4955050,145.25,28.2,47800,113150,0.989636,-0.029946,0.00054404,0.00109325,9.969736,12.258536,2023-08-01
4541,2023-08-01 09:44:00,19700.0,19765.65,6755150,9756850,108.95,41.75,240100,269900,0.902579,-0.137255,0.00334783,0.00359765,10.144533,12.040089,2023-08-01
1910,2023-08-01 09:44:00,19750.0,19765.65,6067900,5491850,78.25,60.6,297550,284500,0.624854,-0.391907,0.007284,0.00635219,10.270065,11.930795,2023-08-01
7171,2023-08-01 09:44:00,19800.0,19765.65,13033200,5480550,53.6,86.0,445750,273000,0.262548,-0.707894,0.00620182,0.00563069,10.36856,12.032226,2023-08-01
12429,2023-08-01 09:44:00,19850.0,19765.65,5448350,955050,34.5,117.25,210400,52600,0.056803,-0.910065,0.00216854,0.00261539,10.379617,12.240991,2023-08-01
17685,2023-08-01 09:44:00,19900.0,19765.65,7163000,1144150,21.15,154.2,172950,76300,0.00599,-0.980817,0.00032082,0.00072797,10.439231,12.663052,2023-08-01
22939,2023-08-01 09:44:00,19950.0,19765.65,4893350,209750,12.4,194.8,106350,16500,0.000316,-0.996975,2.172e-05,0.00013863,10.538006,13.117051,2023-08-01
28192,2023-08-01 09:44:00,20000.0,19765.65,7341100,539850,6.95,239.95,204200,13900,9e-06,-0.999417,7.2e-07,2.866e-05,10.652349,14.093047,2023-08-01
25566,2023-08-01 09:45:00,19500.0,19764.55,821500,6370900,277.5,8.7,19400,157750,1.0,-4.3e-05,0.0,2.64e-06,8.758015,13.453275,2023-08-01
20313,2023-08-01 09:45:00,19550.0,19764.55,307900,3297850,231.15,12.6,8300,129050,0.999992,-0.000458,7e-07,2.508e-05,9.90183,12.912422,2023-08-01
15058,2023-08-01 09:45:00,19600.0,19764.55,2596500,10398900,187.55,18.9,73650,391100,0.999197,-0.004401,5.223e-05,0.00020341,10.403749,12.53209,2023-08-01
9801,2023-08-01 09:45:00,19650.0,19764.55,2062400,4955050,146.7,28.0,71150,259400,0.985374,-0.029982,0.00069765,0.00110451,10.493166,12.163727,2023-08-01
4542,2023-08-01 09:45:00,19700.0,19764.55,6755150,9756850,110.35,41.35,366500,422550,0.890472,-0.138217,0.00351366,0.00366123,10.539532,11.905425,2023-08-01
1911,2023-08-01 09:45:00,19750.0,19764.55,6067900,5491850,79.15,60.15,496900,496750,0.614255,-0.39753,0.00718034,0.00646862,10.522753,11.77952,2023-08-01
7172,2023-08-01 09:45:00,19800.0,19764.55,13033200,5480550,54.55,85.65,807600,532600,0.260219,-0.716847,0.00604447,0.00562866,10.60583,11.878585,2023-08-01
12430,2023-08-01 09:45:00,19850.0,19764.55,5448350,955050,35.1,116.5,273400,128000,0.057167,-0.917696,0.00214683,0.00250305,10.553217,11.987508,2023-08-01
17686,2023-08-01 09:45:00,19900.0,19764.55,7163000,1144150,21.7,152.65,241450,119900,0.006284,-0.985031,0.00032973,0.00061223,10.612262,12.198388,2023-08-01
22940,2023-08-01 09:45:00,19950.0,19764.55,4893350,209750,12.7,194.05,167400,23500,0.000336,-0.997801,2.275e-05,0.00010717,10.66902,12.73751,2023-08-01
28193,2023-08-01 09:45:00,20000.0,19764.55,7341100,539850,7.15,238.65,234250,14200,1e-05,-0.999683,7.8e-07,1.707e-05,10.772171,13.478385,2023-08-01
25567,2023-08-01 09:46:00,19500.0,19774.55,821500,6370900,284.5,8.35,13050,158600,,-3e-05,,1.83e-06,0.0,13.668759,2023-08-01
20314,2023-08-01 09:46:00,19550.0,19774.55,307900,3297850,237.9,11.9,13800,207300,1.0,-0.000304,0.0,1.692e-05,8.072628,13.081487,2023-08-01
15059,2023-08-01 09:46:00,19600.0,19774.55,2596500,10398900,193.75,17.8,121000,287300,0.999868,-0.003019,1.062e-05,0.00014334,9.550453,12.694669,2023-08-01
9802,2023-08-01 09:46:00,19650.0,19774.55,2062400,4955050,152.2,26.25,115450,183900,0.993935,-0.021525,0.00034213,0.00082815,9.920829,12.302986,2023-08-01
4543,2023-08-01 09:46:00,19700.0,19774.55,6755150,9756850,114.75,38.9,360700,590950,0.931249,-0.107405,0.00260146,0.00303175,10.065191,12.055389,2023-08-01
1912,2023-08-01 09:46:00,19750.0,19774.55,6067900,5491850,82.95,56.8,542150,532900,0.689382,-0.336372,0.00684903,0.00604464,10.194326,11.93683,2023-08-01
7173,2023-08-01 09:46:00,19800.0,19774.55,13033200,5480550,57.2,81.0,661150,660150,0.318813,-0.656811,0.00685763,0.00606016,10.295566,11.998138,2023-08-01
12431,2023-08-01 09:46:00,19850.0,19774.55,5448350,955050,37.15,111.1,270050,143050,0.077004,-0.886689,0.00276735,0.00312263,10.319865,12.162568,2023-08-01
17687,2023-08-01 09:46:00,19900.0,19774.55,7163000,1144150,22.9,146.9,299550,141800,0.008972,-0.975182,0.00046213,0.00091879,10.371868,12.501607,2023-08-01
22941,2023-08-01 09:46:00,19950.0,19774.55,4893350,209750,13.4,187.5,175950,39750,0.0005,-0.99572,3.367e-05,0.00019047,10.442616,13.065752,2023-08-01
28194,2023-08-01 09:46:00,20000.0,19774.55,7341100,539850,7.5,231.7,196250,18950,1.4e-05,-0.999258,1.17e-06,3.645e-05,10.544657,13.88987,2023-08-01
25568,2023-08-01 09:47:00,19550.0,19778.6,305500,3348500,239.1,11.75,28550,246950,,-0.000265,,1.477e-05,0.0,13.190506,2023-08-01
20315,2023-08-01 09:47:00,19600.0,19778.6,2536650,10470000,194.4,17.5,247150,622500,0.999992,-0.002627,8.7e-07,0.00012561,8.274877,12.793791,2023-08-01
15060,2023-08-01 09:47:00,19650.0,19778.6,2028000,4928000,152.65,26.05,151250,345250,0.997436,-0.019473,0.00017107,0.00075203,9.189696,12.461532,2023-08-01
9803,2023-08-01 09:47:00,19700.0,19778.6,6709950,9758450,115.7,38.5,675450,778100,0.948201,-0.098273,0.00216758,0.00280807,9.689165,12.217022,2023-08-01
4544,2023-08-01 09:47:00,19750.0,19778.6,6070600,5598400,83.55,56.15,856350,763950,0.722728,-0.314482,0.00670637,0.00580385,9.890535,12.109616,2023-08-01
1913,2023-08-01 09:47:00,19800.0,19778.6,13092600,5517100,57.6,80.3,1189100,872700,0.343293,-0.629731,0.00724368,0.00611424,10.05152,12.228986,2023-08-01
7174,2023-08-01 09:47:00,19850.0,19778.6,5440550,949800,37.35,110.2,475900,260500,0.084078,-0.86849,0.00302279,0.00339351,10.108948,12.441001,2023-08-01
12432,2023-08-01 09:47:00,19900.0,19778.6,7197550,1137750,23.0,146.2,468750,201850,0.009804,-0.967169,0.00050892,0.00112375,10.190684,12.916,2023-08-01
17688,2023-08-01 09:47:00,19950.0,19778.6,4928900,218900,13.5,186.9,307900,36550,0.000551,-0.993168,3.735e-05,0.00027715,10.299073,13.624849,2023-08-01
22942,2023-08-01 09:47:00,20000.0,19778.6,7356200,549150,7.65,230.65,410700,19350,1.6e-05,-0.998639,1.36e-06,6.107e-05,10.453462,14.478246,2023-08-01
28195,2023-08-01 09:47:00,20050.0,19778.6,3543000,57300,4.65,277.6,101750,2600,0.0,-0.999624,5e-08,1.712e-05,10.871939,15.777935,2023-08-01
25569,2023-08-01 09:48:00,19550.0,19778.65,305500,3348500,238.75,11.7,4950,101450,,-0.000256,,1.435e-05,0.0,13.177884,2023-08-01
20316,2023-08-01 09:48:00,19600.0,19778.65,2536650,10470000,196.0,17.45,83550,269850,0.999966,-0.002573,3.2e-06,0.00012352,8.984102,12.78478,2023-08-01
15061,2023-08-01 09:48:00,19650.0,19778.65,2028000,4928000,154.15,25.95,95100,186150,0.99645,-0.019163,0.00022048,0.00074394,9.571807,12.444493,2023-08-01
9804,2023-08-01 09:48:00,19700.0,19778.65,6709950,9758450,116.75,38.3,417850,465350,0.945006,-0.097232,0.00223041,0.0027976,9.88805,12.185128,2023-08-01
4545,2023-08-01 09:48:00,19750.0,19778.65,6070600,5598400,84.45,55.85,557300,381400,0.720419,-0.313323,0.00664404,0.00582464,10.03838,12.064876,2023-08-01
1914,2023-08-01 09:48:00,19800.0,19778.65,13092600,5517100,58.45,79.9,775000,466850,0.345411,-0.630236,0.00717408,0.00615013,10.18729,12.169949,2023-08-01
7175,2023-08-01 09:48:00,19850.0,19778.65,5440550,949800,37.8,110.0,256400,118500,0.085528,-0.8692,0.00304314,0.00339317,10.185734,12.413889,2023-08-01
12433,2023-08-01 09:48:00,19900.0,19778.65,7197550,1137750,23.3,145.2,287100,101150,0.010105,-0.969167,0.0005202,0.00108354,10.25128,12.736537,2023-08-01
17689,2023-08-01 09:48:00,19950.0,19778.65,4928900,218900,13.65,185.45,155850,13000,0.000567,-0.994215,3.832e-05,0.00024499,10.338251,13.322695,2023-08-01
22943,2023-08-01 09:48:00,20000.0,19778.65,7356200,549150,7.65,230.1,241400,8500,1.6e-05,-0.998766,1.33e-06,5.638e-05,10.453381,14.353238,2023-08-01
28196,2023-08-01 09:48:00,20050.0,19778.65,3543000,57300,4.6,276.5,82850,4000,0.0,-0.999708,4e-08,1.38e-05,10.84616,15.480153,2023-08-01
25570,2023-08-01 09:49:00,19550.0,19781.2,305500,3348500,242.1,11.3,11250,156600,,-0.00021,,1.199e-05,0.0,13.14446,2023-08-01
20317,2023-08-01 09:49:00,19600.0,19781.2,2536650,10470000,198.8,16.85,125250,388850,0.999962,-0.002174,3.45e-06,0.00010658,9.180902,12.738523,2023-08-01
15062,2023-08-01 09:49:00,19650.0,19781.2,2028000,4928000,156.65,25.15,108750,262950,0.996742,-0.01689,0.0002023,0.00067133,9.671545,12.399502,2023-08-01
9805,2023-08-01 09:49:00,19700.0,19781.2,6709950,9758450,118.6,37.1,433700,552900,0.950691,-0.088673,0.00204778,0.00263265,9.888989,12.112032,2023-08-01
4546,2023-08-01 09:49:00,19750.0,19781.2,6070600,5598400,86.2,54.45,766300,537900,0.736665,-0.297495,0.00643465,0.00572729,10.073872,12.007083,2023-08-01
1915,2023-08-01 09:49:00,19800.0,19781.2,13092600,5517100,59.65,77.95,975850,492650,0.363633,-0.615577,0.00731808,0.0062857,10.184648,12.068362,2023-08-01
7176,2023-08-01 09:49:00,19850.0,19781.2,5440550,949800,38.85,107.4,287500,165700,0.093769,-0.864072,0.00325489,0.00353784,10.210977,12.24175,2023-08-01
12434,2023-08-01 09:49:00,19900.0,19781.2,7197550,1137750,23.85,142.55,258800,102800,0.011302,-0.968182,0.00057513,0.00112754,10.235242,12.578889,2023-08-01
17690,2023-08-01 09:49:00,19950.0,19781.2,4928900,218900,14.1,183.0,161900,26050,0.000669,-0.993957,4.465e-05,0.00025692,10.348218,13.22249,2023-08-01
22944,2023-08-01 09:49:00,20000.0,19781.2,7356200,549150,7.9,226.95,278200,17650,1.9e-05,-0.998863,1.59e-06,5.334e-05,10.451939,14.092678,2023-08-01
28197,2023-08-01 09:49:00,20050.0,19781.2,3543000,57300,4.7,273.75,62450,2350,1e-06,-0.999717,5e-08,1.358e-05,10.815479,15.320111,2023-08-01
25571,2023-08-01 09:50:00,19550.0,19781.7,287550,3364550,242.0,11.3,19350,142900,,-0.000205,,1.169e-05,0.0,13.165422,2023-08-01
20318,2023-08-01 09:50:00,19600.0,19781.7,2550000,10498650,198.15,16.95,124850,370500,0.999986,-0.002168,1.39e-06,0.00010605,8.699502,12.788034,2023-08-01
15063,2023-08-01 09:50:00,19650.0,19781.7,2040550,5003750,156.25,25.15,117600,224500,0.997411,-0.016614,0.00016835,0.00066149,9.460704,12.425489,2023-08-01
9806,2023-08-01 09:50:00,19700.0,19781.7,6728200,9779900,118.8,37.2,542350,582900,0.952455,-0.087911,0.00199799,0.00260914,9.858612,12.160312,2023-08-01
4547,2023-08-01 09:50:00,19750.0,19781.7,6016550,5623050,86.05,54.5,702000,479700,0.741718,-0.295053,0.00642784,0.00569319,9.998952,12.050805,2023-08-01
1916,2023-08-01 09:50:00,19800.0,19781.7,13051800,5640700,59.8,78.25,1094050,584950,0.366924,-0.611774,0.00736028,0.00626533,10.171511,12.159955,2023-08-01
7177,2023-08-01 09:50:00,19850.0,19781.7,5436900,982000,39.0,107.5,431700,139750,0.094995,-0.861278,0.00329212,0.003572,10.207427,12.312059,2023-08-01
12435,2023-08-01 09:50:00,19900.0,19781.7,7189150,1170600,24.05,143.0,438550,108000,0.011602,-0.966191,0.00058826,0.00117297,10.251854,12.730286,2023-08-01
17691,2023-08-01 09:50:00,19950.0,19781.7,4897450,218650,14.05,183.05,467050,33250,0.000657,-0.993574,4.41e-05,0.00026972,10.315518,13.317838,2023-08-01
22945,2023-08-01 09:50:00,20000.0,19781.7,7405550,548700,7.95,227.0,435500,26100,2e-05,-0.998754,1.61e-06,5.762e-05,10.453139,14.20947,2023-08-01
28198,2023-08-01 09:50:00,20050.0,19781.7,3580750,56800,4.75,274.05,162550,6800,1e-06,-0.999663,5e-08,1.58e-05,10.826256,15.528207,2023-08-01
25572,2023-08-01 09:51:00,19550.0,19783.25,287550,3364550,243.15,11.15,15150,189050,,-0.000186,,1.068e-05,0.0,13.175739,2023-08-01
20319,2023-08-01 09:51:00,19600.0,19783.25,2550000,10498650,199.35,16.7,148150,323100,0.999991,-0.001985,9.4e-07,9.801e-05,8.589577,12.789571,2023-08-01
15064,2023-08-01 09:51:00,19650.0,19783.25,2040550,5003750,157.0,24.8,153150,367000,0.997991,-0.015501,0.00013606,0.00062413,9.314713,12.426632,2023-08-01
9807,2023-08-01 09:51:00,19700.0,19783.25,6728200,9779900,119.1,36.8,845450,652500,0.958326,-0.083897,0.00182963,0.00251979,9.694792,12.175618,2023-08-01
4548,2023-08-01 09:51:00,19750.0,19783.25,6016550,5623050,86.5,53.95,930150,564100,0.753677,-0.286248,0.00633058,0.00561427,9.915734,12.06506,2023-08-01
1917,2023-08-01 09:51:00,19800.0,19783.25,13051800,5640700,60.05,77.45,1353250,661100,0.377253,-0.602194,0.00749556,0.00631669,10.091393,12.159877,2023-08-01
7178,2023-08-01 09:51:00,19850.0,19783.25,5436900,982000,39.2,106.85,656550,157650,0.098514,-0.855015,0.00340627,0.00367011,10.146535,12.363934,2023-08-01
12436,2023-08-01 09:51:00,19900.0,19783.25,7189150,1170600,24.2,142.0,446050,137550,0.012104,-0.964348,0.00061399,0.00122525,10.204344,12.747913,2023-08-01
17692,2023-08-01 09:51:00,19950.0,19783.25,4897450,218650,14.05,181.9,550700,23950,0.000668,-0.993174,4.514e-05,0.00028468,10.250504,13.329162,2023-08-01
22946,2023-08-01 09:51:00,20000.0,19783.25,7405550,548700,8.0,226.0,370900,16950,2e-05,-0.998617,1.68e-06,6.318e-05,10.415174,14.278435,2023-08-01
28199,2023-08-01 09:51:00,20050.0,19783.25,3580750,56800,4.75,268.65,160000,3300,1e-06,-0.999877,5e-08,6.67e-06,10.776696,14.335887,2023-08-01
25573,2023-08-01 09:52:00,19550.0,19782.05,287550,3364550,243.0,11.3,4650,119500,,-0.000196,,1.126e-05,0.0,13.18257,2023-08-01
20320,2023-08-01 09:52:00,19600.0,19782.05,2550000,10498650,199.0,16.8,89250,239450,0.999979,-0.002045,2.01e-06,0.00010104,8.942504,12.766939,2023-08-01
15065,2023-08-01 09:52:00,19650.0,19782.05,2040550,5003750,156.9,24.95,90650,211450,0.997302,-0.015975,0.00017347,0.00064268,9.559129,12.402823,2023-08-01
9808,2023-08-01 09:52:00,19700.0,19782.05,6728200,9779900,118.85,37.0,319850,365700,0.954224,-0.08614,0.00195101,0.00258023,9.822163,12.146616,2023-08-01
4549,2023-08-01 09:52:00,19750.0,19782.05,6016550,5623050,86.2,54.3,370800,389550,0.7447,-0.292441,0.00641238,0.00568952,9.991908,12.044321,2023-08-01
1918,2023-08-01 09:52:00,19800.0,19782.05,13051800,5640700,59.9,77.9,711050,411650,0.368998,-0.610149,0.00740115,0.00630398,10.16388,12.135369,2023-08-01
7179,2023-08-01 09:52:00,19850.0,19782.05,5436900,982000,39.1,107.0,321700,75450,0.095458,-0.861638,0.00331394,0.00358932,10.206393,12.266942,2023-08-01
12437,2023-08-01 09:52:00,19900.0,19782.05,7189150,1170600,24.0,142.05,349900,82950,0.011438,-0.96757,0.00058415,0.00114835,10.227422,12.601801,2023-08-01
17693,2023-08-01 09:52:00,19950.0,19782.05,4897450,218650,14.0,181.95,310750,21750,0.000634,-0.994188,4.286e-05,0.00025081,10.291023,13.142446,2023-08-01
22947,2023-08-01 09:52:00,20000.0,19782.05,7405550,548700,7.85,225.4,259100,9600,1.8e-05,-0.999032,1.48e-06,4.696e-05,10.40766,13.883143,2023-08-01
28200,2023-08-01 09:52:00,20050.0,19782.05,3580750,56800,4.65,272.95,100700,5450,0.0,-0.999725,4e-08,1.329e-05,10.767138,15.303977,2023-08-01
25574,2023-08-01 09:53:00,19550.0,19785.35,284900,3378550,245.0,11.15,5850,138300,,-0.000172,,9.92e-06,0.0,13.25931,2023-08-01
20321,2023-08-01 09:53:00,19600.0,19785.35,2595550,10528000,201.45,16.55,129400,276400,0.999992,-0.001808,8.5e-07,8.994e-05,8.666193,12.842189,2023-08-01
15066,2023-08-01 09:53:00,19650.0,19785.35,2032400,5119400,159.3,24.45,160850,144800,0.998041,-0.014187,0.0001313,0.00057868,9.461785,12.45512,2023-08-01
9809,2023-08-01 09:53:00,19700.0,19785.35,6724750,10036950,121.35,36.05,466450,395000,0.96029,-0.077825,0.00173875,0.00239118,9.837564,12.157678,2023-08-01
4550,2023-08-01 09:53:00,19750.0,19785.35,5982850,5773000,88.1,52.95,587650,378800,0.766188,-0.273625,0.00613708,0.00551927,9.970152,12.041508,2023-08-01
1919,2023-08-01 09:53:00,19800.0,19785.35,12890950,5772050,61.45,76.15,996150,441200,0.393396,-0.589426,0.0075629,0.00640423,10.154382,12.124484,2023-08-01
7180,2023-08-01 09:53:00,19850.0,19785.35,5347400,1034050,40.15,104.95,413350,106350,0.105925,-0.849906,0.00358913,0.00379818,10.180357,12.262383,2023-08-01
12438,2023-08-01 09:53:00,19900.0,19785.35,7221500,1210650,24.8,139.65,555550,94850,0.013338,-0.963974,0.00066874,0.00125513,10.219484,12.587227,2023-08-01
17694,2023-08-01 09:53:00,19950.0,19785.35,4587600,226550,14.5,179.55,195150,19400,0.000767,-0.993256,5.128e-05,0.00028573,10.278399,13.17612,2023-08-01
22948,2023-08-01 09:53:00,20000.0,19785.35,7451700,548600,8.15,223.0,226650,15700,2.2e-05,-0.998812,1.83e-06,5.636e-05,10.393549,13.965883,2023-08-01
28201,2023-08-01 09:53:00,20050.0,19785.35,3664600,58700,4.75,270.5,147000,4000,1e-06,-0.999655,5e-08,1.631e-05,10.710613,15.410004,2023-08-01
25575,2023-08-01 09:54:00,19550.0,19782.2,284900,3378550,244.0,11.3,2150,116900,,-0.000189,,1.089e-05,0.0,13.1921,2023-08-01
20322,2023-08-01 09:54:00,19600.0,19782.2,2595550,10528000,200.45,16.8,136400,228400,0.999947,-0.00199,4.61e-06,9.88e-05,9.492635,12.776969,2023-08-01
15067,2023-08-01 09:54:00,19650.0,19782.2,2032400,5119400,158.6,24.9,50950,143700,0.996307,-0.015629,0.00022126,0.00063262,9.968764,12.402772,2023-08-01
9810,2023-08-01 09:54:00,19700.0,19782.2,6724750,10036950,120.25,36.6,313650,257750,0.95074,-0.084046,0.00202231,0.0025536,10.079115,12.084689,2023-08-01
4551,2023-08-01 09:54:00,19750.0,19782.2,5982850,5773000,87.4,53.75,339100,266400,0.742275,-0.289831,0.00634194,0.00571979,10.182849,11.965904,2023-08-01
1920,2023-08-01 09:54:00,19800.0,19782.2,12890950,5772050,60.6,77.0,625450,379850,0.370996,-0.610724,0.00735984,0.0063886,10.269242,12.005081,2023-08-01
7181,2023-08-01 09:54:00,19850.0,19782.2,5347400,1034050,39.7,106.25,256450,62250,0.097398,-0.863961,0.00334137,0.0035902,10.303844,12.158828,2023-08-01
12439,2023-08-01 09:54:00,19900.0,19782.2,7221500,1210650,24.5,141.0,229800,61000,0.01197,-0.969627,0.00060375,0.00110626,10.323916,12.427811,2023-08-01
17695,2023-08-01 09:54:00,19950.0,19782.2,4587600,226550,14.25,181.05,180900,10550,0.000662,-0.994784,4.449e-05,0.00023141,10.35269,12.975574,2023-08-01
22949,2023-08-01 09:54:00,20000.0,19782.2,7451700,548600,8.05,224.6,157200,14150,1.9e-05,-0.999171,1.58e-06,4.135e-05,10.477415,13.71358,2023-08-01
28202,2023-08-01 09:54:00,20050.0,19782.2,3664600,58700,4.65,271.05,64550,850,0.0,-0.999831,4e-08,8.76e-06,10.765777,14.790158,2023-08-01
25576,2023-08-01 09:55:00,19550.0,19779.0,284900,3378550,241.1,11.6,5000,150400,1.0,-0.000218,0.0,1.249e-05,6.072617,13.171624,2023-08-01
20323,2023-08-01 09:55:00,19600.0,19779.0,2595550,10528000,196.65,17.35,58700,179800,0.999963,-0.002315,3.44e-06,0.00011343,9.140493,12.786554,2023-08-01
15068,2023-08-01 09:55:00,19650.0,19779.0,2032400,5119400,154.5,25.7,65600,139600,0.996718,-0.017767,0.00020692,0.0007061,9.602952,12.42062,2023-08-01
9811,2023-08-01 09:55:00,19700.0,19779.0,6724750,10036950,117.45,37.9,296450,278350,0.945779,-0.09327,0.00220597,0.00275069,9.988879,12.143814,2023-08-01
4552,2023-08-01 09:55:00,19750.0,19779.0,5982850,5773000,84.5,55.35,447500,368850,0.72494,-0.3089,0.00666871,0.00587218,10.024764,12.017018,2023-08-01
1921,2023-08-01 09:55:00,19800.0,19779.0,12890950,5772050,58.75,79.15,586300,406800,0.346788,-0.63033,0.00723465,0.00625519,10.221899,12.088685,2023-08-01
7182,2023-08-01 09:55:00,19850.0,19779.0,5347400,1034050,38.15,109.15,354700,100650,0.085414,-0.872405,0.0030561,0.00339637,10.237525,12.317157,2023-08-01
12440,2023-08-01 09:55:00,19900.0,19779.0,7221500,1210650,23.35,144.55,283350,61000,0.009669,-0.970798,0.00050549,0.00105196,10.256245,12.671128,2023-08-01
17696,2023-08-01 09:55:00,19950.0,19779.0,4587600,226550,13.6,184.35,176000,7650,0.000506,-0.995049,3.487e-05,0.00021832,10.3225,13.152654,2023-08-01
22950,2023-08-01 09:55:00,20000.0,19779.0,7451700,548600,7.65,228.9,195000,11150,1.4e-05,-0.999038,1.15e-06,4.608e-05,10.452824,14.134287,2023-08-01
28203,2023-08-01 09:55:00,20050.0,19779.0,3664600,58700,4.45,274.0,96500,2250,0.0,-0.999852,3e-08,7.7e-06,10.768548,14.844833,2023-08-01
25577,2023-08-01 09:56:00,19550.0,19778.55,280800,3412100,242.85,11.5,7400,92250,1.0,-0.000209,2e-08,1.206e-05,9.033815,13.123112,2023-08-01
20324,2023-08-01 09:56:00,19600.0,19778.55,2594200,10490700,198.9,17.15,82000,286600,0.999821,-0.002226,1.355e-05,0.00011021,10.132875,12.716839,2023-08-01
15069,2023-08-01 09:56:00,19650.0,19778.55,2039650,5105100,156.45,25.4,60750,164000,0.994742,-0.017327,0.00029795,0.00069694,10.183386,12.336314,2023-08-01
9812,2023-08-01 09:56:00,19700.0,19778.55,6757550,10063400,119.0,37.35,369450,435900,0.938552,-0.091928,0.00235248,0.00275372,10.350866,12.019258,2023-08-01
4553,2023-08-01 09:56:00,19750.0,19778.55,5925050,5889200,86.35,54.45,443550,568300,0.715385,-0.308698,0.00655631,0.00596819,10.382673,11.838272,2023-08-01
1922,2023-08-01 09:56:00,19800.0,19778.55,12872200,5997900,59.9,78.25,708650,677250,0.346498,-0.635329,0.00708842,0.00633199,10.445392,11.906447,2023-08-01
7183,2023-08-01 09:56:00,19850.0,19778.55,5384150,1074450,39.1,107.35,306300,126600,0.087754,-0.881149,0.00306507,0.00333168,10.431794,11.965091,2023-08-01
12441,2023-08-01 09:56:00,19900.0,19778.55,7171750,1228600,24.0,142.65,262000,117700,0.010284,-0.975459,0.00052623,0.00094234,10.41331,12.251764,2023-08-01
17697,2023-08-01 09:56:00,19950.0,19778.55,4514300,229450,13.95,183.0,233350,15500,0.000547,-0.996161,3.713e-05,0.00017929,10.435438,12.77858,2023-08-01
22951,2023-08-01 09:56:00,20000.0,19778.55,7444000,548900,7.9,226.45,380300,24750,1.5e-05,-0.999486,1.29e-06,2.728e-05,10.562558,13.401906,2023-08-01
28204,2023-08-01 09:56:00,20050.0,19778.55,3707950,58700,4.6,276.05,137150,1000,0.0,-0.999779,3e-08,1.086e-05,10.863933,15.337303,2023-08-01
25578,2023-08-01 09:57:00,19550.0,19777.3,280800,3412100,243.0,11.4,6450,99500,0.999998,-0.000203,1.5e-07,1.184e-05,9.888481,13.04384,2023-08-01
20325,2023-08-01 09:57:00,19600.0,19777.3,2594200,10490700,199.4,17.1,52250,149650,0.999628,-0.002233,2.546e-05,0.00011128,10.663915,12.651956,2023-08-01
15070,2023-08-01 09:57:00,19650.0,19777.3,2039650,5105100,156.9,25.2,41000,113950,0.992913,-0.017318,0.00037578,0.00070353,10.53532,12.234245,2023-08-01
9813,2023-08-01 09:57:00,19700.0,19777.3,6757550,10063400,119.05,37.2,267600,270350,0.932498,-0.093307,0.00249109,0.00281126,10.531745,11.922255,2023-08-01
4554,2023-08-01 09:57:00,19750.0,19777.3,5925050,5889200,86.5,54.3,289800,282000,0.70469,-0.314389,0.00658447,0.00608089,10.535107,11.729467,2023-08-01
1923,2023-08-01 09:57:00,19800.0,19777.3,12872200,5997900,60.0,77.95,551400,272100,0.339113,-0.645231,0.0069653,0.00636344,10.560388,11.753815,2023-08-01
7184,2023-08-01 09:57:00,19850.0,19777.3,5384150,1074450,39.2,107.3,210400,52000,0.085628,-0.888369,0.00298644,0.0032294,10.528406,11.824521,2023-08-01
12442,2023-08-01 09:57:00,19900.0,19777.3,7171750,1228600,24.05,142.3,207000,64200,0.009995,-0.978867,0.00051037,0.00084857,10.488903,12.013755,2023-08-01
17698,2023-08-01 09:57:00,19950.0,19777.3,4514300,229450,14.0,182.1,121200,8100,0.000533,-0.997302,3.605e-05,0.00013525,10.503897,12.352863,2023-08-01
22952,2023-08-01 09:57:00,20000.0,19777.3,7444000,548900,7.85,226.55,229700,8300,1.4e-05,-0.999626,1.19e-06,2.075e-05,10.592409,13.144787,2023-08-01
28205,2023-08-01 09:57:00,20050.0,19777.3,3707950,60350,4.5,271.65,50700,1400,0.0,-0.999966,3e-08,2.11e-06,10.854371,13.616723,2023-08-01
25579,2023-08-01 09:58:00,19500.0,19774.65,811300,6383750,286.6,8.25,9450,131700,1.0,-2.2e-05,0.0,1.37e-06,6.231262,13.65471,2023-08-01
20326,2023-08-01 09:58:00,19550.0,19774.65,280800,3412100,239.6,11.75,6850,72050,0.999999,-0.000236,6e-08,1.362e-05,9.361703,13.059109,2023-08-01
15071,2023-08-01 09:58:00,19600.0,19774.65,2594200,10490700,195.75,17.6,94550,202050,0.999735,-0.002543,1.937e-05,0.00012523,10.241167,12.669293,2023-08-01
9814,2023-08-01 09:58:00,19650.0,19774.65,2039650,5105100,153.95,25.95,70500,199550,0.992853,-0.019372,0.00038613,0.00077334,10.34606,12.265323,2023-08-01
4555,2023-08-01 09:58:00,19700.0,19774.65,6757550,10063400,116.1,38.05,296700,364100,0.929779,-0.100736,0.00262209,0.0029776,10.331828,11.926909,2023-08-01
1924,2023-08-01 09:58:00,19750.0,19774.65,5925050,5889200,83.85,55.6,437750,403350,0.690185,-0.330921,0.00685383,0.00620309,10.35792,11.764179,2023-08-01
7185,2023-08-01 09:58:00,19800.0,19774.65,12872200,5997900,57.9,79.85,695350,443900,0.3184,-0.661094,0.00689037,0.00622214,10.424437,11.838298,2023-08-01
12443,2023-08-01 09:58:00,19850.0,19774.65,5384150,1074450,37.65,109.6,265250,97100,0.075599,-0.894944,0.00275015,0.00306803,10.42323,11.933972,2023-08-01
17699,2023-08-01 09:58:00,19900.0,19774.65,7171750,1228600,23.1,144.9,336500,105750,0.008323,-0.980086,0.00043796,0.00079936,10.42982,12.147162,2023-08-01
22953,2023-08-01 09:58:00,19950.0,19774.65,4514300,229450,13.35,185.3,193950,24050,0.000409,-0.997227,2.841e-05,0.00013609,10.446383,12.603215,2023-08-01
28206,2023-08-01 09:58:00,20000.0,19774.65,7444000,548900,7.55,229.4,252150,14050,1.1e-05,-0.99963,9.2e-07,2.033e-05,10.581025,13.311717,2023-08-01
25580,2023-08-01 09:59:00,19550.0,19778.75,282150,3439850,241.9,11.45,5050,101450,1.0,-0.000194,0.0,1.13e-05,8.047475,13.119859,2023-08-01
20327,2023-08-01 09:59:00,19600.0,19778.75,2615400,10524900,198.2,17.2,55150,158400,0.999892,-0.002158,8.75e-06,0.00010742,9.831888,12.743952,2023-08-01
15072,2023-08-01 09:59:00,19650.0,19778.75,2049550,5118650,155.55,25.35,44900,144750,0.99585,-0.016822,0.00024854,0.00068235,9.929003,12.34059,2023-08-01
9815,2023-08-01 09:59:00,19700.0,19778.75,6784300,10126500,118.15,37.3,280450,263500,0.943119,-0.090545,0.00226446,0.0027336,10.166949,12.026451,2023-08-01
4556,2023-08-01 09:59:00,19750.0,19778.75,5906800,5989200,85.5,54.65,263950,262950,0.720481,-0.307521,0.00662894,0.00595906,10.22589,11.889951,2023-08-01
1925,2023-08-01 09:59:00,19800.0,19778.75,12789800,6120450,59.05,78.3,441650,257950,0.345113,-0.634373,0.00721185,0.00635038,10.297578,11.935987,2023-08-01
7186,2023-08-01 09:59:00,19850.0,19778.75,5363850,1069850,38.45,107.7,199700,72200,0.084895,-0.879896,0.00303835,0.0033477,10.312326,12.050312,2023-08-01
12444,2023-08-01 09:59:00,19900.0,19778.75,7172200,1252100,23.6,143.25,294900,65300,0.009591,-0.974436,0.00050151,0.00096805,10.327118,12.397364,2023-08-01
17700,2023-08-01 09:59:00,19950.0,19778.75,4515900,237900,13.65,183.05,139450,11150,0.00048,-0.996144,3.329e-05,0.00018009,10.353432,12.828696,2023-08-01
22954,2023-08-01 09:59:00,20000.0,19778.75,7339700,552100,7.65,226.25,144600,9200,1.2e-05,-0.99951,1.05e-06,2.625e-05,10.469104,13.397107,2023-08-01
28207,2023-08-01 09:59:00,20050.0,19778.75,3706900,60400,4.45,274.15,78600,2750,0.0,-0.999868,3e-08,6.98e-06,10.783946,14.829871,2023-08-01
25581,2023-08-01 10:00:00,19550.0,19781.15,282150,3439850,243.8,11.35,6650,67450,1.0,-0.000176,0.0,1.027e-05,7.48196,13.180247,2023-08-01
20328,2023-08-01 10:00:00,19600.0,19781.15,2615400,10524900,198.75,16.85,59800,143150,0.999969,-0.001904,2.86e-06,9.595e-05,9.210321,12.756423,2023-08-01
15073,2023-08-01 10:00:00,19650.0,19781.15,2049550,5118650,156.95,24.95,50250,115200,0.996853,-0.015346,0.00019703,0.00062992,9.784538,12.373164,2023-08-01
9816,2023-08-01 10:00:00,19700.0,19781.15,6784300,10126500,119.05,36.9,302350,228500,0.951296,-0.084979,0.00203691,0.00259697,10.00684,12.090766,2023-08-01
4557,2023-08-01 10:00:00,19750.0,19781.15,5906800,5989200,86.1,53.9,342700,292350,0.739356,-0.293723,0.00650038,0.00582548,10.083636,11.929678,2023-08-01
1926,2023-08-01 10:00:00,19800.0,19781.15,12789800,6120450,59.7,77.35,556900,288100,0.361314,-0.618755,0.00739914,0.00641862,10.217364,11.984059,2023-08-01
7187,2023-08-01 10:00:00,19850.0,19781.15,5363850,1069850,38.85,106.75,191700,65450,0.090415,-0.870213,0.00321338,0.00351198,10.23415,12.143038,2023-08-01
12445,2023-08-01 10:00:00,19900.0,19781.15,7172200,1252100,23.85,141.75,180000,48600,0.010326,-0.971811,0.00053927,0.00104841,10.257427,12.437747,2023-08-01
17701,2023-08-01 10:00:00,19950.0,19781.15,4515900,237900,13.75,182.0,79900,17100,0.000511,-0.995251,3.563e-05,0.00021422,10.278692,13.012593,2023-08-01
22955,2023-08-01 10:00:00,20000.0,19781.15,7339700,552100,7.65,225.95,163600,32650,1.3e-05,-0.99921,1.08e-06,3.954e-05,10.382287,13.84396,2023-08-01
28208,2023-08-01 10:00:00,20050.0,19781.15,3706900,60400,4.4,272.0,89050,900,0.0,-0.999856,2e-08,7.59e-06,10.680509,14.810337,2023-08-01
25582,2023-08-01 10:01:00,19550.0,19779.95,282150,3439850,243.25,11.5,2650,91600,1.0,-0.000186,0.0,1.084e-05,8.248035,13.186329,2023-08-01
20329,2023-08-01 10:01:00,19600.0,19779.95,2615400,10524900,198.0,17.2,57000,196200,0.999957,-0.002057,3.88e-06,0.00010271,9.352379,12.79908,2023-08-01
15074,2023-08-01 10:01:00,19650.0,19779.95,2049550,5118650,156.0,25.4,57200,132100,0.996611,-0.016268,0.00021062,0.00066117,9.798159,12.413337,2023-08-01
9817,2023-08-01 10:01:00,19700.0,19779.95,6784300,10126500,118.2,37.4,233200,307600,0.948947,-0.088273,0.00211688,0.00267043,10.013275,12.116345,2023-08-01
4558,2023-08-01 10:01:00,19750.0,19779.95,5906800,5989200,85.55,54.6,369650,374800,0.731136,-0.30105,0.00659303,0.00588252,10.116095,11.966589,2023-08-01
1927,2023-08-01 10:01:00,19800.0,19779.95,12789800,6120450,59.4,78.3,606750,393150,0.352893,-0.626066,0.00731596,0.00636077,10.264645,12.039693,2023-08-01
7188,2023-08-01 10:01:00,19850.0,19779.95,5363850,1069850,38.4,107.7,225550,82450,0.08626,-0.874028,0.00310793,0.00343491,10.232907,12.179917,2023-08-01
12446,2023-08-01 10:01:00,19900.0,19779.95,7172200,1252100,23.5,143.0,256550,86300,0.009555,-0.972488,0.00050516,0.00102271,10.249313,12.514525,2023-08-01
17702,2023-08-01 10:01:00,19950.0,19779.95,4515900,237900,13.5,182.6,146750,12350,0.000455,-0.995742,3.208e-05,0.00019573,10.26613,12.940046,2023-08-01
22956,2023-08-01 10:01:00,20000.0,19779.95,7339700,552100,7.5,227.05,245100,36700,1.1e-05,-0.999252,9.4e-07,3.757e-05,10.373017,13.871743,2023-08-01
28209,2023-08-01 10:01:00,20050.0,19779.95,3706900,60400,4.35,272.25,76900,4900,0.0,-0.999896,2e-08,5.72e-06,10.69495,14.571138,2023-08-01
25583,2023-08-01 10:02:00,19550.0,19783.2,282050,3435700,244.0,11.5,2300,50900,,-0.000171,,9.97e-06,0.0,13.312755,2023-08-01
20330,2023-08-01 10:02:00,19600.0,19783.2,2618850,10568950,198.2,17.05,54250,144850,0.999998,-0.001853,2e-07,9.283e-05,8.049547,12.900452,2023-08-01
15075,2023-08-01 10:02:00,19650.0,19783.2,2088750,5145250,156.45,25.2,33600,108500,0.998456,-0.014869,0.00011021,0.00060719,9.201426,12.530082,2023-08-01
9818,2023-08-01 10:02:00,19700.0,19783.2,6897150,10157550,118.3,37.05,183650,211000,0.962669,-0.081679,0.00172382,0.00249788,9.565133,12.237501,2023-08-01
4559,2023-08-01 10:02:00,19750.0,19783.2,5971100,6082450,85.8,54.3,270900,246150,0.758791,-0.284679,0.00642316,0.00565848,9.823494,12.138079,2023-08-01
1928,2023-08-01 10:02:00,19800.0,19783.2,12962150,6282800,59.3,77.8,432550,233150,0.373492,-0.603777,0.00767011,0.00637814,9.994241,12.229924,2023-08-01
7189,2023-08-01 10:02:00,19850.0,19783.2,5446850,1099050,38.55,107.05,143000,66450,0.092634,-0.858395,0.0033388,0.00365873,10.057752,12.4094,2023-08-01
12447,2023-08-01 10:02:00,19900.0,19783.2,7187200,1276200,23.6,142.0,146100,53600,0.010298,-0.966627,0.00054768,0.00117891,10.105499,12.757794,2023-08-01
17703,2023-08-01 10:02:00,19950.0,19783.2,4522900,256600,13.6,181.55,97800,7950,0.000495,-0.994153,3.507e-05,0.00025362,10.15498,13.262003,2023-08-01
22957,2023-08-01 10:02:00,20000.0,19783.2,7383750,554550,7.6,226.1,162000,9350,1.2e-05,-0.998805,1.05e-06,5.606e-05,10.291717,14.308954,2023-08-01
28210,2023-08-01 10:02:00,20050.0,19783.2,3714250,61800,4.35,272.1,64350,2950,0.0,-0.99975,2e-08,1.231e-05,10.590293,15.356862,2023-08-01
25584,2023-08-01 10:03:00,19550.0,19781.0,282050,3435700,241.9,11.55,2050,89500,,-0.000178,,1.042e-05,0.0,13.247083,2023-08-01
20331,2023-08-01 10:03:00,19600.0,19781.0,2618850,10568950,197.75,17.2,31850,153550,0.999986,-0.001965,1.44e-06,9.848e-05,8.849636,12.847756,2023-08-01
15076,2023-08-01 10:03:00,19650.0,19781.0,2088750,5145250,155.8,25.35,41150,127150,0.997565,-0.015631,0.00016128,0.00063855,9.526361,12.457276,2023-08-01
9819,2023-08-01 10:03:00,19700.0,19781.0,6897150,10157550,118.05,37.35,152100,200700,0.954512,-0.08581,0.00197027,0.00261083,9.83886,12.170107,2023-08-01
4560,2023-08-01 10:03:00,19750.0,19781.0,5971100,6082450,85.25,54.55,205500,225300,0.741816,-0.295387,0.00657796,0.00581718,9.961478,12.032795,2023-08-01
1929,2023-08-01 10:03:00,19800.0,19781.0,12962150,6282800,58.9,78.35,335100,233850,0.358027,-0.618801,0.00749206,0.00636574,10.104934,12.138541,2023-08-01
7190,2023-08-01 10:03:00,19850.0,19781.0,5446850,1099050,38.3,107.8,147350,72350,0.087213,-0.868596,0.0031674,0.0035102,10.153929,12.309799,2023-08-01
12448,2023-08-01 10:03:00,19900.0,19781.0,7187200,1276200,23.5,143.3,130400,50100,0.009609,-0.96979,0.00051167,0.00109138,10.199406,12.713523,2023-08-01
17704,2023-08-01 10:03:00,19950.0,19781.0,4522900,256600,13.6,182.65,126600,4850,0.000464,-0.995117,3.283e-05,0.00021859,10.251074,13.13288,2023-08-01
22958,2023-08-01 10:03:00,20000.0,19781.0,7383750,554550,7.55,226.8,150200,9050,1.1e-05,-0.999136,9.5e-07,4.253e-05,10.35633,14.03274,2023-08-01
28211,2023-08-01 10:03:00,20050.0,19781.0,3714250,61800,4.4,273.6,58550,1100,0.0,-0.9998,2e-08,1.007e-05,10.690793,15.24751,2023-08-01
25585,2023-08-01 10:04:00,19550.0,19778.65,282050,3435700,241.15,11.6,4200,25750,1.0,-0.000186,0.0,1.093e-05,7.201639,13.175329,2023-08-01
20332,2023-08-01 10:04:00,19600.0,19778.65,2618850,10568950,196.0,17.2,25500,117450,0.999975,-0.002033,2.41e-06,0.0001025,9.02939,12.748778,2023-08-01
15077,2023-08-01 10:04:00,19650.0,19778.65,2088750,5145250,154.05,25.45,28000,111850,0.997051,-0.016408,0.00019092,0.0006717,9.582722,12.365805,2023-08-01
9820,2023-08-01 10:04:00,19700.0,19778.65,6897150,10157550,116.5,37.55,98150,119300,0.949362,-0.09007,0.00214307,0.00273276,9.872571,12.074858,2023-08-01
4561,2023-08-01 10:04:00,19750.0,19778.65,5971100,6082450,83.95,55.0,194400,162950,0.725931,-0.30773,0.00677483,0.00597654,9.985401,11.949355,2023-08-01
1930,2023-08-01 10:04:00,19800.0,19778.65,12962150,6282800,57.9,79.1,357100,156300,0.340671,-0.634673,0.00735266,0.00632865,10.127945,12.06523,2023-08-01
7191,2023-08-01 10:04:00,19850.0,19778.65,5446850,1099050,37.55,108.45,92250,37200,0.080035,-0.879643,0.00296925,0.00334377,10.171349,12.174832,2023-08-01
12449,2023-08-01 10:04:00,19900.0,19778.65,7187200,1276200,23.0,143.95,105000,31550,0.008487,-0.974249,0.00045886,0.00097151,10.218358,12.523838,2023-08-01
17705,2023-08-01 10:04:00,19950.0,19778.65,4522900,256600,13.3,184.1,53650,3250,0.000396,-0.995866,2.831e-05,0.00018987,10.273821,13.050368,2023-08-01
22959,2023-08-01 10:04:00,20000.0,19778.65,7383750,554550,7.4,228.8,80250,1950,9e-06,-0.999235,8e-07,3.805e-05,10.388824,14.047603,2023-08-01
28212,2023-08-01 10:04:00,20050.0,19778.65,3714250,61800,4.35,274.0,31150,800,0.0,-0.99989,2e-08,5.97e-06,10.742863,14.764438,2023-08-01
25586,2023-08-01 10:05:00,19550.0,19782.1,281950,3431100,242.4,11.3,3150,35550,,-0.000154,,9.15e-06,0.0,13.20931,2023-08-01
20333,2023-08-01 10:05:00,19600.0,19782.1,2636800,10554100,198.7,16.85,37500,141350,0.999989,-0.001754,1.17e-06,8.936e-05,8.825983,12.8061,2023-08-01
15078,2023-08-01 10:05:00,19650.0,19782.1,2098300,5100850,156.25,24.9,27950,107750,0.998036,-0.014436,0.00013481,0.00060009,9.405995,12.417173,2023-08-01
9821,2023-08-01 10:05:00,19700.0,19782.1,6943850,10216500,118.1,36.85,161600,276500,0.959404,-0.08188,0.00182965,0.00253363,9.693526,12.143591,2023-08-01
4562,2023-08-01 10:05:00,19750.0,19782.1,6000850,6106200,85.45,53.95,223750,236300,0.751268,-0.288113,0.00651978,0.00577813,9.885025,12.010288,2023-08-01
1931,2023-08-01 10:05:00,19800.0,19782.1,13095550,6330850,59.05,77.55,369600,253250,0.365109,-0.612471,0.00760926,0.00643486,10.04636,12.1032,2023-08-01
7192,2023-08-01 10:05:00,19850.0,19782.1,5492600,1117050,38.4,106.75,104150,53550,0.089037,-0.866626,0.0032416,0.00357456,10.106191,12.249563,2023-08-01
12450,2023-08-01 10:05:00,19900.0,19782.1,7219400,1281850,23.5,142.35,139800,55750,0.009675,-0.969285,0.00051897,0.00111243,10.146819,12.683568,2023-08-01
17706,2023-08-01 10:05:00,19950.0,19782.1,4513650,258200,13.6,182.25,42900,11550,0.00046,-0.994695,3.279e-05,0.00023422,10.207432,13.233915,2023-08-01
22960,2023-08-01 10:05:00,20000.0,19782.1,7400450,555100,7.6,226.3,72450,7050,1.1e-05,-0.999045,9.5e-07,4.643e-05,10.337619,14.138339,2023-08-01
28213,2023-08-01 10:05:00,20050.0,19782.1,3731100,60950,4.4,273.0,45450,600,0.0,-0.999779,2e-08,1.104e-05,10.65827,15.349373,2023-08-01
25587,2023-08-01 10:06:00,19550.0,19787.95,281950,3431100,246.4,10.85,4900,86700,,-0.000115,,6.9e-06,0.0,13.279892,2023-08-01
20334,2023-08-01 10:06:00,19600.0,19787.95,2636800,10554100,202.3,16.15,76450,226950,1.0,-0.00134,5e-08,6.964e-05,7.820638,12.867962,2023-08-01
15079,2023-08-01 10:06:00,19650.0,19787.95,2098300,5100850,159.4,23.9,68400,179000,0.999286,-0.011522,5.652e-05,0.00049185,8.892002,12.481737,2023-08-01
9822,2023-08-01 10:06:00,19700.0,19787.95,6943850,10216500,121.4,35.25,340150,487250,0.972006,-0.068254,0.00137954,0.00220223,9.481368,12.174806,2023-08-01
4563,2023-08-01 10:06:00,19750.0,19787.95,6000850,6106200,88.1,51.8,437000,386800,0.792122,-0.25553,0.00600317,0.00543541,9.716713,12.041911,2023-08-01
1932,2023-08-01 10:06:00,19800.0,19787.95,13095550,6330850,60.8,74.75,649950,486000,0.408619,-0.574333,0.0080186,0.00658045,9.863194,12.129156,2023-08-01
7193,2023-08-01 10:06:00,19850.0,19787.95,5492600,1117050,39.65,103.55,301350,100050,0.105655,-0.843755,0.00373672,0.00396191,9.952831,12.310982,2023-08-01
12451,2023-08-01 10:06:00,19900.0,19787.95,7219400,1281850,24.3,138.45,250850,138800,0.01204,-0.962007,0.00063728,0.00132292,10.008009,12.718749,2023-08-01
17707,2023-08-01 10:06:00,19950.0,19787.95,4513650,258200,14.0,177.95,89000,20550,0.000579,-0.993071,4.119e-05,0.00029613,10.060422,13.278665,2023-08-01
22961,2023-08-01 10:06:00,20000.0,19787.95,7400450,555100,7.75,221.55,235900,13200,1.3e-05,-0.998742,1.16e-06,5.978e-05,10.176774,14.152276,2023-08-01
28214,2023-08-01 10:06:00,20050.0,19787.95,3731100,60950,4.45,268.05,42250,550,0.0,-0.999707,2e-08,1.435e-05,10.493784,15.363394,2023-08-01
25588,2023-08-01 10:07:00,19550.0,19789.3,281950,3431100,246.1,10.9,6700,55150,,-0.000112,,6.7e-06,0.0,13.350144,2023-08-01
20335,2023-08-01 10:07:00,19600.0,19789.3,2636800,10554100,202.15,16.2,47100,157950,1.0,-0.0013,0.0,6.748e-05,6.611787,12.940224,2023-08-01
15080,2023-08-01 10:07:00,19650.0,19789.3,2098300,5100850,159.3,24.0,47350,100400,0.999627,-0.011241,3.245e-05,0.00047875,8.503199,12.570024,2023-08-01
9823,2023-08-01 10:07:00,19700.0,19789.3,6943850,10216500,121.0,35.35,268300,305900,0.977527,-0.066539,0.001186,0.00214575,9.187378,12.269968,2023-08-01
4564,2023-08-01 10:07:00,19750.0,19789.3,6000850,6106200,87.9,52.0,369350,323600,0.804892,-0.250127,0.00589723,0.00532753,9.536597,12.166294,2023-08-01
1933,2023-08-01 10:07:00,19800.0,19789.3,13095550,6330850,60.9,75.1,580300,332750,0.418574,-0.56465,0.00815158,0.00652869,9.771001,12.296335,2023-08-01
7194,2023-08-01 10:07:00,19850.0,19789.3,5492600,1117050,39.8,104.0,270550,74450,0.109044,-0.83458,0.00385127,0.00404852,9.893708,12.523418,2023-08-01
12452,2023-08-01 10:07:00,19900.0,19789.3,7219400,1281850,24.3,138.5,178600,62350,0.012311,-0.958262,0.00065514,0.00140997,9.939516,12.900251,2023-08-01
17708,2023-08-01 10:07:00,19950.0,19789.3,4513650,258200,14.1,178.35,85900,9650,0.000604,-0.991575,4.305e-05,0.00034447,10.029021,13.578587,2023-08-01
22962,2023-08-01 10:07:00,20000.0,19789.3,7400450,555100,7.8,222.6,114450,12350,1.4e-05,-0.998138,1.21e-06,8.258e-05,10.14607,14.668763,2023-08-01
28215,2023-08-01 10:07:00,20050.0,19789.3,3731100,60950,4.45,268.05,59150,300,0.0,-0.999605,2e-08,1.859e-05,10.450983,15.679406,2023-08-01
25589,2023-08-01 10:08:00,19550.0,19784.4,278900,3450400,244.0,11.05,4750,89500,,-0.000127,,7.66e-06,0.0,13.21794,2023-08-01
20336,2023-08-01 10:08:00,19600.0,19784.4,2602400,10553350,200.55,16.45,65100,127450,0.999994,-0.001488,6.7e-07,7.729e-05,8.703642,12.802713,2023-08-01
15081,2023-08-01 10:08:00,19650.0,19784.4,2100250,5151050,157.7,24.35,34500,164350,0.998593,-0.012752,0.00010133,0.00054176,9.279245,12.413943,2023-08-01
9824,2023-08-01 10:08:00,19700.0,19784.4,6932650,10338000,119.9,35.95,238050,262700,0.963705,-0.074736,0.0016731,0.0023812,9.719644,12.111194,2023-08-01
4565,2023-08-01 10:08:00,19750.0,19784.4,6013450,6233500,86.7,52.65,301450,386250,0.76753,-0.273122,0.00632759,0.00568371,9.861579,11.952054,2023-08-01
1934,2023-08-01 10:08:00,19800.0,19784.4,13123500,6462700,60.1,76.15,507900,245700,0.382076,-0.598356,0.00776015,0.00654548,10.039634,12.070373,2023-08-01
7195,2023-08-01 10:08:00,19850.0,19784.4,5508550,1136600,39.15,105.4,234700,63150,0.095451,-0.859098,0.00343171,0.00372371,10.09632,12.263708,2023-08-01
12453,2023-08-01 10:08:00,19900.0,19784.4,7311900,1290050,23.9,140.35,174700,49500,0.010425,-0.967992,0.00055818,0.00116243,10.115042,12.615898,2023-08-01
17709,2023-08-01 10:08:00,19950.0,19784.4,4526000,255000,13.75,180.55,75150,12900,0.000482,-0.994261,3.455e-05,0.00025191,10.152941,13.254775,2023-08-01
22963,2023-08-01 10:08:00,20000.0,19784.4,7483650,557700,7.7,224.35,112300,9950,1.1e-05,-0.99899,9.9e-07,4.912e-05,10.294185,14.12836,2023-08-01
28216,2023-08-01 10:08:00,20050.0,19784.4,3742300,61200,4.4,270.55,37750,600,0.0,-0.999792,2e-08,1.056e-05,10.588038,15.216388,2023-08-01
25590,2023-08-01 10:09:00,19550.0,19782.6,278900,3450400,243.5,11.0,2250,134500,,-0.000127,,7.7e-06,0.0,13.134343,2023-08-01
20337,2023-08-01 10:09:00,19600.0,19782.6,2602400,10553350,199.0,16.55,40700,104700,0.999992,-0.001553,8.9e-07,8.079e-05,8.763241,12.754903,2023-08-01
15082,2023-08-01 10:09:00,19650.0,19782.6,2100250,5151050,156.6,24.55,40100,92500,0.998225,-0.013386,0.0001239,0.00056778,9.396244,12.37246,2023-08-01
9825,2023-08-01 10:09:00,19700.0,19782.6,6932650,10338000,118.85,36.15,153250,204500,0.959928,-0.077736,0.00180604,0.00247033,9.77748,12.048996,2023-08-01
4566,2023-08-01 10:09:00,19750.0,19782.6,6013450,6233500,86.0,53.2,273450,182600,0.754727,-0.282723,0.00647916,0.00580303,9.933815,11.92501,2023-08-01
1935,2023-08-01 10:09:00,19800.0,19782.6,13123500,6462700,59.4,76.85,330550,205100,0.368369,-0.610575,0.00766007,0.00651928,10.071102,12.037233,2023-08-01
7196,2023-08-01 10:09:00,19850.0,19782.6,5508550,1136600,38.5,105.9,227250,58950,0.08914,-0.868038,0.00326666,0.00359561,10.099403,12.163689,2023-08-01
12454,2023-08-01 10:09:00,19900.0,19782.6,7311900,1290050,23.45,141.25,163800,42700,0.009387,-0.970901,0.00050998,0.0010817,10.118202,12.549306,2023-08-01
17710,2023-08-01 10:09:00,19950.0,19782.6,4526000,255000,13.45,180.25,170750,6100,0.000416,-0.995758,3.017e-05,0.00019822,10.15359,12.889621,2023-08-01
22964,2023-08-01 10:09:00,20000.0,19782.6,7483650,557700,7.5,225.0,134850,10500,9e-06,-0.999224,8.2e-07,3.919e-05,10.28935,13.920372,2023-08-01
28217,2023-08-01 10:09:00,20050.0,19782.6,3742300,61200,4.3,271.3,51800,1200,0.0,-0.999849,2e-08,7.95e-06,10.595677,14.986526,2023-08-01
25591,2023-08-01 10:10:00,19550.0,19783.55,278900,3450400,243.0,11.0,3400,99650,,-0.000122,,7.41e-06,0.0,13.172383,2023-08-01
20338,2023-08-01 10:10:00,19600.0,19783.55,2602400,10553350,199.1,16.45,57200,101950,0.999997,-0.001473,3.4e-07,7.702e-05,8.383037,12.770332,2023-08-01
15083,2023-08-01 10:10:00,19650.0,19783.55,2100250,5151050,156.3,24.45,42000,87950,0.998809,-0.012896,8.907e-05,0.00054947,9.095697,12.398317,2023-08-01
9826,2023-08-01 10:10:00,19700.0,19783.55,6932650,10338000,118.35,36.2,160950,199300,0.965362,-0.076191,0.00164582,0.00242366,9.539377,12.113337,2023-08-01
4567,2023-08-01 10:10:00,19750.0,19783.55,6013450,6233500,85.7,53.3,226600,191500,0.76449,-0.278296,0.00644346,0.00572806,9.785038,12.007282,2023-08-01
1936,2023-08-01 10:10:00,19800.0,19783.55,13123500,6462700,59.15,76.75,352900,230650,0.37407,-0.604001,0.00779822,0.00652504,9.956897,12.101029,2023-08-01
7197,2023-08-01 10:10:00,19850.0,19783.55,5508550,1136600,38.25,106.0,211500,31500,0.089735,-0.862678,0.00332102,0.00366562,9.998468,12.280508,2023-08-01
12455,2023-08-01 10:10:00,19900.0,19783.55,7311900,1290050,23.3,141.0,157800,42300,0.009325,-0.969244,0.00051171,0.00112709,10.040922,12.62897,2023-08-01
17711,2023-08-01 10:10:00,19950.0,19783.55,4526000,255000,13.3,181.2,154550,12500,0.000398,-0.994592,2.925e-05,0.00023968,10.075124,13.256421,2023-08-01
22965,2023-08-01 10:10:00,20000.0,19783.55,7483650,557700,7.45,225.0,157400,12050,9e-06,-0.999069,8e-07,4.576e-05,10.237571,14.119003,2023-08-01
28218,2023-08-01 10:10:00,20050.0,19783.55,3742300,61200,4.25,269.2,46750,1100,0.0,-0.999892,1e-08,5.95e-06,10.539478,14.606763,2023-08-01
25592,2023-08-01 10:11:00,19550.0,19782.1,279050,3489900,242.1,10.95,600,85050,,-0.000121,,7.39e-06,0.0,13.102068,2023-08-01
20339,2023-08-01 10:11:00,19600.0,19782.1,2591500,10552600,198.0,16.55,31400,125250,0.999995,-0.001527,5.3e-07,7.992e-05,8.513921,12.737296,2023-08-01
15084,2023-08-01 10:11:00,19650.0,19782.1,2113700,5141100,155.75,24.5,27650,84550,0.998403,-0.013242,0.00011422,0.00056574,9.285228,12.340903,2023-08-01
9827,2023-08-01 10:11:00,19700.0,19782.1,6985500,10393150,117.8,36.35,197200,185250,0.961504,-0.078553,0.00177736,0.00249534,9.646266,12.061227,2023-08-01
4568,2023-08-01 10:11:00,19750.0,19782.1,6090300,6282950,85.0,53.5,258300,200150,0.754589,-0.285378,0.00657671,0.00583778,9.82031,11.944721,2023-08-01
1937,2023-08-01 10:11:00,19800.0,19782.1,13231750,6535300,58.6,77.05,456750,204850,0.362958,-0.614267,0.00771275,0.00652502,9.984421,12.031418,2023-08-01
7198,2023-08-01 10:11:00,19850.0,19782.1,5528500,1160500,38.05,106.6,202300,48650,0.085912,-0.869229,0.0032016,0.00356407,10.056543,12.233265,2023-08-01
12456,2023-08-01 10:11:00,19900.0,19782.1,7335900,1309950,23.2,141.85,156900,118300,0.008829,-0.971343,0.00048592,0.0010672,10.096446,12.598713,2023-08-01
17712,2023-08-01 10:11:00,19950.0,19782.1,4511850,259650,13.3,182.0,99850,5900,0.000379,-0.995178,2.782e-05,0.00021788,10.138917,13.188483,2023-08-01
22966,2023-08-01 10:11:00,20000.0,19782.1,7450150,568050,7.45,226.8,267550,7900,8e-06,-0.999045,7.5e-07,4.643e-05,10.292801,14.271748,2023-08-01
28219,2023-08-01 10:11:00,20050.0,19782.1,3760650,61200,4.25,272.5,49600,200,0.0,-0.999827,1e-08,8.94e-06,10.588675,15.214022,2023-08-01
25593,2023-08-01 10:12:00,19550.0,19782.15,279050,3489900,242.6,10.95,1050,53550,,-0.000118,,7.25e-06,0.0,13.105875,2023-08-01
20340,2023-08-01 10:12:00,19600.0,19782.15,2591500,10552600,198.55,16.45,15500,91550,0.999992,-0.001475,8.5e-07,7.768e-05,8.756746,12.714525,2023-08-01
15085,2023-08-01 10:12:00,19650.0,19782.15,2113700,5141100,155.95,24.5,29200,72400,0.998358,-0.013123,0.00011675,0.00056202,9.33024,12.345068,2023-08-01
9828,2023-08-01 10:12:00,19700.0,19782.15,6985500,10393150,118.2,36.2,117250,145500,0.960685,-0.077711,0.00179712,0.0024837,9.72049,12.037937,2023-08-01
4569,2023-08-01 10:12:00,19750.0,19782.15,6090300,6282950,85.45,53.3,159050,207950,0.753641,-0.284341,0.00655194,0.00585074,9.893349,11.916232,2023-08-01
1938,2023-08-01 10:12:00,19800.0,19782.15,13231750,6535300,58.8,77.0,296150,200950,0.363519,-0.614155,0.00770543,0.00653712,10.014831,12.029009,2023-08-01
7199,2023-08-01 10:12:00,19850.0,19782.15,5528500,1160500,38.05,106.45,113250,35750,0.0857,-0.8698,0.00320109,0.00356432,10.055224,12.21457,2023-08-01
12457,2023-08-01 10:12:00,19900.0,19782.15,7335900,1309950,23.2,141.55,128700,27150,0.008759,-0.971962,0.00048333,0.00105364,10.095664,12.550456,2023-08-01
17713,2023-08-01 10:12:00,19950.0,19782.15,4511850,259650,13.25,181.6,81900,1700,0.000367,-0.995432,2.708e-05,0.00020918,10.125289,13.111626,2023-08-01
22967,2023-08-01 10:12:00,20000.0,19782.15,7450150,568050,7.45,225.5,169000,12150,8e-06,-0.999259,7.4e-07,3.764e-05,10.292704,13.956877,2023-08-01
28220,2023-08-01 10:12:00,20050.0,19782.15,3760650,62000,4.25,272.85,36650,900,0.0,-0.999812,1e-08,9.61e-06,10.588818,15.328835,2023-08-01
25594,2023-08-01 10:13:00,19550.0,19780.95,279050,3489900,241.65,11.05,3450,81850,,-0.000123,,7.55e-06,0.0,13.096135,2023-08-01
20341,2023-08-01 10:13:00,19600.0,19780.95,2591500,10552600,196.75,16.7,19900,118600,0.999996,-0.001568,4.7e-07,8.216e-05,8.432072,12.731888,2023-08-01
15086,2023-08-01 10:13:00,19650.0,19780.95,2113700,5141100,155.0,24.8,17850,58700,0.998205,-0.013746,0.00012656,0.00058554,9.348804,12.353736,2023-08-01
9829,2023-08-01 10:13:00,19700.0,19780.95,6985500,10393150,117.15,36.6,125200,142650,0.959206,-0.080549,0.00186084,0.00255459,9.689416,12.045835,2023-08-01
4570,2023-08-01 10:13:00,19750.0,19780.95,6090300,6282950,84.4,53.9,167800,155950,0.747124,-0.291449,0.00668886,0.00591873,9.842249,11.937004,2023-08-01
1939,2023-08-01 10:13:00,19800.0,19780.95,13231750,6535300,58.05,77.6,294000,192600,0.353716,-0.622187,0.00766452,0.00650689,9.989377,12.028253,2023-08-01
7200,2023-08-01 10:13:00,19850.0,19780.95,5528500,1160500,37.6,107.4,128650,50950,0.081554,-0.873685,0.0030895,0.00348517,10.053871,12.251957,2023-08-01
12458,2023-08-01 10:13:00,19900.0,19780.95,7335900,1309950,22.85,142.7,158800,32250,0.008064,-0.972836,0.00045063,0.0010231,10.086999,12.608895,2023-08-01
17714,2023-08-01 10:13:00,19950.0,19780.95,4511850,259650,13.05,182.7,103000,5600,0.000329,-0.995634,2.451e-05,0.00020066,10.125039,13.149372,2023-08-01
22968,2023-08-01 10:13:00,20000.0,19780.95,7450150,568050,7.35,227.05,174400,9450,7e-06,-0.999234,6.5e-07,3.849e-05,10.301418,14.099515,2023-08-01
28221,2023-08-01 10:13:00,20050.0,19780.95,3760650,62000,4.2,274.25,35300,1650,0.0,-0.999809,1e-08,9.67e-06,10.602655,15.436958,2023-08-01
25595,2023-08-01 10:14:00,19550.0,19779.55,279900,3512650,240.45,11.05,1650,61450,,-0.000124,,7.65e-06,0.0,13.044606,2023-08-01
20342,2023-08-01 10:14:00,19600.0,19779.55,2602000,10599450,195.85,16.7,47600,94250,0.999993,-0.001591,8e-07,8.381e-05,8.627351,12.673905,2023-08-01
15087,2023-08-01 10:14:00,19650.0,19779.55,2130550,5128850,154.35,24.85,36100,80900,0.997766,-0.014104,0.00015234,0.00060237,9.489295,12.298198,2023-08-01
9830,2023-08-01 10:14:00,19700.0,19779.55,7026300,10386600,116.5,36.95,184850,185950,0.95554,-0.083625,0.00198267,0.00263496,9.765372,12.032618,2023-08-01
4571,2023-08-01 10:14:00,19750.0,19779.55,6139250,6268750,84.0,54.35,310450,260150,0.736333,-0.299236,0.00679219,0.00601017,9.921121,11.918538,2023-08-01
1940,2023-08-01 10:14:00,19800.0,19779.55,13389750,6550050,57.75,78.4,503450,269750,0.343725,-0.631326,0.00754955,0.00645919,10.05213,12.042734,2023-08-01
7201,2023-08-01 10:14:00,19850.0,19779.55,5567050,1167300,37.35,107.85,254800,61200,0.077909,-0.880215,0.002976,0.0033825,10.099081,12.182818,2023-08-01
12459,2023-08-01 10:14:00,19900.0,19779.55,7397400,1311750,22.7,143.35,177500,55400,0.007583,-0.975004,0.00042584,0.00096076,10.128931,12.545829,2023-08-01
17715,2023-08-01 10:14:00,19950.0,19779.55,4522450,261300,12.9,183.95,168400,5500,0.000298,-0.995869,2.236e-05,0.00019073,10.146091,13.185659,2023-08-01
22969,2023-08-01 10:14:00,20000.0,19779.55,7488100,569100,7.3,228.0,161350,8500,7e-06,-0.999327,6e-07,3.436e-05,10.335843,14.047796,2023-08-01
28222,2023-08-01 10:14:00,20050.0,19779.55,3764050,62100,4.15,275.15,115550,1750,0.0,-0.999839,1e-08,8.32e-06,10.622677,15.351486,2023-08-01
25596,2023-08-01 10:15:00,19550.0,19781.8,279900,3512650,242.5,10.9,1900,35600,,-0.00011,,6.81e-06,0.0,13.081176,2023-08-01
20343,2023-08-01 10:15:00,19600.0,19781.8,2602000,10599450,198.4,16.4,26300,98950,0.999991,-0.00141,9.6e-07,7.507e-05,8.845031,12.691738,2023-08-01
15088,2023-08-01 10:15:00,19650.0,19781.8,2130550,5128850,156.15,24.4,28600,69700,0.99815,-0.012769,0.00012888,0.000553,9.469604,12.311611,2023-08-01
9831,2023-08-01 10:15:00,19700.0,19781.8,7026300,10386600,118.0,36.1,121100,132600,0.960478,-0.077054,0.00181013,0.00248637,9.738117,12.004685,2023-08-01
4572,2023-08-01 10:15:00,19750.0,19781.8,6139250,6268750,85.3,53.1,189250,163900,0.751945,-0.284685,0.00659613,0.00590797,9.910223,11.863924,2023-08-01
1941,2023-08-01 10:15:00,19800.0,19781.8,13389750,6550050,58.9,76.85,295400,191100,0.360795,-0.617499,0.00768436,0.00657805,10.064351,11.980242,2023-08-01
7202,2023-08-01 10:15:00,19850.0,19781.8,5567050,1167300,38.1,106.35,144800,35900,0.084312,-0.873155,0.00316592,0.00353114,10.091181,12.165642,2023-08-01
12460,2023-08-01 10:15:00,19900.0,19781.8,7397400,1311750,23.1,141.4,125150,19550,0.008342,-0.973584,0.00046515,0.001013,10.098431,12.480057,2023-08-01
17716,2023-08-01 10:15:00,19950.0,19781.8,4522450,261300,13.15,181.4,57300,4100,0.000334,-0.995914,2.497e-05,0.00019168,10.118933,13.01295,2023-08-01
22970,2023-08-01 10:15:00,20000.0,19781.8,7488100,569100,7.4,225.45,80700,7600,7e-06,-0.999354,6.5e-07,3.354e-05,10.292281,13.874356,2023-08-01
28223,2023-08-01 10:15:00,20050.0,19781.8,3764050,62100,4.2,274.55,51700,100,0.0,-0.999755,1e-08,1.203e-05,10.578467,15.730489,2023-08-01
25597,2023-08-01 10:16:00,19550.0,19777.85,279900,3512650,238.6,11.15,5400,115200,,-0.000128,,7.91e-06,0.0,13.017161,2023-08-01
20344,2023-08-01 10:16:00,19600.0,19777.85,2602000,10599450,194.9,16.8,85200,227500,0.999985,-0.001636,1.56e-06,8.652e-05,8.90838,12.631192,2023-08-01
15089,2023-08-01 10:16:00,19650.0,19777.85,2130550,5128850,152.75,25.1,95350,162450,0.997656,-0.014733,0.00016038,0.00062877,9.446486,12.272527,2023-08-01
9832,2023-08-01 10:16:00,19700.0,19777.85,7026300,10386600,115.0,37.3,380750,369100,0.953372,-0.087001,0.00207677,0.00272976,9.718367,12.003339,2023-08-01
4573,2023-08-01 10:16:00,19750.0,19777.85,6139250,6268750,82.9,54.85,566200,384050,0.72541,-0.308571,0.00696003,0.00612828,9.913373,11.888786,2023-08-01
1942,2023-08-01 10:16:00,19800.0,19777.85,13389750,6550050,57.0,79.05,761150,458950,0.33066,-0.643114,0.00745093,0.00642755,10.065982,12.008321,2023-08-01
7203,2023-08-01 10:16:00,19850.0,19777.85,5567050,1167300,36.65,109.1,317000,141850,0.072047,-0.885937,0.0028166,0.00326819,10.085394,12.2188,2023-08-01
12461,2023-08-01 10:16:00,19900.0,19777.85,7397400,1311750,22.3,144.75,277450,103500,0.006769,-0.976604,0.00038622,0.00090895,10.135587,12.584959,2023-08-01
17717,2023-08-01 10:16:00,19950.0,19777.85,4522450,261300,12.7,184.6,193250,17150,0.000259,-0.9966,1.961e-05,0.0001625,10.167513,13.038871,2023-08-01
22971,2023-08-01 10:16:00,20000.0,19777.85,7488100,569100,7.15,229.15,294050,12700,5e-06,-0.999435,4.9e-07,2.943e-05,10.344791,13.983149,2023-08-01
28224,2023-08-01 10:16:00,20050.0,19777.85,3764050,62100,4.15,276.3,112300,400,0.0,-0.99987,1e-08,6.86e-06,10.681585,15.262545,2023-08-01
25598,2023-08-01 10:17:00,19550.0,19777.6,280200,3537000,239.25,11.25,5450,59250,,-0.00013,,8.07e-06,0.0,13.043081,2023-08-01
20345,2023-08-01 10:17:00,19600.0,19777.6,2602300,10587250,194.4,16.95,43850,119750,0.999988,-0.001671,1.26e-06,8.813e-05,8.794216,12.661787,2023-08-01
15090,2023-08-01 10:17:00,19650.0,19777.6,2125100,5126000,152.7,25.25,44300,83200,0.997552,-0.014907,0.00016629,0.00063503,9.489681,12.294214,2023-08-01
9833,2023-08-01 10:17:00,19700.0,19777.6,7003650,10397850,115.2,37.6,163300,169650,0.951815,-0.088107,0.00211895,0.00275036,9.794764,12.045689,2023-08-01
4574,2023-08-01 10:17:00,19750.0,19777.6,6151950,6325350,82.75,55.1,244250,219950,0.723924,-0.310223,0.00698829,0.00613901,9.915478,11.914866,2023-08-01
1943,2023-08-01 10:17:00,19800.0,19777.6,13466850,6631700,56.95,79.45,368750,209750,0.328733,-0.644431,0.00743577,0.00640524,10.079059,12.053834,2023-08-01
7204,2023-08-01 10:17:00,19850.0,19777.6,5583850,1185450,36.7,109.25,143900,55850,0.071533,-0.887121,0.00279849,0.00324903,10.111306,12.219309,2023-08-01
12462,2023-08-01 10:17:00,19900.0,19777.6,7406400,1312250,22.3,145.05,188850,42600,0.006663,-0.976793,0.00038099,0.00090246,10.149939,12.609605,2023-08-01
17718,2023-08-01 10:17:00,19950.0,19777.6,4492000,262650,12.8,185.1,100500,5600,0.000261,-0.996539,1.975e-05,0.00016451,10.206959,13.107584,2023-08-01
22972,2023-08-01 10:17:00,20000.0,19777.6,7473200,569450,7.2,229.0,166550,6550,5e-06,-0.999493,4.9e-07,2.685e-05,10.374733,13.891481,2023-08-01
28225,2023-08-01 10:17:00,20050.0,19777.6,3834000,62300,4.15,275.95,50350,350,0.0,-0.999893,1e-08,5.78e-06,10.691514,15.095722,2023-08-01
25599,2023-08-01 10:18:00,19550.0,19775.9,280200,3537000,237.0,11.35,2500,61550,,-0.000137,,8.49e-06,0.0,13.013074,2023-08-01
20346,2023-08-01 10:18:00,19600.0,19775.9,2602300,10587250,192.85,17.15,17650,108200,0.999986,-0.001775,1.47e-06,9.342e-05,8.802731,12.642821,2023-08-01
15091,2023-08-01 10:18:00,19650.0,19775.9,2125100,5126000,151.4,25.55,28850,81150,0.997216,-0.015763,0.00018654,0.00066833,9.520351,12.276594,2023-08-01
9834,2023-08-01 10:18:00,19700.0,19775.9,7003650,10397850,114.15,38.0,131600,180400,0.947727,-0.092116,0.0022564,0.00285301,9.831509,12.022835,2023-08-01
4575,2023-08-01 10:18:00,19750.0,19775.9,6151950,6325350,81.8,55.8,213450,247400,0.711935,-0.320497,0.00713468,0.006235,9.929629,11.915677,2023-08-01
1944,2023-08-01 10:18:00,19800.0,19775.9,13466850,6631700,56.3,79.95,287750,246300,0.316357,-0.656275,0.00731135,0.0063698,10.105994,11.992214,2023-08-01
7205,2023-08-01 10:18:00,19850.0,19775.9,5583850,1185450,36.1,110.55,133950,52600,0.06659,-0.892133,0.00265254,0.00313941,10.111934,12.261411,2023-08-01
12463,2023-08-01 10:18:00,19900.0,19775.9,7406400,1312250,22.0,146.25,143150,38100,0.006077,-0.978465,0.00035091,0.00084881,10.174496,12.608384,2023-08-01
17719,2023-08-01 10:18:00,19950.0,19775.9,4492000,262650,12.65,186.5,80700,3250,0.000235,-0.99682,1.783e-05,0.00015256,10.23968,13.123562,2023-08-01
22973,2023-08-01 10:18:00,20000.0,19775.9,7473200,569450,7.1,230.95,113800,8500,5e-06,-0.999489,4.3e-07,2.684e-05,10.400348,14.031402,2023-08-01
28226,2023-08-01 10:18:00,20050.0,19775.9,3834000,62300,4.1,278.05,32250,850,0.0,-0.999886,1e-08,6.09e-06,10.720779,15.285105,2023-08-01
25600,2023-08-01 10:19:00,19550.0,19778.2,280200,3537000,238.85,11.1,2200,80950,,-0.000117,,7.32e-06,0.0,13.019383,2023-08-01
20347,2023-08-01 10:19:00,19600.0,19778.2,2602300,10587250,195.05,16.8,17450,84100,0.999988,-0.001558,1.23e-06,8.304e-05,8.842777,12.651656,2023-08-01
15092,2023-08-01 10:19:00,19650.0,19778.2,2125100,5126000,152.55,25.15,43600,73200,0.99805,-0.01435,0.00013819,0.00061598,9.324627,12.305613,2023-08-01
9835,2023-08-01 10:19:00,19700.0,19778.2,7003650,10397850,115.25,37.3,106950,170950,0.954768,-0.085488,0.0020353,0.00270147,9.723613,12.028342,2023-08-01
4576,2023-08-01 10:19:00,19750.0,19778.2,6151950,6325350,83.0,54.75,145700,193700,0.729018,-0.305806,0.0069568,0.00612703,9.900345,11.900947,2023-08-01
1945,2023-08-01 10:19:00,19800.0,19778.2,13466850,6631700,56.95,79.0,266400,254500,0.331991,-0.641267,0.00752083,0.00645596,10.03629,12.034472,2023-08-01
7206,2023-08-01 10:19:00,19850.0,19778.2,5583850,1185450,36.8,108.9,86150,49800,0.072252,-0.885788,0.00283343,0.00328485,10.09553,12.226401,2023-08-01
12464,2023-08-01 10:19:00,19900.0,19778.2,7406400,1312250,22.25,144.5,115900,41350,0.006574,-0.976783,0.00037905,0.00090712,10.112921,12.589192,2023-08-01
17720,2023-08-01 10:19:00,19950.0,19778.2,4492000,262650,12.75,185.0,63300,5150,0.000251,-0.996347,1.913e-05,0.00017214,10.171534,13.191932,2023-08-01
22974,2023-08-01 10:19:00,20000.0,19778.2,7473200,569450,7.2,229.45,94550,7050,5e-06,-0.999382,4.8e-07,3.177e-05,10.356298,14.139263,2023-08-01
28227,2023-08-01 10:19:00,20050.0,19778.2,3834000,62300,4.15,277.6,45650,1450,0.0,-0.999812,1e-08,9.46e-06,10.675576,15.730621,2023-08-01
25601,2023-08-01 10:20:00,19550.0,19779.0,280900,3578200,238.65,11.15,2900,40000,,-0.000115,,7.18e-06,0.0,13.068801,2023-08-01
20348,2023-08-01 10:20:00,19600.0,19779.0,2596850,10590150,194.95,16.8,20650,76650,0.999996,-0.001511,5e-07,8.065e-05,8.460822,12.687782,2023-08-01
15093,2023-08-01 10:20:00,19650.0,19779.0,2121150,5125100,153.05,25.1,48400,78850,0.998261,-0.013931,0.00012528,0.00059992,9.281729,12.335728,2023-08-01
9836,2023-08-01 10:20:00,19700.0,19779.0,7010850,10416400,115.45,37.2,111700,150250,0.957802,-0.083522,0.00194203,0.00265251,9.650399,12.057316,2023-08-01
4577,2023-08-01 10:20:00,19750.0,19779.0,6175050,6329600,83.0,54.6,221350,185750,0.736534,-0.301122,0.00692548,0.00607845,9.820339,11.932344,2023-08-01
1946,2023-08-01 10:20:00,19800.0,19779.0,13598850,6662450,57.0,78.65,280000,173400,0.336958,-0.636185,0.00761634,0.0064908,9.984083,12.046564,2023-08-01
7207,2023-08-01 10:20:00,19850.0,19779.0,5618050,1184900,36.85,108.5,125350,38300,0.073431,-0.883178,0.00288434,0.00333833,10.056768,12.24451,2023-08-01
12465,2023-08-01 10:20:00,19900.0,19779.0,7442800,1326050,22.3,144.3,138350,47350,0.006677,-0.975595,0.00038595,0.00094212,10.08475,12.660612,2023-08-01
17721,2023-08-01 10:20:00,19950.0,19779.0,4511850,265900,12.75,184.85,73100,5000,0.00025,-0.996012,1.92e-05,0.00018503,10.13942,13.297243,2023-08-01
22975,2023-08-01 10:20:00,20000.0,19779.0,7481800,565150,7.2,229.2,67500,6450,5e-06,-0.999313,4.7e-07,3.485e-05,10.32876,14.245651,2023-08-01
28228,2023-08-01 10:20:00,20050.0,19779.0,3851900,62100,4.1,275.85,18450,300,0.0,-0.999854,1e-08,7.64e-06,10.62365,15.42625,2023-08-01
25602,2023-08-01 10:21:00,19500.0,19772.7,787150,6461750,281.1,8.05,12250,79200,,-1.1e-05,,7.6e-07,0.0,13.547881,2023-08-01
20349,2023-08-01 10:21:00,19550.0,19772.7,280900,3578200,234.6,11.4,7750,84850,1.0,-0.00014,0.0,8.78e-06,5.261894,12.91194,2023-08-01
15094,2023-08-01 10:21:00,19600.0,19772.7,2596850,10590150,190.3,17.35,88050,177850,0.999975,-0.001894,2.5e-06,0.00010024,8.967914,12.561784,2023-08-01
9837,2023-08-01 10:21:00,19650.0,19772.7,2121150,5125100,148.65,25.9,76400,99050,0.996747,-0.017011,0.00021614,0.00072156,9.499828,12.197949,2023-08-01
4578,2023-08-01 10:21:00,19700.0,19772.7,7010850,10416400,111.7,38.6,337750,339350,0.94141,-0.099189,0.00248741,0.00304572,9.808055,11.951718,2023-08-01
1947,2023-08-01 10:21:00,19750.0,19772.7,6175050,6329600,79.7,56.7,555450,404000,0.689941,-0.339155,0.00743412,0.00644729,9.902815,11.846962,2023-08-01
7208,2023-08-01 10:21:00,19800.0,19772.7,13598850,6662450,54.65,81.6,731750,491300,0.292002,-0.677294,0.00710433,0.00624487,10.085938,11.990595,2023-08-01
12466,2023-08-01 10:21:00,19850.0,19772.7,5618050,1184900,35.0,112.15,303250,109300,0.057704,-0.904174,0.00238272,0.00291057,10.117029,12.19424,2023-08-01
17722,2023-08-01 10:21:00,19900.0,19772.7,7442800,1326050,21.2,148.15,295350,122450,0.004847,-0.98205,0.00028854,0.00073511,10.170456,12.53552,2023-08-01
22976,2023-08-01 10:21:00,19950.0,19772.7,4511850,265900,12.1,189.1,197900,32850,0.000169,-0.99735,1.32e-05,0.00012986,10.227081,13.145182,2023-08-01
28229,2023-08-01 10:21:00,20000.0,19772.7,7481800,565150,6.95,233.0,192050,15650,4e-06,-0.999647,3.3e-07,1.937e-05,10.463888,13.869556,2023-08-01
25603,2023-08-01 10:22:00,19500.0,19771.2,787150,6461750,279.75,8.05,11700,155350,,-1.1e-05,,7.6e-07,0.0,13.496799,2023-08-01
20350,2023-08-01 10:22:00,19550.0,19771.2,280900,3578200,232.9,11.5,13250,144650,,-0.000147,,9.2e-06,0.0,12.888794,2023-08-01
15095,2023-08-01 10:22:00,19600.0,19771.2,2596850,10590150,189.0,17.6,133150,256600,0.99997,-0.002022,2.95e-06,0.00010653,8.996399,12.562831,2023-08-01
9838,2023-08-01 10:22:00,19650.0,19771.2,2121150,5125100,147.5,26.3,94400,231100,0.996385,-0.018061,0.00023746,0.00076001,9.522504,12.209398,2023-08-01
4579,2023-08-01 10:22:00,19700.0,19771.2,7010850,10416400,110.7,39.1,514100,487700,0.937594,-0.103564,0.00261371,0.00314712,9.823126,11.956377,2023-08-01
1948,2023-08-01 10:22:00,19750.0,19771.2,6175050,6329600,79.05,57.45,602350,644800,0.67827,-0.348908,0.00753358,0.00651612,9.943837,11.867345,2023-08-01
7209,2023-08-01 10:22:00,19800.0,19771.2,13598850,6662450,53.85,82.35,950400,700500,0.28079,-0.686994,0.00699647,0.0061787,10.069907,11.98412,2023-08-01
12467,2023-08-01 10:22:00,19850.0,19771.2,5618050,1184900,34.5,113.25,368400,166250,0.053975,-0.908346,0.00226358,0.00281505,10.119982,12.221161,2023-08-01
17723,2023-08-01 10:22:00,19900.0,19771.2,7442800,1326050,20.85,149.35,464850,161000,0.004379,-0.983102,0.00026397,0.00069802,10.171607,12.559199,2023-08-01
22977,2023-08-01 10:22:00,19950.0,19771.2,4511850,265900,11.9,190.85,285750,27150,0.000148,-0.997359,1.17e-05,0.00012843,10.235038,13.273883,2023-08-01
28230,2023-08-01 10:22:00,20000.0,19771.2,7481800,565150,6.85,235.55,320200,20650,3e-06,-0.99957,2.9e-07,2.275e-05,10.480694,14.213547,2023-08-01
25604,2023-08-01 10:23:00,19500.0,19763.2,785650,6451050,275.0,8.3,10450,107300,,-1.5e-05,,1.01e-06,0.0,13.317762,2023-08-01
20351,2023-08-01 10:23:00,19550.0,19763.2,283500,3571050,228.6,11.9,7350,86300,0.999999,-0.000195,8e-08,1.221e-05,9.353805,12.708582,2023-08-01
15096,2023-08-01 10:23:00,19600.0,19763.2,2617100,10546150,184.8,18.2,59000,197250,0.999711,-0.002637,2.23e-05,0.00013795,10.020191,12.365596,2023-08-01
9839,2023-08-01 10:23:00,19650.0,19763.2,2123900,5086350,143.2,27.4,58900,142800,0.991495,-0.023306,0.00048282,0.00095873,10.033817,12.036751,2023-08-01
4580,2023-08-01 10:23:00,19700.0,19763.2,7033050,10388850,107.1,40.6,261300,447300,0.906088,-0.126565,0.0034428,0.00370019,10.194869,11.753159,2023-08-01
1949,2023-08-01 10:23:00,19750.0,19763.2,6221400,6273750,76.4,59.65,331300,518650,0.612481,-0.400489,0.0078096,0.00694244,10.270587,11.658674,2023-08-01
7210,2023-08-01 10:23:00,19800.0,19763.2,13623950,6615000,51.85,85.3,548650,609900,0.233082,-0.738971,0.00620027,0.00579007,10.333139,11.756654,2023-08-01
12468,2023-08-01 10:23:00,19850.0,19763.2,5652250,1185750,33.1,116.75,228000,135050,0.041155,-0.933937,0.00178582,0.00225396,10.342348,11.930736,2023-08-01
17724,2023-08-01 10:23:00,19900.0,19763.2,7488950,1289850,19.95,153.4,219400,108100,0.003095,-0.989998,0.00019008,0.00045766,10.367648,12.198414,2023-08-01
22978,2023-08-01 10:23:00,19950.0,19763.2,4541750,271750,11.4,194.35,125500,36500,0.0001,-0.998957,7.94e-06,5.818e-05,10.422754,12.594282,2023-08-01
28231,2023-08-01 10:23:00,20000.0,19763.2,7499750,563300,6.6,239.95,159050,11500,2e-06,-0.999853,1.9e-07,8.75e-06,10.669674,13.564414,2023-08-01
25605,2023-08-01 10:24:00,19500.0,19762.45,785650,6451050,274.3,8.4,20150,144200,1.0,-1.5e-05,0.0,1.05e-06,5.959928,13.333606,2023-08-01
20352,2023-08-01 10:24:00,19550.0,19762.45,283500,3571050,228.35,12.05,10950,93600,0.999999,-0.000204,1.5e-07,1.275e-05,9.604562,12.728824,2023-08-01
15097,2023-08-01 10:24:00,19600.0,19762.45,2617100,10546150,184.25,18.45,94500,246350,0.999687,-0.002763,2.401e-05,0.00014378,10.055431,12.396645,2023-08-01
9840,2023-08-01 10:24:00,19650.0,19762.45,2123900,5086350,143.6,27.75,86550,212900,0.989895,-0.024182,0.00054997,0.00098768,10.259638,12.072023,2023-08-01
4581,2023-08-01 10:24:00,19700.0,19762.45,7033050,10388850,107.45,41.35,483800,730650,0.900368,-0.130793,0.00354609,0.00376308,10.35447,11.84298,2023-08-01
1950,2023-08-01 10:24:00,19750.0,19762.45,6221400,6273750,76.4,60.45,588550,689100,0.606044,-0.406185,0.00780461,0.00693245,10.342317,11.737156,2023-08-01
7211,2023-08-01 10:24:00,19800.0,19762.45,13623950,6615000,52.05,86.3,815950,798000,0.230011,-0.741906,0.00611216,0.00571847,10.422273,11.854324,2023-08-01
12469,2023-08-01 10:24:00,19850.0,19762.45,5652250,1185750,33.35,117.55,334700,198750,0.04091,-0.935034,0.00176465,0.00221822,10.433258,11.986521,2023-08-01
17725,2023-08-01 10:24:00,19900.0,19762.45,7488950,1289850,20.2,154.25,367700,165100,0.003141,-0.990136,0.00019121,0.00045067,10.460591,12.258711,2023-08-01
22979,2023-08-01 10:24:00,19950.0,19762.45,4541750,271750,11.6,195.55,148000,34600,0.000104,-0.998895,8.21e-06,6.079e-05,10.513495,12.7383,2023-08-01
28232,2023-08-01 10:24:00,20000.0,19762.45,7499750,563300,6.75,241.05,233900,23150,2e-06,-0.999843,2.1e-07,9.25e-06,10.759384,13.696735,2023-08-01
25606,2023-08-01 10:25:00,19500.0,19761.1,785650,6451050,272.05,8.85,21600,179150,,-1.9e-05,,1.31e-06,0.0,13.467275,2023-08-01
20353,2023-08-01 10:25:00,19550.0,19761.1,283500,3571050,225.05,12.7,5000,124900,1.0,-0.000254,1e-08,1.548e-05,8.36363,12.881652,2023-08-01
15098,2023-08-01 10:25:00,19600.0,19761.1,2617100,10546150,181.6,19.5,71550,400700,0.999816,-0.003341,1.537e-05,0.00016813,9.59074,12.597454,2023-08-01
9841,2023-08-01 10:25:00,19650.0,19761.1,2123900,5086350,141.3,29.1,66050,220750,0.990907,-0.02737,0.00051621,0.00107891,9.984462,12.279176,2023-08-01
4582,2023-08-01 10:25:00,19700.0,19761.1,7033050,10388850,105.55,43.2,305850,668050,0.89974,-0.140506,0.00363034,0.00387818,10.178069,12.090137,2023-08-01
1951,2023-08-01 10:25:00,19750.0,19761.1,6221400,6273750,75.3,62.85,458850,631500,0.596094,-0.417482,0.00791141,0.00681681,10.287808,12.034236,2023-08-01
7212,2023-08-01 10:25:00,19800.0,19761.1,13623950,6615000,51.45,89.35,744100,851200,0.221458,-0.743199,0.00599263,0.00553582,10.422447,12.234389,2023-08-01
12470,2023-08-01 10:25:00,19850.0,19761.1,5652250,1185750,33.05,121.2,350900,182300,0.038702,-0.930564,0.00168554,0.00224753,10.458996,12.475999,2023-08-01
17726,2023-08-01 10:25:00,19900.0,19761.1,7488950,1289850,20.1,158.4,218500,183700,0.002957,-0.987534,0.00018062,0.00052619,10.50547,12.892182,2023-08-01
22980,2023-08-01 10:25:00,19950.0,19761.1,4541750,271750,11.65,199.95,240050,41850,0.000101,-0.998183,7.94e-06,9.029e-05,10.58515,13.522865,2023-08-01
28233,2023-08-01 10:25:00,20000.0,19761.1,7499750,563300,6.8,245.0,217300,18300,2e-06,-0.999703,2e-07,1.589e-05,10.829899,14.476264,2023-08-01
25607,2023-08-01 10:26:00,19500.0,19754.25,806700,6351850,261.0,9.85,47250,528450,,-3.5e-05,,2.29e-06,0.0,13.602501,2023-08-01
20354,2023-08-01 10:26:00,19550.0,19754.25,295350,3555350,215.0,14.3,30650,376650,,-0.000457,,2.628e-05,0.0,13.090652,2023-08-01
15099,2023-08-01 10:26:00,19600.0,19754.25,2651550,10362900,173.0,21.65,295900,906500,0.999912,-0.005222,8.46e-06,0.00024722,8.736132,12.801904,2023-08-01
9842,2023-08-01 10:26:00,19650.0,19754.25,2144150,4995050,133.8,32.3,191100,733350,0.990113,-0.038661,0.00058396,0.00140532,9.515267,12.558855,2023-08-01
4583,2023-08-01 10:26:00,19700.0,19754.25,7146150,10176850,99.3,47.45,944950,1679600,0.879792,-0.174707,0.00426547,0.00436863,9.886904,12.411169,2023-08-01
1952,2023-08-01 10:26:00,19750.0,19754.25,6403400,6132900,70.25,68.6,1258350,1685700,0.542009,-0.465801,0.0082868,0.00671374,10.080573,12.465938,2023-08-01
7213,2023-08-01 10:26:00,19800.0,19754.25,14139500,6391650,47.55,96.05,2049100,2194600,0.178466,-0.771373,0.00535545,0.00501459,10.261463,12.707379,2023-08-01
12471,2023-08-01 10:26:00,19850.0,19754.25,5847800,1171800,30.55,128.95,683250,479450,0.02748,-0.936663,0.00128171,0.00200462,10.39149,13.052546,2023-08-01
17727,2023-08-01 10:26:00,19900.0,19754.25,7539850,1264350,18.65,167.3,677450,420050,0.001903,-0.986964,0.00012146,0.00051719,10.507823,13.66114,2023-08-01
22981,2023-08-01 10:26:00,19950.0,19754.25,4674100,237250,10.9,209.55,523150,146150,6.2e-05,-0.997604,5e-06,0.00010864,10.642419,14.476524,2023-08-01
28234,2023-08-01 10:26:00,20000.0,19754.25,7517550,561950,6.45,255.35,592850,47300,1e-06,-0.999452,1.3e-07,2.596e-05,10.931499,15.695823,2023-08-01
25608,2023-08-01 10:27:00,19500.0,19752.0,806700,6351850,261.15,9.85,28000,425750,,-3.6e-05,,2.36e-06,0.0,13.521215,2023-08-01
20355,2023-08-01 10:27:00,19550.0,19752.0,295350,3555350,214.6,14.35,15800,357350,1.0,-0.000476,0.0,2.754e-05,6.810267,13.015218,2023-08-01
15100,2023-08-01 10:27:00,19600.0,19752.0,2651550,10362900,173.0,21.7,142350,734850,0.999712,-0.005451,2.393e-05,0.00025909,9.398637,12.711351,2023-08-01
9843,2023-08-01 10:27:00,19650.0,19752.0,2144150,4995050,133.45,32.4,119300,590050,0.986505,-0.040474,0.00074195,0.00147283,9.829004,12.460085,2023-08-01
4584,2023-08-01 10:27:00,19700.0,19752.0,7146150,10176850,99.0,47.65,585400,1267100,0.865151,-0.182291,0.00452959,0.00453361,10.102955,12.305648,2023-08-01
1953,2023-08-01 10:27:00,19750.0,19752.0,6403400,6132900,69.9,68.45,813650,1738350,0.523026,-0.480633,0.00821669,0.00684938,10.224288,12.271307,2023-08-01
7214,2023-08-01 10:27:00,19800.0,19752.0,14139500,6391650,47.2,96.4,1369050,1341200,0.16859,-0.785682,0.00512448,0.00489998,10.360597,12.554881,2023-08-01
12472,2023-08-01 10:27:00,19850.0,19752.0,5847800,1171800,30.35,129.4,668750,283600,0.025528,-0.943935,0.00119684,0.0018512,10.482279,12.868718,2023-08-01
17728,2023-08-01 10:27:00,19900.0,19752.0,7539850,1264350,18.4,167.65,469250,272800,0.001696,-0.989495,0.00010903,0.00043797,10.557822,13.399806,2023-08-01
22982,2023-08-01 10:27:00,19950.0,19752.0,4674100,237250,10.7,209.45,349800,62050,5.3e-05,-0.998395,4.28e-06,7.796e-05,10.673591,14.040688,2023-08-01
28235,2023-08-01 10:27:00,20000.0,19752.0,7517550,561950,6.4,255.1,371650,29700,1e-06,-0.99969,1.1e-07,1.591e-05,10.991846,15.136266,2023-08-01
25609,2023-08-01 10:28:00,19500.0,19755.05,806700,6351850,263.25,9.7,15450,262900,,-3.1e-05,,2.03e-06,0.0,13.579886,2023-08-01
20356,2023-08-01 10:28:00,19550.0,19755.05,295350,3555350,217.4,14.1,9250,222700,1.0,-0.000411,0.0,2.394e-05,6.514154,13.068143,2023-08-01
15101,2023-08-01 10:28:00,19600.0,19755.05,2651550,10362900,175.4,21.3,74350,396250,0.999806,-0.004788,1.669e-05,0.00023032,9.313787,12.760126,2023-08-01
9844,2023-08-01 10:28:00,19650.0,19755.05,2144150,4995050,135.7,32.05,67100,379100,0.988898,-0.037044,0.00062912,0.00136192,9.803098,12.555844,2023-08-01
4585,2023-08-01 10:28:00,19700.0,19755.05,7146150,10176850,100.75,46.85,363600,667400,0.879975,-0.169478,0.00420329,0.0043163,10.055086,12.360579,2023-08-01
1954,2023-08-01 10:28:00,19750.0,19755.05,6403400,6132900,71.4,67.4,489900,898100,0.548184,-0.459928,0.00820067,0.00679863,10.20169,12.333463,2023-08-01
7215,2023-08-01 10:28:00,19800.0,19755.05,14139500,6391650,48.55,94.75,978250,793900,0.184631,-0.770541,0.00542776,0.00509608,10.376039,12.570592,2023-08-01
12473,2023-08-01 10:28:00,19850.0,19755.05,5847800,1171800,31.15,127.95,360500,160050,0.028943,-0.936868,0.00133365,0.00201856,10.461701,12.97192,2023-08-01
17729,2023-08-01 10:28:00,19900.0,19755.05,7539850,1264350,19.05,165.8,294500,158850,0.002041,-0.987763,0.00012913,0.00049774,10.56477,13.482955,2023-08-01
22983,2023-08-01 10:28:00,19950.0,19755.05,4674100,237250,11.15,208.0,315200,22700,6.7e-05,-0.997875,5.39e-06,9.914e-05,10.689149,14.27087,2023-08-01
28236,2023-08-01 10:28:00,20000.0,19755.05,7517550,561950,6.65,252.45,320150,12800,2e-06,-0.999651,1.5e-07,1.779e-05,10.990341,15.114566,2023-08-01
25610,2023-08-01 10:29:00,19500.0,19754.3,802600,6349250,261.5,9.8,21450,322300,,-3.2e-05,,2.1e-06,0.0,13.591675,2023-08-01
20357,2023-08-01 10:29:00,19550.0,19754.3,299000,3411250,216.2,14.35,7450,193050,1.0,-0.000438,0.0,2.538e-05,5.149334,13.11308,2023-08-01
15102,2023-08-01 10:29:00,19600.0,19754.3,2682650,10369050,173.65,21.7,88200,539750,0.999883,-0.005081,1.084e-05,0.00024209,8.95428,12.821452,2023-08-01
9845,2023-08-01 10:29:00,19650.0,19754.3,2144800,5113350,133.9,32.4,76000,500500,0.990312,-0.038195,0.00057534,0.00139532,9.535336,12.586455,2023-08-01
4586,2023-08-01 10:29:00,19700.0,19754.3,7235800,9821500,99.6,47.65,352050,956650,0.879862,-0.17416,0.00426168,0.00436648,9.940779,12.454155,2023-08-01
1955,2023-08-01 10:29:00,19750.0,19754.3,6565150,6103650,70.5,68.35,540950,605650,0.542395,-0.465264,0.00829231,0.00676374,10.122885,12.433812,2023-08-01
7216,2023-08-01 10:29:00,19800.0,19754.3,14736650,6273550,47.8,96.05,890350,649800,0.178527,-0.772109,0.00536032,0.00502658,10.305283,12.716989,2023-08-01
12474,2023-08-01 10:29:00,19850.0,19754.3,5946900,1127650,30.75,129.15,331650,116100,0.027399,-0.936849,0.00127999,0.00200289,10.431506,13.098706,2023-08-01
17730,2023-08-01 10:29:00,19900.0,19754.3,7564850,1254400,18.85,167.1,304700,149150,0.001903,-0.987458,0.00012146,0.0005037,10.556565,13.63345,2023-08-01
22984,2023-08-01 10:29:00,19950.0,19754.3,4713650,252300,11.1,210.0,228800,21250,6.3e-05,-0.997535,5.08e-06,0.00011113,10.70627,14.592386,2023-08-01
28237,2023-08-01 10:29:00,20000.0,19754.3,7548900,557300,6.65,255.35,212850,19050,1e-06,-0.999475,1.4e-07,2.502e-05,11.018928,15.711469,2023-08-01
25611,2023-08-01 10:30:00,19500.0,19754.3,802600,6349250,260.2,9.8,29750,185900,,-3.1e-05,,2.05e-06,0.0,13.593672,2023-08-01
20358,2023-08-01 10:30:00,19550.0,19754.3,299000,3411250,214.65,14.4,7650,122050,,-0.000436,,2.528e-05,0.0,13.129647,2023-08-01
15103,2023-08-01 10:30:00,19600.0,19754.3,2682650,10369050,172.3,21.85,63900,394050,0.99995,-0.005128,5.1e-06,0.00024377,8.476124,12.858431,2023-08-01
9846,2023-08-01 10:30:00,19650.0,19754.3,2144800,5113350,132.95,32.7,66200,239250,0.991699,-0.03866,0.00051481,0.00140476,9.32271,12.647035,2023-08-01
4587,2023-08-01 10:30:00,19700.0,19754.3,7235800,9821500,98.85,48.0,318750,615850,0.883388,-0.174972,0.00423643,0.00436481,9.807948,12.51659,2023-08-01
1956,2023-08-01 10:30:00,19750.0,19754.3,6565150,6103650,69.9,69.2,456800,851350,0.542841,-0.4656,0.00838509,0.00669959,10.026347,12.574698,2023-08-01
7217,2023-08-01 10:30:00,19800.0,19754.3,14736650,6273550,47.2,96.95,717150,720750,0.175803,-0.769841,0.0053685,0.00500378,10.207105,12.867501,2023-08-01
12475,2023-08-01 10:30:00,19850.0,19754.3,5946900,1127650,30.5,130.3,270200,223450,0.026678,-0.934191,0.0012593,0.00203956,10.386716,13.30409,2023-08-01
17731,2023-08-01 10:30:00,19900.0,19754.3,7564850,1254400,18.65,168.3,252750,133000,0.001802,-0.986276,0.0001163,0.00053598,10.512781,13.873021,2023-08-01
22985,2023-08-01 10:30:00,19950.0,19754.3,4713650,252300,11.05,210.95,186100,21600,6e-05,-0.997242,4.89e-06,0.00012141,10.693043,14.808017,2023-08-01
28238,2023-08-01 10:30:00,20000.0,19754.3,7548900,557300,6.7,256.7,154300,16100,1e-06,-0.99934,1.4e-07,3.031e-05,11.041524,16.057408,2023-08-01
25612,2023-08-01 10:31:00,19500.0,19749.3,802600,6349250,254.2,10.55,31900,391700,,-4.7e-05,,3.01e-06,0.0,13.684098,2023-08-01
20359,2023-08-01 10:31:00,19550.0,19749.3,299000,3411250,208.4,15.45,29250,312550,,-0.000621,,3.484e-05,0.0,13.227743,2023-08-01
15104,2023-08-01 10:31:00,19600.0,19749.3,2682650,10369050,166.75,23.35,181600,625400,0.999962,-0.006816,4.19e-06,0.00031159,8.086843,12.973015,2023-08-01
9847,2023-08-01 10:31:00,19650.0,19749.3,2144800,5113350,127.95,34.7,136950,566650,0.990471,-0.047503,0.00059709,0.00164671,9.088112,12.767278,2023-08-01
4588,2023-08-01 10:31:00,19700.0,19749.3,7235800,9821500,94.3,50.95,696350,1173800,0.866528,-0.200861,0.0047694,0.00469029,9.592384,12.708929,2023-08-01
1957,2023-08-01 10:31:00,19750.0,19749.3,6565150,6103650,66.25,72.9,741150,1706150,0.500725,-0.499194,0.0085835,0.00662029,9.870378,12.797392,2023-08-01
7218,2023-08-01 10:31:00,19800.0,19749.3,14736650,6273550,44.8,101.5,1640900,1462700,0.148493,-0.789394,0.00484542,0.00466186,10.150367,13.15103,2023-08-01
12476,2023-08-01 10:31:00,19850.0,19749.3,5946900,1127650,28.6,135.2,642600,314950,0.020041,-0.940213,0.00099915,0.0018563,10.309038,13.590296,2023-08-01
17732,2023-08-01 10:31:00,19900.0,19749.3,7564850,1254400,17.7,174.25,636900,309300,0.001296,-0.986544,8.615e-05,0.0005112,10.528166,14.32711,2023-08-01
22986,2023-08-01 10:31:00,19950.0,19749.3,4713650,252300,10.45,216.7,383400,95100,4e-05,-0.99724,3.32e-06,0.00011846,10.711423,15.216254,2023-08-01
28239,2023-08-01 10:31:00,20000.0,19749.3,7548900,557300,6.5,262.7,337650,39600,1e-06,-0.999286,1e-07,3.174e-05,11.137296,16.532274,2023-08-01
25613,2023-08-01 10:32:00,19500.0,19741.75,802200,6410000,249.85,10.5,53950,412650,,-5.2e-05,,3.4e-06,0.0,13.384022,2023-08-01
20360,2023-08-01 10:32:00,19550.0,19741.75,309450,3394800,205.85,15.4,29250,709000,1.0,-0.000706,1e-08,4.034e-05,7.904988,12.900491,2023-08-01
15105,2023-08-01 10:32:00,19600.0,19741.75,2722000,10305450,164.15,23.45,203600,843500,0.999386,-0.008,4.859e-05,0.00036905,9.417869,12.639613,2023-08-01
9848,2023-08-01 10:32:00,19650.0,19741.75,2180450,5030750,125.55,34.95,149050,898900,0.977671,-0.055705,0.00115058,0.00192801,9.829638,12.402554,2023-08-01
4589,2023-08-01 10:32:00,19700.0,19741.75,7253850,9672100,92.1,51.3,812400,1968300,0.815875,-0.230147,0.00562414,0.00526416,10.070303,12.279453,2023-08-01
1958,2023-08-01 10:32:00,19750.0,19741.75,6823700,5796150,64.25,73.35,1023050,1761600,0.438062,-0.551285,0.00823216,0.00685783,10.188308,12.277148,2023-08-01
7219,2023-08-01 10:32:00,19800.0,19741.75,15161850,6225000,42.95,102.0,1996600,1861700,0.118917,-0.835539,0.00408917,0.00421682,10.343985,12.500782,2023-08-01
12477,2023-08-01 10:32:00,19850.0,19741.75,6064400,1155750,27.3,136.45,737400,423900,0.014711,-0.961415,0.00075682,0.00138051,10.471847,12.899945,2023-08-01
17733,2023-08-01 10:32:00,19900.0,19741.75,7527300,1208350,16.65,175.7,742350,332250,0.000842,-0.993339,5.759e-05,0.00029443,10.625629,13.481009,2023-08-01
22987,2023-08-01 10:32:00,19950.0,19741.75,4820550,245550,9.8,218.55,522750,80500,2.4e-05,-0.998974,2.03e-06,5.152e-05,10.804437,14.243566,2023-08-01
28240,2023-08-01 10:32:00,20000.0,19741.75,7528550,553400,6.05,264.8,493250,40800,1e-06,-0.99979,6e-08,1.094e-05,11.20875,15.427934,2023-08-01
25614,2023-08-01 10:33:00,19500.0,19745.9,802200,6410000,254.0,10.25,21450,324800,,-4.2e-05,,2.76e-06,0.0,13.452416,2023-08-01
20361,2023-08-01 10:33:00,19550.0,19745.9,309450,3394800,208.95,15.05,10550,263700,1.0,-0.000584,0.0,3.367e-05,7.186718,12.976711,2023-08-01
15106,2023-08-01 10:33:00,19600.0,19745.9,2722000,10305450,166.85,22.75,79300,488500,0.999695,-0.00666,2.617e-05,0.00031345,9.155096,12.679551,2023-08-01
9849,2023-08-01 10:33:00,19650.0,19745.9,2180450,5030750,128.15,34.05,126800,409450,0.983253,-0.048648,0.00091316,0.0017258,9.714267,12.460438,2023-08-01
4590,2023-08-01 10:33:00,19700.0,19745.9,7253850,9672100,94.15,49.95,528600,1205750,0.841238,-0.209302,0.00517767,0.0049752,9.964191,12.321309,2023-08-01
1959,2023-08-01 10:33:00,19750.0,19745.9,6823700,5796150,65.7,71.55,688250,948700,0.472026,-0.522705,0.0084165,0.00689322,10.076984,12.314167,2023-08-01
7220,2023-08-01 10:33:00,19800.0,19745.9,15161850,6225000,43.85,100.05,1068950,862000,0.133509,-0.816239,0.00449187,0.00450141,10.223007,12.585027,2023-08-01
12478,2023-08-01 10:33:00,19850.0,19745.9,6064400,1155750,27.95,134.0,380850,171050,0.017142,-0.954741,0.00087225,0.00156479,10.374663,12.969407,2023-08-01
17734,2023-08-01 10:33:00,19900.0,19745.9,7527300,1208350,17.0,173.3,386300,129250,0.000991,-0.991501,6.762e-05,0.00036136,10.522691,13.632457,2023-08-01
22988,2023-08-01 10:33:00,19950.0,19745.9,4820550,245550,9.95,216.4,194150,21300,2.8e-05,-0.99849,2.35e-06,7.201e-05,10.691795,14.531296,2023-08-01
28241,2023-08-01 10:33:00,20000.0,19745.9,7528550,553400,6.05,262.4,428050,17200,1e-06,-0.999675,6e-08,1.617e-05,11.065784,15.728141,2023-08-01
25615,2023-08-01 10:34:00,19500.0,19743.95,802200,6410000,252.0,10.25,9250,144250,,-4.3e-05,,2.82e-06,0.0,13.38125,2023-08-01
20362,2023-08-01 10:34:00,19550.0,19743.95,309450,3394800,207.35,15.1,8800,143250,1.0,-0.000605,0.0,3.507e-05,7.452342,12.911661,2023-08-01
15107,2023-08-01 10:34:00,19600.0,19743.95,2722000,10305450,165.2,23.05,62400,332200,0.999639,-0.00713,3.057e-05,0.00033407,9.171309,12.65746,2023-08-01
9850,2023-08-01 10:34:00,19650.0,19743.95,2180450,5030750,126.3,34.5,65800,157850,0.982254,-0.05156,0.00096853,0.00181365,9.640604,12.441565,2023-08-01
4591,2023-08-01 10:34:00,19700.0,19743.95,7253850,9672100,92.65,50.8,279800,597150,0.83229,-0.21914,0.00539665,0.00511064,9.924325,12.341649,2023-08-01
1960,2023-08-01 10:34:00,19750.0,19743.95,6823700,5796150,64.6,72.7,507300,448200,0.45549,-0.536105,0.00841,0.00686862,10.064588,12.349626,2023-08-01
7221,2023-08-01 10:34:00,19800.0,19743.95,15161850,6225000,43.1,101.2,577700,354200,0.124647,-0.825252,0.0042886,0.0043681,10.227775,12.587763,2023-08-01
12479,2023-08-01 10:34:00,19850.0,19743.95,6064400,1155750,27.35,135.7,287650,83800,0.015303,-0.957131,0.00079346,0.00149238,10.366515,13.03984,2023-08-01
17735,2023-08-01 10:34:00,19900.0,19743.95,7527300,1208350,16.7,174.85,388650,70850,0.000867,-0.992196,5.984e-05,0.00033542,10.54148,13.651857,2023-08-01
22989,2023-08-01 10:34:00,19950.0,19743.95,4820550,245550,9.85,217.85,315350,12750,2.5e-05,-0.998671,2.09e-06,6.43e-05,10.73812,14.505066,2023-08-01
28242,2023-08-01 10:34:00,20000.0,19743.95,7528550,553400,6.05,264.0,213400,7600,1e-06,-0.999713,6e-08,1.442e-05,11.135777,15.719576,2023-08-01
25616,2023-08-01 10:35:00,19500.0,19742.75,799250,6564600,250.4,11.0,17350,851200,,-5.8e-05,,3.75e-06,0.0,13.603958,2023-08-01
20363,2023-08-01 10:35:00,19550.0,19742.75,321850,3414700,204.45,16.0,36250,215050,,-0.000757,,4.251e-05,0.0,13.115156,2023-08-01
15108,2023-08-01 10:35:00,19600.0,19742.75,2758750,10232000,163.2,24.15,91850,493250,0.999739,-0.00824,2.338e-05,0.00037445,8.878707,12.849773,2023-08-01
9851,2023-08-01 10:35:00,19650.0,19742.75,2197350,5063000,124.45,35.8,131150,378100,0.983107,-0.056067,0.00094954,0.00191335,9.444976,12.624563,2023-08-01
4592,2023-08-01 10:35:00,19700.0,19742.75,7359650,9559200,91.15,52.2,503000,1067000,0.829181,-0.227887,0.00554012,0.00516707,9.799148,12.503596,2023-08-01
1961,2023-08-01 10:35:00,19750.0,19742.75,7246300,5540900,63.55,74.55,528550,1037050,0.444919,-0.543678,0.00845433,0.00675352,9.995913,12.558108,2023-08-01
7222,2023-08-01 10:35:00,19800.0,19742.75,15278700,6176550,42.35,103.45,1297350,1147550,0.118102,-0.825912,0.00415502,0.00427685,10.181572,12.847941,2023-08-01
12480,2023-08-01 10:35:00,19850.0,19742.75,6129750,1141350,26.9,138.35,374750,208150,0.014079,-0.955174,0.00074136,0.00151095,10.345609,13.37511,2023-08-01
17736,2023-08-01 10:35:00,19900.0,19742.75,7493900,1179700,16.45,177.75,409050,132600,0.00078,-0.991091,5.44e-05,0.00036637,10.53728,14.063138,2023-08-01
22990,2023-08-01 10:35:00,19950.0,19742.75,4831000,268950,9.7,220.25,263900,60850,2.2e-05,-0.998453,1.85e-06,7.23e-05,10.738328,14.844435,2023-08-01
28243,2023-08-01 10:35:00,20000.0,19742.75,7618050,551150,5.95,266.7,465450,15800,0.0,-0.999622,5e-08,1.811e-05,11.134848,16.171692,2023-08-01
25617,2023-08-01 10:36:00,19500.0,19740.0,799250,6564600,246.85,11.25,26700,717650,,-6.7e-05,,4.25e-06,0.0,13.587791,2023-08-01
20364,2023-08-01 10:36:00,19550.0,19740.0,321850,3414700,202.0,16.35,59450,372600,1.0,-0.000854,0.0,4.766e-05,5.414038,13.097084,2023-08-01
15109,2023-08-01 10:36:00,19600.0,19740.0,2758750,10232000,160.5,24.75,276400,774000,0.999714,-0.009244,2.581e-05,0.0004148,8.787236,12.852824,2023-08-01
9852,2023-08-01 10:36:00,19650.0,19740.0,2197350,5063000,122.3,36.55,185600,601700,0.980568,-0.061071,0.00107282,0.00205154,9.436536,12.614887,2023-08-01
4593,2023-08-01 10:36:00,19700.0,19740.0,7359650,9559200,89.15,53.25,817400,1704650,0.81487,-0.241963,0.00586296,0.00535153,9.759431,12.502138,2023-08-01
1962,2023-08-01 10:36:00,19750.0,19740.0,7246300,5540900,61.9,75.85,1050200,1733150,0.42132,-0.562354,0.00841708,0.00672702,9.95741,12.551471,2023-08-01
7223,2023-08-01 10:36:00,19800.0,19740.0,15278700,6176550,40.8,105.25,1588700,1512850,0.104801,-0.837262,0.00385266,0.00409309,10.098969,12.878722,2023-08-01
12481,2023-08-01 10:36:00,19850.0,19740.0,6129750,1141350,25.95,140.15,590750,392550,0.011787,-0.95956,0.00063924,0.00139391,10.308233,13.364527,2023-08-01
17737,2023-08-01 10:36:00,19900.0,19740.0,7493900,1179700,15.75,179.75,706050,247150,0.0006,-0.99218,4.299e-05,0.00032761,10.491311,14.052458,2023-08-01
22991,2023-08-01 10:36:00,19950.0,19740.0,4831000,268950,9.35,222.6,411950,75400,1.6e-05,-0.998632,1.42e-06,6.459e-05,10.732055,14.879406,2023-08-01
28244,2023-08-01 10:36:00,20000.0,19740.0,7618050,551150,5.8,270.0,558200,36000,0.0,-0.999604,4e-08,1.865e-05,11.164254,16.436913,2023-08-01
25618,2023-08-01 10:37:00,19500.0,19738.55,799250,6564600,244.1,11.7,22150,288700,,-8e-05,,5e-06,0.0,13.687635,2023-08-01
20365,2023-08-01 10:37:00,19550.0,19738.55,321850,3414700,200.1,17.0,26350,220550,,-0.000998,,5.46e-05,0.0,13.213556,2023-08-01
15110,2023-08-01 10:37:00,19600.0,19738.55,2758750,10232000,158.5,25.65,221700,431650,0.999772,-0.010383,2.145e-05,0.00045536,8.559167,12.982302,2023-08-01
9853,2023-08-01 10:37:00,19650.0,19738.55,2197350,5063000,120.65,37.7,121750,368400,0.980335,-0.065838,0.0010988,0.00215575,9.323709,12.751037,2023-08-01
4594,2023-08-01 10:37:00,19700.0,19738.55,7359650,9559200,87.75,54.9,520650,932500,0.808612,-0.25256,0.0060453,0.0054055,9.6784,12.686821,2023-08-01
1963,2023-08-01 10:37:00,19750.0,19738.55,7246300,5540900,60.65,77.85,644350,771800,0.408222,-0.571027,0.00844148,0.00660301,9.874583,12.762586,2023-08-01
7224,2023-08-01 10:37:00,19800.0,19738.55,15278700,6176550,40.0,107.15,1044800,642650,0.098007,-0.840253,0.00369075,0.00399639,10.057544,13.054897,2023-08-01
12482,2023-08-01 10:37:00,19850.0,19738.55,6129750,1141350,25.35,142.8,394800,119750,0.010525,-0.958389,0.00058256,0.0013972,10.268054,13.669656,2023-08-01
17738,2023-08-01 10:37:00,19900.0,19738.55,7493900,1179700,15.4,182.25,390300,108550,0.000518,-0.991662,3.767e-05,0.00034015,10.470768,14.34394,2023-08-01
22992,2023-08-01 10:37:00,19950.0,19738.55,4831000,268950,9.25,226.4,340350,28600,1.4e-05,-0.998144,1.27e-06,8.207e-05,10.756648,15.496401,2023-08-01
28245,2023-08-01 10:37:00,20000.0,19738.55,7618050,551150,5.75,273.0,281200,19050,0.0,-0.999494,3e-08,2.282e-05,11.193356,16.903601,2023-08-01
25619,2023-08-01 10:38:00,19500.0,19737.3,807750,7056700,244.6,12.2,21500,817450,,-9.6e-05,,5.91e-06,0.0,13.808656,2023-08-01
20366,2023-08-01 10:38:00,19550.0,19737.3,322450,3424200,199.95,17.5,29100,352850,1.0,-0.001119,0.0,6.036e-05,6.537317,13.295617,2023-08-01
15111,2023-08-01 10:38:00,19600.0,19737.3,2773200,10305400,158.7,26.2,69700,715850,0.999559,-0.011164,3.795e-05,0.00048363,8.956588,13.042978,2023-08-01
9854,2023-08-01 10:38:00,19650.0,19737.3,2191250,5028100,120.6,38.25,97500,481150,0.976979,-0.068765,0.00123268,0.00222752,9.512452,12.78482,2023-08-01
4595,2023-08-01 10:38:00,19700.0,19737.3,7623000,9409100,87.95,55.25,505650,1138250,0.797187,-0.258645,0.00616204,0.00549278,9.851601,12.66386,2023-08-01
1964,2023-08-01 10:38:00,19750.0,19737.3,7496700,5486100,60.95,78.15,643450,1090000,0.399058,-0.579737,0.00827924,0.0066133,10.027892,12.711497,2023-08-01
7225,2023-08-01 10:38:00,19800.0,19737.3,15766950,6018750,40.2,107.45,983750,713900,0.095645,-0.846992,0.00358994,0.00391347,10.174379,12.981375,2023-08-01
12483,2023-08-01 10:38:00,19850.0,19737.3,6163200,1070650,25.35,142.45,461900,143200,0.010118,-0.962749,0.00056019,0.00129992,10.335824,13.451162,2023-08-01
17739,2023-08-01 10:38:00,19900.0,19737.3,7614150,1117600,15.35,182.7,391350,124400,0.000488,-0.992522,3.551e-05,0.00031181,10.515677,14.24527,2023-08-01
22993,2023-08-01 10:38:00,19950.0,19737.3,4849550,249000,9.15,226.3,256650,36300,1.3e-05,-0.998524,1.14e-06,6.784e-05,10.773114,15.242812,2023-08-01
28246,2023-08-01 10:38:00,20000.0,19737.3,7685000,548950,5.75,273.0,256700,15400,0.0,-0.999613,3e-08,1.811e-05,11.23843,16.636227,2023-08-01
25620,2023-08-01 10:39:00,19500.0,19731.15,807750,7056700,240.4,13.0,24150,685950,,-0.000139,,8.4e-06,0.0,13.830395,2023-08-01
20367,2023-08-01 10:39:00,19550.0,19731.15,322450,3424200,196.05,18.7,36500,460800,0.999999,-0.001581,7e-08,8.267e-05,8.083032,13.344364,2023-08-01
15112,2023-08-01 10:39:00,19600.0,19731.15,2773200,10305400,155.5,27.7,144450,741850,0.998618,-0.014491,0.00010241,0.00060637,9.528318,13.062727,2023-08-01
9855,2023-08-01 10:39:00,19650.0,19731.15,2191250,5028100,117.75,40.25,144700,591850,0.963531,-0.083508,0.00174597,0.00258401,9.862355,12.803978,2023-08-01
4596,2023-08-01 10:39:00,19700.0,19731.15,7623000,9409100,85.75,57.85,638750,1473200,0.75155,-0.293538,0.00673686,0.00584734,10.129902,12.684835,2023-08-01
1965,2023-08-01 10:39:00,19750.0,19731.15,7496700,5486100,59.0,81.3,630450,1738100,0.351377,-0.620063,0.00783133,0.00644959,10.205406,12.719489,2023-08-01
7226,2023-08-01 10:39:00,19800.0,19731.15,15766950,6018750,38.75,111.05,969050,1112350,0.077889,-0.870569,0.00304267,0.00350555,10.316602,12.962988,2023-08-01
12484,2023-08-01 10:39:00,19850.0,19731.15,6163200,1070650,24.5,146.6,368600,205000,0.007792,-0.970446,0.00043999,0.00107774,10.487934,13.434974,2023-08-01
17740,2023-08-01 10:39:00,19900.0,19731.15,7614150,1117600,14.9,186.65,502200,186550,0.000365,-0.994722,2.679e-05,0.0002319,10.674903,14.098383,2023-08-01
22994,2023-08-01 10:39:00,19950.0,19731.15,4849550,249000,8.95,231.4,315350,71800,1e-05,-0.998883,8.6e-07,5.253e-05,10.942854,15.279487,2023-08-01
28247,2023-08-01 10:39:00,20000.0,19731.15,7685000,548950,5.7,278.05,267300,26950,0.0,-0.999722,3e-08,1.335e-05,11.428963,16.611925,2023-08-01
25621,2023-08-01 10:40:00,19500.0,19728.05,807750,7056700,239.7,13.2,23400,302400,,-0.000154,,9.33e-06,0.0,13.773418,2023-08-01
20368,2023-08-01 10:40:00,19550.0,19728.05,322450,3424200,195.0,18.95,17400,270200,0.999992,-0.00174,8.5e-07,9.086e-05,8.976036,13.274061,2023-08-01
15113,2023-08-01 10:40:00,19600.0,19728.05,2773200,10305400,154.7,28.05,124050,501600,0.997391,-0.015806,0.00017437,0.00065861,9.987285,12.983316,2023-08-01
9856,2023-08-01 10:40:00,19650.0,19728.05,2191250,5028100,117.6,40.85,92850,466750,0.951453,-0.090268,0.00211641,0.00275872,10.274896,12.735198,2023-08-01
4597,2023-08-01 10:40:00,19700.0,19728.05,7623000,9409100,85.45,58.35,574450,1220450,0.725271,-0.309864,0.00692298,0.0060644,10.399408,12.555758,2023-08-01
1966,2023-08-01 10:40:00,19750.0,19728.05,7496700,5486100,58.75,81.95,606450,1067250,0.33032,-0.64179,0.00751261,0.00641587,10.410183,12.565948,2023-08-01
7227,2023-08-01 10:40:00,19800.0,19728.05,15766950,6018750,38.6,111.7,994550,766350,0.071781,-0.885409,0.00281785,0.00327794,10.486456,12.750375,2023-08-01
12485,2023-08-01 10:40:00,19850.0,19728.05,6163200,1070650,24.3,147.6,319450,158900,0.006983,-0.975727,0.00039566,0.00093123,10.609057,13.216973,2023-08-01
17741,2023-08-01 10:40:00,19900.0,19728.05,7614150,1117600,14.8,187.9,416050,155650,0.000324,-0.996025,2.377e-05,0.00018351,10.786769,13.858529,2023-08-01
22995,2023-08-01 10:40:00,19950.0,19728.05,4849550,249000,8.85,232.6,262450,27850,8e-06,-0.999245,7.4e-07,3.752e-05,11.028319,14.960571,2023-08-01
28248,2023-08-01 10:40:00,20000.0,19728.05,7685000,548950,5.6,278.9,229450,21100,0.0,-0.999843,2e-08,8.08e-06,11.489948,16.127823,2023-08-01
25622,2023-08-01 10:41:00,19500.0,19732.4,822300,7258300,244.45,12.55,42900,383300,1.0,-0.000111,0.0,6.9e-06,6.737247,13.738441,2023-08-01
20369,2023-08-01 10:41:00,19550.0,19732.4,336750,3483550,199.95,18.1,27950,376750,0.999989,-0.001334,1.16e-06,7.154e-05,9.386526,13.247282,2023-08-01
15114,2023-08-01 10:41:00,19600.0,19732.4,2841900,10214950,158.1,26.75,147400,533950,0.998168,-0.0127,0.00012735,0.00054872,9.940846,12.92593,2023-08-01
9857,2023-08-01 10:41:00,19650.0,19732.4,2233900,4988150,120.45,38.9,117100,571450,0.961045,-0.076809,0.00178418,0.00246726,10.219528,12.631092,2023-08-01
4598,2023-08-01 10:41:00,19700.0,19732.4,7940200,9381050,87.8,56.35,612750,1009200,0.755873,-0.283158,0.0065522,0.00584338,10.352829,12.522088,2023-08-01
1967,2023-08-01 10:41:00,19750.0,19732.4,7789250,4984000,60.7,79.35,573650,725900,0.36308,-0.614252,0.00780877,0.00661066,10.388149,12.508278,2023-08-01
7228,2023-08-01 10:41:00,19800.0,19732.4,16173200,5880850,39.9,108.7,1003500,572150,0.083562,-0.87195,0.00318101,0.0035647,10.441319,12.696249,2023-08-01
12486,2023-08-01 10:41:00,19850.0,19732.4,6132700,1001800,25.25,143.6,246000,130250,0.008641,-0.973241,0.00047933,0.00102571,10.578402,13.040217,2023-08-01
17742,2023-08-01 10:41:00,19900.0,19732.4,7608000,1049250,15.3,184.1,332950,115450,0.000406,-0.995459,2.955e-05,0.00020845,10.725781,13.762917,2023-08-01
22996,2023-08-01 10:41:00,19950.0,19732.4,4889450,235500,9.15,226.65,215600,16050,1.1e-05,-0.99941,9.4e-07,3.116e-05,10.967333,14.369689,2023-08-01
28249,2023-08-01 10:41:00,20000.0,19732.4,7608200,536550,5.7,273.75,191050,14100,0.0,-0.999866,2e-08,7.19e-06,11.389827,15.721871,2023-08-01
25623,2023-08-01 10:42:00,19500.0,19731.7,822300,7258300,242.0,12.5,24350,221650,,-0.000109,,6.76e-06,0.0,13.696748,2023-08-01
20370,2023-08-01 10:42:00,19550.0,19731.7,336750,3483550,198.3,18.1,7750,298000,0.999995,-0.001333,5.2e-07,7.178e-05,8.95627,13.218704,2023-08-01
15115,2023-08-01 10:42:00,19600.0,19731.7,2841900,10214950,156.9,27.1,83250,341050,0.99837,-0.013204,0.00011654,0.00056666,9.782967,12.96797,2023-08-01
9858,2023-08-01 10:42:00,19650.0,19731.7,2233900,4988150,119.5,39.45,71400,249850,0.961276,-0.079228,0.00179353,0.00251793,10.135043,12.694043,2023-08-01
4599,2023-08-01 10:42:00,19700.0,19731.7,7940200,9381050,87.0,56.8,379650,565000,0.752896,-0.287393,0.00664607,0.00588146,10.291466,12.551502,2023-08-01
1968,2023-08-01 10:42:00,19750.0,19731.7,7789250,4984000,60.1,80.1,470850,421000,0.356833,-0.618478,0.00780636,0.00656611,10.347599,12.574193,2023-08-01
7229,2023-08-01 10:42:00,19800.0,19731.7,16173200,5880850,39.6,109.55,643650,310000,0.080867,-0.873477,0.00311067,0.00352095,10.435446,12.769763,2023-08-01
12487,2023-08-01 10:42:00,19850.0,19731.7,6132700,1001800,24.95,145.0,199800,55150,0.008103,-0.972592,0.00045481,0.00103461,10.556185,13.212458,2023-08-01
17743,2023-08-01 10:42:00,19900.0,19731.7,7608000,1049250,15.15,185.25,229700,89500,0.000376,-0.995332,2.753e-05,0.00021198,10.720316,13.895264,2023-08-01
22997,2023-08-01 10:42:00,19950.0,19731.7,4889450,235500,9.0,229.35,192150,8350,9e-06,-0.999168,8.3e-07,4.135e-05,10.944649,14.896957,2023-08-01
28250,2023-08-01 10:42:00,20000.0,19731.7,7608200,536550,5.6,275.3,199950,7350,0.0,-0.99984,2e-08,8.35e-06,11.368719,15.991745,2023-08-01
25624,2023-08-01 10:43:00,19500.0,19735.55,822300,7258300,243.9,12.15,10700,224200,,-8.7e-05,,5.46e-06,0.0,13.734172,2023-08-01
20371,2023-08-01 10:43:00,19550.0,19735.55,336750,3483550,199.65,17.7,9600,232450,1.0,-0.001116,1e-08,6.082e-05,7.751669,13.282795,2023-08-01
15116,2023-08-01 10:43:00,19600.0,19735.55,2841900,10214950,158.3,26.55,49350,348350,0.9993,-0.011442,5.668e-05,0.00049844,9.28668,13.042184,2023-08-01
9859,2023-08-01 10:43:00,19650.0,19735.55,2233900,4988150,120.4,38.9,75550,225400,0.972825,-0.071523,0.00139416,0.00231056,9.750449,12.815129,2023-08-01
4600,2023-08-01 10:43:00,19700.0,19735.55,7940200,9381050,88.0,56.05,345000,565650,0.78336,-0.267075,0.00632885,0.00562115,10.05866,12.689528,2023-08-01
1969,2023-08-01 10:43:00,19750.0,19735.55,7789250,4984000,60.7,78.95,398850,326800,0.384809,-0.592173,0.00817681,0.00662736,10.1388,12.707289,2023-08-01
7230,2023-08-01 10:43:00,19800.0,19735.55,16173200,5880850,40.15,108.35,541450,372250,0.089998,-0.856194,0.00342399,0.00379234,10.287459,12.964233,2023-08-01
12488,2023-08-01 10:43:00,19850.0,19735.55,6132700,1001800,25.35,143.95,183600,59800,0.009237,-0.965534,0.00051681,0.00122468,10.437121,13.514427,2023-08-01
17744,2023-08-01 10:43:00,19900.0,19735.55,7608000,1049250,15.4,183.1,248700,78000,0.000433,-0.994027,3.177e-05,0.00026122,10.615201,14.06217,2023-08-01
22998,2023-08-01 10:43:00,19950.0,19735.55,4889450,235500,9.1,227.4,199750,16450,1e-05,-0.998802,9.3e-07,5.677e-05,10.832849,15.179084,2023-08-01
28251,2023-08-01 10:43:00,20000.0,19735.55,7608200,536550,5.75,273.1,290600,10900,0.0,-0.999757,3e-08,1.211e-05,11.308395,16.282355,2023-08-01
25625,2023-08-01 10:44:00,19500.0,19734.85,836250,7138550,242.85,12.25,9250,309900,,-8.9e-05,,5.61e-06,0.0,13.742001,2023-08-01
20372,2023-08-01 10:44:00,19550.0,19734.85,353350,3443600,198.25,17.95,10250,158500,1.0,-0.001172,0.0,6.355e-05,7.223415,13.320315,2023-08-01
15117,2023-08-01 10:44:00,19600.0,19734.85,2865150,10079250,157.2,26.9,77000,287700,0.999386,-0.011904,5.104e-05,0.00051508,9.146379,13.084967,2023-08-01
9860,2023-08-01 10:44:00,19650.0,19734.85,2255100,4952000,119.5,39.35,98550,180550,0.97298,-0.073518,0.00140076,0.00235567,9.675603,12.86031,2023-08-01
4601,2023-08-01 10:44:00,19700.0,19734.85,8153350,9298400,87.15,56.85,371600,481400,0.780859,-0.272093,0.00642645,0.00564428,9.989441,12.778687,2023-08-01
1970,2023-08-01 10:44:00,19750.0,19734.85,8025400,4870100,60.3,80.1,366900,304850,0.37879,-0.595999,0.00815818,0.00655541,10.131844,12.839459,2023-08-01
7231,2023-08-01 10:44:00,19800.0,19734.85,16617750,5670850,39.8,109.65,488000,244200,0.086949,-0.856478,0.00334764,0.00375054,10.273614,13.114559,2023-08-01
12489,2023-08-01 10:44:00,19850.0,19734.85,6200550,984650,25.15,145.15,164600,49250,0.008773,-0.96526,0.00049494,0.00122272,10.435618,13.64861,2023-08-01
17745,2023-08-01 10:44:00,19900.0,19734.85,7685950,1033800,15.25,185.3,203200,52250,0.0004,-0.9932,2.96e-05,0.00028642,10.610199,14.411367,2023-08-01
22999,2023-08-01 10:44:00,19950.0,19734.85,4972750,236850,9.0,228.65,183450,6500,9e-06,-0.998732,8.5e-07,5.929e-05,10.827521,15.343085,2023-08-01
28252,2023-08-01 10:44:00,20000.0,19734.85,7622250,538350,5.65,274.85,163800,4850,0.0,-0.999707,2e-08,1.418e-05,11.287837,16.594966,2023-08-01
25626,2023-08-01 10:45:00,19500.0,19728.0,836250,7138550,237.9,13.0,22050,436000,,-0.00013,,8.02e-06,0.0,13.718029,2023-08-01
20373,2023-08-01 10:45:00,19550.0,19728.0,353350,3443600,194.0,19.15,22100,570350,0.999998,-0.001677,3e-07,8.822e-05,8.560487,13.332499,2023-08-01
15118,2023-08-01 10:45:00,19600.0,19728.0,2865150,10079250,153.5,28.5,118200,672300,0.998122,-0.01577,0.00013435,0.00065791,9.70545,13.084771,2023-08-01
9861,2023-08-01 10:45:00,19650.0,19728.0,2255100,4952000,116.05,41.45,106250,420350,0.957248,-0.090512,0.00198212,0.00276334,9.991567,12.850662,2023-08-01
4602,2023-08-01 10:45:00,19700.0,19728.0,8153350,9298400,84.5,59.55,532550,1300100,0.729399,-0.311554,0.00702958,0.00603287,10.253849,12.761771,2023-08-01
1971,2023-08-01 10:45:00,19750.0,19728.0,8025400,4870100,58.25,83.65,660600,1020150,0.327387,-0.640342,0.00760101,0.00633839,10.341754,12.848669,2023-08-01
7232,2023-08-01 10:45:00,19800.0,19728.0,16617750,5670850,38.35,113.85,651600,677100,0.069281,-0.880934,0.00277433,0.0033016,10.455187,13.121141,2023-08-01
12490,2023-08-01 10:45:00,19850.0,19728.0,6200550,984650,24.25,149.65,247750,161100,0.00656,-0.973447,0.0003776,0.00098389,10.610716,13.604371,2023-08-01
17746,2023-08-01 10:45:00,19900.0,19728.0,7685950,1033800,14.8,190.0,311300,159850,0.000293,-0.995258,2.18e-05,0.00020991,10.798291,14.308056,2023-08-01
23000,2023-08-01 10:45:00,19950.0,19728.0,4972750,236850,8.8,234.05,273750,16950,7e-06,-0.999119,6.2e-07,4.263e-05,11.022144,15.31303,2023-08-01
28253,2023-08-01 10:45:00,20000.0,19728.0,7622250,538350,5.65,280.85,326100,12700,0.0,-0.999784,2e-08,1.066e-05,11.525169,16.662748,2023-08-01
25627,2023-08-01 10:46:00,19450.0,19721.15,84500,3272250,281.4,8.8,1850,118000,,-8e-06,,6e-07,0.0,13.886738,2023-08-01
20374,2023-08-01 10:46:00,19500.0,19721.15,836250,7138550,233.6,13.5,27650,369700,1.0,-0.000172,0.0,1.055e-05,7.287282,13.604413,2023-08-01
15119,2023-08-01 10:46:00,19550.0,19721.15,353350,3443600,191.05,19.8,33500,389000,0.999933,-0.002144,6.02e-06,0.00011169,9.866089,13.193073,2023-08-01
9862,2023-08-01 10:46:00,19600.0,19721.15,2865150,10079250,150.0,29.5,179850,621050,0.995475,-0.019627,0.00028238,0.00080318,10.222161,12.946245,2023-08-01
4603,2023-08-01 10:46:00,19650.0,19721.15,2255100,4952000,113.15,42.85,124800,669000,0.93515,-0.107843,0.00266264,0.00318516,10.372698,12.700182,2023-08-01
1972,2023-08-01 10:46:00,19700.0,19721.15,8153350,9298400,82.1,61.25,755550,1491500,0.675048,-0.351585,0.00745477,0.00644419,10.53475,12.563138,2023-08-01
7233,2023-08-01 10:46:00,19750.0,19721.15,8025400,4870100,56.25,85.75,729300,1204900,0.280549,-0.686401,0.00697478,0.00613859,10.541713,12.603927,2023-08-01
12491,2023-08-01 10:46:00,19800.0,19721.15,16617750,5670850,36.95,116.1,1003550,928200,0.054831,-0.908389,0.00227766,0.00281067,10.631743,12.77478,2023-08-01
17747,2023-08-01 10:46:00,19850.0,19721.15,6200550,984650,23.45,152.3,387800,191850,0.004932,-0.982661,0.00028869,0.00070945,10.796366,13.187918,2023-08-01
23001,2023-08-01 10:46:00,19900.0,19721.15,7685950,1033800,14.2,193.4,432250,169350,0.000203,-0.997306,1.532e-05,0.00013037,10.93971,13.898883,2023-08-01
28254,2023-08-01 10:46:00,19950.0,19721.15,4972750,236850,8.45,237.8,277950,25400,5e-06,-0.999568,4.2e-07,2.281e-05,11.158785,14.851081,2023-08-01
25628,2023-08-01 10:47:00,19450.0,19721.35,87150,3279900,279.55,8.8,1100,89150,,-8e-06,,5.8e-07,0.0,13.896024,2023-08-01
20375,2023-08-01 10:47:00,19500.0,19721.35,854700,7223100,234.65,13.5,16150,254900,1.0,-0.000167,0.0,1.03e-05,8.270005,13.614428,2023-08-01
15120,2023-08-01 10:47:00,19550.0,19721.35,358600,3374700,191.3,19.8,16500,244300,0.999933,-0.002104,6e-06,0.00010991,9.893704,13.203956,2023-08-01
9863,2023-08-01 10:47:00,19600.0,19721.35,2917900,9953050,150.75,29.4,97000,501900,0.995108,-0.019234,0.00029914,0.00079138,10.36328,12.937719,2023-08-01
4604,2023-08-01 10:47:00,19650.0,19721.35,2284250,4916550,114.15,42.85,93600,357100,0.932998,-0.107059,0.00269314,0.00317059,10.536512,12.71393,2023-08-01
1973,2023-08-01 10:47:00,19700.0,19721.35,8376050,9102250,82.65,61.0,393850,933200,0.675654,-0.349775,0.00740964,0.00645657,10.609364,12.537543,2023-08-01
7234,2023-08-01 10:47:00,19750.0,19721.35,8236850,4624150,56.65,85.4,521250,611000,0.282558,-0.686018,0.00697626,0.00617137,10.594377,12.56557,2023-08-01
12492,2023-08-01 10:47:00,19800.0,19721.35,16691050,5550450,37.05,116.05,675550,461250,0.055094,-0.907965,0.00228869,0.00282197,10.639259,12.789618,2023-08-01
17748,2023-08-01 10:47:00,19850.0,19721.35,6225400,957500,23.35,152.1,231450,82500,0.004825,-0.982746,0.00028437,0.00070826,10.767182,13.178532,2023-08-01
23002,2023-08-01 10:47:00,19900.0,19721.35,7731400,1023550,14.1,192.8,320100,76800,0.000193,-0.997478,1.469e-05,0.00012389,10.906248,13.802018,2023-08-01
28255,2023-08-01 10:47:00,19950.0,19721.35,5120700,234500,8.35,237.3,193200,11550,4e-06,-0.999601,3.8e-07,2.135e-05,11.116897,14.766931,2023-08-01
25629,2023-08-01 10:48:00,19450.0,19722.4,87150,3279900,276.95,8.9,600,128450,,-8e-06,,5.8e-07,0.0,13.976545,2023-08-01
20376,2023-08-01 10:48:00,19500.0,19722.4,854700,7223100,233.3,13.7,36150,365200,,-0.00017,,1.041e-05,0.0,13.720555,2023-08-01
15121,2023-08-01 10:48:00,19550.0,19722.4,358600,3374700,189.8,20.15,25050,272300,0.999989,-0.002151,1.23e-06,0.00011116,8.98528,13.340075,2023-08-01
9864,2023-08-01 10:48:00,19600.0,19722.4,2917900,9953050,149.5,29.9,122900,502250,0.99695,-0.019419,0.0002062,0.00078953,9.863114,13.096585,2023-08-01
4605,2023-08-01 10:48:00,19650.0,19722.4,2284250,4916550,112.85,43.3,118900,474100,0.942979,-0.105961,0.00246835,0.00311679,10.153417,12.85953,2023-08-01
1974,2023-08-01 10:48:00,19700.0,19722.4,8376050,9102250,81.8,61.85,673700,959950,0.687641,-0.345305,0.0074771,0.00632694,10.365899,12.75578,2023-08-01
7235,2023-08-01 10:48:00,19750.0,19722.4,8236850,4624150,56.05,86.35,818600,716600,0.286353,-0.676541,0.00715213,0.00613792,10.417793,12.815095,2023-08-01
12493,2023-08-01 10:48:00,19800.0,19722.4,16691050,5550450,36.7,117.1,836750,574750,0.055097,-0.900227,0.00231983,0.00293159,10.514892,13.087084,2023-08-01
17749,2023-08-01 10:48:00,19850.0,19722.4,6225400,957500,23.05,153.35,286700,130250,0.004675,-0.979361,0.00027991,0.0008028,10.653039,13.563405,2023-08-01
23003,2023-08-01 10:48:00,19900.0,19722.4,7731400,1023550,13.95,194.15,391100,121400,0.000184,-0.996524,1.418e-05,0.00016018,10.822744,14.279288,2023-08-01
28256,2023-08-01 10:48:00,19950.0,19722.4,5120700,234500,8.25,239.0,224950,29800,4e-06,-0.999321,3.6e-07,3.35e-05,11.042933,15.413151,2023-08-01
25630,2023-08-01 10:49:00,19450.0,19721.15,87150,3279900,280.05,8.95,650,92550,,-8e-06,,5.9e-07,0.0,13.953521,2023-08-01
20377,2023-08-01 10:49:00,19500.0,19721.15,854700,7223100,233.25,13.9,14600,181250,1.0,-0.000182,0.0,1.108e-05,6.672017,13.733942,2023-08-01
15122,2023-08-01 10:49:00,19550.0,19721.15,358600,3374700,189.95,20.35,16050,201000,0.999967,-0.002251,3.18e-06,0.00011611,9.482702,13.335304,2023-08-01
9865,2023-08-01 10:49:00,19600.0,19721.15,2917900,9953050,149.85,30.2,78250,346700,0.995746,-0.020245,0.00026939,0.00081952,10.193607,13.095859,2023-08-01
4606,2023-08-01 10:49:00,19650.0,19721.15,2284250,4916550,112.7,43.85,75700,288000,0.937581,-0.109969,0.00261822,0.00320072,10.294222,12.885288,2023-08-01
1975,2023-08-01 10:49:00,19700.0,19721.15,8376050,9102250,81.75,62.25,508450,610850,0.676675,-0.352786,0.00751649,0.00639905,10.482202,12.73473,2023-08-01
7236,2023-08-01 10:49:00,19750.0,19721.15,8236850,4624150,56.0,86.85,452500,444600,0.278789,-0.684835,0.00701403,0.00609456,10.506376,12.789813,2023-08-01
12494,2023-08-01 10:49:00,19800.0,19721.15,16691050,5550450,36.8,117.8,619300,300200,0.053526,-0.904465,0.00225102,0.00284779,10.610759,13.074112,2023-08-01
17750,2023-08-01 10:49:00,19850.0,19721.15,6225400,957500,23.1,154.15,169400,51300,0.004515,-0.98063,0.00026997,0.00076299,10.728567,13.548271,2023-08-01
23004,2023-08-01 10:49:00,19900.0,19721.15,7731400,1023550,13.9,194.4,293000,57300,0.000172,-0.997049,1.328e-05,0.00014002,10.864945,14.123955,2023-08-01
28257,2023-08-01 10:49:00,19950.0,19721.15,5120700,234500,8.25,238.55,121700,8950,4e-06,-0.999526,3.4e-07,2.465e-05,11.091733,15.046455,2023-08-01
25631,2023-08-01 10:50:00,19450.0,19715.65,87600,3287900,276.8,8.9,2350,164550,,-9e-06,,6.4e-07,0.0,13.735901,2023-08-01
20378,2023-08-01 10:50:00,19500.0,19715.65,872800,7209100,232.0,13.9,30700,336150,0.999999,-0.0002,1.1e-07,1.233e-05,10.067387,13.513792,2023-08-01
15123,2023-08-01 10:50:00,19550.0,19715.65,362350,3361100,188.25,20.45,21450,225500,0.999756,-0.002542,1.902e-05,0.00013207,10.531725,13.113008,2023-08-01
9866,2023-08-01 10:50:00,19600.0,19715.65,2959000,9854900,148.3,30.5,110250,460200,0.991045,-0.023091,0.0004908,0.00093355,10.839269,12.87402,2023-08-01
4607,2023-08-01 10:50:00,19650.0,19715.65,2295750,4847100,111.7,44.0,101600,389300,0.911705,-0.122542,0.00325311,0.00354717,10.818519,12.581291,2023-08-01
1976,2023-08-01 10:50:00,19700.0,19715.65,8777750,9147200,80.8,63.0,601900,881300,0.630118,-0.386052,0.00764637,0.00674774,10.853805,12.46301,2023-08-01
7237,2023-08-01 10:50:00,19750.0,19715.65,8569000,4418250,55.2,87.75,521900,678550,0.246923,-0.723219,0.00643283,0.00590959,10.787966,12.451615,2023-08-01
12495,2023-08-01 10:50:00,19800.0,19715.65,16948800,5408500,36.0,118.75,685050,646250,0.044763,-0.926684,0.00192091,0.0024212,10.801323,12.631257,2023-08-01
17751,2023-08-01 10:50:00,19850.0,19715.65,6265850,932450,22.7,155.4,336800,83300,0.003681,-0.98768,0.00022135,0.00053935,10.921733,13.023684,2023-08-01
23005,2023-08-01 10:50:00,19900.0,19715.65,7687750,1009300,13.65,196.25,357650,82600,0.000136,-0.998461,1.052e-05,8.093e-05,11.034236,13.570483,2023-08-01
28258,2023-08-01 10:50:00,19950.0,19715.65,5139350,226750,8.05,240.15,452000,15200,3e-06,-0.999827,2.5e-07,1.021e-05,11.225202,14.265104,2023-08-01
25632,2023-08-01 10:51:00,19450.0,19721.6,87600,3287900,281.2,8.5,450,218400,,-6e-06,,4.4e-07,0.0,13.790527,2023-08-01
20379,2023-08-01 10:51:00,19500.0,19721.6,872800,7209100,235.4,13.2,16000,324350,1.0,-0.000138,0.0,8.72e-06,8.715927,13.538781,2023-08-01
15124,2023-08-01 10:51:00,19550.0,19721.6,362350,3361100,191.2,19.5,27050,281350,0.99995,-0.001873,4.62e-06,0.0001,9.792366,13.147832,2023-08-01
9867,2023-08-01 10:51:00,19600.0,19721.6,2959000,9854900,151.25,29.1,116050,458800,0.99516,-0.018065,0.00029613,0.00075807,10.442834,12.895886,2023-08-01
4608,2023-08-01 10:51:00,19650.0,19721.6,2295750,4847100,114.4,42.2,196850,330900,0.934599,-0.102976,0.00265627,0.00312798,10.559269,12.618835,2023-08-01
1977,2023-08-01 10:51:00,19700.0,19721.6,8777750,9147200,82.75,60.55,578950,898850,0.678598,-0.346623,0.00743405,0.0065071,10.609867,12.487293,2023-08-01
7238,2023-08-01 10:51:00,19750.0,19721.6,8569000,4418250,56.85,84.7,575050,591700,0.283252,-0.686958,0.00701983,0.00625045,10.616186,12.478954,2023-08-01
12496,2023-08-01 10:51:00,19800.0,19721.6,16948800,5408500,37.15,115.05,680950,545800,0.054548,-0.911245,0.00228475,0.00279708,10.64944,12.649942,2023-08-01
17752,2023-08-01 10:51:00,19850.0,19721.6,6265850,932450,23.35,151.3,212150,95150,0.004621,-0.983972,0.00027572,0.00067552,10.762097,13.064766,2023-08-01
23006,2023-08-01 10:51:00,19900.0,19721.6,7687750,1009300,14.1,191.5,336800,73650,0.000178,-0.997951,1.37e-05,0.0001052,10.903019,13.561345,2023-08-01
28259,2023-08-01 10:51:00,19950.0,19721.6,5139350,226750,8.2,236.8,144850,5750,3e-06,-0.99965,3.1e-07,1.912e-05,11.060332,14.697655,2023-08-01
25633,2023-08-01 10:52:00,19500.0,19726.9,872800,7209100,236.55,12.8,26650,456500,,-0.000105,,6.73e-06,0.0,13.624682,2023-08-01
20380,2023-08-01 10:52:00,19550.0,19726.9,362350,3361100,192.45,18.95,17400,219600,0.999999,-0.001486,1.5e-07,8.052e-05,8.325265,13.246402,2023-08-01
15125,2023-08-01 10:52:00,19600.0,19726.9,2959000,9854900,152.0,28.15,114550,464850,0.99841,-0.014721,0.00011853,0.00063355,9.570272,12.968771,2023-08-01
9868,2023-08-01 10:52:00,19650.0,19726.9,2295750,4847100,114.85,41.3,138850,329250,0.957965,-0.089569,0.00199258,0.00279362,9.927257,12.771359,2023-08-01
4609,2023-08-01 10:52:00,19700.0,19726.9,8777750,9147200,83.2,59.35,635400,781800,0.725774,-0.314921,0.00723157,0.0061846,10.15964,12.663563,2023-08-01
1978,2023-08-01 10:52:00,19750.0,19726.9,8569000,4418250,57.1,83.5,610800,480550,0.31534,-0.650363,0.00764366,0.00640703,10.252098,12.742187,2023-08-01
7239,2023-08-01 10:52:00,19800.0,19726.9,16948800,5408500,37.4,113.85,586900,396150,0.062285,-0.889336,0.00260803,0.00319898,10.369656,13.016562,2023-08-01
12497,2023-08-01 10:52:00,19850.0,19726.9,6265850,932450,23.5,149.95,231300,74650,0.005304,-0.976576,0.00031927,0.00090194,10.525561,13.527326,2023-08-01
17753,2023-08-01 10:52:00,19900.0,19726.9,7687750,1009300,14.1,190.5,297850,75050,0.000197,-0.996038,1.542e-05,0.0001818,10.675755,14.246362,2023-08-01
23007,2023-08-01 10:52:00,19950.0,19726.9,5139350,226750,8.2,234.65,147300,8750,4e-06,-0.999302,3.4e-07,3.497e-05,10.86307,15.252988,2023-08-01
28260,2023-08-01 10:52:00,20000.0,19726.9,7621800,529600,5.25,281.1,179800,10850,0.0,-0.99985,1e-08,7.72e-06,11.382518,16.488822,2023-08-01
25634,2023-08-01 10:53:00,19500.0,19729.5,870550,7295200,239.0,12.15,25400,183250,,-7.7e-05,,5.06e-06,0.0,13.518137,2023-08-01
20381,2023-08-01 10:53:00,19550.0,19729.5,355550,3385500,195.5,18.0,13000,161400,0.999998,-0.001148,2.3e-07,6.435e-05,8.635954,13.117671,2023-08-01
15126,2023-08-01 10:53:00,19600.0,19729.5,2954650,9848650,154.5,26.9,81750,313800,0.998591,-0.012267,0.00010535,0.00054778,9.66056,12.836097,2023-08-01
9869,2023-08-01 10:53:00,19650.0,19729.5,2300500,4841550,117.1,39.6,80950,265750,0.962073,-0.079554,0.00182235,0.00259206,10.001137,12.613914,2023-08-01
4610,2023-08-01 10:53:00,19700.0,19729.5,8980550,9305650,84.8,57.15,565200,561100,0.744461,-0.295996,0.00698332,0.00611686,10.16698,12.477519,2023-08-01
1979,2023-08-01 10:53:00,19750.0,19729.5,8761750,4316300,58.2,81.1,459500,322900,0.334854,-0.635578,0.00786306,0.00660018,10.231293,12.57125,2023-08-01
7240,2023-08-01 10:53:00,19800.0,19729.5,17150200,5388650,38.25,110.75,475950,289500,0.068792,-0.885852,0.00282457,0.00334144,10.358966,12.761975,2023-08-01
12498,2023-08-01 10:53:00,19850.0,19729.5,6295100,933150,24.05,146.25,216250,46500,0.00604,-0.977305,0.00035952,0.00090323,10.507281,13.175202,2023-08-01
17754,2023-08-01 10:53:00,19900.0,19729.5,7709650,995800,14.4,186.8,225150,37600,0.000226,-0.996412,1.763e-05,0.00017099,10.643414,13.882649,2023-08-01
23008,2023-08-01 10:53:00,19950.0,19729.5,5166250,223100,8.4,230.45,116800,7950,4e-06,-0.999468,4e-07,2.818e-05,10.838691,14.742457,2023-08-01
28261,2023-08-01 10:53:00,20000.0,19729.5,7689000,525400,5.3,278.4,105150,6850,0.0,-0.999851,1e-08,7.76e-06,11.320655,16.352667,2023-08-01
25635,2023-08-01 10:54:00,19500.0,19733.5,870550,7295200,241.4,11.95,32050,240750,,-6.4e-05,,4.23e-06,0.0,13.610112,2023-08-01
20382,2023-08-01 10:54:00,19550.0,19733.5,355550,3385500,197.6,17.6,15900,190100,1.0,-0.000951,1e-08,5.394e-05,7.726466,13.188774,2023-08-01
15127,2023-08-01 10:54:00,19600.0,19733.5,2954650,9848650,156.35,26.6,108350,332300,0.999357,-0.010802,5.36e-05,0.0004861,9.254592,12.972324,2023-08-01
9870,2023-08-01 10:54:00,19650.0,19733.5,2300500,4841550,118.45,39.0,147850,302050,0.973032,-0.071247,0.00142199,0.00236401,9.68706,12.736054,2023-08-01
4611,2023-08-01 10:54:00,19700.0,19733.5,8980550,9305650,86.1,56.5,529450,631250,0.776317,-0.274327,0.00663063,0.00583029,9.972643,12.645098,2023-08-01
1980,2023-08-01 10:54:00,19750.0,19733.5,8761750,4316300,59.45,79.85,545100,468700,0.36518,-0.607969,0.00821754,0.00669103,10.120293,12.703653,2023-08-01
7241,2023-08-01 10:54:00,19800.0,19733.5,17150200,5388650,39.05,109.5,526700,372250,0.07819,-0.868552,0.00315397,0.00363656,10.248144,12.967447,2023-08-01
12499,2023-08-01 10:54:00,19850.0,19733.5,6295100,933150,24.65,145.0,191000,69450,0.00715,-0.971002,0.00042137,0.00108678,10.423863,13.465214,2023-08-01
17755,2023-08-01 10:54:00,19900.0,19733.5,7709650,995800,14.85,185.0,229800,92400,0.000281,-0.995053,2.174e-05,0.00022387,10.586312,14.152235,2023-08-01
23009,2023-08-01 10:54:00,19950.0,19733.5,5166250,223100,8.6,228.6,89550,10000,5e-06,-0.99917,4.9e-07,4.159e-05,10.759225,15.088716,2023-08-01
28262,2023-08-01 10:54:00,20000.0,19733.5,7689000,525400,5.35,276.0,94200,8600,0.0,-0.999779,1e-08,1.11e-05,11.210465,16.617734,2023-08-01
25636,2023-08-01 10:55:00,19500.0,19737.65,870550,7295200,245.2,11.35,25550,169700,,-4.5e-05,,3.04e-06,0.0,13.570016,2023-08-01
20383,2023-08-01 10:55:00,19550.0,19737.65,355550,3385500,201.0,16.8,20950,173600,1.0,-0.000715,0.0,4.167e-05,7.310919,13.155644,2023-08-01
15128,2023-08-01 10:55:00,19600.0,19737.65,2954650,9848650,159.85,25.35,142600,299000,0.999562,-0.008553,3.769e-05,0.00039906,9.24569,12.906189,2023-08-01
9871,2023-08-01 10:55:00,19650.0,19737.65,2300500,4841550,121.45,37.45,205850,261250,0.978795,-0.060872,0.0011659,0.00210425,9.669214,12.68567,2023-08-01
4612,2023-08-01 10:55:00,19700.0,19737.65,8980550,9305650,88.85,54.35,671400,689700,0.802559,-0.248935,0.00615357,0.00559119,10.002641,12.564555,2023-08-01
1981,2023-08-01 10:55:00,19750.0,19737.65,8761750,4316300,61.25,77.1,689500,447850,0.399179,-0.580792,0.00848726,0.00687272,10.080567,12.596966,2023-08-01
7242,2023-08-01 10:55:00,19800.0,19737.65,17150200,5388650,40.4,106.4,640400,414450,0.091067,-0.85518,0.00355238,0.0039214,10.217743,12.867634,2023-08-01
12500,2023-08-01 10:55:00,19850.0,19737.65,6295100,933150,25.5,141.4,246100,80100,0.008744,-0.967809,0.00050597,0.00119892,10.37844,13.329927,2023-08-01
17756,2023-08-01 10:55:00,19900.0,19737.65,7709650,995800,15.4,180.65,271300,65600,0.000359,-0.994837,2.748e-05,0.00023715,10.54378,13.901924,2023-08-01
23010,2023-08-01 10:55:00,19950.0,19737.65,5166250,223100,8.9,225.45,91700,14150,7e-06,-0.998965,6.3e-07,5.085e-05,10.705939,15.137511,2023-08-01
28263,2023-08-01 10:55:00,20000.0,19737.65,7689000,525400,5.45,270.6,131850,11150,0.0,-0.999825,1e-08,9.22e-06,11.118113,16.10461,2023-08-01
25637,2023-08-01 10:56:00,19500.0,19742.35,853150,7280400,247.2,11.1,32400,227250,,-3.6e-05,,2.43e-06,0.0,13.665825,2023-08-01
20384,2023-08-01 10:56:00,19550.0,19742.35,346500,3399150,203.1,16.4,28950,216550,,-0.000576,,3.394e-05,0.0,13.248978,2023-08-01
15129,2023-08-01 10:56:00,19600.0,19742.35,2927600,9849800,161.45,24.85,158850,381950,0.999915,-0.007204,8.93e-06,0.00034054,8.476493,13.025749,2023-08-01
9872,2023-08-01 10:56:00,19650.0,19742.35,2306400,4804550,123.15,36.6,145150,245600,0.987178,-0.052724,0.00079133,0.00186642,9.276347,12.791695,2023-08-01
4613,2023-08-01 10:56:00,19700.0,19742.35,8896800,9391650,90.0,53.1,999100,815050,0.838419,-0.224853,0.00561176,0.00525237,9.683992,12.667206,2023-08-01
1982,2023-08-01 10:56:00,19750.0,19742.35,8807750,4318850,62.4,75.8,853300,464300,0.438157,-0.547711,0.00885237,0.00688532,9.880804,12.766364,2023-08-01
7243,2023-08-01 10:56:00,19800.0,19742.35,17167750,5465850,41.35,104.5,820500,477850,0.105285,-0.833564,0.00401274,0.00425496,10.076091,13.019666,2023-08-01
12501,2023-08-01 10:56:00,19850.0,19742.35,6348300,970850,26.15,139.65,298050,158200,0.010532,-0.95905,0.00060325,0.00143354,10.258606,13.597021,2023-08-01
17757,2023-08-01 10:56:00,19900.0,19742.35,7736950,1000100,15.8,179.05,413450,85400,0.000443,-0.992335,3.381e-05,0.00032754,10.434489,14.30207,2023-08-01
23011,2023-08-01 10:56:00,19950.0,19742.35,5135750,229650,9.15,222.7,167100,9900,8e-06,-0.998513,7.9e-07,6.988e-05,10.610738,15.373656,2023-08-01
28264,2023-08-01 10:56:00,20000.0,19742.35,7758900,525600,5.6,269.25,129000,12100,0.0,-0.999629,1e-08,1.78e-05,11.028455,16.784271,2023-08-01
25638,2023-08-01 10:57:00,19500.0,19741.7,853150,7280400,247.0,11.2,26500,146000,,-3.7e-05,,2.5e-06,0.0,13.677772,2023-08-01
20385,2023-08-01 10:57:00,19550.0,19741.7,346500,3399150,202.15,16.65,17800,139950,,-0.000608,,3.564e-05,0.0,13.291812,2023-08-01
15130,2023-08-01 10:57:00,19600.0,19741.7,2927600,9849800,160.95,25.2,89950,286800,0.999907,-0.007523,9.69e-06,0.00035313,8.503712,13.073861,2023-08-01
9873,2023-08-01 10:57:00,19650.0,19741.7,2306400,4804550,122.7,37.2,135850,232100,0.986687,-0.054716,0.00081789,0.00191381,9.289209,12.870608,2023-08-01
4614,2023-08-01 10:57:00,19700.0,19741.7,8896800,9391650,90.0,53.9,735250,753200,0.833305,-0.229561,0.00569278,0.00528429,9.75922,12.762315,2023-08-01
1983,2023-08-01 10:57:00,19750.0,19741.7,8807750,4318850,62.5,76.65,582850,486750,0.432761,-0.551929,0.00878438,0.00684133,9.953634,12.855226,2023-08-01
7244,2023-08-01 10:57:00,19800.0,19741.7,17167750,5465850,41.5,105.55,758850,499500,0.103855,-0.834656,0.00395301,0.00420798,10.14638,13.133521,2023-08-01
12502,2023-08-01 10:57:00,19850.0,19741.7,6348300,970850,26.15,140.5,218800,68600,0.010255,-0.959404,0.00058836,0.00141817,10.295294,13.673434,2023-08-01
17758,2023-08-01 10:57:00,19900.0,19741.7,7736950,1000100,15.95,180.4,259450,78350,0.000446,-0.992004,3.385e-05,0.00033642,10.502669,14.479851,2023-08-01
23012,2023-08-01 10:57:00,19950.0,19741.7,5135750,229650,9.25,223.85,112800,13650,8e-06,-0.998447,8e-07,7.217e-05,10.671282,15.520837,2023-08-01
28265,2023-08-01 10:57:00,20000.0,19741.7,7758900,525600,5.7,270.0,126200,6400,0.0,-0.999634,2e-08,1.756e-05,11.099119,16.840436,2023-08-01
25639,2023-08-01 10:58:00,19500.0,19742.65,853150,7280400,248.25,11.15,24200,289500,,-3.4e-05,,2.34e-06,0.0,13.698769,2023-08-01
20386,2023-08-01 10:58:00,19550.0,19742.65,346500,3399150,203.05,16.45,19050,156650,,-0.000557,,3.296e-05,0.0,13.279363,2023-08-01
15131,2023-08-01 10:58:00,19600.0,19742.65,2927600,9849800,161.95,24.85,108100,307100,0.999909,-0.006996,9.4e-06,0.00033257,8.559792,13.044014,2023-08-01
9874,2023-08-01 10:58:00,19650.0,19742.65,2306400,4804550,123.5,36.8,105300,190000,0.987443,-0.052329,0.00077751,0.00185364,9.306159,12.850015,2023-08-01
4615,2023-08-01 10:58:00,19700.0,19742.65,8896800,9391650,90.7,53.35,476450,651450,0.83865,-0.223654,0.00557357,0.00522832,9.776861,12.733276,2023-08-01
1984,2023-08-01 10:58:00,19750.0,19742.65,8807750,4318850,62.75,75.75,530600,499900,0.440769,-0.545778,0.00886147,0.006904,9.916736,12.785674,2023-08-01
7245,2023-08-01 10:58:00,19800.0,19742.65,17167750,5465850,41.6,104.65,641100,571750,0.106241,-0.83211,0.00404309,0.00427538,10.102771,13.077931,2023-08-01
12503,2023-08-01 10:58:00,19850.0,19742.65,6348300,970850,26.25,139.15,232850,146600,0.01052,-0.959755,0.00060441,0.00142393,10.265822,13.546335,2023-08-01
17759,2023-08-01 10:58:00,19900.0,19742.65,7736950,1000100,15.9,179.15,326100,63900,0.000441,-0.992178,3.375e-05,0.00033306,10.449272,14.371175,2023-08-01
23013,2023-08-01 10:58:00,19950.0,19742.65,5135750,229650,9.15,222.65,184950,8000,8e-06,-0.998501,7.5e-07,7.042e-05,10.602742,15.420349,2023-08-01
28266,2023-08-01 10:58:00,20000.0,19742.65,7758900,525600,5.6,268.7,222200,10400,0.0,-0.99966,1e-08,1.658e-05,11.021832,16.710597,2023-08-01
25640,2023-08-01 10:59:00,19500.0,19745.25,840500,7302150,250.45,11.15,12950,178950,,-3.1e-05,,2.14e-06,0.0,13.800155,2023-08-01
20387,2023-08-01 10:59:00,19550.0,19745.25,353350,3412850,205.15,16.35,16400,116050,,-0.000504,,2.987e-05,0.0,13.364057,2023-08-01
15132,2023-08-01 10:59:00,19600.0,19745.25,2902350,9837250,163.85,24.6,91050,207300,0.999948,-0.006337,5.7e-06,0.00030357,8.42483,13.11536,2023-08-01
9875,2023-08-01 10:59:00,19650.0,19745.25,2279100,4850300,125.1,36.35,143000,187550,0.990043,-0.048171,0.00064264,0.00172998,9.218505,12.911326,2023-08-01
4616,2023-08-01 10:59:00,19700.0,19745.25,9076900,9618500,92.0,52.6,571450,486750,0.854767,-0.210699,0.00524215,0.00504201,9.71128,12.778177,2023-08-01
1985,2023-08-01 10:59:00,19750.0,19745.25,8730200,4435600,64.0,75.0,504050,407600,0.463754,-0.527665,0.00895083,0.0068985,9.903264,12.871771,2023-08-01
7246,2023-08-01 10:59:00,19800.0,19745.25,17217850,5664900,42.45,103.5,871850,282400,0.116094,-0.820036,0.00432657,0.00445428,10.077125,13.141961,2023-08-01
12504,2023-08-01 10:59:00,19850.0,19745.25,6348100,982100,26.95,137.85,203650,67450,0.012053,-0.955235,0.00068156,0.00154516,10.264168,13.629295,2023-08-01
17760,2023-08-01 10:59:00,19900.0,19745.25,7693800,1035150,16.25,177.15,225400,66200,0.000509,-0.991423,3.868e-05,0.00036209,10.418947,14.358352,2023-08-01
23014,2023-08-01 10:59:00,19950.0,19745.25,5117200,229400,9.45,220.7,166300,7500,1e-05,-0.99831,9.2e-07,7.858e-05,10.602713,15.446881,2023-08-01
28267,2023-08-01 10:59:00,20000.0,19745.25,7793050,525900,5.75,266.35,121450,5550,0.0,-0.999636,2e-08,1.773e-05,11.002489,16.66161,2023-08-01
25641,2023-08-01 11:00:00,19500.0,19743.5,840500,7302150,245.8,11.55,34050,206300,,-3.7e-05,,2.53e-06,0.0,13.873854,2023-08-01
20388,2023-08-01 11:00:00,19550.0,19743.5,353350,3412850,202.0,16.9,11300,136050,,-0.000585,,3.416e-05,0.0,13.442763,2023-08-01
15133,2023-08-01 11:00:00,19600.0,19743.5,2902350,9837250,160.15,25.5,95700,263650,0.999989,-0.007231,1.48e-06,0.00033874,7.636063,13.233337,2023-08-01
9876,2023-08-01 11:00:00,19650.0,19743.5,2279100,4850300,122.3,37.55,118550,207450,0.991123,-0.052717,0.00060299,0.00184362,8.903568,13.043316,2023-08-01
4617,2023-08-01 11:00:00,19700.0,19743.5,9076900,9618500,89.45,54.6,595350,607300,0.852057,-0.223249,0.00545695,0.00513185,9.463805,13.006605,2023-08-01
1986,2023-08-01 11:00:00,19750.0,19743.5,8730200,4435600,61.9,77.25,619900,489750,0.446952,-0.539094,0.00910402,0.00677341,9.709238,13.103309,2023-08-01
7247,2023-08-01 11:00:00,19800.0,19743.5,17217850,5664900,41.05,106.35,599300,481000,0.105493,-0.822576,0.0040966,0.00432174,9.956286,13.450383,2023-08-01
12505,2023-08-01 11:00:00,19850.0,19743.5,6348100,982100,26.0,140.9,222100,86550,0.010224,-0.954246,0.00059703,0.00153718,10.174621,13.970106,2023-08-01
17761,2023-08-01 11:00:00,19900.0,19743.5,7693800,1035150,15.7,180.85,260250,58100,0.000409,-0.990255,3.182e-05,0.00039244,10.365184,14.843689,2023-08-01
23015,2023-08-01 11:00:00,19950.0,19743.5,5117200,229400,9.05,224.35,140500,13050,7e-06,-0.997923,6.8e-07,9.19e-05,10.539835,15.960541,2023-08-01
28268,2023-08-01 11:00:00,20000.0,19743.5,7793050,525900,5.55,271.15,153350,10350,0.0,-0.999411,1e-08,2.642e-05,10.972928,17.506028,2023-08-01
25642,2023-08-01 11:01:00,19500.0,19739.4,840500,7302150,245.5,11.65,13250,153450,,-4.1e-05,,2.81e-06,0.0,13.752065,2023-08-01
20389,2023-08-01 11:01:00,19550.0,19739.4,353350,3412850,201.05,17.15,8300,135400,,-0.000666,,3.889e-05,0.0,13.336929,2023-08-01
15134,2023-08-01 11:01:00,19600.0,19739.4,2902350,9837250,160.0,25.85,105650,336800,0.999812,-0.00814,1.806e-05,0.00038022,8.854148,13.112699,2023-08-01
9877,2023-08-01 11:01:00,19650.0,19739.4,2279100,4850300,121.75,37.8,79450,285350,0.983674,-0.057798,0.00096344,0.00201482,9.469059,12.861309,2023-08-01
4618,2023-08-01 11:01:00,19700.0,19739.4,9076900,9618500,89.05,54.85,533800,871350,0.819189,-0.240598,0.00597983,0.00545746,9.85749,12.777565,2023-08-01
1987,2023-08-01 11:01:00,19750.0,19739.4,8730200,4435600,61.5,77.45,615000,578100,0.412232,-0.568449,0.00872935,0.00687483,9.988749,12.807316,2023-08-01
7248,2023-08-01 11:01:00,19800.0,19739.4,17217850,5664900,40.75,106.55,597200,606350,0.094015,-0.846982,0.00369235,0.0040465,10.175604,13.079486,2023-08-01
12506,2023-08-01 11:01:00,19850.0,19739.4,6348100,982100,25.75,141.35,218800,118300,0.008833,-0.96492,0.0005177,0.00127978,10.346365,13.550672,2023-08-01
17762,2023-08-01 11:01:00,19900.0,19739.4,7693800,1035150,15.45,181.4,414400,93450,0.000336,-0.993552,2.625e-05,0.00028307,10.489118,14.340596,2023-08-01
23016,2023-08-01 11:01:00,19950.0,19739.4,5117200,229400,8.95,225.15,211550,14200,6e-06,-0.998796,5.6e-07,5.803e-05,10.666573,15.405768,2023-08-01
28269,2023-08-01 11:01:00,20000.0,19739.4,7793050,525900,5.45,271.85,230750,19500,0.0,-0.999703,1e-08,1.457e-05,11.069276,16.833446,2023-08-01
25643,2023-08-01 11:02:00,19500.0,19737.85,843550,7334050,245.0,11.8,8850,71750,,-4.4e-05,,3e-06,0.0,13.744971,2023-08-01
20390,2023-08-01 11:02:00,19550.0,19737.85,352350,3394950,200.55,17.4,6950,64550,1.0,-0.000715,0.0,4.163e-05,6.735642,13.339307,2023-08-01
15135,2023-08-01 11:02:00,19600.0,19737.85,2903950,9888150,159.5,26.2,41600,144900,0.999693,-0.008656,2.785e-05,0.00040199,9.110187,13.115181,2023-08-01
9878,2023-08-01 11:02:00,19650.0,19737.85,2252100,4882500,121.6,38.3,37900,100000,0.980151,-0.060758,0.00111498,0.0020981,9.683953,12.868959,2023-08-01
4619,2023-08-01 11:02:00,19700.0,19737.85,9152500,9664100,88.95,55.35,299900,287100,0.806506,-0.248459,0.00615152,0.00557124,10.012141,12.760009,2023-08-01
1988,2023-08-01 11:02:00,19750.0,19737.85,8853550,4545050,61.4,78.05,260500,260950,0.399672,-0.579406,0.00858176,0.00686647,10.102102,12.781062,2023-08-01
7249,2023-08-01 11:02:00,19800.0,19737.85,17286850,5732400,40.8,107.1,250800,199150,0.090372,-0.854769,0.003554,0.00393384,10.286855,13.018002,2023-08-01
12507,2023-08-01 11:02:00,19850.0,19737.85,6365950,973150,25.65,142.0,94550,26600,0.008294,-0.967843,0.00048777,0.00120014,10.410697,13.477334,2023-08-01
17763,2023-08-01 11:02:00,19900.0,19737.85,7707850,1041400,15.4,181.75,128250,29900,0.000312,-0.994539,2.439e-05,0.00024766,10.54773,14.174132,2023-08-01
23017,2023-08-01 11:02:00,19950.0,19737.85,5149100,228300,8.9,225.65,74350,7400,5e-06,-0.999024,5.1e-07,4.85e-05,10.711136,15.234402,2023-08-01
28270,2023-08-01 11:02:00,20000.0,19737.85,7826450,525700,5.45,272.1,84500,6100,0.0,-0.999783,1e-08,1.109e-05,11.12449,16.56322,2023-08-01
25644,2023-08-01 11:03:00,19500.0,19733.3,843550,7334050,242.75,12.0,8150,176300,,-5.2e-05,,3.5e-06,0.0,13.637097,2023-08-01
20391,2023-08-01 11:03:00,19550.0,19733.3,352350,3394950,198.7,17.75,7800,114750,1.0,-0.00084,7e-08,4.875e-05,8.498957,13.237107,2023-08-01
15136,2023-08-01 11:03:00,19600.0,19733.3,2903950,9888150,157.3,26.7,52800,284650,0.999199,-0.009992,6.446e-05,0.00046075,9.583387,13.000829,2023-08-01
9879,2023-08-01 11:03:00,19650.0,19733.3,2252100,4882500,119.85,39.1,75400,210500,0.970624,-0.068851,0.00150134,0.00233685,10.017213,12.759331,2023-08-01
4620,2023-08-01 11:03:00,19700.0,19733.3,9152500,9664100,87.55,56.4,476900,604150,0.77217,-0.272086,0.00662093,0.0059107,10.260346,12.630246,2023-08-01
1989,2023-08-01 11:03:00,19750.0,19733.3,8853550,4545050,60.35,79.5,404900,484650,0.36351,-0.611762,0.0081955,0.00681577,10.301323,12.644821,2023-08-01
7250,2023-08-01 11:03:00,19800.0,19733.3,17286850,5732400,39.75,109.05,397850,391850,0.077097,-0.874825,0.00312646,0.00359678,10.399524,12.885119,2023-08-01
12508,2023-08-01 11:03:00,19850.0,19733.3,6365950,973150,25.0,144.15,142650,74500,0.006715,-0.974758,0.00040156,0.00099671,10.521885,13.295609,2023-08-01
17764,2023-08-01 11:03:00,19900.0,19733.3,7707850,1041400,15.0,184.0,244000,57750,0.000241,-0.996202,1.904e-05,0.0001827,10.650267,13.923037,2023-08-01
23018,2023-08-01 11:03:00,19950.0,19733.3,5149100,228300,8.65,227.3,104500,10950,4e-06,-0.999472,3.8e-07,2.849e-05,10.801055,14.747576,2023-08-01
28271,2023-08-01 11:03:00,20000.0,19733.3,7826450,525700,5.3,274.2,170450,6550,0.0,-0.999888,1e-08,6.15e-06,11.210202,16.09765,2023-08-01
25645,2023-08-01 11:04:00,19500.0,19733.55,843550,7334050,243.55,12.15,3850,73700,,-5.3e-05,,3.58e-06,0.0,13.698705,2023-08-01
20392,2023-08-01 11:04:00,19550.0,19733.55,352350,3394950,198.1,17.95,8350,80650,1.0,-0.000856,2e-08,4.943e-05,8.042046,13.302653,2023-08-01
15137,2023-08-01 11:04:00,19600.0,19733.55,2903950,9888150,157.0,27.0,48150,203100,0.999343,-0.010137,5.454e-05,0.00046463,9.446599,13.079741,2023-08-01
9880,2023-08-01 11:04:00,19650.0,19733.55,2252100,4882500,119.4,39.5,40850,124200,0.972767,-0.069292,0.00143006,0.0023362,9.892271,12.849716,2023-08-01
4621,2023-08-01 11:04:00,19700.0,19733.55,9152500,9664100,87.05,56.95,298350,380450,0.776668,-0.272017,0.00663,0.00586904,10.150243,12.742037,2023-08-01
1990,2023-08-01 11:04:00,19750.0,19733.55,8853550,4545050,60.05,80.3,197800,291050,0.364438,-0.608972,0.008272,0.00676013,10.233888,12.798737,2023-08-01
7251,2023-08-01 11:04:00,19800.0,19733.55,17286850,5732400,39.5,109.55,423950,244150,0.076342,-0.872307,0.00312623,0.00362217,10.341964,12.997804,2023-08-01
12509,2023-08-01 11:04:00,19850.0,19733.55,6365950,973150,24.85,144.9,120900,37450,0.006545,-0.973199,0.00039485,0.00103635,10.480292,13.469531,2023-08-01
17765,2023-08-01 11:04:00,19900.0,19733.55,7707850,1041400,14.9,184.25,110450,53200,0.00023,-0.996004,1.83e-05,0.00019028,10.615412,14.018214,2023-08-01
23019,2023-08-01 11:04:00,19950.0,19733.55,5149100,228300,8.6,228.5,70450,1250,4e-06,-0.99932,3.5e-07,3.526e-05,10.77583,15.090893,2023-08-01
28272,2023-08-01 11:04:00,20000.0,19733.55,7826450,525700,5.3,275.0,177200,2600,0.0,-0.999859,1e-08,7.53e-06,11.203568,16.37698,2023-08-01
25646,2023-08-01 11:05:00,19500.0,19730.4,843850,7338450,241.8,12.2,5350,139450,,-5.6e-05,,3.83e-06,0.0,13.593887,2023-08-01
20393,2023-08-01 11:05:00,19550.0,19730.4,351200,3397050,197.75,18.1,18050,138950,0.999995,-0.000932,5.6e-07,5.395e-05,9.301112,13.206232,2023-08-01
15138,2023-08-01 11:05:00,19600.0,19730.4,2905050,9901350,157.0,27.2,59900,221050,0.998301,-0.010986,0.00012173,0.00050372,10.138712,12.96744,2023-08-01
9881,2023-08-01 11:05:00,19650.0,19730.4,2242700,4930350,119.05,39.75,42250,179450,0.962844,-0.074433,0.00178215,0.0024992,10.281314,12.71531,2023-08-01
4622,2023-08-01 11:05:00,19700.0,19730.4,9198750,9727850,86.85,57.1,231700,604750,0.749426,-0.287633,0.00687651,0.00613391,10.447196,12.552114,2023-08-01
1991,2023-08-01 11:05:00,19750.0,19730.4,8825950,4591700,59.9,80.55,254750,449750,0.341761,-0.632578,0.00792313,0.00676294,10.462701,12.577165,2023-08-01
7252,2023-08-01 11:05:00,19800.0,19730.4,17191100,5705500,39.5,110.0,268600,350250,0.070397,-0.88834,0.00288789,0.00336652,10.543875,12.747863,2023-08-01
12510,2023-08-01 11:05:00,19850.0,19730.4,6386550,981500,24.85,145.1,91300,68700,0.005969,-0.979484,0.00035897,0.000853,10.646673,13.096323,2023-08-01
17766,2023-08-01 11:05:00,19900.0,19730.4,7687750,1033100,14.9,185.1,135350,65950,0.000208,-0.997235,1.647e-05,0.00014027,10.756276,13.683816,2023-08-01
23020,2023-08-01 11:05:00,19950.0,19730.4,5140200,224250,8.55,228.75,83600,14250,3e-06,-0.999643,3.1e-07,2.02e-05,10.880223,14.520097,2023-08-01
28273,2023-08-01 11:05:00,20000.0,19730.4,7842600,525450,5.25,275.35,129850,6450,0.0,-0.999937,1e-08,3.69e-06,11.288517,15.728406,2023-08-01
25647,2023-08-01 11:06:00,19500.0,19731.1,843850,7338450,242.25,12.1,4750,128450,,-5.2e-05,,3.55e-06,0.0,13.590339,2023-08-01
20394,2023-08-01 11:06:00,19550.0,19731.1,351200,3397050,198.15,17.95,6350,74400,0.999996,-0.000872,4.1e-07,5.09e-05,9.202554,13.199562,2023-08-01
15139,2023-08-01 11:06:00,19600.0,19731.1,2905050,9901350,157.0,26.9,29900,206000,0.998619,-0.010383,0.00010245,0.00048144,9.994281,12.940029,2023-08-01
9882,2023-08-01 11:06:00,19650.0,19731.1,2242700,4930350,119.85,39.35,30550,157900,0.963515,-0.071831,0.0017489,0.00244262,10.340974,12.683902,2023-08-01
4623,2023-08-01 11:06:00,19700.0,19731.1,9198750,9727850,87.3,56.75,172150,378350,0.754475,-0.282868,0.00681072,0.00610089,10.453543,12.543245,2023-08-01
1992,2023-08-01 11:06:00,19750.0,19731.1,8825950,4591700,60.4,79.85,192050,315550,0.347427,-0.628627,0.00796508,0.00682867,10.491271,12.522881,2023-08-01
7253,2023-08-01 11:06:00,19800.0,19731.1,17191100,5705500,39.8,109.2,263700,199450,0.072245,-0.887544,0.00294855,0.00340644,10.553881,12.686094,2023-08-01
12511,2023-08-01 11:06:00,19850.0,19731.1,6386550,981500,25.1,144.6,85900,35600,0.006208,-0.979077,0.0003718,0.00086895,10.662909,13.096302,2023-08-01
17767,2023-08-01 11:06:00,19900.0,19731.1,7687750,1033100,15.0,184.2,116050,39150,0.000213,-0.997313,1.691e-05,0.00013771,10.753089,13.607346,2023-08-01
23021,2023-08-01 11:06:00,19950.0,19731.1,5140200,224250,8.7,228.3,72100,7300,3e-06,-0.999627,3.3e-07,2.104e-05,10.90829,14.55323,2023-08-01
28274,2023-08-01 11:06:00,20000.0,19731.1,7842600,525450,5.35,275.85,88350,3650,0.0,-0.999913,1e-08,4.87e-06,11.315485,16.042122,2023-08-01
25648,2023-08-01 11:07:00,19450.0,19723.85,86950,3353100,286.0,8.0,50,96100,1.0,-2e-06,0.0,1.9e-07,8.348839,13.693943,2023-08-01
20395,2023-08-01 11:07:00,19500.0,19723.85,843850,7338450,238.5,12.45,17550,173450,1.0,-6.8e-05,0.0,4.65e-06,9.444718,13.421356,2023-08-01
15140,2023-08-01 11:07:00,19550.0,19723.85,351200,3397050,193.45,18.45,26950,165350,0.999969,-0.001124,2.98e-06,6.532e-05,9.921867,13.01218,2023-08-01
9883,2023-08-01 11:07:00,19600.0,19723.85,2905050,9901350,153.85,27.8,101100,317850,0.996039,-0.013246,0.00024961,0.00060412,10.667872,12.768589,2023-08-01
4624,2023-08-01 11:07:00,19650.0,19723.85,2242700,4930350,116.25,40.6,126850,292650,0.944157,-0.087539,0.00239787,0.00288746,10.645524,12.490623,2023-08-01
1993,2023-08-01 11:07:00,19700.0,19723.85,9198750,9727850,84.35,58.6,430700,640350,0.698794,-0.325883,0.00738762,0.0066155,10.690171,12.348822,2023-08-01
7254,2023-08-01 11:07:00,19750.0,19723.85,8825950,4591700,57.9,82.4,485200,512150,0.29406,-0.679978,0.00733548,0.0065798,10.648814,12.323034,2023-08-01
12512,2023-08-01 11:07:00,19800.0,19723.85,17191100,5705500,38.05,112.5,542200,430400,0.055308,-0.914319,0.00236719,0.00284416,10.701826,12.479077,2023-08-01
17768,2023-08-01 11:07:00,19850.0,19723.85,6386550,981500,24.05,148.4,219300,109350,0.004405,-0.986367,0.0002705,0.00061589,10.824119,12.840188,2023-08-01
23022,2023-08-01 11:07:00,19900.0,19723.85,7687750,1033100,14.45,188.7,328750,86750,0.000145,-0.998488,1.166e-05,8.345e-05,10.92906,13.352805,2023-08-01
28275,2023-08-01 11:07:00,19950.0,19723.85,5140200,224250,8.4,233.15,132450,17300,2e-06,-0.999817,2.2e-07,1.106e-05,11.078818,14.25727,2023-08-01
25649,2023-08-01 11:08:00,19500.0,19726.75,844600,7356550,241.85,12.1,9550,135300,1.0,-5.4e-05,1e-08,3.76e-06,9.818925,13.423709,2023-08-01
20396,2023-08-01 11:08:00,19550.0,19726.75,350650,3406600,197.55,17.95,7550,209150,0.999947,-0.000931,4.77e-06,5.501e-05,10.448383,13.012752,2023-08-01
15141,2023-08-01 11:08:00,19600.0,19726.75,2926550,9926550,156.4,26.95,68650,302450,0.996616,-0.011293,0.00021598,0.00052837,10.723365,12.736773,2023-08-01
9884,2023-08-01 11:08:00,19650.0,19726.75,2227700,4946600,118.8,39.55,57800,255150,0.949538,-0.078745,0.00219636,0.00267538,10.743767,12.47094,2023-08-01
4625,2023-08-01 11:08:00,19700.0,19726.75,9168500,9813150,86.55,57.15,323200,635650,0.718692,-0.306083,0.0071123,0.00647221,10.774158,12.311564,2023-08-01
1994,2023-08-01 11:08:00,19750.0,19726.75,8810350,4624300,59.65,80.3,299000,414200,0.316386,-0.662139,0.00754445,0.00678833,10.714533,12.229818,2023-08-01
7255,2023-08-01 11:08:00,19800.0,19726.75,17039050,5673800,39.25,109.95,377250,331250,0.062741,-0.908413,0.00260978,0.00302443,10.73539,12.354313,2023-08-01
12513,2023-08-01 11:08:00,19850.0,19726.75,6420350,983650,24.8,145.25,199250,50450,0.005207,-0.98595,0.00031436,0.00064351,10.831696,12.634236,2023-08-01
17769,2023-08-01 11:08:00,19900.0,19726.75,7665300,1019650,14.85,185.15,212000,66600,0.000174,-0.998584,1.385e-05,8.046e-05,10.909413,13.068085,2023-08-01
23023,2023-08-01 11:08:00,19950.0,19726.75,5090500,224050,8.6,228.85,106700,11500,3e-06,-0.99987,2.6e-07,8.35e-06,11.042563,13.759192,2023-08-01
28276,2023-08-01 11:08:00,20000.0,19726.75,7879150,522050,5.25,275.8,119850,5300,0.0,-0.999981,0.0,1.26e-06,11.418603,14.922679,2023-08-01
25650,2023-08-01 11:09:00,19500.0,19726.05,844600,7356550,240.6,12.35,7650,132100,1.0,-5.9e-05,0.0,4.06e-06,9.457246,13.479856,2023-08-01
20397,2023-08-01 11:09:00,19550.0,19726.05,350650,3406600,197.05,18.2,6900,102100,0.999941,-0.000979,5.21e-06,5.757e-05,10.490324,13.048749,2023-08-01
15142,2023-08-01 11:09:00,19600.0,19726.05,2926550,9926550,155.5,27.4,66100,255550,0.996715,-0.011875,0.0002122,0.00055034,10.645856,12.799018,2023-08-01
9885,2023-08-01 11:09:00,19650.0,19726.05,2227700,4946600,118.35,40.05,74250,205550,0.948135,-0.081119,0.00224697,0.00273001,10.754457,12.523359,2023-08-01
4626,2023-08-01 11:09:00,19700.0,19726.05,9168500,9813150,86.05,57.7,275100,409450,0.714257,-0.310945,0.00718792,0.00650601,10.761966,12.356533,2023-08-01
1995,2023-08-01 11:09:00,19750.0,19726.05,8810350,4624300,59.2,81.1,332050,315100,0.310482,-0.666258,0.00751054,0.00672889,10.696922,12.302853,2023-08-01
7256,2023-08-01 11:09:00,19800.0,19726.05,17039050,5673800,38.8,110.8,376300,242000,0.059989,-0.909655,0.00253275,0.00298223,10.701763,12.427137,2023-08-01
12514,2023-08-01 11:09:00,19850.0,19726.05,6420350,983650,24.5,146.5,173200,51600,0.00484,-0.985643,0.00029574,0.00064937,10.808035,12.780565,2023-08-01
17770,2023-08-01 11:09:00,19900.0,19726.05,7665300,1019650,14.7,186.4,201700,41150,0.000159,-0.998497,1.275e-05,8.409e-05,10.902746,13.227409,2023-08-01
23024,2023-08-01 11:09:00,19950.0,19726.05,5090500,224050,8.55,230.8,94850,14100,2e-06,-0.999826,2.4e-07,1.074e-05,11.053225,14.124598,2023-08-01
28277,2023-08-01 11:09:00,20000.0,19726.05,7879150,522050,5.2,277.05,70150,10250,0.0,-0.999978,0.0,1.44e-06,11.419477,15.123141,2023-08-01
25651,2023-08-01 11:10:00,19450.0,19724.65,86050,3351150,287.55,7.8,1450,39150,1.0,-2e-06,0.0,1.4e-07,9.539647,13.642522,2023-08-01
20398,2023-08-01 11:10:00,19500.0,19724.65,844600,7356550,241.7,12.15,7300,109950,0.999999,-5.5e-05,9e-08,3.84e-06,10.78042,13.361421,2023-08-01
15143,2023-08-01 11:10:00,19550.0,19724.65,350650,3406600,197.15,17.9,10300,97750,0.999883,-0.000933,9.61e-06,5.578e-05,10.918293,12.911198,2023-08-01
9886,2023-08-01 11:10:00,19600.0,19724.65,2926550,9926550,156.7,27.0,45150,164650,0.994815,-0.011675,0.00030447,0.00054994,11.185879,12.645439,2023-08-01
4627,2023-08-01 11:10:00,19650.0,19724.65,2227700,4946600,119.15,39.45,52250,156500,0.939619,-0.08137,0.00246071,0.00278417,11.0935,12.33291,2023-08-01
1996,2023-08-01 11:10:00,19700.0,19724.65,9168500,9813150,86.65,57.1,198400,287100,0.70036,-0.317108,0.00720046,0.00668089,11.004734,12.158978,2023-08-01
7257,2023-08-01 11:10:00,19750.0,19724.65,8810350,4624300,59.65,80.3,292800,260200,0.302797,-0.679394,0.00731633,0.00677168,10.881704,12.051423,2023-08-01
12515,2023-08-01 11:10:00,19800.0,19724.65,17039050,5673800,39.4,109.85,390450,217500,0.059466,-0.919651,0.00247534,0.00280835,10.896873,12.110699,2023-08-01
17771,2023-08-01 11:10:00,19850.0,19724.65,6420350,983650,24.7,145.25,380600,47350,0.004744,-0.989146,0.00028805,0.00052885,10.923467,12.342229,2023-08-01
23025,2023-08-01 11:10:00,19900.0,19724.65,7665300,1019650,15.0,185.0,337300,24800,0.000165,-0.999136,1.31e-05,5.307e-05,11.04453,12.652755,2023-08-01
28278,2023-08-01 11:10:00,19950.0,19724.65,5090500,224050,8.7,229.35,96850,9250,3e-06,-0.999927,2.5e-07,5.01e-06,11.161903,13.411339,2023-08-01
25652,2023-08-01 11:11:00,19500.0,19727.65,844550,7382800,245.3,11.6,9350,151650,0.999999,-4e-05,1.3e-07,2.86e-06,11.164252,13.299104,2023-08-01
20399,2023-08-01 11:11:00,19550.0,19727.65,347450,3446150,200.7,17.1,8250,146950,0.999869,-0.000714,1.041e-05,4.398e-05,11.212072,12.834549,2023-08-01
15144,2023-08-01 11:11:00,19600.0,19727.65,2927850,9955800,159.15,25.8,58050,225100,0.995666,-0.009499,0.00025948,0.00046414,11.205011,12.540793,2023-08-01
9887,2023-08-01 11:11:00,19650.0,19727.65,2211500,4994600,121.4,37.9,57900,208400,0.946504,-0.071189,0.00223474,0.00254163,11.124067,12.224546,2023-08-01
4628,2023-08-01 11:11:00,19700.0,19727.65,9205600,9974250,88.65,54.95,303400,487300,0.721238,-0.294722,0.00694683,0.00656005,11.045201,12.00929,2023-08-01
1997,2023-08-01 11:11:00,19750.0,19727.65,8903050,4747700,61.15,77.8,305750,320550,0.324989,-0.661049,0.00754448,0.00702496,10.897208,11.900367,2023-08-01
7258,2023-08-01 11:11:00,19800.0,19727.65,16902850,5566850,40.35,107.05,477650,279600,0.066543,-0.914122,0.00271144,0.00299643,10.878017,11.954267,2023-08-01
12516,2023-08-01 11:11:00,19850.0,19727.65,6426450,982000,25.3,142.1,381350,56800,0.005491,-0.988686,0.00032955,0.00055791,10.893176,12.151618,2023-08-01
17772,2023-08-01 11:11:00,19900.0,19727.65,7643150,1027350,15.3,181.85,292200,32450,0.000191,-0.999121,1.511e-05,5.473e-05,10.992279,12.478111,2023-08-01
23026,2023-08-01 11:11:00,19950.0,19727.65,5062850,229350,8.8,225.1,114200,13950,3e-06,-0.999951,2.7e-07,3.61e-06,11.084795,12.931747,2023-08-01
28279,2023-08-01 11:11:00,20000.0,19727.65,7878650,522000,5.3,271.35,118050,5500,0.0,-0.999996,0.0,2.8e-07,11.418494,13.717799,2023-08-01
25653,2023-08-01 11:12:00,19500.0,19730.55,844550,7382800,247.05,11.35,6250,107300,1.0,-3.3e-05,4e-08,2.36e-06,10.721803,13.329586,2023-08-01
20400,2023-08-01 11:12:00,19550.0,19730.55,347450,3446150,202.3,16.75,2300,90600,0.999932,-0.000602,5.78e-06,3.752e-05,10.921319,12.86893,2023-08-01
15145,2023-08-01 11:12:00,19600.0,19730.55,2927850,9955800,161.2,25.2,79850,215200,0.996568,-0.008197,0.00021203,0.00040811,11.146146,12.556248,2023-08-01
9888,2023-08-01 11:12:00,19650.0,19730.55,2211500,4994600,122.85,37.1,71050,169800,0.954639,-0.064067,0.00198244,0.00234305,11.012055,12.245236,2023-08-01
4629,2023-08-01 11:12:00,19700.0,19730.55,9205600,9974250,89.85,53.9,384650,478950,0.743089,-0.276034,0.00673272,0.00635661,10.956758,12.034349,2023-08-01
1998,2023-08-01 11:12:00,19750.0,19730.55,8903050,4747700,61.95,76.15,258400,286450,0.345566,-0.64099,0.00781012,0.00720094,10.801903,11.877711,2023-08-01
7259,2023-08-01 11:12:00,19800.0,19730.55,16902850,5566850,41.0,105.25,430000,310250,0.073097,-0.905468,0.00293836,0.00322272,10.809937,11.957997,2023-08-01
12517,2023-08-01 11:12:00,19850.0,19730.55,6426450,982000,25.75,139.8,212700,34300,0.006197,-0.987351,0.00036954,0.00061766,10.83499,12.111783,2023-08-01
17773,2023-08-01 11:12:00,19900.0,19730.55,7643150,1027350,15.6,179.7,226250,48300,0.000221,-0.998937,1.737e-05,6.511e-05,10.942579,12.51587,2023-08-01
23027,2023-08-01 11:12:00,19950.0,19730.55,5062850,229350,9.05,222.45,154750,10950,3e-06,-0.999944,3.3e-07,4.06e-06,11.062727,12.882892,2023-08-01
28280,2023-08-01 11:12:00,20000.0,19730.55,7878650,522000,5.35,269.2,77650,9000,0.0,-0.999995,0.0,4e-07,11.345885,13.866095,2023-08-01
25654,2023-08-01 11:13:00,19500.0,19729.15,844550,7382800,245.25,11.35,11350,90300,1.0,-3.3e-05,2e-08,2.38e-06,10.472938,13.277224,2023-08-01
20401,2023-08-01 11:13:00,19550.0,19729.15,347450,3446150,201.25,16.7,14050,161500,0.999919,-0.000603,6.77e-06,3.788e-05,10.980941,12.796831,2023-08-01
15146,2023-08-01 11:13:00,19600.0,19729.15,2927850,9955800,159.55,25.3,68200,239150,0.996629,-0.008476,0.00021136,0.00042267,11.024378,12.510635,2023-08-01
9889,2023-08-01 11:13:00,19650.0,19729.15,2211500,4994600,121.6,37.35,78900,173150,0.952816,-0.066528,0.00205905,0.00242385,10.965177,12.212848,2023-08-01
4630,2023-08-01 11:13:00,19700.0,19729.15,9205600,9974250,88.85,54.45,381950,267250,0.734421,-0.284614,0.00687799,0.00646563,10.931759,12.032335,2023-08-01
1999,2023-08-01 11:13:00,19750.0,19729.15,8903050,4747700,61.35,77.15,283150,206300,0.33458,-0.650747,0.00771956,0.00711672,10.816102,11.924847,2023-08-01
7260,2023-08-01 11:13:00,19800.0,19729.15,16902850,5566850,40.55,106.2,436250,163550,0.068905,-0.910062,0.00281051,0.00310845,10.822193,11.972814,2023-08-01
12518,2023-08-01 11:13:00,19850.0,19729.15,6426450,982000,25.5,141.2,276700,32950,0.005711,-0.987877,0.00034362,0.00059275,10.859534,12.189792,2023-08-01
17774,2023-08-01 11:13:00,19900.0,19729.15,7643150,1027350,15.6,181.0,355200,34450,0.000208,-0.999008,1.638e-05,6.1e-05,11.006727,12.560572,2023-08-01
23028,2023-08-01 11:13:00,19950.0,19729.15,5062850,229350,9.1,224.7,178700,7600,3e-06,-0.99993,3.2e-07,4.93e-06,11.135841,13.182578,2023-08-01
28281,2023-08-01 11:13:00,20000.0,19729.15,7878650,522000,5.5,270.2,57150,3300,0.0,-0.999996,0.0,3.1e-07,11.46858,13.784153,2023-08-01
25655,2023-08-01 11:14:00,19500.0,19730.4,845350,7368800,246.4,11.1,6100,118750,1.0,-2.8e-05,2e-08,2.03e-06,10.465541,13.242439,2023-08-01
20402,2023-08-01 11:14:00,19550.0,19730.4,352200,3452150,202.1,16.4,5600,83050,0.999937,-0.000533,5.44e-06,3.392e-05,10.904771,12.771982,2023-08-01
15147,2023-08-01 11:14:00,19600.0,19730.4,2910950,9968250,160.7,24.9,21750,123100,0.996846,-0.007763,0.00019876,0.00039273,11.06167,12.486997,2023-08-01
9890,2023-08-01 11:14:00,19650.0,19730.4,2235350,5033350,122.2,36.65,47100,128200,0.956408,-0.06231,0.00194505,0.00231867,10.912213,12.156154,2023-08-01
4631,2023-08-01 11:14:00,19700.0,19730.4,9229200,9979700,89.45,53.6,186700,222550,0.743789,-0.275298,0.00677937,0.0064038,10.908348,11.976615,2023-08-01
2000,2023-08-01 11:14:00,19750.0,19730.4,8903850,4777850,61.85,75.9,202900,152750,0.343772,-0.643227,0.00782574,0.00724425,10.801402,11.826987,2023-08-01
7261,2023-08-01 11:14:00,19800.0,19730.4,16742500,5522050,40.85,104.7,228900,156150,0.071625,-0.908823,0.00290763,0.00317875,10.797222,11.849856,2023-08-01
12519,2023-08-01 11:14:00,19850.0,19730.4,6568350,993600,25.65,139.5,327900,24050,0.005939,-0.988176,0.00035754,0.00058859,10.826445,12.035281,2023-08-01
17775,2023-08-01 11:14:00,19900.0,19730.4,7650400,1036900,15.6,179.4,143800,18150,0.00021,-0.999065,1.661e-05,5.852e-05,10.953074,12.421876,2023-08-01
23029,2023-08-01 11:14:00,19950.0,19730.4,5040850,232100,9.1,222.6,119950,17850,3e-06,-0.999948,3.2e-07,3.84e-06,11.089609,12.891454,2023-08-01
28282,2023-08-01 11:14:00,20000.0,19730.4,7857150,523700,5.45,268.7,48550,2800,0.0,-0.999997,0.0,2.8e-07,11.403472,13.650316,2023-08-01
25656,2023-08-01 11:15:00,19500.0,19735.55,845350,7368800,249.45,10.5,13150,166600,1.0,-1.8e-05,0.0,1.35e-06,9.316175,13.233251,2023-08-01
20403,2023-08-01 11:15:00,19550.0,19735.55,352200,3452150,204.15,15.55,9000,202800,0.999991,-0.00037,8.9e-07,2.423e-05,10.016648,12.76139,2023-08-01
15148,2023-08-01 11:15:00,19600.0,19735.55,2910950,9968250,162.2,23.7,64300,298650,0.998749,-0.005837,9.144e-05,0.00030608,10.405202,12.475392,2023-08-01
9891,2023-08-01 11:15:00,19650.0,19735.55,2235350,5033350,123.85,35.3,79350,294950,0.970735,-0.051485,0.00145923,0.00199171,10.511667,12.197305,2023-08-01
4632,2023-08-01 11:15:00,19700.0,19735.55,9229200,9979700,90.5,51.8,402450,647050,0.785414,-0.243769,0.00636423,0.0060003,10.553339,12.023709,2023-08-01
2001,2023-08-01 11:15:00,19750.0,19735.55,8903850,4777850,62.5,73.95,328950,486950,0.381365,-0.604535,0.00835689,0.00742361,10.496178,11.939635,2023-08-01
7262,2023-08-01 11:15:00,19800.0,19735.55,16742500,5522050,41.4,102.7,396150,362850,0.082734,-0.887855,0.00332153,0.00363975,10.564306,12.054004,2023-08-01
12520,2023-08-01 11:15:00,19850.0,19735.55,6568350,993600,25.95,137.25,209350,67950,0.006969,-0.983012,0.00042073,0.00078765,10.617057,12.309942,2023-08-01
17776,2023-08-01 11:15:00,19900.0,19735.55,7650400,1036900,15.8,177.2,211050,46400,0.000248,-0.99826,1.978e-05,0.00010008,10.775548,12.842878,2023-08-01
23030,2023-08-01 11:15:00,19950.0,19735.55,5040850,232100,9.15,220.0,132200,17600,4e-06,-0.999873,3.6e-07,8.54e-06,10.909696,13.374461,2023-08-01
28283,2023-08-01 11:15:00,20000.0,19735.55,7857150,523700,5.45,266.3,69800,7800,0.0,-0.999987,0.0,9.5e-07,11.228416,14.359183,2023-08-01
25657,2023-08-01 11:16:00,19500.0,19737.3,845350,7368800,252.0,10.05,13950,193600,1.0,-1.3e-05,0.0,1.03e-06,9.937484,13.140661,2023-08-01
20404,2023-08-01 11:16:00,19550.0,19737.3,352200,3452150,206.75,14.95,16000,196650,0.999986,-0.000294,1.39e-06,1.973e-05,10.403412,12.669193,2023-08-01
15149,2023-08-01 11:16:00,19600.0,19737.3,2910950,9968250,164.95,22.9,96400,275300,0.998523,-0.004963,0.00010328,0.00026748,10.738627,12.381958,2023-08-01
9892,2023-08-01 11:16:00,19650.0,19737.3,2235350,5033350,125.85,34.25,94350,286150,0.971764,-0.046428,0.00139972,0.00185232,10.657232,12.098,2023-08-01
4633,2023-08-01 11:16:00,19700.0,19737.3,9229200,9979700,92.2,50.3,476300,534750,0.794441,-0.230424,0.00615403,0.00589541,10.661658,11.887097,2023-08-01
2002,2023-08-01 11:16:00,19750.0,19737.3,8903850,4777850,64.05,72.15,493550,456800,0.396949,-0.592843,0.0083781,0.00758929,10.61,11.789701,2023-08-01
7263,2023-08-01 11:16:00,19800.0,19737.3,16742500,5522050,42.45,100.45,454100,322650,0.089696,-0.885757,0.00351191,0.00375771,10.634004,11.853294,2023-08-01
12521,2023-08-01 11:16:00,19850.0,19737.3,6568350,993600,26.7,135.0,171650,73950,0.007922,-0.983205,0.00046932,0.00079384,10.675285,12.118151,2023-08-01
17777,2023-08-01 11:16:00,19900.0,19737.3,7650400,1036900,16.25,174.0,258800,69200,0.00029,-0.99861,2.283e-05,8.439e-05,10.811072,12.43611,2023-08-01
23031,2023-08-01 11:16:00,19950.0,19737.3,5040850,232100,9.35,217.65,123200,18900,4e-06,-0.999892,4.1e-07,7.45e-06,10.911398,13.139199,2023-08-01
28284,2023-08-01 11:16:00,20000.0,19737.3,7857150,523700,5.55,263.1,48000,6650,0.0,-0.999993,1e-08,5.4e-07,11.217563,13.824172,2023-08-01
25658,2023-08-01 11:17:00,19500.0,19735.8,839800,7355500,248.5,10.5,8100,188850,1.0,-1.7e-05,0.0,1.27e-06,8.206026,13.246729,2023-08-01
20405,2023-08-01 11:17:00,19550.0,19735.8,349450,3459500,204.45,15.6,8300,129050,0.999992,-0.000356,8.6e-07,2.345e-05,10.05085,12.789657,2023-08-01
15150,2023-08-01 11:17:00,19600.0,19735.8,2878950,9882550,163.0,23.75,68800,238650,0.998631,-0.005689,9.821e-05,0.00029971,10.560663,12.502297,2023-08-01
9893,2023-08-01 11:17:00,19650.0,19735.8,2221800,4891700,124.15,35.45,65450,230400,0.971253,-0.050969,0.00143958,0.00197612,10.539423,12.243268,2023-08-01
4634,2023-08-01 11:17:00,19700.0,19735.8,9057000,9865950,90.85,51.95,395350,478950,0.787054,-0.24227,0.00633807,0.00598108,10.591152,12.06945,2023-08-01
2003,2023-08-01 11:17:00,19750.0,19735.8,8885050,4756000,62.9,74.0,323450,394150,0.383501,-0.602841,0.00836445,0.00744139,10.545573,11.971762,2023-08-01
7264,2023-08-01 11:17:00,19800.0,19735.8,16605550,5452000,41.55,102.75,377750,284000,0.08299,-0.88715,0.00333802,0.00365902,10.577953,12.091727,2023-08-01
12522,2023-08-01 11:17:00,19850.0,19735.8,6572350,974700,26.15,137.7,185700,52900,0.007022,-0.982279,0.00042397,0.00081175,10.647602,12.431864,2023-08-01
17778,2023-08-01 11:17:00,19900.0,19735.8,7615650,1036700,16.0,177.3,199900,55150,0.000253,-0.998213,2.015e-05,0.00010239,10.818273,12.91084,2023-08-01
23032,2023-08-01 11:17:00,19950.0,19735.8,5030250,236150,9.2,220.7,94600,5050,4e-06,-0.999842,3.5e-07,1.029e-05,10.920808,13.617295,2023-08-01
28285,2023-08-01 11:17:00,20000.0,19735.8,7850750,525600,5.55,266.95,74150,12100,0.0,-0.999982,0.0,1.23e-06,11.271296,14.631909,2023-08-01
25659,2023-08-01 11:18:00,19500.0,19737.1,839800,7355500,249.75,10.45,3300,77400,1.0,-1.5e-05,0.0,1.17e-06,8.186641,13.280529,2023-08-01
20406,2023-08-01 11:18:00,19550.0,19737.1,349450,3459500,204.95,15.45,7000,61600,0.999996,-0.000324,4.5e-07,2.147e-05,9.78641,12.804954,2023-08-01
15151,2023-08-01 11:18:00,19600.0,19737.1,2878950,9882550,162.85,23.7,40150,119650,0.999102,-0.005402,6.887e-05,0.00028556,10.249054,12.555909,2023-08-01
9894,2023-08-01 11:18:00,19650.0,19737.1,2221800,4891700,124.75,35.4,36450,100550,0.97407,-0.049018,0.00133203,0.001909,10.471598,12.308863,2023-08-01
4635,2023-08-01 11:18:00,19700.0,19737.1,9057000,9865950,91.2,51.95,211400,259000,0.79734,-0.235768,0.00621199,0.00586075,10.514779,12.158672,2023-08-01
2004,2023-08-01 11:18:00,19750.0,19737.1,8885050,4756000,63.25,73.95,192050,148050,0.393728,-0.592565,0.00848161,0.00744218,10.498804,12.072513,2023-08-01
7265,2023-08-01 11:18:00,19800.0,19737.1,16605550,5452000,41.9,102.6,255400,144750,0.086531,-0.880649,0.00345805,0.00378002,10.555951,12.202714,2023-08-01
12523,2023-08-01 11:18:00,19850.0,19737.1,6572350,974700,26.4,137.2,95500,15100,0.007408,-0.980776,0.00044608,0.00086618,10.630109,12.511341,2023-08-01
17779,2023-08-01 11:18:00,19900.0,19737.1,7615650,1036700,16.05,177.2,107500,23950,0.000259,-0.997826,2.075e-05,0.00012072,10.774103,13.1113,2023-08-01
23033,2023-08-01 11:18:00,19950.0,19737.1,5030250,236150,9.3,220.0,90250,4200,4e-06,-0.999815,3.7e-07,1.186e-05,10.906092,13.717676,2023-08-01
28286,2023-08-01 11:18:00,20000.0,19737.1,7850750,525600,5.55,266.2,50050,2000,0.0,-0.999978,0.0,1.47e-06,11.228315,14.748229,2023-08-01
25660,2023-08-01 11:19:00,19500.0,19738.5,839800,7355500,249.9,10.4,7450,113900,,-1.4e-05,,1.07e-06,0.0,13.317984,2023-08-01
20407,2023-08-01 11:19:00,19550.0,19738.5,349450,3459500,205.55,15.45,6700,80600,0.999998,-0.000306,2.1e-07,2.029e-05,9.504196,12.866158,2023-08-01
15152,2023-08-01 11:19:00,19600.0,19738.5,2878950,9882550,163.2,23.65,50300,178000,0.999375,-0.005115,5.045e-05,0.00027129,10.034659,12.614206,2023-08-01
9895,2023-08-01 11:19:00,19650.0,19738.5,2221800,4891700,124.8,35.2,52050,135200,0.978138,-0.046645,0.00117823,0.00183186,10.276062,12.351353,2023-08-01
4636,2023-08-01 11:19:00,19700.0,19738.5,9057000,9865950,91.45,51.65,269700,270350,0.808775,-0.228028,0.00606988,0.00574287,10.409098,12.203039,2023-08-01
2005,2023-08-01 11:19:00,19750.0,19738.5,8885050,4756000,63.35,73.55,309300,197200,0.404571,-0.581952,0.00863879,0.00747,10.401943,12.123282,2023-08-01
7266,2023-08-01 11:19:00,19800.0,19738.5,16605550,5452000,42.15,102.0,406350,281300,0.090067,-0.874909,0.00358544,0.00390032,10.509585,12.246307,2023-08-01
12524,2023-08-01 11:19:00,19850.0,19738.5,6572350,974700,26.45,136.85,144400,30200,0.007642,-0.978764,0.00046206,0.00093533,10.567053,12.630788,2023-08-01
17780,2023-08-01 11:19:00,19900.0,19738.5,7615650,1036700,16.15,176.05,134050,21650,0.000271,-0.997714,2.17e-05,0.00012675,10.737654,13.097699,2023-08-01
23034,2023-08-01 11:19:00,19950.0,19738.5,5030250,236150,9.3,219.55,76200,8600,4e-06,-0.999766,3.7e-07,1.466e-05,10.853474,13.900536,2023-08-01
28287,2023-08-01 11:19:00,20000.0,19738.5,7850750,525600,5.55,266.0,79750,4300,0.0,-0.999967,0.0,2.13e-06,11.18183,15.049726,2023-08-01
25661,2023-08-01 11:20:00,19500.0,19733.6,839000,7351050,244.55,11.0,17150,143750,,-2e-05,,1.52e-06,0.0,13.343376,2023-08-01
20408,2023-08-01 11:20:00,19550.0,19733.6,351300,3436450,200.0,16.3,7000,166700,0.999999,-0.000423,1.3e-07,2.741e-05,9.04536,12.893858,2023-08-01
15153,2023-08-01 11:20:00,19600.0,19733.6,2861700,9874750,158.6,24.8,73150,280100,0.999215,-0.006588,6.323e-05,0.0003398,9.903768,12.63328,2023-08-01
9896,2023-08-01 11:20:00,19650.0,19733.6,2206800,4906050,120.75,36.95,84700,180250,0.972952,-0.056779,0.00142395,0.0021372,10.189575,12.406025,2023-08-01
4637,2023-08-01 11:20:00,19700.0,19733.6,9050450,9925300,88.0,53.9,358100,459150,0.779569,-0.257645,0.00666309,0.00612229,10.340477,12.256759,2023-08-01
2006,2023-08-01 11:20:00,19750.0,19733.6,8903000,4781000,60.7,76.9,425950,398450,0.36215,-0.617009,0.00840441,0.0072294,10.367821,12.270768,2023-08-01
7267,2023-08-01 11:20:00,19800.0,19733.6,16584950,5406900,40.1,105.95,557100,389350,0.072637,-0.890346,0.00306553,0.00351269,10.473612,12.414191,2023-08-01
12525,2023-08-01 11:20:00,19850.0,19733.6,6596200,980300,25.15,141.15,242900,62000,0.005575,-0.981935,0.00035037,0.00080652,10.568393,12.79738,2023-08-01
17781,2023-08-01 11:20:00,19900.0,19733.6,7671400,1042750,15.35,181.1,226850,62050,0.000181,-0.997933,1.495e-05,0.00011355,10.758233,13.374397,2023-08-01
23035,2023-08-01 11:20:00,19950.0,19733.6,5070000,235500,8.9,225.1,119250,14450,2e-06,-0.999759,2.5e-07,1.469e-05,10.90849,14.285817,2023-08-01
28288,2023-08-01 11:20:00,20000.0,19733.6,7883950,527650,5.35,272.35,98950,8800,0.0,-0.999954,0.0,2.8e-06,11.256835,15.675729,2023-08-01
25662,2023-08-01 11:21:00,19500.0,19733.55,839000,7351050,247.15,10.75,13450,115500,1.0,-1.7e-05,0.0,1.33e-06,9.043108,13.256453,2023-08-01
20409,2023-08-01 11:21:00,19550.0,19733.55,351300,3436450,201.45,16.0,4350,123150,0.999996,-0.000383,4.8e-07,2.523e-05,9.686015,12.811577,2023-08-01
15154,2023-08-01 11:21:00,19600.0,19733.55,2861700,9874750,161.0,24.3,66800,246500,0.998549,-0.006123,0.0001047,0.00032196,10.532032,12.522283,2023-08-01
9897,2023-08-01 11:21:00,19650.0,19733.55,2206800,4906050,122.85,36.05,63700,229600,0.967957,-0.054073,0.00157658,0.00208914,10.614621,12.235865,2023-08-01
4638,2023-08-01 11:21:00,19700.0,19733.55,9050450,9925300,89.8,52.7,254850,464650,0.772857,-0.253991,0.0065898,0.00619286,10.656646,12.051236,2023-08-01
2007,2023-08-01 11:21:00,19750.0,19733.55,8903000,4781000,62.0,75.05,326350,365550,0.364225,-0.620572,0.00826222,0.00740894,10.5879,11.963597,2023-08-01
7268,2023-08-01 11:21:00,19800.0,19733.55,16584950,5406900,40.9,103.95,386600,295450,0.074846,-0.897478,0.00310008,0.00344919,10.618074,12.067306,2023-08-01
12526,2023-08-01 11:21:00,19850.0,19733.55,6596200,980300,25.7,138.85,137400,74900,0.005924,-0.985226,0.0003665,0.0007047,10.684092,12.354097,2023-08-01
17782,2023-08-01 11:21:00,19900.0,19733.55,7671400,1042750,15.6,178.6,189750,66850,0.000191,-0.99865,1.565e-05,8.054e-05,10.825943,12.814815,2023-08-01
23036,2023-08-01 11:21:00,19950.0,19733.55,5070000,235500,9.05,222.0,100100,30750,3e-06,-0.999897,2.6e-07,7.07e-06,10.964142,13.468954,2023-08-01
28289,2023-08-01 11:21:00,20000.0,19733.55,7883950,527650,5.4,269.15,51400,5550,0.0,-0.999985,0.0,1.02e-06,11.284701,14.71279,2023-08-01
25663,2023-08-01 11:22:00,19500.0,19733.7,839000,7351050,250.5,10.6,6950,88350,1.0,-1.6e-05,3e-08,1.21e-06,11.012419,13.211567,2023-08-01
20410,2023-08-01 11:22:00,19550.0,19733.7,351300,3436450,205.0,15.65,9150,104900,0.999962,-0.00034,3.4e-06,2.279e-05,10.925978,12.723468,2023-08-01
15155,2023-08-01 11:22:00,19600.0,19733.7,2861700,9874750,162.65,23.85,35350,201100,0.998034,-0.005685,0.00013353,0.00030429,10.910796,12.431565,2023-08-01
9898,2023-08-01 11:22:00,19650.0,19733.7,2206800,4906050,124.5,35.45,98250,153050,0.964611,-0.051946,0.00166659,0.00204495,10.918457,12.13305,2023-08-01
4639,2023-08-01 11:22:00,19700.0,19733.7,9050450,9925300,90.95,51.85,251150,361100,0.770448,-0.250298,0.00652991,0.00622606,10.840054,11.918581,2023-08-01
2008,2023-08-01 11:22:00,19750.0,19733.7,8903000,4781000,63.05,74.2,245850,246750,0.36716,-0.620957,0.00817529,0.00750039,10.75072,11.837763,2023-08-01
7269,2023-08-01 11:22:00,19800.0,19733.7,16584950,5406900,41.9,102.6,398550,247650,0.078088,-0.901477,0.00315869,0.00341803,10.784247,11.852564,2023-08-01
12527,2023-08-01 11:22:00,19850.0,19733.7,6596200,980300,26.4,137.4,158550,29500,0.00644,-0.986924,0.00039049,0.00064903,10.818874,12.09744,2023-08-01
17783,2023-08-01 11:22:00,19900.0,19733.7,7671400,1042750,16.1,177.1,162350,30700,0.000219,-0.998958,1.758e-05,6.526e-05,10.947344,12.504347,2023-08-01
23037,2023-08-01 11:22:00,19950.0,19733.7,5070000,235500,9.3,220.45,89300,5200,3e-06,-0.999935,2.9e-07,4.73e-06,11.045828,13.083142,2023-08-01
28290,2023-08-01 11:22:00,20000.0,19733.7,7883950,527650,5.5,266.2,43900,6550,0.0,-0.999996,0.0,3.2e-07,11.329583,13.805076,2023-08-01
25664,2023-08-01 11:23:00,19500.0,19734.65,837500,7378950,250.05,10.55,7950,48300,1.0,-1.4e-05,0.0,1.12e-06,10.306433,13.232289,2023-08-01
20411,2023-08-01 11:23:00,19550.0,19734.65,346600,3419700,204.95,15.6,4300,64300,0.999979,-0.00032,1.99e-06,2.153e-05,10.625877,12.751994,2023-08-01
15156,2023-08-01 11:23:00,19600.0,19734.65,2849050,9943650,163.1,23.8,48050,165950,0.998306,-0.005441,0.00011766,0.00029234,10.834525,12.468473,2023-08-01
9899,2023-08-01 11:23:00,19650.0,19734.65,2201750,5029700,124.65,35.35,42350,141500,0.967708,-0.050207,0.00156334,0.00198817,10.816231,12.169741,2023-08-01
4640,2023-08-01 11:23:00,19700.0,19734.65,9012350,10017550,91.05,51.8,238600,292200,0.778736,-0.245041,0.00645584,0.00613837,10.759703,11.976159,2023-08-01
2009,2023-08-01 11:23:00,19750.0,19734.65,8857050,4882500,63.25,73.95,208700,202950,0.374208,-0.613681,0.00827433,0.00753278,10.708745,11.877522,2023-08-01
7270,2023-08-01 11:23:00,19800.0,19734.65,16453750,5379250,41.9,102.7,281250,196000,0.079543,-0.896387,0.00322729,0.00351751,10.724784,11.971726,2023-08-01
12528,2023-08-01 11:23:00,19850.0,19734.65,6561450,955950,26.35,137.05,101750,16800,0.006476,-0.986042,0.00039532,0.00068436,10.760266,12.161507,2023-08-01
17784,2023-08-01 11:23:00,19900.0,19734.65,7692300,1061300,16.0,176.7,128150,29450,0.000212,-0.998844,1.722e-05,7.145e-05,10.881413,12.584558,2023-08-01
23038,2023-08-01 11:23:00,19950.0,19734.65,5063250,237200,9.3,219.7,102100,3850,3e-06,-0.999931,2.9e-07,4.99e-06,11.010835,13.098735,2023-08-01
28291,2023-08-01 11:23:00,20000.0,19734.65,7886450,523200,5.5,266.5,69650,11750,0.0,-0.999993,0.0,5.5e-07,11.298765,14.181346,2023-08-01
25665,2023-08-01 11:24:00,19500.0,19735.85,837500,7378950,249.5,10.55,4200,56200,1.0,-1.3e-05,0.0,1.05e-06,9.166231,13.28017,2023-08-01
20412,2023-08-01 11:24:00,19550.0,19735.85,346600,3419700,205.0,15.6,3400,59600,0.999991,-0.000303,9.7e-07,2.043e-05,10.261313,12.804972,2023-08-01
15157,2023-08-01 11:24:00,19600.0,19735.85,2849050,9943650,163.0,23.7,32750,160750,0.998804,-0.005138,8.794e-05,0.00027755,10.567502,12.506249,2023-08-01
9900,2023-08-01 11:24:00,19650.0,19735.85,2201750,5029700,124.75,35.25,45450,106700,0.971551,-0.048223,0.00143003,0.00192099,10.666743,12.220404,2023-08-01
4641,2023-08-01 11:24:00,19700.0,19735.85,9012350,10017550,91.3,51.7,247200,202750,0.788618,-0.238507,0.00634793,0.00602781,10.67794,12.041913,2023-08-01
2010,2023-08-01 11:24:00,19750.0,19735.85,8857050,4882500,63.1,73.65,203050,143300,0.382636,-0.60439,0.00844262,0.00756527,10.588364,11.929465,2023-08-01
7271,2023-08-01 11:24:00,19800.0,19735.85,16453750,5379250,41.95,102.25,301900,157850,0.081718,-0.891613,0.00332105,0.00362579,10.657565,12.02207,2023-08-01
12529,2023-08-01 11:24:00,19850.0,19735.85,6561450,955950,26.4,137.1,97750,25700,0.006642,-0.984191,0.00040706,0.0007525,10.708259,12.334801,2023-08-01
17785,2023-08-01 11:24:00,19900.0,19735.85,7692300,1061300,16.1,176.45,117650,25450,0.00022,-0.998622,1.791e-05,8.306e-05,10.854343,12.740761,2023-08-01
23039,2023-08-01 11:24:00,19950.0,19735.85,5063250,237200,9.35,219.95,98000,6200,3e-06,-0.999893,3e-07,7.37e-06,10.98301,13.439632,2023-08-01
28292,2023-08-01 11:24:00,20000.0,19735.85,7886450,523200,5.5,265.8,61050,3450,0.0,-0.999991,0.0,6.6e-07,11.259291,14.294983,2023-08-01
25666,2023-08-01 11:25:00,19500.0,19734.9,837500,7378950,250.2,10.6,5450,49000,1.0,-1.4e-05,0.0,1.07e-06,10.263851,13.263458,2023-08-01
20413,2023-08-01 11:25:00,19550.0,19734.9,346600,3419700,204.65,15.7,2900,43250,0.999986,-0.000312,1.38e-06,2.102e-05,10.446961,12.794131,2023-08-01
15158,2023-08-01 11:25:00,19600.0,19734.9,2849050,9943650,162.8,23.85,38600,181000,0.99856,-0.005295,0.00010302,0.00028591,10.714964,12.49541,2023-08-01
9901,2023-08-01 11:25:00,19650.0,19734.9,2201750,5029700,124.2,35.4,47000,105950,0.970064,-0.04941,0.00149079,0.00196658,10.696694,12.196825,2023-08-01
4642,2023-08-01 11:25:00,19700.0,19734.9,9012350,10017550,90.65,52.05,233300,242300,0.783183,-0.243792,0.00646136,0.00611427,10.668856,12.039006,2023-08-01
2011,2023-08-01 11:25:00,19750.0,19734.9,8857050,4882500,62.7,74.0,231500,202050,0.374527,-0.611982,0.00839395,0.0075525,10.601856,11.909762,2023-08-01
7272,2023-08-01 11:25:00,19800.0,19734.9,16453750,5379250,41.6,102.75,225500,157700,0.078234,-0.895728,0.00321925,0.00353687,10.660432,12.009668,2023-08-01
12530,2023-08-01 11:25:00,19850.0,19734.9,6561450,955950,26.2,137.4,98550,22600,0.006226,-0.98552,0.00038476,0.00070323,10.720731,12.26541,2023-08-01
17786,2023-08-01 11:25:00,19900.0,19734.9,7692300,1061300,15.9,177.0,147600,27850,0.000197,-0.998766,1.618e-05,7.547e-05,10.84884,12.698866,2023-08-01
23040,2023-08-01 11:25:00,19950.0,19734.9,5063250,237200,9.25,220.35,108150,3450,3e-06,-0.999913,2.6e-07,6.1e-06,10.987924,13.335027,2023-08-01
28293,2023-08-01 11:25:00,20000.0,19734.9,7886450,523200,5.45,267.0,93050,5550,0.0,-0.999991,0.0,6.9e-07,11.270059,14.413473,2023-08-01
25667,2023-08-01 11:26:00,19500.0,19739.05,836950,7386800,255.15,9.95,19550,123800,1.0,-9e-06,1e-08,6.8e-07,10.85028,13.190109,2023-08-01
20414,2023-08-01 11:26:00,19550.0,19739.05,345500,3426000,210.15,14.65,8150,116150,0.999974,-0.000202,2.36e-06,1.421e-05,11.079406,12.676153,2023-08-01
15159,2023-08-01 11:26:00,19600.0,19739.05,2845650,9991500,167.6,22.35,105250,356650,0.998557,-0.003811,0.00010011,0.00021589,11.066817,12.358818,2023-08-01
9902,2023-08-01 11:26:00,19650.0,19739.05,2194300,5049400,128.05,33.2,96900,206000,0.974206,-0.039149,0.00129904,0.00165817,10.863029,12.01167,2023-08-01
4643,2023-08-01 11:26:00,19700.0,19739.05,8939000,10069900,94.2,49.05,475200,643250,0.805714,-0.214214,0.00596887,0.00580886,10.840378,11.806076,2023-08-01
2012,2023-08-01 11:26:00,19750.0,19739.05,8860550,4920050,65.25,70.25,443400,381050,0.410304,-0.582383,0.00856051,0.00789155,10.683164,11.636131,2023-08-01
7273,2023-08-01 11:26:00,19800.0,19739.05,16412350,5397400,43.2,98.35,434750,402800,0.092172,-0.887073,0.00364432,0.00385479,10.667956,11.691133,2023-08-01
12531,2023-08-01 11:26:00,19850.0,19739.05,6557200,950850,27.25,131.85,184900,60100,0.007851,-0.986039,0.00047353,0.00071161,10.709236,11.767026,2023-08-01
17787,2023-08-01 11:26:00,19900.0,19739.05,7733250,1060800,16.55,171.35,187550,103400,0.000261,-0.99899,2.113e-05,6.571e-05,10.824901,12.161804,2023-08-01
23041,2023-08-01 11:26:00,19950.0,19739.05,5084350,235750,9.5,214.0,128950,20600,3e-06,-0.999956,3.3e-07,3.46e-06,10.912263,12.554151,2023-08-01
28294,2023-08-01 11:26:00,20000.0,19739.05,7909100,519600,5.55,260.0,83850,8700,0.0,-0.999998,0.0,2.1e-07,11.176209,13.311555,2023-08-01
25668,2023-08-01 11:27:00,19500.0,19738.85,836950,7386800,253.0,10.05,70150,110200,1.0,-9e-06,0.0,7e-07,9.653324,13.220942,2023-08-01
20415,2023-08-01 11:27:00,19550.0,19738.85,345500,3426000,207.95,14.9,6400,94650,0.999993,-0.000214,7.7e-07,1.491e-05,10.363862,12.740892,2023-08-01
15160,2023-08-01 11:27:00,19600.0,19738.85,2845650,9991500,165.9,22.75,71450,198600,0.998993,-0.003999,7.474e-05,0.00022439,10.683807,12.442218,2023-08-01
9903,2023-08-01 11:27:00,19650.0,19738.85,2194300,5049400,126.85,33.75,61050,212750,0.976379,-0.040378,0.00123269,0.00169033,10.654928,12.107913,2023-08-01
4644,2023-08-01 11:27:00,19700.0,19738.85,8939000,10069900,92.95,49.85,390600,397850,0.809237,-0.217348,0.00602168,0.00580827,10.647735,11.931684,2023-08-01
2013,2023-08-01 11:27:00,19750.0,19738.85,8860550,4920050,64.4,71.4,352900,271150,0.407341,-0.582912,0.00866157,0.00778872,10.561731,11.810781,2023-08-01
7274,2023-08-01 11:27:00,19800.0,19738.85,16412350,5397400,42.7,99.5,463750,348700,0.089528,-0.884825,0.00359779,0.00385886,10.596909,11.868381,2023-08-01
12532,2023-08-01 11:27:00,19850.0,19738.85,6557200,950850,26.95,133.8,185300,56500,0.007429,-0.983976,0.00045396,0.00077983,10.662598,12.11325,2023-08-01
17788,2023-08-01 11:27:00,19900.0,19738.85,7733250,1060800,16.35,172.55,139600,51650,0.000239,-0.998811,1.955e-05,7.5e-05,10.786497,12.397979,2023-08-01
23042,2023-08-01 11:27:00,19950.0,19738.85,5084350,235750,9.4,215.7,123200,6800,3e-06,-0.999928,3e-07,5.26e-06,10.888508,12.977653,2023-08-01
28295,2023-08-01 11:27:00,20000.0,19738.85,7909100,519600,5.6,262.45,58350,7850,0.0,-0.999993,0.0,5.5e-07,11.208614,14.067245,2023-08-01
25669,2023-08-01 11:28:00,19500.0,19738.6,836950,7386800,253.3,9.9,5600,90650,1.0,-8e-06,0.0,6.3e-07,10.025262,13.158764,2023-08-01
20416,2023-08-01 11:28:00,19550.0,19738.6,345500,3426000,208.6,14.65,2800,122450,0.999987,-0.000194,1.29e-06,1.377e-05,10.685956,12.660999,2023-08-01
15161,2023-08-01 11:28:00,19600.0,19738.6,2845650,9991500,166.45,22.3,45150,190150,0.998794,-0.003714,8.681e-05,0.00021234,10.877169,12.329464,2023-08-01
9904,2023-08-01 11:28:00,19650.0,19738.6,2194300,5049400,127.35,33.45,54950,117650,0.974836,-0.039621,0.00128591,0.00167769,10.79369,12.038126,2023-08-01
4645,2023-08-01 11:28:00,19700.0,19738.6,8939000,10069900,93.0,49.35,246850,306550,0.807362,-0.216404,0.00604897,0.00585516,10.685502,11.830918,2023-08-01
2014,2023-08-01 11:28:00,19750.0,19738.6,8860550,4920050,64.45,70.9,205400,181000,0.405237,-0.585784,0.00864307,0.00786006,10.592681,11.709494,2023-08-01
7275,2023-08-01 11:28:00,19800.0,19738.6,16412350,5397400,42.85,98.9,241150,199100,0.08908,-0.888776,0.0035769,0.00381256,10.641162,11.741407,2023-08-01
12533,2023-08-01 11:28:00,19850.0,19738.6,6557200,950850,26.9,133.3,141100,31550,0.007239,-0.985224,0.00044439,0.00073663,10.668062,11.98603,2023-08-01
17789,2023-08-01 11:28:00,19900.0,19738.6,7733250,1060800,16.45,172.4,142400,27550,0.000239,-0.998925,1.949e-05,6.899e-05,10.82449,12.321566,2023-08-01
23043,2023-08-01 11:28:00,19950.0,19738.6,5084350,235750,9.45,215.95,88150,3750,3e-06,-0.999931,2.9e-07,5.09e-06,10.91694,12.98964,2023-08-01
28296,2023-08-01 11:28:00,20000.0,19738.6,7909100,519600,5.6,262.0,51250,13550,0.0,-0.999995,0.0,4e-07,11.219211,13.851894,2023-08-01
25670,2023-08-01 11:29:00,19500.0,19740.4,867650,7385900,255.2,9.75,15950,132350,1.0,-7e-06,0.0,5.4e-07,10.150706,13.173497,2023-08-01
20417,2023-08-01 11:29:00,19550.0,19740.4,343750,3419350,209.55,14.4,4850,106200,0.999993,-0.000167,7.1e-07,1.198e-05,10.446478,12.666496,2023-08-01
15162,2023-08-01 11:29:00,19600.0,19740.4,2828800,9965050,167.1,21.95,80600,226400,0.999155,-0.003309,6.4e-05,0.00019171,10.668183,12.336852,2023-08-01
9905,2023-08-01 11:29:00,19650.0,19740.4,2174750,5075150,127.75,32.8,72650,133450,0.979077,-0.036121,0.00112194,0.00156186,10.610909,12.014514,2023-08-01
4646,2023-08-01 11:29:00,19700.0,19740.4,8844950,10117650,93.85,48.6,282500,513400,0.81957,-0.205392,0.00584514,0.00569356,10.639738,11.82311,2023-08-01
2015,2023-08-01 11:29:00,19750.0,19740.4,8853500,4941150,65.15,69.85,264750,238050,0.420438,-0.571903,0.00876175,0.00794808,10.560343,11.684991,2023-08-01
7276,2023-08-01 11:29:00,19800.0,19740.4,16382600,5394500,43.3,97.85,402750,313750,0.094403,-0.88209,0.00375531,0.00397934,10.601833,11.749751,2023-08-01
12534,2023-08-01 11:29:00,19850.0,19740.4,6591400,962550,27.2,131.85,120700,38900,0.007791,-0.984264,0.00047669,0.00078127,10.632117,11.95269,2023-08-01
17790,2023-08-01 11:29:00,19900.0,19740.4,7813150,1044150,16.6,170.85,152100,57900,0.000255,-0.998847,2.089e-05,7.385e-05,10.781381,12.291793,2023-08-01
23044,2023-08-01 11:29:00,19950.0,19740.4,5093950,230500,9.6,213.9,117600,7850,3e-06,-0.999936,3.3e-07,4.82e-06,10.898271,12.845311,2023-08-01
28297,2023-08-01 11:29:00,20000.0,19740.4,7898950,506350,5.65,260.65,37400,16300,0.0,-0.999994,0.0,4.8e-07,11.182046,13.927652,2023-08-01
25671,2023-08-01 11:30:00,19500.0,19740.55,867650,7385900,253.85,9.8,19900,155400,1.0,-6e-06,0.0,5.3e-07,9.031343,13.19957,2023-08-01
20418,2023-08-01 11:30:00,19550.0,19740.55,343750,3419350,207.7,14.6,8850,145100,0.999999,-0.000173,1.4e-07,1.231e-05,9.653524,12.732239,2023-08-01
15163,2023-08-01 11:30:00,19600.0,19740.55,2828800,9965050,166.2,22.15,81100,262650,0.99938,-0.003345,4.941e-05,0.00019312,10.403773,12.391803,2023-08-01
9906,2023-08-01 11:30:00,19650.0,19740.55,2174750,5075150,127.0,33.15,98000,212550,0.981065,-0.036513,0.00105,0.00156884,10.438593,12.092132,2023-08-01
4647,2023-08-01 11:30:00,19700.0,19740.55,8844950,10117650,93.15,49.1,424200,550800,0.824019,-0.205986,0.00584052,0.00566835,10.503659,11.920718,2023-08-01
2016,2023-08-01 11:30:00,19750.0,19740.55,8853500,4941150,64.75,70.6,464000,357500,0.420997,-0.570051,0.00884649,0.00787865,10.483875,11.822378,2023-08-01
7277,2023-08-01 11:30:00,19800.0,19740.55,16382600,5394500,42.95,98.85,547200,336300,0.093071,-0.878264,0.00374794,0.00401438,10.533639,11.937148,2023-08-01
12535,2023-08-01 11:30:00,19850.0,19740.55,6591400,962550,27.05,133.2,197550,47500,0.007581,-0.982304,0.00046789,0.00084602,10.596311,12.229422,2023-08-01
17791,2023-08-01 11:30:00,19900.0,19740.55,7813150,1044150,16.5,172.15,178650,68600,0.000243,-0.998534,2.003e-05,8.99e-05,10.751848,12.607809,2023-08-01
23045,2023-08-01 11:30:00,19950.0,19740.55,5093950,230500,9.6,215.9,102500,6550,3e-06,-0.99988,3.2e-07,8.33e-06,10.89427,13.412792,2023-08-01
28298,2023-08-01 11:30:00,20000.0,19740.55,7898950,506350,5.6,262.25,59950,16550,0.0,-0.999987,0.0,9.2e-07,11.155365,14.47151,2023-08-01
25672,2023-08-01 11:31:00,19500.0,19739.75,867650,7385900,254.3,9.8,12300,114500,1.0,-6e-06,0.0,5.3e-07,9.974844,13.17138,2023-08-01
20419,2023-08-01 11:31:00,19550.0,19739.75,343750,3419350,209.05,14.55,2650,103900,0.999993,-0.000169,7.5e-07,1.214e-05,10.483842,12.686219,2023-08-01
15164,2023-08-01 11:31:00,19600.0,19739.75,2828800,9965050,166.5,22.15,74050,250700,0.99916,-0.003363,6.398e-05,0.00019504,10.657159,12.355449,2023-08-01
9907,2023-08-01 11:31:00,19650.0,19739.75,2174750,5075150,127.65,33.1,61750,187800,0.977971,-0.036859,0.00116789,0.00159124,10.691779,12.039853,2023-08-01
4648,2023-08-01 11:31:00,19700.0,19739.75,8844950,10117650,93.4,49.15,290200,405850,0.816783,-0.209248,0.00592804,0.00575405,10.636609,11.877955,2023-08-01
2017,2023-08-01 11:31:00,19750.0,19739.75,8853500,4941150,64.85,70.65,286950,331100,0.414425,-0.576884,0.00876312,0.007907,10.569124,11.767052,2023-08-01
7278,2023-08-01 11:31:00,19800.0,19739.75,16382600,5394500,43.05,98.75,322900,249100,0.091133,-0.883874,0.00367274,0.00392324,10.605687,11.839337,2023-08-01
12536,2023-08-01 11:31:00,19850.0,19739.75,6591400,962550,27.2,132.9,148100,58000,0.007459,-0.984312,0.000459,0.00077505,10.671105,12.068163,2023-08-01
17792,2023-08-01 11:31:00,19900.0,19739.75,7813150,1044150,16.7,172.3,169650,43850,0.000246,-0.99874,2.014e-05,7.91e-05,10.839421,12.504519,2023-08-01
23046,2023-08-01 11:31:00,19950.0,19739.75,5093950,230500,9.6,214.8,80000,6150,3e-06,-0.999935,3e-07,4.82e-06,10.927595,12.943663,2023-08-01
28299,2023-08-01 11:31:00,20000.0,19739.75,7898950,506350,5.65,261.1,51300,4650,0.0,-0.999995,0.0,4.1e-07,11.208499,13.891189,2023-08-01
25673,2023-08-01 11:32:00,19500.0,19739.15,862000,7388000,253.0,9.9,5050,132350,1.0,-7e-06,0.0,5.4e-07,9.459297,13.187425,2023-08-01
20420,2023-08-01 11:32:00,19550.0,19739.15,340600,3375600,208.5,14.7,8650,91250,0.999993,-0.000175,7.6e-07,1.256e-05,10.482673,12.7059,2023-08-01
15165,2023-08-01 11:32:00,19600.0,19739.15,2812450,9917900,166.25,22.35,24450,185050,0.999082,-0.003467,6.912e-05,0.00020055,10.722422,12.374405,2023-08-01
9908,2023-08-01 11:32:00,19650.0,19739.15,2170500,5040400,126.95,33.4,36050,124950,0.97798,-0.037838,0.00117547,0.00162563,10.642041,12.066017,2023-08-01
4649,2023-08-01 11:32:00,19700.0,19739.15,8767050,10169000,93.1,49.5,179000,293100,0.813349,-0.212673,0.00600103,0.00581073,10.651808,11.899878,2023-08-01
2018,2023-08-01 11:32:00,19750.0,19739.15,8851150,4945750,64.75,71.05,223700,240450,0.409266,-0.581684,0.00872663,0.00789199,10.604552,11.785553,2023-08-01
7279,2023-08-01 11:32:00,19800.0,19739.15,16469200,5423050,43.0,99.3,280400,193200,0.089158,-0.886052,0.00360994,0.00386809,10.638617,11.872802,2023-08-01
12537,2023-08-01 11:32:00,19850.0,19739.15,6677300,971400,27.2,133.55,122150,32000,0.007242,-0.984638,0.00044671,0.00075998,10.705455,12.112988,2023-08-01
17793,2023-08-01 11:32:00,19900.0,19739.15,7872600,1049800,16.55,172.6,135150,29550,0.000225,-0.998846,1.864e-05,7.333e-05,10.831777,12.468301,2023-08-01
23047,2023-08-01 11:32:00,19950.0,19739.15,5113100,231000,9.55,215.0,99200,2800,3e-06,-0.999946,2.7e-07,4.11e-06,10.936406,12.861657,2023-08-01
28300,2023-08-01 11:32:00,20000.0,19739.15,7903450,506600,5.65,262.0,63500,5650,0.0,-0.999994,0.0,4.4e-07,11.231291,14.013075,2023-08-01
25674,2023-08-01 11:33:00,19500.0,19739.4,862000,7388000,253.7,10.05,13250,169700,1.0,-7e-06,0.0,5.6e-07,9.801388,13.253648,2023-08-01
20421,2023-08-01 11:33:00,19550.0,19739.4,340600,3375600,208.4,14.8,7900,147200,0.999995,-0.000175,5.8e-07,1.252e-05,10.364362,12.746865,2023-08-01
15166,2023-08-01 11:33:00,19600.0,19739.4,2812450,9917900,166.05,22.45,74400,281750,0.999205,-0.003441,6.13e-05,0.00019904,10.620885,12.411046,2023-08-01
9909,2023-08-01 11:33:00,19650.0,19739.4,2170500,5040400,127.1,33.55,92000,256550,0.978533,-0.037667,0.00115336,0.00161705,10.637486,12.110516,2023-08-01
4650,2023-08-01 11:33:00,19700.0,19739.4,8767050,10169000,93.0,49.75,401000,570200,0.816286,-0.211937,0.00597845,0.00578136,10.609429,11.961119,2023-08-01
2019,2023-08-01 11:33:00,19750.0,19739.4,8851150,4945750,64.75,71.15,374300,373000,0.411086,-0.579637,0.00876974,0.00789117,10.585782,11.824073,2023-08-01
7280,2023-08-01 11:33:00,19800.0,19739.4,16469200,5423050,42.8,99.7,508550,320050,0.088592,-0.883708,0.00361707,0.00390129,10.589595,11.968459,2023-08-01
12538,2023-08-01 11:33:00,19850.0,19739.4,6677300,971400,27.15,133.85,215200,60300,0.007151,-0.983987,0.00044357,0.00078327,10.683975,12.204613,2023-08-01
17794,2023-08-01 11:33:00,19900.0,19739.4,7872600,1049800,16.6,172.15,279250,64750,0.000225,-0.998904,1.86e-05,7.043e-05,10.834613,12.412775,2023-08-01
23048,2023-08-01 11:33:00,19950.0,19739.4,5113100,231000,9.6,215.15,156750,8200,3e-06,-0.99994,2.7e-07,4.52e-06,10.945144,12.961187,2023-08-01
28301,2023-08-01 11:33:00,20000.0,19739.4,7903450,506600,5.6,261.0,93600,9050,0.0,-0.999996,0.0,3.1e-07,11.201077,13.760216,2023-08-01
25675,2023-08-01 11:34:00,19500.0,19737.95,862000,7388000,252.7,10.05,3500,77300,1.0,-7e-06,0.0,5.6e-07,10.060025,13.200649,2023-08-01
20422,2023-08-01 11:34:00,19550.0,19737.95,340600,3375600,206.85,14.9,4650,65150,0.999995,-0.000182,5.5e-07,1.308e-05,10.275304,12.716121,2023-08-01
15167,2023-08-01 11:34:00,19600.0,19737.95,2812450,9917900,165.35,22.65,31300,128500,0.999013,-0.003627,7.404e-05,0.00020948,10.749714,12.38891,2023-08-01
9910,2023-08-01 11:34:00,19650.0,19737.95,2170500,5040400,126.3,33.9,34900,108600,0.976466,-0.039609,0.00124262,0.00169004,10.692683,12.098517,2023-08-01
4651,2023-08-01 11:34:00,19700.0,19737.95,8767050,10169000,92.4,50.1,201350,252750,0.806752,-0.219281,0.0061496,0.00592697,10.664372,11.926085,2023-08-01
2020,2023-08-01 11:34:00,19750.0,19737.95,8851150,4945750,64.3,72.0,249600,156300,0.398638,-0.591081,0.00868187,0.00784339,10.633763,11.846914,2023-08-01
7281,2023-08-01 11:34:00,19800.0,19737.95,16469200,5423050,42.7,100.45,279000,114950,0.084609,-0.89016,0.00347615,0.00376017,10.669694,11.948083,2023-08-01
12539,2023-08-01 11:34:00,19850.0,19737.95,6677300,971400,27.05,134.65,107350,23600,0.006693,-0.985529,0.00041697,0.00072197,10.744325,12.164543,2023-08-01
17795,2023-08-01 11:34:00,19900.0,19737.95,7872600,1049800,16.55,173.85,118750,21800,0.000207,-0.998914,1.721e-05,6.925e-05,10.890244,12.540568,2023-08-01
23049,2023-08-01 11:34:00,19950.0,19737.95,5113100,231000,9.6,217.1,115600,4700,2e-06,-0.999934,2.5e-07,4.89e-06,11.003977,13.160398,2023-08-01
28302,2023-08-01 11:34:00,20000.0,19737.95,7903450,506600,5.7,263.2,61000,8200,0.0,-0.999995,0.0,4e-07,11.300297,14.063208,2023-08-01
25676,2023-08-01 11:35:00,19500.0,19735.45,860900,7379950,250.3,10.35,8450,95200,1.0,-8e-06,0.0,6.7e-07,10.047131,13.215525,2023-08-01
20423,2023-08-01 11:35:00,19550.0,19735.45,341350,3363000,205.2,15.3,6200,97200,0.99999,-0.000214,1e-06,1.521e-05,10.496588,12.724968,2023-08-01
15168,2023-08-01 11:35:00,19600.0,19735.45,2799950,9979950,163.0,23.3,72200,183450,0.998913,-0.004191,8.158e-05,0.00023845,10.677271,12.417074,2023-08-01
9911,2023-08-01 11:35:00,19650.0,19735.45,2141000,5055600,124.4,34.8,56450,213300,0.973575,-0.044121,0.00137415,0.00184344,10.679769,12.131492,2023-08-01
4652,2023-08-01 11:35:00,19700.0,19735.45,8647800,10156950,91.05,51.35,262600,486600,0.790697,-0.234808,0.00644372,0.00614954,10.70053,11.973502,2023-08-01
2021,2023-08-01 11:35:00,19750.0,19735.45,8722300,5006450,63.1,73.55,296650,365650,0.376929,-0.610357,0.00855439,0.00772863,10.643074,11.897292,2023-08-01
7282,2023-08-01 11:35:00,19800.0,19735.45,16290750,5381700,41.8,102.3,335050,372300,0.075984,-0.898679,0.00320926,0.0035379,10.67901,12.005497,2023-08-01
12540,2023-08-01 11:35:00,19850.0,19735.45,6677400,977850,26.45,137.0,153200,58350,0.005695,-0.986707,0.00036161,0.00066629,10.760729,12.277861,2023-08-01
17796,2023-08-01 11:35:00,19900.0,19735.45,7897950,1049350,16.2,176.0,172850,49250,0.000169,-0.999062,1.423e-05,6.048e-05,10.91847,12.58459,2023-08-01
23050,2023-08-01 11:35:00,19950.0,19735.45,5094450,230750,9.4,218.2,92450,9450,2e-06,-0.999962,2e-07,2.94e-06,11.036528,12.885191,2023-08-01
28303,2023-08-01 11:35:00,20000.0,19735.45,7894300,496350,5.6,265.0,93350,7050,0.0,-0.999997,0.0,2.6e-07,11.342015,13.934603,2023-08-01
25677,2023-08-01 11:36:00,19500.0,19734.55,860900,7379950,249.95,10.3,21300,72650,1.0,-8e-06,0.0,6.5e-07,10.350808,13.165251,2023-08-01
20424,2023-08-01 11:36:00,19550.0,19734.55,341350,3363000,205.0,15.35,4200,76700,0.999985,-0.000217,1.48e-06,1.545e-05,10.711127,12.702555,2023-08-01
15169,2023-08-01 11:36:00,19600.0,19734.55,2799950,9979950,162.4,23.35,48800,163950,0.998822,-0.004257,8.772e-05,0.00024297,10.713862,12.386441,2023-08-01
9912,2023-08-01 11:36:00,19650.0,19734.55,2141000,5055600,124.0,35.05,46700,174950,0.971974,-0.045443,0.00143935,0.00189216,10.732014,12.129781,2023-08-01
4653,2023-08-01 11:36:00,19700.0,19734.55,8647800,10156950,90.25,51.55,261100,437400,0.786195,-0.239467,0.0065635,0.00624295,10.660177,11.948344,2023-08-01
2022,2023-08-01 11:36:00,19750.0,19734.55,8722300,5006450,62.55,73.9,286250,285550,0.368779,-0.617711,0.00852576,0.00771263,10.627615,11.881572,2023-08-01
7283,2023-08-01 11:36:00,19800.0,19734.55,16290750,5381700,41.45,102.75,402750,258050,0.072689,-0.902611,0.00310936,0.00344908,10.678486,11.98953,2023-08-01
12541,2023-08-01 11:36:00,19850.0,19734.55,6677400,977850,26.2,137.6,171900,47600,0.005292,-0.987486,0.00033955,0.00063405,10.76048,12.272191,2023-08-01
17797,2023-08-01 11:36:00,19900.0,19734.55,7897950,1049350,16.05,177.25,151100,48550,0.000153,-0.99904,1.299e-05,6.128e-05,10.923383,12.708403,2023-08-01
23051,2023-08-01 11:36:00,19950.0,19734.55,5094450,230750,9.25,219.65,62750,10600,2e-06,-0.999957,1.7e-07,3.31e-06,11.022532,13.077503,2023-08-01
28304,2023-08-01 11:36:00,20000.0,19734.55,7894300,496350,5.5,265.3,120400,6700,0.0,-0.999998,0.0,1.9e-07,11.327461,13.769995,2023-08-01
25678,2023-08-01 11:37:00,19500.0,19732.45,860900,7379950,245.9,10.7,8950,94950,1.0,-1e-05,0.0,8e-07,8.955689,13.228269,2023-08-01
20425,2023-08-01 11:37:00,19550.0,19732.45,341350,3363000,201.0,15.85,9200,86350,0.999996,-0.000258,4.8e-07,1.812e-05,9.945697,12.753371,2023-08-01
15170,2023-08-01 11:37:00,19600.0,19732.45,2799950,9979950,159.5,24.1,76450,212250,0.998981,-0.004914,7.913e-05,0.0002753,10.42124,12.453176,2023-08-01
9913,2023-08-01 11:37:00,19650.0,19732.45,2141000,5055600,121.3,36.0,70350,188200,0.971832,-0.05006,0.00148042,0.00203884,10.501902,12.191544,2023-08-01
4654,2023-08-01 11:37:00,19700.0,19732.45,8647800,10156950,88.5,52.9,377800,511450,0.774268,-0.253896,0.0068364,0.00640872,10.582377,12.036853,2023-08-01
2023,2023-08-01 11:37:00,19750.0,19732.45,8722300,5006450,61.2,75.7,372900,323550,0.350005,-0.632773,0.00843231,0.00755471,10.576528,12.003957,2023-08-01
7284,2023-08-01 11:37:00,19800.0,19732.45,16290750,5381700,40.3,104.95,397400,270700,0.06481,-0.907266,0.00286952,0.00329101,10.61502,12.147424,2023-08-01
12542,2023-08-01 11:37:00,19850.0,19732.45,6677400,977850,25.5,139.85,212100,58350,0.004455,-0.988084,0.00029265,0.00060184,10.732316,12.419707,2023-08-01
17798,2023-08-01 11:37:00,19900.0,19732.45,7897950,1049350,15.65,180.05,184550,75900,0.000123,-0.998984,1.063e-05,6.341e-05,10.918408,12.969023,2023-08-01
23052,2023-08-01 11:37:00,19950.0,19732.45,5094450,230750,9.1,223.95,95950,8750,1e-06,-0.999919,1.4e-07,5.65e-06,11.054475,13.764802,2023-08-01
28305,2023-08-01 11:37:00,20000.0,19732.45,7894300,496350,5.45,269.7,108600,8400,0.0,-0.999994,0.0,4.7e-07,11.37784,14.606109,2023-08-01
25679,2023-08-01 11:38:00,19500.0,19728.8,868300,7388900,245.7,10.7,9650,86200,1.0,-1e-05,2e-08,8.6e-07,10.947036,13.089479,2023-08-01
20426,2023-08-01 11:38:00,19550.0,19728.8,341850,3377450,201.0,15.85,3750,88050,0.999958,-0.000277,3.85e-06,1.969e-05,11.068605,12.598315,2023-08-01
15171,2023-08-01 11:38:00,19600.0,19728.8,2795800,10000900,160.0,24.15,48100,217700,0.997313,-0.005376,0.00017758,0.00030296,11.256973,12.286655,2023-08-01
9914,2023-08-01 11:38:00,19650.0,19728.8,2137650,5022400,121.75,35.95,44000,172950,0.958232,-0.054353,0.00194092,0.00222117,11.097931,11.974367,2023-08-01
4655,2023-08-01 11:38:00,19700.0,19728.8,8720550,10121200,88.55,53.25,350650,542650,0.741405,-0.274277,0.00711635,0.00678896,10.969635,11.846321,2023-08-01
2024,2023-08-01 11:38:00,19750.0,19728.8,8632650,4954450,61.45,75.75,256200,385600,0.324551,-0.664238,0.00795638,0.00751956,10.911117,11.703106,2023-08-01
7285,2023-08-01 11:38:00,19800.0,19728.8,16195150,5332350,40.5,105.2,330400,350500,0.05913,-0.925207,0.00261113,0.00288948,10.884967,11.798408,2023-08-01
12543,2023-08-01 11:38:00,19850.0,19728.8,6726400,968300,25.75,139.9,125450,68800,0.00411,-0.992526,0.00026688,0.00041799,10.977403,11.920185,2023-08-01
17799,2023-08-01 11:38:00,19900.0,19728.8,7907700,1055000,15.7,180.25,139850,49350,0.00011,-0.999547,9.45e-06,3.171e-05,11.096291,12.353071,2023-08-01
23053,2023-08-01 11:38:00,19950.0,19728.8,5092350,229000,9.2,225.05,119600,10400,1e-06,-0.999969,1.3e-07,2.43e-06,11.232334,13.22763,2023-08-01
28306,2023-08-01 11:38:00,20000.0,19728.8,7922750,489950,5.5,270.15,73200,4850,0.0,-0.999999,0.0,9e-08,11.52984,13.682936,2023-08-01
25680,2023-08-01 11:39:00,19500.0,19728.75,868300,7388900,244.0,10.9,9150,71550,1.0,-1.1e-05,0.0,9.1e-07,10.08511,13.158914,2023-08-01
20427,2023-08-01 11:39:00,19550.0,19728.75,341850,3377450,199.25,16.3,4450,54450,0.999983,-0.000306,1.7e-06,2.142e-05,10.511431,12.72057,2023-08-01
15172,2023-08-01 11:39:00,19600.0,19728.75,2795800,10000900,157.55,24.7,31700,193250,0.998342,-0.005697,0.00012095,0.00031655,10.68822,12.406888,2023-08-01
9915,2023-08-01 11:39:00,19650.0,19728.75,2137650,5022400,119.5,36.9,52550,142850,0.964214,-0.056695,0.00178303,0.00226793,10.67417,12.15092,2023-08-01
4656,2023-08-01 11:39:00,19700.0,19728.75,8720550,10121200,87.1,54.2,236400,457600,0.746128,-0.27685,0.00722143,0.00674434,10.729819,12.005516,2023-08-01
2025,2023-08-01 11:39:00,19750.0,19728.75,8632650,4954450,60.2,77.4,218800,274600,0.320689,-0.66144,0.0080829,0.0073896,10.710389,11.97318,2023-08-01
7286,2023-08-01 11:39:00,19800.0,19728.75,16195150,5332350,39.75,107.1,273300,313500,0.056464,-0.920167,0.00255332,0.00296084,10.758089,12.124986,2023-08-01
12544,2023-08-01 11:39:00,19850.0,19728.75,6726400,968300,25.15,142.45,121050,51200,0.003696,-0.990428,0.00024584,0.00049979,10.859228,12.414653,2023-08-01
17800,2023-08-01 11:39:00,19900.0,19728.75,7907700,1055000,15.4,182.65,99750,54100,9.7e-05,-0.999275,8.41e-06,4.694e-05,11.023281,12.901617,2023-08-01
23054,2023-08-01 11:39:00,19950.0,19728.75,5092350,229000,9.0,226.0,52500,8200,1e-06,-0.999959,1.1e-07,3.1e-06,11.166608,13.481685,2023-08-01
28307,2023-08-01 11:39:00,20000.0,19728.75,7922750,489950,5.4,272.0,38100,8350,0.0,-0.999997,0.0,2.2e-07,11.484828,14.302562,2023-08-01
25681,2023-08-01 11:40:00,19500.0,19731.6,868300,7388900,247.75,10.55,15150,126250,1.0,-8e-06,1e-08,6.9e-07,10.675936,13.14877,2023-08-01
20428,2023-08-01 11:40:00,19550.0,19731.6,341850,3377450,201.5,15.7,11400,121650,0.99999,-0.000234,1.07e-06,1.675e-05,10.416761,12.681197,2023-08-01
15173,2023-08-01 11:40:00,19600.0,19731.6,2795800,10000900,160.85,23.95,57300,361600,0.998364,-0.004711,0.00011707,0.00026834,10.931258,12.383645,2023-08-01
9916,2023-08-01 11:40:00,19650.0,19731.6,2137650,5022400,122.55,35.6,73750,213150,0.966839,-0.049064,0.00164755,0.00203941,10.87295,12.072745,2023-08-01
4657,2023-08-01 11:40:00,19700.0,19731.6,8720550,10121200,89.35,52.55,396250,626200,0.764812,-0.256096,0.00688435,0.00654117,10.822907,11.923991,2023-08-01
2026,2023-08-01 11:40:00,19750.0,19731.6,8632650,4954450,61.95,75.15,371400,433050,0.344603,-0.641904,0.00828364,0.0076399,10.774747,11.846008,2023-08-01
7287,2023-08-01 11:40:00,19800.0,19731.6,16195150,5332350,40.95,104.3,425650,394750,0.064247,-0.915018,0.00282248,0.00315568,10.789162,11.948757,2023-08-01
12545,2023-08-01 11:40:00,19850.0,19731.6,6726400,968300,25.9,139.45,149000,82750,0.004401,-0.990015,0.00028783,0.00052746,10.864186,12.229655,2023-08-01
17801,2023-08-01 11:40:00,19900.0,19731.6,7907700,1055000,16.0,179.0,153900,76000,0.000124,-0.999354,1.064e-05,4.34e-05,11.05128,12.583087,2023-08-01
23055,2023-08-01 11:40:00,19950.0,19731.6,5092350,229000,9.3,223.9,143000,6950,1e-06,-0.999945,1.4e-07,4e-06,11.162069,13.564875,2023-08-01
28308,2023-08-01 11:40:00,20000.0,19731.6,7922750,489950,5.6,268.6,97600,13000,0.0,-0.999998,0.0,1.7e-07,11.485212,14.007907,2023-08-01
25682,2023-08-01 11:41:00,19500.0,19735.45,877850,7383500,249.65,10.2,18800,57800,1.0,-6e-06,0.0,5.1e-07,9.640462,13.173602,2023-08-01
20429,2023-08-01 11:41:00,19550.0,19735.45,340500,3377300,205.0,15.15,13200,91450,0.999993,-0.000174,7.3e-07,1.274e-05,10.441792,12.694138,2023-08-01
15174,2023-08-01 11:41:00,19600.0,19735.45,2793750,10030950,163.0,23.15,61400,188500,0.999035,-0.003734,7.404e-05,0.00021824,10.692152,12.394154,2023-08-01
9917,2023-08-01 11:41:00,19650.0,19735.45,2152750,5103900,124.35,34.6,51650,136350,0.975021,-0.041766,0.00132754,0.00179056,10.683378,12.103831,2023-08-01
4658,2023-08-01 11:41:00,19700.0,19735.45,8697750,10156800,90.95,50.95,271350,331900,0.793708,-0.230938,0.00647471,0.00620257,10.695979,11.915104,2023-08-01
2027,2023-08-01 11:41:00,19750.0,19735.45,8605150,4966450,63.05,73.15,318600,223700,0.375286,-0.612406,0.00865078,0.00785468,10.646909,11.840814,2023-08-01
7288,2023-08-01 11:41:00,19800.0,19735.45,16076700,5276750,41.75,101.95,275850,217000,0.073361,-0.902597,0.00316413,0.00349695,10.682073,11.954481,2023-08-01
12546,2023-08-01 11:41:00,19850.0,19735.45,6713800,965750,26.5,136.5,130450,41450,0.005253,-0.988176,0.00034031,0.00061424,10.78233,12.190708,2023-08-01
17802,2023-08-01 11:41:00,19900.0,19735.45,7903750,1065450,16.25,175.8,116100,41000,0.000146,-0.999209,1.25e-05,5.252e-05,10.942538,12.547459,2023-08-01
23056,2023-08-01 11:41:00,19950.0,19735.45,5083500,228250,9.45,219.4,65250,4750,2e-06,-0.999953,1.6e-07,3.55e-06,11.064966,13.22318,2023-08-01
28309,2023-08-01 11:41:00,20000.0,19735.45,7905100,487750,5.6,265.0,49550,8500,0.0,-0.999998,0.0,2.1e-07,11.353733,13.941357,2023-08-01
25683,2023-08-01 11:42:00,19500.0,19740.2,877850,7383500,254.25,9.8,10650,110000,1.0,-4e-06,0.0,3.5e-07,9.684227,13.210099,2023-08-01
20430,2023-08-01 11:42:00,19550.0,19740.2,340500,3377300,208.5,14.55,7750,118450,0.999998,-0.000123,2.5e-07,9.2e-06,10.150588,12.725802,2023-08-01
15175,2023-08-01 11:42:00,19600.0,19740.2,2793750,10030950,166.5,22.1,52300,180600,0.999417,-0.002749,4.708e-05,0.00016614,10.588403,12.38531,2023-08-01
9918,2023-08-01 11:42:00,19650.0,19740.2,2152750,5103900,127.55,33.15,65050,171200,0.981384,-0.033525,0.00104276,0.00150054,10.629706,12.093498,2023-08-01
4659,2023-08-01 11:42:00,19700.0,19740.2,8697750,10156800,93.25,49.15,392700,462750,0.82611,-0.202264,0.00590156,0.0057503,10.584637,11.92609,2023-08-01
2028,2023-08-01 11:42:00,19750.0,19740.2,8605150,4966450,65.0,70.6,361350,281050,0.416267,-0.574998,0.00897299,0.0080713,10.578424,11.812948,2023-08-01
7289,2023-08-01 11:42:00,19800.0,19740.2,16076700,5276750,43.0,98.6,341500,249450,0.087212,-0.886973,0.00364496,0.00392768,10.588741,11.876776,2023-08-01
12547,2023-08-01 11:42:00,19850.0,19740.2,6713800,965750,27.3,132.95,124750,48800,0.006588,-0.98536,0.0004205,0.00074249,10.687574,12.153349,2023-08-01
17803,2023-08-01 11:42:00,19900.0,19740.2,7903750,1065450,16.65,172.3,163050,55450,0.000183,-0.998901,1.571e-05,7.094e-05,10.82758,12.597267,2023-08-01
23057,2023-08-01 11:42:00,19950.0,19740.2,5083500,228250,9.6,214.65,124550,7200,2e-06,-0.99995,1.9e-07,3.88e-06,10.930826,13.018806,2023-08-01
28310,2023-08-01 11:42:00,20000.0,19740.2,7905100,487750,5.65,261.0,47450,5550,0.0,-0.999996,0.0,3.1e-07,11.214072,13.99904,2023-08-01
25684,2023-08-01 11:43:00,19500.0,19743.2,877850,7383500,254.75,9.8,20000,79550,1.0,-4e-06,0.0,3.1e-07,5.530228,13.325293,2023-08-01
20431,2023-08-01 11:43:00,19550.0,19743.2,340500,3377300,209.55,14.5,12950,114250,1.0,-0.000108,3e-08,8.11e-06,9.428014,12.838999,2023-08-01
15176,2023-08-01 11:43:00,19600.0,19743.2,2793750,10030950,166.95,21.95,80250,283900,0.999773,-0.002429,2.076e-05,0.00014751,10.035816,12.495409,2023-08-01
9919,2023-08-01 11:43:00,19650.0,19743.2,2152750,5103900,127.7,32.9,80200,182450,0.987661,-0.030239,0.00076449,0.0013673,10.203994,12.212887,2023-08-01
4660,2023-08-01 11:43:00,19700.0,19743.2,8697750,10156800,93.7,48.7,485850,455750,0.849562,-0.187378,0.00551205,0.00544443,10.333029,12.048336,2023-08-01
2029,2023-08-01 11:43:00,19750.0,19743.2,8605150,4966450,65.3,70.2,522850,411350,0.442101,-0.550024,0.00927405,0.00804719,10.377206,11.99166,2023-08-01
7290,2023-08-01 11:43:00,19800.0,19743.2,16076700,5276750,43.1,98.05,472550,288300,0.094332,-0.871029,0.00393862,0.00424225,10.408223,12.090945,2023-08-01
12548,2023-08-01 11:43:00,19850.0,19743.2,6713800,965750,27.3,132.2,168150,78500,0.007082,-0.98128,0.000456,0.00089947,10.526245,12.406571,2023-08-01
17804,2023-08-01 11:43:00,19900.0,19743.2,7903750,1065450,16.65,171.2,200250,95550,0.000194,-0.9984,1.683e-05,9.809e-05,10.692004,12.865826,2023-08-01
23058,2023-08-01 11:43:00,19950.0,19743.2,5083500,228250,9.55,214.55,134250,5300,2e-06,-0.999876,2e-07,8.67e-06,10.797951,13.647908,2023-08-01
28311,2023-08-01 11:43:00,20000.0,19743.2,7905100,487750,5.65,260.9,46450,13200,0.0,-0.999987,0.0,9.7e-07,11.111371,14.771389,2023-08-01
25685,2023-08-01 11:44:00,19500.0,19748.0,887850,7391800,258.25,9.35,45950,154450,,-2e-06,,2e-07,0.0,13.337832,2023-08-01
20432,2023-08-01 11:44:00,19550.0,19748.0,337650,3403200,213.0,13.8,24600,176200,1.0,-7.3e-05,0.0,5.57e-06,8.907941,12.834811,2023-08-01
15177,2023-08-01 11:44:00,19600.0,19748.0,2780450,10049950,170.4,20.85,130900,376750,0.999891,-0.001731,1.063e-05,0.00010898,9.853898,12.465631,2023-08-01
9920,2023-08-01 11:44:00,19650.0,19748.0,2142100,5124050,130.95,31.45,183950,315400,0.991459,-0.023818,0.00056021,0.00112428,10.124006,12.19319,2023-08-01
4661,2023-08-01 11:44:00,19700.0,19748.0,8573450,10163300,96.15,46.75,620600,715950,0.877558,-0.161373,0.00484931,0.0049709,10.220958,12.024059,2023-08-01
2030,2023-08-01 11:44:00,19750.0,19748.0,8666900,4968700,67.0,67.55,638000,557000,0.486652,-0.511329,0.00950492,0.00816034,10.247484,11.937836,2023-08-01
7291,2023-08-01 11:44:00,19800.0,19748.0,16081700,5197650,44.45,94.95,623950,508750,0.112085,-0.85097,0.00451261,0.00470741,10.31697,12.047283,2023-08-01
12549,2023-08-01 11:44:00,19850.0,19748.0,6693950,952600,28.15,128.3,288900,100250,0.008922,-0.977729,0.00056496,0.00105355,10.429995,12.296308,2023-08-01
17805,2023-08-01 11:44:00,19900.0,19748.0,7880200,1038400,17.1,167.25,297750,109150,0.000249,-0.997987,2.146e-05,0.00012165,10.581346,12.808198,2023-08-01
23059,2023-08-01 11:44:00,19950.0,19748.0,5088900,228450,9.75,210.55,191200,11700,2e-06,-0.999834,2.5e-07,1.139e-05,10.675478,13.63476,2023-08-01
28312,2023-08-01 11:44:00,20000.0,19748.0,7883050,492050,5.75,256.75,113250,16550,0.0,-0.999982,0.0,1.29e-06,10.991346,14.763077,2023-08-01
25686,2023-08-01 11:45:00,19500.0,19752.7,887850,7391800,262.95,8.95,27500,255150,,-1e-06,,1.3e-07,0.0,13.359279,2023-08-01
20433,2023-08-01 11:45:00,19550.0,19752.7,337650,3403200,216.95,13.05,18150,157850,1.0,-4.7e-05,0.0,3.69e-06,8.615208,12.802874,2023-08-01
15178,2023-08-01 11:45:00,19600.0,19752.7,2780450,10049950,174.05,19.75,150600,479300,0.999946,-0.001212,5.61e-06,7.911e-05,9.732947,12.421584,2023-08-01
9921,2023-08-01 11:45:00,19650.0,19752.7,2142100,5124050,134.05,29.95,226950,383750,0.994318,-0.018451,0.00039598,0.0009109,10.01385,12.1491,2023-08-01
4662,2023-08-01 11:45:00,19700.0,19752.7,8573450,10163300,99.0,44.7,857800,981900,0.900263,-0.137455,0.00421151,0.00449599,10.180241,11.966996,2023-08-01
2031,2023-08-01 11:45:00,19750.0,19752.7,8666900,4968700,69.3,65.05,946400,794150,0.531449,-0.472849,0.00952879,0.0081919,10.215946,11.8926,2023-08-01
7292,2023-08-01 11:45:00,19800.0,19752.7,16081700,5197650,46.1,91.8,991000,509300,0.133229,-0.829698,0.00512535,0.00517712,10.275257,11.977807,2023-08-01
12550,2023-08-01 11:45:00,19850.0,19752.7,6693950,952600,29.05,125.1,370200,137900,0.011215,-0.972564,0.000697,0.00125745,10.342513,12.296311,2023-08-01
17806,2023-08-01 11:45:00,19900.0,19752.7,7880200,1038400,17.55,163.6,495700,102350,0.000317,-0.997415,2.722e-05,0.00015305,10.470954,12.791907,2023-08-01
23060,2023-08-01 11:45:00,19950.0,19752.7,5088900,228450,10.1,206.05,391100,14350,3e-06,-0.999811,3.4e-07,1.303e-05,10.602055,13.47209,2023-08-01
28313,2023-08-01 11:45:00,20000.0,19752.7,7883050,492050,5.85,251.9,104000,12100,0.0,-0.999982,0.0,1.32e-06,10.87305,14.52417,2023-08-01
25687,2023-08-01 11:46:00,19500.0,19750.9,887850,7391800,260.85,9.15,26400,241650,,-2e-06,,1.5e-07,0.0,13.372735,2023-08-01
20434,2023-08-01 11:46:00,19550.0,19750.9,337650,3403200,214.75,13.5,22200,176800,1.0,-5.6e-05,0.0,4.4e-06,8.293706,12.868114,2023-08-01
15179,2023-08-01 11:46:00,19600.0,19750.9,2780450,10049950,172.05,20.5,128100,304800,0.999949,-0.001441,5.36e-06,9.217e-05,9.600514,12.521124,2023-08-01
9922,2023-08-01 11:46:00,19650.0,19750.9,2142100,5124050,132.6,30.85,129050,312750,0.993708,-0.020637,0.00043491,0.00099708,10.003682,12.234429,2023-08-01
4663,2023-08-01 11:46:00,19700.0,19750.9,8573450,10163300,97.65,45.9,612050,625500,0.893569,-0.147151,0.00443687,0.00468079,10.153528,12.065045,2023-08-01
2032,2023-08-01 11:46:00,19750.0,19750.9,8666900,4968700,68.25,66.55,700700,454600,0.514295,-0.48771,0.00958589,0.00815042,10.203849,12.002984,2023-08-01
7293,2023-08-01 11:46:00,19800.0,19750.9,16081700,5197650,45.3,93.75,766400,462950,0.123478,-0.83629,0.00487736,0.00499411,10.266367,12.132702,2023-08-01
12551,2023-08-01 11:46:00,19850.0,19750.9,6693950,952600,28.6,127.0,314600,85250,0.009979,-0.973817,0.00063007,0.00119978,10.359152,12.423123,2023-08-01
17807,2023-08-01 11:46:00,19900.0,19750.9,7880200,1038400,17.35,165.7,372750,95000,0.000277,-0.997466,2.393e-05,0.00014885,10.509749,12.948648,2023-08-01
23061,2023-08-01 11:46:00,19950.0,19750.9,5088900,228450,10.05,208.95,249200,9900,3e-06,-0.999771,3e-07,1.526e-05,10.660174,13.825967,2023-08-01
28314,2023-08-01 11:46:00,20000.0,19750.9,7883050,492050,5.8,253.95,139600,13600,0.0,-0.999982,0.0,1.33e-06,10.915887,14.67315,2023-08-01
25688,2023-08-01 11:47:00,19500.0,19749.0,877250,7385550,260.3,9.35,7800,128400,,-2e-06,,1.7e-07,0.0,13.381152,2023-08-01
20435,2023-08-01 11:47:00,19550.0,19749.0,338750,3400450,214.75,13.75,4750,87850,1.0,-6.3e-05,1e-08,4.9e-06,9.349371,12.866923,2023-08-01
15180,2023-08-01 11:47:00,19600.0,19749.0,2767900,9979900,172.25,20.8,40550,171450,0.999862,-0.001574,1.293e-05,0.00010025,10.150222,12.506026,2023-08-01
9923,2023-08-01 11:47:00,19650.0,19749.0,2152050,5088900,131.9,31.1,57900,159400,0.99211,-0.021926,0.0005236,0.00105637,10.170465,12.183373,2023-08-01
4664,2023-08-01 11:47:00,19700.0,19749.0,8587650,10053500,97.3,46.4,291300,323550,0.881703,-0.155044,0.00472066,0.00487089,10.316001,12.032458,2023-08-01
2033,2023-08-01 11:47:00,19750.0,19749.0,8822200,5035900,67.8,67.1,305650,360900,0.496082,-0.503251,0.00952561,0.00821138,10.298528,11.946983,2023-08-01
7294,2023-08-01 11:47:00,19800.0,19749.0,16229400,5279250,45.2,94.25,444150,268950,0.116538,-0.848166,0.00464111,0.00480385,10.382091,12.032437,2023-08-01
12552,2023-08-01 11:47:00,19850.0,19749.0,6774050,991900,28.4,127.8,144150,51100,0.009096,-0.977053,0.00057853,0.00108425,10.428482,12.334541,2023-08-01
17808,2023-08-01 11:47:00,19900.0,19749.0,7940500,1038500,17.3,166.6,160050,40600,0.000251,-0.997948,2.174e-05,0.00012433,10.588387,12.836221,2023-08-01
23062,2023-08-01 11:47:00,19950.0,19749.0,4863200,220000,9.95,208.75,154100,6300,2e-06,-0.999874,2.6e-07,9.02e-06,10.705961,13.392863,2023-08-01
28315,2023-08-01 11:47:00,20000.0,19749.0,7876950,488350,5.75,255.3,85850,9750,0.0,-0.999986,0.0,1.03e-06,10.96192,14.594662,2023-08-01
25689,2023-08-01 11:48:00,19500.0,19744.4,877250,7385550,255.5,9.75,13800,145450,,-3e-06,,2.4e-07,0.0,13.361941,2023-08-01
20436,2023-08-01 11:48:00,19550.0,19744.4,338750,3400450,209.6,14.45,12100,146050,1.0,-8.9e-05,0.0,6.75e-06,8.910985,12.884235,2023-08-01
15181,2023-08-01 11:48:00,19600.0,19744.4,2767900,9979900,167.85,21.9,100900,267650,0.999829,-0.002126,1.608e-05,0.00013164,10.015215,12.549982,2023-08-01
9924,2023-08-01 11:48:00,19650.0,19744.4,2152050,5088900,128.5,32.7,100800,235650,0.989351,-0.027643,0.00068088,0.00127936,10.193248,12.248873,2023-08-01
4665,2023-08-01 11:48:00,19700.0,19744.4,8587650,10053500,94.25,48.45,460400,639550,0.859343,-0.179186,0.00534155,0.00533424,10.305036,12.092317,2023-08-01
2034,2023-08-01 11:48:00,19750.0,19744.4,8822200,5035900,65.45,69.95,529900,529950,0.452291,-0.540696,0.00947111,0.00811584,10.309664,12.054939,2023-08-01
7295,2023-08-01 11:48:00,19800.0,19744.4,16229400,5279250,43.4,97.65,528400,458350,0.096188,-0.867386,0.00404757,0.00435096,10.388882,12.151878,2023-08-01
12553,2023-08-01 11:48:00,19850.0,19744.4,6774050,991900,27.2,131.85,223650,93650,0.006745,-0.980518,0.00044487,0.00093361,10.45051,12.503217,2023-08-01
17809,2023-08-01 11:48:00,19900.0,19744.4,7940500,1038500,16.55,171.1,313150,108900,0.00017,-0.998229,1.507e-05,0.00010722,10.621859,13.049494,2023-08-01
23063,2023-08-01 11:48:00,19950.0,19744.4,4863200,220000,9.6,214.05,137050,8350,2e-06,-0.999868,1.7e-07,9.18e-06,10.776529,13.778299,2023-08-01
28316,2023-08-01 11:48:00,20000.0,19744.4,7876950,488350,5.6,260.25,119350,11950,0.0,-0.999986,0.0,1e-06,11.055765,14.890282,2023-08-01
25690,2023-08-01 11:49:00,19500.0,19742.4,877250,7385550,255.0,9.9,8000,91700,1.0,-3e-06,0.0,2.6e-07,8.451208,13.344141,2023-08-01
20437,2023-08-01 11:49:00,19550.0,19742.4,338750,3400450,209.3,14.6,9450,86800,1.0,-9.5e-05,5e-08,7.29e-06,9.66803,12.845884,2023-08-01
15182,2023-08-01 11:49:00,19600.0,19742.4,2767900,9979900,166.45,22.1,58900,223500,0.999777,-0.002281,2.055e-05,0.00014116,10.099798,12.50307,2023-08-01
9925,2023-08-01 11:49:00,19650.0,19742.4,2152050,5088900,127.0,33.2,84550,181600,0.988044,-0.029898,0.0007545,0.00137004,10.196835,12.23749,2023-08-01
4666,2023-08-01 11:49:00,19700.0,19742.4,8587650,10053500,93.25,49.2,311100,435300,0.847723,-0.189529,0.00561942,0.00553689,10.356048,12.092233,2023-08-01
2035,2023-08-01 11:49:00,19750.0,19742.4,8822200,5035900,64.75,70.6,324700,359150,0.4336,-0.557289,0.0093779,0.00812817,10.366039,12.002958,2023-08-01
7296,2023-08-01 11:49:00,19800.0,19742.4,16229400,5279250,42.8,98.8,352250,267150,0.088525,-0.876535,0.00380334,0.00415164,10.421619,12.146861,2023-08-01
12554,2023-08-01 11:49:00,19850.0,19742.4,6774050,991900,26.9,132.9,101500,51300,0.006019,-0.982955,0.00040119,0.00083912,10.50242,12.4431,2023-08-01
17810,2023-08-01 11:49:00,19900.0,19742.4,7940500,1038500,16.4,172.5,176000,66950,0.000148,-0.998496,1.323e-05,9.279e-05,10.678674,13.022691,2023-08-01
23064,2023-08-01 11:49:00,19950.0,19742.4,4863200,220000,9.55,215.1,163200,5350,1e-06,-0.999906,1.5e-07,6.8e-06,10.840838,13.628148,2023-08-01
28317,2023-08-01 11:49:00,20000.0,19742.4,7876950,488350,5.6,260.3,70550,22700,0.0,-0.999994,0.0,4.6e-07,11.127474,14.39029,2023-08-01
25691,2023-08-01 11:50:00,19500.0,19741.15,874000,7387850,251.05,10.0,13550,89350,,-3e-06,,2.7e-07,0.0,13.335628,2023-08-01
20438,2023-08-01 11:50:00,19550.0,19741.15,341850,3367000,205.9,14.9,6900,91150,1.0,-0.000106,0.0,8.02e-06,8.560984,12.881516,2023-08-01
15183,2023-08-01 11:50:00,19600.0,19741.15,2760900,9944150,163.5,22.55,50100,249350,0.999884,-0.002494,1.176e-05,0.00015285,9.568426,12.54886,2023-08-01
9926,2023-08-01 11:50:00,19650.0,19741.15,2147900,5027750,124.95,33.85,112400,181650,0.98883,-0.031982,0.00072926,0.00144514,9.967612,12.295619,2023-08-01
4667,2023-08-01 11:50:00,19700.0,19741.15,8635150,10020250,91.25,50.15,282850,400950,0.84606,-0.197618,0.0057904,0.00565433,10.146493,12.175122,2023-08-01
2036,2023-08-01 11:50:00,19750.0,19741.15,8863250,4990600,63.2,72.0,335650,355050,0.42057,-0.566866,0.00947868,0.00802817,10.217178,12.134678,2023-08-01
7297,2023-08-01 11:50:00,19800.0,19741.15,16286400,5210250,41.8,100.75,333300,271350,0.08159,-0.878218,0.00361647,0.0040525,10.334134,12.353543,2023-08-01
12555,2023-08-01 11:50:00,19850.0,19741.15,6801050,963700,26.25,135.1,145050,68800,0.005223,-0.982402,0.00035653,0.0008472,10.443237,12.694861,2023-08-01
17811,2023-08-01 11:50:00,19900.0,19741.15,8011950,1029250,15.95,174.9,195650,59650,0.000119,-0.998291,1.089e-05,0.00010208,10.626116,13.334452,2023-08-01
23065,2023-08-01 11:50:00,19950.0,19741.15,4895350,219100,9.35,217.4,105650,9400,1e-06,-0.999882,1.2e-07,8.21e-06,10.82512,13.953095,2023-08-01
28318,2023-08-01 11:50:00,20000.0,19741.15,7876150,489750,5.55,263.7,69100,8800,0.0,-0.999987,0.0,9.2e-07,11.149449,15.087339,2023-08-01
25692,2023-08-01 11:51:00,19500.0,19740.65,874000,7387850,248.25,10.25,17950,85250,,-3e-06,,3e-07,0.0,13.409859,2023-08-01
20439,2023-08-01 11:51:00,19550.0,19740.65,341850,3367000,203.45,15.25,10450,101750,1.0,-0.000116,0.0,8.74e-06,7.154809,12.962071,2023-08-01
15184,2023-08-01 11:51:00,19600.0,19740.65,2760900,9944150,161.75,23.1,63150,206850,0.999937,-0.002707,6.97e-06,0.00016362,9.179518,12.652523,2023-08-01
9927,2023-08-01 11:51:00,19650.0,19740.65,2147900,5027750,123.25,34.6,88300,212500,0.990409,-0.033706,0.00065821,0.00149811,9.691795,12.413988,2023-08-01
4668,2023-08-01 11:51:00,19700.0,19740.65,8635150,10020250,89.9,51.1,409600,453400,0.847985,-0.202468,0.00585904,0.00568885,9.967223,12.307262,2023-08-01
2037,2023-08-01 11:51:00,19750.0,19740.65,8863250,4990600,62.15,73.4,450550,432850,0.414544,-0.569945,0.00959181,0.00791036,10.087495,12.327135,2023-08-01
7298,2023-08-01 11:51:00,19800.0,19740.65,16286400,5210250,41.0,102.3,374800,273150,0.077226,-0.876708,0.00351223,0.00402707,10.230717,12.568447,2023-08-01
12556,2023-08-01 11:51:00,19850.0,19740.65,6801050,963700,25.7,137.1,226650,91500,0.00468,-0.980773,0.00032658,0.00089377,10.362382,13.005656,2023-08-01
17812,2023-08-01 11:51:00,19900.0,19740.65,8011950,1029250,15.65,177.0,221300,86500,0.000103,-0.997911,9.54e-06,0.0001195,10.575675,13.702119,2023-08-01
23066,2023-08-01 11:51:00,19950.0,19740.65,4895350,219100,9.15,220.4,118450,8250,1e-06,-0.999793,1e-07,1.332e-05,10.779071,14.59832,2023-08-01
28319,2023-08-01 11:51:00,20000.0,19740.65,7876150,489750,5.45,266.7,69250,4550,0.0,-0.999972,0.0,1.84e-06,11.121331,15.822397,2023-08-01
25693,2023-08-01 11:52:00,19500.0,19742.3,874000,7387850,252.65,10.05,5100,128700,,-3e-06,,2.5e-07,0.0,13.401621,2023-08-01
20440,2023-08-01 11:52:00,19550.0,19742.3,341850,3367000,207.6,14.8,5450,91350,1.0,-9.3e-05,0.0,7.13e-06,8.906683,12.905113,2023-08-01
15185,2023-08-01 11:52:00,19600.0,19742.3,2760900,9944150,165.0,22.4,59150,200000,0.999878,-0.002271,1.218e-05,0.00014077,9.722772,12.57311,2023-08-01
9928,2023-08-01 11:52:00,19650.0,19742.3,2147900,5027750,125.8,33.65,102500,217950,0.989922,-0.030077,0.00066975,0.00137652,9.968256,12.324504,2023-08-01
4669,2023-08-01 11:52:00,19700.0,19742.3,8635150,10020250,92.2,49.7,290100,408700,0.852692,-0.190164,0.00562495,0.00554738,10.188845,12.177172,2023-08-01
2038,2023-08-01 11:52:00,19750.0,19742.3,8863250,4990600,63.8,71.4,366550,392050,0.43118,-0.557935,0.00956407,0.00809492,10.223295,12.132101,2023-08-01
7299,2023-08-01 11:52:00,19800.0,19742.3,16286400,5210250,42.15,99.65,274450,260350,0.084583,-0.875897,0.00373695,0.00414766,10.322026,12.286226,2023-08-01
12557,2023-08-01 11:52:00,19850.0,19742.3,6801050,963700,26.5,133.85,151000,73050,0.005428,-0.98244,0.00037092,0.00085501,10.434392,12.612656,2023-08-01
17813,2023-08-01 11:52:00,19900.0,19742.3,8011950,1029250,16.1,173.0,139000,55400,0.000122,-0.998499,1.12e-05,9.259e-05,10.614769,13.118401,2023-08-01
23067,2023-08-01 11:52:00,19950.0,19742.3,4895350,219100,9.4,214.85,116600,6000,1e-06,-0.999923,1.2e-07,5.71e-06,10.800464,13.546654,2023-08-01
28320,2023-08-01 11:52:00,20000.0,19742.3,7876150,489750,5.55,262.15,65200,10750,0.0,-0.99999,0.0,7.7e-07,11.113249,14.924935,2023-08-01
25694,2023-08-01 11:53:00,19500.0,19744.6,879000,7436450,255.45,9.8,10000,99450,,-2e-06,,2e-07,0.0,13.398199,2023-08-01
20441,2023-08-01 11:53:00,19550.0,19744.6,344200,3360850,210.0,14.45,6450,94850,1.0,-7.5e-05,0.0,5.84e-06,9.039974,12.90221,2023-08-01
15186,2023-08-01 11:53:00,19600.0,19744.6,2743050,9982150,167.35,21.9,66650,183150,0.999889,-0.00192,1.103e-05,0.00012122,9.836436,12.568713,2023-08-01
9929,2023-08-01 11:53:00,19650.0,19744.6,2156850,5120950,127.95,32.8,88000,130600,0.990992,-0.026425,0.0006031,0.00124223,10.056568,12.288264,2023-08-01
4670,2023-08-01 11:53:00,19700.0,19744.6,8615350,10105200,93.7,48.55,363550,325100,0.86563,-0.176225,0.00529289,0.00532171,10.195498,12.131313,2023-08-01
2039,2023-08-01 11:53:00,19750.0,19744.6,8909200,4969100,65.15,69.75,444600,256950,0.453276,-0.53966,0.00963549,0.00821692,10.252792,12.046093,2023-08-01
7300,2023-08-01 11:53:00,19800.0,19744.6,16325950,5176500,43.15,97.95,335850,205600,0.093421,-0.867744,0.00402488,0.00436421,10.342128,12.23086,2023-08-01
12558,2023-08-01 11:53:00,19850.0,19744.6,6787500,944550,27.15,132.05,124650,29700,0.006261,-0.980905,0.0004217,0.00092314,10.439194,12.573719,2023-08-01
17814,2023-08-01 11:53:00,19900.0,19744.6,8035350,1044950,16.4,171.0,195450,35250,0.00014,-0.99837,1.281e-05,0.00010046,10.585334,13.068211,2023-08-01
23068,2023-08-01 11:53:00,19950.0,19744.6,4891700,218650,9.55,214.0,93750,3550,1e-06,-0.999882,1.3e-07,8.34e-06,10.761532,13.814192,2023-08-01
28321,2023-08-01 11:53:00,20000.0,19744.6,7884250,486300,5.55,260.0,80450,5900,0.0,-0.999989,0.0,8.2e-07,11.034965,14.87454,2023-08-01
25695,2023-08-01 11:54:00,19500.0,19743.55,879000,7436450,254.0,9.9,6300,102750,,-2e-06,,2e-07,0.0,13.397707,2023-08-01
20442,2023-08-01 11:54:00,19550.0,19743.55,344200,3360850,209.05,14.6,3450,41450,1.0,-7.9e-05,1e-08,6.13e-06,9.059407,12.90374,2023-08-01
15187,2023-08-01 11:54:00,19600.0,19743.55,2743050,9982150,166.0,22.15,40500,129350,0.999902,-0.002024,1.001e-05,0.00012733,9.707961,12.578698,2023-08-01
9930,2023-08-01 11:54:00,19650.0,19743.55,2156850,5120950,127.0,33.1,37450,84600,0.990656,-0.027501,0.00062612,0.00128713,10.026228,12.290564,2023-08-01
4671,2023-08-01 11:54:00,19700.0,19743.55,8615350,10105200,92.95,49.25,193850,196000,0.860799,-0.182393,0.00544108,0.00542678,10.184229,12.185345,2023-08-01
2040,2023-08-01 11:54:00,19750.0,19743.55,8909200,4969100,64.55,70.6,270800,159500,0.442976,-0.548176,0.0096327,0.00817754,10.24517,12.104013,2023-08-01
7301,2023-08-01 11:54:00,19800.0,19743.55,16325950,5176500,42.65,98.9,246100,141700,0.088469,-0.871717,0.00387972,0.00426318,10.328557,12.288235,2023-08-01
12559,2023-08-01 11:54:00,19850.0,19743.55,6787500,944550,26.7,133.2,92100,21050,0.005619,-0.981466,0.00038512,0.00089635,10.409781,12.655125,2023-08-01
17815,2023-08-01 11:54:00,19900.0,19743.55,8035350,1044950,16.2,171.85,102750,23400,0.000123,-0.998493,1.138e-05,9.364e-05,10.586138,13.079882,2023-08-01
23069,2023-08-01 11:54:00,19950.0,19743.55,4891700,218650,9.45,215.5,61700,3800,1e-06,-0.999875,1.2e-07,8.74e-06,10.77169,13.976107,2023-08-01
28322,2023-08-01 11:54:00,20000.0,19743.55,7884250,486300,5.55,261.3,42300,4600,0.0,-0.999989,0.0,8.4e-07,11.073513,14.992909,2023-08-01
25696,2023-08-01 11:55:00,19500.0,19736.5,879000,7436450,247.35,10.45,18950,108750,,-4e-06,,3.2e-07,0.0,13.331314,2023-08-01
20443,2023-08-01 11:55:00,19550.0,19736.5,344200,3360850,202.4,15.5,13600,92450,1.0,-0.000125,1e-08,9.52e-06,9.019339,12.863735,2023-08-01
15188,2023-08-01 11:55:00,19600.0,19736.5,2743050,9982150,160.6,23.55,76300,221200,0.999759,-0.00303,2.287e-05,0.00018418,9.873773,12.560925,2023-08-01
9931,2023-08-01 11:55:00,19650.0,19736.5,2156850,5120950,122.45,35.3,60700,186100,0.984154,-0.037939,0.00097736,0.00167882,10.178768,12.321215,2023-08-01
4672,2023-08-01 11:55:00,19700.0,19736.5,8615350,10105200,89.25,51.9,325800,445250,0.816225,-0.222382,0.00645615,0.00613356,10.318469,12.172477,2023-08-01
2041,2023-08-01 11:55:00,19750.0,19736.5,8909200,4969100,61.6,74.35,426800,393550,0.377123,-0.605006,0.00919845,0.00794228,10.349095,12.149256,2023-08-01
7302,2023-08-01 11:55:00,19800.0,19736.5,16325950,5176500,40.55,103.3,383100,302950,0.065607,-0.899346,0.00306797,0.0035873,10.432012,12.318502,2023-08-01
12560,2023-08-01 11:55:00,19850.0,19736.5,6787500,944550,25.5,138.25,134150,61250,0.003744,-0.986922,0.00026516,0.00066465,10.551905,12.686886,2023-08-01
17816,2023-08-01 11:55:00,19900.0,19736.5,8035350,1044950,15.5,177.95,231950,65450,7.6e-05,-0.998942,7.12e-06,6.719e-05,10.732792,13.228329,2023-08-01
23070,2023-08-01 11:55:00,19950.0,19736.5,4891700,218650,9.1,221.55,142550,8050,1e-06,-0.999921,7e-08,5.64e-06,10.931607,14.041759,2023-08-01
28323,2023-08-01 11:55:00,20000.0,19736.5,7884250,486300,5.45,268.25,74500,10900,0.0,-0.999991,0.0,6.6e-07,11.273012,15.259225,2023-08-01
25697,2023-08-01 11:56:00,19500.0,19733.25,880000,7401500,247.85,10.3,6000,100400,1.0,-4e-06,0.0,3.2e-07,9.898765,13.154995,2023-08-01
20444,2023-08-01 11:56:00,19550.0,19733.25,345700,3348450,203.25,15.4,8800,88600,0.999994,-0.000129,6.1e-07,9.95e-06,10.561241,12.698733,2023-08-01
15189,2023-08-01 11:56:00,19600.0,19733.25,2750700,9970150,160.8,23.3,86500,212700,0.999247,-0.003146,6.132e-05,0.00019431,10.629527,12.348086,2023-08-01
9932,2023-08-01 11:56:00,19650.0,19733.25,2159800,5081600,122.6,35.0,82650,217950,0.975843,-0.040324,0.00133498,0.00180379,10.686589,12.081113,2023-08-01
4673,2023-08-01 11:56:00,19700.0,19733.25,8670650,10072000,89.15,51.5,322100,487450,0.787679,-0.237087,0.00684243,0.00652785,10.650091,11.884511,2023-08-01
2042,2023-08-01 11:56:00,19750.0,19733.25,8990450,4972250,61.5,73.85,469900,441050,0.350714,-0.634684,0.00878553,0.00800775,10.599711,11.795902,2023-08-01
7303,2023-08-01 11:56:00,19800.0,19733.25,16400950,5201800,40.45,103.05,367200,280400,0.05915,-0.917839,0.00278484,0.00319336,10.626942,11.93356,2023-08-01
12561,2023-08-01 11:56:00,19850.0,19733.25,6838650,982500,25.45,137.95,183600,112600,0.003307,-0.991507,0.00023417,0.0004761,10.716426,12.19034,2023-08-01
17817,2023-08-01 11:56:00,19900.0,19733.25,8136550,1060900,15.4,177.85,167450,59050,6.4e-05,-0.999497,6.03e-06,3.553e-05,10.855179,12.639842,2023-08-01
23071,2023-08-01 11:56:00,19950.0,19733.25,4905650,219250,9.05,221.4,90050,10150,1e-06,-0.999976,6e-08,1.94e-06,11.042721,13.28222,2023-08-01
28324,2023-08-01 11:56:00,20000.0,19733.25,7875750,486600,5.4,268.45,62300,4100,0.0,-0.999998,0.0,1.8e-07,11.363238,14.454861,2023-08-01
25698,2023-08-01 11:57:00,19500.0,19733.05,880000,7401500,249.0,10.3,7050,48500,1.0,-3e-06,0.0,3e-07,10.680055,13.149303,2023-08-01
20445,2023-08-01 11:57:00,19550.0,19733.05,345700,3348450,204.0,15.2,7450,77950,0.99999,-0.000118,1.02e-06,9.23e-06,10.883116,12.636076,2023-08-01
15190,2023-08-01 11:57:00,19600.0,19733.05,2750700,9970150,161.9,23.15,30650,122500,0.998982,-0.003038,7.874e-05,0.00018936,10.943687,12.306396,2023-08-01
9933,2023-08-01 11:57:00,19650.0,19733.05,2159800,5081600,123.4,34.65,54550,109350,0.973833,-0.039384,0.00140611,0.00178496,10.874468,12.004926,2023-08-01
4674,2023-08-01 11:57:00,19700.0,19733.05,8670650,10072000,90.1,51.2,224000,394850,0.782836,-0.23672,0.0068293,0.00657266,10.836791,11.821195,2023-08-01
2043,2023-08-01 11:57:00,19750.0,19733.05,8990450,4972250,62.3,73.6,190300,222450,0.350629,-0.637251,0.00868199,0.00804625,10.750442,11.739187,2023-08-01
7304,2023-08-01 11:57:00,19800.0,19733.05,16400950,5201800,41.15,102.35,197350,166700,0.060532,-0.921466,0.00280604,0.00313059,10.764465,11.792295,2023-08-01
12562,2023-08-01 11:57:00,19850.0,19733.05,6838650,982500,25.8,137.0,61700,31900,0.003409,-0.992639,0.00023931,0.00042825,10.800093,11.979016,2023-08-01
17818,2023-08-01 11:57:00,19900.0,19733.05,8136550,1060900,15.7,176.85,76800,30300,6.9e-05,-0.999626,6.4e-06,2.763e-05,10.942807,12.374627,2023-08-01
23072,2023-08-01 11:57:00,19950.0,19733.05,4905650,219250,9.2,220.1,77100,4300,1e-06,-0.999987,6e-08,1.11e-06,11.104264,12.871656,2023-08-01
28325,2023-08-01 11:57:00,20000.0,19733.05,7875750,486600,5.4,266.95,63500,4650,0.0,-0.999999,0.0,7e-08,11.372115,13.902309,2023-08-01
25699,2023-08-01 11:58:00,19500.0,19734.75,880000,7401500,249.9,10.15,3750,62350,1.0,-3e-06,0.0,2.6e-07,10.293213,13.162495,2023-08-01
20446,2023-08-01 11:58:00,19550.0,19734.75,345700,3348450,204.4,15.0,2500,86950,0.999996,-0.000102,4.3e-07,8.05e-06,10.500211,12.654086,2023-08-01
15191,2023-08-01 11:58:00,19600.0,19734.75,2750700,9970150,162.7,22.9,22000,118900,0.999244,-0.00273,6.085e-05,0.00017194,10.802589,12.334482,2023-08-01
9934,2023-08-01 11:58:00,19650.0,19734.75,2159800,5081600,124.15,34.4,25300,90300,0.977314,-0.036714,0.00126077,0.00168233,10.782871,12.055567,2023-08-01
4675,2023-08-01 11:58:00,19700.0,19734.75,8670650,10072000,90.9,50.75,215750,261800,0.795641,-0.225948,0.00662895,0.00639677,10.797759,11.861643,2023-08-01
2044,2023-08-01 11:58:00,19750.0,19734.75,8990450,4972250,62.7,73.0,194150,158850,0.364317,-0.623327,0.00887675,0.00813269,10.680581,11.7845,2023-08-01
7305,2023-08-01 11:58:00,19800.0,19734.75,16400950,5201800,41.45,101.85,211900,155150,0.063996,-0.914773,0.00295247,0.00331005,10.708749,11.888993,2023-08-01
12563,2023-08-01 11:58:00,19850.0,19734.75,6838650,982500,26.05,136.35,56950,30750,0.003662,-0.991505,0.00025668,0.00048238,10.762121,12.090311,2023-08-01
17819,2023-08-01 11:58:00,19900.0,19734.75,8136550,1060900,15.85,175.8,76750,23600,7.4e-05,-0.999559,6.88e-06,3.207e-05,10.906267,12.444367,2023-08-01
23073,2023-08-01 11:58:00,19950.0,19734.75,4905650,219250,9.25,220.0,47300,1850,1e-06,-0.999976,6e-08,1.94e-06,11.05708,13.2475,2023-08-01
28326,2023-08-01 11:58:00,20000.0,19734.75,7875750,486600,5.45,266.1,53350,2300,0.0,-0.999999,0.0,1.1e-07,11.339512,14.120889,2023-08-01
25700,2023-08-01 11:59:00,19500.0,19737.75,882250,7412650,251.2,9.95,8000,75700,1.0,-2e-06,0.0,2e-07,9.212987,13.206175,2023-08-01
20447,2023-08-01 11:59:00,19550.0,19737.75,340400,3368050,206.45,14.7,6050,78700,0.999998,-8.2e-05,1.9e-07,6.53e-06,10.264972,12.697823,2023-08-01
15192,2023-08-01 11:59:00,19600.0,19737.75,2751600,9979800,164.15,22.4,52950,199700,0.999563,-0.002263,3.76e-05,0.00014502,10.547864,12.367534,2023-08-01
9935,2023-08-01 11:59:00,19650.0,19737.75,2164750,5124000,125.25,33.8,52600,113100,0.98293,-0.032249,0.00101267,0.00150866,10.567973,12.111566,2023-08-01
4676,2023-08-01 11:59:00,19700.0,19737.75,8715650,10218200,91.35,49.95,235500,386700,0.820901,-0.208,0.00626771,0.00607709,10.556588,11.928606,2023-08-01
2045,2023-08-01 11:59:00,19750.0,19737.75,8955600,4967700,63.35,71.75,225350,236000,0.389588,-0.598584,0.00920204,0.0082692,10.543659,11.82897,2023-08-01
7306,2023-08-01 11:59:00,19800.0,19737.75,16359250,5197550,41.8,100.25,273400,210500,0.07035,-0.904152,0.00322377,0.00360688,10.575736,11.931125,2023-08-01
12564,2023-08-01 11:59:00,19850.0,19737.75,6820750,973050,26.3,134.85,102300,46650,0.004092,-0.989461,0.0002871,0.00057792,10.653616,12.212171,2023-08-01
17820,2023-08-01 11:59:00,19900.0,19737.75,8089450,1070250,16.0,174.55,155150,43900,8.2e-05,-0.999331,7.71e-06,4.633e-05,10.81022,12.6964,2023-08-01
23074,2023-08-01 11:59:00,19950.0,19737.75,4907350,219250,9.3,218.0,79050,2650,1e-06,-0.999965,7e-08,2.77e-06,10.95873,13.389129,2023-08-01
28327,2023-08-01 11:59:00,20000.0,19737.75,7875150,484550,5.5,263.0,36700,1600,0.0,-0.999999,0.0,1.1e-07,11.261415,13.970084,2023-08-01
25701,2023-08-01 12:00:00,19500.0,19733.7,882250,7412650,246.9,10.45,7750,79550,1.0,-3e-06,0.0,2.8e-07,8.879595,13.233777,2023-08-01
20448,2023-08-01 12:00:00,19550.0,19733.7,340400,3368050,202.1,15.5,5450,126150,0.999999,-0.000116,1.7e-07,9.04e-06,10.001332,12.753512,2023-08-01
15193,2023-08-01 12:00:00,19600.0,19733.7,2751600,9979800,160.4,23.5,56800,171400,0.999463,-0.002975,4.606e-05,0.00018538,10.445538,12.422276,2023-08-01
9936,2023-08-01 12:00:00,19650.0,19733.7,2164750,5124000,121.75,35.2,44650,116800,0.979653,-0.038999,0.00119088,0.00176173,10.462404,12.151746,2023-08-01
4677,2023-08-01 12:00:00,19700.0,19733.7,8715650,10218200,88.8,51.95,246550,398500,0.79506,-0.234256,0.00682834,0.00648363,10.550626,11.998939,2023-08-01
2046,2023-08-01 12:00:00,19750.0,19733.7,8955600,4967700,61.05,74.6,254800,214900,0.351887,-0.630549,0.00896646,0.00799926,10.496709,11.964502,2023-08-01
7307,2023-08-01 12:00:00,19800.0,19733.7,16359250,5197550,40.3,103.8,268600,150550,0.057823,-0.915174,0.00277394,0.0032517,10.579442,12.117529,2023-08-01
12565,2023-08-01 12:00:00,19850.0,19733.7,6820750,973050,25.2,138.55,102400,28450,0.002996,-0.99098,0.00021764,0.00049912,10.649386,12.374249,2023-08-01
17821,2023-08-01 12:00:00,19900.0,19733.7,8089450,1070250,15.3,178.6,102250,36050,5.5e-05,-0.999413,5.24e-06,4.051e-05,10.817023,12.895765,2023-08-01
23075,2023-08-01 12:00:00,19950.0,19733.7,4907350,218600,9.0,222.4,79850,3800,0.0,-0.999966,5e-08,2.66e-06,11.015607,13.661505,2023-08-01
28328,2023-08-01 12:00:00,20000.0,19733.7,7875150,484550,5.4,268.8,59600,5550,0.0,-0.999997,0.0,2.2e-07,11.355549,14.696205,2023-08-01
25702,2023-08-01 12:01:00,19500.0,19734.05,882250,7412650,248.1,10.35,6150,54750,1.0,-3e-06,0.0,2.6e-07,9.571679,13.213528,2023-08-01
20449,2023-08-01 12:01:00,19550.0,19734.05,340400,3368050,203.3,15.3,5350,41250,0.999997,-0.000104,3e-07,8.23e-06,10.336948,12.714419,2023-08-01
15194,2023-08-01 12:01:00,19600.0,19734.05,2751600,9979800,161.85,23.3,25850,135200,0.999305,-0.002803,5.705e-05,0.00017646,10.740789,12.396205,2023-08-01
9937,2023-08-01 12:01:00,19650.0,19734.05,2164750,5124000,122.95,34.95,32550,88250,0.978475,-0.037728,0.00122958,0.00172253,10.652549,12.12589,2023-08-01
4678,2023-08-01 12:01:00,19700.0,19734.05,8715650,10218200,89.65,51.6,168200,365650,0.795516,-0.230838,0.00676377,0.00646459,10.662451,11.96462,2023-08-01
2047,2023-08-01 12:01:00,19750.0,19734.05,8955600,4967700,61.85,73.85,213000,198950,0.356073,-0.629039,0.00893534,0.00809189,10.602859,11.871302,2023-08-01
7308,2023-08-01 12:01:00,19800.0,19734.05,16359250,5197550,40.7,102.55,209900,135000,0.059212,-0.917691,0.00281966,0.00323383,10.628879,11.940093,2023-08-01
12566,2023-08-01 12:01:00,19850.0,19734.05,6820750,973050,25.55,137.4,87650,27750,0.003143,-0.991731,0.0002266,0.00047015,10.703948,12.201474,2023-08-01
17822,2023-08-01 12:01:00,19900.0,19734.05,8089450,1070250,15.45,177.15,136050,40900,5.6e-05,-0.999541,5.4e-06,3.305e-05,10.841706,12.630824,2023-08-01
23076,2023-08-01 12:01:00,19950.0,19734.05,4907350,218600,9.05,221.2,59950,2000,0.0,-0.999975,5e-08,2.01e-06,11.021273,13.418253,2023-08-01
28329,2023-08-01 12:01:00,20000.0,19734.05,7875150,484550,5.35,267.35,43850,5300,0.0,-0.999999,0.0,1.3e-07,11.321047,14.332202,2023-08-01
25703,2023-08-01 12:02:00,19500.0,19739.1,878100,7418400,252.35,10.0,23150,51450,1.0,-2e-06,0.0,1.7e-07,9.093786,13.281847,2023-08-01
20450,2023-08-01 12:02:00,19550.0,19739.1,340200,3352100,206.7,14.75,1700,63950,1.0,-7.2e-05,6e-08,5.81e-06,9.887366,12.774928,2023-08-01
15195,2023-08-01 12:02:00,19600.0,19739.1,2758500,9975100,165.0,22.4,34700,128100,0.999669,-0.002048,2.944e-05,0.00013266,10.485423,12.438003,2023-08-01
9938,2023-08-01 12:02:00,19650.0,19739.1,2157800,5108200,125.8,33.65,40900,91000,0.985488,-0.029908,0.00089434,0.00142143,10.484767,12.163639,2023-08-01
4679,2023-08-01 12:02:00,19700.0,19739.1,8738800,10222850,92.0,49.75,259250,282800,0.831541,-0.199454,0.00608686,0.00593871,10.529241,11.989745,2023-08-01
2048,2023-08-01 12:02:00,19750.0,19739.1,8993500,4949350,63.7,71.1,233400,211100,0.400854,-0.588004,0.00938273,0.00837578,10.495486,11.8375,2023-08-01
7309,2023-08-01 12:02:00,19800.0,19739.1,16347100,5159850,42.05,99.3,284200,120600,0.072571,-0.901168,0.00333759,0.00372074,10.536157,11.913322,2023-08-01
12567,2023-08-01 12:02:00,19850.0,19739.1,6824350,970900,26.4,134.05,96050,31950,0.00411,-0.98896,0.00029153,0.00060443,10.606668,12.245119,2023-08-01
17823,2023-08-01 12:02:00,19900.0,19739.1,8040700,1067000,15.95,173.8,93050,28350,7.6e-05,-0.999279,7.27e-06,4.975e-05,10.742091,12.767925,2023-08-01
23077,2023-08-01 12:02:00,19950.0,19739.1,4903800,218350,9.3,216.1,70450,7000,1e-06,-0.999973,6e-08,2.19e-06,10.91155,13.186213,2023-08-01
28330,2023-08-01 12:02:00,20000.0,19739.1,7859200,477300,5.5,262.8,56050,1550,0.0,-0.999998,0.0,1.7e-07,11.220325,14.291058,2023-08-01
25704,2023-08-01 12:03:00,19500.0,19740.5,878100,7418400,253.05,9.95,5550,50750,1.0,-2e-06,0.0,1.5e-07,8.418197,13.318721,2023-08-01
20451,2023-08-01 12:03:00,19550.0,19740.5,340200,3352100,207.75,14.65,3950,37800,1.0,-6.5e-05,4e-08,5.23e-06,9.794419,12.807183,2023-08-01
15196,2023-08-01 12:03:00,19600.0,19740.5,2758500,9975100,165.5,22.2,33250,95950,0.999772,-0.00186,2.121e-05,0.00012164,10.311009,12.461036,2023-08-01
9939,2023-08-01 12:03:00,19650.0,19740.5,2157800,5108200,126.85,33.25,43850,68150,0.986838,-0.027707,0.00082364,0.00133675,10.489788,12.166252,2023-08-01
4680,2023-08-01 12:03:00,19700.0,19740.5,8738800,10222850,92.8,49.25,194400,209100,0.840762,-0.190862,0.00588883,0.00579114,10.517461,11.998571,2023-08-01
2049,2023-08-01 12:03:00,19750.0,19740.5,8993500,4949350,64.3,70.8,258600,156300,0.413685,-0.576017,0.00949217,0.00840156,10.47974,11.904249,2023-08-01
7310,2023-08-01 12:03:00,19800.0,19740.5,16347100,5159850,42.4,99.05,214950,106900,0.076267,-0.894439,0.00348465,0.00387874,10.506121,12.017003,2023-08-01
12568,2023-08-01 12:03:00,19850.0,19740.5,6824350,970900,26.6,133.05,71350,31850,0.004345,-0.988267,0.00030809,0.00063884,10.572767,12.242935,2023-08-01
17824,2023-08-01 12:03:00,19900.0,19740.5,8040700,1067000,16.05,172.65,105350,26450,8e-05,-0.999235,7.62e-06,5.272e-05,10.705278,12.755506,2023-08-01
23078,2023-08-01 12:03:00,19950.0,19740.5,4903800,218350,9.35,215.95,53050,2500,1e-06,-0.99996,6e-08,3.19e-06,10.875369,13.459079,2023-08-01
28331,2023-08-01 12:03:00,20000.0,19740.5,7859200,477300,5.5,261.7,34700,2300,0.0,-0.999998,0.0,2e-07,11.173539,14.330342,2023-08-01
25705,2023-08-01 12:04:00,19500.0,19738.9,878100,7418400,250.1,10.25,10100,104850,,-2e-06,,1.8e-07,0.0,13.369352,2023-08-01
20452,2023-08-01 12:04:00,19550.0,19738.9,340200,3352100,204.6,15.2,7200,81100,1.0,-7.9e-05,1e-08,6.29e-06,9.033102,12.898692,2023-08-01
15197,2023-08-01 12:04:00,19600.0,19738.9,2758500,9975100,162.6,22.95,51650,186850,0.999854,-0.002166,1.463e-05,0.00013894,9.889783,12.557941,2023-08-01
9940,2023-08-01 12:04:00,19650.0,19738.9,2157800,5108200,123.95,34.45,60000,139900,0.988178,-0.031124,0.00077829,0.00145872,10.140943,12.310087,2023-08-01
4681,2023-08-01 12:04:00,19700.0,19738.9,8738800,10222850,90.5,51.05,292550,320800,0.836923,-0.203688,0.00612663,0.00593708,10.293289,12.203843,2023-08-01
2050,2023-08-01 12:04:00,19750.0,19738.9,8993500,4949350,62.4,73.15,260700,198200,0.396558,-0.587747,0.00957912,0.00819173,10.300733,12.163996,2023-08-01
7311,2023-08-01 12:04:00,19800.0,19738.9,16347100,5159850,41.15,101.6,236700,155350,0.068289,-0.895977,0.00324345,0.00376175,10.396868,12.290418,2023-08-01
12569,2023-08-01 12:04:00,19850.0,19738.9,6824350,970900,25.85,136.05,106650,28500,0.003628,-0.987426,0.00026434,0.0006607,10.511064,12.601455,2023-08-01
17825,2023-08-01 12:04:00,19900.0,19738.9,8040700,1067000,15.6,175.6,118000,34900,6.2e-05,-0.999084,6.08e-06,6.053e-05,10.666866,13.133141,2023-08-01
23079,2023-08-01 12:04:00,19950.0,19738.9,4903800,218350,9.1,216.0,79700,2550,0.0,-0.999978,5e-08,1.84e-06,10.8551,13.11617,2023-08-01
28332,2023-08-01 12:04:00,20000.0,19738.9,7859200,477300,5.4,265.75,68600,6950,0.0,-0.999994,0.0,4.7e-07,11.183237,15.143139,2023-08-01
25706,2023-08-01 12:05:00,19500.0,19736.0,881150,7396600,247.25,10.45,7900,75200,,-2e-06,,2.1e-07,0.0,13.332241,2023-08-01
20453,2023-08-01 12:05:00,19550.0,19736.0,340450,3339100,202.9,15.45,2500,52500,1.0,-9e-05,3e-08,7.19e-06,9.48815,12.847531,2023-08-01
15198,2023-08-01 12:05:00,19600.0,19736.0,2773700,9936300,160.8,23.45,46150,115250,0.999762,-0.002506,2.276e-05,0.00015929,10.065216,12.532472,2023-08-01
9941,2023-08-01 12:05:00,19650.0,19736.0,2168950,5073150,122.4,35.1,38700,89700,0.984931,-0.034832,0.00095052,0.00160956,10.265661,12.272433,2023-08-01
4682,2023-08-01 12:05:00,19700.0,19736.0,8751550,10129350,89.2,51.95,192800,303700,0.81698,-0.220058,0.00655297,0.00624813,10.384567,12.164245,2023-08-01
2051,2023-08-01 12:05:00,19750.0,19736.0,9083250,4944550,61.6,74.3,226900,197600,0.370066,-0.612051,0.00930913,0.00811523,10.410051,12.115811,2023-08-01
7312,2023-08-01 12:05:00,19800.0,19736.0,16516200,5132950,40.6,103.3,219800,192000,0.060614,-0.907171,0.00293706,0.0034721,10.492641,12.282122,2023-08-01
12570,2023-08-01 12:05:00,19850.0,19736.0,6845600,976150,25.4,138.05,95000,41250,0.003026,-0.9894,0.00022373,0.00057127,10.577409,12.597486,2023-08-01
17826,2023-08-01 12:05:00,19900.0,19736.0,8037600,1057150,15.4,177.75,102650,41500,5.1e-05,-0.999277,5e-06,4.89e-05,10.748895,13.113774,2023-08-01
23080,2023-08-01 12:05:00,19950.0,19736.0,4918200,219800,9.0,221.4,61200,3150,0.0,-0.999955,4e-08,3.44e-06,10.935765,13.910253,2023-08-01
28333,2023-08-01 12:05:00,20000.0,19736.0,7840350,477300,5.35,267.45,49600,2500,0.0,-0.999997,0.0,2.7e-07,11.261463,14.903759,2023-08-01
25707,2023-08-01 12:06:00,19500.0,19728.2,881150,7396600,240.85,10.95,21200,108600,1.0,-4e-06,0.0,3.4e-07,8.203929,13.208341,2023-08-01
20454,2023-08-01 12:06:00,19550.0,19728.2,340450,3339100,196.2,16.25,16050,109950,0.999999,-0.000142,1.1e-07,1.112e-05,9.658385,12.73417,2023-08-01
15199,2023-08-01 12:06:00,19600.0,19728.2,2773700,9936300,155.15,24.8,162850,279350,0.999393,-0.003789,5.327e-05,0.0002333,10.27396,12.450635,2023-08-01
9942,2023-08-01 12:06:00,19650.0,19728.2,2168950,5073150,117.35,37.05,126100,222400,0.974647,-0.047904,0.00146463,0.00210363,10.392127,12.19416,2023-08-01
4683,2023-08-01 12:06:00,19700.0,19728.2,8751550,10129350,84.85,54.55,536750,638750,0.760459,-0.269785,0.00764273,0.00704674,10.458139,12.071894,2023-08-01
2052,2023-08-01 12:06:00,19750.0,19728.2,9083250,4944550,58.2,78.0,600750,478950,0.300827,-0.674673,0.00855254,0.00767869,10.476455,12.068826,2023-08-01
7313,2023-08-01 12:06:00,19800.0,19728.2,16516200,5132950,38.1,107.95,688600,374800,0.041397,-0.932352,0.00216098,0.00274654,10.553623,12.255133,2023-08-01
12571,2023-08-01 12:06:00,19850.0,19728.2,6845600,976150,23.9,143.5,282950,85150,0.001791,-0.993288,0.0001382,0.00038406,10.681638,12.582746,2023-08-01
17827,2023-08-01 12:06:00,19900.0,19728.2,8037600,1057150,14.45,184.4,274600,89500,2.6e-05,-0.999541,2.66e-06,3.194e-05,10.851314,13.240057,2023-08-01
23081,2023-08-01 12:06:00,19950.0,19728.2,4918200,219800,8.55,228.45,156600,14250,0.0,-0.999972,2e-08,2.19e-06,11.080596,14.058231,2023-08-01
28334,2023-08-01 12:06:00,20000.0,19728.2,7840350,480250,5.15,275.15,113150,11800,0.0,-0.999997,0.0,2e-07,11.432943,15.193598,2023-08-01
25708,2023-08-01 12:07:00,19500.0,19727.0,881150,7396600,238.05,11.1,18900,172800,,-4e-06,,3.6e-07,0.0,13.215225,2023-08-01
20455,2023-08-01 12:07:00,19550.0,19727.0,340450,3339100,193.9,16.6,11200,154850,1.0,-0.000158,4e-08,1.229e-05,9.169804,12.778567,2023-08-01
15200,2023-08-01 12:07:00,19600.0,19727.0,2773700,9936300,152.0,25.3,186200,335850,0.999656,-0.004132,3.329e-05,0.00025174,9.724716,12.50203,2023-08-01
9943,2023-08-01 12:07:00,19650.0,19727.0,2168950,5073150,114.4,37.95,110200,297850,0.977661,-0.05146,0.00137407,0.00221484,9.983974,12.293907,2023-08-01
4684,2023-08-01 12:07:00,19700.0,19727.0,8751550,10129350,82.55,55.75,531650,830950,0.757323,-0.279802,0.00791977,0.00712109,10.189562,12.19316,2023-08-01
2053,2023-08-01 12:07:00,19750.0,19727.0,9083250,4944550,56.2,79.7,631450,645250,0.285794,-0.681748,0.00856568,0.0075159,10.240508,12.24891,2023-08-01
7314,2023-08-01 12:07:00,19800.0,19727.0,16516200,5132950,36.8,110.0,742700,523800,0.036354,-0.932494,0.00197782,0.00269868,10.399145,12.483604,2023-08-01
12572,2023-08-01 12:07:00,19850.0,19727.0,6845600,976150,22.95,146.0,290150,85850,0.001409,-0.992669,0.00011279,0.00040585,10.54644,12.904438,2023-08-01
17828,2023-08-01 12:07:00,19900.0,19727.0,8037600,1057150,13.9,187.0,255150,113100,1.9e-05,-0.99943,1.99e-06,3.803e-05,10.759006,13.615949,2023-08-01
23082,2023-08-01 12:07:00,19950.0,19727.0,4918200,219800,8.35,230.85,187700,24300,0.0,-0.999962,2e-08,2.87e-06,11.056126,14.430785,2023-08-01
28335,2023-08-01 12:07:00,20000.0,19727.0,7840350,480250,5.1,278.15,102050,14650,0.0,-0.999995,0.0,3.7e-07,11.450707,15.791619,2023-08-01
25709,2023-08-01 12:08:00,19450.0,19723.05,80700,3300700,284.65,7.3,250,86050,1.0,0.0,0.0,1e-08,7.46968,13.483728,2023-08-01
20456,2023-08-01 12:08:00,19500.0,19723.05,875300,7394800,237.55,11.3,26700,190800,1.0,-5e-06,0.0,4.3e-07,9.553446,13.130526,2023-08-01
15201,2023-08-01 12:08:00,19550.0,19723.05,342350,3344100,193.2,16.85,7850,150050,0.999995,-0.000186,6.3e-07,1.445e-05,10.250326,12.674178,2023-08-01
9944,2023-08-01 12:08:00,19600.0,19723.05,2712500,9940600,151.8,25.6,134350,335650,0.998894,-0.004756,9.119e-05,0.00028923,10.481137,12.370397,2023-08-01
4685,2023-08-01 12:08:00,19650.0,19723.05,2165850,5014350,114.25,38.4,75600,215100,0.965273,-0.058144,0.0018907,0.00247557,10.505732,12.146283,2023-08-01
2054,2023-08-01 12:08:00,19700.0,19723.05,8638300,10107800,82.4,56.35,352600,738250,0.718299,-0.305602,0.00826633,0.0075484,10.566458,12.016165,2023-08-01
7315,2023-08-01 12:08:00,19750.0,19723.05,9059200,4910000,56.1,80.1,450400,516550,0.258375,-0.715747,0.00794122,0.00732837,10.533345,11.970597,2023-08-01
12573,2023-08-01 12:08:00,19800.0,19723.05,16434650,5132900,36.7,110.6,515400,384850,0.031699,-0.947739,0.00173349,0.00227429,10.628757,12.152759,2023-08-01
17829,2023-08-01 12:08:00,19850.0,19723.05,6857350,944600,22.95,147.1,245300,94200,0.001214,-0.995265,9.676e-05,0.00028367,10.751171,12.563038,2023-08-01
23083,2023-08-01 12:08:00,19900.0,19723.05,8081900,1051100,13.9,187.7,271250,121200,1.6e-05,-0.999747,1.68e-06,1.869e-05,10.933425,13.064464,2023-08-01
28336,2023-08-01 12:08:00,19950.0,19723.05,4887350,218550,8.25,232.0,165950,13300,0.0,-0.999987,1e-08,1.08e-06,11.171987,13.847836,2023-08-01
25710,2023-08-01 12:09:00,19450.0,19722.45,80950,3300700,284.25,7.3,250,55050,1.0,0.0,0.0,1e-08,8.110135,13.464466,2023-08-01
20457,2023-08-01 12:09:00,19500.0,19722.45,875300,7394800,238.25,11.25,13700,114450,1.0,-4e-06,0.0,4.1e-07,10.28505,13.091957,2023-08-01
15202,2023-08-01 12:09:00,19550.0,19722.45,342350,3344100,194.55,16.7,12150,106650,0.999983,-0.000176,1.76e-06,1.381e-05,10.867158,12.609637,2023-08-01
9945,2023-08-01 12:09:00,19600.0,19722.45,2712500,9940600,152.95,25.5,49900,252500,0.99838,-0.004697,0.00012489,0.0002879,10.868432,12.320288,2023-08-01
4686,2023-08-01 12:09:00,19650.0,19722.45,2165850,5014350,115.3,38.2,79900,221350,0.960607,-0.058123,0.00204607,0.00249565,10.788845,12.075431,2023-08-01
2055,2023-08-01 12:09:00,19700.0,19722.45,8638300,10107800,83.45,56.25,335550,578350,0.709504,-0.308885,0.00822211,0.00764006,10.806722,11.957995,2023-08-01
7316,2023-08-01 12:09:00,19750.0,19722.45,9059200,4910000,57.0,79.95,361200,405550,0.257043,-0.721905,0.00779312,0.00731632,10.731687,11.89397,2023-08-01
12574,2023-08-01 12:09:00,19800.0,19722.45,16434650,5132900,37.4,110.4,430450,314400,0.032374,-0.950941,0.00174131,0.0021863,10.793795,12.051272,2023-08-01
17830,2023-08-01 12:09:00,19850.0,19722.45,6857350,944600,23.35,146.25,216350,59300,0.001259,-0.996183,9.921e-05,0.0002394,10.868814,12.307279,2023-08-01
23084,2023-08-01 12:09:00,19900.0,19722.45,8081900,1051100,14.25,187.4,205550,178300,1.8e-05,-0.999806,1.82e-06,1.486e-05,11.056307,12.882318,2023-08-01
28337,2023-08-01 12:09:00,19950.0,19722.45,4887350,218550,8.45,231.55,117300,9500,0.0,-0.999992,1e-08,7e-07,11.270317,13.578559,2023-08-01
25711,2023-08-01 12:10:00,19500.0,19725.95,875300,7394800,243.1,10.75,20600,150950,1.0,-3e-06,1e-08,2.7e-07,11.073847,13.05925,2023-08-01
20458,2023-08-01 12:10:00,19550.0,19725.95,342350,3344100,198.0,16.05,6800,155900,0.999986,-0.000126,1.45e-06,1.013e-05,10.996045,12.589366,2023-08-01
15203,2023-08-01 12:10:00,19600.0,19725.95,2712500,9940600,156.3,24.5,81150,283100,0.998642,-0.00361,0.00010532,0.00022879,11.002584,12.279852,2023-08-01
9946,2023-08-01 12:10:00,19650.0,19725.95,2165850,5014350,118.3,36.9,89100,216500,0.966259,-0.049007,0.00178906,0.00219123,10.89508,12.041682,2023-08-01
4687,2023-08-01 12:10:00,19700.0,19725.95,8638300,10107800,85.55,54.35,364850,646000,0.737912,-0.281041,0.00782861,0.00737556,10.815796,11.886466,2023-08-01
2056,2023-08-01 12:10:00,19750.0,19725.95,9059200,4910000,58.9,77.25,349800,429950,0.285382,-0.698342,0.00819405,0.00770871,10.778102,11.754851,2023-08-01
7317,2023-08-01 12:10:00,19800.0,19725.95,16434650,5132900,38.8,107.55,499700,441450,0.039051,-0.944877,0.00202897,0.00242573,10.827844,11.943023,2023-08-01
12575,2023-08-01 12:10:00,19850.0,19725.95,6857350,944600,24.3,143.0,176550,68850,0.001644,-0.995733,0.00012665,0.00026817,10.889887,12.169292,2023-08-01
17831,2023-08-01 12:10:00,19900.0,19725.95,8081900,1051100,14.9,183.75,201500,91650,2.5e-05,-0.999801,2.52e-06,1.549e-05,11.077555,12.68263,2023-08-01
23085,2023-08-01 12:10:00,19950.0,19725.95,4887350,218550,8.85,227.15,140700,3850,0.0,-0.999994,2e-08,5.2e-07,11.282351,13.172585,2023-08-01
28338,2023-08-01 12:10:00,20000.0,19725.95,7841050,480050,5.35,273.85,114500,7500,0.0,-1.0,0.0,3e-08,11.618347,14.125141,2023-08-01
25712,2023-08-01 12:11:00,19500.0,19728.05,878000,7440900,241.3,10.95,6800,154100,1.0,-3e-06,0.0,2.7e-07,8.805816,13.212476,2023-08-01
20459,2023-08-01 12:11:00,19550.0,19728.05,339500,3380750,196.3,16.25,8500,67750,0.999999,-0.000121,1.1e-07,9.69e-06,9.764031,12.737153,2023-08-01
15204,2023-08-01 12:11:00,19600.0,19728.05,2712850,9917300,155.5,24.65,55350,214650,0.999383,-0.003395,5.405e-05,0.00021455,10.403781,12.419322,2023-08-01
9947,2023-08-01 12:11:00,19650.0,19728.05,2176150,5085000,117.4,37.15,62400,164650,0.97537,-0.046455,0.00144156,0.00207492,10.434049,12.212942,2023-08-01
4688,2023-08-01 12:11:00,19700.0,19728.05,8689000,10235350,85.35,54.85,293200,442050,0.759611,-0.269243,0.00767131,0.00709877,10.569709,12.120891,2023-08-01
2057,2023-08-01 12:11:00,19750.0,19728.05,9092850,4934400,58.4,77.95,246450,218050,0.298124,-0.678155,0.0085789,0.00774864,10.531565,12.05569,2023-08-01
7318,2023-08-01 12:11:00,19800.0,19728.05,16447650,5066750,38.45,107.85,265000,247750,0.040329,-0.935605,0.00212564,0.00268235,10.635104,12.229127,2023-08-01
12576,2023-08-01 12:11:00,19850.0,19728.05,6825950,944200,24.1,143.5,125050,40100,0.001658,-0.993951,0.0001297,0.00035505,10.740798,12.569249,2023-08-01
17832,2023-08-01 12:11:00,19900.0,19728.05,8069400,1147650,14.8,184.05,135700,56850,2.5e-05,-0.999643,2.52e-06,2.578e-05,10.960091,13.140758,2023-08-01
23086,2023-08-01 12:11:00,19950.0,19728.05,4893650,217650,8.8,227.35,122650,4350,0.0,-0.999985,2e-08,1.23e-06,11.185495,13.732862,2023-08-01
28339,2023-08-01 12:11:00,20000.0,19728.05,7852150,475100,5.35,274.25,51750,1950,0.0,-0.999999,0.0,1e-07,11.547974,14.875868,2023-08-01
25713,2023-08-01 12:12:00,19500.0,19727.15,878000,7440900,241.25,10.85,11700,101350,1.0,-3e-06,0.0,2.5e-07,9.434712,13.144704,2023-08-01
20460,2023-08-01 12:12:00,19550.0,19727.15,339500,3380750,196.3,16.25,5700,92750,0.999998,-0.00012,2.3e-07,9.69e-06,10.068608,12.699848,2023-08-01
15205,2023-08-01 12:12:00,19600.0,19727.15,2712850,9917300,154.75,24.75,51800,178000,0.999353,-0.003473,5.669e-05,0.00021993,10.401909,12.398271,2023-08-01
9948,2023-08-01 12:12:00,19650.0,19727.15,2176150,5085000,117.25,37.2,42050,136200,0.973226,-0.047377,0.00153533,0.00212051,10.532575,12.171478,2023-08-01
4689,2023-08-01 12:12:00,19700.0,19727.15,8689000,10235350,85.0,54.85,201900,336450,0.752477,-0.274175,0.00778798,0.00721825,10.604099,12.059341,2023-08-01
2058,2023-08-01 12:12:00,19750.0,19727.15,9092850,4934400,58.35,78.1,209150,217650,0.291113,-0.686289,0.00845503,0.00771798,10.596308,12.004148,2023-08-01
7319,2023-08-01 12:12:00,19800.0,19727.15,16447650,5066750,38.4,108.3,223500,152550,0.038767,-0.938747,0.00205409,0.00259034,10.684964,12.210665,2023-08-01
12577,2023-08-01 12:12:00,19850.0,19727.15,6825950,944200,24.05,144.0,95200,32050,0.00156,-0.994456,0.00012259,0.00033021,10.779166,12.542008,2023-08-01
17833,2023-08-01 12:12:00,19900.0,19727.15,8069400,1147650,14.75,184.4,142800,42100,2.3e-05,-0.9997,2.31e-06,2.21e-05,10.988732,13.059483,2023-08-01
23087,2023-08-01 12:12:00,19950.0,19727.15,4893650,217650,8.7,228.0,111150,2150,0.0,-0.999987,2e-08,1.06e-06,11.186483,13.704259,2023-08-01
28340,2023-08-01 12:12:00,20000.0,19727.15,7852150,475100,5.35,275.0,67250,2850,0.0,-0.999999,0.0,9e-08,11.581017,14.865333,2023-08-01
25714,2023-08-01 12:13:00,19500.0,19726.65,878000,7440900,240.9,10.8,2400,44350,1.0,-2e-06,0.0,2.4e-07,9.52483,13.109834,2023-08-01
20461,2023-08-01 12:13:00,19550.0,19726.65,339500,3380750,196.0,16.2,9250,52600,0.999998,-0.000116,2.6e-07,9.44e-06,10.124389,12.666351,2023-08-01
15206,2023-08-01 12:13:00,19600.0,19726.65,2712850,9917300,154.7,24.7,30300,131500,0.999276,-0.003435,6.242e-05,0.00021893,10.491746,12.364152,2023-08-01
9949,2023-08-01 12:13:00,19650.0,19726.65,2176150,5085000,117.65,37.05,21450,74850,0.971027,-0.047275,0.00162098,0.00213198,10.681395,12.115918,2023-08-01
4690,2023-08-01 12:13:00,19700.0,19726.65,8689000,10235350,85.05,54.85,122200,278200,0.747853,-0.276765,0.00783944,0.00729055,10.66576,12.02581,2023-08-01
2059,2023-08-01 12:13:00,19750.0,19726.65,9092850,4934400,58.5,78.05,138550,200850,0.287592,-0.691343,0.0083759,0.00771574,10.662655,11.953897,2023-08-01
7320,2023-08-01 12:13:00,19800.0,19726.65,16447650,5066750,38.55,108.25,147300,135250,0.038199,-0.941449,0.00202333,0.00251968,10.745174,12.148318,2023-08-01
12578,2023-08-01 12:13:00,19850.0,19726.65,6825950,944200,24.2,144.0,81500,25200,0.001543,-0.994931,0.000121,0.0003074,10.838462,12.472565,2023-08-01
17834,2023-08-01 12:13:00,19900.0,19726.65,8069400,1147650,14.8,184.35,57400,27350,2.2e-05,-0.999747,2.23e-06,1.906e-05,11.026035,12.957742,2023-08-01
23088,2023-08-01 12:13:00,19950.0,19726.65,4893650,217650,8.8,227.85,108450,1050,0.0,-0.999991,2e-08,8e-07,11.24345,13.546008,2023-08-01
28341,2023-08-01 12:13:00,20000.0,19726.65,7852150,475100,5.3,274.95,36400,350,0.0,-0.999999,0.0,6e-08,11.575379,14.708173,2023-08-01
25715,2023-08-01 12:14:00,19500.0,19729.3,875750,7517250,241.05,10.8,8950,105600,1.0,-2e-06,0.0,2.1e-07,6.873984,13.214992,2023-08-01
20462,2023-08-01 12:14:00,19550.0,19729.3,342750,3388450,196.5,16.1,1050,39750,1.0,-0.0001,3e-08,8.16e-06,9.399872,12.756264,2023-08-01
15207,2023-08-01 12:14:00,19600.0,19729.3,2717550,9916200,155.55,24.55,24800,128000,0.999615,-0.003036,3.599e-05,0.00019482,10.166652,12.464953,2023-08-01
9950,2023-08-01 12:14:00,19650.0,19729.3,2174350,5137050,117.85,36.95,35150,137300,0.978741,-0.043259,0.00129318,0.00196746,10.352515,12.253565,2023-08-01
4691,2023-08-01 12:14:00,19700.0,19729.3,8778800,10219500,85.4,54.7,112850,260100,0.773179,-0.260065,0.007566,0.00698864,10.455479,12.188035,2023-08-01
2060,2023-08-01 12:14:00,19750.0,19729.3,9168000,4933900,58.65,77.8,173350,202900,0.306653,-0.668519,0.0087969,0.00784427,10.479973,12.143618,2023-08-01
7321,2023-08-01 12:14:00,19800.0,19729.3,16518050,5037450,38.7,107.9,212100,158650,0.041437,-0.931307,0.00219529,0.00280689,10.606242,12.378811,2023-08-01
12579,2023-08-01 12:14:00,19850.0,19729.3,6863500,945100,24.25,143.45,67100,32900,0.001659,-0.993229,0.00013112,0.00039002,10.712558,12.738431,2023-08-01
17835,2023-08-01 12:14:00,19900.0,19729.3,8116550,1123250,14.9,183.9,75000,35600,2.4e-05,-0.999575,2.44e-06,3.008e-05,10.936687,13.333998,2023-08-01
23089,2023-08-01 12:14:00,19950.0,19729.3,4870650,217350,8.8,228.0,53050,1400,0.0,-0.999974,2e-08,2.03e-06,11.143084,14.194319,2023-08-01
28342,2023-08-01 12:14:00,20000.0,19729.3,7859900,475100,5.35,275.1,34300,1650,0.0,-0.999997,0.0,2.2e-07,11.510845,15.481945,2023-08-01
25716,2023-08-01 12:15:00,19500.0,19728.8,875750,7517250,243.0,10.65,8550,149250,1.0,-2e-06,0.0,1.9e-07,9.567239,13.145034,2023-08-01
20463,2023-08-01 12:15:00,19550.0,19728.8,342750,3388450,198.75,16.0,6500,103350,0.999997,-9.5e-05,3.2e-07,7.83e-06,10.425545,12.709047,2023-08-01
15208,2023-08-01 12:15:00,19600.0,19728.8,2717550,9916200,156.6,24.3,45650,195650,0.999406,-0.002912,5.204e-05,0.00018928,10.53464,12.386659,2023-08-01
9951,2023-08-01 12:15:00,19650.0,19728.8,2174350,5137050,118.8,36.5,39000,157200,0.975668,-0.042411,0.00141728,0.00195914,10.611678,12.141654,2023-08-01
4692,2023-08-01 12:15:00,19700.0,19728.8,8778800,10219500,86.2,54.0,181200,376600,0.765894,-0.260456,0.00758214,0.00710103,10.646713,12.035484,2023-08-01
2061,2023-08-01 12:15:00,19750.0,19728.8,9168000,4933900,59.25,77.05,191500,289850,0.30421,-0.675117,0.00867127,0.00790916,10.621555,11.977416,2023-08-01
7322,2023-08-01 12:15:00,19800.0,19728.8,16518050,5037450,38.9,106.9,242000,188200,0.040948,-0.93677,0.00216572,0.00268851,10.675454,12.151366,2023-08-01
12580,2023-08-01 12:15:00,19850.0,19728.8,6863500,945100,24.45,142.2,93800,48300,0.001655,-0.994591,0.00013031,0.00032854,10.78219,12.425904,2023-08-01
17836,2023-08-01 12:15:00,19900.0,19728.8,8116550,1123250,15.0,182.7,138750,46850,2.3e-05,-0.999718,2.4e-06,2.12e-05,10.987088,12.972664,2023-08-01
23090,2023-08-01 12:15:00,19950.0,19728.8,4870650,217350,8.85,226.1,107650,4250,0.0,-0.99999,2e-08,9e-07,11.182105,13.567743,2023-08-01
28343,2023-08-01 12:15:00,20000.0,19728.8,7859900,476050,5.35,273.0,39750,4000,0.0,-0.999999,0.0,7e-08,11.53011,14.68993,2023-08-01
25717,2023-08-01 12:16:00,19450.0,19722.7,81750,3307800,282.25,7.2,2150,133550,,0.0,,0.0,0.0,13.442579,2023-08-01
20464,2023-08-01 12:16:00,19500.0,19722.7,875750,7517250,236.45,11.2,40500,275500,1.0,-3e-06,0.0,2.9e-07,9.061788,13.098665,2023-08-01
15209,2023-08-01 12:16:00,19550.0,19722.7,342750,3388450,192.1,16.8,17450,203200,0.999998,-0.000143,2.8e-07,1.153e-05,9.998178,12.660554,2023-08-01
9952,2023-08-01 12:16:00,19600.0,19722.7,2717550,9916200,149.95,25.7,118650,350350,0.999368,-0.004218,5.754e-05,0.00026472,10.119975,12.388883,2023-08-01
4693,2023-08-01 12:16:00,19650.0,19722.7,2174350,5137050,113.75,38.6,117700,250550,0.967744,-0.055854,0.00182094,0.00244138,10.474763,12.176526,2023-08-01
2062,2023-08-01 12:16:00,19700.0,19722.7,8778800,10219500,81.5,56.7,418500,638750,0.721037,-0.305532,0.00847684,0.00767138,10.464929,12.063822,2023-08-01
7323,2023-08-01 12:16:00,19750.0,19722.7,9168000,4933900,55.95,80.85,453700,470900,0.251508,-0.720674,0.00797639,0.00734969,10.551338,12.077464,2023-08-01
12581,2023-08-01 12:16:00,19800.0,19722.7,16518050,5037450,36.65,111.6,514700,383950,0.028819,-0.949937,0.0016303,0.00221546,10.657079,12.302453,2023-08-01
17837,2023-08-01 12:16:00,19850.0,19722.7,6863500,945100,23.0,147.95,232700,97750,0.000999,-0.995706,8.226e-05,0.00026253,10.795267,12.693549,2023-08-01
23091,2023-08-01 12:16:00,19900.0,19722.7,8116550,1123250,14.15,189.05,299700,70600,1.3e-05,-0.999755,1.34e-06,1.814e-05,11.032058,13.325641,2023-08-01
28344,2023-08-01 12:16:00,19950.0,19722.7,4870650,217350,8.45,233.15,191100,14100,0.0,-0.999988,1e-08,1e-06,11.274586,14.095449,2023-08-01
25718,2023-08-01 12:17:00,19450.0,19721.65,81750,3340450,283.1,7.25,2600,133050,1.0,0.0,0.0,0.0,6.789879,13.429927,2023-08-01
20465,2023-08-01 12:17:00,19500.0,19721.65,879050,7574900,235.7,11.35,24950,296200,1.0,-3e-06,0.0,3.1e-07,9.246359,13.110117,2023-08-01
15210,2023-08-01 12:17:00,19550.0,19721.65,344350,3385450,191.5,17.0,13950,229200,0.999997,-0.000151,3.8e-07,1.22e-05,10.117517,12.669324,2023-08-01
9953,2023-08-01 12:17:00,19600.0,19721.65,2691150,9886700,150.95,25.95,147300,508600,0.998927,-0.004423,8.997e-05,0.0002769,10.567978,12.391397,2023-08-01
4694,2023-08-01 12:17:00,19650.0,19721.65,2176600,5111850,113.6,39.1,186800,458650,0.964621,-0.058471,0.00194861,0.00253111,10.589501,12.2081,2023-08-01
2063,2023-08-01 12:17:00,19700.0,19721.65,8674850,10186950,82.0,57.4,691800,1210500,0.709102,-0.313843,0.00851479,0.00775352,10.656649,12.108491,2023-08-01
7324,2023-08-01 12:17:00,19750.0,19721.65,9164200,4916350,56.1,81.55,806200,890050,0.244844,-0.728463,0.00780391,0.00725232,10.659254,12.102379,2023-08-01
12582,2023-08-01 12:17:00,19800.0,19721.65,16508400,4990600,36.85,112.6,865850,687650,0.028002,-0.951845,0.00158065,0.00214296,10.760047,12.362537,2023-08-01
17838,2023-08-01 12:17:00,19850.0,19721.65,6875350,927000,23.05,148.55,339900,174200,0.000951,-0.996131,7.832e-05,0.00024038,10.861655,12.662713,2023-08-01
23092,2023-08-01 12:17:00,19900.0,19721.65,8146650,1097000,14.2,190.0,392200,154250,1.2e-05,-0.999775,1.27e-06,1.678e-05,11.093503,13.354311,2023-08-01
28345,2023-08-01 12:17:00,19950.0,19721.65,4846000,217500,8.5,234.0,248250,16850,0.0,-0.99999,1e-08,8.7e-07,11.335015,14.087209,2023-08-01
25719,2023-08-01 12:18:00,19500.0,19726.6,879050,7574900,240.7,10.85,28300,112000,1.0,-2e-06,0.0,1.9e-07,9.441178,13.135189,2023-08-01
20466,2023-08-01 12:18:00,19550.0,19726.6,344350,3385450,196.4,16.3,8800,115700,0.999998,-0.000101,2.8e-07,8.34e-06,10.296024,12.700842,2023-08-01
15211,2023-08-01 12:18:00,19600.0,19726.6,2691150,9886700,154.6,24.7,64600,231600,0.999371,-0.003117,5.558e-05,0.0002031,10.489412,12.370768,2023-08-01
9954,2023-08-01 12:18:00,19650.0,19726.6,2176600,5111850,116.95,37.2,74400,217900,0.973835,-0.045764,0.00152498,0.00209812,10.56381,12.149809,2023-08-01
4695,2023-08-01 12:18:00,19700.0,19726.6,8674850,10186950,84.7,54.8,312650,510450,0.750992,-0.274614,0.0079212,0.00735881,10.621532,12.022226,2023-08-01
2064,2023-08-01 12:18:00,19750.0,19726.6,9164200,4916350,58.1,78.45,334050,504200,0.283631,-0.693064,0.00847024,0.00775081,10.610085,12.024212,2023-08-01
7325,2023-08-01 12:18:00,19800.0,19726.6,16508400,4990600,38.2,108.1,285600,260300,0.035556,-0.944294,0.0019417,0.00245902,10.695774,12.124224,2023-08-01
12583,2023-08-01 12:18:00,19850.0,19726.6,6875350,927000,24.0,144.45,166450,74300,0.001319,-0.995162,0.0001065,0.00029658,10.809011,12.561677,2023-08-01
17839,2023-08-01 12:18:00,19900.0,19726.6,8146650,1097000,14.65,184.5,154850,52700,1.6e-05,-0.99978,1.73e-06,1.689e-05,10.998319,12.990408,2023-08-01
23093,2023-08-01 12:18:00,19950.0,19726.6,4846000,217500,8.7,228.75,105400,2800,0.0,-0.99999,1e-08,8.7e-07,11.219462,13.791403,2023-08-01
28346,2023-08-01 12:18:00,20000.0,19726.6,7859750,473900,5.25,274.65,62300,7200,0.0,-1.0,0.0,4e-08,11.562131,14.60125,2023-08-01
25720,2023-08-01 12:19:00,19500.0,19731.75,879050,7574900,244.8,10.75,34200,143750,1.0,-1e-06,0.0,1.5e-07,8.774508,13.302727,2023-08-01
20467,2023-08-01 12:19:00,19550.0,19731.75,344350,3385450,199.5,15.95,16700,196850,1.0,-7.4e-05,4e-08,6.16e-06,9.728933,12.830829,2023-08-01
15212,2023-08-01 12:19:00,19600.0,19731.75,2691150,9886700,158.1,24.1,99650,297950,0.999688,-0.002367,2.956e-05,0.00015722,10.315137,12.495656,2023-08-01
9955,2023-08-01 12:19:00,19650.0,19731.75,2176600,5111850,119.9,36.45,113700,224350,0.982309,-0.037457,0.00111342,0.00176464,10.418683,12.310308,2023-08-01
4696,2023-08-01 12:19:00,19700.0,19731.75,8674850,10186950,87.05,53.55,477200,585650,0.79334,-0.240196,0.0072349,0.00679598,10.494206,12.170787,2023-08-01
2065,2023-08-01 12:19:00,19750.0,19731.75,9164200,4916350,60.0,76.5,458750,356850,0.326916,-0.651017,0.00912201,0.00810178,10.518277,12.145681,2023-08-01
7326,2023-08-01 12:19:00,19800.0,19731.75,16508400,4990600,39.4,106.1,423000,296150,0.04463,-0.927496,0.00236602,0.00297333,10.583681,12.337885,2023-08-01
12584,2023-08-01 12:19:00,19850.0,19731.75,6875350,927000,24.8,141.3,150000,58900,0.001774,-0.993136,0.00014124,0.00040212,10.707249,12.667026,2023-08-01
17840,2023-08-01 12:19:00,19900.0,19731.75,8146650,1097000,15.1,181.85,258750,59150,2.3e-05,-0.999576,2.37e-06,3.047e-05,10.889311,13.311055,2023-08-01
23094,2023-08-01 12:19:00,19950.0,19731.75,4846000,217500,8.9,225.2,161900,8650,0.0,-0.99998,1e-08,1.61e-06,11.093246,14.000449,2023-08-01
28347,2023-08-01 12:19:00,20000.0,19731.75,7859750,473900,5.35,270.65,73950,5000,0.0,-0.999999,0.0,8e-08,11.43614,14.769043,2023-08-01
25721,2023-08-01 12:20:00,19500.0,19730.6,890450,7612750,243.7,10.75,9450,84050,1.0,-1e-06,0.0,1.4e-07,8.790805,13.260072,2023-08-01
20468,2023-08-01 12:20:00,19550.0,19730.6,345050,3404700,199.1,16.05,8350,111050,0.999999,-7.6e-05,8e-08,6.37e-06,9.981373,12.810474,2023-08-01
15213,2023-08-01 12:20:00,19600.0,19730.6,2698750,9874800,157.65,24.2,45950,126950,0.999609,-0.002441,3.616e-05,0.00016249,10.442773,12.462897,2023-08-01
9956,2023-08-01 12:20:00,19650.0,19730.6,2195300,5093550,119.5,36.55,65450,130300,0.980426,-0.03859,0.00120663,0.00181973,10.506457,12.264403,2023-08-01
4697,2023-08-01 12:20:00,19700.0,19730.6,8895350,10146650,86.9,53.8,332500,423600,0.783398,-0.246908,0.00738853,0.00693659,10.590954,12.135413,2023-08-01
2066,2023-08-01 12:20:00,19750.0,19730.6,9293100,4856700,59.7,76.75,262800,220900,0.316747,-0.661403,0.00898916,0.00806845,10.56285,12.090589,2023-08-01
7327,2023-08-01 12:20:00,19800.0,19730.6,16497200,5005000,39.3,106.3,289250,176900,0.04241,-0.932774,0.00226427,0.00283295,10.641598,12.250323,2023-08-01
12585,2023-08-01 12:20:00,19850.0,19730.6,6863100,930050,24.65,141.75,101950,26550,0.001623,-0.993944,0.0001302,0.00036289,10.738866,12.597198,2023-08-01
17841,2023-08-01 12:20:00,19900.0,19730.6,8070950,1083850,15.0,181.5,130350,39750,2e-05,-0.999711,2.11e-06,2.19e-05,10.916594,13.029985,2023-08-01
23095,2023-08-01 12:20:00,19950.0,19730.6,4930100,215050,8.9,224.75,127950,6550,0.0,-0.99999,1e-08,8.9e-07,11.139841,13.620566,2023-08-01
28348,2023-08-01 12:20:00,20000.0,19730.6,7887550,473900,5.35,272.35,51050,4000,0.0,-0.999999,0.0,9e-08,11.477917,14.990781,2023-08-01
25722,2023-08-01 12:21:00,19500.0,19730.1,890450,7612750,243.45,10.9,7450,123800,1.0,-2e-06,0.0,1.5e-07,8.996988,13.295114,2023-08-01
20469,2023-08-01 12:21:00,19550.0,19730.1,345050,3404700,198.1,16.2,8000,50500,1.0,-7.8e-05,5e-08,6.54e-06,9.772577,12.83186,2023-08-01
15214,2023-08-01 12:21:00,19600.0,19730.1,2698750,9874800,157.2,24.5,35600,128100,0.999607,-0.002542,3.647e-05,0.00016846,10.434954,12.506551,2023-08-01
9957,2023-08-01 12:21:00,19650.0,19730.1,2195300,5093550,119.25,36.8,53800,123100,0.979848,-0.039361,0.0012373,0.00185121,10.530441,12.284301,2023-08-01
4698,2023-08-01 12:21:00,19700.0,19730.1,8895350,10146650,86.55,54.15,159650,326750,0.7804,-0.250312,0.00747146,0.00699064,10.584891,12.162092,2023-08-01
2067,2023-08-01 12:21:00,19750.0,19730.1,9293100,4856700,59.45,77.2,196350,196250,0.311792,-0.665426,0.00895207,0.00803013,10.563312,12.12419,2023-08-01
7328,2023-08-01 12:21:00,19800.0,19730.1,16497200,5005000,39.2,107.0,200550,156000,0.041113,-0.933601,0.00221055,0.00279755,10.65779,12.31981,2023-08-01
12586,2023-08-01 12:21:00,19850.0,19730.1,6863100,930050,24.5,142.55,80250,30300,0.001516,-0.99394,0.00012271,0.00036153,10.736066,12.68506,2023-08-01
17842,2023-08-01 12:21:00,19900.0,19730.1,8070950,1083850,14.95,182.95,86200,29250,1.8e-05,-0.99966,1.96e-06,2.502e-05,10.927775,13.271427,2023-08-01
23096,2023-08-01 12:21:00,19950.0,19730.1,4930100,215050,8.8,226.25,61500,6950,0.0,-0.999986,1e-08,1.17e-06,11.125829,13.915563,2023-08-01
28349,2023-08-01 12:21:00,20000.0,19730.1,7887550,473250,5.3,272.8,46150,1900,0.0,-0.999999,0.0,8e-08,11.472456,14.99684,2023-08-01
25723,2023-08-01 12:22:00,19500.0,19732.3,890450,7612750,243.3,11.0,21800,110400,,-1e-06,,1.4e-07,0.0,13.417771,2023-08-01
20470,2023-08-01 12:22:00,19550.0,19732.3,345050,3404700,198.0,16.3,7950,94200,1.0,-7.2e-05,0.0,6.05e-06,8.861061,12.956877,2023-08-01
15215,2023-08-01 12:22:00,19600.0,19732.3,2698750,9874800,156.8,24.8,37000,147550,0.999853,-0.00243,1.543e-05,0.00015985,9.86392,12.6842,2023-08-01
9958,2023-08-01 12:22:00,19650.0,19732.3,2195300,5093550,118.9,37.05,63450,139200,0.985815,-0.03712,0.00095364,0.0017442,10.145145,12.460927,2023-08-01
4699,2023-08-01 12:22:00,19700.0,19732.3,8895350,10146650,86.15,54.35,199700,282950,0.803805,-0.238017,0.0072112,0.00671632,10.286648,12.350991,2023-08-01
2068,2023-08-01 12:22:00,19750.0,19732.3,9293100,4856700,59.05,77.65,322850,201300,0.327592,-0.644945,0.00937708,0.00805561,10.321851,12.388796,2023-08-01
7329,2023-08-01 12:22:00,19800.0,19732.3,16497200,5005000,39.0,107.3,221100,174650,0.043142,-0.923025,0.00234257,0.00306923,10.483553,12.60991,2023-08-01
12587,2023-08-01 12:22:00,19850.0,19732.3,6863100,930050,24.5,142.7,137750,65300,0.001595,-0.991936,0.00013024,0.00045459,10.622203,13.016305,2023-08-01
17843,2023-08-01 12:22:00,19900.0,19732.3,8070950,1083850,14.95,182.95,153000,21000,1.9e-05,-0.999458,2.03e-06,3.758e-05,10.831483,13.654777,2023-08-01
23097,2023-08-01 12:22:00,19950.0,19732.3,4930100,215050,8.85,226.95,81250,2400,0.0,-0.999964,1e-08,2.76e-06,11.060144,14.579172,2023-08-01
28350,2023-08-01 12:22:00,20000.0,19732.3,7887550,473250,5.35,272.45,56050,6250,0.0,-0.999998,0.0,1.8e-07,11.423076,15.475024,2023-08-01
25724,2023-08-01 12:23:00,19500.0,19728.55,905050,7633950,238.7,11.3,13400,114650,,-2e-06,,1.8e-07,0.0,13.376816,2023-08-01
20471,2023-08-01 12:23:00,19550.0,19728.55,350200,3409200,193.75,16.9,8450,110300,1.0,-9.5e-05,0.0,7.84e-06,8.486792,12.958196,2023-08-01
15216,2023-08-01 12:23:00,19600.0,19728.55,2705050,9900450,152.7,25.6,49700,127700,0.999854,-0.003015,1.58e-05,0.00019492,9.607426,12.675039,2023-08-01
9959,2023-08-01 12:23:00,19650.0,19728.55,2196900,5091100,115.3,38.6,53850,129350,0.9836,-0.044672,0.00110188,0.00202082,9.974045,12.535002,2023-08-01
4700,2023-08-01 12:23:00,19700.0,19728.55,9021300,10029350,83.4,56.55,231550,335400,0.777972,-0.265297,0.00783852,0.0070671,10.207889,12.466245,2023-08-01
2069,2023-08-01 12:23:00,19750.0,19728.55,9353700,4851350,56.95,80.4,291100,274350,0.291841,-0.673319,0.00898254,0.00773998,10.274431,12.526639,2023-08-01
7330,2023-08-01 12:23:00,19800.0,19728.55,16551600,5011350,37.4,110.5,232550,157250,0.034095,-0.932031,0.00194731,0.00276401,10.439847,12.765533,2023-08-01
12588,2023-08-01 12:23:00,19850.0,19728.55,6900950,961450,23.5,146.95,112500,48250,0.001128,-0.992489,9.522e-05,0.00041829,10.612518,13.326907,2023-08-01
17844,2023-08-01 12:23:00,19900.0,19728.55,8124450,1087150,14.45,187.1,139600,34750,1.3e-05,-0.999488,1.4e-06,3.506e-05,10.868671,13.931669,2023-08-01
23098,2023-08-01 12:23:00,19950.0,19728.55,4940900,216100,8.65,231.5,112200,4000,0.0,-0.999961,1e-08,2.95e-06,11.136174,14.954498,2023-08-01
28351,2023-08-01 12:23:00,20000.0,19728.55,7904500,469750,5.25,278.45,53500,1150,0.0,-0.999995,0.0,3.5e-07,11.505019,16.293683,2023-08-01
25725,2023-08-01 12:24:00,19500.0,19731.45,905050,7633950,241.3,11.05,1550,89750,,-1e-06,,1.3e-07,0.0,13.406103,2023-08-01
20472,2023-08-01 12:24:00,19550.0,19731.45,350200,3409200,196.85,16.3,5650,79600,1.0,-6.9e-05,0.0,5.82e-06,8.690505,12.923807,2023-08-01
15217,2023-08-01 12:24:00,19600.0,19731.45,2705050,9900450,156.5,24.75,32100,139250,0.999825,-0.002371,1.802e-05,0.00015777,9.976945,12.634636,2023-08-01
9960,2023-08-01 12:24:00,19650.0,19731.45,2196900,5091100,118.35,37.15,39850,108700,0.985265,-0.037536,0.00098886,0.00177347,10.163848,12.434112,2023-08-01
4701,2023-08-01 12:24:00,19700.0,19731.45,9021300,10029350,86.0,54.5,185100,316650,0.797287,-0.242108,0.00734556,0.00683217,10.354798,12.321129,2023-08-01
2070,2023-08-01 12:24:00,19750.0,19731.45,9353700,4851350,59.3,77.75,247800,248550,0.320565,-0.653204,0.00924182,0.00806449,10.436014,12.336377,2023-08-01
7331,2023-08-01 12:24:00,19800.0,19731.45,16551600,5011350,39.1,107.55,197450,136150,0.041466,-0.927407,0.00226451,0.00296121,10.559653,12.565827,2023-08-01
12589,2023-08-01 12:24:00,19850.0,19731.45,6900950,961450,24.5,143.7,103050,61450,0.001476,-0.992275,0.00012145,0.0004374,10.670871,13.096654,2023-08-01
17845,2023-08-01 12:24:00,19900.0,19731.45,8124450,1087150,14.85,184.2,109650,21700,1.6e-05,-0.999463,1.75e-06,3.713e-05,10.847203,13.788461,2023-08-01
23099,2023-08-01 12:24:00,19950.0,19731.45,4940900,216100,8.8,227.9,63550,3300,0.0,-0.999967,1e-08,2.57e-06,11.079378,14.646333,2023-08-01
28352,2023-08-01 12:24:00,20000.0,19731.45,7904500,469750,5.35,274.35,74200,2450,0.0,-0.999997,0.0,2.3e-07,11.456497,15.824705,2023-08-01
25726,2023-08-01 12:25:00,19500.0,19727.6,905050,7633950,238.9,11.3,8200,110550,,-2e-06,,1.7e-07,0.0,13.343549,2023-08-01
20473,2023-08-01 12:25:00,19550.0,19727.6,350200,3409200,195.2,16.75,3900,42350,1.0,-8.7e-05,3e-08,7.28e-06,9.53273,12.879912,2023-08-01
15218,2023-08-01 12:25:00,19600.0,19727.6,2705050,9900450,153.75,25.6,28150,136550,0.999711,-0.002979,2.86e-05,0.00019452,10.090884,12.631038,2023-08-01
9961,2023-08-01 12:25:00,19650.0,19727.6,2196900,5091100,116.0,38.35,44650,118200,0.980416,-0.044487,0.00125374,0.00204114,10.253509,12.436016,2023-08-01
4702,2023-08-01 12:25:00,19700.0,19727.6,9021300,10029350,84.1,56.15,146400,263850,0.766795,-0.268866,0.007929,0.00722998,10.430827,12.334612,2023-08-01
2071,2023-08-01 12:25:00,19750.0,19727.6,9353700,4851350,57.75,79.8,188750,160950,0.286247,-0.684033,0.00876817,0.00778599,10.486982,12.347769,2023-08-01
7332,2023-08-01 12:25:00,19800.0,19727.6,16551600,5011350,37.9,110.2,200150,168300,0.033519,-0.937941,0.00190274,0.00262081,10.59297,12.613338,2023-08-01
12590,2023-08-01 12:25:00,19850.0,19727.6,6900950,961450,23.9,145.9,82200,34800,0.001123,-0.994248,9.414e-05,0.00034061,10.749674,12.996666,2023-08-01
17846,2023-08-01 12:25:00,19900.0,19727.6,8124450,1087150,14.65,186.3,91250,14450,1.2e-05,-0.999667,1.35e-06,2.424e-05,10.967718,13.591843,2023-08-01
23100,2023-08-01 12:25:00,19950.0,19727.6,4940900,216100,8.7,230.35,76350,800,0.0,-0.999981,1e-08,1.51e-06,11.194688,14.457731,2023-08-01
28353,2023-08-01 12:25:00,20000.0,19727.6,7904500,469750,5.3,277.1,31750,1500,0.0,-0.999998,0.0,1.3e-07,11.566788,15.660016,2023-08-01
25727,2023-08-01 12:26:00,19500.0,19727.15,906350,7618900,239.55,11.2,4800,90700,1.0,-2e-06,0.0,1.5e-07,7.994493,13.293608,2023-08-01
20474,2023-08-01 12:26:00,19550.0,19727.15,350850,3383750,195.0,16.65,1800,90500,1.0,-8.2e-05,4e-08,6.95e-06,9.618149,12.835083,2023-08-01
15219,2023-08-01 12:26:00,19600.0,19727.15,2702650,9903350,153.8,25.3,25650,128700,0.999666,-0.002831,3.247e-05,0.00018758,10.199315,12.544666,2023-08-01
9962,2023-08-01 12:26:00,19650.0,19727.15,2209250,5111950,116.55,38.0,28850,117650,0.978404,-0.043824,0.00134303,0.00203684,10.427141,12.345918,2023-08-01
4703,2023-08-01 12:26:00,19700.0,19727.15,9035500,10036900,84.5,55.75,145150,252650,0.761333,-0.269994,0.00796344,0.00732329,10.547863,12.236435,2023-08-01
2072,2023-08-01 12:26:00,19750.0,19727.15,9365450,4827000,57.75,79.35,151850,228600,0.282462,-0.689619,0.00870524,0.00781882,10.524534,12.235295,2023-08-01
7333,2023-08-01 12:26:00,19800.0,19727.15,16629900,5023050,38.0,109.5,171000,131700,0.032915,-0.942125,0.00187104,0.0025222,10.641187,12.443199,2023-08-01
12591,2023-08-01 12:26:00,19850.0,19727.15,6952300,996300,23.95,145.3,81900,32250,0.001088,-0.995041,9.14e-05,0.00030348,10.785544,12.818448,2023-08-01
17847,2023-08-01 12:26:00,19900.0,19727.15,8183900,1091900,14.65,185.95,68800,31500,1.2e-05,-0.999731,1.27e-06,2.013e-05,10.989622,13.4346,2023-08-01
23101,2023-08-01 12:26:00,19950.0,19727.15,4975200,216550,8.7,230.4,63700,2500,0.0,-0.999985,1e-08,1.27e-06,11.21403,14.373616,2023-08-01
28354,2023-08-01 12:26:00,20000.0,19727.15,7887450,472450,5.3,276.45,54550,11150,0.0,-0.999999,0.0,8e-08,11.584335,15.343267,2023-08-01
25728,2023-08-01 12:27:00,19500.0,19725.25,906350,7618900,239.2,11.1,4550,81650,1.0,-1e-06,0.0,1.4e-07,9.330162,13.186649,2023-08-01
20475,2023-08-01 12:27:00,19550.0,19725.25,350850,3383750,195.2,16.6,7050,79400,0.999998,-8.3e-05,2.1e-07,7.08e-06,10.321024,12.740066,2023-08-01
15220,2023-08-01 12:27:00,19600.0,19725.25,2702650,9903350,153.85,25.15,27700,139050,0.999393,-0.002882,5.451e-05,0.00019313,10.594445,12.418169,2023-08-01
9963,2023-08-01 12:27:00,19650.0,19725.25,2209250,5111950,116.55,37.9,27050,248700,0.973125,-0.045675,0.00157835,0.00213408,10.691906,12.217003,2023-08-01
4704,2023-08-01 12:27:00,19700.0,19725.25,9035500,10036900,84.45,55.6,154800,318900,0.742794,-0.28105,0.00816646,0.0075887,10.734925,12.077927,2023-08-01
2073,2023-08-01 12:27:00,19750.0,19725.25,9365450,4827000,57.8,79.15,177050,228550,0.268665,-0.707907,0.00839013,0.00775483,10.684233,12.037249,2023-08-01
7334,2023-08-01 12:27:00,19800.0,19725.25,16629900,5023050,38.1,109.4,159750,157400,0.030833,-0.950398,0.00175477,0.00227984,10.780608,12.217049,2023-08-01
12592,2023-08-01 12:27:00,19850.0,19725.25,6952300,996300,23.9,145.7,62900,43300,0.000982,-0.996154,8.278e-05,0.00024613,10.875816,12.629906,2023-08-01
17848,2023-08-01 12:27:00,19900.0,19725.25,8183900,1091900,14.7,185.75,66450,24350,1.1e-05,-0.999849,1.16e-06,1.21e-05,11.089035,13.044697,2023-08-01
23102,2023-08-01 12:27:00,19950.0,19725.25,4975200,216550,8.7,230.1,52000,3750,0.0,-0.999994,1e-08,5.5e-07,11.289296,13.862163,2023-08-01
28355,2023-08-01 12:27:00,20000.0,19725.25,7887450,472450,5.3,276.7,28500,4400,0.0,-1.0,0.0,3e-08,11.651897,14.897029,2023-08-01
25729,2023-08-01 12:28:00,19450.0,19723.8,85250,3357500,285.1,7.1,400,56850,,0.0,,0.0,0.0,13.460758,2023-08-01
20476,2023-08-01 12:28:00,19500.0,19723.8,906350,7618900,239.55,11.1,7200,136250,1.0,-1e-06,0.0,1.4e-07,10.371147,13.131657,2023-08-01
15221,2023-08-01 12:28:00,19550.0,19723.8,350850,3383750,195.7,16.5,25950,94750,0.999994,-8.1e-05,7e-07,7e-06,10.911874,12.651263,2023-08-01
9964,2023-08-01 12:28:00,19600.0,19723.8,2702650,9903350,154.0,25.1,85550,244950,0.999079,-0.002936,7.796e-05,0.00019827,10.909568,12.336043,2023-08-01
4705,2023-08-01 12:28:00,19650.0,19723.8,2209250,5111950,116.75,37.9,47750,148700,0.968281,-0.047259,0.00177706,0.00221472,10.928273,12.132979,2023-08-01
2074,2023-08-01 12:28:00,19700.0,19723.8,9035500,10036900,84.35,55.6,216900,396950,0.728897,-0.290073,0.00831058,0.00779098,10.865912,11.976271,2023-08-01
7335,2023-08-01 12:28:00,19750.0,19723.8,9365450,4827000,57.95,79.3,185150,204250,0.25879,-0.721275,0.00814759,0.00766969,10.824518,11.935864,2023-08-01
12593,2023-08-01 12:28:00,19800.0,19723.8,16629900,5023050,38.15,109.45,254650,194800,0.029203,-0.956084,0.00166646,0.00209963,10.882463,12.064821,2023-08-01
17849,2023-08-01 12:28:00,19850.0,19723.8,6952300,996300,24.0,145.4,89650,57800,0.000928,-0.997133,7.81e-05,0.00019365,10.974095,12.362115,2023-08-01
23103,2023-08-01 12:28:00,19900.0,19723.8,8183900,1091900,14.65,185.6,83150,31300,9e-06,-0.999909,1.03e-06,7.75e-06,11.141799,12.737301,2023-08-01
28356,2023-08-01 12:28:00,19950.0,19723.8,4975200,216550,8.75,229.15,125900,14350,0.0,-0.999998,0.0,1.9e-07,11.365208,13.240963,2023-08-01
25730,2023-08-01 12:29:00,19450.0,19720.25,85850,3318500,284.0,7.2,850,42550,1.0,0.0,0.0,0.0,10.628983,13.382137,2023-08-01
20477,2023-08-01 12:29:00,19500.0,19720.25,902350,7576550,237.75,11.2,12150,110250,1.0,-2e-06,0.0,1.6e-07,11.093647,13.027823,2023-08-01
15222,2023-08-01 12:29:00,19550.0,19720.25,339200,3367650,193.75,16.75,13200,153150,0.999984,-9.5e-05,1.67e-06,8.23e-06,11.260999,12.563549,2023-08-01
9965,2023-08-01 12:29:00,19600.0,19720.25,2672700,9883150,152.25,25.6,76450,246450,0.998497,-0.003479,0.00011979,0.00023293,11.156902,12.266576,2023-08-01
4706,2023-08-01 12:29:00,19650.0,19720.25,2170150,5292800,114.7,38.4,59300,181450,0.960733,-0.053468,0.00210759,0.00247469,11.009897,12.016049,2023-08-01
2075,2023-08-01 12:29:00,19700.0,19720.25,8987550,10121350,82.8,56.55,314150,470650,0.697601,-0.316579,0.008706,0.00818874,10.956203,11.883679,2023-08-01
7336,2023-08-01 12:29:00,19750.0,19720.25,9376450,4839700,56.75,80.25,281450,357750,0.231643,-0.751294,0.00764535,0.00735442,10.89994,11.778787,2023-08-01
12594,2023-08-01 12:29:00,19800.0,19720.25,16573300,4945500,37.35,111.0,540500,365050,0.024257,-0.964958,0.00142111,0.00177121,10.960975,11.936947,2023-08-01
17850,2023-08-01 12:29:00,19850.0,19720.25,6939750,976700,23.6,147.25,148600,71050,0.000736,-0.998037,6.268e-05,0.00013957,11.074532,12.211228,2023-08-01
23104,2023-08-01 12:29:00,19900.0,19720.25,8184600,1081700,14.45,187.8,154050,49050,7e-06,-0.999947,8e-07,4.7e-06,11.246363,12.578181,2023-08-01
28357,2023-08-01 12:29:00,19950.0,19720.25,4978000,216400,8.6,231.35,108250,13850,0.0,-0.999999,0.0,8e-08,11.449229,12.984993,2023-08-01
25731,2023-08-01 12:30:00,19450.0,19721.5,85850,3318500,285.95,7.1,400,47400,1.0,0.0,0.0,0.0,11.19742,13.383235,2023-08-01
20478,2023-08-01 12:30:00,19500.0,19721.5,902350,7576550,238.85,11.1,14650,99050,1.0,-1e-06,0.0,1.4e-07,11.07467,13.045082,2023-08-01
15223,2023-08-01 12:30:00,19550.0,19721.5,339200,3367650,194.95,16.6,6950,119800,0.999986,-8.4e-05,1.49e-06,7.3e-06,11.301008,12.580597,2023-08-01
9966,2023-08-01 12:30:00,19600.0,19721.5,2672700,9883150,153.25,25.4,48950,222450,0.998669,-0.003173,0.00010743,0.00021465,11.163226,12.288622,2023-08-01
4707,2023-08-01 12:30:00,19650.0,19721.5,2170150,5292800,115.75,38.15,53650,145800,0.963204,-0.050405,0.00199741,0.00236186,11.04715,12.046189,2023-08-01
2076,2023-08-01 12:30:00,19700.0,19721.5,8987550,10121350,83.55,56.1,271100,436350,0.708781,-0.306178,0.00857523,0.00808221,10.962729,11.899424,2023-08-01
7337,2023-08-01 12:30:00,19750.0,19721.5,9376450,4839700,57.3,79.75,360200,290800,0.240642,-0.74207,0.00783009,0.00749754,10.898056,11.809186,2023-08-01
12595,2023-08-01 12:30:00,19800.0,19721.5,16573300,4945500,37.9,110.25,291400,275250,0.026016,-0.962953,0.00150778,0.00185704,10.984934,11.948423,2023-08-01
17851,2023-08-01 12:30:00,19850.0,19721.5,6939750,976700,23.8,146.5,176450,60050,0.000779,-0.997852,6.632e-05,0.0001514,11.054713,12.247343,2023-08-01
23105,2023-08-01 12:30:00,19900.0,19721.5,8184600,1081700,14.6,187.0,138050,47750,8e-06,-0.99994,8.5e-07,5.33e-06,11.233848,12.631121,2023-08-01
28358,2023-08-01 12:30:00,19950.0,19721.5,4978000,216400,8.7,230.95,109600,8200,0.0,-0.999999,0.0,1.3e-07,11.439692,13.191619,2023-08-01
25732,2023-08-01 12:31:00,19500.0,19727.05,902350,7576550,241.25,10.85,20650,150450,1.0,-1e-06,0.0,9e-08,9.574633,13.178751,2023-08-01
20479,2023-08-01 12:31:00,19550.0,19727.05,339200,3367650,197.35,16.15,18350,140650,0.999998,-5.7e-05,2e-07,5.07e-06,10.523493,12.704423,2023-08-01
15224,2023-08-01 12:31:00,19600.0,19727.05,2672700,9883150,154.95,24.6,100350,318500,0.999585,-0.002281,3.909e-05,0.00015834,10.517648,12.395055,2023-08-01
9967,2023-08-01 12:31:00,19650.0,19727.05,2170150,5292800,117.65,37.1,86300,246750,0.977301,-0.039838,0.00138819,0.00193762,10.666835,12.180378,2023-08-01
4708,2023-08-01 12:31:00,19700.0,19727.05,8987550,10121350,85.3,54.8,372550,613400,0.760197,-0.26534,0.00797537,0.00745785,10.705953,12.076077,2023-08-01
2077,2023-08-01 12:31:00,19750.0,19727.05,9376450,4839700,58.6,78.0,342050,420650,0.281741,-0.696269,0.00868327,0.00799952,10.684399,12.009685,2023-08-01
7338,2023-08-01 12:31:00,19800.0,19727.05,16573300,4945500,38.7,108.05,327550,297750,0.032627,-0.948555,0.00185863,0.00237904,10.782502,12.185578,2023-08-01
12596,2023-08-01 12:31:00,19850.0,19727.05,6939750,976700,24.3,143.6,230600,110600,0.001017,-0.996411,8.64e-05,0.00023673,10.87385,12.477414,2023-08-01
17852,2023-08-01 12:31:00,19900.0,19727.05,8184600,1081700,14.8,184.3,193200,48150,1e-05,-0.999851,1.08e-06,1.214e-05,11.043645,13.045285,2023-08-01
23106,2023-08-01 12:31:00,19950.0,19727.05,4978000,216400,8.75,228.65,131800,14350,0.0,-0.999994,0.0,5.5e-07,11.245714,13.886123,2023-08-01
28359,2023-08-01 12:31:00,20000.0,19727.05,7888900,464450,5.3,274.55,79150,7250,0.0,-1.0,0.0,2e-08,11.597897,14.71556,2023-08-01
25733,2023-08-01 12:32:00,19500.0,19728.85,905200,7612950,241.45,10.8,2350,49000,1.0,-1e-06,0.0,8e-08,8.305507,13.233622,2023-08-01
20480,2023-08-01 12:32:00,19550.0,19728.85,343800,3394350,196.0,16.2,5950,76500,1.0,-5.3e-05,1e-08,4.65e-06,9.415581,12.798603,2023-08-01
15225,2023-08-01 12:32:00,19600.0,19728.85,2651900,9920100,154.6,24.6,27500,155050,0.999809,-0.002097,1.985e-05,0.00014605,10.062082,12.486827,2023-08-01
9968,2023-08-01 12:32:00,19650.0,19728.85,2182400,5225650,117.35,37.15,42250,232400,0.982751,-0.037447,0.00113554,0.0018298,10.35777,12.296978,2023-08-01
4709,2023-08-01 12:32:00,19700.0,19728.85,9016550,10194100,84.95,54.65,177300,348000,0.780154,-0.253314,0.0077945,0.00723931,10.462402,12.178959,2023-08-01
2078,2023-08-01 12:32:00,19750.0,19728.85,9434200,4937450,58.25,78.15,221000,151350,0.293529,-0.679661,0.00904576,0.00808466,10.485268,12.192867,2023-08-01
7339,2023-08-01 12:32:00,19800.0,19728.85,16602100,5007150,38.4,108.5,201550,135250,0.033557,-0.940537,0.00193708,0.00261489,10.616854,12.463711,2023-08-01
12597,2023-08-01 12:32:00,19850.0,19728.85,6895600,960550,24.05,144.0,79950,30600,0.001003,-0.99516,8.668e-05,0.00030208,10.729421,12.811085,2023-08-01
17853,2023-08-01 12:32:00,19900.0,19728.85,8164250,1070950,14.65,184.7,119150,28850,9e-06,-0.999747,1.03e-06,1.931e-05,10.925906,13.462278,2023-08-01
23107,2023-08-01 12:32:00,19950.0,19728.85,4979700,214600,8.7,228.5,71650,2200,0.0,-0.999989,0.0,9.6e-07,11.160176,14.254125,2023-08-01
28360,2023-08-01 12:32:00,20000.0,19728.85,7896000,467200,5.25,275.0,30850,2150,0.0,-0.999999,0.0,6e-08,11.512742,15.359674,2023-08-01
25734,2023-08-01 12:33:00,19450.0,19723.75,85900,3317100,282.6,7.2,100,25500,,0.0,,0.0,0.0,13.514986,2023-08-01
20481,2023-08-01 12:33:00,19500.0,19723.75,905200,7612950,237.25,11.15,6100,65700,1.0,-1e-06,0.0,1.1e-07,8.975756,13.156816,2023-08-01
15226,2023-08-01 12:33:00,19550.0,19723.75,343800,3394350,192.15,16.7,10700,79100,1.0,-7.1e-05,5e-08,6.23e-06,9.721629,12.712422,2023-08-01
9969,2023-08-01 12:33:00,19600.0,19723.75,2651900,9920100,151.45,25.6,48600,165600,0.999577,-0.002836,4.08e-05,0.00019306,10.320056,12.451568,2023-08-01
4710,2023-08-01 12:33:00,19650.0,19723.75,2182400,5225650,114.15,38.4,46500,139950,0.975419,-0.046444,0.00152449,0.00219676,10.44652,12.231878,2023-08-01
2079,2023-08-01 12:33:00,19700.0,19723.75,9016550,10194100,82.2,56.6,238650,447350,0.737926,-0.290664,0.00856102,0.00779403,10.514368,12.151099,2023-08-01
7340,2023-08-01 12:33:00,19750.0,19723.75,9434200,4937450,56.15,80.6,282800,291350,0.249605,-0.720879,0.00832751,0.00764122,10.537603,12.156781,2023-08-01
12598,2023-08-01 12:33:00,19800.0,19723.75,16602100,5007150,36.95,111.1,261200,201000,0.025155,-0.954588,0.00152033,0.00213527,10.679533,12.358936,2023-08-01
17854,2023-08-01 12:33:00,19850.0,19723.75,6895600,960550,23.2,147.65,116000,48950,0.000679,-0.99658,6.026e-05,0.0002221,10.817096,12.810856,2023-08-01
23108,2023-08-01 12:33:00,19900.0,19723.75,8164250,1070950,14.15,188.1,155650,57850,6e-06,-0.999858,6.6e-07,1.14e-05,11.019375,13.323349,2023-08-01
28361,2023-08-01 12:33:00,19950.0,19723.75,4979700,214600,8.45,232.9,112500,6350,0.0,-0.999993,0.0,6.3e-07,11.268067,14.292643,2023-08-01
25735,2023-08-01 12:34:00,19450.0,19723.5,85900,3317100,282.85,7.05,2550,50900,,0.0,,0.0,0.0,13.439566,2023-08-01
20482,2023-08-01 12:34:00,19500.0,19723.5,905200,7612950,238.2,11.05,19450,85350,1.0,-1e-06,0.0,1e-07,9.789916,13.114678,2023-08-01
15227,2023-08-01 12:34:00,19550.0,19723.5,343800,3394350,193.7,16.45,6000,66700,0.999999,-6.3e-05,1.9e-07,5.65e-06,10.357862,12.63598,2023-08-01
9970,2023-08-01 12:34:00,19600.0,19723.5,2651900,9920100,152.5,25.15,77450,211050,0.99941,-0.002613,5.401e-05,0.00018139,10.62549,12.342772,2023-08-01
4711,2023-08-01 12:34:00,19650.0,19723.5,2182400,5225650,115.05,37.8,58450,153600,0.973033,-0.044879,0.00161952,0.00216521,10.656431,12.10711,2023-08-01
2080,2023-08-01 12:34:00,19700.0,19723.5,9016550,10194100,83.35,55.85,253050,492350,0.732035,-0.289869,0.00850199,0.00789962,10.738133,12.007431,2023-08-01
7341,2023-08-01 12:34:00,19750.0,19723.5,9434200,4937450,57.0,79.65,240750,358450,0.250219,-0.726342,0.00823425,0.00770269,10.70128,11.977438,2023-08-01
12599,2023-08-01 12:34:00,19800.0,19723.5,16602100,5007150,37.4,110.15,282250,243550,0.025506,-0.958077,0.00152836,0.00203969,10.778252,12.164284,2023-08-01
17855,2023-08-01 12:34:00,19850.0,19723.5,6895600,960550,23.5,146.0,124500,82450,0.000697,-0.997421,6.149e-05,0.00017771,10.895714,12.447424,2023-08-01
23109,2023-08-01 12:34:00,19900.0,19723.5,8164250,1070950,14.25,187.15,124750,55050,6e-06,-0.9999,6.5e-07,8.38e-06,11.059385,13.056374,2023-08-01
28362,2023-08-01 12:34:00,19950.0,19723.5,4979700,214600,8.45,231.0,155450,20050,0.0,-0.999997,0.0,2.7e-07,11.279643,13.70864,2023-08-01
25736,2023-08-01 12:35:00,19500.0,19726.4,904750,7624400,242.1,10.75,11450,101500,1.0,-1e-06,0.0,7e-08,10.457695,13.12648,2023-08-01
20483,2023-08-01 12:35:00,19550.0,19726.4,343500,3377750,196.6,16.05,5200,72900,0.999999,-4.8e-05,1.6e-07,4.34e-06,10.475015,12.656316,2023-08-01
15228,2023-08-01 12:35:00,19600.0,19726.4,2667450,9911700,155.55,24.5,45900,168350,0.999471,-0.002086,4.815e-05,0.00014829,10.800802,12.347804,2023-08-01
9971,2023-08-01 12:35:00,19650.0,19726.4,2189300,5175500,117.6,36.8,59950,151300,0.9767,-0.038356,0.00142341,0.00191387,10.75571,12.092968,2023-08-01
4712,2023-08-01 12:35:00,19700.0,19726.4,9132250,10144750,85.05,54.4,237050,347000,0.756706,-0.266177,0.00810558,0.00762268,10.737971,11.968704,2023-08-01
2081,2023-08-01 12:35:00,19750.0,19726.4,9465550,4819050,58.35,77.9,292450,277150,0.274111,-0.704658,0.008651,0.00803349,10.702104,11.942621,2023-08-01
7342,2023-08-01 12:35:00,19800.0,19726.4,16609150,5002700,38.45,107.8,221100,153350,0.030004,-0.953501,0.00175325,0.00223968,10.786882,12.075613,2023-08-01
12600,2023-08-01 12:35:00,19850.0,19726.4,6898950,964850,24.1,143.1,88050,59250,0.000853,-0.997243,7.434e-05,0.00019172,10.873781,12.290558,2023-08-01
17856,2023-08-01 12:35:00,19900.0,19726.4,8214800,1079300,14.6,183.6,113750,34350,7e-06,-0.999912,8e-07,7.61e-06,11.027248,12.766059,2023-08-01
23110,2023-08-01 12:35:00,19950.0,19726.4,4982750,215950,8.7,227.2,113450,4700,0.0,-0.999998,0.0,1.9e-07,11.260816,13.328663,2023-08-01
28363,2023-08-01 12:35:00,20000.0,19726.4,7887100,467550,5.25,273.3,49750,1900,0.0,-1.0,0.0,0.0,11.603348,14.100533,2023-08-01
25737,2023-08-01 12:36:00,19450.0,19721.65,88550,3318250,282.0,7.25,200,35600,,0.0,,0.0,0.0,13.469084,2023-08-01
20484,2023-08-01 12:36:00,19500.0,19721.65,904750,7624400,236.3,11.35,10250,125200,1.0,-1e-06,0.0,1.1e-07,9.706403,13.148008,2023-08-01
15229,2023-08-01 12:36:00,19550.0,19721.65,343500,3377750,192.2,16.95,3050,93350,0.999998,-7.3e-05,2.4e-07,6.48e-06,10.408233,12.692175,2023-08-01
9972,2023-08-01 12:36:00,19600.0,19721.65,2667450,9911700,151.0,25.85,57950,204250,0.999344,-0.002952,5.99e-05,0.00020266,10.626084,12.404623,2023-08-01
4713,2023-08-01 12:36:00,19650.0,19721.65,2189300,5175500,114.2,38.8,34400,169250,0.969538,-0.049175,0.00178757,0.00232828,10.746519,12.186164,2023-08-01
2082,2023-08-01 12:36:00,19700.0,19721.65,9132250,10144750,82.3,57.15,177850,351150,0.716962,-0.305021,0.00877686,0.0080715,10.747918,12.098494,2023-08-01
7343,2023-08-01 12:36:00,19750.0,19721.65,9465550,4819050,56.55,81.3,249450,289100,0.235415,-0.739652,0.00795976,0.00748351,10.773233,12.091688,2023-08-01
12601,2023-08-01 12:36:00,19800.0,19721.65,16609150,5002700,37.15,112.05,284900,196000,0.022921,-0.960986,0.00139575,0.00191462,10.852177,12.295119,2023-08-01
17857,2023-08-01 12:36:00,19850.0,19721.65,6898950,964850,23.3,148.3,114450,43850,0.000588,-0.997529,5.256e-05,0.00016935,10.952477,12.641436,2023-08-01
23111,2023-08-01 12:36:00,19900.0,19721.65,8214800,1079300,14.2,188.55,118400,24950,5e-06,-0.999923,5.4e-07,6.6e-06,11.131072,13.040869,2023-08-01
28364,2023-08-01 12:36:00,19950.0,19721.65,4982750,215950,8.5,233.05,87400,13000,0.0,-0.999997,0.0,2.4e-07,11.372943,13.847422,2023-08-01
25738,2023-08-01 12:37:00,19450.0,19712.75,88550,3318250,276.25,7.65,3300,65050,1.0,0.0,0.0,0.0,10.231936,13.328674,2023-08-01
20485,2023-08-01 12:37:00,19500.0,19712.75,904750,7624400,231.65,11.9,33150,168800,1.0,-2e-06,1e-08,2e-07,11.431753,12.977983,2023-08-01
15230,2023-08-01 12:37:00,19550.0,19712.75,343500,3377750,187.2,17.85,20500,206450,0.999977,-0.000127,2.44e-06,1.105e-05,11.243973,12.531517,2023-08-01
9973,2023-08-01 12:37:00,19600.0,19712.75,2667450,9911700,147.1,27.25,117450,403700,0.997471,-0.004752,0.00019364,0.00031564,11.328503,12.246377,2023-08-01
4714,2023-08-01 12:37:00,19650.0,19712.75,2189300,5175500,110.8,40.75,139050,396250,0.94222,-0.070077,0.0028746,0.00313089,11.253277,12.005491,2023-08-01
2083,2023-08-01 12:37:00,19700.0,19712.75,9132250,10144750,79.45,59.6,730300,1136700,0.630123,-0.377591,0.0094892,0.00896237,11.128234,11.859878,2023-08-01
7344,2023-08-01 12:37:00,19750.0,19712.75,9465550,4819050,54.3,84.3,633350,812850,0.17654,-0.808515,0.00654929,0.00647329,11.070415,11.781788,2023-08-01
12602,2023-08-01 12:37:00,19800.0,19712.75,16609150,5002700,35.65,115.8,606000,592800,0.014729,-0.978829,0.00093736,0.00119125,11.124564,11.930195,2023-08-01
17858,2023-08-01 12:37:00,19850.0,19712.75,6898950,964850,22.45,152.35,219600,123000,0.000341,-0.999171,3.102e-05,6.541e-05,11.223833,12.120859,2023-08-01
23112,2023-08-01 12:37:00,19900.0,19712.75,8214800,1079300,13.65,193.85,294600,176950,2e-06,-0.999982,2.8e-07,1.71e-06,11.368682,12.570791,2023-08-01
28365,2023-08-01 12:37:00,19950.0,19712.75,4982750,215950,8.25,237.95,159000,13200,0.0,-1.0,0.0,2e-08,11.621233,13.018586,2023-08-01
25739,2023-08-01 12:38:00,19450.0,19715.2,88550,3326650,278.6,7.5,1100,105350,1.0,0.0,0.0,0.0,10.225144,13.353567,2023-08-01
20486,2023-08-01 12:38:00,19500.0,19715.2,915500,7612300,233.3,11.7,10900,168950,1.0,-1e-06,0.0,1.5e-07,11.19914,13.012424,2023-08-01
15231,2023-08-01 12:38:00,19550.0,19715.2,349050,3416000,188.85,17.65,17350,272750,0.999986,-0.000105,1.51e-06,9.26e-06,11.118479,12.592109,2023-08-01
9974,2023-08-01 12:38:00,19600.0,19715.2,2671000,9888850,148.0,26.9,87050,380850,0.998295,-0.004084,0.0001384,0.00027522,11.110977,12.301643,2023-08-01
4715,2023-08-01 12:38:00,19650.0,19715.2,2205750,5120900,111.15,40.35,77350,300100,0.953017,-0.063427,0.00249898,0.0028874,11.013886,12.084653,2023-08-01
2084,2023-08-01 12:38:00,19700.0,19715.2,9067100,10076800,79.95,59.0,501900,889800,0.655444,-0.356421,0.00940553,0.00875587,10.982057,11.942851,2023-08-01
7345,2023-08-01 12:38:00,19750.0,19715.2,9471100,4681600,54.65,83.65,447000,515700,0.189699,-0.790578,0.00694515,0.0067808,10.948655,11.902064,2023-08-01
12603,2023-08-01 12:38:00,19800.0,19715.2,16693950,5003400,35.9,115.1,495750,406200,0.016127,-0.974481,0.00102535,0.00137867,11.024302,12.097169,2023-08-01
17859,2023-08-01 12:38:00,19850.0,19715.2,6985500,936800,22.5,151.55,253100,78750,0.000364,-0.99883,3.338e-05,8.839e-05,11.113012,12.338464,2023-08-01
23113,2023-08-01 12:38:00,19900.0,19715.2,8282550,1091100,13.7,192.7,246150,94550,3e-06,-0.999971,3e-07,2.66e-06,11.278693,12.787011,2023-08-01
28366,2023-08-01 12:38:00,19950.0,19715.2,4962050,214750,8.25,236.7,165950,11700,0.0,-1.0,0.0,5e-08,11.530231,13.295949,2023-08-01
25740,2023-08-01 12:39:00,19450.0,19711.85,91700,3326650,278.05,7.5,900,45150,1.0,0.0,0.0,0.0,11.985541,13.234824,2023-08-01
20487,2023-08-01 12:39:00,19500.0,19711.85,915500,7612300,233.1,11.75,12750,178900,0.999999,-2e-06,6e-08,1.7e-07,12.279653,12.89657,2023-08-01
15232,2023-08-01 12:39:00,19550.0,19711.85,349050,3416000,188.3,17.65,14850,140300,0.999951,-0.000114,4.82e-06,1.014e-05,11.768398,12.442938,2023-08-01
9975,2023-08-01 12:39:00,19600.0,19711.85,2671000,9888850,147.75,26.85,68200,285300,0.996796,-0.004463,0.00023497,0.00030334,11.623914,12.118805,2023-08-01
4716,2023-08-01 12:39:00,19650.0,19711.85,2205750,5120900,111.5,40.15,57150,298800,0.936645,-0.069107,0.00304169,0.00315806,11.49689,11.844287,2023-08-01
2085,2023-08-01 12:39:00,19700.0,19711.85,9067100,10076800,79.85,58.85,313050,623050,0.620555,-0.383275,0.00948882,0.00920395,11.284728,11.669353,2023-08-01
7346,2023-08-01 12:39:00,19750.0,19711.85,9471100,4681600,54.45,83.4,387350,395800,0.171365,-0.820521,0.00640859,0.00638116,11.166687,11.548471,2023-08-01
12604,2023-08-01 12:39:00,19800.0,19711.85,16693950,5003400,35.65,114.25,371650,334850,0.013856,-0.983542,0.00088987,0.00099975,11.182915,11.540301,2023-08-01
17860,2023-08-01 12:39:00,19850.0,19711.85,6985500,936800,22.45,151.0,142900,59400,0.000308,-0.99952,2.829e-05,4.117e-05,11.273245,11.690673,2023-08-01
23114,2023-08-01 12:39:00,19900.0,19711.85,8282550,1091100,13.75,192.6,283550,69700,2e-06,-0.999993,2.6e-07,6.9e-07,11.439687,12.053649,2023-08-01
28367,2023-08-01 12:39:00,19950.0,19711.85,4962050,214750,8.2,237.3,104850,4900,0.0,-1.0,0.0,1e-08,11.640464,12.546106,2023-08-01
25741,2023-08-01 12:40:00,19450.0,19713.95,91700,3326650,277.75,7.4,750,61000,1.0,0.0,0.0,0.0,10.525597,13.268534,2023-08-01
20488,2023-08-01 12:40:00,19500.0,19713.95,915500,7612300,234.75,11.65,10300,167650,1.0,-1e-06,4e-08,1.4e-07,12.204176,12.949789,2023-08-01
15233,2023-08-01 12:40:00,19550.0,19713.95,349050,3416000,190.2,17.4,6350,150850,0.99996,-9.4e-05,3.98e-06,8.46e-06,11.808543,12.474542,2023-08-01
9976,2023-08-01 12:40:00,19600.0,19713.95,2671000,9888850,149.4,26.55,52850,253650,0.997299,-0.003896,0.00020178,0.00026831,11.636429,12.166256,2023-08-01
4717,2023-08-01 12:40:00,19650.0,19713.95,2205750,5120900,112.25,39.75,52300,234100,0.945153,-0.063088,0.00275228,0.00293682,11.378839,11.901955,2023-08-01
2086,2023-08-01 12:40:00,19700.0,19713.95,9067100,10076800,80.7,58.1,308000,680500,0.641307,-0.364098,0.00938581,0.00905574,11.232286,11.701417,2023-08-01
7347,2023-08-01 12:40:00,19750.0,19713.95,9471100,4681600,55.25,82.2,366050,380650,0.184028,-0.807596,0.00673399,0.00668329,11.147545,11.544899,2023-08-01
12605,2023-08-01 12:40:00,19800.0,19713.95,16693950,5003400,36.05,113.45,624000,330700,0.015202,-0.980689,0.00097096,0.00113813,11.131818,11.65129,2023-08-01
17861,2023-08-01 12:40:00,19850.0,19713.95,6985500,936800,22.6,149.6,448150,101050,0.000333,-0.999421,3.067e-05,4.893e-05,11.202134,11.734116,2023-08-01
23115,2023-08-01 12:40:00,19900.0,19713.95,8282550,1091100,13.7,190.95,531250,77850,2e-06,-0.999992,2.6e-07,8.5e-07,11.336863,12.080194,2023-08-01
28368,2023-08-01 12:40:00,19950.0,19713.95,4962050,214750,8.1,235.35,372550,7200,0.0,-1.0,0.0,1e-08,11.524848,12.51427,2023-08-01
25742,2023-08-01 12:41:00,19450.0,19711.75,91750,3315200,274.35,7.65,3150,82350,1.0,0.0,0.0,0.0,9.348695,13.300657,2023-08-01
20489,2023-08-01 12:41:00,19500.0,19711.75,919850,7624650,231.0,12.05,17350,249650,1.0,-2e-06,1e-08,1.8e-07,11.544398,12.99454,2023-08-01
15234,2023-08-01 12:41:00,19550.0,19711.75,346900,3416300,186.8,18.05,13900,330350,0.999974,-0.000119,2.72e-06,1.053e-05,11.382301,12.54523,2023-08-01
9977,2023-08-01 12:41:00,19600.0,19711.75,2696950,9889850,146.45,27.3,100750,257300,0.997462,-0.004556,0.0001959,0.00030843,11.364163,12.211906,2023-08-01
4718,2023-08-01 12:41:00,19650.0,19711.75,2216700,5120850,109.75,40.9,78650,243600,0.942401,-0.070496,0.0029171,0.00318972,11.192681,11.97799,2023-08-01
2087,2023-08-01 12:41:00,19700.0,19711.75,9236550,9991000,78.85,59.7,407850,612600,0.621848,-0.384904,0.00966752,0.00916083,11.129854,11.808341,2023-08-01
7348,2023-08-01 12:41:00,19750.0,19711.75,9599650,4587050,53.55,84.55,400500,398550,0.166205,-0.818723,0.00640155,0.00635578,11.026194,11.736239,2023-08-01
12606,2023-08-01 12:41:00,19800.0,19711.75,16772600,4943600,35.05,116.05,422050,279400,0.012636,-0.981699,0.00083418,0.00107133,11.082005,11.860771,2023-08-01
17862,2023-08-01 12:41:00,19850.0,19711.75,6973950,929200,22.05,152.9,146350,78100,0.000259,-0.99935,2.436e-05,5.303e-05,11.194246,12.083208,2023-08-01
23116,2023-08-01 12:41:00,19900.0,19711.75,8342250,1076900,13.4,194.05,231100,99500,2e-06,-0.99999,1.9e-07,1.04e-06,11.349407,12.415278,2023-08-01
28369,2023-08-01 12:41:00,19950.0,19711.75,5137650,217600,7.95,238.25,103700,9300,0.0,-1.0,0.0,1e-08,11.552469,12.835896,2023-08-01
25743,2023-08-01 12:42:00,19450.0,19709.2,91750,3315200,272.4,7.85,6200,184600,1.0,0.0,0.0,0.0,9.887161,13.296116,2023-08-01
20490,2023-08-01 12:42:00,19500.0,19709.2,919850,7624650,227.25,12.25,39750,829450,1.0,-2e-06,0.0,2e-07,10.971129,12.958038,2023-08-01
15235,2023-08-01 12:42:00,19550.0,19709.2,346900,3416300,183.85,18.75,23750,764300,0.999977,-0.000154,2.5e-06,1.332e-05,11.162202,12.609084,2023-08-01
9978,2023-08-01 12:42:00,19600.0,19709.2,2696950,9889850,143.25,28.4,124250,432250,0.997548,-0.005606,0.00019515,0.00036919,11.095628,12.309327,2023-08-01
4719,2023-08-01 12:42:00,19650.0,19709.2,2216700,5120850,107.2,42.25,115100,435300,0.93775,-0.079906,0.00315273,0.00349481,11.039737,12.065715,2023-08-01
2088,2023-08-01 12:42:00,19700.0,19709.2,9236550,9991000,76.5,61.45,577000,948100,0.598559,-0.408995,0.01000375,0.00925948,10.974121,11.91176,2023-08-01
7349,2023-08-01 12:42:00,19750.0,19709.2,9599650,4587050,51.6,86.7,556100,664100,0.146557,-0.832682,0.00598702,0.00599607,10.885443,11.859318,2023-08-01
12607,2023-08-01 12:42:00,19800.0,19709.2,16772600,4943600,33.65,118.5,648400,582650,0.009859,-0.983516,0.00068091,0.00097145,10.975555,11.999717,2023-08-01
17863,2023-08-01 12:42:00,19850.0,19709.2,6973950,929200,20.95,155.95,364050,135400,0.000169,-0.999363,1.662e-05,5.124e-05,11.078417,12.322941,2023-08-01
23117,2023-08-01 12:42:00,19900.0,19709.2,8342250,1076900,12.75,197.3,431300,122300,1e-06,-0.999988,1.2e-07,1.16e-06,11.274309,12.712772,2023-08-01
28370,2023-08-01 12:42:00,19950.0,19709.2,5137650,217600,7.55,241.2,203550,18850,0.0,-1.0,0.0,1e-08,11.49349,13.070557,2023-08-01
25744,2023-08-01 12:43:00,19450.0,19711.05,91750,3315200,273.15,7.55,250,127400,1.0,0.0,0.0,0.0,8.683965,13.235901,2023-08-01
20491,2023-08-01 12:43:00,19500.0,19711.05,919850,7624650,230.7,11.9,11100,524200,1.0,-1e-06,1e-08,1.5e-07,11.677694,12.92137,2023-08-01
15236,2023-08-01 12:43:00,19550.0,19711.05,346900,3416300,186.75,18.25,16900,524600,0.999968,-0.00012,3.29e-06,1.061e-05,11.538736,12.56843,2023-08-01
9979,2023-08-01 12:43:00,19600.0,19711.05,2696950,9889850,145.85,27.55,81800,303300,0.997472,-0.004623,0.00019655,0.00031386,11.355292,12.231326,2023-08-01
4720,2023-08-01 12:43:00,19650.0,19711.05,2216700,5120850,109.6,41.2,80650,303500,0.940377,-0.071823,0.00299837,0.00325119,11.255758,11.992597,2023-08-01
2089,2023-08-01 12:43:00,19700.0,19711.05,9236550,9991000,78.25,60.25,326950,652450,0.615991,-0.391136,0.00979839,0.0092248,11.098657,11.851592,2023-08-01
7350,2023-08-01 12:43:00,19750.0,19711.05,9599650,4587050,53.1,84.9,338550,394750,0.159843,-0.824684,0.00629022,0.00626269,11.005925,11.732348,2023-08-01
12608,2023-08-01 12:43:00,19800.0,19711.05,16772600,4943600,34.45,116.0,511750,272400,0.01124,-0.983664,0.00076264,0.0009857,11.01665,11.769165,2023-08-01
17864,2023-08-01 12:43:00,19850.0,19711.05,6973950,929200,21.45,153.1,197050,56450,0.0002,-0.999463,1.944e-05,4.502e-05,11.100291,12.015801,2023-08-01
23118,2023-08-01 12:43:00,19900.0,19711.05,8342250,1076900,13.0,194.2,301600,73700,1e-06,-0.999993,1.3e-07,7.5e-07,11.269466,12.305579,2023-08-01
28371,2023-08-01 12:43:00,19950.0,19711.05,5137650,217600,7.6,238.6,265500,8200,0.0,-1.0,0.0,1e-08,11.446156,12.749933,2023-08-01
25745,2023-08-01 12:44:00,19450.0,19712.05,87450,3313900,276.9,7.6,450,89050,1.0,0.0,0.0,0.0,11.221515,13.295921,2023-08-01
20492,2023-08-01 12:44:00,19500.0,19712.05,917900,7015950,231.8,11.95,15100,206100,1.0,-1e-06,1e-08,1.4e-07,11.756739,12.979982,2023-08-01
15237,2023-08-01 12:44:00,19550.0,19712.05,350650,3763450,187.4,18.2,10550,133900,0.999975,-0.000109,2.66e-06,9.73e-06,11.487675,12.603017,2023-08-01
9980,2023-08-01 12:44:00,19600.0,19712.05,2709550,9970100,147.0,27.45,66800,229200,0.997566,-0.004309,0.00018905,0.00029485,11.441248,12.26455,2023-08-01
4721,2023-08-01 12:44:00,19650.0,19712.05,2224800,5084550,110.3,40.9,80350,167600,0.943721,-0.068196,0.00287178,0.00313098,11.263788,12.001736,2023-08-01
2090,2023-08-01 12:44:00,19700.0,19712.05,9320850,9996800,79.05,59.65,289200,417900,0.625621,-0.38139,0.00971328,0.00920296,11.141928,11.827426,2023-08-01
7351,2023-08-01 12:44:00,19750.0,19712.05,9724500,4530650,53.65,84.15,270550,290500,0.165937,-0.819718,0.00645176,0.00640961,11.027154,11.701694,2023-08-01
12609,2023-08-01 12:44:00,19800.0,19712.05,16644450,4875000,34.95,115.6,354750,223550,0.012035,-0.982541,0.00080908,0.00104201,11.051573,11.819409,2023-08-01
17865,2023-08-01 12:44:00,19850.0,19712.05,6979500,883450,21.8,152.0,108800,38150,0.000219,-0.999473,2.12e-05,4.459e-05,11.129984,11.944168,2023-08-01
23119,2023-08-01 12:44:00,19900.0,19712.05,8388300,1063250,13.25,193.3,271650,46050,1e-06,-0.999993,1.5e-07,7.7e-07,11.299991,12.288124,2023-08-01
28372,2023-08-01 12:44:00,19950.0,19712.05,5263600,219400,7.7,238.3,245100,7900,0.0,-1.0,0.0,1e-08,11.45002,12.941354,2023-08-01
25746,2023-08-01 12:45:00,19450.0,19711.35,87450,3313900,276.8,7.55,200,55400,1.0,0.0,0.0,0.0,11.570054,13.25083,2023-08-01
20493,2023-08-01 12:45:00,19500.0,19711.35,917900,7015950,231.45,11.85,8500,177350,1.0,-1e-06,2e-08,1.3e-07,11.864168,12.921048,2023-08-01
15238,2023-08-01 12:45:00,19550.0,19711.35,350650,3763450,188.0,18.15,8950,158900,0.999959,-0.000106,4.15e-06,9.51e-06,11.817348,12.560265,2023-08-01
9981,2023-08-01 12:45:00,19600.0,19711.35,2709550,9970100,147.55,27.3,73700,178450,0.997018,-0.004237,0.00022317,0.00029289,11.677806,12.198201,2023-08-01
4722,2023-08-01 12:45:00,19650.0,19711.35,2224800,5084550,110.45,40.9,63100,151650,0.940353,-0.06914,0.00298456,0.00318508,11.379575,11.960163,2023-08-01
2091,2023-08-01 12:45:00,19700.0,19711.35,9320850,9996800,79.5,59.55,228950,366200,0.617661,-0.386916,0.00968142,0.00932407,11.285768,11.759557,2023-08-01
7352,2023-08-01 12:45:00,19750.0,19711.35,9724500,4530650,53.85,84.05,255300,208950,0.162634,-0.826602,0.00633726,0.00631693,11.114871,11.620235,2023-08-01
12610,2023-08-01 12:45:00,19800.0,19711.35,16644450,4875000,35.15,115.35,234500,183900,0.011775,-0.984475,0.00079051,0.00095575,11.13275,11.689559,2023-08-01
17866,2023-08-01 12:45:00,19850.0,19711.35,6979500,883450,21.9,152.0,168550,32550,0.000211,-0.999572,2.042e-05,3.725e-05,11.189242,11.831735,2023-08-01
23120,2023-08-01 12:45:00,19900.0,19711.35,8388300,1063250,13.3,193.35,184500,38250,1e-06,-0.999995,1.4e-07,5.5e-07,11.34632,12.149254,2023-08-01
28373,2023-08-01 12:45:00,19950.0,19711.35,5263600,219400,7.85,238.8,112450,18550,0.0,-1.0,0.0,1e-08,11.536921,12.905309,2023-08-01
25747,2023-08-01 12:46:00,19450.0,19710.55,87450,3313900,280.0,7.7,200,247250,1.0,0.0,0.0,0.0,13.497093,13.289003,2023-08-01
20494,2023-08-01 12:46:00,19500.0,19710.55,917900,7015950,230.0,12.0,10600,376200,1.0,-1e-06,1e-08,1.3e-07,11.592083,12.939701,2023-08-01
15239,2023-08-01 12:46:00,19550.0,19710.55,350650,3763450,186.3,18.35,14800,136000,0.999972,-0.000111,3.02e-06,9.96e-06,11.539003,12.576857,2023-08-01
9982,2023-08-01 12:46:00,19600.0,19710.55,2709550,9970100,145.75,27.75,76100,217800,0.997439,-0.004526,0.00019951,0.00031024,11.423933,12.252373,2023-08-01
4723,2023-08-01 12:46:00,19650.0,19710.55,2224800,5084550,109.3,41.6,76850,189000,0.940307,-0.072445,0.00302501,0.00328983,11.268835,12.039307,2023-08-01
2092,2023-08-01 12:46:00,19700.0,19710.55,9320850,9996800,78.35,60.4,316800,592300,0.611308,-0.39484,0.00986054,0.00933935,11.168816,11.844065,2023-08-01
7353,2023-08-01 12:46:00,19750.0,19710.55,9724500,4530650,52.95,85.45,338950,326550,0.154865,-0.829001,0.00620702,0.00619377,11.023603,11.782641,2023-08-01
12611,2023-08-01 12:46:00,19800.0,19710.55,16644450,4875000,34.55,116.85,309450,238650,0.01059,-0.984215,0.00072713,0.0009578,11.071255,11.86832,2023-08-01
17867,2023-08-01 12:46:00,19850.0,19710.55,6979500,883450,21.65,153.55,153800,46550,0.000185,-0.999528,1.808e-05,4.021e-05,11.175821,12.035013,2023-08-01
23121,2023-08-01 12:46:00,19900.0,19710.55,8388300,1063250,13.2,195.15,155850,98650,1e-06,-0.999993,1.2e-07,7.4e-07,11.354196,12.449468,2023-08-01
28374,2023-08-01 12:46:00,19950.0,19710.55,5263600,219400,7.75,240.6,121300,13950,0.0,-1.0,0.0,2e-08,11.52999,13.261582,2023-08-01
25748,2023-08-01 12:47:00,19450.0,19712.2,87450,3185900,278.0,7.65,1000,34200,1.0,0.0,0.0,0.0,11.80759,13.329258,2023-08-01
20495,2023-08-01 12:47:00,19500.0,19712.2,917900,6848050,231.0,11.9,20850,112800,1.0,-1e-06,0.0,1.1e-07,11.403526,12.975614,2023-08-01
15240,2023-08-01 12:47:00,19550.0,19712.2,348900,3725750,187.75,18.1,14450,86850,0.999977,-9.3e-05,2.5e-06,8.44e-06,11.558256,12.589858,2023-08-01
9983,2023-08-01 12:47:00,19600.0,19712.2,2730650,9913250,147.35,27.4,61300,172100,0.997677,-0.003982,0.000182,0.00027717,11.499824,12.26734,2023-08-01
4724,2023-08-01 12:47:00,19650.0,19712.2,2226000,5084300,110.4,41.1,41900,132200,0.945643,-0.066799,0.00281793,0.00309638,11.270623,12.052625,2023-08-01
2093,2023-08-01 12:47:00,19700.0,19712.2,9405100,10069250,79.15,59.7,164900,378750,0.628019,-0.379263,0.00977396,0.0092521,11.151232,11.852111,2023-08-01
7354,2023-08-01 12:47:00,19750.0,19712.2,9824900,4547850,53.8,84.3,186500,223450,0.165101,-0.82009,0.00647752,0.00643561,11.04767,11.745864,2023-08-01
12612,2023-08-01 12:47:00,19800.0,19712.2,16652550,4849700,35.0,115.5,185500,180200,0.011554,-0.983181,0.00078761,0.00101815,11.057943,11.823801,2023-08-01
17868,2023-08-01 12:47:00,19850.0,19712.2,6973250,882250,21.8,152.05,67200,22350,0.000197,-0.999502,1.931e-05,4.258e-05,11.128506,11.983083,2023-08-01
23122,2023-08-01 12:47:00,19900.0,19712.2,8394400,1018850,13.3,193.5,102550,48100,1e-06,-0.999993,1.3e-07,7.5e-07,11.313802,12.376317,2023-08-01
28375,2023-08-01 12:47:00,19950.0,19712.2,5268100,219400,7.85,239.0,43950,1600,0.0,-1.0,0.0,2e-08,11.508973,13.21116,2023-08-01
25749,2023-08-01 12:48:00,19450.0,19708.3,86650,3185900,273.55,7.75,250,49800,1.0,0.0,0.0,0.0,11.362466,13.232785,2023-08-01
20496,2023-08-01 12:48:00,19500.0,19708.3,929650,6848050,229.4,12.15,8700,144300,1.0,-1e-06,3e-08,1.4e-07,12.116523,12.901132,2023-08-01
15241,2023-08-01 12:48:00,19550.0,19708.3,348900,3725750,184.95,18.65,13350,83750,0.999959,-0.000121,4.18e-06,1.09e-05,11.690867,12.553887,2023-08-01
9984,2023-08-01 12:48:00,19600.0,19708.3,2730650,9913250,144.65,28.15,99450,189250,0.996804,-0.004946,0.00024227,0.00033876,11.560006,12.220667,2023-08-01
4725,2023-08-01 12:48:00,19650.0,19708.3,2226000,5084300,108.5,42.05,78700,218250,0.932117,-0.077923,0.00332551,0.00351591,11.399969,11.983667,2023-08-01
2094,2023-08-01 12:48:00,19700.0,19708.3,9405100,10069250,77.55,61.25,285400,526550,0.588827,-0.415368,0.00999964,0.00953807,11.247308,11.819457,2023-08-01
7355,2023-08-01 12:48:00,19750.0,19708.3,9824900,4547850,52.35,86.15,260400,273250,0.141272,-0.846015,0.00583782,0.00586803,11.090862,11.689446,2023-08-01
12613,2023-08-01 12:48:00,19800.0,19708.3,16652550,4849700,34.15,117.65,237600,240150,0.009033,-0.987524,0.00063316,0.00079552,11.134741,11.740658,2023-08-01
17869,2023-08-01 12:48:00,19850.0,19708.3,6973250,882250,21.3,155.0,95700,41200,0.000142,-0.999659,1.42e-05,3.009e-05,11.213781,11.981266,2023-08-01
23123,2023-08-01 12:48:00,19900.0,19708.3,8394400,1018850,12.95,196.0,149100,67350,1e-06,-0.999997,9e-08,3.5e-07,11.382686,12.181147,2023-08-01
28376,2023-08-01 12:48:00,19950.0,19708.3,5268100,221650,7.7,241.0,85650,6500,0.0,-1.0,0.0,0.0,11.598804,12.746243,2023-08-01
25750,2023-08-01 12:49:00,19450.0,19706.0,86650,3185900,272.05,7.85,1000,65900,1.0,0.0,0.0,0.0,11.744357,13.193602,2023-08-01
20497,2023-08-01 12:49:00,19500.0,19706.0,929650,6848050,226.55,12.45,21350,378600,1.0,-2e-06,2e-08,1.7e-07,11.834498,12.905587,2023-08-01
15242,2023-08-01 12:49:00,19550.0,19706.0,348900,3725750,182.55,19.2,12300,277400,0.999959,-0.000148,4.28e-06,1.317e-05,11.564784,12.587992,2023-08-01
9985,2023-08-01 12:49:00,19600.0,19706.0,2730650,9913250,142.7,29.0,134850,331450,0.996401,-0.005842,0.00027141,0.00039231,11.517333,12.275909,2023-08-01
4726,2023-08-01 12:49:00,19650.0,19706.0,2226000,5084300,106.6,43.25,74950,223350,0.925966,-0.086979,0.00358744,0.0038085,11.332073,12.05657,2023-08-01
2095,2023-08-01 12:49:00,19700.0,19706.0,9405100,10069250,76.05,62.55,309400,521150,0.566086,-0.437488,0.01018179,0.00963384,11.208233,11.863139,2023-08-01
7356,2023-08-01 12:49:00,19750.0,19706.0,9824900,4547850,51.65,88.05,239100,312800,0.128598,-0.857787,0.00546616,0.00553348,11.140909,11.791371,2023-08-01
12614,2023-08-01 12:49:00,19800.0,19706.0,16652550,4849700,33.6,120.2,265200,250750,0.007676,-0.988393,0.00054886,0.0007379,11.169579,11.927032,2023-08-01
17870,2023-08-01 12:49:00,19850.0,19706.0,6973250,882250,20.9,157.5,160950,43750,0.000111,-0.999683,1.131e-05,2.782e-05,11.239491,12.143474,2023-08-01
23124,2023-08-01 12:49:00,19900.0,19706.0,8394400,1018850,12.8,198.8,172100,55150,1e-06,-0.999997,7e-08,3.8e-07,11.439125,12.418669,2023-08-01
28377,2023-08-01 12:49:00,19950.0,19706.0,5268100,221650,7.6,243.7,96850,19300,0.0,-1.0,0.0,0.0,11.647182,12.974112,2023-08-01
25751,2023-08-01 12:50:00,19450.0,19709.8,86650,3186750,277.1,7.55,2200,108950,1.0,0.0,0.0,0.0,12.518393,13.204885,2023-08-01
20498,2023-08-01 12:50:00,19500.0,19709.8,924250,6682500,231.5,11.75,29250,579450,1.0,-1e-06,4e-08,9e-08,12.390633,12.835651,2023-08-01
15243,2023-08-01 12:50:00,19550.0,19709.8,353050,3940850,187.2,18.15,17600,371350,0.999954,-9e-05,4.61e-06,8.38e-06,11.963716,12.499115,2023-08-01
9986,2023-08-01 12:50:00,19600.0,19709.8,2775550,9897100,147.0,27.4,137200,409600,0.996731,-0.004058,0.00024315,0.00028737,11.823626,12.14689,2023-08-01
4727,2023-08-01 12:50:00,19650.0,19709.8,2253800,4993700,110.25,40.9,111450,326350,0.935763,-0.069705,0.00316619,0.00327908,11.542903,11.872581,2023-08-01
2096,2023-08-01 12:50:00,19700.0,19709.8,9502150,9960800,79.2,59.55,667950,832350,0.60306,-0.39917,0.00984613,0.00964098,11.390824,11.650595,2023-08-01
7357,2023-08-01 12:50:00,19750.0,19709.8,9914650,4519900,53.75,84.1,460000,430700,0.151543,-0.842778,0.00608477,0.0060902,11.222779,11.488876,2023-08-01
12615,2023-08-01 12:50:00,19800.0,19709.8,16707050,4825750,34.95,115.15,518400,422200,0.009995,-0.988454,0.00069199,0.00076621,11.1988,11.467898,2023-08-01
17871,2023-08-01 12:50:00,19850.0,19709.8,6953500,876800,21.9,152.05,183650,59050,0.000164,-0.999763,1.621e-05,2.229e-05,11.277068,11.591995,2023-08-01
23125,2023-08-01 12:50:00,19900.0,19709.8,8417000,966900,13.35,193.65,368350,103300,1e-06,-0.999998,1e-07,2.2e-07,11.437357,11.886275,2023-08-01
28378,2023-08-01 12:50:00,19950.0,19709.8,5274950,221650,7.85,238.6,92600,5400,0.0,-1.0,0.0,0.0,11.60548,12.377375,2023-08-01
25752,2023-08-01 12:51:00,19450.0,19714.8,89150,3186750,279.9,7.4,3050,61750,1.0,0.0,0.0,0.0,11.496729,13.321662,2023-08-01
20499,2023-08-01 12:51:00,19500.0,19714.8,924250,6682500,233.7,11.5,25550,238400,1.0,-1e-06,0.0,6e-08,11.553383,12.955703,2023-08-01
15244,2023-08-01 12:51:00,19550.0,19714.8,353050,3940850,189.55,17.65,9850,158800,0.999988,-6.1e-05,1.35e-06,5.75e-06,11.456313,12.598758,2023-08-01
9987,2023-08-01 12:51:00,19600.0,19714.8,2775550,9897100,148.4,26.7,95500,281550,0.998573,-0.002984,0.00012034,0.00021663,11.301367,12.262111,2023-08-01
4728,2023-08-01 12:51:00,19650.0,19714.8,2253800,4993700,111.75,39.85,109300,236800,0.955515,-0.055967,0.00244493,0.00274386,11.205728,11.991334,2023-08-01
2097,2023-08-01 12:51:00,19700.0,19714.8,9502150,9960800,80.25,58.25,464800,611200,0.65553,-0.353315,0.00967844,0.00918232,11.099296,11.808116,2023-08-01
7358,2023-08-01 12:51:00,19750.0,19714.8,9914650,4519900,54.6,82.6,335850,341950,0.17834,-0.806641,0.00692042,0.00683424,10.997283,11.708743,2023-08-01
12616,2023-08-01 12:51:00,19800.0,19714.8,16707050,4825750,35.55,113.65,278950,252750,0.012502,-0.981698,0.00085749,0.00110949,11.010659,11.806308,2023-08-01
17872,2023-08-01 12:51:00,19850.0,19714.8,6953500,876800,22.15,150.35,159000,63600,0.000203,-0.99943,2.027e-05,4.862e-05,11.082798,12.04371,2023-08-01
23126,2023-08-01 12:51:00,19900.0,19714.8,8417000,966900,13.4,191.45,171350,55700,1e-06,-0.999992,1.2e-07,8.1e-07,11.238009,12.405487,2023-08-01
28379,2023-08-01 12:51:00,19950.0,19714.8,5274950,214600,7.9,235.75,75500,8850,0.0,-1.0,0.0,1e-08,11.438297,12.902028,2023-08-01
25753,2023-08-01 12:52:00,19450.0,19714.05,89150,3186750,280.0,7.2,1700,56500,1.0,0.0,0.0,0.0,11.973171,13.207465,2023-08-01
20500,2023-08-01 12:52:00,19500.0,19714.05,924250,6682500,235.15,11.3,23150,239100,1.0,0.0,2e-08,5e-08,12.353855,12.860764,2023-08-01
15245,2023-08-01 12:52:00,19550.0,19714.05,353050,3940850,191.3,17.25,15500,188950,0.999967,-5.2e-05,3.38e-06,5.07e-06,12.118255,12.46237,2023-08-01
9988,2023-08-01 12:52:00,19600.0,19714.05,2775550,9897100,149.95,26.2,113850,289400,0.997847,-0.00278,0.00016855,0.00020628,11.769458,12.118578,2023-08-01
4729,2023-08-01 12:52:00,19650.0,19714.05,2253800,4993700,112.9,39.3,92100,240400,0.949644,-0.055302,0.00263629,0.00276017,11.514402,11.846296,2023-08-01
2098,2023-08-01 12:52:00,19700.0,19714.05,9502150,9960800,80.85,57.5,464300,623450,0.646471,-0.357751,0.00964969,0.00939646,11.274579,11.627101,2023-08-01
7359,2023-08-01 12:52:00,19750.0,19714.05,9914650,4519900,55.15,81.55,400350,363900,0.175717,-0.817582,0.00678456,0.00675561,11.148504,11.463051,2023-08-01
12617,2023-08-01 12:52:00,19800.0,19714.05,16707050,4825750,35.95,112.5,372700,279450,0.012427,-0.985014,0.0008464,0.00096238,11.131992,11.5071,2023-08-01
17873,2023-08-01 12:52:00,19850.0,19714.05,6953500,876800,22.4,148.7,150500,39050,0.000203,-0.999682,2.011e-05,2.957e-05,11.177616,11.573109,2023-08-01
23127,2023-08-01 12:52:00,19900.0,19714.05,8417000,966900,13.5,189.55,193650,53150,1e-06,-0.999998,1.1e-07,2.5e-07,11.300645,11.742227,2023-08-01
28380,2023-08-01 12:52:00,19950.0,19714.05,5274950,214600,8.0,233.8,123500,6100,0.0,-1.0,0.0,0.0,11.507192,12.017822,2023-08-01
25754,2023-08-01 12:53:00,19450.0,19719.2,89150,3187850,281.85,6.9,450,64650,1.0,0.0,0.0,0.0,9.685701,13.25678,2023-08-01
20501,2023-08-01 12:53:00,19500.0,19719.2,920250,6720800,237.25,10.85,28450,168400,1.0,0.0,0.0,3e-08,11.373583,12.914133,2023-08-01
15246,2023-08-01 12:53:00,19550.0,19719.2,349550,3965750,193.25,16.6,7450,150700,0.999994,-3.3e-05,7.4e-07,3.22e-06,11.447008,12.522253,2023-08-01
9989,2023-08-01 12:53:00,19600.0,19719.2,2791650,9857750,151.75,25.15,79050,251650,0.999093,-0.001887,8e-05,0.00014516,11.290231,12.159101,2023-08-01
4730,2023-08-01 12:53:00,19650.0,19719.2,2251750,4982500,114.05,37.8,81450,215850,0.967675,-0.042471,0.00191749,0.00223445,11.07891,11.88349,2023-08-01
2099,2023-08-01 12:53:00,19700.0,19719.2,9634200,10083500,82.3,55.65,400000,427100,0.699338,-0.311096,0.00926492,0.00886833,11.026139,11.69452,2023-08-01
7360,2023-08-01 12:53:00,19750.0,19719.2,9960650,4480300,55.95,79.55,338850,262300,0.206729,-0.778697,0.00769228,0.00751508,10.895726,11.603838,2023-08-01
12618,2023-08-01 12:53:00,19800.0,19719.2,16777950,4760950,36.55,109.85,257900,227750,0.015605,-0.978413,0.0010522,0.00130206,10.928965,11.643744,2023-08-01
17874,2023-08-01 12:53:00,19850.0,19719.2,6954100,876450,22.75,145.95,137600,39500,0.000261,-0.999377,2.591e-05,5.411e-05,10.993839,11.815312,2023-08-01
23128,2023-08-01 12:53:00,19900.0,19719.2,8383600,958650,13.75,186.45,172600,39500,1e-06,-0.999994,1.5e-07,6.9e-07,11.148711,12.053644,2023-08-01
28381,2023-08-01 12:53:00,19950.0,19719.2,5273050,215350,8.05,231.0,88950,4850,0.0,-1.0,0.0,1e-08,11.332781,12.612568,2023-08-01
25755,2023-08-01 12:54:00,19450.0,19722.25,87250,3187850,284.2,6.95,800,41950,1.0,0.0,0.0,0.0,8.819653,13.390401,2023-08-01
20502,2023-08-01 12:54:00,19500.0,19722.25,920250,6720800,238.3,10.9,17450,193950,1.0,0.0,0.0,3e-08,10.563999,13.053724,2023-08-01
15247,2023-08-01 12:54:00,19550.0,19722.25,349550,3965750,193.25,16.65,9550,105050,0.999999,-2.8e-05,1.1e-07,2.77e-06,10.63179,12.672905,2023-08-01
9990,2023-08-01 12:54:00,19600.0,19722.25,2791650,9857750,152.15,25.25,102200,210600,0.999589,-0.00166,4.03e-05,0.00012773,10.8292,12.337954,2023-08-01
4731,2023-08-01 12:54:00,19650.0,19722.25,2251750,4982500,114.7,38.0,101600,239150,0.976371,-0.038303,0.00151917,0.00202319,10.802768,12.105206,2023-08-01
2100,2023-08-01 12:54:00,19700.0,19722.25,9634200,10083500,82.75,55.75,420550,485050,0.731707,-0.287873,0.00898201,0.0084152,10.803516,11.93441,2023-08-01
7361,2023-08-01 12:54:00,19750.0,19722.25,9960650,4480300,56.45,79.4,342150,287050,0.227131,-0.751157,0.00825993,0.00787154,10.747064,11.856288,2023-08-01
12619,2023-08-01 12:54:00,19800.0,19722.25,16777950,4760950,36.8,110.0,327950,208400,0.017582,-0.970571,0.00118419,0.00163933,10.787616,12.026566,2023-08-01
17875,2023-08-01 12:54:00,19850.0,19722.25,6954100,876450,23.0,146.1,137550,32250,0.000301,-0.998796,3.002e-05,9.545e-05,10.893122,12.312723,2023-08-01
23129,2023-08-01 12:54:00,19900.0,19722.25,8383600,958650,13.95,186.8,193700,45300,1e-06,-0.999977,1.7e-07,2.3e-06,11.0723,12.761527,2023-08-01
28382,2023-08-01 12:54:00,19950.0,19722.25,5273050,215350,8.2,230.75,115050,6500,0.0,-1.0,0.0,4e-08,11.274875,13.35273,2023-08-01
25756,2023-08-01 12:55:00,19450.0,19724.35,87250,3187850,284.0,7.1,1650,39350,,0.0,,0.0,0.0,13.536464,2023-08-01
20503,2023-08-01 12:55:00,19500.0,19724.35,920250,6720800,238.05,11.05,15400,165300,1.0,0.0,0.0,2e-08,9.236519,13.190397,2023-08-01
15248,2023-08-01 12:55:00,19550.0,19724.35,349550,3965750,193.7,16.75,23450,102900,1.0,-2.5e-05,3e-08,2.5e-06,10.154627,12.794784,2023-08-01
9991,2023-08-01 12:55:00,19600.0,19724.35,2791650,9857750,152.65,25.4,142000,276950,0.999771,-0.001527,2.409e-05,0.0001174,10.548342,12.479185,2023-08-01
4732,2023-08-01 12:55:00,19650.0,19724.35,2251750,4982500,115.15,38.15,136650,240200,0.981484,-0.035575,0.00126256,0.00188638,10.607271,12.260242,2023-08-01
2101,2023-08-01 12:55:00,19700.0,19724.35,9634200,10083500,83.0,56.0,572550,681400,0.754232,-0.273099,0.00874264,0.00809626,10.637253,12.129825,2023-08-01
7362,2023-08-01 12:55:00,19750.0,19724.35,9960650,4480300,56.7,79.9,463250,365300,0.241679,-0.730357,0.00867167,0.0080454,10.627606,12.12929,2023-08-01
12620,2023-08-01 12:55:00,19800.0,19724.35,16777950,4760950,37.05,110.05,494750,278350,0.019136,-0.964572,0.00128675,0.00187764,10.703867,12.275528,2023-08-01
17876,2023-08-01 12:55:00,19850.0,19724.35,6954100,876450,23.1,146.4,169250,91450,0.000323,-0.998174,3.241e-05,0.00013592,10.80809,12.68259,2023-08-01
23130,2023-08-01 12:55:00,19900.0,19724.35,8383600,958650,14.0,186.65,221150,90200,1e-06,-0.999957,1.8e-07,4.06e-06,10.995619,13.1282,2023-08-01
28383,2023-08-01 12:55:00,19950.0,19724.35,5273050,215350,8.15,231.3,176800,16300,0.0,-0.999999,0.0,1.2e-07,11.177831,14.023614,2023-08-01
25757,2023-08-01 12:56:00,19450.0,19722.6,86250,3193850,283.85,7.15,300,29750,1.0,0.0,0.0,0.0,6.181746,13.499106,2023-08-01
20504,2023-08-01 12:56:00,19500.0,19722.6,912450,6692800,237.3,11.15,12950,116300,1.0,0.0,0.0,3e-08,9.842348,13.157664,2023-08-01
15249,2023-08-01 12:56:00,19550.0,19722.6,347750,3924700,193.3,16.9,5300,66550,0.999999,-2.7e-05,8e-08,2.69e-06,10.552394,12.759438,2023-08-01
9992,2023-08-01 12:56:00,19600.0,19722.6,2809800,9858350,152.0,25.6,67700,175600,0.999671,-0.001639,3.325e-05,0.00012605,10.732431,12.435736,2023-08-01
4733,2023-08-01 12:56:00,19650.0,19722.6,2244000,5021050,114.75,38.45,75600,168500,0.97791,-0.037969,0.00144902,0.00200383,10.769942,12.21356,2023-08-01
2102,2023-08-01 12:56:00,19700.0,19722.6,9680750,9847350,82.7,56.4,321600,375550,0.736873,-0.285966,0.00898396,0.00834539,10.764255,12.073834,2023-08-01
7363,2023-08-01 12:56:00,19750.0,19722.6,9959950,4491300,56.4,80.1,281650,199750,0.227877,-0.747086,0.00835305,0.00788945,10.71563,12.008441,2023-08-01
12621,2023-08-01 12:56:00,19800.0,19722.6,16754550,4735550,36.8,110.25,293350,187650,0.017253,-0.969896,0.00117468,0.00166908,10.769849,12.114323,2023-08-01
17877,2023-08-01 12:56:00,19850.0,19722.6,6981550,893400,23.0,146.6,115800,60300,0.000283,-0.998684,2.851e-05,0.00010286,10.879056,12.468842,2023-08-01
23131,2023-08-01 12:56:00,19900.0,19722.6,8402050,950900,13.95,187.0,161250,39850,1e-06,-0.999975,1.6e-07,2.49e-06,11.060906,12.880409,2023-08-01
28384,2023-08-01 12:56:00,19950.0,19722.6,5317850,205500,8.1,231.5,168150,16350,0.0,-1.0,0.0,5e-08,11.228021,13.661859,2023-08-01
25758,2023-08-01 12:57:00,19450.0,19721.5,86250,3193850,282.6,7.1,550,28900,,0.0,,0.0,0.0,13.43904,2023-08-01
20505,2023-08-01 12:57:00,19500.0,19721.5,912450,6692800,236.3,11.1,4450,54900,1.0,0.0,0.0,2e-08,9.869184,13.098987,2023-08-01
15250,2023-08-01 12:57:00,19550.0,19721.5,347750,3924700,192.5,16.95,10050,48950,0.999999,-2.7e-05,9e-08,2.73e-06,10.609998,12.725837,2023-08-01
9993,2023-08-01 12:57:00,19600.0,19721.5,2809800,9858350,151.75,25.7,49150,160450,0.999582,-0.001688,4.114e-05,0.00013024,10.882897,12.403231,2023-08-01
4734,2023-08-01 12:57:00,19650.0,19721.5,2244000,5021050,114.25,38.5,32550,116950,0.976072,-0.039068,0.00154734,0.00206705,10.823674,12.158724,2023-08-01
2103,2023-08-01 12:57:00,19700.0,19721.5,9680750,9847350,82.2,56.5,223200,337750,0.727035,-0.293694,0.0091594,0.00852142,10.790696,12.013004,2023-08-01
7364,2023-08-01 12:57:00,19750.0,19721.5,9959950,4491300,56.05,80.35,220450,251500,0.218633,-0.757423,0.00816389,0.00777694,10.74403,11.953243,2023-08-01
12622,2023-08-01 12:57:00,19800.0,19721.5,16754550,4735550,36.7,110.65,206500,147700,0.016135,-0.972626,0.00110755,0.00155413,10.822087,12.061308,2023-08-01
17878,2023-08-01 12:57:00,19850.0,19721.5,6981550,893400,22.8,146.85,101250,33650,0.000247,-0.998935,2.518e-05,8.586e-05,10.894678,12.3577,2023-08-01
23132,2023-08-01 12:57:00,19900.0,19721.5,8402050,950900,13.85,187.55,76600,32600,1e-06,-0.999981,1.3e-07,1.93e-06,11.083712,12.800981,2023-08-01
28385,2023-08-01 12:57:00,19950.0,19721.5,5317850,205500,8.05,233.25,92650,4400,0.0,-0.999999,0.0,7e-08,11.253173,13.89667,2023-08-01
25759,2023-08-01 12:58:00,19450.0,19718.25,86250,3193850,281.0,7.2,1550,26050,1.0,0.0,0.0,0.0,9.794885,13.370435,2023-08-01
20506,2023-08-01 12:58:00,19500.0,19718.25,912450,6692800,235.1,11.3,7800,97500,1.0,0.0,0.0,3e-08,10.824461,13.040106,2023-08-01
15251,2023-08-01 12:58:00,19550.0,19718.25,347750,3924700,191.3,17.3,4650,85000,0.999997,-3.4e-05,3.5e-07,3.32e-06,11.123251,12.675547,2023-08-01
9994,2023-08-01 12:58:00,19600.0,19718.25,2809800,9858350,149.7,26.25,62600,178600,0.999372,-0.002031,5.945e-05,0.0001552,11.005459,12.357172,2023-08-01
4735,2023-08-01 12:58:00,19650.0,19718.25,2244000,5021050,112.85,39.35,34350,134150,0.96907,-0.045256,0.00189477,0.00234338,10.987321,12.121909,2023-08-01
2104,2023-08-01 12:58:00,19700.0,19718.25,9680750,9847350,80.8,57.4,216400,379700,0.695665,-0.320313,0.00959995,0.00894562,10.874495,11.930646,2023-08-01
7365,2023-08-01 12:58:00,19750.0,19718.25,9959950,4491300,55.0,81.7,195100,244300,0.193884,-0.784032,0.00757619,0.00735224,10.818554,11.886765,2023-08-01
12623,2023-08-01 12:58:00,19800.0,19718.25,16754550,4735550,35.9,112.15,251300,213400,0.013004,-0.978595,0.00091822,0.00127977,10.878631,11.954662,2023-08-01
17879,2023-08-01 12:58:00,19850.0,19718.25,6981550,893400,22.4,148.75,107200,56200,0.000187,-0.999279,1.934e-05,6.069e-05,10.976386,12.256967,2023-08-01
23133,2023-08-01 12:58:00,19900.0,19718.25,8402050,950900,13.6,189.8,86750,37500,1e-06,-0.999989,9e-08,1.18e-06,11.158442,12.709361,2023-08-01
28386,2023-08-01 12:58:00,19950.0,19718.25,5317850,205500,7.95,234.0,97700,6050,0.0,-1.0,0.0,1e-08,11.340879,13.30008,2023-08-01
25760,2023-08-01 12:59:00,19450.0,19717.95,86250,3195850,281.3,7.15,2850,30700,1.0,0.0,0.0,0.0,10.36527,13.339084,2023-08-01
20507,2023-08-01 12:59:00,19500.0,19717.95,911900,6666200,236.05,11.2,8500,79500,1.0,0.0,0.0,3e-08,11.368728,12.996244,2023-08-01
15252,2023-08-01 12:59:00,19550.0,19717.95,348200,3909450,191.45,17.15,9550,70900,0.999997,-3.1e-05,4.3e-07,3.06e-06,11.248411,12.624366,2023-08-01
9995,2023-08-01 12:59:00,19600.0,19717.95,2811000,9904100,150.45,26.15,55100,238750,0.99922,-0.001965,7.14e-05,0.00015157,11.232161,12.32206,2023-08-01
4736,2023-08-01 12:59:00,19650.0,19717.95,2240400,5046250,113.2,38.95,51700,196350,0.967645,-0.044236,0.00195413,0.00232576,11.09432,12.03156,2023-08-01
2105,2023-08-01 12:59:00,19700.0,19717.95,9627950,9980050,81.3,57.05,269600,468300,0.691461,-0.321374,0.00958762,0.00904823,10.991058,11.850857,2023-08-01
7366,2023-08-01 12:59:00,19750.0,19717.95,9921650,4483300,55.45,81.0,244300,292100,0.193024,-0.789843,0.00751078,0.00734911,10.919358,11.742961,2023-08-01
12624,2023-08-01 12:59:00,19800.0,19717.95,16777500,4746300,36.15,111.6,206100,183850,0.012934,-0.980436,0.00091142,0.00120321,10.944908,11.821474,2023-08-01
17880,2023-08-01 12:59:00,19850.0,19717.95,7019850,899500,22.55,148.0,111150,59100,0.000184,-0.999437,1.905e-05,4.921e-05,11.02634,12.056515,2023-08-01
23134,2023-08-01 12:59:00,19900.0,19717.95,8415500,955700,13.65,188.85,116200,47050,1e-06,-0.999994,9e-08,7.2e-07,11.187452,12.411544,2023-08-01
28387,2023-08-01 12:59:00,19950.0,19717.95,5311650,205500,7.95,233.95,94900,9050,0.0,-1.0,0.0,1e-08,11.354286,13.206537,2023-08-01
25761,2023-08-01 13:00:00,19450.0,19719.6,86900,3195850,283.05,7.25,1900,39150,1.0,0.0,0.0,0.0,10.505965,13.445614,2023-08-01
20508,2023-08-01 13:00:00,19500.0,19719.6,911900,6666200,235.95,11.3,10550,176450,1.0,0.0,0.0,2e-08,10.641299,13.097855,2023-08-01
15253,2023-08-01 13:00:00,19550.0,19719.6,348200,3909450,192.45,17.3,10300,107300,0.999998,-2.9e-05,2.6e-07,2.86e-06,11.124558,12.739903,2023-08-01
9996,2023-08-01 13:00:00,19600.0,19719.6,2811000,9904100,150.3,26.15,82600,182800,0.999542,-0.00179,4.516e-05,0.00013873,10.903343,12.408818,2023-08-01
4737,2023-08-01 13:00:00,19650.0,19719.6,2240400,5046250,113.1,39.15,75200,160400,0.973712,-0.041782,0.00168501,0.00220275,10.862916,12.170249,2023-08-01
2106,2023-08-01 13:00:00,19700.0,19719.6,9627950,9980050,81.25,57.25,358950,473900,0.710596,-0.308341,0.00948802,0.00880205,10.823051,12.007447,2023-08-01
7367,2023-08-01 13:00:00,19750.0,19719.6,9921650,4483300,55.2,81.35,334000,224000,0.201255,-0.77423,0.00784732,0.00754821,10.75328,11.954283,2023-08-01
12625,2023-08-01 13:00:00,19800.0,19719.6,16777500,4746300,36.0,112.0,380600,210050,0.013341,-0.976318,0.00095023,0.00138727,10.817961,12.088405,2023-08-01
17881,2023-08-01 13:00:00,19850.0,19719.6,7019850,899500,22.45,148.5,140300,52300,0.000184,-0.999138,1.926e-05,7.106e-05,10.92234,12.413653,2023-08-01
23135,2023-08-01 13:00:00,19900.0,19719.6,8415500,955700,13.65,189.5,123150,39500,1e-06,-0.999985,9e-08,1.56e-06,11.117503,12.906773,2023-08-01
28388,2023-08-01 13:00:00,19950.0,19719.6,5311650,203500,7.9,232.65,101300,3150,0.0,-1.0,0.0,1e-08,11.274496,13.246136,2023-08-01
25762,2023-08-01 13:01:00,19450.0,19718.55,86900,3195850,283.1,7.1,1700,43850,1.0,0.0,0.0,0.0,11.304695,13.341935,2023-08-01
20509,2023-08-01 13:01:00,19500.0,19718.55,911900,6666200,237.8,11.0,11900,126450,1.0,0.0,0.0,2e-08,11.864976,12.955823,2023-08-01
15254,2023-08-01 13:01:00,19550.0,19718.55,348200,3909450,193.35,16.8,16500,114650,0.999994,-2.4e-05,6.9e-07,2.42e-06,11.659724,12.561989,2023-08-01
9997,2023-08-01 13:01:00,19600.0,19718.55,2811000,9904100,152.1,25.4,63750,226150,0.999111,-0.001599,7.915e-05,0.00012782,11.50317,12.194641,2023-08-01
4738,2023-08-01 13:01:00,19650.0,19718.55,2240400,5046250,114.85,38.15,50000,182900,0.966858,-0.040449,0.00196446,0.00219751,11.331763,11.923191,2023-08-01
2107,2023-08-01 13:01:00,19700.0,19718.55,9627950,9980050,82.55,55.75,321200,410650,0.69577,-0.312343,0.00945514,0.00913285,11.149765,11.677253,2023-08-01
7368,2023-08-01 13:01:00,19750.0,19718.55,9921650,4483300,56.3,79.5,246100,264200,0.198143,-0.790872,0.00761099,0.00750097,11.02112,11.548446,2023-08-01
12626,2023-08-01 13:01:00,19800.0,19718.55,16777500,4746300,36.8,109.55,393100,308250,0.013576,-0.982773,0.00094924,0.00111487,11.031052,11.524151,2023-08-01
17882,2023-08-01 13:01:00,19850.0,19718.55,7019850,899500,22.85,146.5,146700,38800,0.000188,-0.999556,1.945e-05,4.049e-05,11.064839,11.839484,2023-08-01
23136,2023-08-01 13:01:00,19900.0,19718.55,8415500,955700,13.85,187.3,125650,39950,1e-06,-0.999996,9e-08,4.5e-07,11.22086,12.144197,2023-08-01
28389,2023-08-01 13:01:00,19950.0,19718.55,5311650,203500,8.05,231.25,98700,3900,0.0,-1.0,0.0,0.0,11.373637,12.516204,2023-08-01
25763,2023-08-01 13:02:00,19450.0,19717.55,86900,3196300,286.9,7.05,400,84450,1.0,0.0,0.0,0.0,13.7699,13.285397,2023-08-01
20510,2023-08-01 13:02:00,19500.0,19717.55,908350,6675750,239.15,10.9,8700,145900,1.0,0.0,1e-08,2e-08,12.699701,12.883865,2023-08-01
15255,2023-08-01 13:02:00,19550.0,19717.55,348050,3915450,193.8,16.55,11850,184800,0.999989,-2.1e-05,1.25e-06,2.21e-06,12.028056,12.452485,2023-08-01
9998,2023-08-01 13:02:00,19600.0,19717.55,2785000,9974400,153.0,25.1,83850,291100,0.998701,-0.001534,0.0001089,0.00012465,11.87569,12.080196,2023-08-01
4739,2023-08-01 13:02:00,19650.0,19717.55,2220350,5107850,115.15,37.5,78750,268200,0.963006,-0.039863,0.00212254,0.00221231,11.517479,11.743931,2023-08-01
2108,2023-08-01 13:02:00,19700.0,19717.55,9642850,10190000,83.05,55.3,396550,537700,0.684002,-0.318871,0.00948863,0.00936405,11.334259,11.529102,2023-08-01
7369,2023-08-01 13:02:00,19750.0,19717.55,9878650,4502300,56.65,78.75,317500,289550,0.192754,-0.803592,0.00741768,0.00738845,11.158575,11.331471,2023-08-01
12627,2023-08-01 13:02:00,19800.0,19717.55,16844300,4832200,36.95,109.05,406850,263450,0.013012,-0.985663,0.0009107,0.00097333,11.122218,11.314801,2023-08-01
17883,2023-08-01 13:02:00,19850.0,19717.55,6983500,905050,22.95,144.95,156450,46750,0.000177,-0.999772,1.836e-05,2.282e-05,11.139749,11.351842,2023-08-01
23137,2023-08-01 13:02:00,19900.0,19717.55,8405250,954500,13.85,185.95,193100,56650,1e-06,-0.999999,8e-08,1.4e-07,11.266585,11.570981,2023-08-01
28390,2023-08-01 13:02:00,19950.0,19717.55,5270400,203700,8.05,230.4,136800,3400,0.0,-1.0,0.0,0.0,11.413735,11.924714,2023-08-01
25764,2023-08-01 13:03:00,19450.0,19716.45,86900,3196300,286.9,7.15,0,46400,1.0,0.0,0.0,0.0,13.7699,13.293573,2023-08-01
20511,2023-08-01 13:03:00,19500.0,19716.45,908350,6675750,236.5,11.05,3950,74750,1.0,0.0,0.0,2e-08,12.09872,12.8935,2023-08-01
15256,2023-08-01 13:03:00,19550.0,19716.45,348050,3915450,191.45,16.95,2700,73850,0.999994,-2.4e-05,7.4e-07,2.52e-06,11.632234,12.511812,2023-08-01
9999,2023-08-01 13:03:00,19600.0,19716.45,2785000,9974400,150.4,25.6,37300,162950,0.999012,-0.001694,8.794e-05,0.00013628,11.492078,12.133689,2023-08-01
4740,2023-08-01 13:03:00,19650.0,19716.45,2220350,5107850,113.45,38.4,58500,168750,0.963351,-0.043184,0.00214631,0.00234826,11.341982,11.84582,2023-08-01
2109,2023-08-01 13:03:00,19700.0,19716.45,9642850,10190000,81.6,56.5,200950,289300,0.676009,-0.330431,0.00974003,0.00943282,11.19627,11.653626,2023-08-01
7370,2023-08-01 13:03:00,19750.0,19716.45,9878650,4502300,55.4,80.25,182900,206800,0.181154,-0.809245,0.00724424,0.00718616,11.033191,11.484298,2023-08-01
12628,2023-08-01 13:03:00,19800.0,19716.45,16844300,4832200,36.1,110.85,189850,124950,0.011268,-0.98562,0.00081298,0.00096242,11.035874,11.512118,2023-08-01
17884,2023-08-01 13:03:00,19850.0,19716.45,6983500,905050,22.5,147.1,76600,25900,0.000143,-0.99973,1.516e-05,2.613e-05,11.099961,11.634841,2023-08-01
23138,2023-08-01 13:03:00,19900.0,19716.45,8405250,954500,13.55,187.95,68100,33950,0.0,-0.999998,6e-08,1.9e-07,11.232828,11.862302,2023-08-01
28391,2023-08-01 13:03:00,19950.0,19716.45,5270400,203700,7.95,232.15,69900,2500,0.0,-1.0,0.0,0.0,11.41933,12.196787,2023-08-01
25765,2023-08-01 13:04:00,19450.0,19719.45,86900,3196300,286.9,6.95,0,58900,1.0,0.0,0.0,0.0,13.7699,13.311418,2023-08-01
20512,2023-08-01 13:04:00,19500.0,19719.45,908350,6675750,238.95,10.75,4250,86000,1.0,0.0,0.0,1e-08,12.006366,12.911232,2023-08-01
15257,2023-08-01 13:04:00,19550.0,19719.45,348050,3915450,194.7,16.3,4150,74100,0.999994,-1.6e-05,6.8e-07,1.68e-06,11.835675,12.473486,2023-08-01
10000,2023-08-01 13:04:00,19600.0,19719.45,2785000,9974400,153.45,24.9,34700,167250,0.999152,-0.001287,7.557e-05,0.00010639,11.656376,12.13735,2023-08-01
4741,2023-08-01 13:04:00,19650.0,19719.45,2220350,5107850,115.95,37.3,37700,129700,0.968777,-0.035852,0.00187289,0.00202859,11.429858,11.8245,2023-08-01
2110,2023-08-01 13:04:00,19700.0,19719.45,9642850,10190000,83.25,55.0,201900,334800,0.705412,-0.301533,0.00938097,0.00912815,11.187683,11.620285,2023-08-01
7371,2023-08-01 13:04:00,19750.0,19719.45,9878650,4502300,56.75,78.6,151350,153200,0.2029,-0.787765,0.0077894,0.0076861,11.034367,11.483898,2023-08-01
12629,2023-08-01 13:04:00,19800.0,19719.45,16844300,4832200,37.15,108.55,204950,151300,0.013748,-0.983236,0.0009681,0.00110699,11.045486,11.454072,2023-08-01
17885,2023-08-01 13:04:00,19850.0,19719.45,6983500,905050,23.05,144.7,82700,20950,0.00018,-0.999665,1.89e-05,3.211e-05,11.067994,11.606891,2023-08-01
23139,2023-08-01 13:04:00,19900.0,19719.45,8405250,954500,13.95,184.95,109300,20050,1e-06,-0.999998,8e-08,2.1e-07,11.215154,11.72899,2023-08-01
28392,2023-08-01 13:04:00,19950.0,19719.45,5270400,203700,8.1,229.75,52600,750,0.0,-1.0,0.0,0.0,11.364352,12.283229,2023-08-01
25766,2023-08-01 13:05:00,19450.0,19721.4,86450,3190050,288.2,6.7,1300,84650,1.0,0.0,0.0,0.0,12.72862,13.266065,2023-08-01
20513,2023-08-01 13:05:00,19500.0,19721.4,905350,6672150,242.0,10.35,13500,101600,1.0,0.0,0.0,1e-08,12.499961,12.849899,2023-08-01
15258,2023-08-01 13:05:00,19550.0,19721.4,348550,3901200,197.3,15.6,6750,151900,0.999993,-1e-05,7.8e-07,1.13e-06,12.106826,12.370604,2023-08-01
10001,2023-08-01 13:05:00,19600.0,19721.4,2776300,9925350,155.75,23.8,86200,320050,0.99919,-0.000935,7.155e-05,8.061e-05,11.834737,11.996297,2023-08-01
4742,2023-08-01 13:05:00,19650.0,19721.4,2211950,5143600,118.05,35.85,72450,245100,0.971106,-0.029928,0.00173989,0.00177684,11.576119,11.671283,2023-08-01
2111,2023-08-01 13:05:00,19700.0,19721.4,9642800,10444000,84.95,53.15,440100,527350,0.722327,-0.280429,0.0090701,0.00898665,11.28815,11.447821,2023-08-01
7372,2023-08-01 13:05:00,19750.0,19721.4,9878350,4587000,58.2,76.05,303900,286250,0.219605,-0.77828,0.00811574,0.00808538,11.130321,11.233609,2023-08-01
12630,2023-08-01 13:05:00,19800.0,19721.4,16804750,4805650,37.95,105.9,293850,228650,0.015658,-0.983296,0.00108382,0.0011318,11.071792,11.206421,2023-08-01
17886,2023-08-01 13:05:00,19850.0,19721.4,6999250,900800,23.6,141.5,108450,39350,0.000216,-0.999741,2.241e-05,2.616e-05,11.087678,11.241504,2023-08-01
23140,2023-08-01 13:05:00,19900.0,19721.4,8384150,966550,14.15,182.05,145750,53350,1e-06,-0.999999,9e-08,1.3e-07,11.186428,11.389742,2023-08-01
28393,2023-08-01 13:05:00,19950.0,19721.4,5242500,203700,8.25,227.5,93450,4700,0.0,-1.0,0.0,0.0,11.348227,12.104952,2023-08-01
25767,2023-08-01 13:06:00,19450.0,19724.8,86450,3190050,290.7,6.6,2650,76250,1.0,0.0,0.0,0.0,12.361905,13.340804,2023-08-01
20514,2023-08-01 13:06:00,19500.0,19724.8,905350,6672150,243.85,10.1,9750,262250,1.0,0.0,0.0,0.0,12.036341,12.895565,2023-08-01
15259,2023-08-01 13:06:00,19550.0,19724.8,348550,3901200,198.8,15.35,19200,163450,0.999998,-7e-06,2.6e-07,8.3e-07,11.706154,12.452126,2023-08-01
10002,2023-08-01 13:06:00,19600.0,19724.8,2776300,9925350,156.75,23.3,91950,319350,0.999606,-0.000708,3.806e-05,6.229e-05,11.46128,12.057434,2023-08-01
4743,2023-08-01 13:06:00,19650.0,19724.8,2211950,5143600,119.0,35.15,109250,293650,0.979331,-0.024665,0.00134842,0.00150797,11.313105,11.741708,2023-08-01
2112,2023-08-01 13:06:00,19700.0,19724.8,9642800,10444000,85.85,52.25,578400,781050,0.756563,-0.251685,0.00864374,0.00846789,11.104918,11.539135,2023-08-01
7373,2023-08-01 13:06:00,19750.0,19724.8,9878350,4587000,58.65,74.85,463150,478500,0.24371,-0.748593,0.00877724,0.00861216,10.942637,11.339214,2023-08-01
12631,2023-08-01 13:06:00,19800.0,19724.8,16804750,4805650,38.3,104.35,481450,328500,0.018107,-0.978306,0.00124795,0.00140311,10.923607,11.326506,2023-08-01
17887,2023-08-01 13:06:00,19850.0,19724.8,6999250,900800,23.8,139.9,167250,128750,0.000251,-0.999568,2.62e-05,4.155e-05,10.955614,11.442521,2023-08-01
23141,2023-08-01 13:06:00,19900.0,19724.8,8384150,966550,14.25,180.05,165700,75850,1e-06,-0.999998,1e-07,2.8e-07,11.065521,11.607585,2023-08-01
28394,2023-08-01 13:06:00,19950.0,19724.8,5242500,203000,8.3,223.95,134450,8100,0.0,-1.0,0.0,0.0,11.238266,11.919448,2023-08-01
25768,2023-08-01 13:07:00,19450.0,19724.4,86450,3190050,288.6,6.6,400,29850,1.0,0.0,0.0,0.0,11.272304,13.328764,2023-08-01
20515,2023-08-01 13:07:00,19500.0,19724.4,905350,6672150,243.45,10.15,4500,126700,1.0,0.0,0.0,0.0,12.024736,12.899916,2023-08-01
15260,2023-08-01 13:07:00,19550.0,19724.4,348550,3901200,197.95,15.4,5600,70400,0.999998,-7e-06,1.9e-07,8.2e-07,11.557461,12.450466,2023-08-01
10003,2023-08-01 13:07:00,19600.0,19724.4,2776300,9925350,156.5,23.45,54100,183700,0.9996,-0.000716,3.868e-05,6.306e-05,11.478867,12.072781,2023-08-01
4744,2023-08-01 13:07:00,19650.0,19724.4,2211950,5143600,118.2,35.35,67750,150550,0.98001,-0.025035,0.00132677,0.00153018,11.215726,11.757774,2023-08-01
2113,2023-08-01 13:07:00,19700.0,19724.4,9642800,10444000,85.45,52.5,296650,340050,0.754331,-0.254662,0.0087374,0.00853851,11.078794,11.555115,2023-08-01
7374,2023-08-01 13:07:00,19750.0,19724.4,9878350,4587000,58.4,75.35,325500,220150,0.239253,-0.751851,0.00872697,0.00854517,10.934146,11.389079,2023-08-01
12632,2023-08-01 13:07:00,19800.0,19724.4,16804750,4805650,38.1,104.95,254750,165950,0.01722,-0.978652,0.00120078,0.00138134,10.914765,11.389352,2023-08-01
17888,2023-08-01 13:07:00,19850.0,19724.4,6999250,900800,23.75,140.65,113100,30700,0.000233,-0.99956,2.453e-05,4.208e-05,10.967855,11.537856,2023-08-01
23142,2023-08-01 13:07:00,19900.0,19724.4,8384150,966550,14.3,181.0,116050,35700,1e-06,-0.999997,9e-08,3.2e-07,11.09878,11.768843,2023-08-01
28395,2023-08-01 13:07:00,19950.0,19724.4,5242500,203000,8.25,225.3,90300,2700,0.0,-1.0,0.0,0.0,11.237089,12.252835,2023-08-01
25769,2023-08-01 13:08:00,19450.0,19724.55,84750,3205400,290.95,6.5,1350,47300,1.0,0.0,0.0,0.0,12.637676,13.288132,2023-08-01
20516,2023-08-01 13:08:00,19500.0,19724.55,901500,6675900,244.5,10.0,11000,97050,1.0,0.0,0.0,0.0,12.386408,12.853787,2023-08-01
15261,2023-08-01 13:08:00,19550.0,19724.55,347000,3887100,199.85,15.2,7600,129650,0.999996,-6e-06,4.3e-07,7e-07,12.081126,12.403166,2023-08-01
10004,2023-08-01 13:08:00,19600.0,19724.55,2760400,9931700,157.5,23.15,62750,202750,0.999533,-0.000644,4.405e-05,5.769e-05,11.683549,12.014942,2023-08-01
4745,2023-08-01 13:08:00,19650.0,19724.55,2199700,5148100,119.25,35.1,58950,153850,0.978928,-0.024061,0.0013699,0.00148989,11.398805,11.720984,2023-08-01
2114,2023-08-01 13:08:00,19700.0,19724.55,9712000,10684300,86.1,52.1,358000,436750,0.754459,-0.251622,0.00868821,0.00855615,11.177483,11.498887,2023-08-01
7375,2023-08-01 13:08:00,19750.0,19724.55,9855050,4629550,58.75,74.8,222000,201850,0.240757,-0.75282,0.00874823,0.00861589,10.98332,11.311563,2023-08-01
12633,2023-08-01 13:08:00,19800.0,19724.55,16790300,4771400,38.4,104.15,275200,154150,0.017468,-0.979932,0.00121458,0.00133009,10.961536,11.26443,2023-08-01
17889,2023-08-01 13:08:00,19850.0,19724.55,6973200,861950,23.9,139.65,167100,43150,0.000233,-0.999648,2.457e-05,3.488e-05,10.993906,11.354062,2023-08-01
23143,2023-08-01 13:08:00,19900.0,19724.55,8367350,962850,14.4,179.75,143150,38300,1e-06,-0.999999,9e-08,1.8e-07,11.1212,11.477602,2023-08-01
28396,2023-08-01 13:08:00,19950.0,19724.55,5220600,203000,8.4,223.95,153000,4950,0.0,-1.0,0.0,0.0,11.288884,11.845772,2023-08-01
25770,2023-08-01 13:09:00,19500.0,19726.75,901500,6675900,247.2,9.65,14500,213600,1.0,0.0,0.0,0.0,12.663104,12.813457,2023-08-01
20517,2023-08-01 13:09:00,19550.0,19726.75,347000,3887100,201.45,14.6,12450,212250,0.999998,-4e-06,2.8e-07,4.6e-07,12.004157,12.33134,2023-08-01
15262,2023-08-01 13:09:00,19600.0,19726.75,2760400,9931700,159.6,22.3,105350,328000,0.999602,-0.000469,3.78e-05,4.341e-05,11.771626,11.93419,2023-08-01
10005,2023-08-01 13:09:00,19650.0,19726.75,2199700,5148100,121.15,33.8,128050,246400,0.981496,-0.019608,0.00122323,0.00127035,11.471596,11.603889,2023-08-01
4746,2023-08-01 13:09:00,19700.0,19726.75,9712000,10684300,87.4,50.45,545100,799750,0.773885,-0.229955,0.00832849,0.00826527,11.180343,11.373059,2023-08-01
2115,2023-08-01 13:09:00,19750.0,19726.75,9855050,4629550,59.85,72.75,559150,418600,0.259903,-0.736942,0.0091308,0.0090495,10.996471,11.164204,2023-08-01
7376,2023-08-01 13:09:00,19800.0,19726.75,16790300,4771400,39.2,101.8,538000,315150,0.020023,-0.978776,0.00136809,0.00142037,10.968094,11.098623,2023-08-01
12634,2023-08-01 13:09:00,19850.0,19726.75,6973200,861950,24.35,137.0,217200,84300,0.000275,-0.999667,2.876e-05,3.391e-05,10.975789,11.144866,2023-08-01
17890,2023-08-01 13:09:00,19900.0,19726.75,8367350,962850,14.55,177.0,316550,78100,1e-06,-0.999999,1e-07,1.4e-07,11.065788,11.234782,2023-08-01
23144,2023-08-01 13:09:00,19950.0,19726.75,5220600,201750,8.5,221.05,341450,13500,0.0,-1.0,0.0,0.0,11.242625,11.516435,2023-08-01
28397,2023-08-01 13:09:00,20000.0,19726.75,7867200,463950,5.1,268.0,99000,8250,0.0,-1.0,0.0,0.0,11.584257,12.14108,2023-08-01
25771,2023-08-01 13:10:00,19500.0,19727.6,901500,6675900,246.9,9.5,19000,165300,1.0,0.0,0.0,0.0,12.254573,12.792761,2023-08-01
20518,2023-08-01 13:10:00,19550.0,19727.6,347000,3887100,202.05,14.45,11400,129900,0.999998,-3e-06,2.2e-07,3.9e-07,11.969648,12.327082,2023-08-01
15263,2023-08-01 13:10:00,19600.0,19727.6,2760400,9931700,159.7,22.1,107350,210750,0.999694,-0.000414,3.007e-05,3.887e-05,11.643017,11.932403,2023-08-01
10006,2023-08-01 13:10:00,19650.0,19727.6,2199700,5148100,121.6,33.6,74350,142000,0.983027,-0.018325,0.0011428,0.00120216,11.446296,11.616648,2023-08-01
4747,2023-08-01 13:10:00,19700.0,19727.6,9712000,10684300,88.0,50.25,393400,428700,0.78131,-0.222741,0.00818637,0.00812707,11.199151,11.400067,2023-08-01
2116,2023-08-01 13:10:00,19750.0,19727.6,9855050,4629550,60.25,72.45,400300,274100,0.267003,-0.729462,0.00928849,0.00918942,10.998123,11.190382,2023-08-01
7377,2023-08-01 13:10:00,19800.0,19727.6,16790300,4771400,39.3,101.55,323900,194250,0.020528,-0.9774,0.00140657,0.0014957,10.933849,11.15304,2023-08-01
12635,2023-08-01 13:10:00,19850.0,19727.6,6973200,861950,24.45,136.65,146300,31400,0.00028,-0.999628,2.941e-05,3.744e-05,10.954084,11.205281,2023-08-01
17891,2023-08-01 13:10:00,19900.0,19727.6,8367350,962850,14.7,176.85,181950,48400,1e-06,-0.999999,1.1e-07,1.9e-07,11.069987,11.381068,2023-08-01
23145,2023-08-01 13:10:00,19950.0,19727.6,5220600,201750,8.55,221.4,168850,12700,0.0,-1.0,0.0,0.0,11.229939,11.895044,2023-08-01
28398,2023-08-01 13:10:00,20000.0,19727.6,7867200,463950,5.1,267.35,63900,6800,0.0,-1.0,0.0,0.0,11.556932,12.203207,2023-08-01
25772,2023-08-01 13:11:00,19500.0,19727.0,902000,6620750,245.15,9.75,11850,119700,1.0,0.0,0.0,0.0,11.761892,12.863806,2023-08-01
20519,2023-08-01 13:11:00,19550.0,19727.0,354850,3871750,200.0,14.8,10800,108650,0.999999,-4e-06,9e-08,4.4e-07,11.510051,12.402713,2023-08-01
15264,2023-08-01 13:11:00,19600.0,19727.0,2733000,9968850,158.55,22.65,59050,251000,0.999738,-0.000462,2.645e-05,4.286e-05,11.48857,12.029585,2023-08-01
10007,2023-08-01 13:11:00,19650.0,19727.0,2192600,5162700,119.95,34.25,73800,154700,0.984461,-0.019472,0.00108571,0.00126058,11.21174,11.707826,2023-08-01
4748,2023-08-01 13:11:00,19700.0,19727.0,9762450,10732700,86.75,51.15,305600,407000,0.780267,-0.229102,0.0083518,0.00820516,11.047267,11.514371,2023-08-01
2117,2023-08-01 13:11:00,19750.0,19727.0,9808600,4717600,59.4,73.4,291450,265150,0.258913,-0.733727,0.00925482,0.0090617,10.905215,11.298554,2023-08-01
7378,2023-08-01 13:11:00,19800.0,19727.0,16860250,4738400,38.7,102.95,271750,230650,0.018747,-0.976927,0.0013151,0.00150285,10.866389,11.336132,2023-08-01
12636,2023-08-01 13:11:00,19850.0,19727.0,6994900,861650,24.0,138.15,98100,34000,0.000233,-0.999576,2.502e-05,4.166e-05,10.892877,11.425151,2023-08-01
17892,2023-08-01 13:11:00,19900.0,19727.0,8378500,948100,14.5,178.45,140850,45950,1e-06,-0.999998,9e-08,2.8e-07,11.045229,11.667325,2023-08-01
23146,2023-08-01 13:11:00,19950.0,19727.0,5040750,201150,8.45,222.25,89950,7600,0.0,-1.0,0.0,0.0,11.218666,12.003265,2023-08-01
28399,2023-08-01 13:11:00,20000.0,19727.0,7875700,463950,5.1,271.05,36600,3300,0.0,-1.0,0.0,0.0,11.579713,13.511245,2023-08-01
25773,2023-08-01 13:12:00,19500.0,19732.0,902000,6620750,249.9,9.25,15000,200950,1.0,0.0,0.0,0.0,11.839414,12.871728,2023-08-01
20520,2023-08-01 13:12:00,19550.0,19732.0,354850,3871750,204.1,14.05,11800,236150,1.0,-2e-06,4e-08,2.3e-07,11.435962,12.404042,2023-08-01
15265,2023-08-01 13:12:00,19600.0,19732.0,2733000,9968850,161.95,21.5,123700,290300,0.999874,-0.000271,1.355e-05,2.622e-05,11.352359,12.013795,2023-08-01
10008,2023-08-01 13:12:00,19650.0,19732.0,2192600,5162700,122.95,32.65,128500,329900,0.989959,-0.013583,0.00075339,0.0009305,11.10814,11.690237,2023-08-01
4749,2023-08-01 13:12:00,19700.0,19732.0,9762450,10732700,89.3,48.85,609900,706900,0.822185,-0.188389,0.0074252,0.00736472,10.971921,11.467962,2023-08-01
2118,2023-08-01 13:12:00,19750.0,19732.0,9808600,4717600,61.25,70.75,547450,431900,0.305079,-0.687325,0.01013387,0.00981176,10.815683,11.291634,2023-08-01
7379,2023-08-01 13:12:00,19800.0,19732.0,16860250,4738400,39.95,99.7,544550,355050,0.024926,-0.968933,0.00169353,0.00193516,10.770818,11.323942,2023-08-01
12637,2023-08-01 13:12:00,19850.0,19732.0,6994900,861650,24.7,134.7,195000,76200,0.000331,-0.999308,3.52e-05,6.542e-05,10.777311,11.473597,2023-08-01
17893,2023-08-01 13:12:00,19900.0,19732.0,8378500,948100,14.85,174.65,212550,73200,1e-06,-0.999996,1.2e-07,5.4e-07,10.91645,11.739187,2023-08-01
23147,2023-08-01 13:12:00,19950.0,19732.0,5040750,201150,8.65,217.8,113000,16200,0.0,-1.0,0.0,0.0,11.09901,11.981283,2023-08-01
28400,2023-08-01 13:12:00,20000.0,19732.0,7875700,468450,5.1,265.0,82000,9550,0.0,-1.0,0.0,0.0,11.408719,12.914396,2023-08-01
25774,2023-08-01 13:13:00,19500.0,19732.8,902000,6620750,249.45,9.4,10150,112100,1.0,0.0,0.0,0.0,11.295717,12.960947,2023-08-01
20521,2023-08-01 13:13:00,19550.0,19732.8,354850,3871750,204.25,14.3,6450,113800,1.0,-2e-06,2e-08,2.3e-07,11.259986,12.512826,2023-08-01
15266,2023-08-01 13:13:00,19600.0,19732.8,2733000,9968850,161.45,21.9,91800,250550,0.999924,-0.000276,8.67e-06,2.647e-05,11.076081,12.147241,2023-08-01
10009,2023-08-01 13:13:00,19650.0,19732.8,2192600,5162700,122.45,33.0,80750,188350,0.991829,-0.01332,0.00064341,0.00090928,10.898087,11.805564,2023-08-01
4750,2023-08-01 13:13:00,19700.0,19732.8,9762450,10732700,88.8,49.6,382200,402400,0.832672,-0.185565,0.00728102,0.00720511,10.802531,11.654832,2023-08-01
2119,2023-08-01 13:13:00,19750.0,19732.8,9808600,4717600,61.1,71.6,376150,284750,0.31115,-0.676952,0.01034318,0.00979892,10.727369,11.504612,2023-08-01
7380,2023-08-01 13:13:00,19800.0,19732.8,16860250,4738400,40.0,100.4,369500,211500,0.025435,-0.965292,0.00173527,0.00208846,10.729787,11.537764,2023-08-01
12638,2023-08-01 13:13:00,19850.0,19732.8,6994900,861650,24.8,135.25,145150,42450,0.000337,-0.999112,3.594e-05,8.102e-05,10.757437,11.703227,2023-08-01
17894,2023-08-01 13:13:00,19900.0,19732.8,8378500,948100,14.95,175.25,206200,42550,1e-06,-0.999993,1.2e-07,8.8e-07,10.908697,12.045617,2023-08-01
23148,2023-08-01 13:13:00,19950.0,19732.8,5040750,201150,8.65,219.2,93000,12850,0.0,-1.0,0.0,1e-08,11.069793,12.63219,2023-08-01
28401,2023-08-01 13:13:00,20000.0,19732.8,7875700,468450,5.2,264.75,43100,4350,0.0,-1.0,0.0,0.0,11.433536,13.100692,2023-08-01
25775,2023-08-01 13:14:00,19500.0,19738.0,901350,6611650,254.75,8.95,12150,212100,1.0,0.0,0.0,0.0,11.530566,12.988851,2023-08-01
20522,2023-08-01 13:14:00,19550.0,19738.0,351600,3882750,208.65,13.45,12050,134400,1.0,-1e-06,1e-08,1.1e-07,11.201568,12.48505,2023-08-01
15267,2023-08-01 13:14:00,19600.0,19738.0,2693200,10034700,165.7,20.5,111850,235800,0.99996,-0.000145,4.69e-06,1.466e-05,11.082967,12.073056,2023-08-01
10010,2023-08-01 13:14:00,19650.0,19738.0,2146450,5182950,126.25,31.2,137600,233850,0.994742,-0.008778,0.00043687,0.0006377,10.906138,11.749702,2023-08-01
4751,2023-08-01 13:14:00,19700.0,19738.0,9685900,10707600,92.0,46.75,522650,556750,0.86858,-0.146691,0.00621523,0.00628503,10.804661,11.51511,2023-08-01
2120,2023-08-01 13:14:00,19750.0,19738.0,9764750,4735350,63.35,68.05,474950,334650,0.36566,-0.626588,0.01109902,0.01051017,10.676452,11.352024,2023-08-01
7381,2023-08-01 13:14:00,19800.0,19738.0,16767350,4740650,41.45,96.25,544650,254350,0.034288,-0.955832,0.00224837,0.00258588,10.646804,11.376738,2023-08-01
12639,2023-08-01 13:14:00,19850.0,19738.0,6954500,855050,25.75,130.4,192750,64750,0.000509,-0.998869,5.331e-05,0.00010341,10.675067,11.486283,2023-08-01
17895,2023-08-01 13:14:00,19900.0,19738.0,8320900,948700,15.4,169.9,174950,45500,1e-06,-0.999992,1.9e-07,9.8e-07,10.791754,11.763753,2023-08-01
23149,2023-08-01 13:14:00,19950.0,19738.0,5024000,204650,8.95,213.6,89650,12350,0.0,-1.0,0.0,0.0,10.974046,12.294312,2023-08-01
28402,2023-08-01 13:14:00,20000.0,19738.0,7879350,466800,5.3,259.6,63850,12250,0.0,-1.0,0.0,0.0,11.303978,12.923157,2023-08-01
25776,2023-08-01 13:15:00,19500.0,19741.25,901350,6611650,253.5,9.15,43200,523600,1.0,0.0,0.0,0.0,8.490755,13.191487,2023-08-01
20523,2023-08-01 13:15:00,19550.0,19741.25,351600,3882750,208.35,13.55,24700,190150,1.0,-1e-06,0.0,9e-08,9.978648,12.6538,2023-08-01
15268,2023-08-01 13:15:00,19600.0,19741.25,2693200,10034700,165.05,20.5,173050,618450,0.999995,-0.000119,7.5e-07,1.208e-05,10.198224,12.230476,2023-08-01
10011,2023-08-01 13:15:00,19650.0,19741.25,2146450,5182950,126.15,31.25,169850,431000,0.997389,-0.007528,0.00024551,0.00055004,10.394056,11.942969,2023-08-01
4752,2023-08-01 13:15:00,19700.0,19741.25,9685900,10707600,91.7,46.85,873600,826250,0.897436,-0.131202,0.00543842,0.00572761,10.393099,11.752454,2023-08-01
2121,2023-08-01 13:15:00,19750.0,19741.25,9764750,4735350,62.9,68.1,890150,600800,0.398631,-0.590138,0.01181628,0.01056577,10.328418,11.6323,2023-08-01
7382,2023-08-01 13:15:00,19800.0,19741.25,16767350,4740650,41.2,96.45,835300,483050,0.037979,-0.941514,0.00251443,0.0031396,10.388198,11.75853,2023-08-01
12640,2023-08-01 13:15:00,19850.0,19741.25,6954500,855050,25.6,131.2,371750,91550,0.000549,-0.997637,5.848e-05,0.00019274,10.469882,12.096258,2023-08-01
17896,2023-08-01 13:15:00,19900.0,19741.25,8320900,948700,15.45,170.5,300550,95350,1e-06,-0.999967,2.1e-07,3.55e-06,10.657896,12.506061,2023-08-01
23150,2023-08-01 13:15:00,19950.0,19741.25,5024000,204650,8.9,213.8,166700,22300,0.0,-1.0,0.0,4e-08,10.830397,13.145207,2023-08-01
28403,2023-08-01 13:15:00,20000.0,19741.25,7879350,466800,5.3,260.55,120450,21150,0.0,-1.0,0.0,0.0,11.192183,14.264824,2023-08-01
25777,2023-08-01 13:16:00,19500.0,19740.8,901350,6611650,250.7,9.25,11250,259300,,0.0,,0.0,0.0,13.215034,2023-08-01
20524,2023-08-01 13:16:00,19550.0,19740.8,351600,3882750,206.1,13.7,7150,147500,1.0,-1e-06,0.0,1e-07,9.130171,12.681761,2023-08-01
15269,2023-08-01 13:16:00,19600.0,19740.8,2693200,10034700,163.4,20.95,90700,348700,0.999998,-0.000131,3.8e-07,1.315e-05,9.84132,12.317934,2023-08-01
10012,2023-08-01 13:16:00,19650.0,19740.8,2146450,5182950,124.05,31.85,99050,253000,0.998088,-0.008002,0.00019272,0.00057797,10.02505,12.038409,2023-08-01
4753,2023-08-01 13:16:00,19700.0,19740.8,9685900,10707600,90.1,47.8,418750,712100,0.900888,-0.135718,0.00544565,0.00581604,10.161362,11.890684,2023-08-01
2122,2023-08-01 13:16:00,19750.0,19740.8,9764750,4735350,61.7,69.55,469600,364250,0.391242,-0.593609,0.0119868,0.01039779,10.167511,11.839893,2023-08-01
7383,2023-08-01 13:16:00,19800.0,19740.8,16767350,4740650,40.5,98.1,545150,314400,0.035076,-0.939885,0.00238573,0.00315537,10.297336,11.999342,2023-08-01
12641,2023-08-01 13:16:00,19850.0,19740.8,6954500,855050,25.1,132.75,228350,54300,0.00046,-0.997383,5.021e-05,0.00020809,10.39467,12.335743,2023-08-01
17897,2023-08-01 13:16:00,19900.0,19740.8,8320900,948700,15.05,172.75,245200,81750,1e-06,-0.999948,1.5e-07,5.24e-06,10.5778,12.935329,2023-08-01
23151,2023-08-01 13:16:00,19950.0,19740.8,5024000,204650,8.75,216.65,107700,9050,0.0,-0.999999,0.0,1e-07,10.797674,13.811092,2023-08-01
28404,2023-08-01 13:16:00,20000.0,19740.8,7879350,466800,5.2,263.35,45900,9200,0.0,-1.0,0.0,0.0,11.160679,15.02107,2023-08-01
25778,2023-08-01 13:17:00,19500.0,19737.25,907550,6624000,250.0,9.5,14300,222800,1.0,0.0,0.0,0.0,8.934492,13.177069,2023-08-01
20525,2023-08-01 13:17:00,19550.0,19737.25,356450,3837350,204.7,14.05,11750,177750,1.0,-1e-06,0.0,1.3e-07,9.984226,12.637264,2023-08-01
15270,2023-08-01 13:17:00,19600.0,19737.25,2695900,9905150,162.1,21.4,103200,240550,0.99999,-0.000165,1.38e-06,1.648e-05,10.314093,12.254775,2023-08-01
10013,2023-08-01 13:17:00,19650.0,19737.25,2126850,5165700,122.9,32.5,64400,233350,0.996584,-0.009708,0.00031682,0.00069137,10.341314,11.968288,2023-08-01
4754,2023-08-01 13:17:00,19700.0,19737.25,9625650,10680300,88.95,48.75,346500,505250,0.876547,-0.155092,0.00627823,0.00642638,10.356212,11.81868,2023-08-01
2123,2023-08-01 13:17:00,19750.0,19737.25,9688200,4843900,60.95,70.6,402500,365250,0.351297,-0.631832,0.01142547,0.01024646,10.342901,11.721459,2023-08-01
7384,2023-08-01 13:17:00,19800.0,19737.25,16768900,4783600,39.85,99.65,407000,301850,0.028395,-0.952387,0.00198764,0.00265657,10.419995,11.895264,2023-08-01
12642,2023-08-01 13:17:00,19850.0,19737.25,6940600,869900,24.75,134.45,147850,51050,0.000343,-0.998311,3.791e-05,0.0001422,10.516674,12.181995,2023-08-01
17898,2023-08-01 13:17:00,19900.0,19737.25,8371050,965150,14.85,174.4,186550,56650,1e-06,-0.999976,1.1e-07,2.61e-06,10.68922,12.683373,2023-08-01
23152,2023-08-01 13:17:00,19950.0,19737.25,5020450,202650,8.7,217.8,97200,14850,0.0,-1.0,0.0,3e-08,10.921441,13.323529,2023-08-01
28405,2023-08-01 13:17:00,20000.0,19737.25,7866500,465600,5.2,265.0,71550,9400,0.0,-1.0,0.0,0.0,11.286609,14.575634,2023-08-01
25779,2023-08-01 13:18:00,19500.0,19740.25,907550,6624000,252.95,9.3,6950,113250,1.0,0.0,0.0,0.0,8.978641,13.21743,2023-08-01
20526,2023-08-01 13:18:00,19550.0,19740.25,356450,3837350,207.55,13.85,11050,59200,1.0,-1e-06,0.0,9e-08,10.035862,12.707188,2023-08-01
15271,2023-08-01 13:18:00,19600.0,19740.25,2695900,9905150,164.7,20.95,35450,145850,0.999994,-0.000121,9.1e-07,1.234e-05,10.341328,12.295239,2023-08-01
10014,2023-08-01 13:18:00,19650.0,19740.25,2126850,5165700,125.15,31.75,48550,97000,0.997492,-0.007724,0.0002405,0.00056673,10.347988,11.991412,2023-08-01
4755,2023-08-01 13:18:00,19700.0,19740.25,9625650,10680300,91.05,47.7,266900,305950,0.894347,-0.136139,0.00561796,0.00589787,10.396477,11.839644,2023-08-01
2124,2023-08-01 13:18:00,19750.0,19740.25,9688200,4843900,62.65,69.2,228000,184000,0.386057,-0.600957,0.01178789,0.01051739,10.377611,11.738897,2023-08-01
7385,2023-08-01 13:18:00,19800.0,19740.25,16768900,4783600,41.2,97.45,232050,184000,0.034917,-0.945504,0.00235735,0.00298466,10.461016,11.831809,2023-08-01
12643,2023-08-01 13:18:00,19850.0,19740.25,6940600,869900,25.55,132.25,129400,39150,0.000456,-0.997927,4.964e-05,0.00017214,10.52001,12.167801,2023-08-01
17899,2023-08-01 13:18:00,19900.0,19740.25,8371050,965150,15.4,171.7,105650,34100,1e-06,-0.999972,1.5e-07,3.05e-06,10.696741,12.605234,2023-08-01
23153,2023-08-01 13:18:00,19950.0,19740.25,5020450,202650,8.95,215.65,77750,7900,0.0,-1.0,0.0,4e-08,10.893129,13.425204,2023-08-01
28406,2023-08-01 13:18:00,20000.0,19740.25,7866500,465600,5.35,262.0,41050,16600,0.0,-1.0,0.0,0.0,11.257697,14.454374,2023-08-01
25780,2023-08-01 13:19:00,19500.0,19742.2,907550,6624000,252.95,9.25,11350,84300,,0.0,,0.0,0.0,13.274369,2023-08-01
20527,2023-08-01 13:19:00,19550.0,19742.2,356450,3837350,207.55,13.75,3050,58300,1.0,-1e-06,0.0,7e-08,9.213994,12.761622,2023-08-01
15272,2023-08-01 13:19:00,19600.0,19742.2,2695900,9905150,164.65,20.9,52500,157050,0.999998,-0.000104,2.6e-07,1.063e-05,9.865555,12.3788,2023-08-01
10015,2023-08-01 13:19:00,19650.0,19742.2,2126850,5165700,125.45,31.7,51100,121250,0.998392,-0.006902,0.00016514,0.00051079,10.104927,12.092339,2023-08-01
4756,2023-08-01 13:19:00,19700.0,19742.2,9625650,10680300,90.9,47.4,239600,284300,0.910945,-0.125672,0.00509425,0.00556385,10.151159,11.919386,2023-08-01
2125,2023-08-01 13:19:00,19750.0,19742.2,9688200,4843900,62.65,68.95,263150,220550,0.407408,-0.579831,0.01219757,0.01057956,10.213387,11.859722,2023-08-01
7386,2023-08-01 13:19:00,19800.0,19742.2,16768900,4783600,41.1,97.6,232400,129700,0.037121,-0.936508,0.00252303,0.00331246,10.314817,12.063469,2023-08-01
12644,2023-08-01 13:19:00,19850.0,19742.2,6940600,869900,25.65,132.05,144850,22900,0.000491,-0.997238,5.373e-05,0.00021989,10.435926,12.393674,2023-08-01
17900,2023-08-01 13:19:00,19900.0,19742.2,8371050,965150,15.4,171.6,135850,26600,1e-06,-0.999951,1.6e-07,5.05e-06,10.609308,12.925139,2023-08-01
23154,2023-08-01 13:19:00,19950.0,19742.2,5020450,202650,9.0,215.85,104250,2700,0.0,-0.999999,0.0,1.1e-07,10.835302,13.908901,2023-08-01
28407,2023-08-01 13:19:00,20000.0,19742.2,7866500,465600,5.35,261.5,54150,2850,0.0,-1.0,0.0,0.0,11.191215,14.829558,2023-08-01
25781,2023-08-01 13:20:00,19500.0,19738.9,910300,6589550,249.75,9.55,12250,94550,,0.0,,0.0,0.0,13.265256,2023-08-01
20528,2023-08-01 13:20:00,19550.0,19738.9,365050,3840400,204.8,14.2,14800,82600,1.0,-1e-06,0.0,1e-07,9.370996,12.75744,2023-08-01
15273,2023-08-01 13:20:00,19600.0,19738.9,2725250,9941950,162.4,21.5,48750,139250,0.999996,-0.000135,5.3e-07,1.369e-05,10.02466,12.363707,2023-08-01
10016,2023-08-01 13:20:00,19650.0,19738.9,2135650,5191450,123.2,32.7,54600,107550,0.997731,-0.008631,0.00022559,0.00062367,10.155536,12.106133,2023-08-01
4757,2023-08-01 13:20:00,19700.0,19738.9,9618850,10769450,89.65,48.8,247500,400550,0.890377,-0.144577,0.00586639,0.00613684,10.303417,11.944535,2023-08-01
2126,2023-08-01 13:20:00,19750.0,19738.9,9745850,4887600,61.45,70.8,233650,271000,0.3682,-0.61448,0.0118,0.01035664,10.294461,11.898249,2023-08-01
7387,2023-08-01 13:20:00,19800.0,19738.9,16724450,4810250,40.5,99.65,276250,172250,0.030472,-0.947231,0.00212926,0.00287283,10.431639,12.075335,2023-08-01
12645,2023-08-01 13:20:00,19850.0,19738.9,6947600,869900,25.1,134.6,162200,39750,0.000352,-0.997883,3.94e-05,0.00017288,10.50535,12.441769,2023-08-01
17901,2023-08-01 13:20:00,19900.0,19738.9,8387350,975850,15.15,174.1,137000,29900,1e-06,-0.999968,1.1e-07,3.41e-06,10.697969,12.912889,2023-08-01
23155,2023-08-01 13:20:00,19950.0,19738.9,5032500,202650,8.9,218.6,83650,7550,0.0,-0.999999,0.0,7e-08,10.932877,13.915782,2023-08-01
28408,2023-08-01 13:20:00,20000.0,19738.9,7858650,465100,5.35,265.3,75400,6450,0.0,-1.0,0.0,0.0,11.309075,15.121808,2023-08-01
25782,2023-08-01 13:21:00,19500.0,19739.7,910300,6589550,250.25,9.4,2750,98250,,0.0,,0.0,0.0,13.24089,2023-08-01
20529,2023-08-01 13:21:00,19550.0,19739.7,365050,3840400,205.5,14.05,10400,83500,1.0,-1e-06,0.0,8e-08,9.354869,12.749117,2023-08-01
15274,2023-08-01 13:21:00,19600.0,19739.7,2725250,9941950,162.4,21.4,30100,120950,0.999998,-0.00012,3e-07,1.23e-05,9.835467,12.380726,2023-08-01
10017,2023-08-01 13:21:00,19650.0,19739.7,2135650,5191450,123.6,32.35,41350,105500,0.998047,-0.007847,0.00019839,0.00057686,10.116062,12.084239,2023-08-01
4758,2023-08-01 13:21:00,19700.0,19739.7,9618850,10769450,89.3,48.45,141150,234100,0.899172,-0.138703,0.00562473,0.00599237,10.153741,11.939127,2023-08-01
2127,2023-08-01 13:21:00,19750.0,19739.7,9745850,4887600,61.25,70.3,166850,195450,0.376029,-0.606735,0.01204134,0.0104691,10.195364,11.882703,2023-08-01
7388,2023-08-01 13:21:00,19800.0,19739.7,16724450,4810250,40.15,99.15,192200,175800,0.030277,-0.945601,0.00214929,0.00295442,10.318773,12.074292,2023-08-01
12646,2023-08-01 13:21:00,19850.0,19739.7,6947600,884900,25.15,134.25,79600,27450,0.000354,-0.997751,3.985e-05,0.00018274,10.474197,12.484001,2023-08-01
17902,2023-08-01 13:21:00,19900.0,19739.7,8387350,975850,15.15,174.0,84400,22750,1e-06,-0.999962,1e-07,3.99e-06,10.663431,13.031508,2023-08-01
23156,2023-08-01 13:21:00,19950.0,19739.7,5032500,202650,8.95,217.8,73250,5950,0.0,-0.999999,0.0,7e-08,10.920731,13.881196,2023-08-01
28409,2023-08-01 13:21:00,20000.0,19739.7,7858650,465100,5.45,264.2,45950,450,0.0,-1.0,0.0,0.0,11.331737,14.998139,2023-08-01
25783,2023-08-01 13:22:00,19500.0,19747.5,910300,6589550,257.9,8.6,21650,231800,,0.0,,0.0,0.0,13.224191,2023-08-01
20530,2023-08-01 13:22:00,19550.0,19747.5,365050,3840400,212.25,12.8,32900,150100,1.0,0.0,0.0,3e-08,9.086842,12.699228,2023-08-01
15275,2023-08-01 13:22:00,19600.0,19747.5,2725250,9941950,169.0,19.45,131950,394450,1.0,-4.4e-05,8e-08,4.83e-06,9.815332,12.285303,2023-08-01
10018,2023-08-01 13:22:00,19650.0,19747.5,2135650,5191450,129.15,29.5,111300,292600,0.999241,-0.003853,8.449e-05,0.00031126,10.039369,11.949144,2023-08-01
4759,2023-08-01 13:22:00,19700.0,19747.5,9618850,10769450,94.25,44.55,500450,637950,0.937311,-0.093246,0.00394468,0.00459742,10.144236,11.7709,2023-08-01
2128,2023-08-01 13:22:00,19750.0,19747.5,9745850,4887600,65.0,65.1,571600,451500,0.472438,-0.52394,0.01272399,0.01109667,10.153316,11.649131,2023-08-01
7389,2023-08-01 13:22:00,19800.0,19747.5,16724450,4810250,42.9,92.8,545200,353150,0.049905,-0.924319,0.00325345,0.00392629,10.27458,11.784099,2023-08-01
12647,2023-08-01 13:22:00,19850.0,19747.5,6947600,884900,26.7,126.75,271250,89350,0.000705,-0.996889,7.647e-05,0.00025382,10.360147,12.088763,2023-08-01
17903,2023-08-01 13:22:00,19900.0,19747.5,8387350,975850,16.1,166.05,273950,81200,2e-06,-0.999952,2.3e-07,5.06e-06,10.546461,12.606586,2023-08-01
23157,2023-08-01 13:22:00,19950.0,19747.5,5032500,202650,9.4,210.5,256100,13450,0.0,-0.999999,0.0,1e-07,10.76627,13.659093,2023-08-01
28410,2023-08-01 13:22:00,20000.0,19747.5,7858650,465100,5.6,255.95,136850,11200,0.0,-1.0,0.0,0.0,11.129673,14.536088,2023-08-01
25784,2023-08-01 13:23:00,19500.0,19746.2,879600,6566150,256.5,8.6,94150,339250,,0.0,,0.0,0.0,13.177589,2023-08-01
20531,2023-08-01 13:23:00,19550.0,19746.2,364100,3861250,210.95,12.8,21400,195350,1.0,0.0,0.0,2e-08,9.046318,12.647242,2023-08-01
15276,2023-08-01 13:23:00,19600.0,19746.2,2688700,10007800,167.6,19.5,130400,468500,1.0,-4.5e-05,7e-08,4.95e-06,9.73306,12.238261,2023-08-01
10019,2023-08-01 13:23:00,19650.0,19746.2,2142600,5210650,127.75,29.85,144150,349650,0.999234,-0.004154,8.63e-05,0.00033422,9.953482,11.950628,2023-08-01
4760,2023-08-01 13:23:00,19700.0,19746.2,9413550,10630600,93.05,44.95,759850,944250,0.933956,-0.098265,0.00414944,0.00480231,10.08243,11.758559,2023-08-01
2129,2023-08-01 13:23:00,19750.0,19746.2,9681000,4947750,64.15,66.0,631950,534950,0.455601,-0.538367,0.01275942,0.01106378,10.126734,11.69723,2023-08-01
7390,2023-08-01 13:23:00,19800.0,19746.2,16696350,4941400,42.15,93.95,812250,467550,0.044557,-0.92895,0.00299423,0.00373479,10.235171,11.851299,2023-08-01
12648,2023-08-01 13:23:00,19850.0,19746.2,6868650,886550,26.25,128.3,281500,96600,0.000575,-0.997049,6.369e-05,0.00024052,10.344439,12.214094,2023-08-01
17904,2023-08-01 13:23:00,19900.0,19746.2,8305000,963600,15.9,167.65,357850,94900,1e-06,-0.999954,1.8e-07,4.88e-06,10.558883,12.740137,2023-08-01
23158,2023-08-01 13:23:00,19950.0,19746.2,5014650,202650,9.35,210.85,173900,14750,0.0,-1.0,0.0,6e-08,10.803442,13.472378,2023-08-01
28411,2023-08-01 13:23:00,20000.0,19746.2,7824200,465100,5.65,257.55,151650,12850,0.0,-1.0,0.0,0.0,11.201376,14.683555,2023-08-01
25785,2023-08-01 13:24:00,19500.0,19747.2,879600,6566150,258.1,8.4,29950,168950,,0.0,,0.0,0.0,13.136158,2023-08-01
20532,2023-08-01 13:24:00,19550.0,19747.2,364100,3861250,212.25,12.5,15150,89600,1.0,0.0,0.0,2e-08,9.24691,12.59702,2023-08-01
15277,2023-08-01 13:24:00,19600.0,19747.2,2688700,10007800,169.1,19.1,118650,317250,0.999999,-3.5e-05,9e-08,3.97e-06,9.928655,12.188758,2023-08-01
10020,2023-08-01 13:24:00,19650.0,19747.2,2142600,5210650,129.2,29.25,80500,158750,0.999226,-0.003555,8.613e-05,0.00029339,10.10519,11.885601,2023-08-01
4761,2023-08-01 13:24:00,19700.0,19747.2,9413550,10630600,93.95,44.15,426600,535350,0.937862,-0.09129,0.00395435,0.00459577,10.129589,11.683616,2023-08-01
2130,2023-08-01 13:24:00,19750.0,19747.2,9681000,4947750,64.8,65.15,475850,360700,0.468297,-0.527574,0.01281882,0.01118994,10.150168,11.636676,2023-08-01
7391,2023-08-01 13:24:00,19800.0,19747.2,16696350,4941400,42.7,92.7,459600,265450,0.047443,-0.927868,0.00315237,0.00382926,10.264364,11.739441,2023-08-01
12649,2023-08-01 13:24:00,19850.0,19747.2,6868650,886550,26.7,126.5,204400,62250,0.000638,-0.997325,7.021e-05,0.00022485,10.380705,12.004675,2023-08-01
17905,2023-08-01 13:24:00,19900.0,19747.2,8305000,963600,16.1,166.1,224450,41500,1e-06,-0.999961,1.9e-07,4.2e-06,10.564299,12.569314,2023-08-01
23159,2023-08-01 13:24:00,19950.0,19747.2,5014650,200850,9.45,209.35,116850,19000,0.0,-1.0,0.0,5e-08,10.798975,13.296886,2023-08-01
28412,2023-08-01 13:24:00,20000.0,19747.2,7824200,465700,5.7,255.75,104650,8500,0.0,-1.0,0.0,0.0,11.191241,14.396991,2023-08-01
25786,2023-08-01 13:25:00,19500.0,19746.2,879600,6566150,255.1,8.8,7050,101400,,0.0,,0.0,0.0,13.261636,2023-08-01
20533,2023-08-01 13:25:00,19550.0,19746.2,364100,3861250,209.45,13.1,2950,78500,1.0,0.0,0.0,2e-08,8.100163,12.74382,2023-08-01
15278,2023-08-01 13:25:00,19600.0,19746.2,2688700,10007800,166.1,19.95,49200,187900,1.0,-4.6e-05,2e-08,5.05e-06,9.26801,12.35184,2023-08-01
10021,2023-08-01 13:25:00,19650.0,19746.2,2142600,5210650,126.5,30.45,60000,107200,0.999486,-0.004235,6.182e-05,0.0003392,9.682403,12.075155,2023-08-01
4762,2023-08-01 13:25:00,19700.0,19746.2,9413550,10630600,92.1,46.0,270100,414050,0.938635,-0.100093,0.00401699,0.00482844,9.914624,11.948094,2023-08-01
2131,2023-08-01 13:25:00,19750.0,19746.2,9681000,4947750,63.4,67.35,286350,289250,0.454629,-0.537973,0.01301442,0.01093777,10.004663,11.927404,2023-08-01
7392,2023-08-01 13:25:00,19800.0,19746.2,16696350,4941400,41.6,95.2,317850,221350,0.041872,-0.926889,0.00289637,0.00377824,10.143191,12.070102,2023-08-01
12650,2023-08-01 13:25:00,19850.0,19746.2,6868650,886550,26.0,129.75,143300,35950,0.000498,-0.99667,5.643e-05,0.00026426,10.29821,12.492373,2023-08-01
17906,2023-08-01 13:25:00,19900.0,19746.2,8305000,963600,15.75,169.65,142500,35250,1e-06,-0.99993,1.4e-07,7.01e-06,10.525072,13.180885,2023-08-01
23160,2023-08-01 13:25:00,19950.0,19746.2,5014650,200850,9.3,213.25,94950,15850,0.0,-0.999999,0.0,1.4e-07,10.790428,14.093403,2023-08-01
28413,2023-08-01 13:25:00,20000.0,19746.2,7824200,465700,5.6,259.75,79350,10650,0.0,-1.0,0.0,0.0,11.181793,15.340528,2023-08-01
25787,2023-08-01 13:26:00,19500.0,19742.15,857700,6551950,254.0,8.95,16950,125900,1.0,0.0,0.0,0.0,8.019843,13.170204,2023-08-01
20534,2023-08-01 13:26:00,19550.0,19742.15,360200,3853150,208.1,13.3,6950,84500,1.0,0.0,0.0,3e-08,9.529154,12.637463,2023-08-01
15279,2023-08-01 13:26:00,19600.0,19742.15,2647350,10042300,165.35,20.2,77550,279150,0.999999,-5.7e-05,2.4e-07,6.26e-06,10.096874,12.221845,2023-08-01
10022,2023-08-01 13:26:00,19650.0,19742.15,2133850,5262900,125.7,30.9,69650,206650,0.998664,-0.005224,0.00014224,0.00041532,10.182118,11.942978,2023-08-01
4763,2023-08-01 13:26:00,19700.0,19742.15,9304450,10764900,91.2,46.45,298500,464650,0.914945,-0.116444,0.00502272,0.005493,10.225352,11.760903,2023-08-01
2132,2023-08-01 13:26:00,19750.0,19742.15,9575300,5018100,62.75,67.85,341500,345250,0.404348,-0.584019,0.01247061,0.01101466,10.248612,11.682435,2023-08-01
7393,2023-08-01 13:26:00,19800.0,19742.15,16712500,4992100,41.3,96.1,457500,266550,0.033794,-0.945679,0.00238901,0.00307719,10.367053,11.80922,2023-08-01
12651,2023-08-01 13:26:00,19850.0,19742.15,6899150,893250,25.6,130.5,167050,64850,0.000353,-0.998268,4.06e-05,0.00015164,10.442108,12.099559,2023-08-01
17907,2023-08-01 13:26:00,19900.0,19742.15,8342550,970500,15.45,170.5,212450,64800,1e-06,-0.999978,9e-08,2.51e-06,10.637933,12.680609,2023-08-01
23161,2023-08-01 13:26:00,19950.0,19742.15,5036450,211000,9.1,214.3,115450,11850,0.0,-1.0,0.0,3e-08,10.885485,13.499627,2023-08-01
28414,2023-08-01 13:26:00,20000.0,19742.15,7799500,465700,5.5,260.65,91750,9500,0.0,-1.0,0.0,0.0,11.279549,14.561773,2023-08-01
25788,2023-08-01 13:27:00,19500.0,19745.0,857700,6551950,257.6,8.65,13100,98250,1.0,0.0,0.0,0.0,9.062456,13.160841,2023-08-01
20535,2023-08-01 13:27:00,19550.0,19745.0,360200,3853150,212.1,12.75,11000,99700,1.0,0.0,0.0,2e-08,10.153474,12.589654,2023-08-01
15280,2023-08-01 13:27:00,19600.0,19745.0,2647350,10042300,168.9,19.6,77250,150450,0.999998,-3.8e-05,2.7e-07,4.33e-06,10.420985,12.213524,2023-08-01
10023,2023-08-01 13:27:00,19650.0,19745.0,2133850,5262900,128.85,29.75,80400,154950,0.998831,-0.003839,0.00012372,0.00031858,10.397288,11.871671,2023-08-01
4764,2023-08-01 13:27:00,19700.0,19745.0,9304450,10764900,93.95,44.9,337850,313200,0.925905,-0.099034,0.00446917,0.004942,10.393041,11.677631,2023-08-01
2133,2023-08-01 13:27:00,19750.0,19745.0,9575300,5018100,64.6,65.6,280400,233100,0.440349,-0.553294,0.01266497,0.01134754,10.315282,11.539229,2023-08-01
7394,2023-08-01 13:27:00,19800.0,19745.0,16712500,4992100,42.55,93.2,371250,198150,0.04097,-0.940387,0.00279948,0.00338252,10.394727,11.604413,2023-08-01
12652,2023-08-01 13:27:00,19850.0,19745.0,6899150,893250,26.5,127.4,149800,54950,0.000479,-0.998182,5.402e-05,0.00016198,10.468663,11.88818,2023-08-01
17908,2023-08-01 13:27:00,19900.0,19745.0,8342550,970500,16.0,166.35,169700,30400,1e-06,-0.999985,1.3e-07,1.83e-06,10.647433,12.245942,2023-08-01
23162,2023-08-01 13:27:00,19950.0,19745.0,5036450,211000,9.3,210.55,70800,6000,0.0,-1.0,0.0,2e-08,10.842304,13.131571,2023-08-01
28415,2023-08-01 13:27:00,20000.0,19745.0,7799500,468700,5.6,256.5,80700,8150,0.0,-1.0,0.0,0.0,11.228381,14.030108,2023-08-01
25789,2023-08-01 13:28:00,19500.0,19749.4,857700,6551950,258.65,8.55,7450,103050,,0.0,,0.0,0.0,13.287413,2023-08-01
20536,2023-08-01 13:28:00,19550.0,19749.4,360200,3853150,213.15,12.6,3350,66200,1.0,0.0,0.0,1e-08,8.565151,12.72712,2023-08-01
15281,2023-08-01 13:28:00,19600.0,19749.4,2647350,10042300,169.45,19.15,43850,130500,1.0,-2.5e-05,1e-08,2.85e-06,9.454861,12.311613,2023-08-01
10024,2023-08-01 13:28:00,19650.0,19749.4,2133850,5262900,129.3,29.2,50000,98750,0.999669,-0.002807,4.123e-05,0.00023871,9.760417,12.002324,2023-08-01
4765,2023-08-01 13:28:00,19700.0,19749.4,9304450,10764900,94.35,44.1,257100,390000,0.951914,-0.080766,0.00334093,0.00421009,9.948148,11.824722,2023-08-01
2134,2023-08-01 13:28:00,19750.0,19749.4,9575300,5018100,65.1,64.8,340850,220850,0.496301,-0.503051,0.01324473,0.01127739,10.013616,11.760647,2023-08-01
7395,2023-08-01 13:28:00,19800.0,19749.4,16712500,4992100,42.85,92.35,333400,160250,0.049952,-0.919487,0.00337677,0.00417057,10.146499,11.908483,2023-08-01
12653,2023-08-01 13:28:00,19850.0,19749.4,6899150,893250,26.7,126.35,103650,35300,0.000599,-0.996635,6.803e-05,0.00027487,10.265704,12.269708,2023-08-01
17909,2023-08-01 13:28:00,19900.0,19749.4,8342550,970500,16.15,165.4,142000,30050,1e-06,-0.99995,1.6e-07,5.36e-06,10.481723,12.792907,2023-08-01
23163,2023-08-01 13:28:00,19950.0,19749.4,5036450,211000,9.5,208.85,62550,4800,0.0,-0.999999,0.0,7e-08,10.735035,13.645239,2023-08-01
28416,2023-08-01 13:28:00,20000.0,19749.4,7799500,468700,5.65,255.25,37150,8600,0.0,-1.0,0.0,0.0,11.097451,14.82705,2023-08-01
25790,2023-08-01 13:29:00,19500.0,19751.65,851350,6551950,262.55,8.25,18900,216750,,0.0,,0.0,0.0,13.250415,2023-08-01
20537,2023-08-01 13:29:00,19550.0,19751.65,359900,3853150,215.95,12.1,8500,92250,1.0,0.0,0.0,1e-08,8.990022,12.66299,2023-08-01
15282,2023-08-01 13:29:00,19600.0,19751.65,2622000,10042300,172.6,18.45,168400,300100,1.0,-1.6e-05,2e-08,1.9e-06,9.836653,12.243477,2023-08-01
10025,2023-08-01 13:29:00,19650.0,19751.65,2116200,5262900,131.8,28.05,93800,240100,0.999705,-0.00205,3.662e-05,0.00018206,9.931415,11.889719,2023-08-01
4766,2023-08-01 13:29:00,19700.0,19751.65,9150650,10764900,96.3,42.4,475800,512900,0.958269,-0.06825,0.00296673,0.00376712,10.03458,11.667271,2023-08-01
2135,2023-08-01 13:29:00,19750.0,19751.65,9455950,5018100,66.75,62.6,432650,348850,0.525958,-0.477272,0.01316764,0.01149046,10.091639,11.570369,2023-08-01
7396,2023-08-01 13:29:00,19800.0,19751.65,16541750,4992100,44.05,89.65,723950,342350,0.058212,-0.91492,0.00380708,0.00445323,10.199495,11.672006,2023-08-01
12654,2023-08-01 13:29:00,19850.0,19751.65,6832550,893250,27.35,123.3,195950,81500,0.000741,-0.996764,8.302e-05,0.00027277,10.269648,11.986669,2023-08-01
17910,2023-08-01 13:29:00,19900.0,19751.65,8273950,970500,16.6,162.0,243950,88250,1e-06,-0.999963,2.1e-07,4.2e-06,10.488829,12.42789,2023-08-01
23164,2023-08-01 13:29:00,19950.0,19751.65,5011650,211000,9.7,204.85,111800,6750,0.0,-1.0,0.0,3e-08,10.712366,13.089917,2023-08-01
28417,2023-08-01 13:29:00,20000.0,19751.65,7799900,468700,5.8,251.2,85150,5300,0.0,-1.0,0.0,0.0,11.088579,14.187906,2023-08-01
25791,2023-08-01 13:30:00,19500.0,19758.05,851350,6641100,269.5,7.7,55400,481400,1.0,0.0,0.0,0.0,7.6182,13.2557,2023-08-01
20538,2023-08-01 13:30:00,19550.0,19758.05,359900,3875300,223.2,11.3,39750,578000,1.0,0.0,0.0,0.0,9.692119,12.663445,2023-08-01
15283,2023-08-01 13:30:00,19600.0,19758.05,2622000,10134350,178.95,16.9,282750,704600,1.0,-6e-06,1e-08,7.2e-07,10.087198,12.140861,2023-08-01
10026,2023-08-01 13:30:00,19650.0,19758.05,2116200,5312650,138.1,25.75,296250,672800,0.999814,-0.00097,2.316e-05,9.341e-05,10.228673,11.749257,2023-08-01
4767,2023-08-01 13:30:00,19700.0,19758.05,9150650,10835850,101.6,39.3,1440100,1419700,0.972304,-0.04443,0.00208677,0.00273061,10.223357,11.512527,2023-08-01
2136,2023-08-01 13:30:00,19750.0,19758.05,9455950,5060300,70.8,58.2,1553350,1130200,0.608407,-0.40218,0.01263119,0.01144496,10.189791,11.326968,2023-08-01
7397,2023-08-01 13:30:00,19800.0,19758.05,16541750,5035200,47.0,84.35,1872600,1025300,0.087056,-0.889238,0.00517701,0.0055554,10.253319,11.397664,2023-08-01
12655,2023-08-01 13:30:00,19850.0,19758.05,6832550,902100,29.4,117.05,670400,196050,0.001475,-0.995768,0.00015627,0.00035886,10.303935,11.633161,2023-08-01
17911,2023-08-01 13:30:00,19900.0,19758.05,8273950,977850,17.8,155.3,933200,275150,3e-06,-0.999957,4.8e-07,4.95e-06,10.474367,12.036446,2023-08-01
23165,2023-08-01 13:30:00,19950.0,19758.05,5011650,208000,10.3,198.25,300750,46350,0.0,-1.0,0.0,4e-08,10.646756,12.749138,2023-08-01
28418,2023-08-01 13:30:00,20000.0,19758.05,7799900,470000,6.1,243.45,225800,36900,0.0,-1.0,0.0,0.0,10.995182,13.500546,2023-08-01
25792,2023-08-01 13:31:00,19500.0,19757.4,851350,6641100,271.5,7.35,36300,348600,1.0,0.0,0.0,0.0,10.719101,13.081287,2023-08-01
20539,2023-08-01 13:31:00,19550.0,19757.4,359900,3875300,224.8,10.75,34150,344650,1.0,0.0,0.0,0.0,10.749301,12.454236,2023-08-01
15284,2023-08-01 13:31:00,19600.0,19757.4,2622000,10134350,180.0,16.35,178900,864950,1.0,-4e-06,4e-08,5.6e-07,10.587693,11.968657,2023-08-01
10027,2023-08-01 13:31:00,19650.0,19757.4,2116200,5312650,138.5,24.85,195300,662750,0.999751,-0.000806,2.995e-05,8.067e-05,10.437355,11.525144,2023-08-01
4768,2023-08-01 13:31:00,19700.0,19757.4,9150650,10835850,101.8,38.05,807450,1013100,0.969952,-0.04185,0.00221625,0.0026749,10.344466,11.245306,2023-08-01
2137,2023-08-01 13:31:00,19750.0,19757.4,9455950,5060300,71.25,57.0,1050650,794400,0.599235,-0.407291,0.01259267,0.01179138,10.328678,11.075807,2023-08-01
7398,2023-08-01 13:31:00,19800.0,19757.4,16541750,5035200,47.1,82.95,1550750,678750,0.084203,-0.899856,0.00503833,0.00532726,10.319363,11.096799,2023-08-01
12656,2023-08-01 13:31:00,19850.0,19757.4,6832550,902100,29.45,115.5,558900,154800,0.001384,-0.997029,0.00014737,0.00027101,10.353165,11.261193,2023-08-01
17912,2023-08-01 13:31:00,19900.0,19757.4,8273950,977850,17.8,153.85,540250,122600,3e-06,-0.99998,4.3e-07,2.49e-06,10.50762,11.608744,2023-08-01
23166,2023-08-01 13:31:00,19950.0,19757.4,5011650,208000,10.35,196.55,283100,30150,0.0,-1.0,0.0,1e-08,10.691288,12.15106,2023-08-01
28419,2023-08-01 13:31:00,20000.0,19757.4,7799900,470000,6.05,242.25,199800,22300,0.0,-1.0,0.0,0.0,10.998507,12.919621,2023-08-01
25793,2023-08-01 13:32:00,19500.0,19756.95,809050,6641100,271.7,7.35,18500,259850,1.0,0.0,0.0,0.0,11.141974,13.066988,2023-08-01
20540,2023-08-01 13:32:00,19550.0,19756.95,359900,3875300,226.5,10.65,9650,181300,1.0,0.0,0.0,0.0,11.600014,12.404155,2023-08-01
15285,2023-08-01 13:32:00,19600.0,19756.95,2565950,10134350,181.0,16.2,91050,379150,0.999999,-4e-06,9e-08,5e-07,10.995697,11.910517,2023-08-01
10028,2023-08-01 13:32:00,19650.0,19756.95,2057700,5312650,139.65,24.65,99500,311900,0.999629,-0.000759,4.231e-05,7.701e-05,10.774335,11.460629,2023-08-01
4769,2023-08-01 13:32:00,19700.0,19756.95,8804700,10835850,102.25,37.7,420800,656650,0.967696,-0.04117,0.00233111,0.00267232,10.486178,11.154933,2023-08-01
2138,2023-08-01 13:32:00,19750.0,19756.95,8936300,5060300,71.55,56.55,664500,473950,0.593081,-0.411422,0.01257992,0.01198847,10.423341,10.966727,2023-08-01
7399,2023-08-01 13:32:00,19800.0,19756.95,16247150,5035200,47.7,82.7,1118150,329900,0.083853,-0.904907,0.0049777,0.00519063,10.456632,11.011378,2023-08-01
12657,2023-08-01 13:32:00,19850.0,19756.95,6704350,902100,29.8,114.9,350550,57100,0.001385,-0.99759,0.00014671,0.00022877,10.448512,11.091035,2023-08-01
17913,2023-08-01 13:32:00,19900.0,19756.95,8358100,977850,18.0,153.1,513450,59400,3e-06,-0.999988,4.2e-07,1.55e-06,10.578621,11.363457,2023-08-01
23167,2023-08-01 13:32:00,19950.0,19756.95,5016150,208000,10.5,195.0,235350,5550,0.0,-1.0,0.0,0.0,10.759193,11.609744,2023-08-01
28420,2023-08-01 13:32:00,20000.0,19756.95,7795450,470000,6.2,241.35,138000,17700,0.0,-1.0,0.0,0.0,11.083217,12.466856,2023-08-01
25794,2023-08-01 13:33:00,19500.0,19757.0,809050,6660250,272.2,7.2,10200,226250,1.0,0.0,0.0,0.0,11.422978,13.004367,2023-08-01
20541,2023-08-01 13:33:00,19550.0,19757.0,356900,3865250,225.95,10.6,8950,149050,1.0,0.0,0.0,0.0,11.375239,12.391005,2023-08-01
15286,2023-08-01 13:33:00,19600.0,19757.0,2565950,9990350,181.55,15.95,74650,252150,0.999999,-3e-06,1.1e-07,4.1e-07,11.142898,11.848166,2023-08-01
10029,2023-08-01 13:33:00,19650.0,19757.0,2057700,5363300,139.8,24.25,56400,156650,0.999638,-0.000666,4.134e-05,6.905e-05,10.801404,11.379077,2023-08-01
4770,2023-08-01 13:33:00,19700.0,19757.0,8804700,10905850,102.95,37.35,435000,508000,0.966779,-0.039591,0.00236738,0.00261373,10.611658,11.095546,2023-08-01
2139,2023-08-01 13:33:00,19750.0,19757.0,8936300,5302550,72.0,56.2,462150,370400,0.593425,-0.41005,0.01254231,0.01208932,10.49695,10.912902,2023-08-01
7400,2023-08-01 13:33:00,19800.0,19757.0,16247150,5261300,48.0,82.2,627950,311750,0.084195,-0.907196,0.00499048,0.00515693,10.506449,10.93223,2023-08-01
12658,2023-08-01 13:33:00,19850.0,19757.0,6704350,912550,30.05,114.0,230600,56150,0.001395,-0.997958,0.00014767,0.00020068,10.495601,10.92823,2023-08-01
17914,2023-08-01 13:33:00,19900.0,19757.0,8358100,968050,18.1,152.0,252650,44700,3e-06,-0.999993,4.1e-07,1e-06,10.601797,11.1234,2023-08-01
23168,2023-08-01 13:33:00,19950.0,19757.0,5016150,220500,10.6,194.9,113400,12350,0.0,-1.0,0.0,0.0,10.79056,11.594164,2023-08-01
28421,2023-08-01 13:33:00,20000.0,19757.0,7795450,479550,6.2,241.5,91250,7400,0.0,-1.0,0.0,0.0,11.083384,12.537344,2023-08-01
25795,2023-08-01 13:34:00,19500.0,19759.2,809050,6660250,273.6,7.15,19650,188800,1.0,0.0,0.0,0.0,10.995686,13.063631,2023-08-01
20542,2023-08-01 13:34:00,19550.0,19759.2,356900,3865250,226.9,10.5,13550,137500,1.0,0.0,0.0,0.0,10.953431,12.44624,2023-08-01
15287,2023-08-01 13:34:00,19600.0,19759.2,2565950,9990350,182.05,15.85,89800,253300,1.0,-2e-06,3e-08,3.2e-07,10.746758,11.921847,2023-08-01
10030,2023-08-01 13:34:00,19650.0,19759.2,2057700,5363300,140.65,24.4,106300,205900,0.999789,-0.000584,2.558e-05,6.066e-05,10.61339,11.527057,2023-08-01
4771,2023-08-01 13:34:00,19700.0,19759.2,8804700,10905850,103.6,37.3,435650,585750,0.973907,-0.035182,0.00197356,0.00235608,10.460085,11.224027,2023-08-01
2140,2023-08-01 13:34:00,19750.0,19759.2,8936300,5302550,72.3,56.0,564250,428450,0.622955,-0.384613,0.01251333,0.01178656,10.344446,11.048669,2023-08-01
7401,2023-08-01 13:34:00,19800.0,19759.2,16247150,5261300,48.55,82.0,971350,352350,0.093413,-0.892543,0.00544744,0.00566918,10.442974,11.114562,2023-08-01
12659,2023-08-01 13:34:00,19850.0,19759.2,6704350,912550,30.4,114.0,287700,51350,0.001598,-0.996961,0.00016885,0.00028131,10.436259,11.214256,2023-08-01
17915,2023-08-01 13:34:00,19900.0,19759.2,8358100,968050,18.5,152.2,426800,65600,3e-06,-0.999982,5e-07,2.34e-06,10.591064,11.554983,2023-08-01
23169,2023-08-01 13:34:00,19950.0,19759.2,5016150,220500,10.8,195.0,165600,13100,0.0,-1.0,0.0,1e-08,10.763785,12.143111,2023-08-01
28422,2023-08-01 13:34:00,20000.0,19759.2,7795450,479550,6.4,239.6,136750,11900,0.0,-1.0,0.0,0.0,11.092378,12.557708,2023-08-01
25796,2023-08-01 13:35:00,19500.0,19763.6,791950,6660250,278.6,6.9,26450,310700,1.0,0.0,0.0,0.0,11.528587,13.110436,2023-08-01
20543,2023-08-01 13:35:00,19550.0,19763.6,348300,3865250,231.6,10.0,28800,262900,1.0,0.0,0.0,0.0,11.245405,12.447427,2023-08-01
15288,2023-08-01 13:35:00,19600.0,19763.6,2488700,9990350,186.75,15.15,128250,528400,1.0,-1e-06,3e-08,1.7e-07,11.025372,11.929368,2023-08-01
10031,2023-08-01 13:35:00,19650.0,19763.6,2070200,5363300,144.8,22.95,178600,328600,0.999857,-0.000316,1.764e-05,3.472e-05,10.777952,11.438128,2023-08-01
4772,2023-08-01 13:35:00,19700.0,19763.6,8664400,10905850,107.05,35.35,742200,1005650,0.981074,-0.02457,0.00149879,0.00177037,10.548027,11.133285,2023-08-01
2141,2023-08-01 13:35:00,19750.0,19763.6,8704000,5302550,75.3,53.4,1032450,748750,0.675799,-0.331736,0.01178719,0.01135112,10.437872,10.940051,2023-08-01
7402,2023-08-01 13:35:00,19800.0,19763.6,15885850,5261300,50.7,78.85,1397050,675750,0.11967,-0.868961,0.00651432,0.00661562,10.487375,11.002313,2023-08-01
12660,2023-08-01 13:35:00,19850.0,19763.6,6648550,912550,31.9,110.4,618200,102150,0.00248,-0.995955,0.00025196,0.00036889,10.462537,11.099623,2023-08-01
17916,2023-08-01 13:35:00,19900.0,19763.6,8376700,968050,19.5,147.6,593900,117900,6e-06,-0.99998,9e-07,2.59e-06,10.608157,11.288816,2023-08-01
23170,2023-08-01 13:35:00,19950.0,19763.6,4981000,220500,11.5,189.75,287500,29600,0.0,-1.0,0.0,1e-08,10.795184,11.717084,2023-08-01
28423,2023-08-01 13:35:00,20000.0,19763.6,7614300,479550,6.75,235.45,435650,30750,0.0,-1.0,0.0,0.0,11.081081,12.471149,2023-08-01
25797,2023-08-01 13:36:00,19500.0,19757.5,791950,6627250,270.75,7.35,21000,302800,1.0,0.0,0.0,0.0,10.088648,13.095153,2023-08-01
20544,2023-08-01 13:36:00,19550.0,19757.5,348300,3879650,224.15,10.7,15700,196750,1.0,0.0,0.0,0.0,10.43587,12.450853,2023-08-01
15289,2023-08-01 13:36:00,19600.0,19757.5,2488700,10141150,180.15,16.15,155900,351250,1.0,-2e-06,3e-08,3.4e-07,10.620513,11.92928,2023-08-01
10032,2023-08-01 13:36:00,19650.0,19757.5,2070200,5411300,138.6,24.45,126900,260900,0.999811,-0.000588,2.366e-05,6.194e-05,10.454335,11.453155,2023-08-01
4773,2023-08-01 13:36:00,19700.0,19757.5,8664400,11272800,101.6,37.6,678600,733950,0.973258,-0.037494,0.00206273,0.00251442,10.30569,11.177262,2023-08-01
2142,2023-08-01 13:36:00,19750.0,19757.5,8704000,5507400,71.1,56.75,821950,498900,0.602692,-0.404049,0.01286672,0.01205233,10.304307,11.048956,2023-08-01
7403,2023-08-01 13:36:00,19800.0,19757.5,15885850,5468050,47.4,83.0,1307450,572750,0.081208,-0.90368,0.00498305,0.00527755,10.373535,11.122553,2023-08-01
12661,2023-08-01 13:36:00,19850.0,19757.5,6648550,930450,29.55,115.5,509550,135050,0.001153,-0.997469,0.00012716,0.00023918,10.376337,11.281032,2023-08-01
17917,2023-08-01 13:36:00,19900.0,19757.5,8376700,991000,18.0,153.95,526950,101900,2e-06,-0.999985,3.1e-07,1.9e-06,10.559842,11.654631,2023-08-01
23171,2023-08-01 13:36:00,19950.0,19757.5,4981000,223500,10.5,196.55,299900,18700,0.0,-1.0,0.0,1e-08,10.744278,12.179825,2023-08-01
28424,2023-08-01 13:36:00,20000.0,19757.5,7614300,492550,6.3,241.9,271950,27000,0.0,-1.0,0.0,0.0,11.115013,12.835207,2023-08-01
25798,2023-08-01 13:37:00,19500.0,19760.3,791950,6627250,272.55,7.35,8850,232750,1.0,0.0,0.0,0.0,9.159528,13.198871,2023-08-01
20545,2023-08-01 13:37:00,19550.0,19760.3,348300,3879650,225.3,10.6,5400,134550,1.0,0.0,0.0,0.0,9.7116,12.530222,2023-08-01
15290,2023-08-01 13:37:00,19600.0,19760.3,2488700,10141150,180.7,16.0,44100,247700,1.0,-2e-06,0.0,2.5e-07,10.036661,12.016768,2023-08-01
10033,2023-08-01 13:37:00,19650.0,19760.3,2070200,5411300,139.2,24.2,77400,190600,0.999926,-0.000456,1.017e-05,4.875e-05,10.089371,11.545855,2023-08-01
4774,2023-08-01 13:37:00,19700.0,19760.3,8664400,11272800,102.1,37.25,272100,638400,0.981511,-0.03169,0.00155674,0.00217781,10.044838,11.287505,2023-08-01
2143,2023-08-01 13:37:00,19750.0,19760.3,8704000,5507400,71.25,56.5,355350,357750,0.641881,-0.3721,0.0128056,0.01163796,10.068458,11.22167,2023-08-01
7404,2023-08-01 13:37:00,19800.0,19760.3,15885850,5468050,47.65,82.7,616200,298800,0.091689,-0.884495,0.005565,0.00592561,10.214839,11.344734,2023-08-01
12662,2023-08-01 13:37:00,19850.0,19760.3,6648550,930450,29.85,115.2,288850,50600,0.001359,-0.99608,0.00014989,0.00034683,10.272654,11.5817,2023-08-01
17918,2023-08-01 13:37:00,19900.0,19760.3,8376700,991000,18.1,153.45,266550,52650,2e-06,-0.999967,3.5e-07,3.99e-06,10.449695,12.017005,2023-08-01
23172,2023-08-01 13:37:00,19950.0,19760.3,4981000,223500,10.6,195.75,160450,13450,0.0,-1.0,0.0,2e-08,10.661659,12.590758,2023-08-01
28425,2023-08-01 13:37:00,20000.0,19760.3,7614300,492550,6.3,241.5,157750,8200,0.0,-1.0,0.0,0.0,11.014795,13.511418,2023-08-01
25799,2023-08-01 13:38:00,19500.0,19757.05,782950,6627250,269.25,7.55,15700,200450,1.0,0.0,0.0,0.0,9.010851,13.170618,2023-08-01
20546,2023-08-01 13:38:00,19550.0,19757.05,349650,3879650,222.4,10.8,19550,121050,1.0,0.0,0.0,0.0,9.791764,12.470716,2023-08-01
15291,2023-08-01 13:38:00,19600.0,19757.05,2485450,10141150,178.3,16.25,93850,346050,1.0,-2e-06,1e-08,3.1e-07,10.178409,11.939193,2023-08-01
10034,2023-08-01 13:38:00,19650.0,19757.05,2036700,5411300,136.95,24.75,100050,211850,0.99988,-0.000583,1.6e-05,6.175e-05,10.163895,11.497578,2023-08-01
4775,2023-08-01 13:38:00,19700.0,19757.05,8588700,11272800,100.45,38.0,410750,616900,0.975119,-0.037988,0.00198879,0.00255299,10.152342,11.225876,2023-08-01
2144,2023-08-01 13:38:00,19750.0,19757.05,8641200,5507400,69.8,57.3,629450,442350,0.599301,-0.40925,0.0132344,0.01213061,10.130059,11.110616,2023-08-01
7405,2023-08-01 13:38:00,19800.0,19757.05,15910050,5468050,46.5,83.75,734950,534250,0.074788,-0.90629,0.00477719,0.00517736,10.255598,11.20969,2023-08-01
12663,2023-08-01 13:38:00,19850.0,19757.05,6637550,930450,28.95,116.4,392500,86800,0.000918,-0.997549,0.00010489,0.00023203,10.290587,11.39545,2023-08-01
17919,2023-08-01 13:38:00,19900.0,19757.05,8570050,991000,17.5,155.2,813050,124100,1e-06,-0.999984,2e-07,2.06e-06,10.466614,11.857299,2023-08-01
23173,2023-08-01 13:38:00,19950.0,19757.05,4966200,223500,10.05,197.95,677300,14350,0.0,-1.0,0.0,1e-08,10.623515,12.459977,2023-08-01
28426,2023-08-01 13:38:00,20000.0,19757.05,7628850,492550,5.95,244.0,299350,25500,0.0,-1.0,0.0,0.0,10.980223,13.40612,2023-08-01
25800,2023-08-01 13:39:00,19500.0,19760.1,782950,6682900,272.05,7.45,6100,164850,1.0,0.0,0.0,0.0,8.755591,13.239992,2023-08-01
20547,2023-08-01 13:39:00,19550.0,19760.1,349650,3858350,226.0,10.7,10050,124100,1.0,0.0,0.0,0.0,10.181106,12.560469,2023-08-01
15292,2023-08-01 13:39:00,19600.0,19760.1,2485450,10118700,180.75,15.95,101950,258650,1.0,-1e-06,0.0,2.1e-07,10.115373,11.998084,2023-08-01
10035,2023-08-01 13:39:00,19650.0,19760.1,2036700,5454550,139.1,24.05,54700,237750,0.999932,-0.000402,9.5e-06,4.392e-05,10.107774,11.506485,2023-08-01
4776,2023-08-01 13:39:00,19700.0,19760.1,8588700,11567350,102.15,36.95,288150,483850,0.981662,-0.030223,0.00155361,0.00212497,10.084439,11.223164,2023-08-01
2145,2023-08-01 13:39:00,19750.0,19760.1,8641200,5521750,71.05,55.9,360900,305700,0.640591,-0.37216,0.0129508,0.01186335,10.057518,11.107886,2023-08-01
7406,2023-08-01 13:39:00,19800.0,19760.1,15910050,5448850,47.45,82.05,451700,347800,0.088279,-0.890386,0.00546741,0.00582459,10.199208,11.217706,2023-08-01
12664,2023-08-01 13:39:00,19850.0,19760.1,6637550,961100,29.45,114.5,220350,108750,0.001145,-0.996783,0.00013001,0.00029693,10.211639,11.429094,2023-08-01
17920,2023-08-01 13:39:00,19900.0,19760.1,8570050,1006800,17.8,152.55,486850,51300,2e-06,-0.99998,2.5e-07,2.53e-06,10.392627,11.790845,2023-08-01
23174,2023-08-01 13:39:00,19950.0,19760.1,4966200,211950,10.05,195.4,359150,8300,0.0,-1.0,0.0,1e-08,10.50021,12.457585,2023-08-01
28427,2023-08-01 13:39:00,20000.0,19760.1,7628850,480100,5.85,240.4,145650,17900,0.0,-1.0,0.0,0.0,10.826978,13.103435,2023-08-01
25801,2023-08-01 13:40:00,19500.0,19752.45,782950,6682900,264.3,8.0,13500,156300,1.0,0.0,0.0,0.0,8.39931,13.198466,2023-08-01
20548,2023-08-01 13:40:00,19550.0,19752.45,349650,3858350,218.15,11.45,12950,218900,1.0,0.0,0.0,0.0,9.817042,12.506089,2023-08-01
15293,2023-08-01 13:40:00,19600.0,19752.45,2485450,10118700,173.75,17.2,77700,254550,1.0,-4e-06,1e-08,5.1e-07,10.008266,11.98218,2023-08-01
10036,2023-08-01 13:40:00,19650.0,19752.45,2036700,5454550,132.95,26.1,72000,221000,0.999827,-0.000894,2.294e-05,9.209e-05,10.075833,11.545642,2023-08-01
4777,2023-08-01 13:40:00,19700.0,19752.45,8588700,11567350,97.05,39.7,407200,569850,0.96643,-0.050139,0.00258843,0.00321656,10.098219,11.249702,2023-08-01
2146,2023-08-01 13:40:00,19750.0,19752.45,8641200,5521750,67.1,59.7,512300,511700,0.537825,-0.465704,0.01376475,0.01246596,10.100497,11.161808,2023-08-01
7407,2023-08-01 13:40:00,19800.0,19752.45,15910050,5448850,44.1,86.7,661000,458600,0.05216,-0.928828,0.0036704,0.00422723,10.173544,11.262107,2023-08-01
12665,2023-08-01 13:40:00,19850.0,19752.45,6637550,961100,27.15,119.8,312700,91050,0.000438,-0.9985,5.389e-05,0.00014925,10.206193,11.443527,2023-08-01
17921,2023-08-01 13:40:00,19900.0,19752.45,8570050,1006800,16.25,159.35,372950,87900,0.0,-0.999991,7e-08,1.21e-06,10.386262,11.992728,2023-08-01
23175,2023-08-01 13:40:00,19950.0,19752.45,4966200,211950,9.2,202.7,284650,13550,0.0,-1.0,0.0,0.0,10.534929,12.708393,2023-08-01
28428,2023-08-01 13:40:00,20000.0,19752.45,7628850,480100,5.5,248.2,146100,12600,0.0,-1.0,0.0,0.0,10.942004,13.464051,2023-08-01
25802,2023-08-01 13:41:00,19500.0,19748.35,777150,6682900,261.65,8.25,14750,279550,1.0,0.0,0.0,0.0,9.873233,13.152487,2023-08-01
20549,2023-08-01 13:41:00,19550.0,19748.35,348650,3858350,215.2,11.9,10700,197700,1.0,0.0,0.0,0.0,10.211387,12.486839,2023-08-01
15294,2023-08-01 13:41:00,19600.0,19748.35,2430800,10118700,171.5,17.75,82800,388550,1.0,-5e-06,4e-08,7.4e-07,10.389889,11.935843,2023-08-01
10037,2023-08-01 13:41:00,19650.0,19748.35,2023550,5454550,131.05,26.85,85650,305250,0.999608,-0.001228,4.814e-05,0.00012451,10.356281,11.485071,2023-08-01
4778,2023-08-01 13:41:00,19700.0,19748.35,8459950,11567350,94.75,40.95,515050,767200,0.953858,-0.063316,0.00334354,0.00389659,10.174757,11.214578,2023-08-01
2147,2023-08-01 13:41:00,19750.0,19748.35,8510750,5521750,65.15,61.25,577100,569050,0.48115,-0.517172,0.01382115,0.01263096,10.141752,11.099497,2023-08-01
7408,2023-08-01 13:41:00,19800.0,19748.35,15730100,5448850,42.8,88.75,685300,486950,0.038975,-0.946383,0.0028994,0.00342379,10.235954,11.200688,2023-08-01
12666,2023-08-01 13:41:00,19850.0,19748.35,6569550,961100,26.45,122.25,313750,135050,0.000277,-0.999121,3.512e-05,9.253e-05,10.299643,11.367,2023-08-01
17922,2023-08-01 13:41:00,19900.0,19748.35,8638250,1006800,15.85,161.4,357750,111550,0.0,-0.999997,4e-08,4.4e-07,10.481014,11.732175,2023-08-01
23176,2023-08-01 13:41:00,19950.0,19748.35,4890000,211950,8.9,205.0,264050,15450,0.0,-1.0,0.0,0.0,10.599,12.392094,2023-08-01
28429,2023-08-01 13:41:00,20000.0,19748.35,7595100,480100,5.3,251.0,190550,19250,0.0,-1.0,0.0,0.0,10.993782,13.186101,2023-08-01
25803,2023-08-01 13:42:00,19500.0,19752.75,777150,6733800,267.25,8.0,10400,233150,1.0,0.0,0.0,0.0,10.885728,13.213696,2023-08-01
20550,2023-08-01 13:42:00,19550.0,19752.75,348650,3829100,220.0,11.4,5650,156350,1.0,0.0,0.0,0.0,10.54996,12.505694,2023-08-01
15295,2023-08-01 13:42:00,19600.0,19752.75,2430800,10224450,176.75,17.05,48100,328450,1.0,-3e-06,5e-08,4e-07,10.8267,11.960796,2023-08-01
10038,2023-08-01 13:42:00,19650.0,19752.75,2023550,5496450,135.5,25.65,55550,282200,0.999714,-0.000731,3.528e-05,7.777e-05,10.595571,11.4702,2023-08-01
4779,2023-08-01 13:42:00,19700.0,19752.75,8459950,11706100,98.95,39.2,289450,519200,0.964178,-0.046664,0.0026714,0.00308366,10.415472,11.181315,2023-08-01
2148,2023-08-01 13:42:00,19750.0,19752.75,8510750,5558600,68.45,58.75,388550,456900,0.541439,-0.461228,0.01360272,0.01272015,10.305519,11.028007,2023-08-01
7409,2023-08-01 13:42:00,19800.0,19752.75,15730100,5499700,45.2,85.45,494600,367350,0.054607,-0.93262,0.003777,0.00415709,10.346513,11.080088,2023-08-01
12667,2023-08-01 13:42:00,19850.0,19752.75,6569550,942000,28.0,118.4,232300,76000,0.000486,-0.99884,5.903e-05,0.00012145,10.360085,11.218453,2023-08-01
17923,2023-08-01 13:42:00,19900.0,19752.75,8638250,1005800,16.7,156.75,260500,82950,0.0,-0.999997,7e-08,4.6e-07,10.486347,11.45886,2023-08-01
23177,2023-08-01 13:42:00,19950.0,19752.75,4890000,215250,9.45,199.45,217700,10200,0.0,-1.0,0.0,0.0,10.610266,11.873106,2023-08-01
28430,2023-08-01 13:42:00,20000.0,19752.75,7595100,481500,5.5,246.0,163100,10100,0.0,-1.0,0.0,0.0,10.935242,12.801482,2023-08-01
25804,2023-08-01 13:43:00,19500.0,19751.95,777150,6733800,266.0,8.05,6550,82350,1.0,0.0,0.0,0.0,10.561237,13.207185,2023-08-01
20551,2023-08-01 13:43:00,19550.0,19751.95,348650,3829100,220.35,11.55,13650,66900,1.0,0.0,0.0,0.0,10.999583,12.524378,2023-08-01
15296,2023-08-01 13:43:00,19600.0,19751.95,2430800,10224450,176.05,17.25,37300,165900,1.0,-3e-06,5e-08,4.2e-07,10.822984,11.977642,2023-08-01
10039,2023-08-01 13:43:00,19650.0,19751.95,2023550,5496450,134.75,26.05,39300,140400,0.999712,-0.000789,3.576e-05,8.347e-05,10.567938,11.513783,2023-08-01
4780,2023-08-01 13:43:00,19700.0,19751.95,8459950,11706100,98.45,39.75,242900,331500,0.962556,-0.049169,0.00278099,0.00321604,10.422892,11.231921,2023-08-01
2149,2023-08-01 13:43:00,19750.0,19751.95,8510750,5558600,68.2,59.45,226750,215100,0.530554,-0.47146,0.01365764,0.01274204,10.33791,11.084912,2023-08-01
7410,2023-08-01 13:43:00,19800.0,19751.95,15730100,5499700,44.95,85.95,302200,178150,0.051095,-0.93666,0.00359453,0.00397857,10.36176,11.086997,2023-08-01
12668,2023-08-01 13:43:00,19850.0,19751.95,6569550,942000,27.75,118.65,134600,34100,0.000416,-0.999037,5.136e-05,0.00010341,10.358424,11.160913,2023-08-01
17924,2023-08-01 13:43:00,19900.0,19751.95,8638250,1005800,16.5,157.55,145200,23650,0.0,-0.999997,5e-08,4e-07,10.477125,11.499595,2023-08-01
23178,2023-08-01 13:43:00,19950.0,19751.95,4890000,215250,9.3,200.85,121350,3050,0.0,-1.0,0.0,0.0,10.594399,12.081347,2023-08-01
28431,2023-08-01 13:43:00,20000.0,19751.95,7595100,481500,5.4,246.4,80900,5250,0.0,-1.0,0.0,0.0,10.918242,12.689789,2023-08-01
25805,2023-08-01 13:44:00,19500.0,19747.85,777150,6733800,264.15,8.25,11400,139700,1.0,0.0,0.0,0.0,11.759762,13.140029,2023-08-01
20552,2023-08-01 13:44:00,19550.0,19747.85,348650,3829100,218.25,11.75,7750,113000,1.0,0.0,0.0,0.0,11.594871,12.423815,2023-08-01
15297,2023-08-01 13:44:00,19600.0,19747.85,2430800,10224450,174.05,17.65,38750,219350,0.999999,-4e-06,1.8e-07,5.7e-07,11.22113,11.892769,2023-08-01
10040,2023-08-01 13:44:00,19650.0,19747.85,2023550,5496450,132.95,26.55,48900,154500,0.999388,-0.001042,7.04e-05,0.00010943,10.852942,11.40107,2023-08-01
4781,2023-08-01 13:44:00,19700.0,19747.85,8459950,11706100,96.65,40.45,226250,483100,0.947797,-0.06069,0.00359675,0.00386338,10.585314,11.097333,2023-08-01
2150,2023-08-01 13:44:00,19750.0,19747.85,8510750,5558600,66.8,60.45,303300,366500,0.474611,-0.5243,0.01356311,0.01299643,10.470649,10.929061,2023-08-01
7411,2023-08-01 13:44:00,19800.0,19747.85,15730100,5499700,44.0,87.5,449950,272950,0.039019,-0.95443,0.00287291,0.00312293,10.485496,10.936715,2023-08-01
12669,2023-08-01 13:44:00,19850.0,19747.85,6569550,942000,27.05,120.9,224550,63650,0.000263,-0.999486,3.338e-05,5.889e-05,10.453052,11.039853,2023-08-01
17925,2023-08-01 13:44:00,19900.0,19747.85,8638250,1005800,16.1,159.7,209450,44950,0.0,-0.999999,3e-08,1.3e-07,10.57272,11.243933,2023-08-01
23179,2023-08-01 13:44:00,19950.0,19747.85,4890000,215250,9.05,202.25,173200,5100,0.0,-1.0,0.0,0.0,10.67623,11.452291,2023-08-01
28432,2023-08-01 13:44:00,20000.0,19747.85,7595100,481500,5.3,249.25,162500,4050,0.0,-1.0,0.0,0.0,11.017376,12.378972,2023-08-01
25806,2023-08-01 13:45:00,19500.0,19746.1,777900,6743650,261.6,8.45,11800,170200,1.0,0.0,0.0,0.0,11.275816,13.158483,2023-08-01
20553,2023-08-01 13:45:00,19550.0,19746.1,341050,3866700,214.9,12.2,9900,130850,1.0,0.0,0.0,0.0,10.940014,12.49766,2023-08-01
15298,2023-08-01 13:45:00,19600.0,19746.1,2443600,10216700,171.3,18.2,79500,287050,0.999999,-5e-06,1.1e-07,7.3e-07,10.875969,11.951991,2023-08-01
10041,2023-08-01 13:45:00,19650.0,19746.1,2018750,5518200,130.6,27.4,79300,278800,0.999435,-0.001283,6.708e-05,0.00013204,10.635723,11.484214,2023-08-01
4782,2023-08-01 13:45:00,19700.0,19746.1,8449150,11771400,94.9,41.55,402750,586250,0.943932,-0.068337,0.00386435,0.00422446,10.475674,11.182935,2023-08-01
2151,2023-08-01 13:45:00,19750.0,19746.1,8472150,5589900,65.4,62.05,419100,466700,0.450284,-0.546689,0.01365433,0.01284092,10.390832,11.059268,2023-08-01
7412,2023-08-01 13:45:00,19800.0,19746.1,15724000,5511250,43.05,89.25,530200,418750,0.033033,-0.958654,0.00252896,0.00286866,10.442644,11.060125,2023-08-01
12670,2023-08-01 13:45:00,19850.0,19746.1,6514850,942900,26.35,123.4,228450,85800,0.000187,-0.999484,2.452e-05,5.812e-05,10.412694,11.287918,2023-08-01
17926,2023-08-01 13:45:00,19900.0,19746.1,8663950,994250,15.7,162.3,287800,68300,0.0,-0.999999,2e-08,1.5e-07,10.555774,11.531581,2023-08-01
23180,2023-08-01 13:45:00,19950.0,19746.1,4866650,214450,8.85,205.65,162850,8450,0.0,-1.0,0.0,0.0,10.679056,12.028977,2023-08-01
28433,2023-08-01 13:45:00,20000.0,19746.1,7558100,486900,5.15,252.2,204700,11550,0.0,-1.0,0.0,0.0,11.00755,12.901093,2023-08-01
25807,2023-08-01 13:46:00,19500.0,19748.15,777900,6743650,264.75,8.5,23550,234500,1.0,0.0,0.0,0.0,11.929641,13.257709,2023-08-01
20554,2023-08-01 13:46:00,19550.0,19748.15,341050,3866700,218.65,12.15,11050,198050,1.0,0.0,0.0,0.0,11.648375,12.568335,2023-08-01
15299,2023-08-01 13:46:00,19600.0,19748.15,2443600,10216700,174.0,18.15,130050,357000,0.999999,-4e-06,1.2e-07,5.8e-07,11.146173,12.036827,2023-08-01
10042,2023-08-01 13:46:00,19650.0,19748.15,2018750,5518200,133.25,27.25,112100,322100,0.999458,-0.001062,6.341e-05,0.00011079,10.873567,11.565803,2023-08-01
4783,2023-08-01 13:46:00,19700.0,19748.15,8449150,11771400,97.2,41.2,525700,863300,0.949371,-0.060402,0.0035209,0.00383146,10.654119,11.254768,2023-08-01
2152,2023-08-01 13:46:00,19750.0,19748.15,8472150,5589900,67.15,61.15,627800,708400,0.478482,-0.520386,0.01365273,0.0129556,10.507306,11.074348,2023-08-01
7413,2023-08-01 13:46:00,19800.0,19748.15,15724000,5511250,44.4,88.05,613800,550800,0.0392,-0.953134,0.00289669,0.00318688,10.538331,11.066127,2023-08-01
12671,2023-08-01 13:46:00,19850.0,19748.15,6514850,942900,27.35,121.1,292850,136750,0.000256,-0.999481,3.269e-05,5.958e-05,10.499819,11.123033,2023-08-01
17927,2023-08-01 13:46:00,19900.0,19748.15,8663950,994250,16.35,160.0,356250,101000,0.0,-0.999999,3e-08,1.4e-07,10.624847,11.374252,2023-08-01
23181,2023-08-01 13:46:00,19950.0,19748.15,4866650,214450,9.15,202.65,216750,9900,0.0,-1.0,0.0,0.0,10.702244,11.657288,2023-08-01
28434,2023-08-01 13:46:00,20000.0,19748.15,7558100,486900,5.3,248.15,174450,15650,0.0,-1.0,0.0,0.0,11.010724,12.050671,2023-08-01
25808,2023-08-01 13:47:00,19500.0,19755.95,777900,6743650,272.0,7.95,12500,168750,1.0,0.0,0.0,0.0,11.920059,13.321131,2023-08-01
20555,2023-08-01 13:47:00,19550.0,19755.95,341050,3866700,225.15,11.25,5700,146050,1.0,0.0,0.0,0.0,11.476647,12.595341,2023-08-01
15300,2023-08-01 13:47:00,19600.0,19755.95,2443600,10216700,180.6,16.7,96300,261750,1.0,-1e-06,3e-08,1.8e-07,11.163853,12.024595,2023-08-01
10043,2023-08-01 13:47:00,19650.0,19755.95,2018750,5518200,139.5,25.1,90450,204500,0.999784,-0.000417,2.695e-05,4.712e-05,10.947063,11.530524,2023-08-01
4784,2023-08-01 13:47:00,19700.0,19755.95,8449150,11771400,102.4,38.15,390300,619850,0.971838,-0.034495,0.00218843,0.00246598,10.670755,11.199473,2023-08-01
2153,2023-08-01 13:47:00,19750.0,19755.95,8472150,5589900,71.5,56.95,462500,472300,0.584575,-0.418755,0.01338336,0.0128681,10.53893,10.980518,2023-08-01
7414,2023-08-01 13:47:00,19800.0,19755.95,15724000,5511250,47.5,82.55,553150,355250,0.066442,-0.926453,0.00443234,0.00462405,10.524719,10.908715,2023-08-01
12672,2023-08-01 13:47:00,19850.0,19755.95,6514850,942900,29.3,114.75,199550,100950,0.000595,-0.998999,7.227e-05,0.00011133,10.439435,10.951469,2023-08-01
17928,2023-08-01 13:47:00,19900.0,19755.95,8663950,994250,17.6,152.5,238500,87050,0.0,-0.999999,8e-08,2.3e-07,10.560848,11.064799,2023-08-01
23182,2023-08-01 13:47:00,19950.0,19755.95,4866650,214450,9.8,195.0,125150,7050,0.0,-1.0,0.0,0.0,10.60504,11.373664,2023-08-01
28435,2023-08-01 13:47:00,20000.0,19755.95,7558100,486900,5.6,241.1,187100,13500,0.0,-1.0,0.0,0.0,10.877516,12.05288,2023-08-01
25809,2023-08-01 13:48:00,19500.0,19760.15,782400,6769800,275.0,7.65,16300,209300,1.0,0.0,0.0,0.0,11.375131,13.348321,2023-08-01
20556,2023-08-01 13:48:00,19550.0,19760.15,336350,3866700,227.3,10.8,21800,153650,1.0,0.0,0.0,0.0,10.79639,12.614292,2023-08-01
15301,2023-08-01 13:48:00,19600.0,19760.15,2427000,10218100,183.65,16.1,123050,325750,1.0,-1e-06,1e-08,9e-08,11.018098,12.057122,2023-08-01
10044,2023-08-01 13:48:00,19650.0,19760.15,2006350,5571250,142.15,24.2,128850,249800,0.9999,-0.000249,1.328e-05,2.924e-05,10.819024,11.557227,2023-08-01
4785,2023-08-01 13:48:00,19700.0,19760.15,8449650,11933400,104.75,36.9,621800,652900,0.981112,-0.025119,0.00158328,0.00189849,10.586121,11.231829,2023-08-01
2154,2023-08-01 13:48:00,19750.0,19760.15,8397950,5646600,73.1,55.25,803050,531650,0.64188,-0.365453,0.01302385,0.01240542,10.419969,11.015395,2023-08-01
7415,2023-08-01 13:48:00,19800.0,19760.15,15624100,5490300,48.7,80.85,849400,453900,0.084104,-0.903625,0.00538009,0.00562718,10.427435,11.03118,2023-08-01
12673,2023-08-01 13:48:00,19850.0,19760.15,6470700,931300,30.25,112.5,284050,96300,0.000876,-0.998322,0.00010442,0.00017739,10.37934,11.073261,2023-08-01
17929,2023-08-01 13:48:00,19900.0,19760.15,8594200,996900,18.15,150.45,311950,110200,1e-06,-0.999996,1.3e-07,6.3e-07,10.490011,11.346453,2023-08-01
23183,2023-08-01 13:48:00,19950.0,19760.15,4849000,217300,10.15,192.4,219250,14250,0.0,-1.0,0.0,0.0,10.547258,11.658967,2023-08-01
28436,2023-08-01 13:48:00,20000.0,19760.15,7609200,489600,5.8,238.75,117850,25000,0.0,-1.0,0.0,0.0,10.820114,12.56801,2023-08-01
25810,2023-08-01 13:49:00,19500.0,19761.8,782400,6769800,274.2,7.65,12100,173400,1.0,0.0,0.0,0.0,9.452132,13.410751,2023-08-01
20557,2023-08-01 13:49:00,19550.0,19761.8,336350,3866700,227.7,10.8,14400,151300,1.0,0.0,0.0,0.0,10.274996,12.682244,2023-08-01
15302,2023-08-01 13:49:00,19600.0,19761.8,2427000,10218100,183.2,16.1,95550,275450,1.0,0.0,0.0,7e-08,10.452515,12.13304,2023-08-01
10045,2023-08-01 13:49:00,19650.0,19761.8,2006350,5571250,141.5,24.3,142500,214800,0.999962,-0.000217,5.65e-06,2.564e-05,10.378052,11.66594,2023-08-01
4786,2023-08-01 13:49:00,19700.0,19761.8,8449650,11933400,104.15,37.05,422950,485700,0.986501,-0.022863,0.0012303,0.00174238,10.264247,11.362658,2023-08-01
2155,2023-08-01 13:49:00,19750.0,19761.8,8397950,5646600,72.65,55.65,505950,348000,0.667348,-0.347043,0.01302141,0.0120284,10.188339,11.209836,2023-08-01
7416,2023-08-01 13:49:00,19800.0,19761.8,15624100,5490300,48.45,81.15,674550,295600,0.088816,-0.890787,0.00572007,0.00607587,10.265321,11.242979,2023-08-01
12674,2023-08-01 13:49:00,19850.0,19761.8,6470700,931300,30.1,113.0,277400,61900,0.000892,-0.997567,0.00010795,0.00024303,10.255582,11.377575,2023-08-01
17930,2023-08-01 13:49:00,19900.0,19761.8,8594200,996900,18.05,151.0,247000,51950,1e-06,-0.99999,1.2e-07,1.35e-06,10.388093,11.749658,2023-08-01
23184,2023-08-01 13:49:00,19950.0,19761.8,4849000,217300,10.2,193.35,143400,8400,0.0,-1.0,0.0,0.0,10.496896,12.300356,2023-08-01
28437,2023-08-01 13:49:00,20000.0,19761.8,7609200,489600,5.8,238.45,79600,6550,0.0,-1.0,0.0,0.0,10.762412,12.962706,2023-08-01
25811,2023-08-01 13:50:00,19500.0,19761.0,782400,6769800,274.3,7.7,7450,206050,1.0,0.0,0.0,0.0,10.304072,13.405429,2023-08-01
20558,2023-08-01 13:50:00,19550.0,19761.0,336350,3866700,227.85,10.9,11650,118400,1.0,0.0,0.0,0.0,10.699683,12.686411,2023-08-01
15303,2023-08-01 13:50:00,19600.0,19761.0,2427000,10218100,182.95,16.25,86900,164550,1.0,0.0,0.0,8e-08,10.593609,12.13919,2023-08-01
10046,2023-08-01 13:50:00,19650.0,19761.0,2006350,5571250,141.15,24.3,70800,186450,0.999956,-0.000214,6.45e-06,2.548e-05,10.445262,11.626374,2023-08-01
4787,2023-08-01 13:50:00,19700.0,19761.0,8449650,11933400,104.0,37.15,335650,332700,0.985279,-0.023461,0.00132242,0.00179416,10.341418,11.33369,2023-08-01
2156,2023-08-01 13:50:00,19750.0,19761.0,8397950,5646600,72.7,55.75,465300,272650,0.656314,-0.355551,0.0131406,0.01224095,10.27535,11.167972,2023-08-01
7417,2023-08-01 13:50:00,19800.0,19761.0,15624100,5490300,48.6,81.4,504250,266450,0.085045,-0.897379,0.00551892,0.00585481,10.351917,11.210259,2023-08-01
12675,2023-08-01 13:50:00,19850.0,19761.0,6470700,931300,30.2,113.15,183700,57050,0.000824,-0.997972,0.00010015,0.00020843,10.323723,11.30624,2023-08-01
17931,2023-08-01 13:50:00,19900.0,19761.0,8594200,996900,18.15,150.9,278650,46400,1e-06,-0.999994,1.1e-07,8.8e-07,10.452487,11.594648,2023-08-01
23185,2023-08-01 13:50:00,19950.0,19761.0,4849000,217300,10.2,193.5,202200,7600,0.0,-1.0,0.0,0.0,10.53189,12.163037,2023-08-01
28438,2023-08-01 13:50:00,20000.0,19761.0,7609200,489600,5.85,239.55,107700,11600,0.0,-1.0,0.0,0.0,10.815856,13.09536,2023-08-01
25812,2023-08-01 13:51:00,19500.0,19759.85,783300,6734950,272.2,7.8,11250,139550,1.0,0.0,0.0,0.0,9.349992,13.40877,2023-08-01
20559,2023-08-01 13:51:00,19550.0,19759.85,333950,3841900,225.45,11.05,8450,91550,1.0,0.0,0.0,0.0,10.062828,12.693226,2023-08-01
15304,2023-08-01 13:51:00,19600.0,19759.85,2443550,10203050,181.4,16.5,64950,150250,1.0,-1e-06,0.0,8e-08,10.424167,12.155868,2023-08-01
10047,2023-08-01 13:51:00,19650.0,19759.85,2030100,5478550,139.0,24.8,97050,204100,0.99997,-0.000243,4.68e-06,2.872e-05,10.159208,11.676732,2023-08-01
4788,2023-08-01 13:51:00,19700.0,19759.85,8454150,11918700,102.4,37.9,258200,344900,0.985345,-0.02573,0.00134374,0.00193677,10.189903,11.402889,2023-08-01
2157,2023-08-01 13:51:00,19750.0,19759.85,8507650,5643450,71.3,56.8,406500,296600,0.643415,-0.370159,0.0135534,0.01236989,10.148311,11.260725,2023-08-01
7418,2023-08-01 13:51:00,19800.0,19759.85,15797000,5493050,47.4,82.65,485400,271550,0.075437,-0.903029,0.00512547,0.00559428,10.232717,11.314205,2023-08-01
12676,2023-08-01 13:51:00,19850.0,19759.85,6517700,954950,29.3,114.95,306150,49450,0.000604,-0.997991,7.644e-05,0.00020419,10.22059,11.498886,2023-08-01
17932,2023-08-01 13:51:00,19900.0,19759.85,8641000,1012100,17.65,153.0,261450,56700,0.0,-0.999993,7e-08,1.03e-06,10.392304,11.863569,2023-08-01
23186,2023-08-01 13:51:00,19950.0,19759.85,4836650,222600,9.95,195.65,353650,14300,0.0,-1.0,0.0,0.0,10.501437,12.483892,2023-08-01
28439,2023-08-01 13:51:00,20000.0,19759.85,7644500,491450,5.75,241.5,157650,11250,0.0,-1.0,0.0,0.0,10.814088,13.403522,2023-08-01
25813,2023-08-01 13:52:00,19500.0,19755.7,783300,6734950,267.5,7.9,11850,115350,1.0,0.0,0.0,0.0,8.494026,13.301081,2023-08-01
20560,2023-08-01 13:52:00,19550.0,19755.7,333950,3841900,221.15,11.25,12050,112150,1.0,0.0,0.0,0.0,9.844988,12.59503,2023-08-01
15305,2023-08-01 13:52:00,19600.0,19755.7,2443550,10203050,176.9,17.05,48100,281350,1.0,-1e-06,0.0,1.3e-07,10.144708,12.114051,2023-08-01
10048,2023-08-01 13:52:00,19650.0,19755.7,2030100,5478550,135.65,25.55,59050,160750,0.999949,-0.000349,7.71e-06,4.066e-05,10.141569,11.622013,2023-08-01
4789,2023-08-01 13:52:00,19700.0,19755.7,8454150,11918700,98.85,38.95,314450,508850,0.980624,-0.033411,0.00173841,0.00243245,10.054079,11.338351,2023-08-01
2158,2023-08-01 13:52:00,19750.0,19755.7,8507650,5643450,68.7,58.6,424700,297000,0.586611,-0.422074,0.01430427,0.0129,10.097555,11.248612,2023-08-01
7419,2023-08-01 13:52:00,19800.0,19755.7,15797000,5493050,45.5,85.1,460400,299350,0.055015,-0.925036,0.00404185,0.00463165,10.208244,11.329272,2023-08-01
12677,2023-08-01 13:52:00,19850.0,19755.7,6517700,954950,28.05,117.9,233200,73000,0.000332,-0.99873,4.412e-05,0.00013483,10.220616,11.524412,2023-08-01
17933,2023-08-01 13:52:00,19900.0,19755.7,8641000,1012100,16.75,156.45,272900,67300,0.0,-0.999996,3e-08,5.9e-07,10.377576,11.922576,2023-08-01
23187,2023-08-01 13:52:00,19950.0,19755.7,4836650,222600,9.5,199.15,174350,10850,0.0,-1.0,0.0,0.0,10.526472,12.497073,2023-08-01
28440,2023-08-01 13:52:00,20000.0,19755.7,7644500,491450,5.5,245.05,165900,13750,0.0,-1.0,0.0,0.0,10.849529,13.379035,2023-08-01
25814,2023-08-01 13:53:00,19500.0,19750.35,783300,6734950,264.6,8.0,8800,136550,1.0,0.0,0.0,0.0,10.688495,13.147573,2023-08-01
20561,2023-08-01 13:53:00,19550.0,19750.35,333950,3841900,218.1,11.55,9900,314350,1.0,0.0,0.0,0.0,10.707736,12.478548,2023-08-01
15306,2023-08-01 13:53:00,19600.0,19750.35,2443550,10203050,173.8,17.5,88800,432150,1.0,-1e-06,1e-08,2e-07,10.59487,11.986575,2023-08-01
10049,2023-08-01 13:53:00,19650.0,19750.35,2030100,5478550,133.0,26.35,88100,210400,0.999834,-0.000542,2.262e-05,6.206e-05,10.476786,11.50875,2023-08-01
4790,2023-08-01 13:53:00,19700.0,19750.35,8454150,11918700,96.5,40.1,287450,500550,0.966939,-0.045952,0.00267395,0.00320619,10.280617,11.209549,2023-08-01
2159,2023-08-01 13:53:00,19750.0,19750.35,8507650,5643450,66.7,59.95,397350,423800,0.508792,-0.491809,0.01450863,0.01344762,10.249289,11.05831,2023-08-01
7420,2023-08-01 13:53:00,19800.0,19750.35,15797000,5493050,43.85,87.0,568950,331400,0.037122,-0.950918,0.00293417,0.00340705,10.303295,11.120531,2023-08-01
12678,2023-08-01 13:53:00,19850.0,19750.35,6517700,954950,27.05,120.55,228450,82650,0.000173,-0.99945,2.388e-05,6.39e-05,10.330118,11.325637,2023-08-01
17934,2023-08-01 13:53:00,19900.0,19750.35,8641000,1012100,16.1,159.25,276200,60850,0.0,-0.999999,1e-08,1.4e-07,10.472952,11.614127,2023-08-01
23188,2023-08-01 13:53:00,19950.0,19750.35,4836650,222600,9.25,202.8,176350,14650,0.0,-1.0,0.0,0.0,10.661365,12.26196,2023-08-01
28441,2023-08-01 13:53:00,20000.0,19750.35,7644500,491450,5.4,248.6,229600,15850,0.0,-1.0,0.0,0.0,10.994804,12.977711,2023-08-01
25815,2023-08-01 13:54:00,19500.0,19752.15,778450,6758950,265.65,7.95,6150,141200,1.0,0.0,0.0,0.0,10.209905,13.195283,2023-08-01
20562,2023-08-01 13:54:00,19550.0,19752.15,330100,3684250,218.5,11.45,6300,165550,1.0,0.0,0.0,0.0,10.164868,12.521102,2023-08-01
15307,2023-08-01 13:54:00,19600.0,19752.15,2457750,10230050,174.75,17.35,39400,261400,1.0,-1e-06,0.0,1.5e-07,10.426931,12.032841,2023-08-01
10050,2023-08-01 13:54:00,19650.0,19752.15,2016000,5444050,133.6,26.15,51550,172500,0.999905,-0.000439,1.366e-05,5.104e-05,10.306321,11.564521,2023-08-01
4791,2023-08-01 13:54:00,19700.0,19752.15,8410350,11892850,97.25,39.7,210700,293100,0.973034,-0.040283,0.00228714,0.00288602,10.202058,11.253675,2023-08-01
2160,2023-08-01 13:54:00,19750.0,19752.15,8495750,5658450,67.1,59.6,309300,269000,0.535326,-0.467745,0.01466204,0.01337215,10.156284,11.143271,2023-08-01
7421,2023-08-01 13:54:00,19800.0,19752.15,15847750,5439300,44.2,86.4,371400,210900,0.04095,-0.944116,0.00321435,0.00376877,10.239636,11.201193,2023-08-01
12679,2023-08-01 13:54:00,19850.0,19752.15,6546450,942300,27.2,119.75,156400,48300,0.000188,-0.999304,2.618e-05,7.925e-05,10.260019,11.414054,2023-08-01
17935,2023-08-01 13:54:00,19900.0,19752.15,8701950,979400,16.25,158.75,169950,28900,0.0,-0.999998,1e-08,2.4e-07,10.4273,11.823643,2023-08-01
23189,2023-08-01 13:54:00,19950.0,19752.15,4709000,226800,9.3,202.0,77150,10450,0.0,-1.0,0.0,0.0,10.607547,12.465209,2023-08-01
28442,2023-08-01 13:54:00,20000.0,19752.15,7633100,481800,5.45,247.85,72550,9500,0.0,-1.0,0.0,0.0,10.956574,13.273071,2023-08-01
25816,2023-08-01 13:55:00,19500.0,19747.45,778450,6758950,260.85,8.25,23450,147600,1.0,0.0,0.0,0.0,9.989276,13.147802,2023-08-01
20563,2023-08-01 13:55:00,19550.0,19747.45,330100,3684250,215.25,11.95,23950,156600,1.0,0.0,0.0,0.0,10.626266,12.493029,2023-08-01
15308,2023-08-01 13:55:00,19600.0,19747.45,2457750,10230050,171.45,18.15,112550,357300,1.0,-2e-06,1e-08,2.6e-07,10.630272,12.020783,2023-08-01
10051,2023-08-01 13:55:00,19650.0,19747.45,2016000,5444050,130.5,27.4,85900,277250,0.999802,-0.000715,2.721e-05,8.051e-05,10.418696,11.574634,2023-08-01
4792,2023-08-01 13:55:00,19700.0,19747.45,8410350,11892850,94.6,41.5,422550,667600,0.959914,-0.05528,0.00316264,0.00373145,10.284599,11.278124,2023-08-01
2161,2023-08-01 13:55:00,19750.0,19747.45,8495750,5658450,65.2,61.9,547700,580650,0.46635,-0.530896,0.01460076,0.01343058,10.258633,11.158711,2023-08-01
7422,2023-08-01 13:55:00,19800.0,19747.45,15847750,5439300,42.85,89.15,588450,490800,0.028439,-0.960568,0.00237308,0.00286606,10.334653,11.197973,2023-08-01
12680,2023-08-01 13:55:00,19850.0,19747.45,6546450,942300,26.4,123.05,298600,99600,0.000104,-0.99962,1.496e-05,4.552e-05,10.367056,11.419122,2023-08-01
17936,2023-08-01 13:55:00,19900.0,19747.45,8701950,979400,15.85,162.25,308950,103200,0.0,-0.999999,1e-08,1e-07,10.550155,11.782796,2023-08-01
23190,2023-08-01 13:55:00,19950.0,19747.45,4709000,226800,9.1,205.3,217100,14550,0.0,-1.0,0.0,0.0,10.730762,12.275241,2023-08-01
28443,2023-08-01 13:55:00,20000.0,19747.45,7633100,481800,5.3,251.45,152550,12600,0.0,-1.0,0.0,0.0,11.053346,13.07595,2023-08-01
25817,2023-08-01 13:56:00,19500.0,19747.15,778450,6758950,262.45,8.25,7900,104600,1.0,0.0,0.0,0.0,11.24102,13.138657,2023-08-01
20564,2023-08-01 13:56:00,19550.0,19747.15,330100,3684250,215.7,12.0,7200,103500,1.0,0.0,0.0,0.0,10.917769,12.498637,2023-08-01
15309,2023-08-01 13:56:00,19600.0,19747.15,2457750,10230050,171.95,18.25,47900,197350,1.0,-2e-06,2e-08,2.4e-07,10.842527,12.033794,2023-08-01
10052,2023-08-01 13:56:00,19650.0,19747.15,2016000,5444050,131.0,27.45,44300,162400,0.999764,-0.000695,3.164e-05,7.889e-05,10.578021,11.570455,2023-08-01
4793,2023-08-01 13:56:00,19700.0,19747.15,8410350,11892850,95.0,41.5,214300,404650,0.958122,-0.055188,0.00325933,0.00375232,10.394889,11.26028,2023-08-01
2162,2023-08-01 13:56:00,19750.0,19747.15,8495750,5658450,65.55,61.8,260350,358700,0.46206,-0.535271,0.0145398,0.01353769,10.346409,11.11915,2023-08-01
7423,2023-08-01 13:56:00,19800.0,19747.15,15847750,5439300,43.05,89.1,332400,270200,0.027763,-0.962706,0.00232537,0.00276276,10.39234,11.159623,2023-08-01
12681,2023-08-01 13:56:00,19850.0,19747.15,6546450,942300,26.55,122.9,140100,57450,9.9e-05,-0.999681,1.426e-05,3.905e-05,10.415837,11.350194,2023-08-01
17937,2023-08-01 13:56:00,19900.0,19747.15,8701950,979400,15.75,161.9,148450,42100,0.0,-1.0,0.0,6e-08,10.540904,11.647088,2023-08-01
23191,2023-08-01 13:56:00,19950.0,19747.15,4709000,226800,9.0,205.6,145000,7800,0.0,-1.0,0.0,0.0,10.710389,12.289341,2023-08-01
28444,2023-08-01 13:56:00,20000.0,19747.15,7633100,481800,5.25,251.85,142750,6050,0.0,-1.0,0.0,0.0,11.041535,13.124601,2023-08-01
25818,2023-08-01 13:57:00,19500.0,19742.9,777950,6723700,258.0,8.55,7350,105950,1.0,0.0,0.0,0.0,10.986438,13.103358,2023-08-01
20565,2023-08-01 13:57:00,19550.0,19742.9,330250,3610150,212.55,12.4,4650,66800,1.0,0.0,0.0,0.0,11.17108,12.451219,2023-08-01
15310,2023-08-01 13:57:00,19600.0,19742.9,2468250,10269500,168.6,18.85,52550,196350,1.0,-2e-06,5e-08,3.8e-07,10.89936,11.985436,2023-08-01
10053,2023-08-01 13:57:00,19650.0,19742.9,2006650,5447850,128.0,28.4,43550,169050,0.999593,-0.001024,5.263e-05,0.00011361,10.621864,11.535065,2023-08-01
4794,2023-08-01 13:57:00,19700.0,19742.9,8402850,11917600,92.45,42.9,211300,484500,0.942644,-0.071505,0.00419908,0.00462776,10.430404,11.233675,2023-08-01
2163,2023-08-01 13:57:00,19750.0,19742.9,8527850,5674450,63.55,63.8,315300,372350,0.400742,-0.59283,0.01418129,0.01330409,10.382242,11.111538,2023-08-01
7424,2023-08-01 13:57:00,19800.0,19742.9,15933900,5445350,41.6,91.8,400650,369950,0.019078,-0.973394,0.00169867,0.00209674,10.430887,11.185576,2023-08-01
12682,2023-08-01 13:57:00,19850.0,19742.9,6561200,929600,25.6,126.0,137850,70050,5.2e-05,-0.999822,7.82e-06,2.28e-05,10.461533,11.368714,2023-08-01
17938,2023-08-01 13:57:00,19900.0,19742.9,8745450,963650,15.25,165.55,155100,75000,0.0,-1.0,0.0,3e-08,10.612585,11.713273,2023-08-01
23192,2023-08-01 13:57:00,19950.0,19742.9,4724050,226750,8.7,209.0,104500,8900,0.0,-1.0,0.0,0.0,10.777078,12.222752,2023-08-01
28445,2023-08-01 13:57:00,20000.0,19742.9,7619050,481450,5.15,255.7,116300,11050,0.0,-1.0,0.0,0.0,11.143968,13.147201,2023-08-01
25819,2023-08-01 13:58:00,19500.0,19741.75,777950,6723700,256.0,8.6,12150,179400,1.0,0.0,0.0,0.0,10.429399,13.082091,2023-08-01
20566,2023-08-01 13:58:00,19550.0,19741.75,330250,3610150,209.8,12.5,12900,99200,1.0,0.0,0.0,0.0,10.52183,12.436493,2023-08-01
15311,2023-08-01 13:58:00,19600.0,19741.75,2468250,10269500,166.0,19.4,67650,315400,1.0,-3e-06,2e-08,4.6e-07,10.456551,12.067946,2023-08-01
10054,2023-08-01 13:58:00,19650.0,19741.75,2006650,5447850,125.85,29.25,101450,293700,0.999677,-0.001212,4.384e-05,0.00013211,10.351792,11.645873,2023-08-01
4795,2023-08-01 13:58:00,19700.0,19741.75,8402850,11917600,90.45,43.65,444150,614550,0.942677,-0.076954,0.00431337,0.00489599,10.205019,11.292487,2023-08-01
2164,2023-08-01 13:58:00,19750.0,19741.75,8527850,5674450,61.9,64.95,579000,658300,0.38191,-0.607706,0.01431192,0.01312781,10.204804,11.212171,2023-08-01
7425,2023-08-01 13:58:00,19800.0,19741.75,15933900,5445350,40.4,93.35,641150,487450,0.015619,-0.974812,0.00145815,0.001987,10.298816,11.336234,2023-08-01
12683,2023-08-01 13:58:00,19850.0,19741.75,6561200,929600,24.65,129.15,299450,114950,3.3e-05,-0.999756,5.11e-06,2.955e-05,10.332169,11.829482,2023-08-01
17939,2023-08-01 13:58:00,19900.0,19741.75,8745450,963650,14.7,169.1,400300,120600,0.0,-0.999999,0.0,8e-08,10.524836,12.334656,2023-08-01
23193,2023-08-01 13:58:00,19950.0,19741.75,4724050,226750,8.3,213.3,253800,14850,0.0,-1.0,0.0,0.0,10.681804,13.179734,2023-08-01
28446,2023-08-01 13:58:00,20000.0,19741.75,7619050,481450,4.9,259.0,187350,16150,0.0,-1.0,0.0,0.0,11.05982,13.950845,2023-08-01
25820,2023-08-01 13:59:00,19500.0,19734.45,777950,6723700,250.3,9.0,28350,415550,1.0,0.0,0.0,0.0,11.116841,12.964228,2023-08-01
20567,2023-08-01 13:59:00,19550.0,19734.45,330250,3610150,204.6,13.15,25150,265350,1.0,0.0,0.0,0.0,11.02189,12.330772,2023-08-01
15312,2023-08-01 13:59:00,19600.0,19734.45,2468250,10269500,161.35,20.0,203750,592200,0.999999,-6e-06,1.4e-07,8.5e-07,10.832494,11.864697,2023-08-01
10055,2023-08-01 13:59:00,19650.0,19734.45,2006650,5447850,121.35,30.4,187800,521650,0.999037,-0.00218,0.0001189,0.00023026,10.542767,11.469139,2023-08-01
4796,2023-08-01 13:59:00,19700.0,19734.45,8402850,11917600,87.1,45.8,711800,1363400,0.900224,-0.115774,0.00647356,0.00671968,10.426745,11.181072,2023-08-01
2165,2023-08-01 13:59:00,19750.0,19734.45,8527850,5674450,59.3,68.0,849250,1109650,0.285098,-0.7021,0.01259758,0.01201541,10.383774,11.11224,2023-08-01
7426,2023-08-01 13:59:00,19800.0,19734.45,15933900,5445350,38.6,96.95,1053900,964600,0.008192,-0.987684,0.00082394,0.00110105,10.464746,11.177367,2023-08-01
12684,2023-08-01 13:59:00,19850.0,19734.45,6561200,929600,23.6,132.05,505350,161800,1.3e-05,-0.999952,2.03e-06,6.78e-06,10.509534,11.361914,2023-08-01
17940,2023-08-01 13:59:00,19900.0,19734.45,8745450,963650,14.1,172.6,493000,181550,0.0,-1.0,0.0,1e-08,10.69922,11.779698,2023-08-01
23194,2023-08-01 13:59:00,19950.0,19734.45,4724050,226750,8.0,216.7,406700,25550,0.0,-1.0,0.0,0.0,10.859073,12.353273,2023-08-01
28447,2023-08-01 13:59:00,20000.0,19734.45,7619050,481450,4.75,263.15,217550,28350,0.0,-1.0,0.0,0.0,11.237329,13.096538,2023-08-01
25821,2023-08-01 14:00:00,19500.0,19740.45,775700,6702650,254.15,8.45,19150,283650,1.0,0.0,0.0,0.0,10.017302,12.976807,2023-08-01
20568,2023-08-01 14:00:00,19550.0,19740.45,325850,3566800,208.2,12.4,17300,212550,1.0,0.0,0.0,0.0,10.358596,12.354815,2023-08-01
15313,2023-08-01 14:00:00,19600.0,19740.45,2514650,10226150,165.0,19.05,104450,457350,1.0,-2e-06,2e-08,3.5e-07,10.486411,11.924031,2023-08-01
10056,2023-08-01 14:00:00,19650.0,19740.45,1985450,5373150,124.85,28.75,175250,364750,0.999664,-0.00108,4.6e-05,0.00012191,10.35085,11.476135,2023-08-01
4797,2023-08-01 14:00:00,19700.0,19740.45,8392650,11659550,90.1,43.75,582300,921200,0.937249,-0.080009,0.00464072,0.00512848,10.29485,11.226827,2023-08-01
2166,2023-08-01 14:00:00,19750.0,19740.45,8502000,5540550,61.5,65.15,588250,709350,0.362546,-0.626848,0.01416491,0.0131602,10.252758,11.140853,2023-08-01
7427,2023-08-01 14:00:00,19800.0,19740.45,15732300,5318100,40.1,93.45,690300,507800,0.013255,-0.979544,0.00127528,0.00170377,10.336979,11.217381,2023-08-01
12685,2023-08-01 14:00:00,19850.0,19740.45,6568450,897950,24.55,128.1,366350,113100,2.4e-05,-0.999888,3.85e-06,1.496e-05,10.386253,11.441985,2023-08-01
17941,2023-08-01 14:00:00,19900.0,19740.45,8774850,933600,14.65,168.3,311450,113400,0.0,-1.0,0.0,2e-08,10.575083,11.907231,2023-08-01
23195,2023-08-01 14:00:00,19950.0,19740.45,4760350,222700,8.35,212.05,212150,37350,0.0,-1.0,0.0,0.0,10.754846,12.509172,2023-08-01
28448,2023-08-01 14:00:00,20000.0,19740.45,7675100,481800,4.95,258.3,139800,13600,0.0,-1.0,0.0,0.0,11.134814,13.300826,2023-08-01
25822,2023-08-01 14:01:00,19500.0,19736.3,775700,6702650,247.3,8.95,12800,227150,,0.0,,0.0,0.0,13.019597,2023-08-01
20569,2023-08-01 14:01:00,19550.0,19736.3,325850,3566800,201.75,13.25,19400,166050,1.0,0.0,0.0,0.0,9.19386,12.443356,2023-08-01
15314,2023-08-01 14:01:00,19600.0,19736.3,2514650,10226150,158.65,20.4,97450,355100,1.0,-5e-06,0.0,7.1e-07,9.689374,12.053491,2023-08-01
10057,2023-08-01 14:01:00,19650.0,19736.3,1985450,5373150,119.55,30.9,116850,249900,0.999682,-0.001907,4.6e-05,0.00020257,9.889366,11.676569,2023-08-01
4798,2023-08-01 14:01:00,19700.0,19736.3,8392650,11659550,85.65,46.85,440700,662100,0.923449,-0.107635,0.0056174,0.0062725,9.969581,11.495534,2023-08-01
2167,2023-08-01 14:01:00,19750.0,19736.3,8502000,5540550,57.8,69.2,526850,499200,0.299664,-0.676055,0.01356261,0.01219899,9.98039,11.476551,2023-08-01
7428,2023-08-01 14:01:00,19800.0,19736.3,15732300,5318100,37.85,98.9,517650,394300,0.007834,-0.982304,0.00082073,0.00144874,10.213083,11.729969,2023-08-01
12686,2023-08-01 14:01:00,19850.0,19736.3,6568450,897950,23.1,134.15,271600,85650,1e-05,-0.999872,1.62e-06,1.618e-05,10.309397,12.055604,2023-08-01
17942,2023-08-01 14:01:00,19900.0,19736.3,8774850,933600,13.85,174.85,368650,79450,0.0,-1.0,0.0,5e-08,10.552548,12.677352,2023-08-01
23196,2023-08-01 14:01:00,19950.0,19736.3,4760350,222700,7.9,219.05,145150,31200,0.0,-1.0,0.0,0.0,10.75387,13.508231,2023-08-01
28449,2023-08-01 14:01:00,20000.0,19736.3,7675100,481800,4.85,265.95,146750,18400,0.0,-1.0,0.0,0.0,11.229752,14.674619,2023-08-01
25823,2023-08-01 14:02:00,19500.0,19734.4,775700,6702650,247.25,8.85,10900,199800,1.0,0.0,0.0,0.0,9.159952,12.910027,2023-08-01
20570,2023-08-01 14:02:00,19550.0,19734.4,325850,3566800,201.6,13.1,9350,163600,1.0,0.0,0.0,0.0,9.912441,12.319272,2023-08-01
15315,2023-08-01 14:02:00,19600.0,19734.4,2514650,10226150,159.1,20.25,62900,283850,1.0,-5e-06,3e-08,6.9e-07,10.260926,11.927458,2023-08-01
10058,2023-08-01 14:02:00,19650.0,19734.4,1985450,5373150,119.25,30.8,80600,224000,0.999484,-0.00201,7.081e-05,0.00021597,10.124837,11.550777,2023-08-01
4799,2023-08-01 14:02:00,19700.0,19734.4,8392650,11659550,85.2,46.75,281350,604700,0.910542,-0.115735,0.00626895,0.00673034,10.102435,11.349376,2023-08-01
2168,2023-08-01 14:02:00,19750.0,19734.4,8502000,5540550,57.9,69.15,343250,461600,0.276761,-0.702675,0.01290954,0.01199748,10.157375,11.307009,2023-08-01
7429,2023-08-01 14:02:00,19800.0,19734.4,15732300,5318100,37.7,98.75,463550,446050,0.006586,-0.986914,0.00070145,0.00114725,10.312376,11.496304,2023-08-01
12687,2023-08-01 14:02:00,19850.0,19734.4,6568450,897950,23.0,134.4,189900,83150,7e-06,-0.99993,1.24e-06,9.39e-06,10.391375,11.834413,2023-08-01
17943,2023-08-01 14:02:00,19900.0,19734.4,8774850,933600,13.8,175.0,291200,111750,0.0,-1.0,0.0,2e-08,10.626367,12.358013,2023-08-01
23197,2023-08-01 14:02:00,19950.0,19734.4,4760350,222700,7.95,218.85,154250,11900,0.0,-1.0,0.0,0.0,10.848283,12.992435,2023-08-01
28450,2023-08-01 14:02:00,20000.0,19734.4,7675100,481800,4.8,266.0,105200,17950,0.0,-1.0,0.0,0.0,11.271523,14.13058,2023-08-01
25824,2023-08-01 14:03:00,19500.0,19736.2,781050,6659050,251.55,8.6,12650,288200,1.0,0.0,0.0,0.0,10.923514,12.882097,2023-08-01
20571,2023-08-01 14:03:00,19550.0,19736.2,318850,3560750,205.0,12.65,11250,182500,1.0,0.0,0.0,0.0,10.614208,12.25988,2023-08-01
15316,2023-08-01 14:03:00,19600.0,19736.2,2513950,10235400,162.0,19.4,65500,363550,1.0,-2e-06,4e-08,3.9e-07,10.637699,11.811802,2023-08-01
10059,2023-08-01 14:03:00,19650.0,19736.2,2030300,5373300,122.45,29.55,68000,311400,0.999414,-0.001385,7.715e-05,0.00015675,10.514489,11.405289,2023-08-01
4800,2023-08-01 14:03:00,19700.0,19736.2,8498250,11572100,87.5,44.85,319100,798100,0.918155,-0.098592,0.00577719,0.00614252,10.313961,11.139792,2023-08-01
2169,2023-08-01 14:03:00,19750.0,19736.2,8654250,5450550,59.4,66.7,400400,629600,0.301277,-0.685672,0.01337203,0.01265516,10.263231,11.048612,2023-08-01
7430,2023-08-01 14:03:00,19800.0,19736.2,15852600,5331450,38.8,95.7,496100,464250,0.008072,-0.987497,0.0008374,0.00114303,10.393718,11.155394,2023-08-01
12688,2023-08-01 14:03:00,19850.0,19736.2,6588950,905950,23.75,130.75,268750,94800,1e-05,-0.999957,1.67e-06,6.21e-06,10.455268,11.362188,2023-08-01
17944,2023-08-01 14:03:00,19900.0,19736.2,8865350,930200,14.3,171.5,330950,108800,0.0,-1.0,0.0,1e-08,10.681654,11.861554,2023-08-01
23198,2023-08-01 14:03:00,19950.0,19736.2,4790900,213250,8.1,216.1,224950,11500,0.0,-1.0,0.0,0.0,10.835919,12.634736,2023-08-01
28451,2023-08-01 14:03:00,20000.0,19736.2,7683650,483450,4.85,261.8,132050,13800,0.0,-1.0,0.0,0.0,11.237273,13.18768,2023-08-01
25825,2023-08-01 14:04:00,19500.0,19736.1,781050,6659050,252.95,8.6,9700,186050,1.0,0.0,0.0,0.0,11.690875,12.880328,2023-08-01
20572,2023-08-01 14:04:00,19550.0,19736.1,318850,3560750,206.3,12.6,5500,178250,1.0,0.0,0.0,0.0,11.120182,12.242173,2023-08-01
15317,2023-08-01 14:04:00,19600.0,19736.1,2513950,10235400,163.45,19.2,72350,370100,1.0,-2e-06,8e-08,3.3e-07,11.037182,11.76029,2023-08-01
10060,2023-08-01 14:04:00,19650.0,19736.1,2030300,5373300,123.6,29.25,68300,222250,0.999273,-0.001252,9.24e-05,0.00014455,10.767764,11.341294,2023-08-01
4801,2023-08-01 14:04:00,19700.0,19736.1,8498250,11572100,88.7,44.5,331800,552300,0.914182,-0.096587,0.00589216,0.00612253,10.540013,11.072871,2023-08-01
2170,2023-08-01 14:04:00,19750.0,19736.1,8654250,5450550,60.55,66.0,415700,439300,0.302452,-0.689963,0.01320951,0.01279844,10.468085,10.923254,2023-08-01
7431,2023-08-01 14:04:00,19800.0,19736.1,15852600,5331450,39.5,94.75,424600,313550,0.008363,-0.989124,0.0008578,0.00103513,10.527502,10.976894,2023-08-01
12689,2023-08-01 14:04:00,19850.0,19736.1,6588950,905950,24.25,129.9,233550,57500,1.1e-05,-0.999971,1.79e-06,4.4e-06,10.56723,11.175774,2023-08-01
17945,2023-08-01 14:04:00,19900.0,19736.1,8865350,930200,14.55,170.2,269100,57850,0.0,-1.0,0.0,0.0,10.754698,11.521123,2023-08-01
23199,2023-08-01 14:04:00,19950.0,19736.1,4790900,213250,8.3,213.7,171200,5600,0.0,-1.0,0.0,0.0,10.915279,11.861184,2023-08-01
28452,2023-08-01 14:04:00,20000.0,19736.1,7683650,483450,4.95,261.15,70800,8800,0.0,-1.0,0.0,0.0,11.294713,12.89995,2023-08-01
25826,2023-08-01 14:05:00,19500.0,19737.45,781050,6659050,250.75,8.7,21550,281100,1.0,0.0,0.0,0.0,9.642813,12.973326,2023-08-01
20573,2023-08-01 14:05:00,19550.0,19737.45,318850,3560750,204.15,12.85,17150,324350,1.0,0.0,0.0,0.0,9.82276,12.377867,2023-08-01
15318,2023-08-01 14:05:00,19600.0,19737.45,2513950,10235400,161.4,19.75,125650,411250,1.0,-2e-06,1e-08,3.3e-07,10.200971,11.960192,2023-08-01
10061,2023-08-01 14:05:00,19650.0,19737.45,2030300,5373300,121.55,29.95,115150,331700,0.999724,-0.001224,4.027e-05,0.00013969,10.139068,11.559003,2023-08-01
4802,2023-08-01 14:05:00,19700.0,19737.45,8498250,11572100,87.15,45.4,606300,802450,0.9313,-0.092224,0.00521362,0.00581913,10.116703,11.325026,2023-08-01
2171,2023-08-01 14:05:00,19750.0,19737.45,8654250,5450550,59.25,67.4,606550,635150,0.314031,-0.668353,0.01394792,0.01282492,10.137074,11.276435,2023-08-01
7432,2023-08-01 14:05:00,19800.0,19737.45,15852600,5331450,38.7,96.55,672750,440900,0.008011,-0.984864,0.00084943,0.00132886,10.297361,11.446278,2023-08-01
12690,2023-08-01 14:05:00,19850.0,19737.45,6588950,905950,23.75,131.85,376400,114800,9e-06,-0.999926,1.51e-06,1.015e-05,10.392046,11.767672,2023-08-01
17946,2023-08-01 14:05:00,19900.0,19737.45,8865350,930200,14.2,172.0,407850,90300,0.0,-1.0,0.0,1e-08,10.602294,12.226151,2023-08-01
23200,2023-08-01 14:05:00,19950.0,19737.45,4790900,213250,8.1,216.4,293950,16100,0.0,-1.0,0.0,0.0,10.791066,13.038484,2023-08-01
28453,2023-08-01 14:05:00,20000.0,19737.45,7683650,483450,4.8,263.35,235300,15000,0.0,-1.0,0.0,0.0,11.171734,14.149662,2023-08-01
25827,2023-08-01 14:06:00,19500.0,19732.75,782650,6708750,245.4,9.0,21350,421750,1.0,0.0,0.0,0.0,8.946388,12.913341,2023-08-01
20574,2023-08-01 14:06:00,19550.0,19732.75,316650,3572150,200.55,13.4,21550,329700,1.0,0.0,0.0,0.0,10.105474,12.34706,2023-08-01
15319,2023-08-01 14:06:00,19600.0,19732.75,2513600,10206450,156.5,20.45,170700,631500,1.0,-3e-06,1e-08,5.5e-07,9.939104,11.902143,2023-08-01
10062,2023-08-01 14:06:00,19650.0,19732.75,2033350,5381900,117.65,31.35,135350,492350,0.999543,-0.00198,6.516e-05,0.00021772,10.054786,11.572353,2023-08-01
4803,2023-08-01 14:06:00,19700.0,19732.75,8526150,11586700,83.9,47.55,600050,1410900,0.905768,-0.122479,0.00669605,0.00714954,10.061566,11.382383,2023-08-01
2172,2023-08-01 14:06:00,19750.0,19732.75,8796850,5420100,56.65,70.7,702000,1008750,0.249367,-0.7247,0.01261229,0.0117096,10.090035,11.432994,2023-08-01
7433,2023-08-01 14:06:00,19800.0,19732.75,15922200,5311250,36.8,100.55,810050,840200,0.004475,-0.989423,0.00051163,0.0009643,10.265179,11.639266,2023-08-01
12691,2023-08-01 14:06:00,19850.0,19732.75,6561750,898050,22.4,136.45,481500,185900,3e-06,-0.999951,5.7e-07,6.77e-06,10.358809,12.012929,2023-08-01
17947,2023-08-01 14:06:00,19900.0,19732.75,8827050,932200,13.5,177.45,542150,166550,0.0,-1.0,0.0,1e-08,10.626271,12.634472,2023-08-01
23201,2023-08-01 14:06:00,19950.0,19732.75,4826250,217500,7.7,221.05,296450,24450,0.0,-1.0,0.0,0.0,10.825781,13.229373,2023-08-01
28454,2023-08-01 14:06:00,20000.0,19732.75,7715400,489850,4.75,267.85,358700,21350,0.0,-1.0,0.0,0.0,11.310358,14.270866,2023-08-01
25828,2023-08-01 14:07:00,19500.0,19737.3,782650,6708750,251.0,8.45,11050,241950,1.0,0.0,0.0,0.0,9.946384,12.872018,2023-08-01
20575,2023-08-01 14:07:00,19550.0,19737.3,316650,3572150,204.9,12.55,17300,187100,1.0,0.0,0.0,0.0,10.200759,12.282922,2023-08-01
15320,2023-08-01 14:07:00,19600.0,19737.3,2513600,10206450,161.85,19.35,93550,386700,1.0,-1e-06,1e-08,2.2e-07,10.363695,11.85969,2023-08-01
10063,2023-08-01 14:07:00,19650.0,19737.3,2033350,5381900,121.8,29.6,84400,340150,0.999732,-0.001033,3.937e-05,0.0001218,10.219624,11.483919,2023-08-01
4804,2023-08-01 14:07:00,19700.0,19737.3,8526150,11586700,87.2,44.8,372900,624800,0.932245,-0.088348,0.00520456,0.00576148,10.146689,11.212161,2023-08-01
2173,2023-08-01 14:07:00,19750.0,19737.3,8796850,5420100,59.45,66.75,474650,614000,0.310664,-0.673982,0.01397989,0.01302747,10.187577,11.156918,2023-08-01
7434,2023-08-01 14:07:00,19800.0,19737.3,15922200,5311250,38.7,95.65,520600,379000,0.007343,-0.98718,0.00079508,0.00118324,10.311243,11.273612,2023-08-01
12692,2023-08-01 14:07:00,19850.0,19737.3,6561750,898050,23.7,131.1,305100,135500,7e-06,-0.999952,1.19e-06,6.91e-06,10.393555,11.598883,2023-08-01
17948,2023-08-01 14:07:00,19900.0,19737.3,8827050,932200,14.2,170.8,331450,64750,0.0,-1.0,0.0,0.0,10.613006,11.911466,2023-08-01
23202,2023-08-01 14:07:00,19950.0,19737.3,4826250,217500,8.05,214.85,281050,9550,0.0,-1.0,0.0,0.0,10.782404,12.547378,2023-08-01
28455,2023-08-01 14:07:00,20000.0,19737.3,7715400,489850,4.95,262.0,158900,12050,0.0,-1.0,0.0,0.0,11.258941,13.631733,2023-08-01
25829,2023-08-01 14:08:00,19500.0,19739.7,782650,6708750,253.9,8.25,10250,163050,1.0,0.0,0.0,0.0,10.370261,12.883758,2023-08-01
20576,2023-08-01 14:08:00,19550.0,19739.7,316650,3572150,207.6,12.15,11700,220100,1.0,0.0,0.0,0.0,10.415361,12.260414,2023-08-01
15321,2023-08-01 14:08:00,19600.0,19739.7,2513600,10206450,163.6,18.8,62750,277950,1.0,-1e-06,0.0,1.3e-07,10.294831,11.841507,2023-08-01
10064,2023-08-01 14:08:00,19650.0,19739.7,2033350,5381900,124.3,28.75,55050,193250,0.999789,-0.000702,3.122e-05,8.614e-05,10.371616,11.448317,2023-08-01
4805,2023-08-01 14:08:00,19700.0,19739.7,8526150,11586700,89.3,43.65,273500,421200,0.943058,-0.073367,0.0045237,0.00505502,10.253856,11.171936,2023-08-01
2174,2023-08-01 14:08:00,19750.0,19739.7,8796850,5420100,60.9,65.35,258750,307550,0.344669,-0.643403,0.01460465,0.01359962,10.231682,11.124335,2023-08-01
7435,2023-08-01 14:08:00,19800.0,19739.7,15922200,5311250,39.8,94.0,332350,213450,0.009344,-0.984782,0.00098459,0.00138337,10.349855,11.245106,2023-08-01
12693,2023-08-01 14:08:00,19850.0,19739.7,6561750,898050,24.35,128.4,133000,43000,9e-06,-0.999953,1.62e-06,6.93e-06,10.401279,11.405418,2023-08-01
17949,2023-08-01 14:08:00,19900.0,19739.7,8827050,932200,14.6,168.5,181000,49350,0.0,-1.0,0.0,0.0,10.611854,11.821589,2023-08-01
23203,2023-08-01 14:08:00,19950.0,19739.7,4826250,217500,8.3,213.2,195750,4150,0.0,-1.0,0.0,0.0,10.781932,12.668595,2023-08-01
28456,2023-08-01 14:08:00,20000.0,19739.7,7715400,489850,5.05,259.35,166300,8400,0.0,-1.0,0.0,0.0,11.228182,13.447823,2023-08-01
25830,2023-08-01 14:09:00,19500.0,19738.2,781500,6706700,251.0,8.35,10850,195300,1.0,0.0,0.0,0.0,9.263968,12.869821,2023-08-01
20577,2023-08-01 14:09:00,19550.0,19738.2,319150,3593400,205.45,12.35,4650,111250,1.0,0.0,0.0,0.0,10.096929,12.262337,2023-08-01
15322,2023-08-01 14:09:00,19600.0,19738.2,2499150,10152250,162.2,19.05,52800,230350,1.0,-1e-06,0.0,1.4e-07,10.258485,11.833224,2023-08-01
10065,2023-08-01 14:09:00,19650.0,19738.2,2059600,5398800,122.35,29.3,63250,206900,0.999805,-0.000811,2.96e-05,9.876e-05,10.198918,11.477493,2023-08-01
4806,2023-08-01 14:09:00,19700.0,19738.2,8524800,11650350,87.7,44.8,197950,364800,0.939212,-0.081933,0.00484571,0.0054802,10.139144,11.276393,2023-08-01
2175,2023-08-01 14:09:00,19750.0,19738.2,8786900,5368400,59.55,66.7,308700,278950,0.320358,-0.663138,0.01441509,0.01327527,10.132648,11.227881,2023-08-01
7436,2023-08-01 14:09:00,19800.0,19738.2,15991850,5292300,38.75,95.6,270000,186600,0.00723,-0.986394,0.0007975,0.00125063,10.264583,11.366167,2023-08-01
12694,2023-08-01 14:09:00,19850.0,19738.2,6595400,921800,23.65,130.8,167650,49100,6e-06,-0.99995,1.01e-06,7.17e-06,10.338571,11.671241,2023-08-01
17950,2023-08-01 14:09:00,19900.0,19738.2,8848200,919250,14.25,171.3,212450,35250,0.0,-1.0,0.0,1e-08,10.589445,12.206949,2023-08-01
23204,2023-08-01 14:09:00,19950.0,19738.2,4860250,217150,8.1,214.2,187300,5600,0.0,-1.0,0.0,0.0,10.769616,12.586162,2023-08-01
28457,2023-08-01 14:09:00,20000.0,19738.2,7647500,495600,4.95,261.55,170750,8250,0.0,-1.0,0.0,0.0,11.231565,13.759342,2023-08-01
25831,2023-08-01 14:10:00,19500.0,19738.3,781500,6706700,249.9,8.55,4800,118550,1.0,0.0,0.0,0.0,7.822824,12.956098,2023-08-01
20578,2023-08-01 14:10:00,19550.0,19738.3,319150,3593400,203.0,12.65,2400,75150,1.0,0.0,0.0,0.0,8.909196,12.361691,2023-08-01
15323,2023-08-01 14:10:00,19600.0,19738.3,2499150,10152250,159.9,19.6,53200,148750,1.0,-1e-06,0.0,1.6e-07,9.57944,11.973893,2023-08-01
10066,2023-08-01 14:10:00,19650.0,19738.3,2059600,5398800,120.15,30.0,43050,124100,0.999912,-0.00086,1.489e-05,0.00010359,9.716452,11.625486,2023-08-01
4807,2023-08-01 14:10:00,19700.0,19738.3,8524800,11650350,86.1,45.7,151800,294050,0.946157,-0.083202,0.00456505,0.00549674,9.843318,11.444025,2023-08-01
2176,2023-08-01 14:10:00,19750.0,19738.3,8786900,5368400,58.55,68.0,199550,207800,0.317788,-0.6597,0.01471084,0.01314107,9.956992,11.457907,2023-08-01
7437,2023-08-01 14:10:00,19800.0,19738.3,15991850,5292300,38.05,97.4,258500,186300,0.006415,-0.984459,0.00073127,0.00137113,10.13483,11.696359,2023-08-01
12695,2023-08-01 14:10:00,19850.0,19738.3,6595400,921800,23.35,132.85,105350,49300,4e-06,-0.99992,8.1e-07,1.086e-05,10.272297,12.093924,2023-08-01
17951,2023-08-01 14:10:00,19900.0,19738.3,8848200,919250,13.95,173.25,177300,34650,0.0,-1.0,0.0,2e-08,10.506709,12.684564,2023-08-01
23205,2023-08-01 14:10:00,19950.0,19738.3,4860250,217150,8.0,216.85,92250,7600,0.0,-1.0,0.0,0.0,10.730769,13.376359,2023-08-01
28458,2023-08-01 14:10:00,20000.0,19738.3,7647500,495600,4.9,264.0,97750,6050,0.0,-1.0,0.0,0.0,11.204285,14.621229,2023-08-01
25832,2023-08-01 14:11:00,19500.0,19738.6,781500,6706700,252.35,8.25,5350,102550,1.0,0.0,0.0,0.0,10.040507,12.848406,2023-08-01
20579,2023-08-01 14:11:00,19550.0,19738.6,319150,3593400,206.35,12.25,5400,82300,1.0,0.0,0.0,0.0,10.32284,12.251626,2023-08-01
15324,2023-08-01 14:11:00,19600.0,19738.6,2499150,10152250,162.85,18.85,32600,217800,1.0,-1e-06,0.0,1e-07,10.350343,11.806902,2023-08-01
10067,2023-08-01 14:11:00,19650.0,19738.6,2059600,5398800,122.8,29.0,58900,153300,0.999838,-0.000651,2.519e-05,8.193e-05,10.235475,11.442802,2023-08-01
4808,2023-08-01 14:11:00,19700.0,19738.6,8524800,11650350,88.2,44.2,204800,331450,0.942511,-0.075813,0.00467403,0.00526752,10.187747,11.200429,2023-08-01
2177,2023-08-01 14:11:00,19750.0,19738.6,8786900,5368400,59.95,66.05,191550,397900,0.324641,-0.660752,0.01462195,0.01356696,10.170537,11.154837,2023-08-01
7438,2023-08-01 14:11:00,19800.0,19738.6,15991850,5292300,39.0,94.9,300700,151450,0.00704,-0.98736,0.00078707,0.00119639,10.286634,11.289,2023-08-01
12696,2023-08-01 14:11:00,19850.0,19738.6,6595400,921800,23.9,130.15,128500,122650,5e-06,-0.999961,9.2e-07,5.8e-06,10.37313,11.601577,2023-08-01
17952,2023-08-01 14:11:00,19900.0,19738.6,8848200,919250,14.25,170.35,209850,31450,0.0,-1.0,0.0,0.0,10.575196,12.058928,2023-08-01
23206,2023-08-01 14:11:00,19950.0,19738.6,4860250,217150,8.05,214.3,124850,7900,0.0,-1.0,0.0,0.0,10.739481,12.719565,2023-08-01
28459,2023-08-01 14:11:00,20000.0,19738.6,7647500,495600,4.9,260.9,110600,9200,0.0,-1.0,0.0,0.0,11.195838,13.65667,2023-08-01
25833,2023-08-01 14:12:00,19500.0,19741.3,787050,6721700,256.5,8.1,10750,197100,1.0,0.0,0.0,0.0,11.047527,12.890533,2023-08-01
20580,2023-08-01 14:12:00,19550.0,19741.3,319350,3582300,210.2,11.9,7600,137500,1.0,0.0,0.0,0.0,10.87711,12.255453,2023-08-01
15325,2023-08-01 14:12:00,19600.0,19741.3,2502000,10170900,165.95,18.3,106000,242700,1.0,0.0,0.0,5e-08,10.583273,11.800745,2023-08-01
10068,2023-08-01 14:12:00,19650.0,19741.3,2037150,5375900,125.55,28.05,57650,381100,0.999879,-0.00041,1.892e-05,5.389e-05,10.392462,11.40146,2023-08-01
4809,2023-08-01 14:12:00,19700.0,19741.3,8526950,11568900,90.55,42.8,263550,398900,0.953246,-0.060292,0.00394556,0.00446724,10.304714,11.134176,2023-08-01
2178,2023-08-01 14:12:00,19750.0,19741.3,8851600,5423300,61.65,64.0,354750,390400,0.364928,-0.625515,0.01528273,0.01428622,10.229843,11.035968,2023-08-01
7439,2023-08-01 14:12:00,19800.0,19741.3,16101350,5304050,40.2,92.25,340950,233800,0.009291,-0.985578,0.00100721,0.00137007,10.321549,11.115409,2023-08-01
12697,2023-08-01 14:12:00,19850.0,19741.3,6655200,997350,24.5,126.65,205100,74300,7e-06,-0.999966,1.26e-06,5.22e-06,10.353078,11.290848,2023-08-01
17953,2023-08-01 14:12:00,19900.0,19741.3,8874750,915500,14.6,166.2,262150,46100,0.0,-1.0,0.0,0.0,10.546526,11.579972,2023-08-01
23207,2023-08-01 14:12:00,19950.0,19741.3,4916450,214350,8.25,210.75,141250,7450,0.0,-1.0,0.0,0.0,10.708721,12.352344,2023-08-01
28460,2023-08-01 14:12:00,20000.0,19741.3,7667150,494550,4.95,257.0,130950,15150,0.0,-1.0,0.0,0.0,11.129192,13.112425,2023-08-01
25834,2023-08-01 14:13:00,19500.0,19738.3,787050,6721700,251.35,8.45,9050,226450,1.0,0.0,0.0,0.0,9.502842,12.922093,2023-08-01
20581,2023-08-01 14:13:00,19550.0,19738.3,319350,3582300,205.35,12.5,11450,144450,1.0,0.0,0.0,0.0,10.029217,12.320942,2023-08-01
15326,2023-08-01 14:13:00,19600.0,19738.3,2502000,10170900,162.15,19.15,52450,288100,1.0,0.0,0.0,8e-08,10.231808,11.869753,2023-08-01
10069,2023-08-01 14:13:00,19650.0,19738.3,2037150,5375900,122.35,29.35,68400,196800,0.999866,-0.000619,2.144e-05,7.889e-05,10.192414,11.500075,2023-08-01
4810,2023-08-01 14:13:00,19700.0,19738.3,8526950,11568900,87.7,44.7,321000,401550,0.94431,-0.076107,0.0046407,0.00531734,10.136401,11.27205,2023-08-01
2179,2023-08-01 14:13:00,19750.0,19738.3,8851600,5423300,59.65,66.35,391700,329300,0.317682,-0.666483,0.0147086,0.01361651,10.14923,11.183397,2023-08-01
7440,2023-08-01 14:13:00,19800.0,19738.3,16101350,5304050,38.75,95.45,406500,303550,0.006133,-0.988204,0.00070716,0.00113455,10.265881,11.356571,2023-08-01
12698,2023-08-01 14:13:00,19850.0,19738.3,6655200,997350,23.7,130.1,262650,83750,3e-06,-0.999972,6.5e-07,4.3e-06,10.35144,11.551192,2023-08-01
17954,2023-08-01 14:13:00,19900.0,19738.3,8874750,915500,14.1,170.55,270850,57500,0.0,-1.0,0.0,0.0,10.552714,12.052102,2023-08-01
23208,2023-08-01 14:13:00,19950.0,19738.3,4916450,214350,8.0,214.6,193000,10000,0.0,-1.0,0.0,0.0,10.73665,12.734878,2023-08-01
28461,2023-08-01 14:13:00,20000.0,19738.3,7667150,494550,4.8,263.8,118250,13850,0.0,-1.0,0.0,0.0,11.1583,14.560056,2023-08-01
25835,2023-08-01 14:14:00,19500.0,19737.55,787050,6721700,252.35,8.4,13350,137650,1.0,0.0,0.0,0.0,10.696375,12.875593,2023-08-01
20582,2023-08-01 14:14:00,19550.0,19737.55,319350,3582300,206.2,12.4,8600,117050,1.0,0.0,0.0,0.0,10.64343,12.26024,2023-08-01
15327,2023-08-01 14:14:00,19600.0,19737.55,2502000,10170900,162.5,19.15,45000,247700,1.0,0.0,0.0,8e-08,10.501352,11.835683,2023-08-01
10070,2023-08-01 14:14:00,19650.0,19737.55,2037150,5375900,122.6,29.3,86250,216400,0.999826,-0.000603,2.708e-05,7.778e-05,10.364411,11.449741,2023-08-01
4811,2023-08-01 14:14:00,19700.0,19737.55,8526950,11568900,87.85,44.75,195150,445850,0.939886,-0.078086,0.0049058,0.00547742,10.249667,11.23175,2023-08-01
2180,2023-08-01 14:14:00,19750.0,19737.55,8851600,5423300,59.85,66.6,284400,360550,0.307265,-0.67804,0.01445277,0.0135358,10.248503,11.163716,2023-08-01
7441,2023-08-01 14:14:00,19800.0,19737.55,16101350,5304050,38.9,95.45,320750,245400,0.005666,-0.98991,0.00065842,0.00100403,10.344413,11.276028,2023-08-01
12699,2023-08-01 14:14:00,19850.0,19737.55,6655200,997350,23.75,130.25,215850,74550,3e-06,-0.99998,5.5e-07,3.13e-06,10.40428,11.473992,2023-08-01
17955,2023-08-01 14:14:00,19900.0,19737.55,8874750,915500,14.2,169.85,209600,59150,0.0,-1.0,0.0,0.0,10.615412,11.737284,2023-08-01
23209,2023-08-01 14:14:00,19950.0,19737.55,4916450,214350,8.05,214.8,173100,8300,0.0,-1.0,0.0,0.0,10.786417,12.604777,2023-08-01
28462,2023-08-01 14:14:00,20000.0,19737.55,7667150,494550,4.9,261.5,121000,10500,0.0,-1.0,0.0,0.0,11.238569,13.538494,2023-08-01
25836,2023-08-01 14:15:00,19500.0,19738.0,789900,6703600,253.1,8.35,8800,115450,1.0,0.0,0.0,0.0,10.889965,12.874461,2023-08-01
20583,2023-08-01 14:15:00,19550.0,19738.0,321050,3588750,207.25,12.35,8500,77300,1.0,0.0,0.0,0.0,10.888143,12.265443,2023-08-01
15328,2023-08-01 14:15:00,19600.0,19738.0,2541350,10097050,164.0,19.0,36550,182450,1.0,0.0,1e-08,6e-08,10.804021,11.82234,2023-08-01
10071,2023-08-01 14:15:00,19650.0,19738.0,2034200,5409900,123.9,29.0,51800,165700,0.999806,-0.00051,2.951e-05,6.721e-05,10.56819,11.416189,2023-08-01
4812,2023-08-01 14:15:00,19700.0,19738.0,8534450,11525250,89.3,44.35,172550,389700,0.939528,-0.073616,0.00486141,0.00528988,10.460239,11.193035,2023-08-01
2181,2023-08-01 14:15:00,19750.0,19738.0,8856450,5459250,60.95,66.0,239400,241950,0.315129,-0.673933,0.01449612,0.013773,10.398859,11.101849,2023-08-01
7442,2023-08-01 14:15:00,19800.0,19738.0,16082450,5288700,39.65,94.4,208600,169650,0.006121,-0.990608,0.00070264,0.00096083,10.450564,11.140721,2023-08-01
12700,2023-08-01 14:15:00,19850.0,19738.0,6676250,1001750,24.25,129.5,130450,49500,3e-06,-0.999984,6.2e-07,2.67e-06,10.48642,11.389699,2023-08-01
17956,2023-08-01 14:15:00,19900.0,19738.0,8904850,919850,14.45,169.45,182050,38450,0.0,-1.0,0.0,0.0,10.663507,11.729321,2023-08-01
23210,2023-08-01 14:15:00,19950.0,19738.0,4956800,215250,8.15,213.0,175650,3850,0.0,-1.0,0.0,0.0,10.807655,12.17445,2023-08-01
28463,2023-08-01 14:15:00,20000.0,19738.0,7648550,495050,4.95,260.35,95150,10250,0.0,-1.0,0.0,0.0,11.250742,13.262193,2023-08-01
25837,2023-08-01 14:16:00,19500.0,19740.3,789900,6703600,258.75,8.05,14450,119450,1.0,0.0,0.0,0.0,12.606795,12.840495,2023-08-01
20584,2023-08-01 14:16:00,19550.0,19740.3,321050,3588750,212.2,11.75,5450,97200,1.0,0.0,0.0,0.0,11.902939,12.17369,2023-08-01
15329,2023-08-01 14:16:00,19600.0,19740.3,2541350,10097050,168.35,18.05,80050,249600,1.0,0.0,1e-08,3e-08,11.443202,11.698381,2023-08-01
10072,2023-08-01 14:16:00,19650.0,19740.3,2034200,5409900,127.6,27.6,70950,178400,0.999789,-0.000291,3.094e-05,4.076e-05,10.985756,11.261201,2023-08-01
4813,2023-08-01 14:16:00,19700.0,19740.3,8534450,11525250,91.9,42.3,296100,378700,0.947674,-0.057503,0.00428059,0.00447937,10.668982,10.984832,2023-08-01
2182,2023-08-01 14:16:00,19750.0,19740.3,8856450,5459250,63.15,63.0,359550,306250,0.35063,-0.646573,0.01496441,0.01471351,10.577942,10.789151,2023-08-01
7443,2023-08-01 14:16:00,19800.0,19740.3,16082450,5288700,41.25,91.15,383900,228350,0.008252,-0.990499,0.00090898,0.00100616,10.583325,10.818241,2023-08-01
12701,2023-08-01 14:16:00,19850.0,19740.3,6676250,1001750,25.35,124.75,191100,74550,5e-06,-0.999993,9.9e-07,1.33e-06,10.590839,10.765737,2023-08-01
17957,2023-08-01 14:16:00,19900.0,19740.3,8904850,919850,14.95,164.0,265150,71900,0.0,-1.0,0.0,0.0,10.691933,10.829941,2023-08-01
23211,2023-08-01 14:16:00,19950.0,19740.3,4956800,215250,8.45,208.4,154300,11200,0.0,-1.0,0.0,0.0,10.828315,11.336236,2023-08-01
28464,2023-08-01 14:16:00,20000.0,19740.3,7648550,495050,5.0,254.1,122400,10800,0.0,-1.0,0.0,0.0,11.197882,11.513593,2023-08-01
25838,2023-08-01 14:17:00,19500.0,19737.2,789900,6703600,255.55,8.25,7400,135750,1.0,0.0,0.0,0.0,12.452561,12.807736,2023-08-01
20585,2023-08-01 14:17:00,19550.0,19737.2,321050,3588750,209.2,12.2,11400,54850,1.0,0.0,0.0,0.0,11.81145,12.188796,2023-08-01
15330,2023-08-01 14:17:00,19600.0,19737.2,2541350,10097050,164.8,18.8,71600,266950,1.0,0.0,1e-08,4e-08,11.186617,11.738693,2023-08-01
10073,2023-08-01 14:17:00,19650.0,19737.2,2034200,5409900,125.0,28.7,59100,133050,0.999719,-0.000435,4.1e-05,5.942e-05,10.92072,11.314341,2023-08-01
4814,2023-08-01 14:17:00,19700.0,19737.2,8534450,11525250,89.8,43.6,336050,401450,0.934793,-0.071851,0.00513634,0.00535121,10.642581,11.009216,2023-08-01
2183,2023-08-01 14:17:00,19750.0,19737.2,8856450,5459250,61.45,65.1,332900,264150,0.30381,-0.690724,0.01424684,0.01392511,10.555257,10.884493,2023-08-01
7444,2023-08-01 14:17:00,19800.0,19737.2,16082450,5288700,40.05,93.45,334900,200350,0.005527,-0.993231,0.00064262,0.00074738,10.579286,10.886338,2023-08-01
12702,2023-08-01 14:17:00,19850.0,19737.2,6676250,1001750,24.6,128.1,305150,56750,3e-06,-0.999994,5.1e-07,1e-06,10.606651,10.988939,2023-08-01
17958,2023-08-01 14:17:00,19900.0,19737.2,8904850,919850,14.65,167.7,252700,38250,0.0,-1.0,0.0,0.0,10.75697,11.1293,2023-08-01
23212,2023-08-01 14:17:00,19950.0,19737.2,4956800,215250,8.25,210.9,109100,4950,0.0,-1.0,0.0,0.0,10.879691,11.256476,2023-08-01
28465,2023-08-01 14:17:00,20000.0,19737.2,7648550,495050,5.0,258.05,62950,8700,0.0,-1.0,0.0,0.0,11.308564,12.02188,2023-08-01
25839,2023-08-01 14:18:00,19500.0,19745.0,784600,6695350,260.6,7.7,12650,170300,1.0,0.0,0.0,0.0,11.419576,12.87339,2023-08-01
20586,2023-08-01 14:18:00,19550.0,19745.0,318100,3596150,214.0,11.3,8600,101850,1.0,0.0,0.0,0.0,11.076994,12.225824,2023-08-01
15331,2023-08-01 14:18:00,19600.0,19745.0,2518550,10227600,169.9,17.4,74450,276600,1.0,0.0,0.0,1e-08,10.833287,11.758452,2023-08-01
10074,2023-08-01 14:18:00,19650.0,19745.0,2016200,5485050,129.3,26.55,72450,249850,0.99995,-0.000129,8.37e-06,1.929e-05,10.613807,11.305289,2023-08-01
4815,2023-08-01 14:18:00,19700.0,19745.0,8533200,11585900,93.75,40.75,311400,524450,0.96931,-0.037785,0.00286706,0.00323114,10.468356,11.02109,2023-08-01
2184,2023-08-01 14:18:00,19750.0,19745.0,8760450,5532800,64.15,61.2,414700,365600,0.420254,-0.575868,0.01635923,0.01558894,10.344413,10.876692,2023-08-01
7445,2023-08-01 14:18:00,19800.0,19745.0,15971300,5293200,41.95,88.9,427950,331000,0.011306,-0.984896,0.00123544,0.00150856,10.391544,10.93102,2023-08-01
12703,2023-08-01 14:18:00,19850.0,19745.0,6603400,1000000,25.7,122.7,226350,81750,7e-06,-0.999979,1.3e-06,3.52e-06,10.407164,11.03991,2023-08-01
17959,2023-08-01 14:18:00,19900.0,19745.0,8822850,919650,15.1,162.05,397850,67100,0.0,-1.0,0.0,0.0,10.51795,11.300075,2023-08-01
23213,2023-08-01 14:18:00,19950.0,19745.0,5007350,216250,8.35,205.7,335000,10250,0.0,-1.0,0.0,0.0,10.610499,11.789964,2023-08-01
28466,2023-08-01 14:18:00,20000.0,19745.0,7641650,502200,4.95,251.7,142300,11100,0.0,-1.0,0.0,0.0,11.011459,12.352535,2023-08-01
25840,2023-08-01 14:19:00,19500.0,19741.35,784600,6695350,255.4,8.05,5650,188100,1.0,0.0,0.0,0.0,10.369636,12.886019,2023-08-01
20587,2023-08-01 14:19:00,19550.0,19741.35,318100,3596150,208.7,11.9,11700,113850,1.0,0.0,0.0,0.0,10.287762,12.270961,2023-08-01
15332,2023-08-01 14:19:00,19600.0,19741.35,2518550,10227600,165.45,18.4,54250,221250,1.0,0.0,0.0,2e-08,10.452472,11.840775,2023-08-01
10075,2023-08-01 14:19:00,19650.0,19741.35,2016200,5485050,125.0,28.1,63600,228250,0.99995,-0.000232,8.77e-06,3.32e-05,10.283945,11.426493,2023-08-01
4816,2023-08-01 14:19:00,19700.0,19741.35,8533200,11585900,90.1,43.05,246950,347750,0.961765,-0.052654,0.00353904,0.0041858,10.233144,11.193559,2023-08-01
2185,2023-08-01 14:19:00,19750.0,19741.35,8760450,5532800,61.45,64.3,342250,277800,0.358885,-0.630121,0.01596454,0.01482602,10.206016,11.10186,2023-08-01
7446,2023-08-01 14:19:00,19800.0,19741.35,15971300,5293200,39.95,92.55,387400,207500,0.006682,-0.988563,0.00079265,0.00116781,10.287762,11.184043,2023-08-01
12704,2023-08-01 14:19:00,19850.0,19741.35,6603400,1000000,24.3,127.1,404700,56650,2e-06,-0.999982,5e-07,2.93e-06,10.32267,11.397567,2023-08-01
17960,2023-08-01 14:19:00,19900.0,19741.35,8822850,919650,14.2,167.0,414400,47650,0.0,-1.0,0.0,0.0,10.452339,11.792007,2023-08-01
23214,2023-08-01 14:19:00,19950.0,19741.35,5007350,216250,7.8,209.55,449150,6000,0.0,-1.0,0.0,0.0,10.555036,12.006633,2023-08-01
28467,2023-08-01 14:19:00,20000.0,19741.35,7641650,502200,4.7,257.1,104000,6100,0.0,-1.0,0.0,0.0,11.011731,13.173233,2023-08-01
25841,2023-08-01 14:20:00,19500.0,19748.85,784600,6695350,262.95,7.5,20500,279500,1.0,0.0,0.0,0.0,10.651562,12.934199,2023-08-01
20588,2023-08-01 14:20:00,19550.0,19748.85,318100,3596150,216.35,11.0,16150,213050,1.0,0.0,0.0,0.0,10.634276,12.287899,2023-08-01
15333,2023-08-01 14:20:00,19600.0,19748.85,2518550,10227600,172.5,16.9,132750,323650,1.0,0.0,0.0,0.0,10.659616,11.812167,2023-08-01
10076,2023-08-01 14:20:00,19650.0,19748.85,2016200,5485050,131.5,25.8,123500,327650,0.999984,-6.2e-05,2.87e-06,9.82e-06,10.463772,11.359554,2023-08-01
4817,2023-08-01 14:20:00,19700.0,19748.85,8533200,11585900,95.25,39.6,520650,717000,0.981869,-0.025751,0.00189981,0.00237623,10.290922,11.066727,2023-08-01
2186,2023-08-01 14:20:00,19750.0,19748.85,8760450,5532800,65.45,59.65,654900,596050,0.483477,-0.515432,0.01710572,0.01600937,10.227786,10.929397,2023-08-01
7447,2023-08-01 14:20:00,19800.0,19748.85,15971300,5293200,42.7,86.8,582000,434800,0.014733,-0.979138,0.00159506,0.00200761,10.261198,10.971006,2023-08-01
12705,2023-08-01 14:20:00,19850.0,19748.85,6603400,1000000,26.05,120.3,428650,121850,8e-06,-0.999965,1.61e-06,5.75e-06,10.267179,11.1091,2023-08-01
17961,2023-08-01 14:20:00,19900.0,19748.85,8822850,919650,15.2,159.0,486250,94700,0.0,-1.0,0.0,0.0,10.368592,11.309537,2023-08-01
23215,2023-08-01 14:20:00,19950.0,19748.85,5007350,216250,8.25,202.8,504400,32050,0.0,-1.0,0.0,0.0,10.426097,11.918326,2023-08-01
28468,2023-08-01 14:20:00,20000.0,19748.85,7641650,502200,4.9,248.9,270050,17850,0.0,-1.0,0.0,0.0,10.854742,12.619048,2023-08-01
25842,2023-08-01 14:21:00,19500.0,19749.75,784250,6695850,265.3,7.25,18500,230500,1.0,0.0,0.0,0.0,11.566893,12.859958,2023-08-01
20589,2023-08-01 14:21:00,19550.0,19749.75,319500,3566250,218.95,10.6,20450,179050,1.0,0.0,0.0,0.0,11.346279,12.191675,2023-08-01
15334,2023-08-01 14:21:00,19600.0,19749.75,2538750,10214750,174.05,16.4,123900,284600,1.0,0.0,0.0,0.0,10.886067,11.725009,2023-08-01
10077,2023-08-01 14:21:00,19650.0,19749.75,2009100,5421250,132.8,25.05,84450,237450,0.999985,-4.1e-05,2.69e-06,6.76e-06,10.600379,11.250785,2023-08-01
4818,2023-08-01 14:21:00,19700.0,19749.75,8571850,11547300,96.25,38.65,542450,465000,0.98348,-0.021806,0.00175402,0.00210247,10.368414,10.95353,2023-08-01
2187,2023-08-01 14:21:00,19750.0,19749.75,8779400,5453450,66.4,58.55,668300,428250,0.49884,-0.501083,0.017105,0.01630487,10.310399,10.816366,2023-08-01
7448,2023-08-01 14:21:00,19800.0,19749.75,15950650,5282350,43.4,85.4,599300,358600,0.016122,-0.979455,0.00172532,0.00202351,10.322883,10.821713,2023-08-01
12706,2023-08-01 14:21:00,19850.0,19749.75,6543300,983650,26.55,118.75,453200,92900,1e-05,-0.999973,1.83e-06,4.67e-06,10.318944,10.930905,2023-08-01
17962,2023-08-01 14:21:00,19900.0,19749.75,8564450,906700,15.35,157.5,449850,88950,0.0,-1.0,0.0,0.0,10.366699,11.123153,2023-08-01
23216,2023-08-01 14:21:00,19950.0,19749.75,4930200,219050,8.3,200.65,478900,11200,0.0,-1.0,0.0,0.0,10.410133,11.499816,2023-08-01
28469,2023-08-01 14:21:00,20000.0,19749.75,7739500,505500,4.85,247.3,213850,11550,0.0,-1.0,0.0,0.0,10.799678,12.31409,2023-08-01
25843,2023-08-01 14:22:00,19500.0,19749.95,784250,6695850,265.7,7.15,24300,290850,1.0,0.0,0.0,0.0,11.687014,12.82501,2023-08-01
20590,2023-08-01 14:22:00,19550.0,19749.95,319500,3566250,218.9,10.4,21150,196650,1.0,0.0,0.0,0.0,11.262101,12.133466,2023-08-01
15335,2023-08-01 14:22:00,19600.0,19749.95,2538750,10214750,174.85,16.05,108700,407750,1.0,0.0,0.0,0.0,11.065112,11.643826,2023-08-01
10078,2023-08-01 14:22:00,19650.0,19749.95,2009100,5421250,133.5,24.65,170300,362850,0.999985,-3.2e-05,2.79e-06,5.35e-06,10.722164,11.178032,2023-08-01
4819,2023-08-01 14:22:00,19700.0,19749.95,8571850,11547300,96.85,38.15,508250,607900,0.983721,-0.01994,0.00173,0.00197723,10.456704,10.87681,2023-08-01
2188,2023-08-01 14:22:00,19750.0,19749.95,8779400,5453450,66.6,57.55,641950,604650,0.502229,-0.497826,0.01719981,0.01665866,10.328457,10.663985,2023-08-01
7449,2023-08-01 14:22:00,19800.0,19749.95,15950650,5282350,43.45,84.45,735800,440450,0.015808,-0.9811,0.00170945,0.00192437,10.319625,10.678179,2023-08-01
12707,2023-08-01 14:22:00,19850.0,19749.95,6543300,983650,26.6,117.75,516800,159350,9e-06,-0.999981,1.67e-06,3.38e-06,10.319638,10.763077,2023-08-01
17963,2023-08-01 14:22:00,19900.0,19749.95,8564450,906700,15.35,156.5,531400,101650,0.0,-1.0,0.0,0.0,10.359277,10.920854,2023-08-01
23217,2023-08-01 14:22:00,19950.0,19749.95,4930200,219050,8.3,199.65,468700,27100,0.0,-1.0,0.0,0.0,10.404103,11.240232,2023-08-01
28470,2023-08-01 14:22:00,20000.0,19749.95,7739500,505500,4.8,245.05,154700,18050,0.0,-1.0,0.0,0.0,10.769107,11.446145,2023-08-01
25844,2023-08-01 14:23:00,19500.0,19750.5,784250,6695850,265.7,7.2,11700,180400,1.0,0.0,0.0,0.0,11.402718,12.869431,2023-08-01
20591,2023-08-01 14:23:00,19550.0,19750.5,319500,3566250,219.15,10.55,12000,147500,1.0,0.0,0.0,0.0,11.170502,12.208831,2023-08-01
15336,2023-08-01 14:23:00,19600.0,19750.5,2538750,10214750,174.65,16.2,65600,224300,1.0,0.0,0.0,0.0,10.88233,11.71039,2023-08-01
10079,2023-08-01 14:23:00,19650.0,19750.5,2009100,5421250,133.4,24.95,55100,172400,0.99999,-3e-05,1.88e-06,4.98e-06,10.611366,11.272863,2023-08-01
4820,2023-08-01 14:23:00,19700.0,19750.5,8571850,11547300,96.8,38.4,428500,300650,0.985819,-0.018895,0.00155901,0.00188855,10.383418,10.959202,2023-08-01
2189,2023-08-01 14:23:00,19750.0,19750.5,8779400,5453450,66.55,58.05,395050,316450,0.51179,-0.488757,0.01741446,0.01657292,10.272385,10.794419,2023-08-01
7450,2023-08-01 14:23:00,19800.0,19750.5,15950650,5282350,43.55,85.0,552800,280650,0.015961,-0.979323,0.00173959,0.00206248,10.300513,10.832532,2023-08-01
12708,2023-08-01 14:23:00,19850.0,19750.5,6543300,983650,26.75,117.9,268550,62250,8e-06,-0.999978,1.63e-06,3.86e-06,10.320531,10.870707,2023-08-01
17964,2023-08-01 14:23:00,19900.0,19750.5,8564450,906700,15.45,156.5,310800,50350,0.0,-1.0,0.0,0.0,10.360808,11.028913,2023-08-01
23218,2023-08-01 14:23:00,19950.0,19750.5,4930200,219050,8.3,201.0,229850,7500,0.0,-1.0,0.0,0.0,10.384161,11.80586,2023-08-01
28471,2023-08-01 14:23:00,20000.0,19750.5,7739500,505500,4.8,246.3,112550,16800,0.0,-1.0,0.0,0.0,10.751763,12.187712,2023-08-01
25845,2023-08-01 14:24:00,19500.0,19750.1,776950,6629100,263.35,7.45,5050,152400,1.0,0.0,0.0,0.0,10.083765,12.966807,2023-08-01
20592,2023-08-01 14:24:00,19550.0,19750.1,324850,3556950,217.05,10.9,11100,99700,1.0,0.0,0.0,0.0,10.458553,12.313013,2023-08-01
15337,2023-08-01 14:24:00,19600.0,19750.1,2514500,10255250,173.1,16.8,57450,163850,1.0,0.0,0.0,0.0,10.537371,11.851167,2023-08-01
10080,2023-08-01 14:24:00,19650.0,19750.1,2014250,5386400,132.1,25.75,49250,109000,0.999994,-3.5e-05,1.23e-06,5.78e-06,10.395014,11.422913,2023-08-01
4821,2023-08-01 14:24:00,19700.0,19750.1,8545550,11569200,95.5,39.2,342600,320050,0.987186,-0.020018,0.00146581,0.0019765,10.194661,11.08102,2023-08-01
2190,2023-08-01 14:24:00,19750.0,19750.1,8771800,5475150,65.75,59.05,399500,263950,0.504854,-0.49545,0.01772134,0.01649069,10.174577,10.933976,2023-08-01
7451,2023-08-01 14:24:00,19800.0,19750.1,16041200,5356950,43.0,86.15,443800,171450,0.014141,-0.979419,0.00158981,0.00203973,10.234394,10.993058,2023-08-01
12709,2023-08-01 14:24:00,19850.0,19750.1,6553850,1014500,26.25,119.7,188550,39000,6e-06,-0.999972,1.16e-06,4.89e-06,10.244937,11.169489,2023-08-01
17965,2023-08-01 14:24:00,19900.0,19750.1,8460000,919150,15.0,158.6,318100,48200,0.0,-1.0,0.0,0.0,10.266924,11.455038,2023-08-01
23219,2023-08-01 14:24:00,19950.0,19750.1,4861850,233050,8.1,202.95,165450,5000,0.0,-1.0,0.0,0.0,10.330478,12.279809,2023-08-01
28472,2023-08-01 14:24:00,20000.0,19750.1,7734450,505600,4.7,248.55,156250,3800,0.0,-1.0,0.0,0.0,10.716337,12.909196,2023-08-01
25846,2023-08-01 14:25:00,19500.0,19748.15,776950,6629100,261.75,7.6,6250,195550,1.0,0.0,0.0,0.0,10.297055,12.96183,2023-08-01
20593,2023-08-01 14:25:00,19550.0,19748.15,324850,3556950,215.5,11.05,9550,102250,1.0,0.0,0.0,0.0,10.561187,12.285671,2023-08-01
15338,2023-08-01 14:25:00,19600.0,19748.15,2514500,10255250,171.3,17.05,47000,149550,1.0,0.0,0.0,0.0,10.498851,11.827777,2023-08-01
10081,2023-08-01 14:25:00,19650.0,19748.15,2014250,5386400,130.7,25.95,44350,117450,0.999992,-3.9e-05,1.62e-06,6.5e-06,10.417496,11.362133,2023-08-01
4822,2023-08-01 14:25:00,19700.0,19748.15,8545550,11569200,94.35,39.9,241950,284350,0.984463,-0.023389,0.00173948,0.00227117,10.220803,11.08407,2023-08-01
2191,2023-08-01 14:25:00,19750.0,19748.15,8771800,5475150,64.7,60.0,246000,275200,0.470044,-0.527828,0.017812,0.01656998,10.173347,10.940148,2023-08-01
7452,2023-08-01 14:25:00,19800.0,19748.15,16041200,5356950,42.35,87.25,312850,228500,0.010963,-0.983831,0.00128215,0.00167496,10.258503,10.984004,2023-08-01
12710,2023-08-01 14:25:00,19850.0,19748.15,6553850,1014500,25.8,121.15,141150,58750,3e-06,-0.999982,7.1e-07,3.22e-06,10.265701,11.185755,2023-08-01
17966,2023-08-01 14:25:00,19900.0,19748.15,8460000,919150,14.85,160.4,302250,34500,0.0,-1.0,0.0,0.0,10.321025,11.516416,2023-08-01
23220,2023-08-01 14:25:00,19950.0,19748.15,4861850,233050,8.05,202.95,148750,7700,0.0,-1.0,0.0,0.0,10.391434,11.786944,2023-08-01
28473,2023-08-01 14:25:00,20000.0,19748.15,7734450,505600,4.6,249.8,135550,7500,0.0,-1.0,0.0,0.0,10.734275,12.726326,2023-08-01
25847,2023-08-01 14:26:00,19500.0,19751.4,776950,6629100,264.85,7.4,16150,340850,1.0,0.0,0.0,0.0,10.291184,12.996967,2023-08-01
20594,2023-08-01 14:26:00,19550.0,19751.4,324850,3556950,218.35,10.75,16000,244200,1.0,0.0,0.0,0.0,10.513016,12.319033,2023-08-01
15339,2023-08-01 14:26:00,19600.0,19751.4,2514500,10255250,173.95,16.55,116100,347100,1.0,0.0,0.0,0.0,10.466595,11.84924,2023-08-01
10082,2023-08-01 14:26:00,19650.0,19751.4,2014250,5386400,132.85,25.15,150700,376900,0.999997,-2e-05,6.5e-07,3.44e-06,10.344402,11.36848,2023-08-01
4823,2023-08-01 14:26:00,19700.0,19751.4,8545550,11569200,96.4,38.75,715650,638250,0.989883,-0.01626,0.00121077,0.00168027,10.206646,11.08552,2023-08-01
2192,2023-08-01 14:26:00,19750.0,19751.4,8771800,5475150,66.25,58.3,734800,625050,0.528286,-0.473668,0.01800171,0.01674157,10.145917,10.913269,2023-08-01
7453,2023-08-01 14:26:00,19800.0,19751.4,16041200,5356950,43.25,85.3,913250,348800,0.014682,-0.978389,0.00167444,0.00216077,10.19076,10.981825,2023-08-01
12711,2023-08-01 14:26:00,19850.0,19751.4,6553850,1014500,26.3,118.6,439250,135050,5e-06,-0.999974,1.01e-06,4.57e-06,10.185508,11.135601,2023-08-01
17967,2023-08-01 14:26:00,19900.0,19751.4,8460000,919150,15.2,157.35,582250,83850,0.0,-1.0,0.0,0.0,10.261018,11.405338,2023-08-01
23221,2023-08-01 14:26:00,19950.0,19751.4,4861850,233050,8.2,200.35,310450,22950,0.0,-1.0,0.0,0.0,10.318532,11.845101,2023-08-01
28474,2023-08-01 14:26:00,20000.0,19751.4,7734450,505600,4.7,246.5,207800,18850,0.0,-1.0,0.0,0.0,10.674723,12.582062,2023-08-01
25848,2023-08-01 14:27:00,19500.0,19755.45,775950,6665250,268.75,7.25,15500,225500,1.0,0.0,0.0,0.0,10.304814,13.081369,2023-08-01
20595,2023-08-01 14:27:00,19550.0,19755.45,327600,3572550,221.95,10.4,14700,155200,1.0,0.0,0.0,0.0,10.462834,12.364528,2023-08-01
15340,2023-08-01 14:27:00,19600.0,19755.45,2526350,10303450,177.3,15.9,71600,179750,1.0,0.0,0.0,0.0,10.431329,11.863435,2023-08-01
10083,2023-08-01 14:27:00,19650.0,19755.45,2021150,5365550,135.5,24.15,76250,147200,0.999999,-8e-06,1.9e-07,1.51e-06,10.235528,11.369431,2023-08-01
4824,2023-08-01 14:27:00,19700.0,19755.45,8518100,11540900,98.5,37.2,300250,305900,0.994635,-0.009922,0.0007053,0.00110704,10.096135,11.059195,2023-08-01
2193,2023-08-01 14:27:00,19750.0,19755.45,8758850,5625250,68.05,56.2,454900,264400,0.601665,-0.405581,0.01770389,0.01648753,10.081947,10.876207,2023-08-01
7454,2023-08-01 14:27:00,19800.0,19755.45,15985750,5367750,44.45,82.75,508900,188400,0.021311,-0.969408,0.0023365,0.00292035,10.113867,10.951912,2023-08-01
12712,2023-08-01 14:27:00,19850.0,19755.45,6521450,1025750,27.1,115.5,218300,60050,8e-06,-0.999957,1.72e-06,7.39e-06,10.116024,11.083123,2023-08-01
17968,2023-08-01 14:27:00,19900.0,19755.45,8352850,915500,15.65,154.0,272950,39500,0.0,-1.0,0.0,0.0,10.185607,11.369075,2023-08-01
23222,2023-08-01 14:27:00,19950.0,19755.45,4861950,230150,8.35,196.95,204250,7400,0.0,-1.0,0.0,0.0,10.212072,11.862035,2023-08-01
28475,2023-08-01 14:27:00,20000.0,19755.45,7759950,503650,4.75,243.6,89300,4250,0.0,-1.0,0.0,0.0,10.560124,12.844572,2023-08-01
25849,2023-08-01 14:28:00,19500.0,19754.35,775950,6665250,268.0,7.25,8150,124400,1.0,0.0,0.0,0.0,10.544656,13.043146,2023-08-01
20596,2023-08-01 14:28:00,19550.0,19754.35,327600,3572550,220.7,10.45,10500,123450,1.0,0.0,0.0,0.0,10.357141,12.339513,2023-08-01
15341,2023-08-01 14:28:00,19600.0,19754.35,2526350,10303450,177.0,15.9,63000,163300,1.0,0.0,0.0,0.0,10.628685,11.815337,2023-08-01
10084,2023-08-01 14:28:00,19650.0,19754.35,2021150,5365550,135.3,24.35,60100,96800,0.999999,-8e-06,2.8e-07,1.57e-06,10.387214,11.356593,2023-08-01
4825,2023-08-01 14:28:00,19700.0,19754.35,8518100,11540900,98.4,37.3,338550,275450,0.993629,-0.010395,0.00081815,0.00116746,10.217807,11.010055,2023-08-01
2194,2023-08-01 14:28:00,19750.0,19754.35,8758850,5625250,68.0,56.3,378900,210100,0.581912,-0.422783,0.01788949,0.01688547,10.177574,10.80877,2023-08-01
7455,2023-08-01 14:28:00,19800.0,19754.35,15985750,5367750,44.5,82.9,403200,135700,0.018941,-0.974353,0.00211256,0.00256153,10.203324,10.868483,2023-08-01
12713,2023-08-01 14:28:00,19850.0,19754.35,6521450,1025750,27.15,115.4,184100,67700,7e-06,-0.999976,1.37e-06,4.34e-06,10.190851,10.917302,2023-08-01
17969,2023-08-01 14:28:00,19900.0,19754.35,8352850,915500,15.7,154.0,163750,26450,0.0,-1.0,0.0,0.0,10.252053,11.168445,2023-08-01
23223,2023-08-01 14:28:00,19950.0,19754.35,4861950,230150,8.4,197.1,109050,5800,0.0,-1.0,0.0,0.0,10.275479,11.631,2023-08-01
28476,2023-08-01 14:28:00,20000.0,19754.35,7759950,503650,4.75,243.55,100550,9000,0.0,-1.0,0.0,0.0,10.60073,12.46897,2023-08-01
25850,2023-08-01 14:29:00,19500.0,19758.35,775950,6665250,269.35,7.2,22600,348950,1.0,0.0,0.0,0.0,6.698018,13.169198,2023-08-01
20597,2023-08-01 14:29:00,19550.0,19758.35,327600,3572550,223.45,10.4,12250,220950,1.0,0.0,0.0,0.0,9.882746,12.484856,2023-08-01
15342,2023-08-01 14:29:00,19600.0,19758.35,2526350,10303450,177.65,15.85,107350,299950,1.0,0.0,0.0,0.0,9.733024,11.985019,2023-08-01
10085,2023-08-01 14:29:00,19650.0,19758.35,2021150,5365550,135.9,24.15,100850,204050,1.0,-5e-06,2e-08,8.6e-07,9.798536,11.524676,2023-08-01
4826,2023-08-01 14:29:00,19700.0,19758.35,8518100,11540900,98.6,37.1,525850,483950,0.997639,-0.007078,0.00035529,0.0008238,9.746278,11.225481,2023-08-01
2195,2023-08-01 14:29:00,19750.0,19758.35,8758850,5625250,67.95,56.35,622950,407800,0.658487,-0.359595,0.01760781,0.01579096,9.79622,11.129912,2023-08-01
7456,2023-08-01 14:29:00,19800.0,19758.35,15985750,5367750,44.45,82.75,705600,396750,0.024663,-0.958388,0.00274067,0.00371937,9.908615,11.243273,2023-08-01
12714,2023-08-01 14:29:00,19850.0,19758.35,6521450,1025750,27.15,115.3,285750,91150,8e-06,-0.999913,1.77e-06,1.432e-05,9.962897,11.42834,2023-08-01
17970,2023-08-01 14:29:00,19900.0,19758.35,8352850,915500,15.65,153.6,260150,46050,0.0,-1.0,0.0,0.0,10.051857,11.792915,2023-08-01
23224,2023-08-01 14:29:00,19950.0,19758.35,4861950,230150,8.35,197.45,256300,14650,0.0,-1.0,0.0,0.0,10.099712,12.680589,2023-08-01
28477,2023-08-01 14:29:00,20000.0,19758.35,7759950,503650,4.7,242.35,220000,13300,0.0,-1.0,0.0,0.0,10.436524,13.296838,2023-08-01
25851,2023-08-01 14:30:00,19500.0,19757.45,769550,6676250,268.75,7.25,14450,180800,1.0,0.0,0.0,0.0,7.87179,13.160864,2023-08-01
20598,2023-08-01 14:30:00,19550.0,19757.45,321450,3614000,221.4,10.45,10600,124700,1.0,0.0,0.0,0.0,9.19204,12.46809,2023-08-01
15343,2023-08-01 14:30:00,19600.0,19757.45,2502050,10373000,177.35,15.95,62400,241900,1.0,0.0,0.0,0.0,9.901613,11.973106,2023-08-01
10086,2023-08-01 14:30:00,19650.0,19757.45,2015350,5399150,135.7,24.3,72600,218950,1.0,-4e-06,3e-08,8.5e-07,9.923382,11.511998,2023-08-01
4827,2023-08-01 14:30:00,19700.0,19757.45,8502850,11575700,98.9,37.2,306200,271750,0.997067,-0.007275,0.0004281,0.00085383,9.922581,11.189494,2023-08-01
2196,2023-08-01 14:30:00,19750.0,19757.45,8695250,5703500,68.15,56.25,387750,260000,0.64191,-0.371993,0.01784294,0.01622779,9.91769,11.044876,2023-08-01
7457,2023-08-01 14:30:00,19800.0,19757.45,16003650,5413900,44.8,82.85,507600,327200,0.022781,-0.963745,0.00255214,0.00337325,10.036438,11.173168,2023-08-01
12715,2023-08-01 14:30:00,19850.0,19757.45,6543600,1040000,27.45,115.65,325400,56550,7e-06,-0.999938,1.56e-06,1.05e-05,10.075718,11.379564,2023-08-01
17971,2023-08-01 14:30:00,19900.0,19757.45,8300600,933100,15.9,154.1,221850,41450,0.0,-1.0,0.0,0.0,10.158501,11.750588,2023-08-01
23225,2023-08-01 14:30:00,19950.0,19757.45,4853500,234400,8.5,197.05,148200,7850,0.0,-1.0,0.0,0.0,10.189838,12.370035,2023-08-01
28478,2023-08-01 14:30:00,20000.0,19757.45,7718200,504500,4.8,243.25,90350,11300,0.0,-1.0,0.0,0.0,10.520755,13.334763,2023-08-01
25852,2023-08-01 14:31:00,19500.0,19757.0,769550,6676250,268.0,7.3,12300,209200,1.0,0.0,0.0,0.0,6.722218,13.16886,2023-08-01
20599,2023-08-01 14:31:00,19550.0,19757.0,321450,3614000,221.3,10.55,14300,154550,1.0,0.0,0.0,0.0,9.394654,12.486593,2023-08-01
15344,2023-08-01 14:31:00,19600.0,19757.0,2502050,10373000,176.55,16.05,63150,257550,1.0,0.0,0.0,0.0,9.768851,11.98143,2023-08-01
10087,2023-08-01 14:31:00,19650.0,19757.0,2015350,5399150,135.7,24.6,84600,222600,1.0,-4e-06,4e-08,8.5e-07,10.009499,11.55519,2023-08-01
4828,2023-08-01 14:31:00,19700.0,19757.0,8502850,11575700,98.55,37.6,359750,349100,0.997095,-0.007459,0.00042826,0.00087653,9.916487,11.237002,2023-08-01
2197,2023-08-01 14:31:00,19750.0,19757.0,8695250,5703500,68.15,56.8,485000,355650,0.634311,-0.379017,0.01804246,0.01637166,9.962144,11.105518,2023-08-01
7458,2023-08-01 14:31:00,19800.0,19757.0,16003650,5413900,44.6,83.35,560550,330100,0.02078,-0.965875,0.00238152,0.00322442,10.036264,11.216404,2023-08-01
12716,2023-08-01 14:31:00,19850.0,19757.0,6543600,1040000,27.25,116.1,291450,70150,5e-06,-0.999948,1.19e-06,8.99e-06,10.064258,11.408047,2023-08-01
17972,2023-08-01 14:31:00,19900.0,19757.0,8300600,933100,15.7,154.6,250350,42600,0.0,-1.0,0.0,0.0,10.132199,11.786087,2023-08-01
23226,2023-08-01 14:31:00,19950.0,19757.0,4853500,234400,8.4,197.55,206100,6750,0.0,-1.0,0.0,0.0,10.175021,12.405167,2023-08-01
28479,2023-08-01 14:31:00,20000.0,19757.0,7718200,504500,4.75,244.35,145350,11350,0.0,-1.0,0.0,0.0,10.513262,13.568883,2023-08-01
25853,2023-08-01 14:32:00,19500.0,19757.05,769550,6676250,268.0,7.3,7000,140900,1.0,0.0,0.0,0.0,6.330173,13.172796,2023-08-01
20600,2023-08-01 14:32:00,19550.0,19757.05,321450,3614000,221.7,10.55,3050,76850,1.0,0.0,0.0,0.0,9.602229,12.490579,2023-08-01
15345,2023-08-01 14:32:00,19600.0,19757.05,2502050,10373000,177.55,16.1,31050,160300,1.0,0.0,0.0,0.0,10.0874,11.99898,2023-08-01
10088,2023-08-01 14:32:00,19650.0,19757.05,2015350,5399150,136.0,24.45,65350,190450,1.0,-3e-06,3e-08,6.8e-07,10.072865,11.527096,2023-08-01
4829,2023-08-01 14:32:00,19700.0,19757.05,8502850,11575700,98.5,37.45,216350,198900,0.99735,-0.006903,0.00039817,0.00082727,9.902736,11.214067,2023-08-01
2198,2023-08-01 14:32:00,19750.0,19757.05,8695250,5703500,68.1,56.4,328950,198550,0.636427,-0.376557,0.01818233,0.0165727,9.95093,11.04267,2023-08-01
7459,2023-08-01 14:32:00,19800.0,19757.05,16003650,5413900,44.75,82.95,478350,187350,0.020274,-0.967648,0.00234653,0.0031298,10.060657,11.153803,2023-08-01
12717,2023-08-01 14:32:00,19850.0,19757.05,6543600,1040000,27.3,115.8,202000,25100,5e-06,-0.999957,1.05e-06,7.55e-06,10.073151,11.35885,2023-08-01
17973,2023-08-01 14:32:00,19900.0,19757.05,8300600,933100,15.75,154.2,202900,21550,0.0,-1.0,0.0,0.0,10.144153,11.706028,2023-08-01
23227,2023-08-01 14:32:00,19950.0,19757.05,4853500,234400,8.45,197.2,132750,2750,0.0,-1.0,0.0,0.0,10.192313,12.321356,2023-08-01
28480,2023-08-01 14:32:00,20000.0,19757.05,7718200,504500,4.7,244.1,95400,5050,0.0,-1.0,0.0,0.0,10.487992,13.502489,2023-08-01
25854,2023-08-01 14:33:00,19500.0,19755.6,762100,6659500,266.2,7.4,3500,91550,,0.0,,0.0,0.0,13.166138,2023-08-01
20601,2023-08-01 14:33:00,19550.0,19755.6,318900,3613300,219.7,10.75,3500,78450,1.0,0.0,0.0,0.0,9.234696,12.502804,2023-08-01
15346,2023-08-01 14:33:00,19600.0,19755.6,2503800,10395750,175.1,16.45,36950,121700,1.0,0.0,0.0,0.0,9.700565,12.028182,2023-08-01
10089,2023-08-01 14:33:00,19650.0,19755.6,2031950,5403950,133.85,25.05,38650,137800,1.0,-4e-06,2e-08,8.3e-07,9.839499,11.58204,2023-08-01
4830,2023-08-01 14:33:00,19700.0,19755.6,8444750,11546800,97.2,38.3,159600,227950,0.997085,-0.008056,0.00044028,0.00095057,9.845339,11.28143,2023-08-01
2199,2023-08-01 14:33:00,19750.0,19755.6,8638950,5702400,66.8,57.65,283700,185150,0.611558,-0.400903,0.01888634,0.01686577,9.866721,11.144765,2023-08-01
7460,2023-08-01 14:33:00,19800.0,19755.6,15962400,5488200,43.7,84.55,356750,145550,0.015679,-0.971539,0.00191569,0.00280559,9.984589,11.287486,2023-08-01
12718,2023-08-01 14:33:00,19850.0,19755.6,6552950,1052700,26.7,117.5,183850,29850,3e-06,-0.999965,6.1e-07,6.2e-06,10.039843,11.494926,2023-08-01
17974,2023-08-01 14:33:00,19900.0,19755.6,8304350,930050,15.4,155.95,163450,19200,0.0,-1.0,0.0,0.0,10.127372,11.848746,2023-08-01
23228,2023-08-01 14:33:00,19950.0,19755.6,4880600,231150,8.25,198.95,153000,1050,0.0,-1.0,0.0,0.0,10.182219,12.470302,2023-08-01
28481,2023-08-01 14:33:00,20000.0,19755.6,7713750,508850,4.65,245.95,134750,2850,0.0,-1.0,0.0,0.0,10.515248,13.694339,2023-08-01
25855,2023-08-01 14:34:00,19500.0,19755.45,762100,6659500,267.3,7.4,5500,143800,1.0,0.0,0.0,0.0,8.854247,13.162724,2023-08-01
20602,2023-08-01 14:34:00,19550.0,19755.45,318900,3613300,220.7,10.75,4050,91500,1.0,0.0,0.0,0.0,9.878118,12.498712,2023-08-01
15347,2023-08-01 14:34:00,19600.0,19755.45,2503800,10395750,176.55,16.35,43650,195100,1.0,0.0,0.0,0.0,10.21772,11.996625,2023-08-01
10090,2023-08-01 14:34:00,19650.0,19755.45,2031950,5403950,134.85,24.95,58100,153200,1.0,-3e-06,4e-08,6.9e-07,10.102711,11.554371,2023-08-01
4831,2023-08-01 14:34:00,19700.0,19755.45,8444750,11546800,97.85,38.25,222000,282100,0.996873,-0.007659,0.00046639,0.00091871,9.989234,11.264424,2023-08-01
2200,2023-08-01 14:34:00,19750.0,19755.45,8638950,5702400,67.25,57.45,238700,331650,0.60862,-0.402261,0.01891697,0.01709864,9.95968,11.100493,2023-08-01
7461,2023-08-01 14:34:00,19800.0,19755.45,15962400,5488200,44.05,84.0,449650,253050,0.015264,-0.974186,0.0018749,0.00263452,10.058214,11.178817,2023-08-01
12719,2023-08-01 14:34:00,19850.0,19755.45,6552950,1052700,27.0,116.2,170350,61700,2e-06,-0.999981,5.7e-07,3.67e-06,10.109791,11.22753,2023-08-01
17975,2023-08-01 14:34:00,19900.0,19755.45,8304350,930050,15.55,155.65,188100,33250,0.0,-1.0,0.0,0.0,10.17397,11.755868,2023-08-01
23229,2023-08-01 14:34:00,19950.0,19755.45,4880600,231150,8.35,199.1,138000,3650,0.0,-1.0,0.0,0.0,10.225287,12.478256,2023-08-01
28482,2023-08-01 14:34:00,20000.0,19755.45,7713750,508850,4.75,244.3,107700,9900,0.0,-1.0,0.0,0.0,10.573628,13.097434,2023-08-01
25856,2023-08-01 14:35:00,19500.0,19752.65,762100,6659500,265.75,7.55,6950,230050,1.0,0.0,0.0,0.0,10.091042,13.127505,2023-08-01
20603,2023-08-01 14:35:00,19550.0,19752.65,318900,3613300,220.05,10.85,3800,118750,1.0,0.0,0.0,0.0,10.782793,12.421226,2023-08-01
15348,2023-08-01 14:35:00,19600.0,19752.65,2503800,10395750,175.1,16.6,56600,119650,1.0,0.0,0.0,0.0,10.515198,11.936439,2023-08-01
10091,2023-08-01 14:35:00,19650.0,19752.65,2031950,5403950,133.95,25.2,43150,126150,1.0,-4e-06,1.1e-07,8.6e-07,10.396417,11.461309,2023-08-01
4832,2023-08-01 14:35:00,19700.0,19752.65,8444750,11546800,97.4,38.55,181000,281350,0.994635,-0.009419,0.00074301,0.0011237,10.258125,11.14354,2023-08-01
2201,2023-08-01 14:35:00,19750.0,19752.65,8638950,5702400,66.9,57.95,258150,320500,0.554162,-0.449764,0.01925808,0.01786622,10.161073,10.966942,2023-08-01
7462,2023-08-01 14:35:00,19800.0,19752.65,15962400,5488200,43.65,84.55,304500,241250,0.010993,-0.983137,0.00140619,0.00188563,10.190237,10.992605,2023-08-01
12720,2023-08-01 14:35:00,19850.0,19752.65,6552950,1052700,26.8,117.55,173250,41550,1e-06,-0.999992,3.2e-07,1.58e-06,10.232012,11.113844,2023-08-01
17976,2023-08-01 14:35:00,19900.0,19752.65,8304350,930050,15.45,156.0,177400,34850,0.0,-1.0,0.0,0.0,10.282946,11.331263,2023-08-01
23230,2023-08-01 14:35:00,19950.0,19752.65,4880600,231150,8.3,199.4,129200,6300,0.0,-1.0,0.0,0.0,10.321452,11.889647,2023-08-01
28483,2023-08-01 14:35:00,20000.0,19752.65,7713750,508850,4.75,246.0,125450,6250,0.0,-1.0,0.0,0.0,10.674085,12.819161,2023-08-01
25857,2023-08-01 14:36:00,19500.0,19758.4,761800,6666950,269.8,7.3,10750,140000,1.0,0.0,0.0,0.0,8.186359,13.230717,2023-08-01
20604,2023-08-01 14:36:00,19550.0,19758.4,318850,3621200,223.8,10.45,7600,99750,1.0,0.0,0.0,0.0,10.066005,12.518106,2023-08-01
15349,2023-08-01 14:36:00,19600.0,19758.4,2504550,10414550,179.05,16.05,77700,197700,1.0,0.0,0.0,0.0,10.202914,12.054333,2023-08-01
10092,2023-08-01 14:36:00,19650.0,19758.4,2019400,5401300,137.4,24.2,70300,189900,1.0,-1e-06,1e-08,2.7e-07,10.161031,11.550546,2023-08-01
4833,2023-08-01 14:36:00,19700.0,19758.4,8392000,11534200,100.15,37.1,331500,410900,0.998215,-0.004588,0.00028415,0.00059514,10.049988,11.240333,2023-08-01
2202,2023-08-01 14:36:00,19750.0,19758.4,8518150,5782500,69.1,55.95,442200,343500,0.665179,-0.349978,0.01818838,0.01670253,10.002731,11.076565,2023-08-01
7463,2023-08-01 14:36:00,19800.0,19758.4,15855650,5549250,45.2,82.15,436000,296300,0.019768,-0.968147,0.00238296,0.00320153,10.048709,11.155443,2023-08-01
12721,2023-08-01 14:36:00,19850.0,19758.4,6646050,1050100,27.65,114.6,265350,78050,3e-06,-0.999972,7.1e-07,5.26e-06,10.071594,11.311997,2023-08-01
17977,2023-08-01 14:36:00,19900.0,19758.4,8317050,925300,15.9,152.8,183050,43750,0.0,-1.0,0.0,0.0,10.124639,11.631413,2023-08-01
23231,2023-08-01 14:36:00,19950.0,19758.4,4872150,228050,8.55,196.3,374200,16700,0.0,-1.0,0.0,0.0,10.180207,12.389715,2023-08-01
28484,2023-08-01 14:36:00,20000.0,19758.4,7657200,507800,4.85,242.15,127800,7150,0.0,-1.0,0.0,0.0,10.523843,13.252706,2023-08-01
25858,2023-08-01 14:37:00,19500.0,19757.45,761800,6666950,268.55,7.4,12400,238750,1.0,0.0,0.0,0.0,7.346587,13.242598,2023-08-01
20605,2023-08-01 14:37:00,19550.0,19757.45,318850,3621200,221.6,10.6,9200,127450,1.0,0.0,0.0,0.0,9.341965,12.533865,2023-08-01
15350,2023-08-01 14:37:00,19600.0,19757.45,2504550,10414550,177.45,16.3,34950,121750,1.0,0.0,0.0,0.0,9.95417,12.080123,2023-08-01
10093,2023-08-01 14:37:00,19650.0,19757.45,2019400,5401300,135.55,24.55,37700,120000,1.0,-1e-06,1e-08,2.8e-07,9.904599,11.578623,2023-08-01
4834,2023-08-01 14:37:00,19700.0,19757.45,8392000,11534200,99.0,37.75,208250,216850,0.998253,-0.005044,0.00028395,0.00065008,9.956766,11.303079,2023-08-01
2203,2023-08-01 14:37:00,19750.0,19757.45,8518150,5782500,68.2,56.9,319950,281200,0.649886,-0.365859,0.01878963,0.01698447,9.940552,11.167146,2023-08-01
7464,2023-08-01 14:37:00,19800.0,19757.45,15855650,5549250,44.6,82.95,373400,178050,0.016473,-0.971732,0.00206602,0.00291514,10.015587,11.201146,2023-08-01
12722,2023-08-01 14:37:00,19850.0,19757.45,6646050,1050100,27.25,115.85,220950,39300,2e-06,-0.999976,4.5e-07,4.5e-06,10.049878,11.427766,2023-08-01
17978,2023-08-01 14:37:00,19900.0,19757.45,8317050,925300,15.75,154.25,197800,28200,0.0,-1.0,0.0,0.0,10.134655,11.793709,2023-08-01
23232,2023-08-01 14:37:00,19950.0,19757.45,4872150,228050,8.45,197.8,182150,4450,0.0,-1.0,0.0,0.0,10.185673,12.583678,2023-08-01
28485,2023-08-01 14:37:00,20000.0,19757.45,7657200,507800,4.8,243.1,146400,5300,0.0,-1.0,0.0,0.0,10.534228,13.292608,2023-08-01
25859,2023-08-01 14:38:00,19500.0,19757.9,761800,6666950,270.25,7.2,3700,90350,1.0,0.0,0.0,0.0,9.558131,13.171685,2023-08-01
20606,2023-08-01 14:38:00,19550.0,19757.9,318850,3621200,224.3,10.3,4050,104200,1.0,0.0,0.0,0.0,10.542601,12.44964,2023-08-01
15351,2023-08-01 14:38:00,19600.0,19757.9,2504550,10414550,179.1,15.85,26350,138850,1.0,0.0,0.0,0.0,10.36305,11.981481,2023-08-01
10094,2023-08-01 14:38:00,19650.0,19757.9,2019400,5401300,137.55,24.05,33350,125500,1.0,-1e-06,1e-08,1.8e-07,10.292501,11.495231,2023-08-01
4835,2023-08-01 14:38:00,19700.0,19757.9,8392000,11534200,100.55,36.9,165400,177000,0.998146,-0.004055,0.00029544,0.00054624,10.194569,11.175322,2023-08-01
2204,2023-08-01 14:38:00,19750.0,19757.9,8518150,5782500,69.5,55.5,268700,172300,0.656973,-0.354471,0.01848694,0.01727482,10.122766,10.964122,2023-08-01
7465,2023-08-01 14:38:00,19800.0,19757.9,15855650,5549250,45.5,81.65,290500,145800,0.017688,-0.973546,0.00218907,0.00282972,10.141076,11.022627,2023-08-01
12723,2023-08-01 14:38:00,19850.0,19757.9,6646050,1050100,27.85,113.9,108450,23100,2e-06,-0.999987,5e-07,2.68e-06,10.143705,11.115849,2023-08-01
17979,2023-08-01 14:38:00,19900.0,19757.9,8317050,925300,16.1,152.1,140250,20900,0.0,-1.0,0.0,0.0,10.201726,11.386666,2023-08-01
23233,2023-08-01 14:38:00,19950.0,19757.9,4872150,228050,8.65,195.5,112050,2900,0.0,-1.0,0.0,0.0,10.23864,12.052993,2023-08-01
28486,2023-08-01 14:38:00,20000.0,19757.9,7657200,507800,4.9,241.5,106300,4500,0.0,-1.0,0.0,0.0,10.57041,12.881233,2023-08-01
25860,2023-08-01 14:39:00,19500.0,19759.85,759750,6692750,272.5,7.1,13950,261000,1.0,0.0,0.0,0.0,9.927131,13.199731,2023-08-01
20607,2023-08-01 14:39:00,19550.0,19759.85,319700,3583350,225.75,10.15,14050,125200,1.0,0.0,0.0,0.0,10.378104,12.476931,2023-08-01
15352,2023-08-01 14:39:00,19600.0,19759.85,2506450,10486800,180.8,15.5,92850,203300,1.0,0.0,0.0,0.0,10.367955,11.97632,2023-08-01
10095,2023-08-01 14:39:00,19650.0,19759.85,2014800,5391850,138.8,23.6,96000,166750,1.0,0.0,0.0,9e-08,10.228252,11.500086,2023-08-01
4836,2023-08-01 14:39:00,19700.0,19759.85,8357300,11582750,101.25,36.1,407300,451100,0.998907,-0.002809,0.00018629,0.00039742,10.077401,11.149276,2023-08-01
2205,2023-08-01 14:39:00,19750.0,19759.85,8518700,5895250,70.3,54.6,563250,451250,0.694747,-0.319782,0.01787179,0.01676171,10.076579,10.961659,2023-08-01
7466,2023-08-01 14:39:00,19800.0,19759.85,15732550,5627350,46.15,80.5,672100,352450,0.021105,-0.968877,0.00257518,0.00327193,10.113208,11.018063,2023-08-01
12724,2023-08-01 14:39:00,19850.0,19759.85,6631300,1069400,28.2,112.55,253550,80300,2e-06,-0.999984,5.9e-07,3.32e-06,10.100571,11.114691,2023-08-01
17980,2023-08-01 14:39:00,19900.0,19759.85,8341950,929300,16.35,150.5,215300,60650,0.0,-1.0,0.0,0.0,10.171499,11.369317,2023-08-01
23234,2023-08-01 14:39:00,19950.0,19759.85,4765150,225450,8.8,193.4,128800,8500,0.0,-1.0,0.0,0.0,10.212939,11.925502,2023-08-01
28487,2023-08-01 14:39:00,20000.0,19759.85,7675100,508450,4.9,240.0,163150,9000,0.0,-1.0,0.0,0.0,10.503164,12.959742,2023-08-01
25861,2023-08-01 14:40:00,19500.0,19758.7,759750,6692750,270.0,7.15,10750,475350,1.0,0.0,0.0,0.0,8.00764,13.182566,2023-08-01
20608,2023-08-01 14:40:00,19550.0,19758.7,319700,3583350,223.4,10.35,4100,125800,1.0,0.0,0.0,0.0,9.715637,12.503185,2023-08-01
15353,2023-08-01 14:40:00,19600.0,19758.7,2506450,10486800,179.05,15.95,69850,201950,1.0,0.0,0.0,0.0,10.129068,12.048503,2023-08-01
10096,2023-08-01 14:40:00,19650.0,19758.7,2014800,5391850,136.9,24.3,67600,129050,1.0,-1e-06,0.0,1.2e-07,9.996872,11.59514,2023-08-01
4837,2023-08-01 14:40:00,19700.0,19758.7,8357300,11582750,100.0,37.1,301850,291900,0.998897,-0.003315,0.00019138,0.00046124,9.991312,11.265789,2023-08-01
2206,2023-08-01 14:40:00,19750.0,19758.7,8518700,5895250,69.0,56.0,397800,237350,0.677283,-0.339935,0.01869308,0.01711087,9.965305,11.114671,2023-08-01
7467,2023-08-01 14:40:00,19800.0,19758.7,15732550,5627350,45.25,82.3,502800,194650,0.016773,-0.97148,0.00215403,0.00301916,10.043464,11.217064,2023-08-01
12725,2023-08-01 14:40:00,19850.0,19758.7,6631300,1069400,27.7,114.65,179200,46000,1e-06,-0.999984,3.5e-07,3.26e-06,10.071725,11.366214,2023-08-01
17981,2023-08-01 14:40:00,19900.0,19758.7,8341950,929300,15.95,153.2,171650,38500,0.0,-1.0,0.0,0.0,10.130283,11.778698,2023-08-01
23235,2023-08-01 14:40:00,19950.0,19758.7,4765150,225450,8.6,195.6,89800,10400,0.0,-1.0,0.0,0.0,10.192903,12.271141,2023-08-01
28488,2023-08-01 14:40:00,20000.0,19758.7,7675100,508450,4.8,242.0,98250,10300,0.0,-1.0,0.0,0.0,10.495822,13.29518,2023-08-01
25862,2023-08-01 14:41:00,19500.0,19761.95,759750,6692750,272.65,6.85,9300,160950,,0.0,,0.0,0.0,13.165232,2023-08-01
20609,2023-08-01 14:41:00,19550.0,19761.95,319700,3583350,226.05,10.05,4800,100450,1.0,0.0,0.0,0.0,9.47696,12.529187,2023-08-01
15354,2023-08-01 14:41:00,19600.0,19761.95,2506450,10486800,181.3,15.3,32750,160600,1.0,0.0,0.0,0.0,9.929199,12.019532,2023-08-01
10097,2023-08-01 14:41:00,19650.0,19761.95,2014800,5391850,139.25,23.35,45150,96600,1.0,0.0,0.0,4e-08,9.94166,11.557293,2023-08-01
4838,2023-08-01 14:41:00,19700.0,19761.95,8357300,11582750,102.1,35.7,252950,242750,0.999463,-0.001815,9.992e-05,0.00027157,9.967746,11.207358,2023-08-01
2207,2023-08-01 14:41:00,19750.0,19761.95,8518700,5895250,70.6,54.1,339850,225900,0.738231,-0.283017,0.01718502,0.01606936,9.929965,11.039254,2023-08-01
7468,2023-08-01 14:41:00,19800.0,19761.95,15732550,5627350,46.4,79.8,454350,213400,0.02357,-0.963139,0.0029146,0.00380589,10.005589,11.105502,2023-08-01
12726,2023-08-01 14:41:00,19850.0,19761.95,6631300,1069400,28.5,112.0,161350,43050,2e-06,-0.999977,5.8e-07,4.58e-06,10.039687,11.283833,2023-08-01
17982,2023-08-01 14:41:00,19900.0,19761.95,8341950,929300,16.4,149.9,161050,30050,0.0,-1.0,0.0,0.0,10.086303,11.602006,2023-08-01
23236,2023-08-01 14:41:00,19950.0,19761.95,4765150,225450,8.8,192.55,107050,9450,0.0,-1.0,0.0,0.0,10.131408,12.181427,2023-08-01
28489,2023-08-01 14:41:00,20000.0,19761.95,7675100,508450,4.9,238.9,88400,4700,0.0,-1.0,0.0,0.0,10.432397,13.212788,2023-08-01
25863,2023-08-01 14:42:00,19500.0,19759.4,755550,6717550,271.15,7.1,7700,283150,1.0,0.0,0.0,0.0,8.874009,13.189651,2023-08-01
20610,2023-08-01 14:42:00,19550.0,19759.4,317100,3607200,224.0,10.35,6500,134050,1.0,0.0,0.0,0.0,9.690445,12.535245,2023-08-01
15355,2023-08-01 14:42:00,19600.0,19759.4,2498450,10448050,179.85,15.8,42000,170250,1.0,0.0,0.0,0.0,10.196229,12.043351,2023-08-01
10098,2023-08-01 14:42:00,19650.0,19759.4,2009600,5358650,138.1,23.95,55250,109250,1.0,0.0,0.0,6e-08,10.154458,11.55879,2023-08-01
4839,2023-08-01 14:42:00,19700.0,19759.4,8322000,11525850,100.6,36.7,217450,359850,0.99919,-0.002474,0.00014669,0.00036246,10.018795,11.238318,2023-08-01
2208,2023-08-01 14:42:00,19750.0,19759.4,8487950,5849400,69.85,55.7,373600,340700,0.692289,-0.324905,0.01853916,0.01714385,10.048565,11.120414,2023-08-01
7469,2023-08-01 14:42:00,19800.0,19759.4,15724150,5611250,45.8,81.55,377450,223150,0.016898,-0.972525,0.00220185,0.00300233,10.091604,11.159577,2023-08-01
12727,2023-08-01 14:42:00,19850.0,19759.4,6649550,1084650,28.1,113.65,158950,57450,1e-06,-0.999989,2.9e-07,2.31e-06,10.113152,11.269759,2023-08-01
17983,2023-08-01 14:42:00,19900.0,19759.4,8354600,930850,16.2,152.0,177400,31400,0.0,-1.0,0.0,0.0,10.162122,11.633398,2023-08-01
23237,2023-08-01 14:42:00,19950.0,19759.4,4785600,226350,8.7,195.1,98250,5800,0.0,-1.0,0.0,0.0,10.202726,12.297312,2023-08-01
28490,2023-08-01 14:42:00,20000.0,19759.4,7711900,511600,4.9,241.0,105000,3200,0.0,-1.0,0.0,0.0,10.524923,13.168277,2023-08-01
25864,2023-08-01 14:43:00,19500.0,19759.2,755550,6717550,271.25,7.15,7500,114500,1.0,0.0,0.0,0.0,9.279541,13.207187,2023-08-01
20611,2023-08-01 14:43:00,19550.0,19759.2,317100,3607200,225.2,10.4,1500,61500,1.0,0.0,0.0,0.0,10.417196,12.546708,2023-08-01
15356,2023-08-01 14:43:00,19600.0,19759.2,2498450,10448050,180.45,15.8,36200,145450,1.0,0.0,0.0,0.0,10.447329,12.036189,2023-08-01
10099,2023-08-01 14:43:00,19650.0,19759.2,2009600,5358650,138.3,24.1,27300,107900,1.0,0.0,0.0,5e-08,10.241079,11.582961,2023-08-01
4840,2023-08-01 14:43:00,19700.0,19759.2,8322000,11525850,101.1,36.65,139950,211650,0.999144,-0.002288,0.00015404,0.00034181,10.142284,11.218236,2023-08-01
2209,2023-08-01 14:43:00,19750.0,19759.2,8487950,5849400,70.45,55.45,293050,231050,0.688222,-0.325862,0.01861317,0.01743511,10.172717,11.063782,2023-08-01
7470,2023-08-01 14:43:00,19800.0,19759.2,15724150,5611250,46.2,81.35,346000,130900,0.016279,-0.974918,0.00213701,0.00282494,10.17755,11.106894,2023-08-01
12728,2023-08-01 14:43:00,19850.0,19759.2,6649550,1084650,28.4,113.4,202200,31550,1e-06,-0.999992,2.6e-07,1.65e-06,10.185384,11.197607,2023-08-01
17984,2023-08-01 14:43:00,19900.0,19759.2,8354600,930850,16.35,151.8,206900,16650,0.0,-1.0,0.0,0.0,10.21044,11.55475,2023-08-01
23238,2023-08-01 14:43:00,19950.0,19759.2,4785600,226350,8.75,194.5,233850,3750,0.0,-1.0,0.0,0.0,10.229835,12.085491,2023-08-01
28491,2023-08-01 14:43:00,20000.0,19759.2,7711900,511600,4.8,240.75,86050,3450,0.0,-1.0,0.0,0.0,10.483901,13.024599,2023-08-01
25865,2023-08-01 14:44:00,19500.0,19756.6,755550,6717550,269.55,7.15,11300,211550,1.0,0.0,0.0,0.0,10.128112,13.11416,2023-08-01
20612,2023-08-01 14:44:00,19550.0,19756.6,317100,3607200,223.0,10.4,6950,112150,1.0,0.0,0.0,0.0,10.515714,12.444131,2023-08-01
15357,2023-08-01 14:44:00,19600.0,19756.6,2498450,10448050,178.2,15.95,72950,307100,1.0,0.0,0.0,0.0,10.45005,11.960686,2023-08-01
10100,2023-08-01 14:44:00,19650.0,19756.6,2009600,5358650,136.85,24.3,66550,150850,1.0,0.0,0.0,6e-08,10.380372,11.492083,2023-08-01
4841,2023-08-01 14:44:00,19700.0,19756.6,8322000,11525850,99.45,37.2,213450,351000,0.998753,-0.002935,0.00021945,0.00043503,10.166302,11.159576,2023-08-01
2210,2023-08-01 14:44:00,19750.0,19756.6,8487950,5849400,68.85,56.35,323550,340900,0.640047,-0.37059,0.01995543,0.01855651,10.146419,11.01818,2023-08-01
7471,2023-08-01 14:44:00,19800.0,19756.6,15724150,5611250,45.1,82.5,458850,236350,0.010755,-0.982893,0.00151014,0.00207624,10.17795,11.049277,2023-08-01
12729,2023-08-01 14:44:00,19850.0,19756.6,6649550,1084650,27.65,115.05,293600,61450,0.0,-0.999997,1.1e-07,7.5e-07,10.191408,11.173142,2023-08-01
17985,2023-08-01 14:44:00,19900.0,19756.6,8354600,930850,15.8,153.0,318250,55100,0.0,-1.0,0.0,0.0,10.20095,11.367511,2023-08-01
23239,2023-08-01 14:44:00,19950.0,19756.6,4785600,226350,8.45,195.6,161900,5700,0.0,-1.0,0.0,0.0,10.233101,11.771934,2023-08-01
28492,2023-08-01 14:44:00,20000.0,19756.6,7711900,511600,4.6,242.55,316150,9050,0.0,-1.0,0.0,0.0,10.475487,12.851071,2023-08-01
25866,2023-08-01 14:45:00,19500.0,19752.35,748500,6835700,266.05,7.25,10850,105950,1.0,0.0,0.0,0.0,10.592047,13.00506,2023-08-01
20613,2023-08-01 14:45:00,19550.0,19752.35,316850,3604250,219.9,10.55,5250,149900,1.0,0.0,0.0,0.0,10.867535,12.326296,2023-08-01
15358,2023-08-01 14:45:00,19600.0,19752.35,2470300,10298700,175.95,16.2,75200,216800,1.0,0.0,0.0,0.0,10.8671,11.83541,2023-08-01
10101,2023-08-01 14:45:00,19650.0,19752.35,1997250,5351250,134.5,24.9,62300,163450,1.0,0.0,2e-08,1e-07,10.595159,11.398627,2023-08-01
4842,2023-08-01 14:45:00,19700.0,19752.35,8277700,11588450,97.65,38.15,320150,448750,0.997237,-0.004684,0.00044861,0.00067472,10.363747,11.067525,2023-08-01
2211,2023-08-01 14:45:00,19750.0,19752.35,8300050,5834800,67.15,57.5,407900,445450,0.552431,-0.450565,0.02111425,0.01991137,10.25211,10.882003,2023-08-01
7472,2023-08-01 14:45:00,19800.0,19752.35,15792600,5619800,44.0,83.95,540050,375300,0.005794,-0.991574,0.00087652,0.00115499,10.292859,10.872145,2023-08-01
12730,2023-08-01 14:45:00,19850.0,19752.35,6706750,1086500,26.9,117.15,330300,98950,0.0,-0.999999,3e-08,1.6e-07,10.2887,11.008568,2023-08-01
17986,2023-08-01 14:45:00,19900.0,19752.35,8363750,928100,15.3,155.4,396550,53650,0.0,-1.0,0.0,0.0,10.278402,11.144638,2023-08-01
23240,2023-08-01 14:45:00,19950.0,19752.35,4928750,226150,8.05,198.35,423700,15500,0.0,-1.0,0.0,0.0,10.263205,11.505441,2023-08-01
28493,2023-08-01 14:45:00,20000.0,19752.35,7874700,514800,4.4,244.75,166600,10650,0.0,-1.0,0.0,0.0,10.52092,12.251895,2023-08-01
25867,2023-08-01 14:46:00,19500.0,19754.5,748500,6835700,264.7,7.3,9700,154900,,0.0,,0.0,0.0,13.108573,2023-08-01
20614,2023-08-01 14:46:00,19550.0,19754.5,316850,3604250,218.05,10.7,14150,123350,1.0,0.0,0.0,0.0,8.896412,12.466846,2023-08-01
15359,2023-08-01 14:46:00,19600.0,19754.5,2470300,10298700,174.15,16.45,51450,152600,1.0,0.0,0.0,0.0,9.741739,12.00224,2023-08-01
10102,2023-08-01 14:46:00,19650.0,19754.5,1997250,5351250,133.1,25.25,43500,131600,1.0,0.0,0.0,7e-08,9.898004,11.589812,2023-08-01
4843,2023-08-01 14:46:00,19700.0,19754.5,8277700,11588450,96.35,38.65,180050,353050,0.998937,-0.003689,0.00020011,0.0005398,9.853474,11.298112,2023-08-01
2212,2023-08-01 14:46:00,19750.0,19754.5,8300050,5834800,66.1,58.35,314350,320950,0.60206,-0.40973,0.02162126,0.01920907,9.876029,11.198913,2023-08-01
7473,2023-08-01 14:46:00,19800.0,19754.5,15792600,5619800,43.25,85.0,373250,217150,0.0061,-0.986962,0.00095395,0.00164735,10.010529,11.275165,2023-08-01
12731,2023-08-01 14:46:00,19850.0,19754.5,6706750,1086500,26.35,118.45,196150,55600,0.0,-0.999997,2e-08,5.9e-07,10.058181,11.551136,2023-08-01
17987,2023-08-01 14:46:00,19900.0,19754.5,8363750,928100,14.95,156.85,254350,30300,0.0,-1.0,0.0,0.0,10.090211,11.876955,2023-08-01
23241,2023-08-01 14:46:00,19950.0,19754.5,4928750,226150,7.85,199.9,162250,7250,0.0,-1.0,0.0,0.0,10.107561,12.494097,2023-08-01
28494,2023-08-01 14:46:00,20000.0,19754.5,7874700,514800,4.35,247.65,145450,10300,0.0,-1.0,0.0,0.0,10.421284,13.950768,2023-08-01
25868,2023-08-01 14:47:00,19500.0,19754.0,748500,6835700,263.35,7.35,7400,124650,,0.0,,0.0,0.0,13.114504,2023-08-01
20615,2023-08-01 14:47:00,19550.0,19754.0,316850,3604250,218.25,10.7,10200,150250,1.0,0.0,0.0,0.0,9.322423,12.448546,2023-08-01
15360,2023-08-01 14:47:00,19600.0,19754.0,2470300,10298700,173.15,16.45,64650,166300,1.0,0.0,0.0,0.0,9.555361,11.981183,2023-08-01
10103,2023-08-01 14:47:00,19650.0,19754.0,1997250,5351250,132.3,25.25,77700,150900,1.0,0.0,0.0,5e-08,9.805286,11.565004,2023-08-01
4844,2023-08-01 14:47:00,19700.0,19754.0,8277700,11588450,95.6,38.75,284400,607650,0.999041,-0.003593,0.00018551,0.00053378,9.777833,11.286387,2023-08-01
2213,2023-08-01 14:47:00,19750.0,19754.0,8300050,5834800,65.55,58.25,362750,404050,0.592607,-0.4181,0.02210593,0.01961886,9.830419,11.143991,2023-08-01
7474,2023-08-01 14:47:00,19800.0,19754.0,15792600,5619800,42.7,85.2,413950,326700,0.004962,-0.988655,0.00080799,0.00147897,9.952038,11.260971,2023-08-01
12732,2023-08-01 14:47:00,19850.0,19754.0,6706750,1086500,25.9,118.75,211800,131950,0.0,-0.999998,1e-08,4.1e-07,9.998607,11.544077,2023-08-01
17988,2023-08-01 14:47:00,19900.0,19754.0,8363750,928100,14.75,157.4,272200,43300,0.0,-1.0,0.0,0.0,10.064549,11.915059,2023-08-01
23242,2023-08-01 14:47:00,19950.0,19754.0,4928750,226150,7.75,201.0,162250,7800,0.0,-1.0,0.0,0.0,10.092929,12.683816,2023-08-01
28495,2023-08-01 14:47:00,20000.0,19754.0,7874700,514800,4.35,247.0,107900,7450,0.0,-1.0,0.0,0.0,10.440598,13.596113,2023-08-01
25869,2023-08-01 14:48:00,19500.0,19746.75,749350,6842450,258.85,7.55,11800,168350,1.0,0.0,0.0,0.0,9.009233,12.935788,2023-08-01
20616,2023-08-01 14:48:00,19550.0,19746.75,320150,3631800,212.55,11.2,14900,317950,1.0,0.0,0.0,0.0,9.890635,12.322817,2023-08-01
15361,2023-08-01 14:48:00,19600.0,19746.75,2443800,10277700,167.6,17.25,84500,222900,1.0,0.0,0.0,0.0,9.811025,11.856672,2023-08-01
10104,2023-08-01 14:48:00,19650.0,19746.75,2006500,5338050,127.45,26.65,66950,168400,1.0,-1e-06,1e-08,2e-07,9.990469,11.473296,2023-08-01
4845,2023-08-01 14:48:00,19700.0,19746.75,8261150,11479550,91.65,40.8,297950,602750,0.996253,-0.008769,0.00063684,0.00120279,9.942677,11.194051,2023-08-01
2214,2023-08-01 14:48:00,19750.0,19746.75,8259850,5857250,62.25,61.3,398950,409600,0.428891,-0.563725,0.02240877,0.02013692,9.928304,11.083701,2023-08-01
7475,2023-08-01 14:48:00,19800.0,19746.75,15778150,5579400,40.25,88.8,484100,380850,0.001358,-0.99652,0.00025176,0.00053171,10.030711,11.143029,2023-08-01
12733,2023-08-01 14:48:00,19850.0,19746.75,6703550,1107300,24.55,123.0,311700,68150,0.0,-1.0,0.0,4e-08,10.133762,11.387389,2023-08-01
17989,2023-08-01 14:48:00,19900.0,19746.75,8418000,918400,13.9,162.65,314500,64150,0.0,-1.0,0.0,0.0,10.181526,11.815846,2023-08-01
23243,2023-08-01 14:48:00,19950.0,19746.75,5111200,226500,7.25,205.7,213800,13900,0.0,-1.0,0.0,0.0,10.192851,12.277672,2023-08-01
28496,2023-08-01 14:48:00,20000.0,19746.75,7856400,517200,4.15,252.8,120950,10050,0.0,-1.0,0.0,0.0,10.584163,13.390929,2023-08-01
25870,2023-08-01 14:49:00,19500.0,19743.65,749350,6842450,261.2,7.35,20500,279800,1.0,0.0,0.0,0.0,12.453414,12.735742,2023-08-01
20617,2023-08-01 14:49:00,19550.0,19743.65,320150,3631800,215.15,10.8,14050,266250,1.0,0.0,0.0,0.0,12.009832,12.064141,2023-08-01
15362,2023-08-01 14:49:00,19600.0,19743.65,2443800,10277700,170.3,16.8,73100,310400,1.0,0.0,0.0,0.0,11.32633,11.597641,2023-08-01
10105,2023-08-01 14:49:00,19650.0,19743.65,2006500,5338050,129.55,25.75,71000,273100,1.0,-1e-06,1.2e-07,1.6e-07,10.956352,11.117729,2023-08-01
4846,2023-08-01 14:49:00,19700.0,19743.65,8261150,11479550,93.35,39.75,404350,624950,0.991008,-0.009996,0.00131168,0.00141491,10.62166,10.801891,2023-08-01
2215,2023-08-01 14:49:00,19750.0,19743.65,8259850,5857250,63.85,59.65,512850,589050,0.366288,-0.632831,0.02060557,0.02048111,10.476792,10.54886,2023-08-01
7476,2023-08-01 14:49:00,19800.0,19743.65,15778150,5579400,41.15,86.95,750000,467250,0.00098,-0.998939,0.0001822,0.00019449,10.405308,10.48538,2023-08-01
12734,2023-08-01 14:49:00,19850.0,19743.65,6703550,1107300,24.95,120.75,401750,127050,0.0,-1.0,0.0,0.0,10.389722,10.488175,2023-08-01
17990,2023-08-01 14:49:00,19900.0,19743.65,8418000,918400,14.2,160.1,459150,96000,0.0,-1.0,0.0,0.0,10.405463,10.565186,2023-08-01
23244,2023-08-01 14:49:00,19950.0,19743.65,5111200,226500,7.4,203.35,338500,38050,0.0,-1.0,0.0,0.0,10.372614,10.62814,2023-08-01
28497,2023-08-01 14:49:00,20000.0,19743.65,7856400,517200,4.15,250.05,244100,14450,0.0,-1.0,0.0,0.0,10.692742,11.050117,2023-08-01
25871,2023-08-01 14:50:00,19500.0,19746.35,749350,6842450,261.85,7.5,7300,186200,1.0,0.0,0.0,0.0,11.534748,12.903379,2023-08-01
20618,2023-08-01 14:50:00,19550.0,19746.35,320150,3631800,216.0,10.9,22150,164200,1.0,0.0,0.0,0.0,11.472725,12.210253,2023-08-01
15363,2023-08-01 14:50:00,19600.0,19746.35,2443800,10277700,170.85,16.8,89550,325150,1.0,0.0,0.0,0.0,10.869919,11.725245,2023-08-01
10106,2023-08-01 14:50:00,19650.0,19746.35,2006500,5338050,130.25,25.75,48650,177900,1.0,0.0,2e-08,8e-08,10.676738,11.265994,2023-08-01
4847,2023-08-01 14:50:00,19700.0,19746.35,8261150,11479550,94.0,39.6,307450,493250,0.995208,-0.006834,0.00077547,0.0010115,10.426293,10.953373,2023-08-01
2216,2023-08-01 14:50:00,19750.0,19746.35,8259850,5857250,64.35,59.5,395600,472950,0.421012,-0.575918,0.0219941,0.02116479,10.32613,10.747205,2023-08-01
7477,2023-08-01 14:50:00,19800.0,19746.35,15778150,5579400,41.6,86.5,370050,321600,0.001288,-0.998148,0.00023931,0.00032086,10.30136,10.698441,2023-08-01
12735,2023-08-01 14:50:00,19850.0,19746.35,6703550,1107300,25.3,120.5,258500,79250,0.0,-1.0,0.0,0.0,10.313638,10.835491,2023-08-01
17991,2023-08-01 14:50:00,19900.0,19746.35,8418000,918400,14.35,159.6,318750,49600,0.0,-1.0,0.0,0.0,10.322591,11.001002,2023-08-01
23245,2023-08-01 14:50:00,19950.0,19746.35,5111200,226500,7.55,202.95,182200,15850,0.0,-1.0,0.0,0.0,10.325794,11.315958,2023-08-01
28498,2023-08-01 14:50:00,20000.0,19746.35,7856400,517200,4.25,249.15,142200,9350,0.0,-1.0,0.0,0.0,10.657301,11.813336,2023-08-01
25872,2023-08-01 14:51:00,19500.0,19744.55,745250,6841400,259.5,7.6,5850,138400,1.0,0.0,0.0,0.0,11.166127,12.881599,2023-08-01
20619,2023-08-01 14:51:00,19550.0,19744.55,314250,3734850,213.15,11.15,8850,102600,1.0,0.0,0.0,0.0,11.010878,12.221481,2023-08-01
15364,2023-08-01 14:51:00,19600.0,19744.55,2450350,10312700,169.05,17.15,63750,196400,1.0,0.0,0.0,0.0,10.791965,11.733593,2023-08-01
10107,2023-08-01 14:51:00,19650.0,19744.55,1992450,5443250,128.45,26.35,35650,133000,1.0,0.0,2e-08,1e-07,10.583576,11.295834,2023-08-01
4848,2023-08-01 14:51:00,19700.0,19744.55,8296100,11456500,92.55,40.35,267000,392700,0.994362,-0.008283,0.00091202,0.00121137,10.375861,10.972969,2023-08-01
2217,2023-08-01 14:51:00,19750.0,19744.55,8119650,5844600,63.1,60.6,295650,349600,0.379779,-0.61464,0.02179306,0.02084546,10.274196,10.788288,2023-08-01
7478,2023-08-01 14:51:00,19800.0,19744.55,15536700,5506200,40.9,88.2,322000,227050,0.000802,-0.998685,0.00015699,0.00023556,10.303271,10.807275,2023-08-01
12736,2023-08-01 14:51:00,19850.0,19744.55,6651900,1101600,24.8,122.45,167400,60250,0.0,-1.0,0.0,0.0,10.312968,10.969075,2023-08-01
17992,2023-08-01 14:51:00,19900.0,19744.55,8461550,895950,14.1,161.8,280750,66150,0.0,-1.0,0.0,0.0,10.341463,11.187691,2023-08-01
23246,2023-08-01 14:51:00,19950.0,19744.55,5015850,221050,7.45,205.35,169100,6300,0.0,-1.0,0.0,0.0,10.360367,11.586895,2023-08-01
28499,2023-08-01 14:51:00,20000.0,19744.55,7789050,519750,4.2,252.05,122550,5150,0.0,-1.0,0.0,0.0,10.693652,12.351347,2023-08-01
25873,2023-08-01 14:52:00,19500.0,19738.45,745250,6841400,254.6,7.85,24150,223950,1.0,0.0,0.0,0.0,11.607282,12.761072,2023-08-01
20620,2023-08-01 14:52:00,19550.0,19738.45,314250,3734850,208.65,11.55,23900,204900,1.0,0.0,0.0,0.0,11.361299,12.101228,2023-08-01
15365,2023-08-01 14:52:00,19600.0,19738.45,2450350,10312700,164.75,17.9,122650,350200,1.0,0.0,0.0,0.0,11.002179,11.63826,2023-08-01
10108,2023-08-01 14:52:00,19650.0,19738.45,1992450,5443250,124.7,27.5,88200,261250,1.0,-1e-06,1.2e-07,3e-07,10.753858,11.199555,2023-08-01
4849,2023-08-01 14:52:00,19700.0,19738.45,8296100,11456500,89.1,42.15,476300,863100,0.98609,-0.017356,0.00202314,0.00234836,10.455305,10.891788,2023-08-01
2218,2023-08-01 14:52:00,19750.0,19738.45,8119650,5844600,60.5,63.1,618750,716750,0.255126,-0.738044,0.01847659,0.01813117,10.361323,10.704183,2023-08-01
7479,2023-08-01 14:52:00,19800.0,19738.45,15536700,5506200,39.0,91.6,695150,533850,0.000213,-0.999667,4.616e-05,6.758e-05,10.378927,10.744917,2023-08-01
12737,2023-08-01 14:52:00,19850.0,19738.45,6651900,1101600,23.6,126.6,304000,160450,0.0,-1.0,0.0,0.0,10.399089,10.913844,2023-08-01
17993,2023-08-01 14:52:00,19900.0,19738.45,8461550,895950,13.4,166.05,407300,112550,0.0,-1.0,0.0,0.0,10.432857,11.005444,2023-08-01
23247,2023-08-01 14:52:00,19950.0,19738.45,5015850,221050,7.05,210.25,276800,15600,0.0,-1.0,0.0,0.0,10.44418,11.440278,2023-08-01
28500,2023-08-01 14:52:00,20000.0,19738.45,7789050,519750,4.05,257.2,238500,21950,0.0,-1.0,0.0,0.0,10.820024,12.172672,2023-08-01
25874,2023-08-01 14:53:00,19500.0,19725.9,745250,6841400,247.6,8.35,24900,262400,1.0,0.0,0.0,0.0,13.439118,12.490004,2023-08-01
20621,2023-08-01 14:53:00,19550.0,19725.9,314250,3734850,201.25,12.45,21450,202900,1.0,0.0,0.0,0.0,12.466572,11.855834,2023-08-01
15366,2023-08-01 14:53:00,19600.0,19725.9,2450350,10312700,158.3,19.3,137150,410600,1.0,0.0,0.0,0.0,11.902923,11.377295,2023-08-01
10109,2023-08-01 14:53:00,19650.0,19725.9,1992450,5443250,118.55,29.9,147750,345800,0.999975,-1.4e-05,5.6e-06,3.32e-06,11.335084,10.971449,2023-08-01
4850,2023-08-01 14:53:00,19700.0,19725.9,8296100,11456500,84.25,45.75,781000,1270250,0.924421,-0.070125,0.00785649,0.00762243,10.954249,10.661365,2023-08-01
2219,2023-08-01 14:53:00,19750.0,19725.9,8119650,5844600,56.85,67.85,705950,879100,0.089272,-0.918137,0.00905243,0.00878242,10.777343,10.410773,2023-08-01
7480,2023-08-01 14:53:00,19800.0,19725.9,15536700,5506200,36.15,97.9,1205800,1042350,1.5e-05,-0.999991,3.63e-06,2.42e-06,10.681329,10.428986,2023-08-01
12738,2023-08-01 14:53:00,19850.0,19725.9,6651900,1101600,21.9,133.2,488450,206500,0.0,-1.0,0.0,0.0,10.703644,10.306822,2023-08-01
17994,2023-08-01 14:53:00,19900.0,19725.9,8461550,895950,12.5,173.6,500150,149500,0.0,-1.0,0.0,0.0,10.742081,10.159952,2023-08-01
23248,2023-08-01 14:53:00,19950.0,19725.9,5015850,221050,6.65,217.7,301750,21950,0.0,-1.0,0.0,0.0,10.76295,9.869712,2023-08-01
28501,2023-08-01 14:53:00,20000.0,19725.9,7789050,519750,3.85,264.75,233050,25500,0.0,-1.0,0.0,0.0,11.129816,9.571437,2023-08-01
25875,2023-08-01 14:54:00,19500.0,19726.6,737100,6805300,245.3,8.65,21150,351000,1.0,0.0,0.0,0.0,12.330843,12.637573,2023-08-01
20622,2023-08-01 14:54:00,19550.0,19726.6,302350,3711450,198.9,12.9,35450,419750,1.0,0.0,0.0,0.0,11.57841,12.024686,2023-08-01
15367,2023-08-01 14:54:00,19600.0,19726.6,2431450,10243000,156.2,20.1,169150,662600,1.0,0.0,0.0,0.0,11.275726,11.604425,2023-08-01
10110,2023-08-01 14:54:00,19650.0,19726.6,2002800,5406850,116.75,30.85,146200,501000,0.999992,-1.3e-05,1.94e-06,3.18e-06,10.885016,11.201346,2023-08-01
4851,2023-08-01 14:54:00,19700.0,19726.6,8452000,11429750,82.75,47.05,855250,1738600,0.93837,-0.067317,0.0070184,0.00729626,10.620178,10.940954,2023-08-01
2220,2023-08-01 14:54:00,19750.0,19726.6,8162500,5805050,55.95,69.5,851150,967550,0.088469,-0.907666,0.00929489,0.00942628,10.5693,10.758202,2023-08-01
7481,2023-08-01 14:54:00,19800.0,19726.6,15373400,5232100,35.7,99.5,1136350,914400,1.1e-05,-0.999983,2.8e-06,4.16e-06,10.555665,10.810344,2023-08-01
12739,2023-08-01 14:54:00,19850.0,19726.6,6779750,1052400,21.6,135.45,473950,189650,0.0,-1.0,0.0,0.0,10.603017,10.922217,2023-08-01
17995,2023-08-01 14:54:00,19900.0,19726.6,8600100,897950,12.35,176.45,528650,151300,0.0,-1.0,0.0,0.0,10.669953,11.160727,2023-08-01
23249,2023-08-01 14:54:00,19950.0,19726.6,5015400,214700,6.55,220.65,711650,31850,0.0,-1.0,0.0,0.0,10.696755,11.395424,2023-08-01
28502,2023-08-01 14:54:00,20000.0,19726.6,7784600,509900,3.9,267.3,415750,44400,0.0,-1.0,0.0,0.0,11.138445,11.753653,2023-08-01
25876,2023-08-01 14:55:00,19500.0,19730.85,737100,6805300,248.45,8.3,11100,289050,1.0,0.0,0.0,0.0,12.026279,12.663667,2023-08-01
20623,2023-08-01 14:55:00,19550.0,19730.85,302350,3711450,202.15,12.4,18700,232050,1.0,0.0,0.0,0.0,11.435435,12.055419,2023-08-01
15368,2023-08-01 14:55:00,19600.0,19730.85,2431450,10243000,159.0,19.2,102200,439750,1.0,0.0,0.0,0.0,11.126824,11.598693,2023-08-01
10111,2023-08-01 14:55:00,19650.0,19730.85,2002800,5406850,119.55,29.6,105300,356650,0.999998,-3e-06,4.6e-07,8.9e-07,10.839936,11.200571,2023-08-01
4852,2023-08-01 14:55:00,19700.0,19730.85,8452000,11429750,85.0,45.25,600800,1013750,0.965664,-0.039121,0.00447192,0.00481255,10.567854,10.925599,2023-08-01
2221,2023-08-01 14:55:00,19750.0,19730.85,8162500,5805050,57.35,67.15,586600,677600,0.129071,-0.864767,0.01249612,0.01257603,10.465678,10.739013,2023-08-01
7482,2023-08-01 14:55:00,19800.0,19730.85,15373400,5232100,36.9,96.8,712850,529900,2.3e-05,-0.999962,5.8e-06,9.07e-06,10.504838,10.820153,2023-08-01
12740,2023-08-01 14:55:00,19850.0,19730.85,6779750,1052400,22.3,132.25,297550,113150,0.0,-1.0,0.0,0.0,10.534447,10.922694,2023-08-01
17996,2023-08-01 14:55:00,19900.0,19730.85,8600100,897950,12.75,172.6,402900,81900,0.0,-1.0,0.0,0.0,10.5985,11.078856,2023-08-01
23250,2023-08-01 14:55:00,19950.0,19730.85,5015400,214700,6.7,217.4,268750,11900,0.0,-1.0,0.0,0.0,10.599966,11.592732,2023-08-01
28503,2023-08-01 14:55:00,20000.0,19730.85,7784600,509900,3.95,264.0,161200,20650,0.0,-1.0,0.0,0.0,11.026418,12.081431,2023-08-01
25877,2023-08-01 14:56:00,19500.0,19726.0,737100,6805300,245.55,8.6,11550,256500,1.0,0.0,0.0,0.0,12.654414,12.598803,2023-08-01
20624,2023-08-01 14:56:00,19550.0,19726.0,302350,3711450,199.85,12.95,18150,192750,1.0,0.0,0.0,0.0,12.037125,12.01776,2023-08-01
15369,2023-08-01 14:56:00,19600.0,19726.0,2431450,10243000,156.85,20.15,90500,350450,1.0,0.0,0.0,0.0,11.55142,11.590233,2023-08-01
10112,2023-08-01 14:56:00,19650.0,19726.0,2002800,5406850,117.7,30.9,115800,249900,0.999992,-9e-06,2.12e-06,2.18e-06,11.161644,11.179605,2023-08-01
4853,2023-08-01 14:56:00,19700.0,19726.0,8452000,11429750,83.6,47.15,474950,789950,0.935624,-0.065828,0.00732234,0.00739406,10.836624,10.918899,2023-08-01
2222,2023-08-01 14:56:00,19750.0,19726.0,8162500,5805050,56.55,69.7,523050,477950,0.08003,-0.919647,0.00874303,0.00875614,10.724407,10.740951,2023-08-01
7483,2023-08-01 14:56:00,19800.0,19726.0,15373400,5232100,36.35,99.75,581050,386550,7e-06,-0.999992,1.91e-06,2.14e-06,10.718081,10.787136,2023-08-01
12741,2023-08-01 14:56:00,19850.0,19726.0,6779750,1052400,22.1,135.3,314750,65100,0.0,-1.0,0.0,0.0,10.748457,10.792772,2023-08-01
17997,2023-08-01 14:56:00,19900.0,19726.0,8600100,897950,12.75,175.7,328500,55300,0.0,-1.0,0.0,0.0,10.815554,10.809761,2023-08-01
23251,2023-08-01 14:56:00,19950.0,19726.0,5015400,214700,6.8,220.45,260900,5950,0.0,-1.0,0.0,0.0,10.82726,11.112226,2023-08-01
28504,2023-08-01 14:56:00,20000.0,19726.0,7784600,509900,4.0,266.75,231200,16950,0.0,-1.0,0.0,0.0,11.222688,11.123558,2023-08-01
25878,2023-08-01 14:57:00,19500.0,19732.65,740350,6739550,250.45,8.05,11750,190050,1.0,0.0,0.0,0.0,12.188214,12.634686,2023-08-01
20625,2023-08-01 14:57:00,19550.0,19732.65,291950,3608000,204.2,12.1,8400,170850,1.0,0.0,0.0,0.0,11.598449,12.042118,2023-08-01
15370,2023-08-01 14:57:00,19600.0,19732.65,2465750,10099450,161.0,18.9,37900,318150,1.0,0.0,0.0,0.0,11.268127,11.616679,2023-08-01
10113,2023-08-01 14:57:00,19650.0,19732.65,2011450,5328800,121.1,29.15,68600,192800,0.999999,-1e-06,1.7e-07,3.2e-07,10.895855,11.216616,2023-08-01
4854,2023-08-01 14:57:00,19700.0,19732.65,8824400,11401400,86.4,44.6,438550,723500,0.975737,-0.027665,0.00343169,0.00372021,10.625981,10.939165,2023-08-01
2223,2023-08-01 14:57:00,19750.0,19732.65,8380000,5534750,58.7,66.2,314400,357550,0.147736,-0.848025,0.01399377,0.01401253,10.552067,10.738677,2023-08-01
7484,2023-08-01 14:57:00,19800.0,19732.65,15498400,5188850,37.9,95.45,338000,298050,2.4e-05,-0.999966,6.29e-06,8.51e-06,10.574,10.786722,2023-08-01
12742,2023-08-01 14:57:00,19850.0,19732.65,6849900,1030750,23.05,130.55,227300,53350,0.0,-1.0,0.0,0.0,10.604455,10.849553,2023-08-01
17998,2023-08-01 14:57:00,19900.0,19732.65,8637950,882300,13.15,171.0,236600,52550,0.0,-1.0,0.0,0.0,10.634663,11.052907,2023-08-01
23252,2023-08-01 14:57:00,19950.0,19732.65,5224100,208550,6.95,215.0,258300,7900,0.0,-1.0,0.0,0.0,10.636805,11.306641,2023-08-01
28505,2023-08-01 14:57:00,20000.0,19732.65,7673800,491850,4.05,262.75,92800,10750,0.0,-1.0,0.0,0.0,11.028012,12.275365,2023-08-01
25879,2023-08-01 14:58:00,19500.0,19733.0,740350,6739550,247.4,8.3,11200,284350,1.0,0.0,0.0,0.0,10.474393,12.751943,2023-08-01
20626,2023-08-01 14:58:00,19550.0,19733.0,291950,3608000,202.1,12.4,15150,182250,1.0,0.0,0.0,0.0,10.767668,12.152591,2023-08-01
15371,2023-08-01 14:58:00,19600.0,19733.0,2465750,10099450,158.95,19.45,95600,320300,1.0,0.0,0.0,0.0,10.673685,11.769509,2023-08-01
10114,2023-08-01 14:58:00,19650.0,19733.0,2011450,5328800,119.4,29.9,116450,234800,1.0,-1e-06,4e-08,2.9e-07,10.498544,11.388878,2023-08-01
4855,2023-08-01 14:58:00,19700.0,19733.0,8824400,11401400,85.05,45.65,443050,587950,0.981171,-0.02685,0.00288754,0.00361471,10.349862,11.151142,2023-08-01
2224,2023-08-01 14:58:00,19750.0,19733.0,8380000,5534750,57.7,67.75,511550,489250,0.144364,-0.840224,0.01425887,0.01431128,10.354402,11.03559,2023-08-01
7485,2023-08-01 14:58:00,19800.0,19733.0,15498400,5188850,37.1,97.55,544350,322500,1.5e-05,-0.999946,4.17e-06,1.283e-05,10.407474,11.208487,2023-08-01
12743,2023-08-01 14:58:00,19850.0,19733.0,6849900,1030750,22.6,132.4,305550,94500,0.0,-1.0,0.0,0.0,10.491042,11.294663,2023-08-01
17999,2023-08-01 14:58:00,19900.0,19733.0,8637950,882300,13.0,173.1,280050,72150,0.0,-1.0,0.0,0.0,10.579017,11.680623,2023-08-01
23253,2023-08-01 14:58:00,19950.0,19733.0,5224100,208550,6.95,218.15,272700,6000,0.0,-1.0,0.0,0.0,10.625372,12.477682,2023-08-01
28506,2023-08-01 14:58:00,20000.0,19733.0,7673800,491850,4.0,264.0,199300,11300,0.0,-1.0,0.0,0.0,10.988867,12.959311,2023-08-01
25880,2023-08-01 14:59:00,19500.0,19734.95,740350,6739550,249.3,8.25,9150,155400,1.0,0.0,0.0,0.0,10.513102,12.808086,2023-08-01
20627,2023-08-01 14:59:00,19550.0,19734.95,291950,3608000,203.7,12.25,5150,122850,1.0,0.0,0.0,0.0,10.718119,12.190357,2023-08-01
15372,2023-08-01 14:59:00,19600.0,19734.95,2465750,10099450,160.8,19.15,64300,237250,1.0,0.0,0.0,0.0,10.740506,11.792912,2023-08-01
10115,2023-08-01 14:59:00,19650.0,19734.95,2011450,5328800,120.95,29.5,73750,223100,1.0,0.0,2e-08,1.2e-07,10.52615,11.421417,2023-08-01
4856,2023-08-01 14:59:00,19700.0,19734.95,8824400,11401400,86.35,45.2,259700,404400,0.987187,-0.019469,0.0021042,0.00278681,10.369129,11.208076,2023-08-01
2225,2023-08-01 14:59:00,19750.0,19734.95,8380000,5534750,58.65,67.0,352350,324350,0.170145,-0.813618,0.01613655,0.01597548,10.356153,11.079187,2023-08-01
7486,2023-08-01 14:59:00,19800.0,19734.95,15498400,5188850,37.85,96.5,328900,181700,2e-05,-0.99993,5.44e-06,1.662e-05,10.41786,11.241812,2023-08-01
12744,2023-08-01 14:59:00,19850.0,19734.95,6849900,1030750,23.05,131.35,274100,43950,0.0,-1.0,0.0,0.0,10.485216,11.375152,2023-08-01
18000,2023-08-01 14:59:00,19900.0,19734.95,8637950,882300,13.15,171.65,203150,43100,0.0,-1.0,0.0,0.0,10.535434,11.716994,2023-08-01
23254,2023-08-01 14:59:00,19950.0,19734.95,5224100,208550,7.0,215.75,287150,3150,0.0,-1.0,0.0,0.0,10.572571,12.25332,2023-08-01
28507,2023-08-01 14:59:00,20000.0,19734.95,7673800,491850,4.05,262.25,171500,2450,0.0,-1.0,0.0,0.0,10.953556,12.968189,2023-08-01
25881,2023-08-01 15:00:00,19500.0,19744.25,741750,6755700,260.0,7.35,51100,381200,1.0,0.0,0.0,0.0,11.634992,12.780563,2023-08-01
20628,2023-08-01 15:00:00,19550.0,19744.25,295650,3610200,214.4,10.9,52950,405700,1.0,0.0,0.0,0.0,11.601537,12.143363,2023-08-01
15373,2023-08-01 15:00:00,19600.0,19744.25,2489650,10075900,170.45,16.95,313200,660050,1.0,0.0,0.0,0.0,11.264904,11.684464,2023-08-01
10116,2023-08-01 15:00:00,19650.0,19744.25,2004750,5264150,129.4,26.4,414600,528000,1.0,0.0,0.0,0.0,10.856874,11.305493,2023-08-01
4857,2023-08-01 15:00:00,19700.0,19744.25,8983100,11349700,93.45,40.7,1542400,1228450,0.997515,-0.003488,0.00048849,0.00063703,10.594943,11.031282,2023-08-01
2226,2023-08-01 15:00:00,19750.0,19744.25,8569550,5566000,64.25,60.8,1597950,1199900,0.358836,-0.637455,0.02383166,0.02326202,10.515796,10.811448,2023-08-01
7487,2023-08-01 15:00:00,19800.0,19744.25,15500850,5105400,41.8,88.45,1550950,894550,0.000193,-0.999711,4.675e-05,6.616e-05,10.50218,10.83224,2023-08-01
12745,2023-08-01 15:00:00,19850.0,19744.25,6910900,1003300,25.65,122.2,711600,231950,0.0,-1.0,0.0,0.0,10.522378,10.886796,2023-08-01
18001,2023-08-01 15:00:00,19900.0,19744.25,8651050,851750,14.75,161.3,639800,190950,0.0,-1.0,0.0,0.0,10.544451,11.011551,2023-08-01
23255,2023-08-01 15:00:00,19950.0,19744.25,5337600,208450,7.75,204.75,486450,36400,0.0,-1.0,0.0,0.0,10.50244,11.311341,2023-08-01
28508,2023-08-01 15:00:00,20000.0,19744.25,7720350,488000,4.35,251.2,370700,36500,0.0,-1.0,0.0,0.0,10.804679,11.873352,2023-08-01
25882,2023-08-01 15:01:00,19500.0,19726.2,741750,6755700,234.9,9.15,51200,617250,,0.0,,0.0,0.0,12.830205,2023-08-01
20629,2023-08-01 15:01:00,19550.0,19726.2,295650,3610200,189.4,13.9,65750,531900,1.0,0.0,0.0,0.0,7.789405,12.319294,2023-08-01
15374,2023-08-01 15:01:00,19600.0,19726.2,2489650,10075900,147.3,21.75,386700,1014500,1.0,0.0,0.0,0.0,9.036335,11.985157,2023-08-01
10117,2023-08-01 15:01:00,19650.0,19726.2,2004750,5264150,109.15,33.6,392250,694600,1.0,-4e-06,1e-08,1.17e-06,9.414031,11.728575,2023-08-01
4858,2023-08-01 15:01:00,19700.0,19726.2,8983100,11349700,76.55,51.05,1552850,2246600,0.969464,-0.061262,0.00491858,0.00711063,9.58393,11.624999,2023-08-01
2227,2023-08-01 15:01:00,19750.0,19726.2,8569550,5566000,51.1,75.35,1587150,1472600,0.04904,-0.9161,0.00708527,0.00896533,9.785043,11.734344,2023-08-01
7488,2023-08-01 15:01:00,19800.0,19726.2,15500850,5105400,32.4,106.6,1766600,1300100,0.0,-0.999984,9e-08,3.91e-06,9.981989,12.071049,2023-08-01
12746,2023-08-01 15:01:00,19850.0,19726.2,6910900,1003300,19.4,143.55,885400,384900,0.0,-1.0,0.0,0.0,10.146135,12.575262,2023-08-01
18002,2023-08-01 15:01:00,19900.0,19726.2,8651050,851750,11.05,185.2,896950,258900,0.0,-1.0,0.0,0.0,10.317263,13.323273,2023-08-01
23256,2023-08-01 15:01:00,19950.0,19726.2,5337600,208450,5.95,229.6,594350,43650,0.0,-1.0,0.0,0.0,10.468412,14.169465,2023-08-01
28509,2023-08-01 15:01:00,20000.0,19726.2,7720350,488000,3.55,278.2,564500,44700,0.0,-1.0,0.0,0.0,10.949784,15.87807,2023-08-01
25883,2023-08-01 15:02:00,19500.0,19736.0,741750,6755700,246.8,8.0,40550,587950,1.0,0.0,0.0,0.0,5.283219,12.751443,2023-08-01
20630,2023-08-01 15:02:00,19550.0,19736.0,295650,3610200,201.0,12.15,35200,457300,1.0,0.0,0.0,0.0,9.159244,12.209106,2023-08-01
15375,2023-08-01 15:02:00,19600.0,19736.0,2489650,10075900,158.0,19.2,193400,762900,1.0,0.0,0.0,0.0,9.731474,11.861556,2023-08-01
10118,2023-08-01 15:02:00,19650.0,19736.0,2004750,5264150,118.3,29.7,234850,973350,1.0,0.0,0.0,3e-08,9.809435,11.526704,2023-08-01
4859,2023-08-01 15:02:00,19700.0,19736.0,8983100,11349700,83.9,45.55,1045250,1722100,0.994673,-0.013563,0.00108208,0.00212504,9.818062,11.347745,2023-08-01
2228,2023-08-01 15:02:00,19750.0,19736.0,8569550,5566000,56.6,67.85,1279250,1139350,0.164986,-0.803433,0.0173693,0.01699621,9.924105,11.32001,2023-08-01
7489,2023-08-01 15:02:00,19800.0,19736.0,15500850,5105400,36.35,97.55,1291250,852100,6e-06,-0.999938,1.75e-06,1.527e-05,10.082355,11.552326,2023-08-01
12747,2023-08-01 15:02:00,19850.0,19736.0,6910900,1003300,21.95,133.25,681100,242100,0.0,-1.0,0.0,0.0,10.198928,11.923363,2023-08-01
18003,2023-08-01 15:02:00,19900.0,19736.0,8651050,851750,12.5,173.55,676250,181150,0.0,-1.0,0.0,0.0,10.312227,12.398971,2023-08-01
23257,2023-08-01 15:02:00,19950.0,19736.0,5337600,208450,6.6,218.05,574700,26000,0.0,-1.0,0.0,0.0,10.376689,13.233932,2023-08-01
28510,2023-08-01 15:02:00,20000.0,19736.0,7720350,488000,3.85,265.15,493450,29100,0.0,-1.0,0.0,0.0,10.806265,14.401169,2023-08-01
25884,2023-08-01 15:03:00,19500.0,19731.1,732550,6758900,242.85,8.35,19150,417650,1.0,0.0,0.0,0.0,8.216533,12.709661,2023-08-01
20631,2023-08-01 15:03:00,19550.0,19731.1,285750,3463650,199.35,12.7,26200,287850,1.0,0.0,0.0,0.0,10.390406,12.174001,2023-08-01
15376,2023-08-01 15:03:00,19600.0,19731.1,2395400,9848200,155.0,19.95,79300,487100,1.0,0.0,0.0,0.0,10.051453,11.806605,2023-08-01
10119,2023-08-01 15:03:00,19650.0,19731.1,1998750,5315450,115.85,30.9,117750,377250,1.0,0.0,0.0,9e-08,10.063413,11.487966,2023-08-01
4860,2023-08-01 15:03:00,19700.0,19731.1,8751650,10837650,82.15,47.15,426650,740650,0.985926,-0.025334,0.00252266,0.00370214,10.052062,11.29187,2023-08-01
2229,2023-08-01 15:03:00,19750.0,19731.1,8512750,5183750,55.25,69.75,679100,486200,0.093801,-0.882317,0.01172375,0.01244138,10.102817,11.217874,2023-08-01
7490,2023-08-01 15:03:00,19800.0,19731.1,15551400,4959000,35.35,100.1,731450,370950,1e-06,-0.999989,3.4e-07,3.06e-06,10.220734,11.459869,2023-08-01
12748,2023-08-01 15:03:00,19850.0,19731.1,6945900,960450,21.3,136.05,460550,105750,0.0,-1.0,0.0,0.0,10.319085,11.769966,2023-08-01
18004,2023-08-01 15:03:00,19900.0,19731.1,8695650,824800,12.1,177.1,420550,82150,0.0,-1.0,0.0,0.0,10.417265,12.307103,2023-08-01
23258,2023-08-01 15:03:00,19950.0,19731.1,5381850,209100,6.4,219.8,378700,17050,0.0,-1.0,0.0,0.0,10.48164,12.483164,2023-08-01
28511,2023-08-01 15:03:00,20000.0,19731.1,7677500,480800,3.8,268.1,282700,15150,0.0,-1.0,0.0,0.0,10.944186,13.900603,2023-08-01
25885,2023-08-01 15:04:00,19500.0,19739.95,732550,6758900,251.85,7.6,15250,511900,1.0,0.0,0.0,0.0,8.667093,12.736232,2023-08-01
20632,2023-08-01 15:04:00,19550.0,19739.95,285750,3463650,206.1,11.35,22800,417550,1.0,0.0,0.0,0.0,9.858695,12.121862,2023-08-01
15377,2023-08-01 15:04:00,19600.0,19739.95,2395400,9848200,162.0,17.9,90900,614850,1.0,0.0,0.0,0.0,9.924238,11.731514,2023-08-01
10120,2023-08-01 15:04:00,19650.0,19739.95,1998750,5315450,122.0,27.8,120700,543050,1.0,0.0,0.0,0.0,9.970257,11.365445,2023-08-01
4861,2023-08-01 15:04:00,19700.0,19739.95,8751650,10837650,86.95,42.85,494150,876050,0.998188,-0.004779,0.00042093,0.00089842,9.921387,11.138166,2023-08-01
2230,2023-08-01 15:04:00,19750.0,19739.95,8512750,5183750,58.9,64.4,665600,606650,0.235727,-0.741936,0.02221331,0.02102679,9.984706,11.07201,2023-08-01
7491,2023-08-01 15:04:00,19800.0,19739.95,15551400,4959000,37.8,93.15,760100,462900,9e-06,-0.999941,3.02e-06,1.545e-05,10.086659,11.20562,2023-08-01
12749,2023-08-01 15:04:00,19850.0,19739.95,6945900,960450,22.75,128.3,460650,89650,0.0,-1.0,0.0,0.0,10.16171,11.500065,2023-08-01
18005,2023-08-01 15:04:00,19900.0,19739.95,8695650,824800,12.95,168.55,530600,86800,0.0,-1.0,0.0,0.0,10.264677,11.954425,2023-08-01
23259,2023-08-01 15:04:00,19950.0,19739.95,5381850,209100,6.85,212.45,469150,34250,0.0,-1.0,0.0,0.0,10.330329,12.575115,2023-08-01
28512,2023-08-01 15:04:00,20000.0,19739.95,7677500,480800,4.0,258.65,408700,12700,0.0,-1.0,0.0,0.0,10.763663,13.32842,2023-08-01
25886,2023-08-01 15:05:00,19500.0,19731.1,732550,6758900,242.0,8.4,20650,413900,1.0,0.0,0.0,0.0,6.324449,12.733862,2023-08-01
20633,2023-08-01 15:05:00,19550.0,19731.1,285750,3463650,197.0,12.6,32900,295000,1.0,0.0,0.0,0.0,9.422827,12.147071,2023-08-01
15378,2023-08-01 15:05:00,19600.0,19731.1,2395400,9848200,153.2,19.9,125800,540750,1.0,0.0,0.0,0.0,9.552368,11.79827,2023-08-01
10121,2023-08-01 15:05:00,19650.0,19731.1,1998750,5315450,114.15,30.9,180900,442300,1.0,0.0,0.0,3e-08,9.711695,11.491483,2023-08-01
4862,2023-08-01 15:05:00,19700.0,19731.1,8751650,10837650,80.65,47.15,645050,856450,0.990417,-0.021178,0.0019284,0.00330771,9.788815,11.295225,2023-08-01
2231,2023-08-01 15:05:00,19750.0,19731.1,8512750,5183750,54.15,70.25,791750,661700,0.081474,-0.889499,0.01117121,0.01226529,9.918697,11.306589,2023-08-01
7492,2023-08-01 15:05:00,19800.0,19731.1,15551400,4959000,34.45,100.3,981650,566150,0.0,-0.999994,1e-07,1.65e-06,10.059094,11.499148,2023-08-01
12750,2023-08-01 15:05:00,19850.0,19731.1,6945900,960450,20.6,137.05,513450,129400,0.0,-1.0,0.0,0.0,10.168864,11.97913,2023-08-01
18006,2023-08-01 15:05:00,19900.0,19731.1,8695650,824800,11.75,177.75,594500,109850,0.0,-1.0,0.0,0.0,10.31952,12.470689,2023-08-01
23260,2023-08-01 15:05:00,19950.0,19731.1,5381850,209100,6.2,222.55,430450,14700,0.0,-1.0,0.0,0.0,10.400976,13.334223,2023-08-01
28513,2023-08-01 15:05:00,20000.0,19731.1,7677500,480800,3.7,269.8,249550,12300,0.0,-1.0,0.0,0.0,10.887181,14.517168,2023-08-01
25887,2023-08-01 15:06:00,19500.0,19727.25,735050,6943400,242.1,8.25,77850,370200,1.0,0.0,0.0,0.0,10.574433,12.527858,2023-08-01
20634,2023-08-01 15:06:00,19550.0,19727.25,289850,3470600,197.3,12.45,20800,242750,1.0,0.0,0.0,0.0,10.898705,11.938084,2023-08-01
15379,2023-08-01 15:06:00,19600.0,19727.25,2399550,9833000,155.45,19.75,90750,465700,1.0,0.0,0.0,0.0,10.995825,11.57471,2023-08-01
10122,2023-08-01 15:06:00,19650.0,19727.25,2006650,5268600,116.05,30.55,123400,416700,1.0,0.0,1e-08,4e-08,10.681287,11.200399,2023-08-01
4863,2023-08-01 15:06:00,19700.0,19727.25,8749150,10776700,82.1,46.8,487350,848150,0.975013,-0.030673,0.0041897,0.00474408,10.463657,10.962673,2023-08-01
2232,2023-08-01 15:06:00,19750.0,19727.25,8613500,5139450,55.4,69.65,609750,633750,0.05171,-0.941391,0.00760859,0.00808058,10.448048,10.860929,2023-08-01
7493,2023-08-01 15:06:00,19800.0,19727.25,15547400,4955450,35.35,100.15,749550,451500,0.0,-1.0,4e-08,1.4e-07,10.474019,11.024423,2023-08-01
12751,2023-08-01 15:06:00,19850.0,19727.25,6970400,969000,21.15,136.4,512400,98700,0.0,-1.0,0.0,0.0,10.493716,11.248011,2023-08-01
18007,2023-08-01 15:06:00,19900.0,19727.25,8670150,818650,12.05,177.3,564250,90250,0.0,-1.0,0.0,0.0,10.578091,11.551957,2023-08-01
23261,2023-08-01 15:06:00,19950.0,19727.25,5348400,208450,6.4,221.65,310000,18350,0.0,-1.0,0.0,0.0,10.632779,11.975912,2023-08-01
28514,2023-08-01 15:06:00,20000.0,19727.25,7742000,476800,3.8,268.9,237050,11950,0.0,-1.0,0.0,0.0,11.080273,12.817553,2023-08-01
25888,2023-08-01 15:07:00,19450.0,19724.6,75650,3520700,288.8,5.25,200,133600,1.0,0.0,0.0,0.0,11.809751,12.896568,2023-08-01
20635,2023-08-01 15:07:00,19500.0,19724.6,735050,6943400,242.6,8.25,57350,344750,1.0,0.0,0.0,0.0,12.008697,12.428064,2023-08-01
15380,2023-08-01 15:07:00,19550.0,19724.6,289850,3470600,196.55,12.55,11300,352650,1.0,0.0,0.0,0.0,11.421939,11.856893,2023-08-01
10123,2023-08-01 15:07:00,19600.0,19724.6,2399550,9833000,153.4,20.0,80500,536750,1.0,0.0,0.0,0.0,11.018025,11.505066,2023-08-01
4864,2023-08-01 15:07:00,19650.0,19724.6,2006650,5268600,114.4,31.05,84700,427950,1.0,0.0,2e-08,5e-08,10.730753,11.145834,2023-08-01
2233,2023-08-01 15:07:00,19700.0,19724.6,8749150,10776700,80.65,47.6,459300,820000,0.964358,-0.041525,0.00573272,0.00623937,10.488776,10.91507,2023-08-01
7494,2023-08-01 15:07:00,19750.0,19724.6,8613500,5139450,54.25,70.7,519650,644600,0.031792,-0.963865,0.00522975,0.00563007,10.465318,10.800999,2023-08-01
12752,2023-08-01 15:07:00,19800.0,19724.6,15547400,4955450,34.8,100.8,771250,497950,0.0,-1.0,1e-08,2e-08,10.542513,10.827273,2023-08-01
18008,2023-08-01 15:07:00,19850.0,19724.6,6970400,969000,20.85,137.0,584550,106700,0.0,-1.0,0.0,0.0,10.566823,10.945809,2023-08-01
23262,2023-08-01 15:07:00,19900.0,19724.6,8670150,818650,11.85,178.15,453400,84300,0.0,-1.0,0.0,0.0,10.637382,11.18057,2023-08-01
28515,2023-08-01 15:07:00,19950.0,19724.6,5348400,208450,6.3,222.7,280950,15450,0.0,-1.0,0.0,0.0,10.691804,11.501662,2023-08-01
25889,2023-08-01 15:08:00,19500.0,19731.4,735050,6943400,243.2,8.1,47700,559900,1.0,0.0,0.0,0.0,8.320175,12.629873,2023-08-01
20636,2023-08-01 15:08:00,19550.0,19731.4,289850,3470600,198.0,12.35,14200,212950,1.0,0.0,0.0,0.0,9.751878,12.088209,2023-08-01
15381,2023-08-01 15:08:00,19600.0,19731.4,2399550,9833000,154.85,19.6,64650,430900,1.0,0.0,0.0,0.0,9.954148,11.746123,2023-08-01
10124,2023-08-01 15:08:00,19650.0,19731.4,2006650,5268600,115.6,30.35,79800,249100,1.0,0.0,0.0,0.0,9.976646,11.404458,2023-08-01
4865,2023-08-01 15:08:00,19700.0,19731.4,8749150,10776700,81.8,46.55,362050,544000,0.99334,-0.01391,0.00146604,0.00247967,9.967455,11.215257,2023-08-01
2234,2023-08-01 15:08:00,19750.0,19731.4,8613500,5139450,54.8,69.3,573900,476850,0.073435,-0.903114,0.010903,0.01202423,10.011357,11.175413,2023-08-01
7495,2023-08-01 15:08:00,19800.0,19731.4,15547400,4955450,35.15,99.4,595550,318950,0.0,-0.999999,3e-08,4.1e-07,10.174581,11.375165,2023-08-01
12753,2023-08-01 15:08:00,19850.0,19731.4,6970400,969000,21.0,135.45,495200,58550,0.0,-1.0,0.0,0.0,10.247241,11.698426,2023-08-01
18009,2023-08-01 15:08:00,19900.0,19731.4,8670150,818650,12.05,176.3,471400,51700,0.0,-1.0,0.0,0.0,10.39936,12.174612,2023-08-01
23263,2023-08-01 15:08:00,19950.0,19731.4,5348400,208450,6.4,220.5,273000,8950,0.0,-1.0,0.0,0.0,10.48003,12.792624,2023-08-01
28516,2023-08-01 15:08:00,20000.0,19731.4,7742000,476800,3.8,268.25,176650,13400,0.0,-1.0,0.0,0.0,10.944094,14.061051,2023-08-01
25890,2023-08-01 15:09:00,19500.0,19725.4,659850,6965000,241.0,8.35,13750,223400,1.0,0.0,0.0,0.0,10.926659,12.50282,2023-08-01
20637,2023-08-01 15:09:00,19550.0,19725.4,286650,3470250,195.9,12.65,17300,115050,1.0,0.0,0.0,0.0,10.98572,11.925577,2023-08-01
15382,2023-08-01 15:09:00,19600.0,19725.4,2406450,9944450,153.4,20.1,55200,282700,1.0,0.0,0.0,0.0,10.864982,11.572101,2023-08-01
10125,2023-08-01 15:09:00,19650.0,19725.4,2001150,5303150,114.45,31.2,58300,263250,1.0,0.0,0.0,1e-08,10.632224,11.225711,2023-08-01
4866,2023-08-01 15:09:00,19700.0,19725.4,8823350,10811000,80.75,47.5,387500,609200,0.974997,-0.031095,0.00449747,0.00513175,10.427129,10.958287,2023-08-01
2235,2023-08-01 15:09:00,19750.0,19725.4,8624500,5043200,54.4,70.7,430900,393450,0.029607,-0.964793,0.00517631,0.00572707,10.431416,10.87733,2023-08-01
7496,2023-08-01 15:09:00,19800.0,19725.4,15559900,4894100,34.65,101.0,411350,268050,0.0,-1.0,0.0,1e-08,10.468007,10.963932,2023-08-01
12754,2023-08-01 15:09:00,19850.0,19725.4,6956250,935100,20.8,137.15,275150,47350,0.0,-1.0,0.0,0.0,10.518157,11.113526,2023-08-01
18010,2023-08-01 15:09:00,19900.0,19725.4,8600000,812500,11.95,178.05,262650,53900,0.0,-1.0,0.0,0.0,10.635879,11.341172,2023-08-01
23264,2023-08-01 15:09:00,19950.0,19725.4,5421000,205750,6.45,223.05,215000,12300,0.0,-1.0,0.0,0.0,10.729645,11.894174,2023-08-01
28517,2023-08-01 15:09:00,20000.0,19725.4,7801500,478450,3.85,269.9,184550,13850,0.0,-1.0,0.0,0.0,11.179391,12.499335,2023-08-01
25891,2023-08-01 15:10:00,19500.0,19731.95,659850,6965000,241.45,8.3,7850,892400,,0.0,,0.0,0.0,12.736361,2023-08-01
20638,2023-08-01 15:10:00,19550.0,19731.95,286650,3470250,196.6,12.75,15300,239450,1.0,0.0,0.0,0.0,8.862513,12.239352,2023-08-01
15383,2023-08-01 15:10:00,19600.0,19731.95,2406450,9944450,153.95,20.45,78100,668200,1.0,0.0,0.0,0.0,9.573882,11.981425,2023-08-01
10126,2023-08-01 15:10:00,19650.0,19731.95,2001150,5303150,114.7,31.45,101550,259550,1.0,0.0,0.0,0.0,9.705643,11.658947,2023-08-01
4867,2023-08-01 15:10:00,19700.0,19731.95,8823350,10811000,81.05,47.9,487950,682350,0.996452,-0.011017,0.00089438,0.00207315,9.776938,11.496082,2023-08-01
2236,2023-08-01 15:10:00,19750.0,19731.95,8624500,5043200,54.75,70.8,552400,377750,0.068885,-0.901007,0.01094118,0.01246693,9.961545,11.483935,2023-08-01
7497,2023-08-01 15:10:00,19800.0,19731.95,15559900,4894100,35.0,101.35,619550,277950,0.0,-0.999999,1e-08,3.8e-07,10.115433,11.793463,2023-08-01
12755,2023-08-01 15:10:00,19850.0,19731.95,6956250,935100,21.0,137.7,382900,67950,0.0,-1.0,0.0,0.0,10.222258,12.245881,2023-08-01
18011,2023-08-01 15:10:00,19900.0,19731.95,8600000,812500,11.95,178.2,368050,59100,0.0,-1.0,0.0,0.0,10.350042,12.753687,2023-08-01
23265,2023-08-01 15:10:00,19950.0,19731.95,5421000,205750,6.45,223.3,242850,9750,0.0,-1.0,0.0,0.0,10.484043,13.770475,2023-08-01
28518,2023-08-01 15:10:00,20000.0,19731.95,7801500,478450,3.8,270.0,373700,9750,0.0,-1.0,0.0,0.0,10.929506,14.850548,2023-08-01
25892,2023-08-01 15:11:00,19500.0,19728.2,659850,6965000,241.35,8.25,6300,615950,1.0,0.0,0.0,0.0,9.523335,12.574407,2023-08-01
20639,2023-08-01 15:11:00,19550.0,19728.2,286650,3470250,197.9,12.65,13150,217500,1.0,0.0,0.0,0.0,10.830293,12.049755,2023-08-01
15384,2023-08-01 15:11:00,19600.0,19728.2,2406450,9944450,154.9,20.15,57650,706300,1.0,0.0,0.0,0.0,10.676668,11.726346,2023-08-01
10127,2023-08-01 15:11:00,19650.0,19728.2,2001150,5303150,115.75,31.0,65900,261800,1.0,0.0,0.0,0.0,10.494918,11.353442,2023-08-01
4868,2023-08-01 15:11:00,19700.0,19728.2,8823350,10811000,82.1,47.3,341550,983750,0.989228,-0.016062,0.00231181,0.00304412,10.37364,11.126523,2023-08-01
2237,2023-08-01 15:11:00,19750.0,19728.2,8624500,5043200,55.3,70.3,410550,405200,0.038464,-0.951206,0.00679197,0.00770854,10.364533,11.065819,2023-08-01
7498,2023-08-01 15:11:00,19800.0,19728.2,15559900,4894100,35.5,100.35,434550,408650,0.0,-1.0,0.0,1e-08,10.451143,11.180744,2023-08-01
12756,2023-08-01 15:11:00,19850.0,19728.2,6956250,935100,21.25,136.4,270100,69100,0.0,-1.0,0.0,0.0,10.476181,11.406045,2023-08-01
18012,2023-08-01 15:11:00,19900.0,19728.2,8600000,812500,12.15,176.95,301650,60200,0.0,-1.0,0.0,0.0,10.575373,11.673432,2023-08-01
23266,2023-08-01 15:11:00,19950.0,19728.2,5421000,205750,6.5,221.7,213350,7850,0.0,-1.0,0.0,0.0,10.648937,12.283871,2023-08-01
28519,2023-08-01 15:11:00,20000.0,19728.2,7801500,478450,3.75,268.55,159000,8900,0.0,-1.0,0.0,0.0,11.027738,13.045878,2023-08-01
25893,2023-08-01 15:12:00,19500.0,19728.95,655500,6891150,244.0,8.15,8100,311100,1.0,0.0,0.0,0.0,10.767986,12.564711,2023-08-01
20640,2023-08-01 15:12:00,19550.0,19728.95,285200,3515850,198.95,12.55,18850,175500,1.0,0.0,0.0,0.0,10.968616,12.053117,2023-08-01
15385,2023-08-01 15:12:00,19600.0,19728.95,2386950,10296350,156.0,20.05,117550,315300,1.0,0.0,0.0,0.0,10.804056,11.741334,2023-08-01
10128,2023-08-01 15:12:00,19650.0,19728.95,2006900,5157650,117.1,30.95,67950,217200,1.0,0.0,0.0,0.0,10.661498,11.388954,2023-08-01
4869,2023-08-01 15:12:00,19700.0,19728.95,8795050,10422700,83.0,47.05,341250,465150,0.991911,-0.011986,0.00183434,0.00242742,10.455054,11.137359,2023-08-01
2238,2023-08-01 15:12:00,19750.0,19728.95,8531750,4821850,56.25,69.7,404500,295000,0.041163,-0.950384,0.0073001,0.00805046,10.468563,11.031942,2023-08-01
7499,2023-08-01 15:12:00,19800.0,19728.95,15371650,4732450,36.2,99.5,497050,197850,0.0,-1.0,0.0,1e-08,10.53413,11.114913,2023-08-01
12757,2023-08-01 15:12:00,19850.0,19728.95,6948600,946200,21.6,135.6,236400,44450,0.0,-1.0,0.0,0.0,10.516001,11.356088,2023-08-01
18013,2023-08-01 15:12:00,19900.0,19728.95,8603450,781800,12.3,176.0,250800,39100,0.0,-1.0,0.0,0.0,10.587748,11.586929,2023-08-01
23267,2023-08-01 15:12:00,19950.0,19728.95,5537800,201500,6.5,220.65,173850,7750,0.0,-1.0,0.0,0.0,10.622523,12.152833,2023-08-01
28520,2023-08-01 15:12:00,20000.0,19728.95,7932700,471400,3.75,267.0,223900,5550,0.0,-1.0,0.0,0.0,11.004461,12.669378,2023-08-01
25894,2023-08-01 15:13:00,19500.0,19730.7,655500,6891150,243.3,8.1,7250,206950,1.0,0.0,0.0,0.0,9.160969,12.613307,2023-08-01
20641,2023-08-01 15:13:00,19550.0,19730.7,285200,3515850,197.85,12.5,7350,148900,1.0,0.0,0.0,0.0,9.971059,12.11451,2023-08-01
15386,2023-08-01 15:13:00,19600.0,19730.7,2386950,10296350,154.7,20.15,47300,308250,1.0,0.0,0.0,0.0,10.086351,11.853486,2023-08-01
10129,2023-08-01 15:13:00,19650.0,19730.7,2006900,5157650,115.8,31.1,54750,216100,1.0,0.0,0.0,0.0,10.137114,11.522197,2023-08-01
4870,2023-08-01 15:13:00,19700.0,19730.7,8795050,10422700,82.15,47.35,344050,492100,0.996648,-0.007674,0.00089088,0.00166482,10.117172,11.31584,2023-08-01
2239,2023-08-01 15:13:00,19750.0,19730.7,8531750,4821850,55.6,70.5,320450,266200,0.046536,-0.935073,0.00849733,0.00997065,10.216143,11.326835,2023-08-01
7500,2023-08-01 15:13:00,19800.0,19730.7,15371650,4732450,35.75,100.65,388800,200800,0.0,-1.0,0.0,2e-08,10.340258,11.529087,2023-08-01
12758,2023-08-01 15:13:00,19850.0,19730.7,6948600,946200,21.35,136.15,277750,24450,0.0,-1.0,0.0,0.0,10.370905,11.744418,2023-08-01
18014,2023-08-01 15:13:00,19900.0,19730.7,8603450,781800,12.15,176.5,265450,35800,0.0,-1.0,0.0,0.0,10.469019,12.088571,2023-08-01
23268,2023-08-01 15:13:00,19950.0,19730.7,5537800,201500,6.45,221.55,228850,2650,0.0,-1.0,0.0,0.0,10.537258,12.937202,2023-08-01
28521,2023-08-01 15:13:00,20000.0,19730.7,7932700,471400,3.75,267.8,214150,5050,0.0,-1.0,0.0,0.0,10.947392,13.661033,2023-08-01
25895,2023-08-01 15:14:00,19500.0,19736.15,655500,6891150,244.55,7.85,7800,315800,,0.0,,0.0,0.0,12.719263,2023-08-01
20642,2023-08-01 15:14:00,19550.0,19736.15,285200,3515850,199.35,12.1,5000,182400,1.0,0.0,0.0,0.0,8.16599,12.222985,2023-08-01
15387,2023-08-01 15:14:00,19600.0,19736.15,2386950,10296350,156.6,19.4,38600,335000,1.0,0.0,0.0,0.0,9.30444,11.94027,2023-08-01
10130,2023-08-01 15:14:00,19650.0,19736.15,2006900,5157650,117.35,30.1,59200,217350,1.0,0.0,0.0,0.0,9.606874,11.637336,2023-08-01
4871,2023-08-01 15:14:00,19700.0,19736.15,8795050,10422700,83.25,46.05,340250,568700,0.999696,-0.001854,0.0001061,0.00047403,9.708879,11.467567,2023-08-01
2240,2023-08-01 15:14:00,19750.0,19736.15,8531750,4821850,56.4,68.75,425950,295850,0.100158,-0.864756,0.01630145,0.01735585,9.90154,11.506498,2023-08-01
7501,2023-08-01 15:14:00,19800.0,19736.15,15371650,4732450,36.3,98.35,397200,194750,0.0,-1.0,0.0,1.2e-07,10.087185,11.731291,2023-08-01
12759,2023-08-01 15:14:00,19850.0,19736.15,6948600,946200,21.7,134.35,227750,40650,0.0,-1.0,0.0,0.0,10.160366,12.185439,2023-08-01
18015,2023-08-01 15:14:00,19900.0,19736.15,8603450,781800,12.35,174.8,258100,53300,0.0,-1.0,0.0,0.0,10.286356,12.744312,2023-08-01
23269,2023-08-01 15:14:00,19950.0,19736.15,5537800,201500,6.55,219.7,229700,4800,0.0,-1.0,0.0,0.0,10.373631,13.759168,2023-08-01
28522,2023-08-01 15:14:00,20000.0,19736.15,7932700,471400,3.75,265.55,410400,7850,0.0,-1.0,0.0,0.0,10.765011,14.599044,2023-08-01
25896,2023-08-01 15:15:00,19500.0,19730.85,651200,6893200,246.0,7.85,41000,553950,1.0,0.0,0.0,0.0,10.90054,12.520148,2023-08-01
20643,2023-08-01 15:15:00,19550.0,19730.85,266450,3559450,200.7,12.1,47400,443650,1.0,0.0,0.0,0.0,11.00239,12.000142,2023-08-01
15388,2023-08-01 15:15:00,19600.0,19730.85,2321500,10270000,157.8,19.4,132500,678000,1.0,0.0,0.0,0.0,10.876539,11.683596,2023-08-01
10131,2023-08-01 15:15:00,19650.0,19730.85,1993150,5151550,118.5,30.15,193350,430950,1.0,0.0,0.0,0.0,10.67476,11.344984,2023-08-01
4872,2023-08-01 15:15:00,19700.0,19730.85,8789850,10409550,84.2,45.95,600450,817250,0.997461,-0.004055,0.00071326,0.00102712,10.470148,11.08201,2023-08-01
2241,2023-08-01 15:15:00,19750.0,19730.85,8343300,4645650,57.15,68.5,843800,709700,0.041744,-0.950307,0.00808355,0.00885396,10.47363,11.000675,2023-08-01
7502,2023-08-01 15:15:00,19800.0,19730.85,15213700,4681600,36.75,97.8,770750,476050,0.0,-1.0,0.0,0.0,10.518394,11.031172,2023-08-01
12760,2023-08-01 15:15:00,19850.0,19730.85,6892650,925400,21.9,133.2,691000,166700,0.0,-1.0,0.0,0.0,10.487512,11.150812,2023-08-01
18016,2023-08-01 15:15:00,19900.0,19730.85,8578200,741800,12.45,173.5,759950,119550,0.0,-1.0,0.0,0.0,10.552722,11.342861,2023-08-01
23270,2023-08-01 15:15:00,19950.0,19730.85,5604450,199600,6.6,218.0,731600,46000,0.0,-1.0,0.0,0.0,10.598038,11.820353,2023-08-01
28523,2023-08-01 15:15:00,20000.0,19730.85,8081000,466700,3.7,264.9,287600,51100,0.0,-1.0,0.0,0.0,10.915664,12.510841,2023-08-01
25897,2023-08-01 15:16:00,19500.0,19733.45,651200,6893200,245.75,8.05,22650,415200,1.0,0.0,0.0,0.0,8.979424,12.703864,2023-08-01
20644,2023-08-01 15:16:00,19550.0,19733.45,266450,3559450,201.0,12.4,7850,516800,1.0,0.0,0.0,0.0,10.247852,12.206609,2023-08-01
15389,2023-08-01 15:16:00,19600.0,19733.45,2321500,10270000,157.95,19.65,63750,382950,1.0,0.0,0.0,0.0,10.355694,11.873383,2023-08-01
10132,2023-08-01 15:16:00,19650.0,19733.45,1993150,5151550,118.5,30.25,67700,233100,1.0,0.0,0.0,0.0,10.285764,11.516489,2023-08-01
4873,2023-08-01 15:16:00,19700.0,19733.45,8789850,10409550,84.2,46.0,288850,536100,0.999384,-0.001751,0.00020785,0.00048949,10.187679,11.274596,2023-08-01
2242,2023-08-01 15:16:00,19750.0,19733.45,8343300,4645650,57.15,68.55,376450,437600,0.057041,-0.925392,0.01095944,0.01232013,10.26047,11.240415,2023-08-01
7503,2023-08-01 15:16:00,19800.0,19733.45,15213700,4681600,36.7,98.25,524750,286000,0.0,-1.0,0.0,0.0,10.341578,11.413432,2023-08-01
12761,2023-08-01 15:16:00,19850.0,19733.45,6892650,925400,21.9,133.7,367650,35650,0.0,-1.0,0.0,0.0,10.351515,11.658099,2023-08-01
18017,2023-08-01 15:16:00,19900.0,19733.45,8578200,741800,12.35,173.85,400600,33200,0.0,-1.0,0.0,0.0,10.410513,11.986586,2023-08-01
23271,2023-08-01 15:16:00,19950.0,19733.45,5604450,199600,6.45,217.85,340950,19650,0.0,-1.0,0.0,0.0,10.438836,12.526197,2023-08-01
28524,2023-08-01 15:16:00,20000.0,19733.45,8081000,466700,3.75,265.1,222200,16750,0.0,-1.0,0.0,0.0,10.860431,13.576069,2023-08-01
25898,2023-08-01 15:17:00,19500.0,19735.25,651200,6893200,245.3,8.0,6800,378450,,0.0,,0.0,0.0,12.753787,2023-08-01
20645,2023-08-01 15:17:00,19550.0,19735.25,266450,3559450,200.55,12.4,6000,356950,1.0,0.0,0.0,0.0,9.330807,12.285194,2023-08-01
15390,2023-08-01 15:17:00,19600.0,19735.25,2321500,10270000,157.4,19.8,55850,487250,1.0,0.0,0.0,0.0,9.781127,11.999742,2023-08-01
10133,2023-08-01 15:17:00,19650.0,19735.25,1993150,5151550,118.2,30.5,92900,207650,1.0,0.0,0.0,0.0,9.942865,11.671831,2023-08-01
4874,2023-08-01 15:17:00,19700.0,19735.25,8789850,10409550,83.9,46.3,283550,525200,0.999854,-0.000838,5.777e-05,0.00025472,9.934755,11.454891,2023-08-01
2243,2023-08-01 15:17:00,19750.0,19735.25,8343300,4645650,57.1,69.0,391000,360300,0.068911,-0.904285,0.01338216,0.01509367,10.10332,11.476246,2023-08-01
7504,2023-08-01 15:17:00,19800.0,19735.25,15213700,4681600,36.6,98.5,449450,259050,0.0,-1.0,0.0,0.0,10.207136,11.662801,2023-08-01
12762,2023-08-01 15:17:00,19850.0,19735.25,6892650,925400,21.65,133.65,239100,32800,0.0,-1.0,0.0,0.0,10.20337,11.917295,2023-08-01
18018,2023-08-01 15:17:00,19900.0,19735.25,8578200,741800,12.15,174.2,390550,28250,0.0,-1.0,0.0,0.0,10.275206,12.432524,2023-08-01
23272,2023-08-01 15:17:00,19950.0,19735.25,5604450,199600,6.3,218.15,308750,9650,0.0,-1.0,0.0,0.0,10.309774,13.094902,2023-08-01
28525,2023-08-01 15:17:00,20000.0,19735.25,8081000,466700,3.55,265.6,369250,5050,0.0,-1.0,0.0,0.0,10.678451,14.347289,2023-08-01
25899,2023-08-01 15:18:00,19500.0,19733.9,629100,7146150,247.45,7.9,19750,376600,1.0,0.0,0.0,0.0,10.029358,12.662969,2023-08-01
20646,2023-08-01 15:18:00,19550.0,19733.9,256650,3352000,201.85,12.4,7400,355750,1.0,0.0,0.0,0.0,10.429833,12.229682,2023-08-01
15391,2023-08-01 15:18:00,19600.0,19733.9,2287000,10213350,159.5,19.65,98400,581650,1.0,0.0,0.0,0.0,10.676261,11.899129,2023-08-01
10134,2023-08-01 15:18:00,19650.0,19733.9,1948650,5018700,120.0,30.15,136550,248300,1.0,0.0,0.0,0.0,10.534006,11.525784,2023-08-01
4875,2023-08-01 15:18:00,19700.0,19733.9,8642300,10224800,85.2,45.65,370350,461100,0.999759,-0.000679,9.266e-05,0.00022242,10.321349,11.247086,2023-08-01
2244,2023-08-01 15:18:00,19750.0,19733.9,8081400,4209400,58.0,68.0,414300,326150,0.050217,-0.936107,0.01058489,0.01186285,10.372716,11.188855,2023-08-01
7505,2023-08-01 15:18:00,19800.0,19733.9,15105900,4445700,37.1,97.15,538400,214900,0.0,-1.0,0.0,0.0,10.389217,11.268832,2023-08-01
12763,2023-08-01 15:18:00,19850.0,19733.9,6713650,888350,21.95,132.35,283700,81450,0.0,-1.0,0.0,0.0,10.342394,11.449492,2023-08-01
18019,2023-08-01 15:18:00,19900.0,19733.9,8371100,733050,12.3,172.3,394800,52350,0.0,-1.0,0.0,0.0,10.380122,11.68819,2023-08-01
23273,2023-08-01 15:18:00,19950.0,19733.9,5612300,193950,6.35,216.5,194650,4100,0.0,-1.0,0.0,0.0,10.383834,12.219881,2023-08-01
28526,2023-08-01 15:18:00,20000.0,19733.9,8030450,456750,3.55,264.4,171000,5900,0.0,-1.0,0.0,0.0,10.725801,13.46385,2023-08-01
25900,2023-08-01 15:19:00,19500.0,19732.9,629100,7146150,246.6,8.15,6400,301400,1.0,0.0,0.0,0.0,10.104538,12.730118,2023-08-01
20647,2023-08-01 15:19:00,19550.0,19732.9,256650,3352000,201.5,12.65,9150,108450,1.0,0.0,0.0,0.0,10.642847,12.266737,2023-08-01
15392,2023-08-01 15:19:00,19600.0,19732.9,2287000,10213350,158.4,20.05,91100,327200,1.0,0.0,0.0,0.0,10.606024,11.94894,2023-08-01
10135,2023-08-01 15:19:00,19650.0,19732.9,1948650,5018700,119.05,30.55,101300,140750,1.0,0.0,0.0,0.0,10.491123,11.550332,2023-08-01
4876,2023-08-01 15:19:00,19700.0,19732.9,8642300,10224800,84.5,46.35,243050,325400,0.999802,-0.000617,8.073e-05,0.0002116,10.308656,11.303408,2023-08-01
2245,2023-08-01 15:19:00,19750.0,19732.9,8081400,4209400,57.4,68.75,349850,210350,0.033927,-0.953864,0.0080599,0.00954142,10.355361,11.231192,2023-08-01
7506,2023-08-01 15:19:00,19800.0,19732.9,15105900,4445700,36.7,97.95,331300,140300,0.0,-1.0,0.0,0.0,10.383694,11.301069,2023-08-01
12764,2023-08-01 15:19:00,19850.0,19732.9,6713650,888350,21.8,133.4,261300,71200,0.0,-1.0,0.0,0.0,10.364956,11.516746,2023-08-01
18020,2023-08-01 15:19:00,19900.0,19732.9,8371100,733050,12.2,173.4,259000,47900,0.0,-1.0,0.0,0.0,10.397825,11.762364,2023-08-01
23274,2023-08-01 15:19:00,19950.0,19732.9,5612300,193950,6.25,218.0,227150,8550,0.0,-1.0,0.0,0.0,10.381451,12.424937,2023-08-01
28527,2023-08-01 15:19:00,20000.0,19732.9,8030450,456750,3.55,264.9,295300,7600,0.0,-1.0,0.0,0.0,10.761381,13.306441,2023-08-01
25901,2023-08-01 15:20:00,19500.0,19729.5,629100,7146150,245.65,8.15,21500,508500,1.0,0.0,0.0,0.0,11.391041,12.602018,2023-08-01
20648,2023-08-01 15:20:00,19550.0,19729.5,256650,3352000,200.0,12.65,20850,220150,1.0,0.0,0.0,0.0,11.1874,12.122913,2023-08-01
15393,2023-08-01 15:20:00,19600.0,19729.5,2287000,10213350,157.0,20.0,137200,515900,1.0,0.0,0.0,0.0,10.965482,11.771257,2023-08-01
10136,2023-08-01 15:20:00,19650.0,19729.5,1948650,5018700,117.95,30.75,200450,479200,1.0,0.0,0.0,0.0,10.772713,11.395198,2023-08-01
4877,2023-08-01 15:20:00,19700.0,19729.5,8642300,10224800,83.9,46.75,497300,569500,0.99942,-0.00102,0.00022417,0.00035802,10.573433,11.136599,2023-08-01
2246,2023-08-01 15:20:00,19750.0,19729.5,8081400,4209400,56.9,69.6,548500,464000,0.012093,-0.984119,0.00346371,0.00417371,10.552126,11.07667,2023-08-01
7507,2023-08-01 15:20:00,19800.0,19729.5,15105900,4445700,36.4,98.8,747650,388900,0.0,-1.0,0.0,0.0,10.551944,11.063229,2023-08-01
12765,2023-08-01 15:20:00,19850.0,19729.5,6713650,888350,21.65,134.3,476350,148400,0.0,-1.0,0.0,0.0,10.514127,11.177376,2023-08-01
18021,2023-08-01 15:20:00,19900.0,19729.5,8371100,733050,12.1,174.5,369050,68200,0.0,-1.0,0.0,0.0,10.521379,11.316397,2023-08-01
23275,2023-08-01 15:20:00,19950.0,19729.5,5612300,193950,6.25,218.4,362050,11350,0.0,-1.0,0.0,0.0,10.51171,11.540132,2023-08-01
28528,2023-08-01 15:20:00,20000.0,19729.5,8030450,456750,3.5,266.0,402850,21050,0.0,-1.0,0.0,0.0,10.845763,12.448704,2023-08-01
25902,2023-08-01 15:21:00,19500.0,19734.4,620500,7253450,246.3,8.0,11200,258500,1.0,0.0,0.0,0.0,8.605185,12.729675,2023-08-01
20649,2023-08-01 15:21:00,19550.0,19734.4,250650,3249100,200.6,12.35,4250,114900,1.0,0.0,0.0,0.0,9.730675,12.241188,2023-08-01
15394,2023-08-01 15:21:00,19600.0,19734.4,2185050,10200150,158.05,19.6,126400,249500,1.0,0.0,0.0,0.0,10.178981,11.917019,2023-08-01
10137,2023-08-01 15:21:00,19650.0,19734.4,1849300,4980900,118.85,30.2,84750,231400,1.0,0.0,0.0,0.0,10.223932,11.569878,2023-08-01
4878,2023-08-01 15:21:00,19700.0,19734.4,8350100,10022950,84.55,45.9,362800,418250,0.999984,-9.8e-05,8.55e-06,4.19e-05,10.155717,11.33144,2023-08-01
2247,2023-08-01 15:21:00,19750.0,19734.4,7875150,3977250,57.5,68.45,319300,252300,0.031405,-0.954071,0.00844473,0.0104322,10.251487,11.314535,2023-08-01
7508,2023-08-01 15:21:00,19800.0,19734.4,14581900,4329250,36.8,97.9,407800,198250,0.0,-1.0,0.0,0.0,10.307653,11.465591,2023-08-01
12766,2023-08-01 15:21:00,19850.0,19734.4,6598750,878300,21.8,133.0,374600,69900,0.0,-1.0,0.0,0.0,10.289119,11.663818,2023-08-01
18022,2023-08-01 15:21:00,19900.0,19734.4,8217350,701400,12.2,173.15,271700,46300,0.0,-1.0,0.0,0.0,10.335115,12.010401,2023-08-01
23276,2023-08-01 15:21:00,19950.0,19734.4,5683850,185000,6.25,217.45,245650,14800,0.0,-1.0,0.0,0.0,10.328606,12.664435,2023-08-01
28529,2023-08-01 15:21:00,20000.0,19734.4,8013550,451800,3.5,264.55,245200,6300,0.0,-1.0,0.0,0.0,10.683519,13.696488,2023-08-01
25903,2023-08-01 15:22:00,19500.0,19735.85,620500,7253450,245.8,7.8,5800,309100,,0.0,,0.0,0.0,12.703354,2023-08-01
20650,2023-08-01 15:22:00,19550.0,19735.85,250650,3249100,201.1,12.2,6300,208150,1.0,0.0,0.0,0.0,9.344524,12.257561,2023-08-01
15395,2023-08-01 15:22:00,19600.0,19735.85,2185050,10200150,157.8,19.35,96350,390250,1.0,0.0,0.0,0.0,9.762373,11.928456,2023-08-01
10138,2023-08-01 15:22:00,19650.0,19735.85,1849300,4980900,118.45,30.0,56600,279200,1.0,0.0,0.0,0.0,9.911851,11.614363,2023-08-01
4879,2023-08-01 15:22:00,19700.0,19735.85,8350100,10022950,83.95,45.7,299050,529150,0.999999,-2.1e-05,7.7e-07,1.049e-05,9.886565,11.398133,2023-08-01
2248,2023-08-01 15:22:00,19750.0,19735.85,7875150,3977250,57.0,68.25,408850,348100,0.033881,-0.94613,0.00972975,0.01246236,10.045928,11.408123,2023-08-01
7509,2023-08-01 15:22:00,19800.0,19735.85,14581900,4329250,36.55,97.75,476150,195000,0.0,-1.0,0.0,0.0,10.168515,11.603004,2023-08-01
12767,2023-08-01 15:22:00,19850.0,19735.85,6598750,878300,21.6,133.15,328150,32100,0.0,-1.0,0.0,0.0,10.170342,11.911177,2023-08-01
18023,2023-08-01 15:22:00,19900.0,19735.85,8217350,701400,12.1,173.35,328450,33300,0.0,-1.0,0.0,0.0,10.243907,12.349351,2023-08-01
23277,2023-08-01 15:22:00,19950.0,19735.85,5683850,185000,6.25,217.25,173150,6150,0.0,-1.0,0.0,0.0,10.275638,12.985487,2023-08-01
28530,2023-08-01 15:22:00,20000.0,19735.85,8013550,451800,3.5,264.45,400650,5800,0.0,-1.0,0.0,0.0,10.636805,14.13515,2023-08-01
25904,2023-08-01 15:23:00,19500.0,19741.05,620500,7253450,248.3,7.45,9250,240100,,0.0,,0.0,0.0,12.752026,2023-08-01
20651,2023-08-01 15:23:00,19550.0,19741.05,250650,3249100,203.0,11.55,7250,208950,1.0,0.0,0.0,0.0,7.338302,12.270023,2023-08-01
15396,2023-08-01 15:23:00,19600.0,19741.05,2185050,10200150,160.0,18.55,75700,360900,1.0,0.0,0.0,0.0,9.054017,11.983059,2023-08-01
10139,2023-08-01 15:23:00,19650.0,19741.05,1849300,4980900,120.3,28.75,72850,234200,1.0,0.0,0.0,0.0,9.45201,11.65603,2023-08-01
4880,2023-08-01 15:23:00,19700.0,19741.05,8350100,10022950,85.55,44.15,347550,506300,1.0,0.0,0.0,2.1e-07,9.576803,11.478482,2023-08-01
2249,2023-08-01 15:23:00,19750.0,19741.05,7875150,3977250,57.9,66.25,341350,319200,0.101903,-0.859248,0.02532085,0.02694285,9.757069,11.512577,2023-08-01
7510,2023-08-01 15:23:00,19800.0,19741.05,14581900,4329250,37.15,95.3,667250,294750,0.0,-1.0,0.0,0.0,9.933161,11.738264,2023-08-01
12768,2023-08-01 15:23:00,19850.0,19741.05,6598750,878300,21.8,130.45,348050,70300,0.0,-1.0,0.0,0.0,9.936514,12.117061,2023-08-01
18024,2023-08-01 15:23:00,19900.0,19741.05,8217350,701400,12.1,170.15,306950,59900,0.0,-1.0,0.0,0.0,10.013848,12.572564,2023-08-01
23278,2023-08-01 15:23:00,19950.0,19741.05,5683850,185000,6.25,214.7,229000,5800,0.0,-1.0,0.0,0.0,10.080169,13.524079,2023-08-01
28531,2023-08-01 15:23:00,20000.0,19741.05,8013550,451800,3.4,261.55,309050,10850,0.0,-1.0,0.0,0.0,10.401167,14.709013,2023-08-01
25905,2023-08-01 15:24:00,19500.0,19738.0,613850,7319200,246.9,7.85,18850,493350,,0.0,,0.0,0.0,12.810001,2023-08-01
20652,2023-08-01 15:24:00,19550.0,19738.0,245000,3261750,200.75,12.1,9100,425050,1.0,0.0,0.0,0.0,7.944464,12.320868,2023-08-01
15397,2023-08-01 15:24:00,19600.0,19738.0,2079450,10113800,158.1,19.25,73100,636800,1.0,0.0,0.0,0.0,9.300538,12.012071,2023-08-01
10140,2023-08-01 15:24:00,19650.0,19738.0,1826700,4959250,118.7,29.8,66050,233900,1.0,0.0,0.0,0.0,9.618102,11.700014,2023-08-01
4881,2023-08-01 15:24:00,19700.0,19738.0,8177850,9875900,84.25,45.4,388850,633900,1.0,0.0,0.0,2.3e-07,9.698717,11.496282,2023-08-01
2250,2023-08-01 15:24:00,19750.0,19738.0,7751750,3799500,57.0,67.95,543500,336900,0.034284,-0.940204,0.01154866,0.01543539,9.867488,11.545587,2023-08-01
7511,2023-08-01 15:24:00,19800.0,19738.0,14429450,4215500,36.6,97.0,628500,287450,0.0,-1.0,0.0,0.0,10.039263,11.710157,2023-08-01
12769,2023-08-01 15:24:00,19850.0,19738.0,6603350,855850,21.6,132.6,500400,44850,0.0,-1.0,0.0,0.0,10.059336,12.114991,2023-08-01
18025,2023-08-01 15:24:00,19900.0,19738.0,8209650,665700,11.9,172.7,632550,29450,0.0,-1.0,0.0,0.0,10.094776,12.607752,2023-08-01
23279,2023-08-01 15:24:00,19950.0,19738.0,5705700,176200,6.1,217.2,278750,10300,0.0,-1.0,0.0,0.0,10.134728,13.507051,2023-08-01
28532,2023-08-01 15:24:00,20000.0,19738.0,8100550,449850,3.35,263.7,261100,7900,0.0,-1.0,0.0,0.0,10.47342,14.536828,2023-08-01
25906,2023-08-01 15:25:00,19500.0,19733.2,613850,7319200,243.55,8.0,18450,641300,,0.0,,0.0,0.0,12.692166,2023-08-01
20653,2023-08-01 15:25:00,19550.0,19733.2,245000,3261750,198.65,12.4,11600,407450,1.0,0.0,0.0,0.0,9.35478,12.213516,2023-08-01
15398,2023-08-01 15:25:00,19600.0,19733.2,2079450,10113800,155.8,19.65,78700,594350,1.0,0.0,0.0,0.0,9.840288,11.877975,2023-08-01
10141,2023-08-01 15:25:00,19650.0,19733.2,1826700,4959250,116.7,30.55,121550,328350,1.0,0.0,0.0,0.0,9.967001,11.578339,2023-08-01
4882,2023-08-01 15:25:00,19700.0,19733.2,8177850,9875900,82.5,46.45,476600,681300,1.0,-1e-06,2e-08,5.4e-07,9.929837,11.352354,2023-08-01
2251,2023-08-01 15:25:00,19750.0,19733.2,7751750,3799500,55.65,69.25,672150,394650,0.003015,-0.992433,0.00150405,0.00302153,10.04276,11.353046,2023-08-01
7512,2023-08-01 15:25:00,19800.0,19733.2,14429450,4215500,35.5,99.15,874150,294250,0.0,-1.0,0.0,0.0,10.156108,11.561734,2023-08-01
12770,2023-08-01 15:25:00,19850.0,19733.2,6603350,855850,20.8,134.75,493700,91050,0.0,-1.0,0.0,0.0,10.141757,11.850245,2023-08-01
18026,2023-08-01 15:25:00,19900.0,19733.2,8209650,665700,11.45,175.0,628950,65650,0.0,-1.0,0.0,0.0,10.178048,12.235851,2023-08-01
23280,2023-08-01 15:25:00,19950.0,19733.2,5705700,176200,5.9,219.5,441800,12200,0.0,-1.0,0.0,0.0,10.231407,12.982946,2023-08-01
28533,2023-08-01 15:25:00,20000.0,19733.2,8100550,449850,3.35,266.2,647400,21700,0.0,-1.0,0.0,0.0,10.635663,13.916992,2023-08-01
25907,2023-08-01 15:26:00,19500.0,19737.9,613850,7319200,243.95,8.0,15350,186100,,0.0,,0.0,0.0,12.873242,2023-08-01
20654,2023-08-01 15:26:00,19550.0,19737.9,245000,3261750,199.15,12.3,10950,235500,1.0,0.0,0.0,0.0,6.360661,12.384073,2023-08-01
15399,2023-08-01 15:26:00,19600.0,19737.9,2079450,10113800,156.15,19.65,42950,244650,1.0,0.0,0.0,0.0,8.695588,12.109492,2023-08-01
10142,2023-08-01 15:26:00,19650.0,19737.9,1826700,4959250,116.85,30.45,65100,245050,1.0,0.0,0.0,0.0,9.228136,11.829766,2023-08-01
4883,2023-08-01 15:26:00,19700.0,19737.9,8177850,9875900,82.7,46.15,236700,469000,1.0,0.0,0.0,0.0,9.431804,11.627085,2023-08-01
2252,2023-08-01 15:26:00,19750.0,19737.9,7751750,3799500,56.1,69.0,358300,231000,0.011217,-0.970913,0.00556399,0.01039528,9.725785,11.720363,2023-08-01
7513,2023-08-01 15:26:00,19800.0,19737.9,14429450,4215500,35.7,98.7,516450,130300,0.0,-1.0,0.0,0.0,9.885987,12.006407,2023-08-01
12771,2023-08-01 15:26:00,19850.0,19737.9,6603350,855850,21.15,134.5,354400,27950,0.0,-1.0,0.0,0.0,9.971005,12.484172,2023-08-01
18027,2023-08-01 15:26:00,19900.0,19737.9,8209650,665700,11.7,174.75,345200,19650,0.0,-1.0,0.0,0.0,10.045443,13.075046,2023-08-01
23281,2023-08-01 15:26:00,19950.0,19737.9,5705700,176200,6.0,218.85,194000,2650,0.0,-1.0,0.0,0.0,10.099733,13.948961,2023-08-01
28534,2023-08-01 15:26:00,20000.0,19737.9,8100550,449850,3.45,266.1,280350,5650,0.0,-1.0,0.0,0.0,10.544291,15.297672,2023-08-01
25908,2023-08-01 15:27:00,19500.0,19737.5,612150,7312850,243.35,7.85,9900,416200,,0.0,,0.0,0.0,12.797274,2023-08-01
20655,2023-08-01 15:27:00,19550.0,19737.5,227950,3218600,198.6,12.2,9850,194700,1.0,0.0,0.0,0.0,6.070941,12.337405,2023-08-01
15400,2023-08-01 15:27:00,19600.0,19737.5,2009500,9977300,155.8,19.5,58300,372300,1.0,0.0,0.0,0.0,8.698905,12.055078,2023-08-01
10143,2023-08-01 15:27:00,19650.0,19737.5,1776550,4801050,116.2,30.25,79350,266550,1.0,0.0,0.0,0.0,9.153354,11.768255,2023-08-01
4884,2023-08-01 15:27:00,19700.0,19737.5,7854050,9741000,82.1,46.15,362550,454050,1.0,0.0,0.0,0.0,9.370967,11.60124,2023-08-01
2253,2023-08-01 15:27:00,19750.0,19737.5,7513700,3627600,55.5,69.25,405100,231350,0.003046,-0.988039,0.00203722,0.00563253,9.659014,11.730529,2023-08-01
7514,2023-08-01 15:27:00,19800.0,19737.5,14029650,4126900,35.35,98.8,570750,185550,0.0,-1.0,0.0,0.0,9.850526,11.982079,2023-08-01
12772,2023-08-01 15:27:00,19850.0,19737.5,6760750,826600,20.9,134.85,339200,51950,0.0,-1.0,0.0,0.0,9.939806,12.499074,2023-08-01
18028,2023-08-01 15:27:00,19900.0,19737.5,8092400,635450,11.6,175.45,368650,25750,0.0,-1.0,0.0,0.0,10.036116,13.166652,2023-08-01
23282,2023-08-01 15:27:00,19950.0,19737.5,5612150,166750,6.0,219.5,277600,4700,0.0,-1.0,0.0,0.0,10.116713,14.037588,2023-08-01
28535,2023-08-01 15:27:00,20000.0,19737.5,7977050,440050,3.45,266.75,357700,12650,0.0,-1.0,0.0,0.0,10.559678,15.395408,2023-08-01
25909,2023-08-01 15:28:00,19500.0,19734.15,612150,7312850,244.3,8.05,18000,514400,,0.0,,0.0,0.0,12.755288,2023-08-01
20656,2023-08-01 15:28:00,19550.0,19734.15,227950,3218600,198.3,12.25,7600,427600,1.0,0.0,0.0,0.0,8.730433,12.212834,2023-08-01
15401,2023-08-01 15:28:00,19600.0,19734.15,2009500,9977300,155.95,19.5,67000,424450,1.0,0.0,0.0,0.0,9.659233,11.89354,2023-08-01
10144,2023-08-01 15:28:00,19650.0,19734.15,1776550,4801050,116.75,30.25,85550,299050,1.0,0.0,0.0,0.0,9.83392,11.578108,2023-08-01
4885,2023-08-01 15:28:00,19700.0,19734.15,7854050,9741000,82.6,46.15,501950,596850,1.0,0.0,0.0,0.0,9.84779,11.370472,2023-08-01
2254,2023-08-01 15:28:00,19750.0,19734.15,7513700,3627600,55.85,69.0,531100,350400,1.9e-05,-0.999847,2.187e-05,0.00013417,10.003917,11.398445,2023-08-01
7515,2023-08-01 15:28:00,19800.0,19734.15,14029650,4126900,35.75,99.15,792200,231750,0.0,-1.0,0.0,0.0,10.14595,11.673943,2023-08-01
12773,2023-08-01 15:28:00,19850.0,19734.15,6760750,826600,21.0,134.4,309800,33600,0.0,-1.0,0.0,0.0,10.141423,11.924518,2023-08-01
18029,2023-08-01 15:28:00,19900.0,19734.15,8092400,635450,11.7,174.85,352950,45400,0.0,-1.0,0.0,0.0,10.21524,12.391746,2023-08-01
23283,2023-08-01 15:28:00,19950.0,19734.15,5612150,166750,6.05,219.25,165650,2950,0.0,-1.0,0.0,0.0,10.266333,13.157178,2023-08-01
28536,2023-08-01 15:28:00,20000.0,19734.15,7977050,440050,3.5,267.15,251550,12700,0.0,-1.0,0.0,0.0,10.705765,14.56323,2023-08-01
25910,2023-08-01 15:29:00,19500.0,19736.1,612150,7312850,235.0,8.0,11300,401300,,0.0,,0.0,0.0,12.810986,2023-08-01
20657,2023-08-01 15:29:00,19550.0,19736.1,227950,3218600,199.8,12.3,10500,401650,1.0,0.0,0.0,0.0,8.539062,12.313541,2023-08-01
15402,2023-08-01 15:29:00,19600.0,19736.1,2009500,9977300,155.0,19.5,55100,441650,1.0,0.0,0.0,0.0,8.847473,11.990665,2023-08-01
10145,2023-08-01 15:29:00,19650.0,19736.1,1776550,4801050,116.8,30.45,75850,415650,1.0,0.0,0.0,0.0,9.529052,11.732223,2023-08-01
4886,2023-08-01 15:29:00,19700.0,19736.1,7854050,9741000,82.0,46.8,479050,677750,1.0,0.0,0.0,0.0,9.519266,11.623878,2023-08-01
2255,2023-08-01 15:29:00,19750.0,19736.1,7513700,3627600,55.5,69.55,656300,385150,0.0,-0.999994,1.8e-07,8.71e-06,9.781835,11.664411,2023-08-01
7516,2023-08-01 15:29:00,19800.0,19736.1,14029650,4126900,35.05,98.95,1031400,266950,0.0,-1.0,0.0,0.0,9.891732,11.857668,2023-08-01
12774,2023-08-01 15:29:00,19850.0,19736.1,6760750,826600,21.0,135.5,438300,63400,0.0,-1.0,0.0,0.0,10.039946,12.433269,2023-08-01
18030,2023-08-01 15:29:00,19900.0,19736.1,8092400,635450,11.8,175.35,432850,48750,0.0,-1.0,0.0,0.0,10.159929,12.888095,2023-08-01
23284,2023-08-01 15:29:00,19950.0,19736.1,5612150,166750,6.2,220.7,257550,8500,0.0,-1.0,0.0,0.0,10.258519,14.04915,2023-08-01
28537,2023-08-01 15:29:00,20000.0,19736.1,7977050,440050,3.5,267.2,319400,14000,0.0,-1.0,0.0,0.0,10.642193,15.153639,2023-08-01
15403,2023-08-01 15:30:00,19600.0,19737.3,2009500,9977300,155.7,19.85,50,700,1.0,0.0,0.0,0.0,8.73259,12.136907,2023-08-01
4887,2023-08-01 15:30:00,19700.0,19737.3,7854050,9741000,82.0,46.55,2000,2900,1.0,0.0,0.0,0.0,9.382232,11.664205,2023-08-01
2256,2023-08-01 15:30:00,19750.0,19737.3,7513700,3627600,55.6,69.55,200,1850,0.0,-1.0,0.0,0.0,9.699189,11.769891,2023-08-01
7517,2023-08-01 15:30:00,19800.0,19737.3,14029650,4126900,35.3,100.0,350,850,0.0,-1.0,0.0,0.0,9.86046,12.179743,2023-08-01
18031,2023-08-01 15:30:00,19900.0,19737.3,8092400,635450,11.8,176.25,100,50,0.0,-1.0,0.0,0.0,10.108605,13.320686,2023-08-01
25911,2023-08-02 09:15:00,19400.0,19646.3,261750,4523000,263.0,6.05,36950,859400,1.0,0.0,0.0,0.0,17.531739,15.411726,2023-08-01
20658,2023-08-02 09:15:00,19450.0,19646.3,67850,3556900,215.75,9.35,13400,926100,1.0,0.0,0.0,0.0,16.097485,14.666702,2023-08-01
15404,2023-08-02 09:15:00,19500.0,19646.3,600400,7392550,172.35,15.5,154850,1831550,1.0,0.0,0.0,0.0,15.50447,14.262879,2023-08-01
10146,2023-08-02 09:15:00,19550.0,19646.3,214600,3334150,131.85,24.75,112000,1656900,1.0,0.0,0.0,0.0,14.871678,13.800046,2023-08-01
4888,2023-08-02 09:15:00,19600.0,19646.3,1952100,9789500,95.7,38.6,909000,3732150,1.0,0.0,0.0,0.0,14.303481,13.376758,2023-08-01
2257,2023-08-02 09:15:00,19650.0,19646.3,1643900,4719050,64.8,57.6,1451550,3124100,0.0,-1.0,0.0,0.0,13.733013,12.83917,2023-08-01
7518,2023-08-02 09:15:00,19700.0,19646.3,7677400,9591100,40.75,84.0,3603200,4372850,0.0,-1.0,0.0,0.0,13.308559,12.477158,2023-08-01
12775,2023-08-02 09:15:00,19750.0,19646.3,7197000,3344150,24.25,116.8,1939950,1319300,0.0,-1.0,0.0,0.0,13.169351,11.998501,2023-08-01
18032,2023-08-02 09:15:00,19800.0,19646.3,13598950,3888000,14.05,156.9,2842250,1147800,0.0,-1.0,0.0,0.0,13.305486,11.862079,2023-08-01
23285,2023-08-02 09:15:00,19850.0,19646.3,6593800,822650,7.85,200.15,1584500,186750,0.0,-1.0,0.0,0.0,13.517489,10.935287,2023-08-01
28538,2023-08-02 09:15:00,19900.0,19646.3,8030500,615350,4.85,247.05,1959800,168050,0.0,-1.0,0.0,0.0,14.182742,8.606364,2023-08-01
25912,2023-08-02 09:16:00,19400.0,19649.35,261750,4523000,258.0,6.0,41200,977550,1.0,0.0,0.0,0.0,12.319888,15.52524,2023-08-01
20659,2023-08-02 09:16:00,19450.0,19649.35,67850,3556900,211.7,9.25,26500,1204550,1.0,0.0,0.0,0.0,12.95683,14.780701,2023-08-01
15405,2023-08-02 09:16:00,19500.0,19649.35,600400,7392550,168.5,15.55,234300,2500000,1.0,0.0,0.0,0.0,13.363814,14.462341,2023-08-01
10147,2023-08-02 09:16:00,19550.0,19649.35,214600,3334150,128.0,24.8,191250,1566500,1.0,0.0,0.0,0.0,13.234505,14.027149,2023-08-01
4889,2023-08-02 09:16:00,19600.0,19649.35,1952100,9789500,92.05,39.15,1212700,3558100,1.0,0.0,0.0,0.0,13.015918,13.762472,2023-08-01
2258,2023-08-02 09:16:00,19650.0,19649.35,1643900,4719050,61.75,59.1,2090900,3157300,0.0,-1.0,0.0,0.0,12.734056,13.490602,2023-08-01
7519,2023-08-02 09:16:00,19700.0,19649.35,7677400,9591100,38.2,86.0,3180900,3204700,0.0,-1.0,0.0,0.0,12.468583,13.362709,2023-08-01
12776,2023-08-02 09:16:00,19750.0,19649.35,7197000,3344150,22.6,120.1,1866750,1053800,0.0,-1.0,0.0,0.0,12.521587,13.48621,2023-08-01
18033,2023-08-02 09:16:00,19800.0,19649.35,13598950,3888000,12.95,160.65,2446050,804050,0.0,-1.0,0.0,0.0,12.753985,14.045021,2023-08-01
23286,2023-08-02 09:16:00,19850.0,19649.35,6593800,822650,7.45,205.15,1681000,135250,0.0,-1.0,0.0,0.0,13.177587,14.891356,2023-08-01
28539,2023-08-02 09:16:00,19900.0,19649.35,8030500,615350,4.7,251.95,2207750,138600,0.0,-1.0,0.0,0.0,13.950442,15.95703,2023-08-01
25913,2023-08-02 09:17:00,19400.0,19656.4,293200,4717150,262.9,5.55,21350,877250,,0.0,,0.0,0.0,15.566031,2023-08-01
20660,2023-08-02 09:17:00,19450.0,19656.4,75850,3750850,215.0,8.6,17650,750500,1.0,0.0,0.0,0.0,10.526882,14.836807,2023-08-01
15406,2023-08-02 09:17:00,19500.0,19656.4,869600,8067900,171.15,14.35,304700,1365250,1.0,0.0,0.0,0.0,12.000833,14.459471,2023-08-01
10148,2023-08-02 09:17:00,19550.0,19656.4,333100,3617550,129.65,23.15,192700,860600,1.0,0.0,0.0,0.0,12.137661,14.056875,2023-08-01
4890,2023-08-02 09:17:00,19600.0,19656.4,2860250,10418100,93.9,37.0,766250,2015250,1.0,0.0,0.0,0.0,12.357816,13.843999,2023-08-01
2259,2023-08-02 09:17:00,19650.0,19656.4,3139500,5213850,62.85,56.35,1400250,1590300,1.0,0.0,0.0,0.0,12.166514,13.62246,2023-08-01
7520,2023-08-02 09:17:00,19700.0,19656.4,10488050,8558350,39.8,83.0,2788900,1761400,0.0,-1.0,0.0,0.0,12.212635,13.642566,2023-08-01
12777,2023-08-02 09:17:00,19750.0,19656.4,7789150,2826100,23.85,116.4,1349550,557300,0.0,-1.0,0.0,0.0,12.359557,13.830984,2023-08-01
18034,2023-08-02 09:17:00,19800.0,19656.4,14325400,3652050,13.85,156.9,1733100,582900,0.0,-1.0,0.0,0.0,12.653096,14.631659,2023-08-01
23287,2023-08-02 09:17:00,19850.0,19656.4,6811750,761150,7.95,200.4,1167700,80850,0.0,-1.0,0.0,0.0,13.063534,15.403211,2023-08-01
28540,2023-08-02 09:17:00,19900.0,19656.4,8140850,563850,4.9,247.95,1434200,84200,0.0,-1.0,0.0,0.0,13.769271,17.050902,2023-08-01
25914,2023-08-02 09:18:00,19400.0,19653.1,293200,4717150,257.05,5.35,15800,1052050,,0.0,,0.0,0.0,15.291153,2023-08-01
20661,2023-08-02 09:18:00,19450.0,19653.1,75850,3750850,210.15,8.65,15900,791550,1.0,0.0,0.0,0.0,7.983356,14.699205,2023-08-01
15407,2023-08-02 09:18:00,19500.0,19653.1,869600,8067900,166.0,14.85,91250,1319950,1.0,0.0,0.0,0.0,10.986179,14.44826,2023-08-01
10149,2023-08-02 09:18:00,19550.0,19653.1,333100,3617550,125.5,24.1,120650,980500,1.0,0.0,0.0,0.0,11.677004,14.100098,2023-08-01
4891,2023-08-02 09:18:00,19600.0,19653.1,2860250,10418100,90.2,38.9,597650,1942750,1.0,0.0,0.0,0.0,12.005772,14.022461,2023-08-01
2260,2023-08-02 09:18:00,19650.0,19653.1,3139500,5213850,60.5,59.0,1059400,1524800,1.0,0.0,0.0,0.0,12.04236,13.865672,2023-08-01
7521,2023-08-02 09:18:00,19700.0,19653.1,10488050,8558350,37.85,86.95,2280950,1579750,0.0,-1.0,0.0,0.0,12.069434,14.090772,2023-08-01
12778,2023-08-02 09:18:00,19750.0,19653.1,7789150,2826100,22.55,121.15,1160400,493850,0.0,-1.0,0.0,0.0,12.25435,14.442686,2023-08-01
18035,2023-08-02 09:18:00,19800.0,19653.1,14325400,3652050,13.1,161.65,1517800,316250,0.0,-1.0,0.0,0.0,12.595968,15.276495,2023-08-01
23288,2023-08-02 09:18:00,19850.0,19653.1,6811750,761150,7.55,206.45,1064600,56450,0.0,-1.0,0.0,0.0,13.045923,16.588771,2023-08-01
28541,2023-08-02 09:18:00,19900.0,19653.1,8140850,563850,4.8,253.25,1186650,37200,0.0,-1.0,0.0,0.0,13.856745,18.081759,2023-08-01
25915,2023-08-02 09:19:00,19400.0,19654.2,293200,4717150,257.9,5.15,7850,626500,,0.0,,0.0,0.0,15.211916,2023-08-01
20662,2023-08-02 09:19:00,19450.0,19654.2,75850,3750850,211.75,8.25,17000,513350,1.0,0.0,0.0,0.0,9.114466,14.566562,2023-08-01
15408,2023-08-02 09:19:00,19500.0,19654.2,869600,8067900,167.7,14.3,67850,1062500,1.0,0.0,0.0,0.0,11.332016,14.323299,2023-08-01
10150,2023-08-02 09:19:00,19550.0,19654.2,333100,3617550,126.5,23.4,82150,1054950,1.0,0.0,0.0,0.0,11.719435,13.985558,2023-08-01
4892,2023-08-02 09:19:00,19600.0,19654.2,2860250,10418100,91.25,38.05,499450,1525750,1.0,0.0,0.0,0.0,12.084666,13.918009,2023-08-01
2261,2023-08-02 09:19:00,19650.0,19654.2,3139500,5213850,61.3,58.2,954000,1480350,1.0,0.0,0.0,0.0,12.09311,13.808038,2023-08-01
7522,2023-08-02 09:19:00,19700.0,19654.2,10488050,8558350,38.5,85.55,2024650,2179300,0.0,-1.0,0.0,0.0,12.123056,13.927428,2023-08-01
12779,2023-08-02 09:19:00,19750.0,19654.2,7789150,2826100,23.1,119.75,909100,335350,0.0,-1.0,0.0,0.0,12.326184,14.289072,2023-08-01
18036,2023-08-02 09:19:00,19800.0,19654.2,14325400,3652050,13.55,160.1,1753400,452550,0.0,-1.0,0.0,0.0,12.688895,15.076151,2023-08-01
23289,2023-08-02 09:19:00,19850.0,19654.2,6811750,761150,7.8,204.1,961750,75650,0.0,-1.0,0.0,0.0,13.112494,16.083613,2023-08-01
28542,2023-08-02 09:19:00,19900.0,19654.2,8140850,563850,5.0,251.7,952800,25000,0.0,-1.0,0.0,0.0,13.941106,17.839278,2023-08-01
25916,2023-08-02 09:20:00,19400.0,19645.1,300700,4886650,249.5,5.35,10550,831600,,0.0,,0.0,0.0,14.93842,2023-08-01
20663,2023-08-02 09:20:00,19450.0,19645.1,90450,4066500,202.8,8.85,18000,931500,1.0,0.0,0.0,0.0,9.02247,14.396608,2023-08-01
15409,2023-08-02 09:20:00,19500.0,19645.1,941800,8299900,159.8,15.5,114650,1611800,1.0,0.0,0.0,0.0,11.405317,14.210843,2023-08-01
10151,2023-08-02 09:20:00,19550.0,19645.1,407750,4184400,119.9,25.45,168900,1261500,1.0,0.0,0.0,0.0,11.883008,13.922065,2023-08-01
4893,2023-08-02 09:20:00,19600.0,19645.1,3343300,11056750,85.4,41.05,902600,2928750,1.0,0.0,0.0,0.0,12.122033,13.856187,2023-08-01
2262,2023-08-02 09:20:00,19650.0,19645.1,4076850,5799850,56.55,62.35,1994400,2611800,0.0,-1.0,0.0,0.0,12.092485,13.759472,2023-08-01
7523,2023-08-02 09:20:00,19700.0,19645.1,11755450,7683650,35.25,91.3,2301450,2352400,0.0,-1.0,0.0,0.0,12.172945,13.985908,2023-08-01
12780,2023-08-02 09:20:00,19750.0,19645.1,8479600,2742050,21.2,127.1,1264900,673100,0.0,-1.0,0.0,0.0,12.450106,14.51481,2023-08-01
18037,2023-08-02 09:20:00,19800.0,19645.1,14781750,3735650,12.75,168.7,2324950,754200,0.0,-1.0,0.0,0.0,12.943449,15.504011,2023-08-01
23290,2023-08-02 09:20:00,19850.0,19645.1,7241150,745150,7.5,213.05,1096850,122000,0.0,-1.0,0.0,0.0,13.428669,16.544529,2023-08-01
28543,2023-08-02 09:20:00,19900.0,19645.1,8347150,567350,4.9,260.4,1242700,82300,0.0,-1.0,0.0,0.0,14.290146,18.148959,2023-08-01
25917,2023-08-02 09:21:00,19400.0,19646.5,300700,4886650,249.85,5.3,7900,376650,,0.0,,0.0,0.0,14.9732,2023-08-01
20664,2023-08-02 09:21:00,19450.0,19646.5,90450,4066500,204.15,8.75,13400,448650,1.0,0.0,0.0,0.0,9.007839,14.425038,2023-08-01
15410,2023-08-02 09:21:00,19500.0,19646.5,941800,8299900,160.5,15.3,76400,938100,1.0,0.0,0.0,0.0,11.177299,14.229305,2023-08-01
10152,2023-08-02 09:21:00,19550.0,19646.5,407750,4184400,120.4,25.1,98750,774350,1.0,0.0,0.0,0.0,11.716932,13.929262,2023-08-01
4894,2023-08-02 09:21:00,19600.0,19646.5,3343300,11056750,86.1,40.7,554200,1512600,1.0,0.0,0.0,0.0,12.077388,13.898178,2023-08-01
2263,2023-08-02 09:21:00,19650.0,19646.5,4076850,5799850,57.1,62.0,1056900,1183700,0.0,-1.0,0.0,0.0,12.060939,13.836558,2023-08-01
7524,2023-08-02 09:21:00,19700.0,19646.5,11755450,7683650,35.85,90.85,1434450,1079400,0.0,-1.0,0.0,0.0,12.195696,14.081987,2023-08-01
12781,2023-08-02 09:21:00,19750.0,19646.5,8479600,2742050,21.55,126.4,721000,304300,0.0,-1.0,0.0,0.0,12.453652,14.596173,2023-08-01
18038,2023-08-02 09:21:00,19800.0,19646.5,14781750,3735650,12.95,168.1,1254550,616750,0.0,-1.0,0.0,0.0,12.937124,15.661313,2023-08-01
23291,2023-08-02 09:21:00,19850.0,19646.5,7241150,745150,7.55,212.55,833700,39250,0.0,-1.0,0.0,0.0,13.387118,16.797312,2023-08-01
28544,2023-08-02 09:21:00,19900.0,19646.5,8347150,567350,4.9,259.65,802950,50800,0.0,-1.0,0.0,0.0,14.231362,18.357218,2023-08-01
25918,2023-08-02 09:22:00,19400.0,19653.1,300700,4886650,254.75,4.95,19100,577200,,0.0,,0.0,0.0,15.039595,2023-08-01
20665,2023-08-02 09:22:00,19450.0,19653.1,90450,4066500,207.6,8.0,19350,760550,,0.0,,0.0,0.0,14.401584,2023-08-01
15411,2023-08-02 09:22:00,19500.0,19653.1,941800,8299900,163.55,14.05,126500,1221700,1.0,0.0,0.0,0.0,9.67923,14.18322,2023-08-01
10153,2023-08-02 09:22:00,19550.0,19653.1,407750,4184400,123.05,23.3,99750,1448950,1.0,0.0,0.0,0.0,10.929964,13.894485,2023-08-01
4895,2023-08-02 09:22:00,19600.0,19653.1,3343300,11056750,88.15,38.4,593700,1451200,1.0,0.0,0.0,0.0,11.529199,13.920023,2023-08-01
2264,2023-08-02 09:22:00,19650.0,19653.1,4076850,5799850,58.55,59.05,1014750,1175200,1.0,0.0,0.0,0.0,11.63212,13.890344,2023-08-01
7525,2023-08-02 09:22:00,19700.0,19653.1,11755450,7683650,36.85,87.35,1523050,1370200,0.0,-1.0,0.0,0.0,11.857479,14.193902,2023-08-01
12782,2023-08-02 09:22:00,19750.0,19653.1,8479600,2742050,22.2,122.65,669200,213450,0.0,-1.0,0.0,0.0,12.175853,14.831048,2023-08-01
18039,2023-08-02 09:22:00,19800.0,19653.1,14781750,3735650,13.2,163.5,986250,280750,0.0,-1.0,0.0,0.0,12.645082,15.832585,2023-08-01
23292,2023-08-02 09:22:00,19850.0,19653.1,7241150,745150,7.8,208.2,712850,37200,0.0,-1.0,0.0,0.0,13.179388,17.209369,2023-08-01
28545,2023-08-02 09:22:00,19900.0,19653.1,8347150,567350,5.05,255.8,890850,31550,0.0,-1.0,0.0,0.0,14.035126,19.119852,2023-08-01
25919,2023-08-02 09:23:00,19400.0,19648.85,312700,4994450,247.75,5.1,21950,441200,,0.0,,0.0,0.0,14.955018,2023-08-01
20666,2023-08-02 09:23:00,19450.0,19648.85,108250,4149950,201.5,8.4,14950,360000,,0.0,,0.0,0.0,14.386467,2023-08-01
15412,2023-08-02 09:23:00,19500.0,19648.85,1035050,8512850,158.0,14.85,113250,820700,1.0,0.0,0.0,0.0,8.616354,14.220399,2023-08-01
10154,2023-08-02 09:23:00,19550.0,19648.85,491400,4994650,118.0,24.55,108850,1026300,1.0,0.0,0.0,0.0,10.419573,13.950369,2023-08-01
4896,2023-08-02 09:23:00,19600.0,19648.85,3896800,11352150,83.7,40.5,560750,1007700,1.0,0.0,0.0,0.0,11.150072,14.057547,2023-08-01
2265,2023-08-02 09:23:00,19650.0,19648.85,5310150,6114450,55.2,62.35,1130600,1096800,0.0,-1.0,0.0,0.0,11.391505,14.168959,2023-08-01
7526,2023-08-02 09:23:00,19700.0,19648.85,12709400,7440600,34.7,91.8,1686350,1220450,0.0,-1.0,0.0,0.0,11.738514,14.62505,2023-08-01
12783,2023-08-02 09:23:00,19750.0,19648.85,8890550,2641250,20.95,128.0,712950,187950,0.0,-1.0,0.0,0.0,12.136752,15.427388,2023-08-01
18040,2023-08-02 09:23:00,19800.0,19648.85,15031750,3752900,12.55,169.5,981950,292550,0.0,-1.0,0.0,0.0,12.668931,16.618761,2023-08-01
23293,2023-08-02 09:23:00,19850.0,19648.85,7393850,749400,7.5,214.85,700800,36950,0.0,-1.0,0.0,0.0,13.25349,18.269107,2023-08-01
28546,2023-08-02 09:23:00,19900.0,19648.85,8436150,579650,4.95,261.9,835600,31200,0.0,-1.0,0.0,0.0,14.166597,20.064509,2023-08-01
25920,2023-08-02 09:24:00,19400.0,19645.9,312700,4994450,247.05,5.0,16100,689100,,0.0,,0.0,0.0,14.75989,2023-08-01
20667,2023-08-02 09:24:00,19450.0,19645.9,108250,4149950,200.15,8.4,16750,712100,,0.0,,0.0,0.0,14.241978,2023-08-01
15413,2023-08-02 09:24:00,19500.0,19645.9,1035050,8512850,156.3,14.8,132450,934350,1.0,0.0,0.0,0.0,9.326439,14.034922,2023-08-01
10155,2023-08-02 09:24:00,19550.0,19645.9,491400,4994650,116.3,24.85,107250,700750,1.0,0.0,0.0,0.0,10.637717,13.831247,2023-08-01
4897,2023-08-02 09:24:00,19600.0,19645.9,3896800,11352150,82.3,41.05,627950,1376300,1.0,0.0,0.0,0.0,11.286535,13.938371,2023-08-01
2266,2023-08-02 09:24:00,19650.0,19645.9,5310150,6114450,54.25,62.95,1055100,1190850,0.0,-1.0,0.0,0.0,11.518293,13.989528,2023-08-01
7527,2023-08-02 09:24:00,19700.0,19645.9,12709400,7440600,33.95,92.85,1305850,1177550,0.0,-1.0,0.0,0.0,11.820097,14.462033,2023-08-01
12784,2023-08-02 09:24:00,19750.0,19645.9,8890550,2641250,20.3,129.05,670550,327850,0.0,-1.0,0.0,0.0,12.163053,15.17216,2023-08-01
18041,2023-08-02 09:24:00,19800.0,19645.9,15031750,3752900,12.15,171.25,926500,304250,0.0,-1.0,0.0,0.0,12.69922,16.466437,2023-08-01
23294,2023-08-02 09:24:00,19850.0,19645.9,7393850,749400,7.2,215.45,474650,39200,0.0,-1.0,0.0,0.0,13.257288,17.653764,2023-08-01
28547,2023-08-02 09:24:00,19900.0,19645.9,8436150,579650,4.7,263.6,832600,49850,0.0,-1.0,0.0,0.0,14.136964,19.754893,2023-08-01
25921,2023-08-02 09:25:00,19400.0,19641.1,312700,4994450,241.4,5.2,25050,411250,,0.0,,0.0,0.0,14.679902,2023-08-01
20668,2023-08-02 09:25:00,19450.0,19641.1,108250,4149950,195.0,8.7,15550,431850,,0.0,,0.0,0.0,14.142993,2023-08-01
15414,2023-08-02 09:25:00,19500.0,19641.1,1035050,8512850,152.2,15.5,70650,750800,1.0,0.0,0.0,0.0,9.507741,13.992894,2023-08-01
10156,2023-08-02 09:25:00,19550.0,19641.1,491400,4994650,112.5,25.85,80950,639950,1.0,0.0,0.0,0.0,10.646121,13.765818,2023-08-01
4898,2023-08-02 09:25:00,19600.0,19641.1,3896800,11352150,79.1,42.65,690950,1338200,1.0,0.0,0.0,0.0,11.273618,13.895816,2023-08-01
2267,2023-08-02 09:25:00,19650.0,19641.1,5310150,6114450,51.65,65.4,952950,1186500,0.0,-1.0,0.0,0.0,11.480521,14.006238,2023-08-01
7528,2023-08-02 09:25:00,19700.0,19641.1,12709400,7440600,32.05,95.8,1398400,1102600,0.0,-1.0,0.0,0.0,11.782161,14.464358,2023-08-01
12785,2023-08-02 09:25:00,19750.0,19641.1,8890550,2641250,19.15,132.85,841300,371700,0.0,-1.0,0.0,0.0,12.167118,15.27165,2023-08-01
18042,2023-08-02 09:25:00,19800.0,19641.1,15031750,3752900,11.4,175.0,987250,365500,0.0,-1.0,0.0,0.0,12.700352,16.467889,2023-08-01
23295,2023-08-02 09:25:00,19850.0,19641.1,7393850,749400,6.85,220.35,559000,43850,0.0,-1.0,0.0,0.0,13.321099,17.970923,2023-08-01
28548,2023-08-02 09:25:00,19900.0,19641.1,8436150,579650,4.5,267.65,868000,26400,0.0,-1.0,0.0,0.0,14.217277,19.726166,2023-08-01
25922,2023-08-02 09:26:00,19400.0,19632.8,322500,5247900,237.95,5.45,17650,464600,,0.0,,0.0,0.0,14.465617,2023-08-01
20669,2023-08-02 09:26:00,19450.0,19632.8,117600,3989600,191.2,9.25,21900,644300,1.0,0.0,0.0,0.0,9.432784,13.969024,2023-08-01
15415,2023-08-02 09:26:00,19500.0,19632.8,1111750,8702100,148.05,16.25,206200,1336650,1.0,0.0,0.0,0.0,11.006849,13.746125,2023-08-01
10157,2023-08-02 09:26:00,19550.0,19632.8,596350,5485150,109.1,27.1,168250,1114150,1.0,0.0,0.0,0.0,11.508457,13.502945,2023-08-01
4899,2023-08-02 09:26:00,19600.0,19632.8,4427450,11633100,76.35,44.5,937350,3097900,1.0,0.0,0.0,0.0,11.848584,13.585818,2023-08-01
2268,2023-08-02 09:26:00,19650.0,19632.8,6495600,6501100,49.75,67.95,1454450,2175400,0.0,-1.0,0.0,0.0,11.943709,13.635043,2023-08-01
7529,2023-08-02 09:26:00,19700.0,19632.8,13720050,7396150,30.7,98.75,1841600,1765450,0.0,-1.0,0.0,0.0,12.139414,13.93574,2023-08-01
12786,2023-08-02 09:26:00,19750.0,19632.8,9141500,2557300,18.25,136.55,969250,499450,0.0,-1.0,0.0,0.0,12.456763,14.656546,2023-08-01
18043,2023-08-02 09:26:00,19800.0,19632.8,15124550,3504900,10.85,179.15,1380600,532750,0.0,-1.0,0.0,0.0,12.956786,15.705584,2023-08-01
23296,2023-08-02 09:26:00,19850.0,19632.8,7486350,728500,6.55,224.65,1022200,92800,0.0,-1.0,0.0,0.0,13.571697,16.98467,2023-08-01
28549,2023-08-02 09:26:00,19900.0,19632.8,8762500,562300,4.45,272.95,933850,53400,0.0,-1.0,0.0,0.0,14.552767,18.919732,2023-08-01
25923,2023-08-02 09:27:00,19400.0,19630.6,322500,5247900,235.4,5.65,17350,543350,,0.0,,0.0,0.0,14.492074,2023-08-01
20670,2023-08-02 09:27:00,19450.0,19630.6,117600,3989600,189.9,9.35,17050,539150,1.0,0.0,0.0,0.0,10.156301,13.9025,2023-08-01
15416,2023-08-02 09:27:00,19500.0,19630.6,1111750,8702100,147.05,16.5,141000,919750,1.0,0.0,0.0,0.0,11.36132,13.696769,2023-08-01
10158,2023-08-02 09:27:00,19550.0,19630.6,596350,5485150,108.25,27.75,228850,849050,1.0,0.0,0.0,0.0,11.728695,13.513539,2023-08-01
4900,2023-08-02 09:27:00,19600.0,19630.6,4427450,11633100,75.6,45.4,836600,2194500,1.0,0.0,0.0,0.0,11.987682,13.593123,2023-08-01
2269,2023-08-02 09:27:00,19650.0,19630.6,6495600,6501100,48.95,69.05,1295800,1518350,0.0,-1.0,0.0,0.0,11.997592,13.625026,2023-08-01
7530,2023-08-02 09:27:00,19700.0,19630.6,13720050,7396150,30.1,100.35,1718450,1402850,0.0,-1.0,0.0,0.0,12.174038,13.980112,2023-08-01
12787,2023-08-02 09:27:00,19750.0,19630.6,9141500,2557300,17.9,138.0,946100,308400,0.0,-1.0,0.0,0.0,12.499958,14.609166,2023-08-01
18044,2023-08-02 09:27:00,19800.0,19630.6,15124550,3504900,10.55,181.15,1292800,324000,0.0,-1.0,0.0,0.0,12.964636,15.778037,2023-08-01
23297,2023-08-02 09:27:00,19850.0,19630.6,7486350,728500,6.4,226.7,986100,50250,0.0,-1.0,0.0,0.0,13.601089,17.051157,2023-08-01
28550,2023-08-02 09:27:00,19900.0,19630.6,8762500,562300,4.4,274.2,1002800,32750,0.0,-1.0,0.0,0.0,14.617853,18.612435,2023-08-01
25924,2023-08-02 09:28:00,19400.0,19631.4,322500,5247900,236.3,5.5,18250,455450,,0.0,,0.0,0.0,14.440245,2023-08-01
20671,2023-08-02 09:28:00,19450.0,19631.4,117600,3989600,189.5,9.2,15100,392050,1.0,0.0,0.0,0.0,9.067497,13.881717,2023-08-01
15417,2023-08-02 09:28:00,19500.0,19631.4,1111750,8702100,147.0,16.35,136400,822650,1.0,0.0,0.0,0.0,11.079452,13.700741,2023-08-01
10159,2023-08-02 09:28:00,19550.0,19631.4,596350,5485150,108.3,27.4,186550,762450,1.0,0.0,0.0,0.0,11.584683,13.485551,2023-08-01
4901,2023-08-02 09:28:00,19600.0,19631.4,4427450,11633100,75.3,44.95,715150,1758200,1.0,0.0,0.0,0.0,11.812826,13.567858,2023-08-01
2270,2023-08-02 09:28:00,19650.0,19631.4,6495600,6501100,48.65,68.35,1216900,1313300,0.0,-1.0,0.0,0.0,11.85408,13.567959,2023-08-01
7531,2023-08-02 09:28:00,19700.0,19631.4,13720050,7396150,29.85,99.7,1433700,1202700,0.0,-1.0,0.0,0.0,12.054275,13.952747,2023-08-01
12788,2023-08-02 09:28:00,19750.0,19631.4,9141500,2557300,17.85,137.35,777550,294350,0.0,-1.0,0.0,0.0,12.437351,14.598033,2023-08-01
18045,2023-08-02 09:28:00,19800.0,19631.4,15124550,3504900,10.65,180.0,875000,289950,0.0,-1.0,0.0,0.0,12.963733,15.619558,2023-08-01
23298,2023-08-02 09:28:00,19850.0,19631.4,7486350,728500,6.45,226.0,813150,31750,0.0,-1.0,0.0,0.0,13.593548,17.049389,2023-08-01
28551,2023-08-02 09:28:00,19900.0,19631.4,8762500,562300,4.45,274.15,798600,19300,0.0,-1.0,0.0,0.0,14.622853,18.911703,2023-08-01
25925,2023-08-02 09:29:00,19400.0,19628.35,325050,5251550,235.7,5.6,23200,457850,1.0,0.0,0.0,0.0,9.757524,14.365278,2023-08-01
20672,2023-08-02 09:29:00,19450.0,19628.35,126150,4067150,189.4,9.4,30150,533650,1.0,0.0,0.0,0.0,11.281579,13.814385,2023-08-01
15418,2023-08-02 09:29:00,19500.0,19628.35,1265100,8644800,146.1,16.7,161500,1006100,1.0,0.0,0.0,0.0,11.727405,13.630442,2023-08-01
10160,2023-08-02 09:29:00,19550.0,19628.35,784250,5666750,107.4,27.8,241600,880650,1.0,0.0,0.0,0.0,11.953579,13.368369,2023-08-01
4902,2023-08-02 09:29:00,19600.0,19628.35,5124250,11781550,74.95,45.35,893750,2142500,1.0,0.0,0.0,0.0,12.155716,13.383732,2023-08-01
2271,2023-08-02 09:29:00,19650.0,19628.35,7459950,6567000,48.4,69.1,1390550,1729650,0.0,-1.0,0.0,0.0,12.112174,13.379688,2023-08-01
7532,2023-08-02 09:29:00,19700.0,19628.35,14574450,7184900,29.7,100.55,1249900,1314300,0.0,-1.0,0.0,0.0,12.262112,13.686598,2023-08-01
12789,2023-08-02 09:29:00,19750.0,19628.35,9156050,2516300,17.65,138.4,683450,379900,0.0,-1.0,0.0,0.0,12.577817,14.260935,2023-08-01
18046,2023-08-02 09:29:00,19800.0,19628.35,15237350,3381100,10.55,181.6,924550,322050,0.0,-1.0,0.0,0.0,13.095114,15.32679,2023-08-01
23299,2023-08-02 09:29:00,19850.0,19628.35,7635400,725050,6.35,227.3,673000,50850,0.0,-1.0,0.0,0.0,13.68981,16.523286,2023-08-01
28552,2023-08-02 09:29:00,19900.0,19628.35,8739200,556450,4.45,274.65,939000,33850,0.0,-1.0,0.0,0.0,14.761347,17.882168,2023-08-01
25926,2023-08-02 09:30:00,19400.0,19629.05,325050,5251550,233.2,5.6,43550,396050,,0.0,,0.0,0.0,14.401417,2023-08-01
20673,2023-08-02 09:30:00,19450.0,19629.05,126150,4067150,187.25,9.55,15000,400150,1.0,0.0,0.0,0.0,9.098016,13.919751,2023-08-01
15419,2023-08-02 09:30:00,19500.0,19629.05,1265100,8644800,144.8,16.95,146650,853850,1.0,0.0,0.0,0.0,11.018749,13.756391,2023-08-01
10161,2023-08-02 09:30:00,19550.0,19629.05,784250,5666750,106.1,28.4,149450,682400,1.0,0.0,0.0,0.0,11.4711,13.576212,2023-08-01
4903,2023-08-02 09:30:00,19600.0,19629.05,5124250,11781550,73.9,46.25,824050,1710600,1.0,0.0,0.0,0.0,11.82726,13.652924,2023-08-01
2272,2023-08-02 09:30:00,19650.0,19629.05,7459950,6567000,47.6,70.25,1030650,1380600,0.0,-1.0,0.0,0.0,11.869898,13.717084,2023-08-01
7533,2023-08-02 09:30:00,19700.0,19629.05,14574450,7184900,29.25,101.8,1194200,1089450,0.0,-1.0,0.0,0.0,12.101892,14.09373,2023-08-01
12790,2023-08-02 09:30:00,19750.0,19629.05,9156050,2516300,17.4,140.0,670650,294500,0.0,-1.0,0.0,0.0,12.462185,14.848264,2023-08-01
18047,2023-08-02 09:30:00,19800.0,19629.05,15237350,3381100,10.35,183.05,871450,202500,0.0,-1.0,0.0,0.0,12.981765,15.995366,2023-08-01
23300,2023-08-02 09:30:00,19850.0,19629.05,7635400,725050,6.1,228.45,1351900,40150,0.0,-1.0,0.0,0.0,13.52262,17.224356,2023-08-01
28553,2023-08-02 09:30:00,19900.0,19629.05,8739200,556450,4.25,276.8,782850,19550,0.0,-1.0,0.0,0.0,14.58892,19.173767,2023-08-01
25927,2023-08-02 09:31:00,19400.0,19635.65,325050,5251550,238.75,5.4,13600,245800,,0.0,,0.0,0.0,14.58386,2023-08-01
20674,2023-08-02 09:31:00,19450.0,19635.65,126150,4067150,192.0,9.0,14700,311850,,0.0,,0.0,0.0,14.023141,2023-08-01
15420,2023-08-02 09:31:00,19500.0,19635.65,1265100,8644800,149.6,15.9,129300,835200,1.0,0.0,0.0,0.0,10.636984,13.821877,2023-08-01
10162,2023-08-02 09:31:00,19550.0,19635.65,784250,5666750,110.3,26.6,197200,1207450,1.0,0.0,0.0,0.0,11.260679,13.596138,2023-08-01
4904,2023-08-02 09:31:00,19600.0,19635.65,5124250,11781550,77.05,43.85,672850,1170750,1.0,0.0,0.0,0.0,11.623126,13.71081,2023-08-01
2273,2023-08-02 09:31:00,19650.0,19635.65,7459950,6567000,50.2,66.95,875150,829050,0.0,-1.0,0.0,0.0,11.764651,13.757977,2023-08-01
7534,2023-08-02 09:31:00,19700.0,19635.65,14574450,7184900,31.15,98.0,1254400,1069850,0.0,-1.0,0.0,0.0,12.036058,14.202839,2023-08-01
12791,2023-08-02 09:31:00,19750.0,19635.65,9156050,2516300,18.55,135.25,857000,187200,0.0,-1.0,0.0,0.0,12.376663,14.887436,2023-08-01
18048,2023-08-02 09:31:00,19800.0,19635.65,15237350,3381100,11.0,178.05,822500,156450,0.0,-1.0,0.0,0.0,12.875912,16.100825,2023-08-01
23301,2023-08-02 09:31:00,19850.0,19635.65,7635400,725050,6.45,223.55,721050,15100,0.0,-1.0,0.0,0.0,13.400356,17.501598,2023-08-01
28554,2023-08-02 09:31:00,19900.0,19635.65,8739200,556450,4.45,270.7,686700,13650,0.0,-1.0,0.0,0.0,14.447987,19.050395,2023-08-01
25928,2023-08-02 09:32:00,19400.0,19637.7,363350,5374800,239.1,5.2,15400,232700,,0.0,,0.0,0.0,14.553066,2023-08-01
20675,2023-08-02 09:32:00,19450.0,19637.7,131550,4192750,192.4,8.7,17200,368700,,0.0,,0.0,0.0,13.99564,2023-08-01
15421,2023-08-02 09:32:00,19500.0,19637.7,1400050,8890550,148.85,15.55,163200,813250,1.0,0.0,0.0,0.0,9.403048,13.832748,2023-08-01
10163,2023-08-02 09:32:00,19550.0,19637.7,967100,6344000,109.6,26.15,179600,816050,1.0,0.0,0.0,0.0,10.604676,13.62857,2023-08-01
4905,2023-08-02 09:32:00,19600.0,19637.7,5554900,12232000,76.55,43.35,824650,1417850,1.0,0.0,0.0,0.0,11.212909,13.7823,2023-08-01
2274,2023-08-02 09:32:00,19650.0,19637.7,8223550,6638300,49.65,66.6,940850,795350,0.0,-1.0,0.0,0.0,11.432438,13.9155,2023-08-01
7535,2023-08-02 09:32:00,19700.0,19637.7,15302800,7175500,30.65,97.85,1239050,717700,0.0,-1.0,0.0,0.0,11.755115,14.471367,2023-08-01
12792,2023-08-02 09:32:00,19750.0,19637.7,9150650,2483150,18.35,135.0,624950,161400,0.0,-1.0,0.0,0.0,12.188183,15.218148,2023-08-01
18049,2023-08-02 09:32:00,19800.0,19637.7,15579500,3396550,10.85,177.85,883700,115800,0.0,-1.0,0.0,0.0,12.708845,16.544181,2023-08-01
23302,2023-08-02 09:32:00,19850.0,19637.7,8142100,730800,6.4,223.25,656550,48200,0.0,-1.0,0.0,0.0,13.278492,18.019356,2023-08-01
28555,2023-08-02 09:32:00,19900.0,19637.7,8672600,555250,4.4,270.25,420300,16800,0.0,-1.0,0.0,0.0,14.326003,19.615797,2023-08-01
25929,2023-08-02 09:33:00,19400.0,19632.1,363350,5374800,233.9,5.4,15550,254800,,0.0,,0.0,0.0,14.429061,2023-08-01
20676,2023-08-02 09:33:00,19450.0,19632.1,131550,4192750,187.8,9.1,20100,449800,,0.0,,0.0,0.0,13.891967,2023-08-01
15422,2023-08-02 09:33:00,19500.0,19632.1,1400050,8890550,145.4,16.35,112350,607900,1.0,0.0,0.0,0.0,10.175159,13.761184,2023-08-01
10164,2023-08-02 09:33:00,19550.0,19632.1,967100,6344000,106.35,27.55,156000,558650,1.0,0.0,0.0,0.0,10.918315,13.592555,2023-08-01
4906,2023-08-02 09:33:00,19600.0,19632.1,5554900,12232000,73.85,45.35,719550,1294400,1.0,0.0,0.0,0.0,11.403319,13.738441,2023-08-01
2275,2023-08-02 09:33:00,19650.0,19632.1,8223550,6638300,47.8,69.35,866500,970650,0.0,-1.0,0.0,0.0,11.614553,13.884366,2023-08-01
7536,2023-08-02 09:33:00,19700.0,19632.1,15302800,7175500,29.3,101.0,1088900,902550,0.0,-1.0,0.0,0.0,11.884565,14.379454,2023-08-01
12793,2023-08-02 09:33:00,19750.0,19632.1,9150650,2483150,17.55,139.0,522250,200000,0.0,-1.0,0.0,0.0,12.322013,15.197736,2023-08-01
18050,2023-08-02 09:33:00,19800.0,19632.1,15579500,3396550,10.45,181.75,844050,443450,0.0,-1.0,0.0,0.0,12.866148,16.375069,2023-08-01
23303,2023-08-02 09:33:00,19850.0,19632.1,8142100,730800,6.1,227.7,609250,28750,0.0,-1.0,0.0,0.0,13.388796,17.929834,2023-08-01
28556,2023-08-02 09:33:00,19900.0,19632.1,8672600,555250,4.2,275.35,427300,21000,0.0,-1.0,0.0,0.0,14.431178,19.712105,2023-08-01
25930,2023-08-02 09:34:00,19400.0,19637.15,363350,5374800,240.25,5.25,18500,315600,,0.0,,0.0,0.0,14.568133,2023-08-01
20677,2023-08-02 09:34:00,19450.0,19637.15,131550,4192750,193.85,8.65,19850,362500,1.0,0.0,0.0,0.0,6.084494,13.951954,2023-08-01
15423,2023-08-02 09:34:00,19500.0,19637.15,1400050,8890550,150.25,15.45,164750,810250,1.0,0.0,0.0,0.0,10.3489,13.773919,2023-08-01
10165,2023-08-02 09:34:00,19550.0,19637.15,967100,6344000,110.9,26.15,155550,615800,1.0,0.0,0.0,0.0,11.115575,13.596368,2023-08-01
4907,2023-08-02 09:34:00,19600.0,19637.15,5554900,12232000,77.8,43.15,736650,1661400,1.0,0.0,0.0,0.0,11.590133,13.695297,2023-08-01
2276,2023-08-02 09:34:00,19650.0,19637.15,8223550,6638300,50.6,66.25,1011850,1297600,0.0,-1.0,0.0,0.0,11.705354,13.78428,2023-08-01
7537,2023-08-02 09:34:00,19700.0,19637.15,15302800,7175500,31.35,97.0,1135350,862750,0.0,-1.0,0.0,0.0,11.972895,14.201884,2023-08-01
12794,2023-08-02 09:34:00,19750.0,19637.15,9150650,2483150,19.0,134.15,1145450,267950,0.0,-1.0,0.0,0.0,12.418774,14.897128,2023-08-01
18051,2023-08-02 09:34:00,19800.0,19637.15,15579500,3396550,11.2,176.2,854500,228650,0.0,-1.0,0.0,0.0,12.879903,15.90902,2023-08-01
23304,2023-08-02 09:34:00,19850.0,19637.15,8142100,730800,6.5,221.5,659450,37350,0.0,-1.0,0.0,0.0,13.366067,17.224689,2023-08-01
28557,2023-08-02 09:34:00,19900.0,19637.15,8672600,555250,4.4,269.25,449900,30300,0.0,-1.0,0.0,0.0,14.358605,19.004573,2023-08-01
25931,2023-08-02 09:35:00,19400.0,19634.95,365800,5360900,237.55,5.25,16000,427900,,0.0,,0.0,0.0,14.471792,2023-08-01
20678,2023-08-02 09:35:00,19450.0,19634.95,146050,4324300,190.65,8.65,16900,448200,,0.0,,0.0,0.0,13.843038,2023-08-01
15424,2023-08-02 09:35:00,19500.0,19634.95,1470800,9111750,147.8,15.45,98200,733950,1.0,0.0,0.0,0.0,10.12567,13.645941,2023-08-01
10166,2023-08-02 09:35:00,19550.0,19634.95,1027000,7034850,108.55,26.1,146150,1258200,1.0,0.0,0.0,0.0,10.931172,13.429311,2023-08-01
4908,2023-08-02 09:35:00,19600.0,19634.95,5813100,12884350,75.7,43.35,501650,1092700,1.0,0.0,0.0,0.0,11.428478,13.54908,2023-08-01
2277,2023-08-02 09:35:00,19650.0,19634.95,8692850,7064750,48.95,66.75,689700,696000,0.0,-1.0,0.0,0.0,11.578962,13.648462,2023-08-01
7538,2023-08-02 09:35:00,19700.0,19634.95,15795800,7364850,30.0,98.15,1144900,666800,0.0,-1.0,0.0,0.0,11.832763,14.147602,2023-08-01
12795,2023-08-02 09:35:00,19750.0,19634.95,9173600,2470300,18.05,135.45,586100,132900,0.0,-1.0,0.0,0.0,12.291732,14.817508,2023-08-01
18052,2023-08-02 09:35:00,19800.0,19634.95,15918000,3255150,10.7,178.6,693050,104050,0.0,-1.0,0.0,0.0,12.814505,16.111583,2023-08-01
23305,2023-08-02 09:35:00,19850.0,19634.95,8474300,731350,6.2,224.25,472850,16100,0.0,-1.0,0.0,0.0,13.314869,17.555892,2023-08-01
28558,2023-08-02 09:35:00,19900.0,19634.95,8661600,535300,4.25,272.95,280350,19700,0.0,-1.0,0.0,0.0,14.351335,19.755066,2023-08-01
25932,2023-08-02 09:36:00,19400.0,19631.3,365800,5360900,235.05,5.3,4100,224000,,0.0,,0.0,0.0,14.340768,2023-08-01
20679,2023-08-02 09:36:00,19450.0,19631.3,146050,4324300,188.15,8.95,24750,286200,1.0,0.0,0.0,0.0,6.857973,13.794585,2023-08-01
15425,2023-08-02 09:36:00,19500.0,19631.3,1470800,9111750,145.3,15.95,71450,558450,1.0,0.0,0.0,0.0,10.451726,13.5937,2023-08-01
10167,2023-08-02 09:36:00,19550.0,19631.3,1027000,7034850,106.45,27.05,127050,421350,1.0,0.0,0.0,0.0,11.1278,13.415854,2023-08-01
4909,2023-08-02 09:36:00,19600.0,19631.3,5813100,12884350,73.95,44.65,512650,1065750,1.0,0.0,0.0,0.0,11.549758,13.518671,2023-08-01
2278,2023-08-02 09:36:00,19650.0,19631.3,8692850,7064750,47.6,68.65,654000,746900,0.0,-1.0,0.0,0.0,11.663436,13.648841,2023-08-01
7539,2023-08-02 09:36:00,19700.0,19631.3,15795800,7364850,29.3,100.45,1000800,696400,0.0,-1.0,0.0,0.0,11.958689,14.140162,2023-08-01
12796,2023-08-02 09:36:00,19750.0,19631.3,9173600,2470300,17.5,137.9,451350,120350,0.0,-1.0,0.0,0.0,12.369744,14.753488,2023-08-01
18053,2023-08-02 09:36:00,19800.0,19631.3,15918000,3255150,10.4,180.85,786900,121150,0.0,-1.0,0.0,0.0,12.901618,15.895279,2023-08-01
23306,2023-08-02 09:36:00,19850.0,19631.3,8474300,731350,6.05,226.25,551800,13350,0.0,-1.0,0.0,0.0,13.411038,17.140857,2023-08-01
28559,2023-08-02 09:36:00,19900.0,19631.3,8661600,535300,4.15,274.9,343050,14900,0.0,-1.0,0.0,0.0,14.441591,19.233015,2023-08-01
25933,2023-08-02 09:37:00,19400.0,19634.0,365800,5360900,238.35,5.25,6050,300750,,0.0,,0.0,0.0,14.436169,2023-08-01
20680,2023-08-02 09:37:00,19450.0,19634.0,146050,4324300,191.2,8.7,7250,221750,1.0,0.0,0.0,0.0,7.912211,13.824465,2023-08-01
15426,2023-08-02 09:37:00,19500.0,19634.0,1470800,9111750,148.35,15.55,40100,493550,1.0,0.0,0.0,0.0,10.747562,13.629139,2023-08-01
10168,2023-08-02 09:37:00,19550.0,19634.0,1027000,7034850,108.75,26.4,85000,373050,1.0,0.0,0.0,0.0,11.201986,13.446283,2023-08-01
4910,2023-08-02 09:37:00,19600.0,19634.0,5813100,12884350,76.1,43.7,393050,717300,1.0,0.0,0.0,0.0,11.6638,13.55047,2023-08-01
2279,2023-08-02 09:37:00,19650.0,19634.0,8692850,7064750,49.35,67.1,498250,571250,0.0,-1.0,0.0,0.0,11.772644,13.62351,2023-08-01
7540,2023-08-02 09:37:00,19700.0,19634.0,15795800,7364850,30.25,98.15,498900,491400,0.0,-1.0,0.0,0.0,11.975962,14.012523,2023-08-01
12797,2023-08-02 09:37:00,19750.0,19634.0,9173600,2470300,18.15,135.9,409900,135050,0.0,-1.0,0.0,0.0,12.390194,14.757289,2023-08-01
18054,2023-08-02 09:37:00,19800.0,19634.0,15918000,3255150,10.7,178.2,542650,95050,0.0,-1.0,0.0,0.0,12.874456,15.749819,2023-08-01
23307,2023-08-02 09:37:00,19850.0,19634.0,8474300,731350,6.15,224.0,434100,11350,0.0,-1.0,0.0,0.0,13.340931,17.167183,2023-08-01
28560,2023-08-02 09:37:00,19900.0,19634.0,8661600,535300,4.2,271.35,476000,8000,0.0,-1.0,0.0,0.0,14.36466,18.721819,2023-08-01
25934,2023-08-02 09:38:00,19400.0,19631.05,372950,5333950,234.95,5.25,9450,383700,,0.0,,0.0,0.0,14.305192,2023-08-01
20681,2023-08-02 09:38:00,19450.0,19631.05,148500,4356650,188.75,8.85,7400,339550,1.0,0.0,0.0,0.0,8.629149,13.744076,2023-08-01
15427,2023-08-02 09:38:00,19500.0,19631.05,1522800,9098400,145.95,15.75,45750,485800,1.0,0.0,0.0,0.0,10.822664,13.520485,2023-08-01
10169,2023-08-02 09:38:00,19550.0,19631.05,1107000,7305600,106.95,26.75,137700,1154700,1.0,0.0,0.0,0.0,11.326219,13.32706,2023-08-01
4911,2023-08-02 09:38:00,19600.0,19631.05,6111550,13084450,74.55,44.75,367050,1005500,1.0,0.0,0.0,0.0,11.728905,13.525423,2023-08-01
2280,2023-08-02 09:38:00,19650.0,19631.05,8961550,7108900,48.2,68.6,405400,529550,0.0,-1.0,0.0,0.0,11.827945,13.615603,2023-08-01
7541,2023-08-02 09:38:00,19700.0,19631.05,16596350,7362550,29.8,100.25,491000,568050,0.0,-1.0,0.0,0.0,12.106513,14.061847,2023-08-01
12798,2023-08-02 09:38:00,19750.0,19631.05,9390550,2480250,18.1,137.95,954600,108700,0.0,-1.0,0.0,0.0,12.570864,14.723259,2023-08-01
18055,2023-08-02 09:38:00,19800.0,19631.05,16226000,3237800,10.7,181.1,517950,78300,0.0,-1.0,0.0,0.0,13.040667,15.917424,2023-08-01
23308,2023-08-02 09:38:00,19850.0,19631.05,8586950,724550,6.25,226.75,539550,14200,0.0,-1.0,0.0,0.0,13.541287,17.258091,2023-08-01
28561,2023-08-02 09:38:00,19900.0,19631.05,8652900,526850,4.2,274.6,400150,9900,0.0,-1.0,0.0,0.0,14.498102,19.012101,2023-08-01
25935,2023-08-02 09:39:00,19400.0,19629.25,372950,5333950,235.75,5.2,29350,325200,,0.0,,0.0,0.0,14.194763,2023-08-01
20682,2023-08-02 09:39:00,19450.0,19629.25,148500,4356650,188.35,8.85,20050,400300,1.0,0.0,0.0,0.0,10.003612,13.654605,2023-08-01
15428,2023-08-02 09:39:00,19500.0,19629.25,1522800,9098400,145.65,15.85,137300,682750,1.0,0.0,0.0,0.0,11.3197,13.447481,2023-08-01
10170,2023-08-02 09:39:00,19550.0,19629.25,1107000,7305600,106.45,26.95,238150,732400,1.0,0.0,0.0,0.0,11.561157,13.250842,2023-08-01
4912,2023-08-02 09:39:00,19600.0,19629.25,6111550,13084450,74.2,44.75,904300,1906050,1.0,0.0,0.0,0.0,11.90209,13.365032,2023-08-01
2281,2023-08-02 09:39:00,19650.0,19629.25,8961550,7108900,47.9,68.65,1193500,1437800,0.0,-1.0,0.0,0.0,11.948789,13.419673,2023-08-01
7542,2023-08-02 09:39:00,19700.0,19629.25,16596350,7362550,29.7,100.4,1148500,1353000,0.0,-1.0,0.0,0.0,12.228333,13.82359,2023-08-01
12799,2023-08-02 09:39:00,19750.0,19629.25,9390550,2480250,17.95,138.4,857050,381800,0.0,-1.0,0.0,0.0,12.646644,14.480955,2023-08-01
18056,2023-08-02 09:39:00,19800.0,19629.25,16226000,3237800,10.75,181.55,718650,275600,0.0,-1.0,0.0,0.0,13.16299,15.588983,2023-08-01
23309,2023-08-02 09:39:00,19850.0,19629.25,8586950,724550,6.35,226.0,447200,32850,0.0,-1.0,0.0,0.0,13.686493,16.342508,2023-08-01
28562,2023-08-02 09:39:00,19900.0,19629.25,8652900,526850,4.35,274.55,673950,37350,0.0,-1.0,0.0,0.0,14.691772,18.258148,2023-08-01
25936,2023-08-02 09:40:00,19400.0,19631.8,372950,5333950,235.2,5.15,14400,184450,,0.0,,0.0,0.0,14.283015,2023-08-01
20683,2023-08-02 09:40:00,19450.0,19631.8,148500,4356650,186.75,8.75,9350,328950,,0.0,,0.0,0.0,13.744928,2023-08-01
15429,2023-08-02 09:40:00,19500.0,19631.8,1522800,9098400,145.05,15.65,76150,512700,1.0,0.0,0.0,0.0,10.167379,13.540196,2023-08-01
10171,2023-08-02 09:40:00,19550.0,19631.8,1107000,7305600,106.3,26.7,94650,382300,1.0,0.0,0.0,0.0,10.995416,13.375525,2023-08-01
4913,2023-08-02 09:40:00,19600.0,19631.8,6111550,13084450,73.9,44.55,538000,1016150,1.0,0.0,0.0,0.0,11.483048,13.555105,2023-08-01
2282,2023-08-02 09:40:00,19650.0,19631.8,8961550,7108900,47.45,68.45,785450,823700,0.0,-1.0,0.0,0.0,11.593857,13.676412,2023-08-01
7543,2023-08-02 09:40:00,19700.0,19631.8,16596350,7362550,29.3,100.4,1174300,725450,0.0,-1.0,0.0,0.0,11.933627,14.217776,2023-08-01
12800,2023-08-02 09:40:00,19750.0,19631.8,9390550,2480250,17.7,138.3,388000,159200,0.0,-1.0,0.0,0.0,12.411598,14.975238,2023-08-01
18057,2023-08-02 09:40:00,19800.0,19631.8,16226000,3237800,10.45,181.05,553900,188700,0.0,-1.0,0.0,0.0,12.909155,16.102763,2023-08-01
23310,2023-08-02 09:40:00,19850.0,19631.8,8586950,724550,6.05,226.45,458550,19950,0.0,-1.0,0.0,0.0,13.402819,17.395509,2023-08-01
28563,2023-08-02 09:40:00,19900.0,19631.8,8652900,526850,4.15,274.0,586250,17850,0.0,-1.0,0.0,0.0,14.436495,19.047103,2023-08-01
25937,2023-08-02 09:41:00,19400.0,19628.7,400050,5307000,230.9,5.25,8000,269100,,0.0,,0.0,0.0,14.208968,2023-08-01
20684,2023-08-02 09:41:00,19450.0,19628.7,155250,4398400,185.2,9.05,9650,256150,,0.0,,0.0,0.0,13.722506,2023-08-01
15430,2023-08-02 09:41:00,19500.0,19628.7,1574550,9215650,142.0,16.45,68200,349800,1.0,0.0,0.0,0.0,10.032739,13.614746,2023-08-01
10172,2023-08-02 09:41:00,19550.0,19628.7,1255300,7605250,103.4,27.9,92600,325000,1.0,0.0,0.0,0.0,10.845364,13.461202,2023-08-01
4914,2023-08-02 09:41:00,19600.0,19628.7,6462950,13315950,71.6,46.3,475650,937650,1.0,0.0,0.0,0.0,11.395176,13.670129,2023-08-01
2283,2023-08-02 09:41:00,19650.0,19628.7,9613650,7099700,46.05,70.95,605350,622600,0.0,-1.0,0.0,0.0,11.604692,13.867015,2023-08-01
7544,2023-08-02 09:41:00,19700.0,19628.7,17182400,7376050,28.25,103.4,889900,750200,0.0,-1.0,0.0,0.0,11.926013,14.454507,2023-08-01
12801,2023-08-02 09:41:00,19750.0,19628.7,9392000,2424050,17.0,141.65,464600,118800,0.0,-1.0,0.0,0.0,12.405256,15.262671,2023-08-01
18058,2023-08-02 09:41:00,19800.0,19628.7,16366900,3252200,10.0,185.15,678200,116000,0.0,-1.0,0.0,0.0,12.902761,16.614777,2023-08-01
23311,2023-08-02 09:41:00,19850.0,19628.7,8669500,723000,5.9,230.9,352300,20300,0.0,-1.0,0.0,0.0,13.47037,18.079391,2023-08-01
28564,2023-08-02 09:41:00,19900.0,19628.7,8620650,518850,4.05,278.85,253250,5850,0.0,-1.0,0.0,0.0,14.500717,19.96803,2023-08-01
25938,2023-08-02 09:42:00,19400.0,19626.9,400050,5307000,232.6,5.45,11000,337350,,0.0,,0.0,0.0,14.255424,2023-08-01
20685,2023-08-02 09:42:00,19450.0,19626.9,155250,4398400,185.0,9.3,16250,509050,1.0,0.0,0.0,0.0,8.980305,13.742304,2023-08-01
15431,2023-08-02 09:42:00,19500.0,19626.9,1574550,9215650,142.45,16.65,114750,801200,1.0,0.0,0.0,0.0,10.874043,13.571772,2023-08-01
10173,2023-08-02 09:42:00,19550.0,19626.9,1255300,7605250,103.65,28.2,172600,686650,1.0,0.0,0.0,0.0,11.287547,13.408128,2023-08-01
4915,2023-08-02 09:42:00,19600.0,19626.9,6462950,13315950,72.0,46.5,892350,1763000,1.0,0.0,0.0,0.0,11.73609,13.552427,2023-08-01
2284,2023-08-02 09:42:00,19650.0,19626.9,9613650,7099700,46.15,70.85,946450,1250650,0.0,-1.0,0.0,0.0,11.810928,13.635603,2023-08-01
7545,2023-08-02 09:42:00,19700.0,19626.9,17182400,7376050,28.35,103.3,1202150,1199450,0.0,-1.0,0.0,0.0,12.094418,14.155773,2023-08-01
12802,2023-08-02 09:42:00,19750.0,19626.9,9392000,2424050,17.1,141.55,437300,300650,0.0,-1.0,0.0,0.0,12.554012,14.872396,2023-08-01
18059,2023-08-02 09:42:00,19800.0,19626.9,16366900,3252200,10.1,184.45,781800,187650,0.0,-1.0,0.0,0.0,13.044556,15.922149,2023-08-01
23312,2023-08-02 09:42:00,19850.0,19626.9,8669500,723000,5.9,230.15,467150,19650,0.0,-1.0,0.0,0.0,13.559865,17.208524,2023-08-01
28565,2023-08-02 09:42:00,19900.0,19626.9,8620650,518850,4.05,278.1,490700,22300,0.0,-1.0,0.0,0.0,14.583302,18.948948,2023-08-01
25939,2023-08-02 09:43:00,19400.0,19629.2,400050,5307000,234.4,5.3,5000,220750,,0.0,,0.0,0.0,14.271216,2023-08-01
20686,2023-08-02 09:43:00,19450.0,19629.2,155250,4398400,187.75,9.05,8700,358400,1.0,0.0,0.0,0.0,9.538082,13.755815,2023-08-01
15432,2023-08-02 09:43:00,19500.0,19629.2,1574550,9215650,144.85,16.15,83800,473650,1.0,0.0,0.0,0.0,11.043992,13.555817,2023-08-01
10174,2023-08-02 09:43:00,19550.0,19629.2,1255300,7605250,105.95,27.3,107200,455650,1.0,0.0,0.0,0.0,11.45136,13.351014,2023-08-01
4916,2023-08-02 09:43:00,19600.0,19629.2,6462950,13315950,73.9,44.95,544650,964850,1.0,0.0,0.0,0.0,11.85622,13.419097,2023-08-01
2285,2023-08-02 09:43:00,19650.0,19629.2,9613650,7099700,47.4,68.9,582450,595200,0.0,-1.0,0.0,0.0,11.858675,13.481998,2023-08-01
7546,2023-08-02 09:43:00,19700.0,19629.2,17182400,7376050,29.05,100.55,868900,565100,0.0,-1.0,0.0,0.0,12.089183,13.864521,2023-08-01
12803,2023-08-02 09:43:00,19750.0,19629.2,9392000,2424050,17.4,138.7,298400,121850,0.0,-1.0,0.0,0.0,12.500906,14.566423,2023-08-01
18060,2023-08-02 09:43:00,19800.0,19629.2,16366900,3252200,10.25,181.4,389700,122550,0.0,-1.0,0.0,0.0,12.983505,15.538929,2023-08-01
23313,2023-08-02 09:43:00,19850.0,19629.2,8669500,723000,5.9,227.1,267200,25750,0.0,-1.0,0.0,0.0,13.454471,16.78738,2023-08-01
28566,2023-08-02 09:43:00,19900.0,19629.2,8620650,518850,4.05,274.85,378950,7700,0.0,-1.0,0.0,0.0,14.487366,18.393397,2023-08-01
25940,2023-08-02 09:44:00,19350.0,19620.8,43450,2682600,273.5,3.4,1200,109800,,0.0,,0.0,0.0,14.74281,2023-08-01
20687,2023-08-02 09:44:00,19400.0,19620.8,405800,5367400,225.55,5.6,12350,247850,,0.0,,0.0,0.0,14.071827,2023-08-01
15433,2023-08-02 09:44:00,19450.0,19620.8,157450,4544350,179.2,9.65,29550,321900,1.0,0.0,0.0,0.0,9.054977,13.578893,2023-08-01
10175,2023-08-02 09:44:00,19500.0,19620.8,1613750,9267800,137.4,17.45,143900,777450,1.0,0.0,0.0,0.0,10.942319,13.451573,2023-08-01
4917,2023-08-02 09:44:00,19550.0,19620.8,1301700,7613850,99.45,29.5,189550,569700,1.0,0.0,0.0,0.0,11.369547,13.285334,2023-08-01
2286,2023-08-02 09:44:00,19600.0,19620.8,6747350,13519400,68.4,48.65,782300,1339250,1.0,0.0,0.0,0.0,11.74511,13.466932,2023-08-01
7547,2023-08-02 09:44:00,19650.0,19620.8,9967100,7138300,43.45,73.9,891600,1105850,0.0,-1.0,0.0,0.0,11.820316,13.577463,2023-08-01
12804,2023-08-02 09:44:00,19700.0,19620.8,17577950,7601200,26.55,107.25,1080600,980650,0.0,-1.0,0.0,0.0,12.123814,14.138027,2023-08-01
18061,2023-08-02 09:44:00,19750.0,19620.8,9563600,2404900,15.9,146.0,728950,260400,0.0,-1.0,0.0,0.0,12.576757,14.832508,2023-08-01
23314,2023-08-02 09:44:00,19800.0,19620.8,16425800,3192500,9.6,190.5,877350,244700,0.0,-1.0,0.0,0.0,13.175619,16.2791,2023-08-01
28567,2023-08-02 09:44:00,19850.0,19620.8,8712700,708400,5.65,235.7,308400,30950,0.0,-1.0,0.0,0.0,13.711342,17.327253,2023-08-01
25941,2023-08-02 09:45:00,19350.0,19619.05,43450,2682600,273.5,3.45,2300,156850,,0.0,,0.0,0.0,14.716266,2023-08-01
20688,2023-08-02 09:45:00,19400.0,19619.05,405800,5367400,227.85,5.6,12000,357600,1.0,0.0,0.0,0.0,11.470202,13.993928,2023-08-01
15434,2023-08-02 09:45:00,19450.0,19619.05,157450,4544350,181.95,9.65,27550,341550,1.0,0.0,0.0,0.0,11.944744,13.489528,2023-08-01
10176,2023-08-02 09:45:00,19500.0,19619.05,1613750,9267800,139.5,17.3,110100,945400,1.0,0.0,0.0,0.0,12.187924,13.298736,2023-08-01
4918,2023-08-02 09:45:00,19550.0,19619.05,1301700,7613850,101.35,29.1,144350,940700,1.0,0.0,0.0,0.0,12.188503,13.055729,2023-08-01
2287,2023-08-02 09:45:00,19600.0,19619.05,6747350,13519400,69.95,47.9,942800,2171600,1.0,0.0,0.0,0.0,12.321459,13.136008,2023-08-01
7548,2023-08-02 09:45:00,19650.0,19619.05,9967100,7138300,44.9,72.75,882450,1532700,0.0,-1.0,0.0,0.0,12.315131,13.108825,2023-08-01
12805,2023-08-02 09:45:00,19700.0,19619.05,17577950,7601200,27.45,105.55,942050,1268300,0.0,-1.0,0.0,0.0,12.485694,13.437906,2023-08-01
18062,2023-08-02 09:45:00,19750.0,19619.05,9563600,2404900,16.45,144.0,554000,265200,0.0,-1.0,0.0,0.0,12.86169,13.865661,2023-08-01
23315,2023-08-02 09:45:00,19800.0,19619.05,16425800,3192500,9.8,187.2,742100,211050,0.0,-1.0,0.0,0.0,13.3566,14.605432,2023-08-01
28568,2023-08-02 09:45:00,19850.0,19619.05,8712700,708400,5.9,233.7,461950,29500,0.0,-1.0,0.0,0.0,13.944008,15.79577,2023-08-01
25942,2023-08-02 09:46:00,19350.0,19618.3,43450,2682600,275.5,3.45,100,100900,1.0,0.0,0.0,0.0,11.064293,14.688536,2023-08-01
20689,2023-08-02 09:46:00,19400.0,19618.3,405800,5367400,226.6,5.65,27350,262200,1.0,0.0,0.0,0.0,10.918279,13.992678,2023-08-01
15435,2023-08-02 09:46:00,19450.0,19618.3,157450,4544350,180.25,9.75,17650,285500,1.0,0.0,0.0,0.0,11.413781,13.495429,2023-08-01
10177,2023-08-02 09:46:00,19500.0,19618.3,1613750,9267800,138.4,17.5,84000,568650,1.0,0.0,0.0,0.0,12.030947,13.316952,2023-08-01
4919,2023-08-02 09:46:00,19550.0,19618.3,1301700,7613850,100.15,29.6,106700,536600,1.0,0.0,0.0,0.0,12.02211,13.126648,2023-08-01
2288,2023-08-02 09:46:00,19600.0,19618.3,6747350,13519400,68.9,48.5,683200,1287150,1.0,0.0,0.0,0.0,12.187058,13.200822,2023-08-01
7549,2023-08-02 09:46:00,19650.0,19618.3,9967100,7138300,44.2,73.95,606500,730050,0.0,-1.0,0.0,0.0,12.235202,13.284717,2023-08-01
12806,2023-08-02 09:46:00,19700.0,19618.3,17577950,7601200,26.95,106.65,839300,722750,0.0,-1.0,0.0,0.0,12.420756,13.585412,2023-08-01
18063,2023-08-02 09:46:00,19750.0,19618.3,9563600,2404900,16.15,145.55,475300,138350,0.0,-1.0,0.0,0.0,12.818547,14.153732,2023-08-01
23316,2023-08-02 09:46:00,19800.0,19618.3,16425800,3192500,9.65,189.5,440300,151750,0.0,-1.0,0.0,0.0,13.338013,15.22028,2023-08-01
28569,2023-08-02 09:46:00,19850.0,19618.3,8712700,708400,5.85,234.95,429100,18150,0.0,-1.0,0.0,0.0,13.954473,16.068338,2023-08-01
25943,2023-08-02 09:47:00,19350.0,19618.2,43600,2693950,276.65,3.4,700,131500,1.0,0.0,0.0,0.0,13.113609,14.645095,2023-08-01
20690,2023-08-02 09:47:00,19400.0,19618.2,433050,5496000,229.5,5.55,8950,234050,1.0,0.0,0.0,0.0,13.409519,13.931518,2023-08-01
15436,2023-08-02 09:47:00,19450.0,19618.2,170000,4554450,183.4,9.6,14700,243700,1.0,0.0,0.0,0.0,12.998288,13.43027,2023-08-01
10178,2023-08-02 09:47:00,19500.0,19618.2,1710500,9234750,140.6,17.1,117700,580800,1.0,0.0,0.0,0.0,12.777339,13.190235,2023-08-01
4920,2023-08-02 09:47:00,19550.0,19618.2,1374450,7596500,102.25,28.85,122600,521100,1.0,0.0,0.0,0.0,12.576272,12.935258,2023-08-01
2289,2023-08-02 09:47:00,19600.0,19618.2,7258700,13640800,70.75,47.2,745850,1265600,1.0,0.0,0.0,0.0,12.616107,12.905166,2023-08-01
7550,2023-08-02 09:47:00,19650.0,19618.2,10167000,7206650,45.5,72.4,650500,886900,0.0,-1.0,0.0,0.0,12.538099,12.930805,2023-08-01
12807,2023-08-02 09:47:00,19700.0,19618.2,17767850,7572300,27.75,104.8,615100,614350,0.0,-1.0,0.0,0.0,12.632969,13.114617,2023-08-01
18064,2023-08-02 09:47:00,19750.0,19618.2,9589250,2340600,16.6,143.1,467750,120450,0.0,-1.0,0.0,0.0,12.969365,13.400228,2023-08-01
23317,2023-08-02 09:47:00,19800.0,19618.2,16455000,3209500,9.9,186.7,458650,96400,0.0,-1.0,0.0,0.0,13.451682,14.14231,2023-08-01
28570,2023-08-02 09:47:00,19850.0,19618.2,8573600,702050,5.9,232.95,393650,27450,0.0,-1.0,0.0,0.0,13.992392,15.065723,2023-08-01
25944,2023-08-02 09:48:00,19350.0,19616.75,43600,2693950,273.4,3.35,550,97300,1.0,0.0,0.0,0.0,8.774701,14.544405,2023-08-01
20691,2023-08-02 09:48:00,19400.0,19616.75,433050,5496000,229.05,5.5,8600,177650,1.0,0.0,0.0,0.0,13.971498,13.837274,2023-08-01
15437,2023-08-02 09:48:00,19450.0,19616.75,170000,4554450,182.5,9.45,15100,318450,1.0,0.0,0.0,0.0,13.167476,13.293002,2023-08-01
10179,2023-08-02 09:48:00,19500.0,19616.75,1710500,9234750,140.4,17.1,91600,501650,1.0,0.0,0.0,0.0,13.083903,13.10256,2023-08-01
4921,2023-08-02 09:48:00,19550.0,19616.75,1374450,7596500,102.1,28.8,125050,742100,1.0,0.0,0.0,0.0,12.79623,12.815471,2023-08-01
2290,2023-08-02 09:48:00,19600.0,19616.75,7258700,13640800,70.4,47.55,505700,1312850,1.0,0.0,0.0,0.0,12.725456,12.846471,2023-08-01
7551,2023-08-02 09:48:00,19650.0,19616.75,10167000,7206650,45.3,72.5,673450,712600,0.0,-1.0,0.0,0.0,12.636398,12.772664,2023-08-01
12808,2023-08-02 09:48:00,19700.0,19616.75,17767850,7572300,27.7,105.05,737750,655600,0.0,-1.0,0.0,0.0,12.734167,12.929376,2023-08-01
18065,2023-08-02 09:48:00,19750.0,19616.75,9589250,2340600,16.45,143.5,363050,137550,0.0,-1.0,0.0,0.0,13.017053,13.171564,2023-08-01
23318,2023-08-02 09:48:00,19800.0,19616.75,16455000,3209500,9.85,186.85,386200,106400,0.0,-1.0,0.0,0.0,13.512595,13.703814,2023-08-01
28571,2023-08-02 09:48:00,19850.0,19616.75,8573600,702050,5.95,232.65,245750,30200,0.0,-1.0,0.0,0.0,14.094149,14.197233,2023-08-01
25945,2023-08-02 09:49:00,19350.0,19619.4,43600,2693950,276.3,3.4,750,70650,1.0,0.0,0.0,0.0,10.259451,14.703651,2023-08-01
20692,2023-08-02 09:49:00,19400.0,19619.4,433050,5496000,229.95,5.55,6000,145700,1.0,0.0,0.0,0.0,12.96196,13.995021,2023-08-01
15438,2023-08-02 09:49:00,19450.0,19619.4,170000,4554450,183.35,9.45,10300,227950,1.0,0.0,0.0,0.0,12.497408,13.437241,2023-08-01
10180,2023-08-02 09:49:00,19500.0,19619.4,1710500,9234750,141.4,16.9,131000,443450,1.0,0.0,0.0,0.0,12.732557,13.210004,2023-08-01
4922,2023-08-02 09:49:00,19550.0,19619.4,1374450,7596500,102.95,28.5,122150,340500,1.0,0.0,0.0,0.0,12.548661,12.94544,2023-08-01
2291,2023-08-02 09:49:00,19600.0,19619.4,7258700,13640800,71.2,46.8,446250,902800,1.0,0.0,0.0,0.0,12.571481,12.937563,2023-08-01
7552,2023-08-02 09:49:00,19650.0,19619.4,10167000,7206650,45.8,71.65,428900,524450,0.0,-1.0,0.0,0.0,12.496876,12.920967,2023-08-01
12809,2023-08-02 09:49:00,19700.0,19619.4,17767850,7572300,27.9,104.0,521200,548900,0.0,-1.0,0.0,0.0,12.586832,13.127273,2023-08-01
18066,2023-08-02 09:49:00,19750.0,19619.4,9589250,2340600,16.55,142.35,295050,103500,0.0,-1.0,0.0,0.0,12.886264,13.465867,2023-08-01
23319,2023-08-02 09:49:00,19800.0,19619.4,16455000,3209500,9.85,185.55,360250,64550,0.0,-1.0,0.0,0.0,13.374395,14.100882,2023-08-01
28572,2023-08-02 09:49:00,19850.0,19619.4,8573600,702050,5.9,232.55,202700,12150,0.0,-1.0,0.0,0.0,13.943788,15.40812,2023-08-01
25946,2023-08-02 09:50:00,19400.0,19627.1,434400,5526450,234.55,5.25,28450,366600,1.0,0.0,0.0,0.0,10.102644,14.169678,2023-08-01
20693,2023-08-02 09:50:00,19450.0,19627.1,183300,4542750,187.7,9.0,27850,529350,1.0,0.0,0.0,0.0,11.052466,13.649683,2023-08-01
15439,2023-08-02 09:50:00,19500.0,19627.1,1751000,9302550,144.75,16.15,206200,715450,1.0,0.0,0.0,0.0,11.71235,13.452247,2023-08-01
10181,2023-08-02 09:50:00,19550.0,19627.1,1465250,7866050,106.05,27.2,232850,701800,1.0,0.0,0.0,0.0,11.923576,13.19483,2023-08-01
4923,2023-08-02 09:50:00,19600.0,19627.1,7471600,13944800,73.65,44.8,1034200,1704900,1.0,0.0,0.0,0.0,12.112985,13.216024,2023-08-01
2292,2023-08-02 09:50:00,19650.0,19627.1,10255400,6854150,47.35,68.75,994550,1081350,0.0,-1.0,0.0,0.0,12.085495,13.223197,2023-08-01
7553,2023-08-02 09:50:00,19700.0,19627.1,17873550,7346600,28.8,100.35,922900,823850,0.0,-1.0,0.0,0.0,12.218701,13.508879,2023-08-01
12810,2023-08-02 09:50:00,19750.0,19627.1,9600350,2348350,17.2,138.4,442100,248100,0.0,-1.0,0.0,0.0,12.601592,14.0604,2023-08-01
18067,2023-08-02 09:50:00,19800.0,19627.1,16524150,3186950,10.1,181.4,532550,171850,0.0,-1.0,0.0,0.0,13.06458,14.97075,2023-08-01
23320,2023-08-02 09:50:00,19850.0,19627.1,8571750,686850,6.0,226.85,260250,41100,0.0,-1.0,0.0,0.0,13.638992,15.936328,2023-08-01
28573,2023-08-02 09:50:00,19900.0,19627.1,8935850,505450,4.0,275.45,387950,12200,0.0,-1.0,0.0,0.0,14.570244,17.787969,2023-08-01
25947,2023-08-02 09:51:00,19400.0,19629.75,434400,5526450,234.75,5.1,23750,293700,,0.0,,0.0,0.0,14.199067,2023-08-01
20694,2023-08-02 09:51:00,19450.0,19629.75,183300,4542750,187.8,8.8,12150,242300,1.0,0.0,0.0,0.0,9.096662,13.70167,2023-08-01
15440,2023-08-02 09:51:00,19500.0,19629.75,1751000,9302550,144.95,15.95,134750,588750,1.0,0.0,0.0,0.0,10.930115,13.553063,2023-08-01
10182,2023-08-02 09:51:00,19550.0,19629.75,1465250,7866050,106.15,26.9,164800,366200,1.0,0.0,0.0,0.0,11.42556,13.315894,2023-08-01
4924,2023-08-02 09:51:00,19600.0,19629.75,7471600,13944800,73.8,44.6,741700,989700,1.0,0.0,0.0,0.0,11.78819,13.417781,2023-08-01
2293,2023-08-02 09:51:00,19650.0,19629.75,10255400,6854150,47.5,68.5,803500,615800,0.0,-1.0,0.0,0.0,11.854502,13.485349,2023-08-01
7554,2023-08-02 09:51:00,19700.0,19629.75,17873550,7346600,28.95,100.3,665250,718850,0.0,-1.0,0.0,0.0,12.050941,13.917091,2023-08-01
12811,2023-08-02 09:51:00,19750.0,19629.75,9600350,2348350,17.2,137.85,369500,215600,0.0,-1.0,0.0,0.0,12.435428,14.472147,2023-08-01
18068,2023-08-02 09:51:00,19800.0,19629.75,16524150,3186950,10.25,181.2,389650,85950,0.0,-1.0,0.0,0.0,12.984226,15.648762,2023-08-01
23321,2023-08-02 09:51:00,19850.0,19629.75,8571750,686850,6.0,227.15,191550,17550,0.0,-1.0,0.0,0.0,13.516348,17.024474,2023-08-01
28574,2023-08-02 09:51:00,19900.0,19629.75,8935850,505450,4.0,275.0,140200,8150,0.0,-1.0,0.0,0.0,14.459007,18.721154,2023-08-01
25948,2023-08-02 09:52:00,19350.0,19622.65,43200,2704500,280.0,3.3,100,98850,1.0,0.0,0.0,0.0,11.620952,14.764407,2023-08-01
20695,2023-08-02 09:52:00,19400.0,19622.65,434400,5526450,230.0,5.4,19150,186300,1.0,0.0,0.0,0.0,9.779304,14.065601,2023-08-01
15441,2023-08-02 09:52:00,19450.0,19622.65,183300,4542750,183.85,9.45,12000,264050,1.0,0.0,0.0,0.0,11.225824,13.620162,2023-08-01
10183,2023-08-02 09:52:00,19500.0,19622.65,1751000,9302550,141.3,16.95,94450,511700,1.0,0.0,0.0,0.0,11.820382,13.439145,2023-08-01
4925,2023-08-02 09:52:00,19550.0,19622.65,1465250,7866050,102.85,28.45,106800,399700,1.0,0.0,0.0,0.0,11.940605,13.188491,2023-08-01
2294,2023-08-02 09:52:00,19600.0,19622.65,7471600,13944800,71.1,46.85,635050,1026150,1.0,0.0,0.0,0.0,12.139274,13.267521,2023-08-01
7555,2023-08-02 09:52:00,19650.0,19622.65,10255400,6854150,45.6,71.45,714050,676600,0.0,-1.0,0.0,0.0,12.147279,13.288493,2023-08-01
12812,2023-08-02 09:52:00,19700.0,19622.65,17873550,7346600,27.8,104.0,542350,482400,0.0,-1.0,0.0,0.0,12.324402,13.678126,2023-08-01
18069,2023-08-02 09:52:00,19750.0,19622.65,9600350,2348350,16.65,142.45,352400,150800,0.0,-1.0,0.0,0.0,12.724075,14.24972,2023-08-01
23322,2023-08-02 09:52:00,19800.0,19622.65,16524150,3186950,9.9,185.45,417450,103050,0.0,-1.0,0.0,0.0,13.231869,15.095307,2023-08-01
28575,2023-08-02 09:52:00,19850.0,19622.65,8571750,686850,5.9,232.05,214850,24100,0.0,-1.0,0.0,0.0,13.801868,16.502931,2023-08-01
25949,2023-08-02 09:53:00,19400.0,19626.7,429500,5711050,234.2,5.2,8000,154800,1.0,0.0,0.0,0.0,10.201285,14.130911,2023-08-01
20696,2023-08-02 09:53:00,19450.0,19626.7,186200,4486900,187.05,8.95,4750,179300,1.0,0.0,0.0,0.0,10.887248,13.617475,2023-08-01
15442,2023-08-02 09:53:00,19500.0,19626.7,1752750,9212100,144.85,16.0,82750,320650,1.0,0.0,0.0,0.0,11.883295,13.389924,2023-08-01
10184,2023-08-02 09:53:00,19550.0,19626.7,1494950,7857900,105.65,27.0,82150,264000,1.0,0.0,0.0,0.0,11.907282,13.124164,2023-08-01
4926,2023-08-02 09:53:00,19600.0,19626.7,7647150,13971950,73.45,44.65,476950,861900,1.0,0.0,0.0,0.0,12.133509,13.155341,2023-08-01
2295,2023-08-02 09:53:00,19650.0,19626.7,10514900,6747650,47.3,68.75,668150,520200,0.0,-1.0,0.0,0.0,12.125913,13.185129,2023-08-01
7556,2023-08-02 09:53:00,19700.0,19626.7,17974100,7192900,29.1,100.7,422650,479800,0.0,-1.0,0.0,0.0,12.334785,13.538691,2023-08-01
12813,2023-08-02 09:53:00,19750.0,19626.7,9678650,2313150,17.25,138.5,246150,197300,0.0,-1.0,0.0,0.0,12.653692,14.011235,2023-08-01
18070,2023-08-02 09:53:00,19800.0,19626.7,16610850,3183050,10.25,181.55,313950,129300,0.0,-1.0,0.0,0.0,13.158546,14.915828,2023-08-01
23323,2023-08-02 09:53:00,19850.0,19626.7,8648200,679500,6.1,227.35,200150,7500,0.0,-1.0,0.0,0.0,13.726587,16.010244,2023-08-01
28576,2023-08-02 09:53:00,19900.0,19626.7,8961550,501100,4.05,275.55,239350,7950,0.0,-1.0,0.0,0.0,14.638886,17.663646,2023-08-01
25950,2023-08-02 09:54:00,19400.0,19633.25,429500,5711050,236.45,5.15,17650,632300,,0.0,,0.0,0.0,14.403177,2023-08-01
20697,2023-08-02 09:54:00,19450.0,19633.25,186200,4486900,189.4,8.7,17250,311350,,0.0,,0.0,0.0,13.848459,2023-08-01
15443,2023-08-02 09:54:00,19500.0,19633.25,1752750,9212100,146.55,15.6,149750,495700,1.0,0.0,0.0,0.0,10.325832,13.661589,2023-08-01
10185,2023-08-02 09:54:00,19550.0,19633.25,1494950,7857900,107.35,26.35,161000,470500,1.0,0.0,0.0,0.0,11.034335,13.438428,2023-08-01
4927,2023-08-02 09:54:00,19600.0,19633.25,7647150,13971950,74.9,43.8,802450,1074950,1.0,0.0,0.0,0.0,11.559386,13.564631,2023-08-01
2296,2023-08-02 09:54:00,19650.0,19633.25,10514900,6747650,48.25,67.55,900100,802100,0.0,-1.0,0.0,0.0,11.671275,13.693878,2023-08-01
7557,2023-08-02 09:54:00,19700.0,19633.25,17974100,7192900,29.65,98.85,722050,574700,0.0,-1.0,0.0,0.0,11.953751,14.120922,2023-08-01
12814,2023-08-02 09:54:00,19750.0,19633.25,9678650,2313150,17.7,136.55,319650,242500,0.0,-1.0,0.0,0.0,12.369609,14.840705,2023-08-01
18071,2023-08-02 09:54:00,19800.0,19633.25,16610850,3183050,10.5,179.7,547800,115900,0.0,-1.0,0.0,0.0,12.902623,16.094824,2023-08-01
23324,2023-08-02 09:54:00,19850.0,19633.25,8648200,679500,6.15,224.9,148350,18500,0.0,-1.0,0.0,0.0,13.443825,17.327399,2023-08-01
28577,2023-08-02 09:54:00,19900.0,19633.25,8961550,501100,4.05,273.0,158800,8200,0.0,-1.0,0.0,0.0,14.356736,19.223222,2023-08-01
25951,2023-08-02 09:55:00,19400.0,19632.65,429500,5711050,236.2,5.1,16100,243700,,0.0,,0.0,0.0,14.347098,2023-08-01
20698,2023-08-02 09:55:00,19450.0,19632.65,186200,4486900,190.3,8.7,18400,201400,1.0,0.0,0.0,0.0,8.746615,13.82116,2023-08-01
15444,2023-08-02 09:55:00,19500.0,19632.65,1752750,9212100,147.2,15.65,152650,395050,1.0,0.0,0.0,0.0,10.838458,13.645398,2023-08-01
10186,2023-08-02 09:55:00,19550.0,19632.65,1494950,7857900,108.3,26.35,177150,373300,1.0,0.0,0.0,0.0,11.433737,13.398394,2023-08-01
4928,2023-08-02 09:55:00,19600.0,19632.65,7647150,13971950,75.35,43.65,799950,941500,1.0,0.0,0.0,0.0,11.751922,13.479852,2023-08-01
2297,2023-08-02 09:55:00,19650.0,19632.65,10514900,6747650,48.75,67.05,925600,610950,0.0,-1.0,0.0,0.0,11.847285,13.517865,2023-08-01
7558,2023-08-02 09:55:00,19700.0,19632.65,17974100,7192900,30.15,98.8,890500,516400,0.0,-1.0,0.0,0.0,12.126252,14.021479,2023-08-01
12815,2023-08-02 09:55:00,19750.0,19632.65,9678650,2313150,18.0,135.8,350500,137850,0.0,-1.0,0.0,0.0,12.501209,14.518986,2023-08-01
18072,2023-08-02 09:55:00,19800.0,19632.65,16610850,3183050,10.6,178.8,447050,95800,0.0,-1.0,0.0,0.0,12.978856,15.651,2023-08-01
23325,2023-08-02 09:55:00,19850.0,19632.65,8648200,679500,6.25,224.85,227250,18100,0.0,-1.0,0.0,0.0,13.531797,17.114067,2023-08-01
28578,2023-08-02 09:55:00,19900.0,19632.65,8961550,501100,4.2,273.35,208500,7900,0.0,-1.0,0.0,0.0,14.499726,19.149077,2023-08-01
25952,2023-08-02 09:56:00,19400.0,19634.6,429050,5810450,236.35,5.1,3600,185800,,0.0,,0.0,0.0,14.440094,2023-08-01
20699,2023-08-02 09:56:00,19450.0,19634.6,186300,4439600,189.45,8.7,6100,208350,,0.0,,0.0,0.0,13.925596,2023-08-01
15445,2023-08-02 09:56:00,19500.0,19634.6,1769250,9339850,146.85,15.8,101200,334500,1.0,0.0,0.0,0.0,9.915876,13.81665,2023-08-01
10187,2023-08-02 09:56:00,19550.0,19634.6,1503150,7946400,107.6,26.5,115350,429650,1.0,0.0,0.0,0.0,10.816453,13.582602,2023-08-01
4929,2023-08-02 09:56:00,19600.0,19634.6,7664000,14249650,74.8,44.0,527300,777050,1.0,0.0,0.0,0.0,11.349665,13.738681,2023-08-01
2298,2023-08-02 09:56:00,19650.0,19634.6,10683700,6952500,48.35,67.6,661650,381950,0.0,-1.0,0.0,0.0,11.560018,13.86694,2023-08-01
7559,2023-08-02 09:56:00,19700.0,19634.6,17976900,7271150,29.9,99.55,592300,409650,0.0,-1.0,0.0,0.0,11.913015,14.494471,2023-08-01
12816,2023-08-02 09:56:00,19750.0,19634.6,9635800,2292150,17.85,137.0,270600,82450,0.0,-1.0,0.0,0.0,12.333404,15.234894,2023-08-01
18073,2023-08-02 09:56:00,19800.0,19634.6,16781550,3194600,10.6,179.45,317400,81400,0.0,-1.0,0.0,0.0,12.874881,16.365602,2023-08-01
23326,2023-08-02 09:56:00,19850.0,19634.6,8633150,678200,6.2,225.6,140500,12050,0.0,-1.0,0.0,0.0,13.414136,18.022192,2023-08-01
28579,2023-08-02 09:56:00,19900.0,19634.6,8944250,497900,4.15,272.9,145300,4600,0.0,-1.0,0.0,0.0,14.380927,19.694647,2023-08-01
25953,2023-08-02 09:57:00,19400.0,19632.6,429050,5810450,235.1,5.1,19000,227600,,0.0,,0.0,0.0,14.352557,2023-08-01
20700,2023-08-02 09:57:00,19450.0,19632.6,186300,4439600,189.1,8.7,14750,290950,,0.0,,0.0,0.0,13.825979,2023-08-01
15446,2023-08-02 09:57:00,19500.0,19632.6,1769250,9339850,145.8,15.9,124950,391850,1.0,0.0,0.0,0.0,10.260209,13.731907,2023-08-01
10188,2023-08-02 09:57:00,19550.0,19632.6,1503150,7946400,106.7,26.8,160850,390800,1.0,0.0,0.0,0.0,11.00235,13.519248,2023-08-01
4930,2023-08-02 09:57:00,19600.0,19632.6,7664000,14249650,74.05,44.4,701400,864250,1.0,0.0,0.0,0.0,11.467775,13.652689,2023-08-01
2299,2023-08-02 09:57:00,19650.0,19632.6,10683700,6952500,47.9,68.3,741500,609150,0.0,-1.0,0.0,0.0,11.672505,13.794191,2023-08-01
7560,2023-08-02 09:57:00,19700.0,19632.6,17976900,7271150,29.6,100.05,790200,720800,0.0,-1.0,0.0,0.0,12.004663,14.315025,2023-08-01
12817,2023-08-02 09:57:00,19750.0,19632.6,9635800,2292150,17.7,137.95,285850,133400,0.0,-1.0,0.0,0.0,12.423083,15.099163,2023-08-01
18074,2023-08-02 09:57:00,19800.0,19632.6,16781550,3194600,10.55,180.45,345650,105500,0.0,-1.0,0.0,0.0,12.969702,16.177663,2023-08-01
23327,2023-08-02 09:57:00,19850.0,19632.6,8633150,678200,6.15,226.35,221600,10800,0.0,-1.0,0.0,0.0,13.487068,17.677898,2023-08-01
28580,2023-08-02 09:57:00,19900.0,19632.6,8944250,497900,4.1,274.0,148450,12450,0.0,-1.0,0.0,0.0,14.435623,19.421601,2023-08-01
25954,2023-08-02 09:58:00,19400.0,19634.7,429050,5810450,236.05,5.0,7750,168300,,0.0,,0.0,0.0,14.38666,2023-08-01
20701,2023-08-02 09:58:00,19450.0,19634.7,186300,4439600,190.25,8.6,11550,122100,,0.0,,0.0,0.0,13.892203,2023-08-01
15447,2023-08-02 09:58:00,19500.0,19634.7,1769250,9339850,147.45,15.5,54150,234800,1.0,0.0,0.0,0.0,10.167066,13.730572,2023-08-01
10189,2023-08-02 09:58:00,19550.0,19634.7,1503150,7946400,108.0,26.1,48400,209350,1.0,0.0,0.0,0.0,10.917654,13.491894,2023-08-01
4931,2023-08-02 09:58:00,19600.0,19634.7,7664000,14249650,75.35,43.3,354300,612550,1.0,0.0,0.0,0.0,11.469969,13.595161,2023-08-01
2300,2023-08-02 09:58:00,19650.0,19634.7,10683700,6952500,48.65,66.7,353900,416750,0.0,-1.0,0.0,0.0,11.622942,13.687218,2023-08-01
7561,2023-08-02 09:58:00,19700.0,19634.7,17976900,7271150,30.05,98.55,410500,391350,0.0,-1.0,0.0,0.0,11.948411,14.282445,2023-08-01
12818,2023-08-02 09:58:00,19750.0,19634.7,9635800,2292150,17.9,135.85,153650,45250,0.0,-1.0,0.0,0.0,12.349058,14.954189,2023-08-01
18075,2023-08-02 09:58:00,19800.0,19634.7,16781550,3194600,10.5,178.7,371050,68700,0.0,-1.0,0.0,0.0,12.837874,16.162041,2023-08-01
23328,2023-08-02 09:58:00,19850.0,19634.7,8633150,678200,6.2,224.4,165850,9150,0.0,-1.0,0.0,0.0,13.417229,17.618989,2023-08-01
28581,2023-08-02 09:58:00,19900.0,19634.7,8944250,497900,4.15,272.95,215600,6200,0.0,-1.0,0.0,0.0,14.384965,19.760525,2023-08-01
25955,2023-08-02 09:59:00,19400.0,19635.6,418350,5957550,237.0,4.85,14900,148400,,0.0,,0.0,0.0,14.331374,2023-08-01
20702,2023-08-02 09:59:00,19450.0,19635.6,194900,4480100,190.7,8.35,6950,187550,,0.0,,0.0,0.0,13.825986,2023-08-01
15448,2023-08-02 09:59:00,19500.0,19635.6,1764750,9426100,147.85,15.2,48700,328500,1.0,0.0,0.0,0.0,9.979684,13.688229,2023-08-01
10190,2023-08-02 09:59:00,19550.0,19635.6,1511100,8266150,108.0,25.85,54450,221100,1.0,0.0,0.0,0.0,10.719053,13.494458,2023-08-01
4932,2023-08-02 09:59:00,19600.0,19635.6,7702550,14486100,75.35,42.9,328000,547450,1.0,0.0,0.0,0.0,11.342852,13.587915,2023-08-01
2301,2023-08-02 09:59:00,19650.0,19635.6,10797700,7085500,48.55,66.35,362900,358400,0.0,-1.0,0.0,0.0,11.51011,13.716518,2023-08-01
7562,2023-08-02 09:59:00,19700.0,19635.6,17929250,7402700,29.9,98.25,322050,329950,0.0,-1.0,0.0,0.0,11.843318,14.349986,2023-08-01
12819,2023-08-02 09:59:00,19750.0,19635.6,9660950,2311300,17.75,135.25,212700,68700,0.0,-1.0,0.0,0.0,12.249672,14.974158,2023-08-01
18076,2023-08-02 09:59:00,19800.0,19635.6,16820250,3194500,10.45,177.95,230050,61250,0.0,-1.0,0.0,0.0,12.772306,16.156882,2023-08-01
23329,2023-08-02 09:59:00,19850.0,19635.6,8643900,677100,6.15,223.85,149000,6900,0.0,-1.0,0.0,0.0,13.350211,17.701581,2023-08-01
28582,2023-08-02 09:59:00,19900.0,19635.6,8956550,497800,4.15,271.85,128650,3000,0.0,-1.0,0.0,0.0,14.349536,19.632529,2023-08-01
25956,2023-08-02 10:00:00,19400.0,19631.65,418350,5957550,234.6,4.95,25150,377800,,0.0,,0.0,0.0,14.222295,2023-08-01
20703,2023-08-02 10:00:00,19450.0,19631.65,194900,4480100,188.0,8.55,17850,633900,,0.0,,0.0,0.0,13.719205,2023-08-01
15449,2023-08-02 10:00:00,19500.0,19631.65,1764750,9426100,145.25,15.65,147550,806800,1.0,0.0,0.0,0.0,10.401111,13.60281,2023-08-01
10191,2023-08-02 10:00:00,19550.0,19631.65,1511100,8266150,106.35,26.6,189500,760200,1.0,0.0,0.0,0.0,11.119448,13.408374,2023-08-01
4933,2023-08-02 10:00:00,19600.0,19631.65,7702550,14486100,73.6,44.25,883650,1546500,1.0,0.0,0.0,0.0,11.51055,13.542856,2023-08-01
2302,2023-08-02 10:00:00,19650.0,19631.65,10797700,7085500,47.45,68.4,1088000,1095150,0.0,-1.0,0.0,0.0,11.682282,13.716208,2023-08-01
7563,2023-08-02 10:00:00,19700.0,19631.65,17929250,7402700,29.4,100.3,841350,1153250,0.0,-1.0,0.0,0.0,12.043037,14.239939,2023-08-01
12820,2023-08-02 10:00:00,19750.0,19631.65,9660950,2311300,17.45,137.85,421600,238850,0.0,-1.0,0.0,0.0,12.421476,14.892115,2023-08-01
18077,2023-08-02 10:00:00,19800.0,19631.65,16820250,3194500,10.3,180.75,454850,227600,0.0,-1.0,0.0,0.0,12.934703,16.038307,2023-08-01
23330,2023-08-02 10:00:00,19850.0,19631.65,8643900,677100,6.15,226.55,215600,19250,0.0,-1.0,0.0,0.0,13.544844,17.458064,2023-08-01
28583,2023-08-02 10:00:00,19900.0,19631.65,8956550,497800,4.15,274.0,276100,16100,0.0,-1.0,0.0,0.0,14.527703,19.065598,2023-08-01
25957,2023-08-02 10:01:00,19400.0,19627.3,418350,5957550,232.3,4.9,14400,297600,,0.0,,0.0,0.0,13.99453,2023-08-01
20704,2023-08-02 10:01:00,19450.0,19627.3,194900,4480100,185.85,8.65,9200,160650,1.0,0.0,0.0,0.0,9.567575,13.543044,2023-08-01
15450,2023-08-02 10:01:00,19500.0,19627.3,1764750,9426100,142.7,15.9,123900,498800,1.0,0.0,0.0,0.0,10.919014,13.422707,2023-08-01
10192,2023-08-02 10:01:00,19550.0,19627.3,1511100,8266150,103.9,27.1,123500,361300,1.0,0.0,0.0,0.0,11.349405,13.221771,2023-08-01
4934,2023-08-02 10:01:00,19600.0,19627.3,7702550,14486100,71.85,45.2,595750,1235100,1.0,0.0,0.0,0.0,11.719804,13.36211,2023-08-01
2303,2023-08-02 10:01:00,19650.0,19627.3,10797700,7085500,46.15,69.8,679150,883000,0.0,-1.0,0.0,0.0,11.841076,13.515581,2023-08-01
7564,2023-08-02 10:01:00,19700.0,19627.3,17929250,7402700,28.4,102.15,685700,730750,0.0,-1.0,0.0,0.0,12.145739,14.008248,2023-08-01
12821,2023-08-02 10:01:00,19750.0,19627.3,9660950,2311300,16.9,139.8,343500,172700,0.0,-1.0,0.0,0.0,12.539272,14.533527,2023-08-01
18078,2023-08-02 10:01:00,19800.0,19627.3,16820250,3194500,10.0,183.05,392300,158600,0.0,-1.0,0.0,0.0,13.055849,15.629277,2023-08-01
23331,2023-08-02 10:01:00,19850.0,19627.3,8643900,677100,5.95,228.6,329800,20300,0.0,-1.0,0.0,0.0,13.645295,16.788592,2023-08-01
28584,2023-08-02 10:01:00,19900.0,19627.3,8956550,497800,4.05,276.85,230950,14500,0.0,-1.0,0.0,0.0,14.647,18.602228,2023-08-01
25958,2023-08-02 10:02:00,19400.0,19625.85,413700,6090700,231.0,4.95,12300,126650,,0.0,,0.0,0.0,13.964749,2023-08-01
20705,2023-08-02 10:02:00,19450.0,19625.85,197850,4675300,185.0,8.6,21050,291400,1.0,0.0,0.0,0.0,10.028968,13.448588,2023-08-01
15451,2023-08-02 10:02:00,19500.0,19625.85,1807200,9398450,141.85,15.95,77750,430650,1.0,0.0,0.0,0.0,11.077038,13.353425,2023-08-01
10193,2023-08-02 10:02:00,19550.0,19625.85,1519450,8322450,103.2,27.35,94550,583550,1.0,0.0,0.0,0.0,11.454749,13.181975,2023-08-01
4935,2023-08-02 10:02:00,19600.0,19625.85,7704850,14504350,71.3,45.55,542250,1000050,1.0,0.0,0.0,0.0,11.796106,13.309709,2023-08-01
2304,2023-08-02 10:02:00,19650.0,19625.85,10849200,7169750,45.8,70.25,525650,592450,0.0,-1.0,0.0,0.0,11.91251,13.444552,2023-08-01
7565,2023-08-02 10:02:00,19700.0,19625.85,17930150,7541600,28.15,102.7,581700,512500,0.0,-1.0,0.0,0.0,12.201014,13.913517,2023-08-01
12822,2023-08-02 10:02:00,19750.0,19625.85,9692800,2313400,16.8,140.85,254350,97900,0.0,-1.0,0.0,0.0,12.605128,14.523039,2023-08-01
18079,2023-08-02 10:02:00,19800.0,19625.85,16936350,3190600,9.9,183.9,277600,86650,0.0,-1.0,0.0,0.0,13.097758,15.515209,2023-08-01
23332,2023-08-02 10:02:00,19850.0,19625.85,8594150,672300,5.85,230.0,140250,12100,0.0,-1.0,0.0,0.0,13.661288,16.849843,2023-08-01
28585,2023-08-02 10:02:00,19900.0,19625.85,8952350,496300,4.05,278.0,178200,11350,0.0,-1.0,0.0,0.0,14.714751,18.535716,2023-08-01
25959,2023-08-02 10:03:00,19400.0,19626.25,413700,6090700,230.7,4.9,9850,72100,,0.0,,0.0,0.0,13.954079,2023-08-01
20706,2023-08-02 10:03:00,19450.0,19626.25,197850,4675300,185.05,8.65,7800,151950,1.0,0.0,0.0,0.0,9.759916,13.49566,2023-08-01
15452,2023-08-02 10:03:00,19500.0,19626.25,1807200,9398450,142.3,15.9,44850,218350,1.0,0.0,0.0,0.0,11.123015,13.365361,2023-08-01
10194,2023-08-02 10:03:00,19550.0,19626.25,1519450,8322450,103.5,27.15,53400,343350,1.0,0.0,0.0,0.0,11.459987,13.163733,2023-08-01
4936,2023-08-02 10:03:00,19600.0,19626.25,7704850,14504350,71.6,45.25,325000,644850,1.0,0.0,0.0,0.0,11.81381,13.28271,2023-08-01
2305,2023-08-02 10:03:00,19650.0,19626.25,10849200,7169750,45.95,69.7,346400,440700,0.0,-1.0,0.0,0.0,11.909549,13.374213,2023-08-01
7566,2023-08-02 10:03:00,19700.0,19626.25,17930150,7541600,28.25,102.3,339600,385650,0.0,-1.0,0.0,0.0,12.198286,13.884417,2023-08-01
12823,2023-08-02 10:03:00,19750.0,19626.25,9692800,2313400,16.75,140.35,176950,79850,0.0,-1.0,0.0,0.0,12.568086,14.470941,2023-08-01
18080,2023-08-02 10:03:00,19800.0,19626.25,16936350,3190600,9.9,183.5,240600,59250,0.0,-1.0,0.0,0.0,13.079935,15.49473,2023-08-01
23333,2023-08-02 10:03:00,19850.0,19626.25,8594150,672300,5.9,229.65,189650,9050,0.0,-1.0,0.0,0.0,13.674986,16.852264,2023-08-01
28586,2023-08-02 10:03:00,19900.0,19626.25,8952350,496300,3.95,277.9,148150,7500,0.0,-1.0,0.0,0.0,14.62416,18.663077,2023-08-01
25960,2023-08-02 10:04:00,19350.0,19621.65,41250,2812450,277.4,3.0,150,99850,,0.0,,0.0,0.0,14.495904,2023-08-01
20707,2023-08-02 10:04:00,19400.0,19621.65,413700,6090700,229.5,4.95,12000,155200,1.0,0.0,0.0,0.0,10.627325,13.779449,2023-08-01
15453,2023-08-02 10:04:00,19450.0,19621.65,197850,4675300,183.1,8.8,10250,202450,1.0,0.0,0.0,0.0,11.386416,13.32604,2023-08-01
10195,2023-08-02 10:04:00,19500.0,19621.65,1807200,9398450,140.45,16.2,82050,370300,1.0,0.0,0.0,0.0,11.866954,13.181276,2023-08-01
4937,2023-08-02 10:04:00,19550.0,19621.65,1519450,8322450,101.95,27.75,106000,313100,1.0,0.0,0.0,0.0,11.942492,12.97656,2023-08-01
2306,2023-08-02 10:04:00,19600.0,19621.65,7704850,14504350,70.3,46.2,521150,978800,1.0,0.0,0.0,0.0,12.137579,13.067332,2023-08-01
7567,2023-08-02 10:04:00,19650.0,19621.65,10849200,7169750,45.15,71.05,553100,568900,0.0,-1.0,0.0,0.0,12.190758,13.11564,2023-08-01
12824,2023-08-02 10:04:00,19700.0,19621.65,17930150,7541600,27.8,104.0,425600,480300,0.0,-1.0,0.0,0.0,12.446683,13.552096,2023-08-01
18081,2023-08-02 10:04:00,19750.0,19621.65,9692800,2313400,16.55,142.3,248000,103850,0.0,-1.0,0.0,0.0,12.802349,14.019406,2023-08-01
23334,2023-08-02 10:04:00,19800.0,19621.65,16936350,3190600,9.8,186.0,281150,111650,0.0,-1.0,0.0,0.0,13.291798,15.029151,2023-08-01
28587,2023-08-02 10:04:00,19850.0,19621.65,8594150,672300,5.85,231.95,225250,6300,0.0,-1.0,0.0,0.0,13.869418,16.108064,2023-08-01
25961,2023-08-02 10:05:00,19350.0,19621.7,41500,2875450,279.0,3.05,200,27450,1.0,0.0,0.0,0.0,11.623768,14.548743,2023-08-01
20708,2023-08-02 10:05:00,19400.0,19621.7,414350,6113700,230.35,5.0,7600,157750,1.0,0.0,0.0,0.0,11.56399,13.817796,2023-08-01
15454,2023-08-02 10:05:00,19450.0,19621.7,198250,4767950,184.0,8.85,11650,186050,1.0,0.0,0.0,0.0,11.864828,13.354458,2023-08-01
10196,2023-08-02 10:05:00,19500.0,19621.7,1836700,9492550,141.3,16.15,67000,336000,1.0,0.0,0.0,0.0,12.150105,13.171895,2023-08-01
4938,2023-08-02 10:05:00,19550.0,19621.7,1547400,8605350,102.55,27.65,69500,347300,1.0,0.0,0.0,0.0,12.093456,12.958279,2023-08-01
2307,2023-08-02 10:05:00,19600.0,19621.7,7895850,14791200,71.05,46.05,389000,669900,1.0,0.0,0.0,0.0,12.303867,13.04173,2023-08-01
7568,2023-08-02 10:05:00,19650.0,19621.7,11017400,7148550,45.5,70.9,382250,472650,0.0,-1.0,0.0,0.0,12.267736,13.091683,2023-08-01
12825,2023-08-02 10:05:00,19700.0,19621.7,17877500,7584100,28.0,103.25,359600,386800,0.0,-1.0,0.0,0.0,12.496631,13.379547,2023-08-01
18082,2023-08-02 10:05:00,19750.0,19621.7,9729800,2312600,16.65,141.75,229850,98150,0.0,-1.0,0.0,0.0,12.834118,13.871992,2023-08-01
23335,2023-08-02 10:05:00,19800.0,19621.7,17053100,3191200,9.85,185.3,226950,101900,0.0,-1.0,0.0,0.0,13.313839,14.792236,2023-08-01
28588,2023-08-02 10:05:00,19850.0,19621.7,8629100,664500,5.85,231.0,110550,6950,0.0,-1.0,0.0,0.0,13.871145,15.693742,2023-08-01
25962,2023-08-02 10:06:00,19350.0,19624.85,41500,2875450,278.15,3.0,300,44950,,0.0,,0.0,0.0,14.636905,2023-08-01
20709,2023-08-02 10:06:00,19400.0,19624.85,414350,6113700,233.0,4.95,5550,112650,1.0,0.0,0.0,0.0,11.147139,13.933991,2023-08-01
15455,2023-08-02 10:06:00,19450.0,19624.85,198250,4767950,186.2,8.6,5000,118400,1.0,0.0,0.0,0.0,11.491119,13.410925,2023-08-01
10197,2023-08-02 10:06:00,19500.0,19624.85,1836700,9492550,143.05,15.75,77550,265550,1.0,0.0,0.0,0.0,11.851879,13.241206,2023-08-01
4939,2023-08-02 10:06:00,19550.0,19624.85,1547400,8605350,104.7,26.85,58450,208000,1.0,0.0,0.0,0.0,12.065823,12.99276,2023-08-01
2308,2023-08-02 10:06:00,19600.0,19624.85,7895850,14791200,72.55,44.75,348750,644300,1.0,0.0,0.0,0.0,12.229604,13.049335,2023-08-01
7569,2023-08-02 10:06:00,19650.0,19624.85,11017400,7148550,46.55,68.9,358450,389850,0.0,-1.0,0.0,0.0,12.194023,13.037095,2023-08-01
12826,2023-08-02 10:06:00,19700.0,19624.85,17877500,7584100,28.65,101.2,291150,302950,0.0,-1.0,0.0,0.0,12.417787,13.401936,2023-08-01
18083,2023-08-02 10:06:00,19750.0,19624.85,9729800,2312600,17.1,139.25,288800,105900,0.0,-1.0,0.0,0.0,12.776194,13.857851,2023-08-01
23336,2023-08-02 10:06:00,19800.0,19624.85,17053100,3191200,10.1,181.8,271350,97250,0.0,-1.0,0.0,0.0,13.249706,14.485887,2023-08-01
28589,2023-08-02 10:06:00,19850.0,19624.85,8629100,664500,5.95,228.6,199750,2700,0.0,-1.0,0.0,0.0,13.782758,15.879416,2023-08-01
25963,2023-08-02 10:07:00,19350.0,19623.85,41500,2875450,280.9,3.0,200,22550,1.0,0.0,0.0,0.0,11.132028,14.599319,2023-08-01
20710,2023-08-02 10:07:00,19400.0,19623.85,414350,6113700,232.2,4.95,3100,127050,1.0,0.0,0.0,0.0,11.345684,13.891832,2023-08-01
15456,2023-08-02 10:07:00,19450.0,19623.85,198250,4767950,185.5,8.55,5200,140750,1.0,0.0,0.0,0.0,11.621623,13.339742,2023-08-01
10198,2023-08-02 10:07:00,19500.0,19623.85,1836700,9492550,143.0,15.8,63350,181800,1.0,0.0,0.0,0.0,12.132009,13.19933,2023-08-01
4940,2023-08-02 10:07:00,19550.0,19623.85,1547400,8605350,104.25,26.9,80000,217800,1.0,0.0,0.0,0.0,12.14181,12.934506,2023-08-01
2309,2023-08-02 10:07:00,19600.0,19623.85,7895850,14791200,72.2,44.9,481300,441350,1.0,0.0,0.0,0.0,12.287696,12.992738,2023-08-01
7570,2023-08-02 10:07:00,19650.0,19623.85,11017400,7148550,46.35,69.2,399600,288450,0.0,-1.0,0.0,0.0,12.252786,12.984819,2023-08-01
12827,2023-08-02 10:07:00,19700.0,19623.85,17877500,7584100,28.45,101.45,465650,278100,0.0,-1.0,0.0,0.0,12.44991,13.301697,2023-08-01
18084,2023-08-02 10:07:00,19750.0,19623.85,9729800,2312600,16.85,139.65,241150,60150,0.0,-1.0,0.0,0.0,12.767131,13.75146,2023-08-01
23337,2023-08-02 10:07:00,19800.0,19623.85,17053100,3191200,9.95,182.85,202800,54800,0.0,-1.0,0.0,0.0,13.246581,14.564513,2023-08-01
28590,2023-08-02 10:07:00,19850.0,19623.85,8629100,664500,5.9,228.95,72000,6150,0.0,-1.0,0.0,0.0,13.805859,15.635692,2023-08-01
25964,2023-08-02 10:08:00,19400.0,19627.7,416700,6111800,234.95,4.85,15750,110850,1.0,0.0,0.0,0.0,9.924621,14.006315,2023-08-01
20711,2023-08-02 10:08:00,19450.0,19627.7,201400,4782100,188.5,8.4,16100,131850,1.0,0.0,0.0,0.0,11.302813,13.475078,2023-08-01
15457,2023-08-02 10:08:00,19500.0,19627.7,1865650,9519300,145.5,15.4,80800,264350,1.0,0.0,0.0,0.0,11.881803,13.308565,2023-08-01
10199,2023-08-02 10:08:00,19550.0,19627.7,1566350,8644300,106.25,26.3,77900,272100,1.0,0.0,0.0,0.0,11.933167,13.068376,2023-08-01
4941,2023-08-02 10:08:00,19600.0,19627.7,8047700,14915400,73.8,43.9,377100,616900,1.0,0.0,0.0,0.0,12.136192,13.128796,2023-08-01
2310,2023-08-02 10:08:00,19650.0,19627.7,11084800,7187800,47.55,67.6,444200,365850,0.0,-1.0,0.0,0.0,12.137581,13.099416,2023-08-01
7571,2023-08-02 10:08:00,19700.0,19627.7,17923950,7573000,29.2,99.55,273950,414350,0.0,-1.0,0.0,0.0,12.337368,13.469967,2023-08-01
12828,2023-08-02 10:08:00,19750.0,19627.7,9724350,2331850,17.25,137.4,155500,93700,0.0,-1.0,0.0,0.0,12.646683,13.962439,2023-08-01
18085,2023-08-02 10:08:00,19800.0,19627.7,17129600,3157700,10.15,180.0,218550,70550,0.0,-1.0,0.0,0.0,13.122271,14.708535,2023-08-01
23338,2023-08-02 10:08:00,19850.0,19627.7,8646550,664800,5.9,225.95,115950,8250,0.0,-1.0,0.0,0.0,13.625885,15.826244,2023-08-01
28591,2023-08-02 10:08:00,19900.0,19627.7,8980300,490250,4.0,273.8,97300,6100,0.0,-1.0,0.0,0.0,14.621147,17.264777,2023-08-01
25965,2023-08-02 10:09:00,19400.0,19628.5,416700,6111800,234.85,4.65,5700,137400,,0.0,,0.0,0.0,13.912277,2023-08-01
20712,2023-08-02 10:09:00,19450.0,19628.5,201400,4782100,189.0,8.2,8000,181450,1.0,0.0,0.0,0.0,11.153884,13.427495,2023-08-01
15458,2023-08-02 10:09:00,19500.0,19628.5,1865650,9519300,145.8,15.15,55900,270450,1.0,0.0,0.0,0.0,11.748599,13.278305,2023-08-01
10200,2023-08-02 10:09:00,19550.0,19628.5,1566350,8644300,106.85,25.85,53950,208150,1.0,0.0,0.0,0.0,11.940451,13.013401,2023-08-01
4942,2023-08-02 10:09:00,19600.0,19628.5,8047700,14915400,74.0,43.2,363250,517700,1.0,0.0,0.0,0.0,12.076148,13.047089,2023-08-01
2311,2023-08-02 10:09:00,19650.0,19628.5,11084800,7187800,47.7,67.0,336650,324450,0.0,-1.0,0.0,0.0,12.093538,13.06535,2023-08-01
7572,2023-08-02 10:09:00,19700.0,19628.5,17923950,7573000,29.3,98.9,319800,291150,0.0,-1.0,0.0,0.0,12.302475,13.444463,2023-08-01
12829,2023-08-02 10:09:00,19750.0,19628.5,9724350,2331850,17.3,136.5,116650,70050,0.0,-1.0,0.0,0.0,12.614096,13.883088,2023-08-01
18086,2023-08-02 10:09:00,19800.0,19628.5,17129600,3157700,10.1,179.5,178550,55850,0.0,-1.0,0.0,0.0,13.062148,14.771696,2023-08-01
23339,2023-08-02 10:09:00,19850.0,19628.5,8646550,664800,5.85,225.75,57700,8650,0.0,-1.0,0.0,0.0,13.562976,16.051825,2023-08-01
28592,2023-08-02 10:09:00,19900.0,19628.5,8980300,490250,3.95,273.35,97950,6550,0.0,-1.0,0.0,0.0,14.551698,17.416162,2023-08-01
25966,2023-08-02 10:10:00,19400.0,19625.9,416700,6111800,232.9,4.9,12950,114200,1.0,0.0,0.0,0.0,9.32834,13.96455,2023-08-01
20713,2023-08-02 10:10:00,19450.0,19625.9,201400,4782100,185.75,8.6,3800,231600,1.0,0.0,0.0,0.0,10.601173,13.480162,2023-08-01
15459,2023-08-02 10:10:00,19500.0,19625.9,1865650,9519300,142.95,15.75,59450,313400,1.0,0.0,0.0,0.0,11.511752,13.319949,2023-08-01
10201,2023-08-02 10:10:00,19550.0,19625.9,1566350,8644300,104.35,27.0,56600,199600,1.0,0.0,0.0,0.0,11.786012,13.123214,2023-08-01
4943,2023-08-02 10:10:00,19600.0,19625.9,8047700,14915400,72.3,44.85,376500,533750,1.0,0.0,0.0,0.0,12.047466,13.183521,2023-08-01
2312,2023-08-02 10:10:00,19650.0,19625.9,11084800,7187800,46.4,69.15,306900,343350,0.0,-1.0,0.0,0.0,12.07099,13.233178,2023-08-01
7573,2023-08-02 10:10:00,19700.0,19625.9,17923950,7573000,28.45,101.45,294700,285200,0.0,-1.0,0.0,0.0,12.301439,13.646174,2023-08-01
12830,2023-08-02 10:10:00,19750.0,19625.9,9724350,2331850,16.85,139.35,163800,81400,0.0,-1.0,0.0,0.0,12.647798,14.132819,2023-08-01
18087,2023-08-02 10:10:00,19800.0,19625.9,17129600,3157700,9.95,182.35,216950,44400,0.0,-1.0,0.0,0.0,13.146914,15.01561,2023-08-01
23340,2023-08-02 10:10:00,19850.0,19625.9,8646550,664800,5.8,228.3,131550,4150,0.0,-1.0,0.0,0.0,13.662405,16.170717,2023-08-01
28593,2023-08-02 10:10:00,19900.0,19625.9,8980300,490250,3.9,276.9,144300,4350,0.0,-1.0,0.0,0.0,14.630434,18.041143,2023-08-01
25967,2023-08-02 10:11:00,19400.0,19626.2,415950,6162950,232.75,4.9,8450,86850,1.0,0.0,0.0,0.0,7.309473,13.982107,2023-08-01
20714,2023-08-02 10:11:00,19450.0,19626.2,203450,4826850,186.3,8.7,1650,215500,1.0,0.0,0.0,0.0,10.793518,13.544778,2023-08-01
15460,2023-08-02 10:11:00,19500.0,19626.2,1882600,9567450,143.3,15.9,44150,202050,1.0,0.0,0.0,0.0,11.551895,13.390792,2023-08-01
10202,2023-08-02 10:11:00,19550.0,19626.2,1572350,8648400,104.5,26.95,57500,164150,1.0,0.0,0.0,0.0,11.771353,13.136067,2023-08-01
4944,2023-08-02 10:11:00,19600.0,19626.2,8060900,14955500,72.4,44.95,277450,397650,1.0,0.0,0.0,0.0,12.033499,13.237535,2023-08-01
2313,2023-08-02 10:11:00,19650.0,19626.2,11162150,7183050,46.45,69.35,269700,277000,0.0,-1.0,0.0,0.0,12.055822,13.317191,2023-08-01
7574,2023-08-02 10:11:00,19700.0,19626.2,17941100,7579700,28.45,101.4,223850,226400,0.0,-1.0,0.0,0.0,12.281743,13.685724,2023-08-01
12831,2023-08-02 10:11:00,19750.0,19626.2,9725200,2314650,16.8,139.6,126200,55750,0.0,-1.0,0.0,0.0,12.617089,14.273292,2023-08-01
18088,2023-08-02 10:11:00,19800.0,19626.2,17222600,3155200,9.9,182.5,163800,42400,0.0,-1.0,0.0,0.0,13.113989,15.15989,2023-08-01
23341,2023-08-02 10:11:00,19850.0,19626.2,8691600,664700,5.8,228.5,117100,8800,0.0,-1.0,0.0,0.0,13.652146,16.375483,2023-08-01
28594,2023-08-02 10:11:00,19900.0,19626.2,9014550,488350,3.9,275.2,133050,4900,0.0,-1.0,0.0,0.0,14.621669,17.29259,2023-08-01
25968,2023-08-02 10:12:00,19350.0,19623.55,415950,2870550,232.75,3.05,0,64450,1.0,0.0,0.0,0.0,7.309473,14.65386,2023-08-01
20715,2023-08-02 10:12:00,19400.0,19623.55,415950,6162950,231.35,4.95,10000,61000,1.0,0.0,0.0,0.0,10.695641,13.896903,2023-08-01
15461,2023-08-02 10:12:00,19450.0,19623.55,203450,4826850,185.1,8.75,1400,77550,1.0,0.0,0.0,0.0,11.576335,13.432206,2023-08-01
10203,2023-08-02 10:12:00,19500.0,19623.55,1882600,9567450,142.55,16.0,38050,214800,1.0,0.0,0.0,0.0,12.084625,13.263056,2023-08-01
4945,2023-08-02 10:12:00,19550.0,19623.55,1572350,8648400,103.4,27.3,63550,162100,1.0,0.0,0.0,0.0,11.996113,13.031749,2023-08-01
2314,2023-08-02 10:12:00,19600.0,19623.55,8060900,14955500,71.5,45.35,287350,430050,1.0,0.0,0.0,0.0,12.189084,13.082733,2023-08-01
7575,2023-08-02 10:12:00,19650.0,19623.55,11162150,7183050,45.85,69.9,306400,314700,0.0,-1.0,0.0,0.0,12.190309,13.120024,2023-08-01
12832,2023-08-02 10:12:00,19700.0,19623.55,17941100,7579700,28.15,102.4,238750,248900,0.0,-1.0,0.0,0.0,12.417696,13.500465,2023-08-01
18089,2023-08-02 10:12:00,19750.0,19623.55,9725200,2314650,16.7,140.2,152550,47850,0.0,-1.0,0.0,0.0,12.759229,13.860055,2023-08-01
23342,2023-08-02 10:12:00,19800.0,19623.55,17222600,3155200,9.9,183.9,209250,42000,0.0,-1.0,0.0,0.0,13.262084,14.871535,2023-08-01
28595,2023-08-02 10:12:00,19850.0,19623.55,8691600,664700,5.8,229.2,70350,5300,0.0,-1.0,0.0,0.0,13.78263,15.642117,2023-08-01
25969,2023-08-02 10:13:00,19350.0,19610.4,42050,2870550,267.55,3.15,1400,142400,1.0,0.0,0.0,0.0,10.986603,14.197164,2023-08-01
20716,2023-08-02 10:13:00,19400.0,19610.4,415950,6162950,219.8,5.2,41150,333550,1.0,0.0,0.0,0.0,11.830552,13.448726,2023-08-01
15462,2023-08-02 10:13:00,19450.0,19610.4,203450,4826850,173.75,9.4,61750,407850,1.0,0.0,0.0,0.0,11.872444,13.019982,2023-08-01
10204,2023-08-02 10:13:00,19500.0,19610.4,1882600,9567450,131.75,17.3,399400,936850,1.0,0.0,0.0,0.0,12.074027,12.846389,2023-08-01
4946,2023-08-02 10:13:00,19550.0,19610.4,1572350,8648400,94.35,29.85,423950,1091450,1.0,0.0,0.0,0.0,12.061643,12.66607,2023-08-01
2315,2023-08-02 10:13:00,19600.0,19610.4,8060900,14955500,63.9,49.15,1976050,2758200,1.0,0.0,0.0,0.0,12.16665,12.656979,2023-08-01
7576,2023-08-02 10:13:00,19650.0,19610.4,11162150,7183050,40.0,75.55,2316350,1989100,0.0,-1.0,0.0,0.0,12.136571,12.708179,2023-08-01
12833,2023-08-02 10:13:00,19700.0,19610.4,17941100,7579700,24.2,109.65,2292400,1759250,0.0,-1.0,0.0,0.0,12.404266,13.037668,2023-08-01
18090,2023-08-02 10:13:00,19750.0,19610.4,9725200,2314650,14.3,149.85,1184500,448300,0.0,-1.0,0.0,0.0,12.809675,13.640663,2023-08-01
23343,2023-08-02 10:13:00,19800.0,19610.4,17222600,3155200,8.55,193.75,1066950,443250,0.0,-1.0,0.0,0.0,13.384295,14.339806,2023-08-01
28596,2023-08-02 10:13:00,19850.0,19610.4,8691600,664700,5.2,241.0,509100,45650,0.0,-1.0,0.0,0.0,14.041431,15.648396,2023-08-01
25970,2023-08-02 10:14:00,19350.0,19610.7,42500,2916500,268.55,3.1,950,94800,1.0,0.0,0.0,0.0,12.254837,14.16866,2023-08-01
20717,2023-08-02 10:14:00,19400.0,19610.7,432350,6104950,220.9,5.25,20050,195150,1.0,0.0,0.0,0.0,12.473783,13.497304,2023-08-01
15463,2023-08-02 10:14:00,19450.0,19610.7,222850,4792300,174.8,9.35,16200,236000,1.0,0.0,0.0,0.0,12.246507,13.018452,2023-08-01
10205,2023-08-02 10:14:00,19500.0,19610.7,1820300,9530900,132.1,17.25,156600,734600,1.0,0.0,0.0,0.0,12.113137,12.853708,2023-08-01
4947,2023-08-02 10:14:00,19550.0,19610.7,1649300,8614750,94.6,29.55,177950,550550,1.0,0.0,0.0,0.0,12.076494,12.618814,2023-08-01
2316,2023-08-02 10:14:00,19600.0,19610.7,8098650,14512000,64.1,49.25,922800,1529150,1.0,0.0,0.0,0.0,12.178324,12.712645,2023-08-01
7577,2023-08-02 10:14:00,19650.0,19610.7,11390500,7026650,40.25,75.45,1049700,974100,0.0,-1.0,0.0,0.0,12.169438,12.728669,2023-08-01
12834,2023-08-02 10:14:00,19700.0,19610.7,17980000,7249100,24.35,109.7,1122200,819900,0.0,-1.0,0.0,0.0,12.425407,13.108524,2023-08-01
18091,2023-08-02 10:14:00,19750.0,19610.7,9647550,2248300,14.4,149.5,608800,157850,0.0,-1.0,0.0,0.0,12.82869,13.608886,2023-08-01
23344,2023-08-02 10:14:00,19800.0,19610.7,17303650,3096000,8.7,193.65,689050,176950,0.0,-1.0,0.0,0.0,13.440144,14.408301,2023-08-01
28597,2023-08-02 10:14:00,19850.0,19610.7,8707700,651400,5.35,240.35,376000,17850,0.0,-1.0,0.0,0.0,14.125914,15.454031,2023-08-01
25971,2023-08-02 10:15:00,19350.0,19611.05,42500,2916500,269.55,3.2,1250,159400,1.0,0.0,0.0,0.0,13.11208,14.277127,2023-08-01
20718,2023-08-02 10:15:00,19400.0,19611.05,432350,6104950,221.25,5.35,15000,301900,1.0,0.0,0.0,0.0,12.495475,13.578772,2023-08-01
15464,2023-08-02 10:15:00,19450.0,19611.05,222850,4792300,175.15,9.45,10950,309600,1.0,0.0,0.0,0.0,12.269692,13.08318,2023-08-01
10206,2023-08-02 10:15:00,19500.0,19611.05,1820300,9530900,133.1,17.35,125600,728700,1.0,0.0,0.0,0.0,12.346328,12.910299,2023-08-01
4948,2023-08-02 10:15:00,19550.0,19611.05,1649300,8614750,95.75,29.65,269050,870450,1.0,0.0,0.0,0.0,12.307519,12.674383,2023-08-01
2317,2023-08-02 10:15:00,19600.0,19611.05,8098650,14512000,65.0,49.1,1122600,1954500,1.0,0.0,0.0,0.0,12.339952,12.717594,2023-08-01
7578,2023-08-02 10:15:00,19650.0,19611.05,11390500,7026650,40.95,75.3,1129050,1145300,0.0,-1.0,0.0,0.0,12.299788,12.744423,2023-08-01
12835,2023-08-02 10:15:00,19700.0,19611.05,17980000,7249100,24.95,109.55,1183050,1035450,0.0,-1.0,0.0,0.0,12.560319,13.136817,2023-08-01
18092,2023-08-02 10:15:00,19750.0,19611.05,9647550,2248300,14.75,148.9,621750,200050,0.0,-1.0,0.0,0.0,12.927426,13.510164,2023-08-01
23345,2023-08-02 10:15:00,19800.0,19611.05,17303650,3096000,8.95,193.05,642650,213800,0.0,-1.0,0.0,0.0,13.537257,14.289221,2023-08-01
28598,2023-08-02 10:15:00,19850.0,19611.05,8707700,651400,5.5,239.3,432550,23050,0.0,-1.0,0.0,0.0,14.206682,15.063371,2023-08-01
25972,2023-08-02 10:16:00,19350.0,19612.05,42500,2916500,270.75,3.15,50,77550,1.0,0.0,0.0,0.0,13.384163,14.278572,2023-08-01
20719,2023-08-02 10:16:00,19400.0,19612.05,432350,6104950,222.0,5.25,14600,169300,1.0,0.0,0.0,0.0,12.359042,13.567983,2023-08-01
15465,2023-08-02 10:16:00,19450.0,19612.05,222850,4792300,176.1,9.45,9650,374000,1.0,0.0,0.0,0.0,12.303449,13.140589,2023-08-01
10207,2023-08-02 10:16:00,19500.0,19612.05,1820300,9530900,133.9,17.25,121050,494000,1.0,0.0,0.0,0.0,12.350056,12.947083,2023-08-01
4949,2023-08-02 10:16:00,19550.0,19612.05,1649300,8614750,96.1,29.4,146800,394050,1.0,0.0,0.0,0.0,12.226819,12.694141,2023-08-01
2318,2023-08-02 10:16:00,19600.0,19612.05,8098650,14512000,65.3,48.95,806250,1106050,1.0,0.0,0.0,0.0,12.287446,12.787484,2023-08-01
7579,2023-08-02 10:16:00,19650.0,19612.05,11390500,7026650,41.3,75.0,732300,573300,0.0,-1.0,0.0,0.0,12.289816,12.812258,2023-08-01
12836,2023-08-02 10:16:00,19700.0,19612.05,17980000,7249100,25.2,109.2,852300,532450,0.0,-1.0,0.0,0.0,12.555284,13.231287,2023-08-01
18093,2023-08-02 10:16:00,19750.0,19612.05,9647550,2248300,14.95,148.5,498700,94850,0.0,-1.0,0.0,0.0,12.93599,13.640893,2023-08-01
23346,2023-08-02 10:16:00,19800.0,19612.05,17303650,3096000,8.95,192.6,405200,111200,0.0,-1.0,0.0,0.0,13.488447,14.461782,2023-08-01
28599,2023-08-02 10:16:00,19850.0,19612.05,8707700,651400,5.5,238.95,236350,10900,0.0,-1.0,0.0,0.0,14.163934,15.366127,2023-08-01
25973,2023-08-02 10:17:00,19350.0,19607.65,43650,2884650,265.5,3.35,1250,130200,1.0,0.0,0.0,0.0,12.164626,14.271764,2023-08-01
20720,2023-08-02 10:17:00,19400.0,19607.65,443050,6110400,216.75,5.65,15100,403150,1.0,0.0,0.0,0.0,11.481723,13.605498,2023-08-01
15466,2023-08-02 10:17:00,19450.0,19607.65,222650,4722200,170.8,10.2,17900,363800,1.0,0.0,0.0,0.0,11.655196,13.21677,2023-08-01
10208,2023-08-02 10:17:00,19500.0,19607.65,1883000,9377550,129.3,18.7,143150,1095500,1.0,0.0,0.0,0.0,12.014655,13.105666,2023-08-01
4950,2023-08-02 10:17:00,19550.0,19607.65,1762400,8584950,92.25,31.7,196700,965800,1.0,0.0,0.0,0.0,12.024803,12.914998,2023-08-01
2319,2023-08-02 10:17:00,19600.0,19607.65,8666500,14254700,62.5,52.0,816400,2006350,1.0,0.0,0.0,0.0,12.205132,13.025405,2023-08-01
7580,2023-08-02 10:17:00,19650.0,19607.65,11805550,6838150,39.45,79.0,774650,1204800,0.0,-1.0,0.0,0.0,12.279245,13.135248,2023-08-01
12837,2023-08-02 10:17:00,19700.0,19607.65,18024750,7032250,24.15,113.85,921250,956550,0.0,-1.0,0.0,0.0,12.60733,13.629582,2023-08-01
18094,2023-08-02 10:17:00,19750.0,19607.65,9685800,2222800,14.45,153.7,579800,272600,0.0,-1.0,0.0,0.0,13.042453,14.173674,2023-08-01
23347,2023-08-02 10:17:00,19800.0,19607.65,17288500,3070400,8.8,198.0,486450,223850,0.0,-1.0,0.0,0.0,13.657531,15.10769,2023-08-01
28600,2023-08-02 10:17:00,19850.0,19607.65,8578050,646850,5.45,243.8,304750,24550,0.0,-1.0,0.0,0.0,14.343594,15.822049,2023-08-01
25974,2023-08-02 10:18:00,19350.0,19604.65,43650,2884650,263.6,3.4,1050,269950,1.0,0.0,0.0,0.0,13.359954,14.190043,2023-08-01
20721,2023-08-02 10:18:00,19400.0,19604.65,443050,6110400,216.3,5.7,24050,435950,1.0,0.0,0.0,0.0,13.18716,13.495486,2023-08-01
15467,2023-08-02 10:18:00,19450.0,19604.65,222650,4722200,170.9,10.35,51000,381700,1.0,0.0,0.0,0.0,12.878965,13.116029,2023-08-01
10209,2023-08-02 10:18:00,19500.0,19604.65,1883000,9377550,129.3,18.7,209850,986350,1.0,0.0,0.0,0.0,12.748419,12.912089,2023-08-01
4951,2023-08-02 10:18:00,19550.0,19604.65,1762400,8584950,92.05,31.75,252650,1084850,1.0,0.0,0.0,0.0,12.477958,12.688557,2023-08-01
2320,2023-08-02 10:18:00,19600.0,19604.65,8666500,14254700,62.4,52.15,1252950,2336600,1.0,0.0,0.0,0.0,12.545498,12.752643,2023-08-01
7581,2023-08-02 10:18:00,19650.0,19604.65,11805550,6838150,39.25,78.9,1118400,1495450,0.0,-1.0,0.0,0.0,12.509976,12.704848,2023-08-01
12838,2023-08-02 10:18:00,19700.0,19604.65,18024750,7032250,23.8,113.9,1491200,1094300,0.0,-1.0,0.0,0.0,12.735889,13.085219,2023-08-01
18095,2023-08-02 10:18:00,19750.0,19604.65,9685800,2222800,14.2,153.7,750050,201150,0.0,-1.0,0.0,0.0,13.143391,13.390313,2023-08-01
23348,2023-08-02 10:18:00,19800.0,19604.65,17288500,3070400,8.65,197.95,756600,297900,0.0,-1.0,0.0,0.0,13.750863,13.998279,2023-08-01
28601,2023-08-02 10:18:00,19850.0,19604.65,8578050,646850,5.35,244.65,327350,40500,0.0,-1.0,0.0,0.0,14.425209,14.774283,2023-08-01
25975,2023-08-02 10:19:00,19350.0,19606.35,43650,2884650,264.45,3.4,50,81200,1.0,0.0,0.0,0.0,12.47142,14.266859,2023-08-01
20722,2023-08-02 10:19:00,19400.0,19606.35,443050,6110400,215.95,5.8,13800,179550,1.0,0.0,0.0,0.0,11.854979,13.638842,2023-08-01
15468,2023-08-02 10:19:00,19450.0,19606.35,222650,4722200,169.9,10.4,6750,329650,1.0,0.0,0.0,0.0,11.789504,13.233539,2023-08-01
10210,2023-08-02 10:19:00,19500.0,19606.35,1883000,9377550,128.85,18.85,97850,620450,1.0,0.0,0.0,0.0,12.207472,13.072055,2023-08-01
4952,2023-08-02 10:19:00,19550.0,19606.35,1762400,8584950,91.95,32.05,124400,435650,1.0,0.0,0.0,0.0,12.17726,12.902403,2023-08-01
2321,2023-08-02 10:19:00,19600.0,19606.35,8666500,14254700,62.15,52.45,580150,1083200,1.0,0.0,0.0,0.0,12.291444,12.998591,2023-08-01
7582,2023-08-02 10:19:00,19650.0,19606.35,11805550,6838150,39.15,79.25,616950,751400,0.0,-1.0,0.0,0.0,12.336794,13.022117,2023-08-01
12839,2023-08-02 10:19:00,19700.0,19606.35,18024750,7032250,23.7,114.05,783900,458750,0.0,-1.0,0.0,0.0,12.590141,13.448145,2023-08-01
18096,2023-08-02 10:19:00,19750.0,19606.35,9685800,2222800,14.15,154.0,546450,83550,0.0,-1.0,0.0,0.0,13.027831,13.943592,2023-08-01
23349,2023-08-02 10:19:00,19800.0,19606.35,17288500,3070400,8.55,199.1,473400,233400,0.0,-1.0,0.0,0.0,13.620414,15.106574,2023-08-01
28602,2023-08-02 10:19:00,19850.0,19606.35,8578050,646850,5.3,245.75,214100,14000,0.0,-1.0,0.0,0.0,14.318591,16.223995,2023-08-01
25976,2023-08-02 10:20:00,19350.0,19607.75,43950,2901050,264.15,3.35,350,100150,,0.0,,0.0,0.0,14.287788,2023-08-01
20723,2023-08-02 10:20:00,19400.0,19607.75,463650,6178250,216.7,5.65,10250,190150,1.0,0.0,0.0,0.0,11.371561,13.621384,2023-08-01
15469,2023-08-02 10:20:00,19450.0,19607.75,240750,4801050,171.6,10.15,13000,281000,1.0,0.0,0.0,0.0,12.007355,13.212543,2023-08-01
10211,2023-08-02 10:20:00,19500.0,19607.75,1984800,9355850,130.0,18.55,120200,609350,1.0,0.0,0.0,0.0,12.222989,13.077777,2023-08-01
4953,2023-08-02 10:20:00,19550.0,19607.75,1880800,8497150,92.85,31.4,137200,430300,1.0,0.0,0.0,0.0,12.168766,12.859817,2023-08-01
2322,2023-08-02 10:20:00,19600.0,19607.75,9276300,14287450,62.95,51.65,647550,1058250,1.0,0.0,0.0,0.0,12.305113,12.967719,2023-08-01
7583,2023-08-02 10:20:00,19650.0,19607.75,11994650,6593750,39.75,78.65,516000,618900,0.0,-1.0,0.0,0.0,12.350251,13.078754,2023-08-01
12840,2023-08-02 10:20:00,19700.0,19607.75,18331700,6742350,24.1,113.25,954900,460050,0.0,-1.0,0.0,0.0,12.598421,13.50261,2023-08-01
18097,2023-08-02 10:20:00,19750.0,19607.75,9665950,2174250,14.35,153.0,443300,78400,0.0,-1.0,0.0,0.0,13.014611,13.986749,2023-08-01
23350,2023-08-02 10:20:00,19800.0,19607.75,17192200,2896700,8.65,197.65,734800,182200,0.0,-1.0,0.0,0.0,13.596742,15.011972,2023-08-01
28603,2023-08-02 10:20:00,19850.0,19607.75,8650800,644850,5.3,244.35,520150,11500,0.0,-1.0,0.0,0.0,14.257568,16.156286,2023-08-01
25977,2023-08-02 10:21:00,19350.0,19610.1,43950,2901050,267.35,3.35,600,206900,1.0,0.0,0.0,0.0,11.278978,14.39217,2023-08-01
20724,2023-08-02 10:21:00,19400.0,19610.1,463650,6178250,217.1,5.7,15600,332500,1.0,0.0,0.0,0.0,8.904742,13.766657,2023-08-01
15470,2023-08-02 10:21:00,19450.0,19610.1,240750,4801050,171.6,10.1,19500,346850,1.0,0.0,0.0,0.0,10.944344,13.324293,2023-08-01
10212,2023-08-02 10:21:00,19500.0,19610.1,1984800,9355850,129.95,18.45,145200,636250,1.0,0.0,0.0,0.0,11.602596,13.204638,2023-08-01
4954,2023-08-02 10:21:00,19550.0,19610.1,1880800,8497150,92.8,31.4,169100,654600,1.0,0.0,0.0,0.0,11.757331,13.051145,2023-08-01
2323,2023-08-02 10:21:00,19600.0,19610.1,9276300,14287450,62.8,51.7,746450,1347850,1.0,0.0,0.0,0.0,11.989267,13.221555,2023-08-01
7584,2023-08-02 10:21:00,19650.0,19610.1,11994650,6593750,39.7,78.4,707150,675700,0.0,-1.0,0.0,0.0,12.126423,13.340331,2023-08-01
12841,2023-08-02 10:21:00,19700.0,19610.1,18331700,6742350,24.05,113.15,766150,867850,0.0,-1.0,0.0,0.0,12.417298,13.90521,2023-08-01
18098,2023-08-02 10:21:00,19750.0,19610.1,9665950,2174250,14.25,153.05,428450,154000,0.0,-1.0,0.0,0.0,12.84223,14.5877,2023-08-01
23351,2023-08-02 10:21:00,19800.0,19610.1,17192200,2896700,8.65,197.6,575250,120850,0.0,-1.0,0.0,0.0,13.477419,15.767253,2023-08-01
28604,2023-08-02 10:21:00,19850.0,19610.1,8650800,644850,5.4,243.0,348700,16800,0.0,-1.0,0.0,0.0,14.214691,16.527136,2023-08-01
25978,2023-08-02 10:22:00,19350.0,19608.55,43950,2901050,265.25,3.4,50,85900,1.0,0.0,0.0,0.0,9.687044,14.372963,2023-08-01
20725,2023-08-02 10:22:00,19400.0,19608.55,463650,6178250,219.0,5.7,8200,213700,1.0,0.0,0.0,0.0,12.605325,13.696523,2023-08-01
15471,2023-08-02 10:22:00,19450.0,19608.55,240750,4801050,171.7,10.05,4600,270950,1.0,0.0,0.0,0.0,11.725862,13.222509,2023-08-01
10213,2023-08-02 10:22:00,19500.0,19608.55,1984800,9355850,130.3,18.5,57550,426750,1.0,0.0,0.0,0.0,12.124949,13.122085,2023-08-01
4955,2023-08-02 10:22:00,19550.0,19608.55,1880800,8497150,93.1,31.25,108800,296300,1.0,0.0,0.0,0.0,12.10348,12.893916,2023-08-01
2324,2023-08-02 10:22:00,19600.0,19608.55,9276300,14287450,63.0,51.4,463500,828400,1.0,0.0,0.0,0.0,12.227234,13.000437,2023-08-01
7585,2023-08-02 10:22:00,19650.0,19608.55,11994650,6593750,39.9,78.2,324050,411650,0.0,-1.0,0.0,0.0,12.318838,13.090732,2023-08-01
12842,2023-08-02 10:22:00,19700.0,19608.55,18331700,6742350,24.2,112.75,560150,284750,0.0,-1.0,0.0,0.0,12.574181,13.52648,2023-08-01
18099,2023-08-02 10:22:00,19750.0,19608.55,9665950,2174250,14.4,152.45,222200,56750,0.0,-1.0,0.0,0.0,12.990723,14.021776,2023-08-01
23352,2023-08-02 10:22:00,19800.0,19608.55,17192200,2896700,8.7,196.7,377550,109550,0.0,-1.0,0.0,0.0,13.585543,14.91366,2023-08-01
28605,2023-08-02 10:22:00,19850.0,19608.55,8650800,644850,5.35,242.6,394300,20900,0.0,-1.0,0.0,0.0,14.260211,15.634195,2023-08-01
25979,2023-08-02 10:23:00,19350.0,19605.2,44550,2913200,263.4,3.5,700,221700,1.0,0.0,0.0,0.0,12.585267,14.317774,2023-08-01
20726,2023-08-02 10:23:00,19400.0,19605.2,467300,6257950,215.7,5.85,17150,318550,1.0,0.0,0.0,0.0,12.494451,13.627599,2023-08-01
15472,2023-08-02 10:23:00,19450.0,19605.2,254450,4910150,169.7,10.45,20500,309650,1.0,0.0,0.0,0.0,12.184446,13.204449,2023-08-01
10214,2023-08-02 10:23:00,19500.0,19605.2,2039750,9449000,128.4,19.3,182550,859200,1.0,0.0,0.0,0.0,12.367386,13.143572,2023-08-01
4956,2023-08-02 10:23:00,19550.0,19605.2,1964750,8454600,91.65,32.5,201350,749700,1.0,0.0,0.0,0.0,12.310756,12.932169,2023-08-01
2325,2023-08-02 10:23:00,19600.0,19605.2,9710200,14142750,61.95,53.1,1126000,1923200,1.0,0.0,0.0,0.0,12.400143,13.037509,2023-08-01
7586,2023-08-02 10:23:00,19650.0,19605.2,12104950,6414500,39.15,80.3,907600,970650,0.0,-1.0,0.0,0.0,12.456729,13.11759,2023-08-01
12843,2023-08-02 10:23:00,19700.0,19605.2,18535850,6389800,23.8,114.85,957900,933650,0.0,-1.0,0.0,0.0,12.715639,13.454598,2023-08-01
18100,2023-08-02 10:23:00,19750.0,19605.2,9759800,2128850,14.25,155.05,602900,204300,0.0,-1.0,0.0,0.0,13.147092,13.995192,2023-08-01
23353,2023-08-02 10:23:00,19800.0,19605.2,17151950,2817750,8.65,200.0,638200,148950,0.0,-1.0,0.0,0.0,13.742699,15.081955,2023-08-01
28606,2023-08-02 10:23:00,19850.0,19605.2,8693850,637950,5.35,246.7,303200,24650,0.0,-1.0,0.0,0.0,14.421029,16.192468,2023-08-01
25980,2023-08-02 10:24:00,19350.0,19604.75,44550,2913200,261.55,3.5,100,170250,1.0,0.0,0.0,0.0,9.978107,14.302296,2023-08-01
20727,2023-08-02 10:24:00,19400.0,19604.75,467300,6257950,213.95,5.95,14400,287550,1.0,0.0,0.0,0.0,11.48813,13.667325,2023-08-01
15473,2023-08-02 10:24:00,19450.0,19604.75,254450,4910150,168.7,10.7,24700,249900,1.0,0.0,0.0,0.0,11.916928,13.28317,2023-08-01
10215,2023-08-02 10:24:00,19500.0,19604.75,2039750,9449000,127.5,19.35,75300,520750,1.0,0.0,0.0,0.0,12.204421,13.131997,2023-08-01
4957,2023-08-02 10:24:00,19550.0,19604.75,1964750,8454600,91.2,32.7,123400,458250,1.0,0.0,0.0,0.0,12.278762,12.947467,2023-08-01
2326,2023-08-02 10:24:00,19600.0,19604.75,9710200,14142750,61.45,53.25,548300,1060750,1.0,0.0,0.0,0.0,12.346328,13.027422,2023-08-01
7587,2023-08-02 10:24:00,19650.0,19604.75,12104950,6414500,38.85,80.7,439500,446400,0.0,-1.0,0.0,0.0,12.432365,13.150544,2023-08-01
12844,2023-08-02 10:24:00,19700.0,19604.75,18535850,6389800,23.65,115.45,646250,437000,0.0,-1.0,0.0,0.0,12.712011,13.530288,2023-08-01
18101,2023-08-02 10:24:00,19750.0,19604.75,9759800,2128850,14.05,155.7,411050,79700,0.0,-1.0,0.0,0.0,13.110111,14.090813,2023-08-01
23354,2023-08-02 10:24:00,19800.0,19604.75,17151950,2817750,8.55,200.35,446750,75250,0.0,-1.0,0.0,0.0,13.72456,15.069334,2023-08-01
28607,2023-08-02 10:24:00,19850.0,19604.75,8693850,637950,5.4,246.5,264900,12700,0.0,-1.0,0.0,0.0,14.477965,15.880774,2023-08-01
25981,2023-08-02 10:25:00,19350.0,19596.85,44550,2913200,255.4,3.9,2600,373900,1.0,0.0,0.0,0.0,12.67365,14.285038,2023-08-01
20728,2023-08-02 10:25:00,19400.0,19596.85,467300,6257950,207.1,6.7,56400,662200,1.0,0.0,0.0,0.0,11.952849,13.700371,2023-08-01
15474,2023-08-02 10:25:00,19450.0,19596.85,254450,4910150,162.7,12.0,46350,842250,1.0,0.0,0.0,0.0,12.321745,13.343401,2023-08-01
10216,2023-08-02 10:25:00,19500.0,19596.85,2039750,9449000,122.15,21.65,318950,1826750,1.0,0.0,0.0,0.0,12.454938,13.265521,2023-08-01
4958,2023-08-02 10:25:00,19550.0,19596.85,1964750,8454600,86.75,36.15,380800,1587800,1.0,0.0,0.0,0.0,12.468778,13.120866,2023-08-01
2327,2023-08-02 10:25:00,19600.0,19596.85,9710200,14142750,58.0,57.8,1611400,3080000,0.0,-1.0,0.0,0.0,12.500474,13.201361,2023-08-01
7588,2023-08-02 10:25:00,19650.0,19596.85,12104950,6414500,36.5,86.15,1199100,1541700,0.0,-1.0,0.0,0.0,12.592831,13.297979,2023-08-01
12845,2023-08-02 10:25:00,19700.0,19596.85,18535850,6389800,22.2,121.8,1349900,1223000,0.0,-1.0,0.0,0.0,12.88538,13.699045,2023-08-01
18102,2023-08-02 10:25:00,19750.0,19596.85,9759800,2128850,13.4,162.75,794650,265700,0.0,-1.0,0.0,0.0,13.360035,14.304133,2023-08-01
23355,2023-08-02 10:25:00,19800.0,19596.85,17151950,2817750,8.3,207.9,818000,219200,0.0,-1.0,0.0,0.0,14.022701,15.361563,2023-08-01
28608,2023-08-02 10:25:00,19850.0,19596.85,8693850,637950,5.25,254.95,398750,41450,0.0,-1.0,0.0,0.0,14.754028,16.564943,2023-08-01
25982,2023-08-02 10:26:00,19350.0,19598.4,44850,2892050,256.75,3.8,650,239600,1.0,0.0,0.0,0.0,12.518665,14.278507,2023-08-01
20729,2023-08-02 10:26:00,19400.0,19598.4,480900,6328950,208.15,6.65,30500,494150,1.0,0.0,0.0,0.0,11.663788,13.753882,2023-08-01
15475,2023-08-02 10:26:00,19450.0,19598.4,274350,4859650,163.5,11.95,23200,504850,1.0,0.0,0.0,0.0,12.097221,13.416912,2023-08-01
10217,2023-08-02 10:26:00,19500.0,19598.4,2172450,9371850,123.1,21.45,175650,1054350,1.0,0.0,0.0,0.0,12.386594,13.318796,2023-08-01
4959,2023-08-02 10:26:00,19550.0,19598.4,2074950,8188850,87.55,35.8,239300,959350,1.0,0.0,0.0,0.0,12.422695,13.172316,2023-08-01
2328,2023-08-02 10:26:00,19600.0,19598.4,10254950,13831950,58.8,57.5,1036000,1845950,0.0,-1.0,0.0,0.0,12.505521,13.305948,2023-08-01
7589,2023-08-02 10:26:00,19650.0,19598.4,12195950,5986750,37.1,85.9,887700,800250,0.0,-1.0,0.0,0.0,12.601112,13.465512,2023-08-01
12846,2023-08-02 10:26:00,19700.0,19598.4,18562800,5992900,22.45,121.35,945400,716300,0.0,-1.0,0.0,0.0,12.848772,13.884125,2023-08-01
18103,2023-08-02 10:26:00,19750.0,19598.4,9591950,2050850,13.4,161.7,628250,156050,0.0,-1.0,0.0,0.0,13.272252,14.377322,2023-08-01
23356,2023-08-02 10:26:00,19800.0,19598.4,17041950,2747500,8.25,207.0,993700,124000,0.0,-1.0,0.0,0.0,13.923079,15.547514,2023-08-01
28609,2023-08-02 10:26:00,19850.0,19598.4,8714650,628200,5.25,254.0,371000,23200,0.0,-1.0,0.0,0.0,14.686518,16.797104,2023-08-01
25983,2023-08-02 10:27:00,19350.0,19603.7,44850,2892050,257.6,3.7,400,137350,,0.0,,0.0,0.0,14.433805,2023-08-01
20730,2023-08-02 10:27:00,19400.0,19603.7,480900,6328950,212.4,6.35,18100,474350,1.0,0.0,0.0,0.0,11.015121,13.853624,2023-08-01
15476,2023-08-02 10:27:00,19450.0,19603.7,274350,4859650,166.9,11.35,12600,606150,1.0,0.0,0.0,0.0,11.525838,13.491275,2023-08-01
10218,2023-08-02 10:27:00,19500.0,19603.7,2172450,9371850,125.95,20.5,178150,823100,1.0,0.0,0.0,0.0,11.995382,13.40921,2023-08-01
4960,2023-08-02 10:27:00,19550.0,19603.7,2074950,8188850,89.8,34.4,171400,887450,1.0,0.0,0.0,0.0,12.120883,13.282774,2023-08-01
2329,2023-08-02 10:27:00,19600.0,19603.7,10254950,13831950,60.35,55.5,861150,1366100,1.0,0.0,0.0,0.0,12.237715,13.42861,2023-08-01
7590,2023-08-02 10:27:00,19650.0,19603.7,12195950,5986750,38.1,83.3,766150,623550,0.0,-1.0,0.0,0.0,12.365782,13.612025,2023-08-01
12847,2023-08-02 10:27:00,19700.0,19603.7,18562800,5992900,23.1,118.1,876000,446550,0.0,-1.0,0.0,0.0,12.651649,14.035355,2023-08-01
18104,2023-08-02 10:27:00,19750.0,19603.7,9591950,2050850,13.65,158.5,381300,128800,0.0,-1.0,0.0,0.0,13.047618,14.72319,2023-08-01
23357,2023-08-02 10:27:00,19800.0,19603.7,17041950,2747500,8.3,203.55,485150,74350,0.0,-1.0,0.0,0.0,13.675879,15.98313,2023-08-01
28610,2023-08-02 10:27:00,19850.0,19603.7,8714650,628200,5.2,249.2,303650,16500,0.0,-1.0,0.0,0.0,14.412299,16.778223,2023-08-01
25984,2023-08-02 10:28:00,19350.0,19602.3,44850,2892050,260.9,3.75,400,135250,1.0,0.0,0.0,0.0,12.971907,14.417165,2023-08-01
20731,2023-08-02 10:28:00,19400.0,19602.3,480900,6328950,211.75,6.5,19050,285400,1.0,0.0,0.0,0.0,11.613407,13.871782,2023-08-01
15477,2023-08-02 10:28:00,19450.0,19602.3,274350,4859650,166.2,11.55,22700,362800,1.0,0.0,0.0,0.0,11.785275,13.493407,2023-08-01
10219,2023-08-02 10:28:00,19500.0,19602.3,2172450,9371850,125.8,20.75,173600,604700,1.0,0.0,0.0,0.0,12.292915,13.390796,2023-08-01
4961,2023-08-02 10:28:00,19550.0,19602.3,2074950,8188850,89.7,34.65,217600,532700,1.0,0.0,0.0,0.0,12.329015,13.230553,2023-08-01
2330,2023-08-02 10:28:00,19600.0,19602.3,10254950,13831950,60.3,55.7,880350,1017500,1.0,0.0,0.0,0.0,12.395343,13.329058,2023-08-01
7591,2023-08-02 10:28:00,19650.0,19602.3,12195950,5986750,37.9,83.45,1168350,500200,0.0,-1.0,0.0,0.0,12.448971,13.455914,2023-08-01
12848,2023-08-02 10:28:00,19700.0,19602.3,18562800,5992900,23.25,118.5,1222350,314300,0.0,-1.0,0.0,0.0,12.796605,13.881636,2023-08-01
18105,2023-08-02 10:28:00,19750.0,19602.3,9591950,2050850,13.8,158.65,371050,66200,0.0,-1.0,0.0,0.0,13.187389,14.417435,2023-08-01
23358,2023-08-02 10:28:00,19800.0,19602.3,17041950,2747500,8.3,203.95,560200,57550,0.0,-1.0,0.0,0.0,13.752784,15.677508,2023-08-01
28611,2023-08-02 10:28:00,19850.0,19602.3,8714650,628200,5.2,250.45,254800,6300,0.0,-1.0,0.0,0.0,14.4817,16.779494,2023-08-01
25985,2023-08-02 10:29:00,19350.0,19601.15,44850,2889650,258.4,3.85,500,129450,1.0,0.0,0.0,0.0,11.039931,14.450649,2023-08-01
20732,2023-08-02 10:29:00,19400.0,19601.15,492450,6394850,210.2,6.6,10800,231950,1.0,0.0,0.0,0.0,11.236133,13.873686,2023-08-01
15478,2023-08-02 10:29:00,19450.0,19601.15,279200,5014050,165.15,11.8,5550,206900,1.0,0.0,0.0,0.0,11.775237,13.527763,2023-08-01
10220,2023-08-02 10:29:00,19500.0,19601.15,2284050,9606750,124.35,21.2,89450,518350,1.0,0.0,0.0,0.0,12.131262,13.445947,2023-08-01
4962,2023-08-02 10:29:00,19550.0,19601.15,2116300,8304400,88.6,35.25,99100,396850,1.0,0.0,0.0,0.0,12.25143,13.282291,2023-08-01
2331,2023-08-02 10:29:00,19600.0,19601.15,10766100,14042650,59.3,56.55,562550,658000,1.0,0.0,0.0,0.0,12.311102,13.399649,2023-08-01
7592,2023-08-02 10:29:00,19650.0,19601.15,12951400,5945600,37.35,84.4,573150,275300,0.0,-1.0,0.0,0.0,12.427862,13.51744,2023-08-01
12849,2023-08-02 10:29:00,19700.0,19601.15,18091800,5833400,22.85,119.8,533500,202050,0.0,-1.0,0.0,0.0,12.774434,14.009354,2023-08-01
18106,2023-08-02 10:29:00,19750.0,19601.15,9671900,2071150,13.55,160.2,247800,49050,0.0,-1.0,0.0,0.0,13.173305,14.621176,2023-08-01
23359,2023-08-02 10:29:00,19800.0,19601.15,16869850,2702250,8.2,205.05,357150,35400,0.0,-1.0,0.0,0.0,13.76957,15.725367,2023-08-01
28612,2023-08-02 10:29:00,19850.0,19601.15,8709050,617000,5.15,252.0,162750,8000,0.0,-1.0,0.0,0.0,14.506963,17.036692,2023-08-01
25986,2023-08-02 10:30:00,19350.0,19596.5,45050,2889650,254.0,3.95,1200,175700,1.0,0.0,0.0,0.0,11.323515,14.328129,2023-08-01
20733,2023-08-02 10:30:00,19400.0,19596.5,492450,6394850,205.4,6.85,26450,338800,1.0,0.0,0.0,0.0,10.912182,13.781521,2023-08-01
15479,2023-08-02 10:30:00,19450.0,19596.5,279200,5014050,160.2,12.35,27550,451300,1.0,0.0,0.0,0.0,11.398918,13.47224,2023-08-01
10221,2023-08-02 10:30:00,19500.0,19596.5,2284050,9606750,119.75,22.15,192650,733950,1.0,0.0,0.0,0.0,11.846437,13.400246,2023-08-01
4963,2023-08-02 10:30:00,19550.0,19596.5,2116300,8304400,84.2,36.9,223550,703750,1.0,0.0,0.0,0.0,11.932564,13.286256,2023-08-01
2332,2023-08-02 10:30:00,19600.0,19596.5,10766100,14042650,56.25,58.85,1031050,1479750,0.0,-1.0,0.0,0.0,12.171083,13.413628,2023-08-01
7593,2023-08-02 10:30:00,19650.0,19596.5,12951400,5945600,35.25,87.6,762150,646300,0.0,-1.0,0.0,0.0,12.349699,13.601495,2023-08-01
12850,2023-08-02 10:30:00,19700.0,19596.5,18091800,5833400,21.5,123.4,842300,552650,0.0,-1.0,0.0,0.0,12.735713,14.075563,2023-08-01
18107,2023-08-02 10:30:00,19750.0,19596.5,9671900,2071150,12.85,164.3,436600,104550,0.0,-1.0,0.0,0.0,13.204887,14.737077,2023-08-01
23360,2023-08-02 10:30:00,19800.0,19596.5,16869850,2702250,7.9,209.45,717200,87100,0.0,-1.0,0.0,0.0,13.869976,15.888014,2023-08-01
28613,2023-08-02 10:30:00,19850.0,19596.5,8709050,617000,4.95,256.6,292250,29800,0.0,-1.0,0.0,0.0,14.59381,17.253869,2023-08-01
25987,2023-08-02 10:31:00,19350.0,19590.95,45050,2889650,245.55,4.75,2200,798650,,0.0,,0.0,0.0,14.669315,2023-08-01
20734,2023-08-02 10:31:00,19400.0,19590.95,492450,6394850,199.9,8.2,62650,1115900,1.0,0.0,0.0,0.0,10.724012,14.185957,2023-08-01
15480,2023-08-02 10:31:00,19450.0,19590.95,279200,5014050,156.1,14.35,77100,1315900,1.0,0.0,0.0,0.0,11.737419,13.870491,2023-08-01
10222,2023-08-02 10:31:00,19500.0,19590.95,2284050,9606750,116.95,24.95,490700,2112450,1.0,0.0,0.0,0.0,12.283912,13.786945,2023-08-01
4964,2023-08-02 10:31:00,19550.0,19590.95,2116300,8304400,82.05,40.35,451150,1925800,1.0,0.0,0.0,0.0,12.277378,13.620063,2023-08-01
2333,2023-08-02 10:31:00,19600.0,19590.95,10766100,14042650,54.5,63.35,2181500,3407050,0.0,-1.0,0.0,0.0,12.405502,13.803395,2023-08-01
7594,2023-08-02 10:31:00,19650.0,19590.95,12951400,5945600,34.1,93.0,1908900,1705100,0.0,-1.0,0.0,0.0,12.558056,14.058095,2023-08-01
12851,2023-08-02 10:31:00,19700.0,19590.95,18091800,5833400,20.8,129.4,1508150,1298300,0.0,-1.0,0.0,0.0,12.928078,14.601984,2023-08-01
18108,2023-08-02 10:31:00,19750.0,19590.95,9671900,2071150,12.5,170.7,1025850,264700,0.0,-1.0,0.0,0.0,13.406205,15.362879,2023-08-01
23361,2023-08-02 10:31:00,19800.0,19590.95,16869850,2702250,7.75,216.5,979350,219350,0.0,-1.0,0.0,0.0,14.084491,16.796047,2023-08-01
28614,2023-08-02 10:31:00,19850.0,19590.95,8709050,617000,5.0,262.75,429100,29300,0.0,-1.0,0.0,0.0,14.887103,17.833438,2023-08-01
25988,2023-08-02 10:32:00,19350.0,19585.0,46000,2933450,243.4,5.0,5650,749500,1.0,0.0,0.0,0.0,12.080428,14.571199,2023-08-01
20735,2023-08-02 10:32:00,19400.0,19585.0,526100,6406950,197.2,8.65,56150,1709450,1.0,0.0,0.0,0.0,12.644681,14.094874,2023-08-01
15481,2023-08-02 10:32:00,19450.0,19585.0,327950,4640500,153.6,15.2,47900,1256300,1.0,0.0,0.0,0.0,12.745083,13.807924,2023-08-01
10223,2023-08-02 10:32:00,19500.0,19585.0,2540400,9405550,114.7,26.1,368650,2006000,1.0,0.0,0.0,0.0,12.903134,13.66947,2023-08-01
4965,2023-08-02 10:32:00,19550.0,19585.0,2313250,7998350,80.7,42.0,518350,1991500,1.0,0.0,0.0,0.0,12.835868,13.476262,2023-08-01
2334,2023-08-02 10:32:00,19600.0,19585.0,11268400,13157650,53.4,65.3,1876750,3227500,0.0,-1.0,0.0,0.0,12.808368,13.561752,2023-08-01
7595,2023-08-02 10:32:00,19650.0,19585.0,13476100,5325750,33.4,95.2,1828550,1715600,0.0,-1.0,0.0,0.0,12.894284,13.684955,2023-08-01
12852,2023-08-02 10:32:00,19700.0,19585.0,18050250,5468450,20.5,132.0,1295150,1011000,0.0,-1.0,0.0,0.0,13.253168,14.109092,2023-08-01
18109,2023-08-02 10:32:00,19750.0,19585.0,9526600,1993550,12.3,173.7,1193500,221150,0.0,-1.0,0.0,0.0,13.6804,14.737177,2023-08-01
23362,2023-08-02 10:32:00,19800.0,19585.0,16640550,2628000,7.75,218.9,934000,215050,0.0,-1.0,0.0,0.0,14.391342,15.656987,2023-08-01
28615,2023-08-02 10:32:00,19850.0,19585.0,8699750,588800,5.1,266.1,469400,40400,0.0,-1.0,0.0,0.0,15.232726,16.794959,2023-08-01
25989,2023-08-02 10:33:00,19350.0,19583.05,46000,2933450,240.5,5.2,1650,449250,1.0,0.0,0.0,0.0,10.765181,14.617339,2023-08-01
20736,2023-08-02 10:33:00,19400.0,19583.05,526100,6406950,195.0,9.0,28100,782550,1.0,0.0,0.0,0.0,12.414717,14.157944,2023-08-01
15482,2023-08-02 10:33:00,19450.0,19583.05,327950,4640500,151.55,15.85,27850,627150,1.0,0.0,0.0,0.0,12.599405,13.910736,2023-08-01
10224,2023-08-02 10:33:00,19500.0,19583.05,2540400,9405550,112.55,27.1,293200,1284600,1.0,0.0,0.0,0.0,12.713445,13.794774,2023-08-01
4966,2023-08-02 10:33:00,19550.0,19583.05,2313250,7998350,78.85,43.3,403850,1250650,1.0,0.0,0.0,0.0,12.688009,13.602713,2023-08-01
2335,2023-08-02 10:33:00,19600.0,19583.05,11268400,13157650,52.05,66.85,1466300,1971200,0.0,-1.0,0.0,0.0,12.717968,13.683403,2023-08-01
7596,2023-08-02 10:33:00,19650.0,19583.05,13476100,5325750,32.5,97.25,1096300,848050,0.0,-1.0,0.0,0.0,12.842083,13.876624,2023-08-01
12853,2023-08-02 10:33:00,19700.0,19583.05,18050250,5468450,19.75,134.4,1220100,686900,0.0,-1.0,0.0,0.0,13.171147,14.374416,2023-08-01
18110,2023-08-02 10:33:00,19750.0,19583.05,9526600,1993550,11.9,176.6,731050,322150,0.0,-1.0,0.0,0.0,13.645343,15.186199,2023-08-01
23363,2023-08-02 10:33:00,19800.0,19583.05,16640550,2628000,7.6,221.95,766550,120850,0.0,-1.0,0.0,0.0,14.418643,16.242408,2023-08-01
28616,2023-08-02 10:33:00,19850.0,19583.05,8699750,588800,5.05,269.1,377950,27450,0.0,-1.0,0.0,0.0,15.292769,17.46155,2023-08-01
25990,2023-08-02 10:34:00,19350.0,19575.25,46000,2933450,237.0,5.75,1700,473950,1.0,0.0,0.0,0.0,14.360078,14.603224,2023-08-01
20737,2023-08-02 10:34:00,19400.0,19575.25,526100,6406950,191.8,9.9,60800,1030750,1.0,0.0,0.0,0.0,14.250251,14.145571,2023-08-01
15483,2023-08-02 10:34:00,19450.0,19575.25,327950,4640500,148.95,17.15,67000,839800,1.0,0.0,0.0,0.0,13.893481,13.852874,2023-08-01
10225,2023-08-02 10:34:00,19500.0,19575.25,2540400,9405550,111.15,29.0,362450,1787000,1.0,0.0,0.0,0.0,13.825755,13.70754,2023-08-01
4967,2023-08-02 10:34:00,19550.0,19575.25,2313250,7998350,77.6,45.65,633950,1738650,1.0,0.0,0.0,0.0,13.474918,13.419318,2023-08-01
2336,2023-08-02 10:34:00,19600.0,19575.25,11268400,13157650,51.2,69.55,1741750,2548100,0.0,-1.0,0.0,0.0,13.339126,13.355414,2023-08-01
7597,2023-08-02 10:34:00,19650.0,19575.25,13476100,5325750,32.0,100.35,1064700,1114650,0.0,-1.0,0.0,0.0,13.358829,13.380792,2023-08-01
12854,2023-08-02 10:34:00,19700.0,19575.25,18050250,5468450,19.55,137.9,1326700,693650,0.0,-1.0,0.0,0.0,13.637215,13.668715,2023-08-01
18111,2023-08-02 10:34:00,19750.0,19575.25,9526600,1993550,11.9,180.2,812250,303150,0.0,-1.0,0.0,0.0,14.093621,14.121554,2023-08-01
23364,2023-08-02 10:34:00,19800.0,19575.25,16640550,2628000,7.55,225.85,784000,147850,0.0,-1.0,0.0,0.0,14.790231,14.836086,2023-08-01
28617,2023-08-02 10:34:00,19850.0,19575.25,8699750,588800,5.05,273.55,289150,42750,0.0,-1.0,0.0,0.0,15.654419,15.863216,2023-08-01
25991,2023-08-02 10:35:00,19350.0,19582.15,48600,2980150,241.15,5.4,2250,472200,1.0,0.0,0.0,0.0,12.593261,14.713013,2023-08-01
20738,2023-08-02 10:35:00,19400.0,19582.15,569450,6508650,195.0,9.3,54050,825500,1.0,0.0,0.0,0.0,12.87223,14.254125,2023-08-01
15484,2023-08-02 10:35:00,19450.0,19582.15,331250,4614950,151.05,16.2,49650,722850,1.0,0.0,0.0,0.0,12.700558,13.978925,2023-08-01
10226,2023-08-02 10:35:00,19500.0,19582.15,2872800,9328450,112.7,27.65,393750,1542000,1.0,0.0,0.0,0.0,12.941115,13.880122,2023-08-01
4968,2023-08-02 10:35:00,19550.0,19582.15,2883950,7786750,78.9,43.95,627950,1415050,1.0,0.0,0.0,0.0,12.834718,13.677091,2023-08-01
2337,2023-08-02 10:35:00,19600.0,19582.15,12186400,12261800,52.3,67.6,1658800,2125700,0.0,-1.0,0.0,0.0,12.876654,13.75204,2023-08-01
7598,2023-08-02 10:35:00,19650.0,19582.15,13627750,4817200,32.7,98.15,1397400,787100,0.0,-1.0,0.0,0.0,12.972761,13.95909,2023-08-01
12855,2023-08-02 10:35:00,19700.0,19582.15,18282600,5117250,20.1,135.35,1451550,675450,0.0,-1.0,0.0,0.0,13.342216,14.45795,2023-08-01
18112,2023-08-02 10:35:00,19750.0,19582.15,9388500,1687250,12.2,177.35,953750,147050,0.0,-1.0,0.0,0.0,13.81912,15.195536,2023-08-01
23365,2023-08-02 10:35:00,19800.0,19582.15,16432150,2531350,7.75,222.85,904100,106150,0.0,-1.0,0.0,0.0,14.548948,16.297759,2023-08-01
28618,2023-08-02 10:35:00,19850.0,19582.15,8575650,550600,5.15,270.0,382150,17000,0.0,-1.0,0.0,0.0,15.411416,17.512945,2023-08-01
25992,2023-08-02 10:36:00,19350.0,19580.1,48600,2980150,240.45,5.6,2700,435700,1.0,0.0,0.0,0.0,13.634978,14.747676,2023-08-01
20739,2023-08-02 10:36:00,19400.0,19580.1,569450,6508650,194.85,9.5,28350,902650,1.0,0.0,0.0,0.0,13.714481,14.238373,2023-08-01
15485,2023-08-02 10:36:00,19450.0,19580.1,331250,4614950,151.0,16.3,26350,573900,1.0,0.0,0.0,0.0,13.281396,13.888536,2023-08-01
10227,2023-08-02 10:36:00,19500.0,19580.1,2872800,9328450,112.6,27.7,182650,895100,1.0,0.0,0.0,0.0,13.315095,13.744003,2023-08-01
4969,2023-08-02 10:36:00,19550.0,19580.1,2883950,7786750,78.7,43.85,254000,780300,1.0,0.0,0.0,0.0,13.078045,13.468558,2023-08-01
2338,2023-08-02 10:36:00,19600.0,19580.1,12186400,12261800,51.8,67.45,982950,1537600,0.0,-1.0,0.0,0.0,12.983253,13.478821,2023-08-01
7599,2023-08-02 10:36:00,19650.0,19580.1,13627750,4817200,32.3,97.8,718800,357250,0.0,-1.0,0.0,0.0,13.047435,13.554078,2023-08-01
12856,2023-08-02 10:36:00,19700.0,19580.1,18282600,5117250,19.9,135.1,890700,347950,0.0,-1.0,0.0,0.0,13.425615,13.949041,2023-08-01
18113,2023-08-02 10:36:00,19750.0,19580.1,9388500,1687250,12.05,178.05,571500,398550,0.0,-1.0,0.0,0.0,13.883699,14.847723,2023-08-01
23366,2023-08-02 10:36:00,19800.0,19580.1,16432150,2531350,7.7,223.0,505700,63600,0.0,-1.0,0.0,0.0,14.631768,15.566805,2023-08-01
28619,2023-08-02 10:36:00,19850.0,19580.1,8575650,550600,5.15,270.0,335250,8500,0.0,-1.0,0.0,0.0,15.5103,16.466,2023-08-01
25993,2023-08-02 10:37:00,19350.0,19578.3,48600,2980150,240.2,5.8,300,317500,1.0,0.0,0.0,0.0,14.617276,14.790831,2023-08-01
20740,2023-08-02 10:37:00,19400.0,19578.3,569450,6508650,193.25,9.9,20350,519500,1.0,0.0,0.0,0.0,13.718746,14.321678,2023-08-01
15486,2023-08-02 10:37:00,19450.0,19578.3,331250,4614950,150.0,16.8,22900,365900,1.0,0.0,0.0,0.0,13.445801,13.943237,2023-08-01
10228,2023-08-02 10:37:00,19500.0,19578.3,2872800,9328450,112.0,28.3,151650,699650,1.0,0.0,0.0,0.0,13.500953,13.768876,2023-08-01
4970,2023-08-02 10:37:00,19550.0,19578.3,2883950,7786750,78.3,44.95,240500,690900,1.0,0.0,0.0,0.0,13.237213,13.556929,2023-08-01
2339,2023-08-02 10:37:00,19600.0,19578.3,12186400,12261800,51.8,68.85,799000,1032900,0.0,-1.0,0.0,0.0,13.173884,13.579695,2023-08-01
7600,2023-08-02 10:37:00,19650.0,19578.3,13627750,4817200,32.25,99.45,750400,339950,0.0,-1.0,0.0,0.0,13.185957,13.669176,2023-08-01
12857,2023-08-02 10:37:00,19700.0,19578.3,18282600,5117250,19.9,136.8,1013000,309450,0.0,-1.0,0.0,0.0,13.550394,14.045946,2023-08-01
18114,2023-08-02 10:37:00,19750.0,19578.3,9388500,1687250,11.9,178.9,512050,67900,0.0,-1.0,0.0,0.0,13.933052,14.613199,2023-08-01
23367,2023-08-02 10:37:00,19800.0,19578.3,16432150,2531350,7.6,224.6,567700,47650,0.0,-1.0,0.0,0.0,14.675899,15.570979,2023-08-01
28620,2023-08-02 10:37:00,19850.0,19578.3,8575650,550600,5.1,271.2,378700,6050,0.0,-1.0,0.0,0.0,15.563363,16.184593,2023-08-01
25994,2023-08-02 10:38:00,19300.0,19573.1,109550,6482250,282.0,4.05,3350,841950,1.0,0.0,0.0,0.0,14.271635,15.649471,2023-08-01
20741,2023-08-02 10:38:00,19350.0,19573.1,48650,2988300,235.0,6.5,5150,554650,1.0,0.0,0.0,0.0,14.378168,14.961774,2023-08-01
15487,2023-08-02 10:38:00,19400.0,19573.1,596150,6562450,190.05,10.95,45800,1022800,1.0,0.0,0.0,0.0,14.324598,14.487914,2023-08-01
10229,2023-08-02 10:38:00,19450.0,19573.1,344000,4504750,147.3,18.15,43800,830100,1.0,0.0,0.0,0.0,13.935505,14.048349,2023-08-01
4971,2023-08-02 10:38:00,19500.0,19573.1,3071300,9321350,109.4,30.15,321950,1613850,1.0,0.0,0.0,0.0,13.781651,13.851717,2023-08-01
2340,2023-08-02 10:38:00,19550.0,19573.1,3082300,7729400,76.35,47.2,554700,1627450,1.0,0.0,0.0,0.0,13.492539,13.581548,2023-08-01
7601,2023-08-02 10:38:00,19600.0,19573.1,13017400,11748650,50.3,71.55,2150300,2276750,0.0,-1.0,0.0,0.0,13.371315,13.553062,2023-08-01
12858,2023-08-02 10:38:00,19650.0,19573.1,14276200,4666000,31.5,102.75,1084550,781150,0.0,-1.0,0.0,0.0,13.424219,13.628479,2023-08-01
18115,2023-08-02 10:38:00,19700.0,19573.1,17918850,4989500,19.5,140.7,1857200,665750,0.0,-1.0,0.0,0.0,13.781478,14.01776,2023-08-01
23368,2023-08-02 10:38:00,19750.0,19573.1,9454350,1506950,11.85,182.6,743900,208550,0.0,-1.0,0.0,0.0,14.213162,14.351872,2023-08-01
28621,2023-08-02 10:38:00,19800.0,19573.1,16464950,2483850,7.65,228.2,997900,132600,0.0,-1.0,0.0,0.0,14.968049,15.0576,2023-08-01
25995,2023-08-02 10:39:00,19300.0,19571.4,109550,6482250,280.35,4.3,3750,494950,1.0,0.0,0.0,0.0,14.261336,15.777663,2023-08-01
20742,2023-08-02 10:39:00,19350.0,19571.4,48650,2988300,233.0,6.85,1050,477000,1.0,0.0,0.0,0.0,14.115238,15.081892,2023-08-01
15488,2023-08-02 10:39:00,19400.0,19571.4,596150,6562450,188.3,11.4,40400,765100,1.0,0.0,0.0,0.0,14.21596,14.582353,2023-08-01
10230,2023-08-02 10:39:00,19450.0,19571.4,344000,4504750,145.55,19.0,27700,584800,1.0,0.0,0.0,0.0,13.815982,14.207491,2023-08-01
4972,2023-08-02 10:39:00,19500.0,19571.4,3071300,9321350,107.6,31.15,260200,1319050,1.0,0.0,0.0,0.0,13.629498,13.977436,2023-08-01
2341,2023-08-02 10:39:00,19550.0,19571.4,3082300,7729400,75.0,48.6,371700,1099750,1.0,0.0,0.0,0.0,13.412929,13.739378,2023-08-01
7602,2023-08-02 10:39:00,19600.0,19571.4,13017400,11748650,49.3,73.25,1459050,1469800,0.0,-1.0,0.0,0.0,13.320713,13.727384,2023-08-01
12859,2023-08-02 10:39:00,19650.0,19571.4,14276200,4666000,31.0,104.95,937650,521100,0.0,-1.0,0.0,0.0,13.43935,13.892054,2023-08-01
18116,2023-08-02 10:39:00,19700.0,19571.4,17918850,4989500,19.35,143.15,935800,409350,0.0,-1.0,0.0,0.0,13.852793,14.357033,2023-08-01
23369,2023-08-02 10:39:00,19750.0,19571.4,9454350,1506950,11.75,185.9,614600,99200,0.0,-1.0,0.0,0.0,14.274399,15.058306,2023-08-01
28622,2023-08-02 10:39:00,19800.0,19571.4,16464950,2483850,7.6,231.4,588950,93200,0.0,-1.0,0.0,0.0,15.031987,15.889023,2023-08-01
25996,2023-08-02 10:40:00,19300.0,19573.9,109550,6482250,284.4,4.1,3850,630150,1.0,0.0,0.0,0.0,15.772649,15.733706,2023-08-01
20743,2023-08-02 10:40:00,19350.0,19573.9,48650,2988300,235.8,6.6,3400,324300,1.0,0.0,0.0,0.0,14.428562,15.066392,2023-08-01
15489,2023-08-02 10:40:00,19400.0,19573.9,596150,6562450,191.35,11.0,41750,793750,1.0,0.0,0.0,0.0,14.587813,14.560682,2023-08-01
10231,2023-08-02 10:40:00,19450.0,19573.9,344000,4504750,148.45,18.2,33900,487950,1.0,0.0,0.0,0.0,14.106989,14.122997,2023-08-01
4973,2023-08-02 10:40:00,19500.0,19573.9,3071300,9321350,110.15,30.0,255900,1176050,1.0,0.0,0.0,0.0,13.839789,13.882567,2023-08-01
2342,2023-08-02 10:40:00,19550.0,19573.9,3082300,7729400,76.85,46.7,513650,1171650,1.0,0.0,0.0,0.0,13.509547,13.551428,2023-08-01
7603,2023-08-02 10:40:00,19600.0,19573.9,13017400,11748650,50.75,70.95,1152250,1484450,0.0,-1.0,0.0,0.0,13.400316,13.524113,2023-08-01
12860,2023-08-02 10:40:00,19650.0,19573.9,14276200,4666000,31.75,102.3,815850,460000,0.0,-1.0,0.0,0.0,13.430507,13.657246,2023-08-01
18117,2023-08-02 10:40:00,19700.0,19573.9,17918850,4989500,19.8,139.95,730200,540050,0.0,-1.0,0.0,0.0,13.826775,13.985583,2023-08-01
23370,2023-08-02 10:40:00,19750.0,19573.9,9454350,1506950,11.95,182.1,484750,112900,0.0,-1.0,0.0,0.0,14.215409,14.427396,2023-08-01
28623,2023-08-02 10:40:00,19800.0,19573.9,16464950,2483850,7.7,227.9,607950,94550,0.0,-1.0,0.0,0.0,14.962656,15.275346,2023-08-01
25997,2023-08-02 10:41:00,19300.0,19572.95,112200,6536750,283.05,4.05,9900,629100,1.0,0.0,0.0,0.0,15.409858,15.655963,2023-08-01
20744,2023-08-02 10:41:00,19350.0,19572.95,51200,3051500,235.0,6.6,4450,319250,1.0,0.0,0.0,0.0,14.482657,15.024351,2023-08-01
15490,2023-08-02 10:41:00,19400.0,19572.95,645350,6830300,189.85,11.05,47400,609350,1.0,0.0,0.0,0.0,14.311822,14.532931,2023-08-01
10232,2023-08-02 10:41:00,19450.0,19572.95,354800,4509250,147.0,18.35,35600,460000,1.0,0.0,0.0,0.0,13.893342,14.112948,2023-08-01
4974,2023-08-02 10:41:00,19500.0,19572.95,3312950,9637800,109.2,30.4,299600,848350,1.0,0.0,0.0,0.0,13.771234,13.914981,2023-08-01
2343,2023-08-02 10:41:00,19550.0,19572.95,3395000,8024900,76.35,47.4,387850,776450,1.0,0.0,0.0,0.0,13.525464,13.623369,2023-08-01
7604,2023-08-02 10:41:00,19600.0,19572.95,13668050,11564000,50.35,71.65,1003200,1310150,0.0,-1.0,0.0,0.0,13.410405,13.567289,2023-08-01
12861,2023-08-02 10:41:00,19650.0,19572.95,14524650,4538650,31.5,102.95,577700,404550,0.0,-1.0,0.0,0.0,13.448746,13.66285,2023-08-01
18118,2023-08-02 10:41:00,19700.0,19572.95,17849650,4666100,19.65,141.05,683000,419050,0.0,-1.0,0.0,0.0,13.849164,14.096798,2023-08-01
23371,2023-08-02 10:41:00,19750.0,19572.95,9414550,1446550,11.9,183.5,389600,85150,0.0,-1.0,0.0,0.0,14.254153,14.656199,2023-08-01
28624,2023-08-02 10:41:00,19800.0,19572.95,16363250,2397100,7.75,229.65,475250,82350,0.0,-1.0,0.0,0.0,15.040903,15.718741,2023-08-01
25998,2023-08-02 10:42:00,19350.0,19579.4,51200,3051500,239.1,6.3,850,240100,1.0,0.0,0.0,0.0,13.135556,15.165877,2023-08-01
20745,2023-08-02 10:42:00,19400.0,19579.4,645350,6830300,193.8,10.45,29300,517900,1.0,0.0,0.0,0.0,13.54556,14.638372,2023-08-01
15491,2023-08-02 10:42:00,19450.0,19579.4,354800,4509250,150.7,17.4,27500,344150,1.0,0.0,0.0,0.0,13.40358,14.225655,2023-08-01
10233,2023-08-02 10:42:00,19500.0,19579.4,3312950,9637800,112.5,28.75,207750,692950,1.0,0.0,0.0,0.0,13.448722,13.987468,2023-08-01
4975,2023-08-02 10:42:00,19550.0,19579.4,3395000,8024900,78.35,45.15,325400,582100,1.0,0.0,0.0,0.0,13.119699,13.723513,2023-08-01
2344,2023-08-02 10:42:00,19600.0,19579.4,13668050,11564000,52.0,69.2,868100,774250,0.0,-1.0,0.0,0.0,13.125744,13.807873,2023-08-01
7605,2023-08-02 10:42:00,19650.0,19579.4,14524650,4538650,32.55,100.0,486650,274850,0.0,-1.0,0.0,0.0,13.190321,13.995944,2023-08-01
12862,2023-08-02 10:42:00,19700.0,19579.4,17849650,4666100,20.35,137.25,468700,210950,0.0,-1.0,0.0,0.0,13.629885,14.432212,2023-08-01
18119,2023-08-02 10:42:00,19750.0,19579.4,9414550,1446550,12.45,179.55,422400,67100,0.0,-1.0,0.0,0.0,14.101533,15.192224,2023-08-01
23372,2023-08-02 10:42:00,19800.0,19579.4,16363250,2397100,8.05,225.15,723350,48250,0.0,-1.0,0.0,0.0,14.87076,16.274513,2023-08-01
28625,2023-08-02 10:42:00,19850.0,19579.4,8531000,536450,5.5,273.1,480500,4850,0.0,-1.0,0.0,0.0,15.80579,17.857433,2023-08-01
25999,2023-08-02 10:43:00,19350.0,19578.25,51200,3051500,237.6,6.4,1050,405450,1.0,0.0,0.0,0.0,12.797455,15.173673,2023-08-01
20746,2023-08-02 10:43:00,19400.0,19578.25,645350,6830300,191.85,10.65,28350,537250,1.0,0.0,0.0,0.0,13.102398,14.664858,2023-08-01
15492,2023-08-02 10:43:00,19450.0,19578.25,354800,4509250,148.9,17.85,27350,532800,1.0,0.0,0.0,0.0,13.117464,14.301176,2023-08-01
10234,2023-08-02 10:43:00,19500.0,19578.25,3312950,9637800,110.6,29.5,240900,918250,1.0,0.0,0.0,0.0,13.170002,14.098447,2023-08-01
4976,2023-08-02 10:43:00,19550.0,19578.25,3395000,8024900,77.3,46.35,320350,931400,1.0,0.0,0.0,0.0,13.040217,13.894682,2023-08-01
2345,2023-08-02 10:43:00,19600.0,19578.25,13668050,11564000,50.95,70.4,1381950,1233450,0.0,-1.0,0.0,0.0,13.013403,13.942279,2023-08-01
7606,2023-08-02 10:43:00,19650.0,19578.25,14524650,4538650,32.0,101.55,588400,438300,0.0,-1.0,0.0,0.0,13.153297,14.191946,2023-08-01
12863,2023-08-02 10:43:00,19700.0,19578.25,17849650,4666100,20.05,139.2,882500,348750,0.0,-1.0,0.0,0.0,13.623113,14.742634,2023-08-01
18120,2023-08-02 10:43:00,19750.0,19578.25,9414550,1446550,12.25,181.45,424800,76550,0.0,-1.0,0.0,0.0,14.095791,15.526897,2023-08-01
23373,2023-08-02 10:43:00,19800.0,19578.25,16363250,2397100,7.95,227.1,546800,57800,0.0,-1.0,0.0,0.0,14.883542,16.685979,2023-08-01
28626,2023-08-02 10:43:00,19850.0,19578.25,8531000,536450,5.35,274.25,372450,6750,0.0,-1.0,0.0,0.0,15.763836,17.918584,2023-08-01
26000,2023-08-02 10:44:00,19350.0,19577.0,52050,3260450,238.6,6.65,600,399700,1.0,0.0,0.0,0.0,14.409556,15.262644,2023-08-01
20747,2023-08-02 10:44:00,19400.0,19577.0,665250,6885850,191.25,10.95,20250,408350,1.0,0.0,0.0,0.0,13.360141,14.726649,2023-08-01
15493,2023-08-02 10:44:00,19450.0,19577.0,361800,4509050,148.1,18.2,17000,271250,1.0,0.0,0.0,0.0,13.19858,14.336842,2023-08-01
10235,2023-08-02 10:44:00,19500.0,19577.0,3460400,9663350,110.15,30.0,164650,481600,1.0,0.0,0.0,0.0,13.291551,14.135741,2023-08-01
4977,2023-08-02 10:44:00,19550.0,19577.0,3587000,7996400,76.8,46.85,189450,480850,1.0,0.0,0.0,0.0,13.100016,13.894933,2023-08-01
2346,2023-08-02 10:44:00,19600.0,19577.0,14427350,11296400,50.6,71.2,606350,538500,0.0,-1.0,0.0,0.0,13.06758,13.974228,2023-08-01
7607,2023-08-02 10:44:00,19650.0,19577.0,14674500,4457800,31.85,102.4,315050,161700,0.0,-1.0,0.0,0.0,13.221929,14.201908,2023-08-01
12864,2023-08-02 10:44:00,19700.0,19577.0,17885500,4552300,19.8,140.05,403100,107550,0.0,-1.0,0.0,0.0,13.63698,14.718911,2023-08-01
18121,2023-08-02 10:44:00,19750.0,19577.0,9538900,1379600,12.1,182.55,288850,58100,0.0,-1.0,0.0,0.0,14.114106,15.553337,2023-08-01
23374,2023-08-02 10:44:00,19800.0,19577.0,16371050,2371650,7.8,227.95,424450,41150,0.0,-1.0,0.0,0.0,14.875332,16.584996,2023-08-01
28627,2023-08-02 10:44:00,19850.0,19577.0,8484800,535050,5.3,275.5,187950,3850,0.0,-1.0,0.0,0.0,15.792623,17.984746,2023-08-01
26001,2023-08-02 10:45:00,19350.0,19578.85,52050,3260450,239.45,6.3,1100,196300,1.0,0.0,0.0,0.0,13.82058,15.152036,2023-08-01
20748,2023-08-02 10:45:00,19400.0,19578.85,665250,6885850,193.55,10.4,22550,476200,1.0,0.0,0.0,0.0,13.67511,14.599153,2023-08-01
15494,2023-08-02 10:45:00,19450.0,19578.85,361800,4509050,150.7,17.35,23300,299000,1.0,0.0,0.0,0.0,13.569078,14.186449,2023-08-01
10236,2023-08-02 10:45:00,19500.0,19578.85,3460400,9663350,112.3,28.8,215100,600150,1.0,0.0,0.0,0.0,13.513435,13.970159,2023-08-01
4978,2023-08-02 10:45:00,19550.0,19578.85,3587000,7996400,78.55,45.25,288750,619100,1.0,0.0,0.0,0.0,13.254206,13.705929,2023-08-01
2347,2023-08-02 10:45:00,19600.0,19578.85,14427350,11296400,51.7,68.8,872850,751000,0.0,-1.0,0.0,0.0,13.128061,13.662658,2023-08-01
7608,2023-08-02 10:45:00,19650.0,19578.85,14674500,4457800,32.4,99.4,454250,269600,0.0,-1.0,0.0,0.0,13.210883,13.772518,2023-08-01
12865,2023-08-02 10:45:00,19700.0,19578.85,17885500,4552300,20.1,136.8,416850,217450,0.0,-1.0,0.0,0.0,13.605937,14.1934,2023-08-01
18122,2023-08-02 10:45:00,19750.0,19578.85,9538900,1379600,12.15,179.0,329700,32300,0.0,-1.0,0.0,0.0,14.031718,14.842365,2023-08-01
23375,2023-08-02 10:45:00,19800.0,19578.85,16371050,2371650,7.8,224.95,439850,43000,0.0,-1.0,0.0,0.0,14.785975,15.979978,2023-08-01
28628,2023-08-02 10:45:00,19850.0,19578.85,8484800,535050,5.3,272.25,390400,4750,0.0,-1.0,0.0,0.0,15.71185,17.134383,2023-08-01
26002,2023-08-02 10:46:00,19300.0,19570.9,119250,6530950,281.5,4.3,6150,758900,1.0,0.0,0.0,0.0,15.763198,15.786301,2023-08-01
20749,2023-08-02 10:46:00,19350.0,19570.9,52050,3260450,234.1,6.85,750,209250,1.0,0.0,0.0,0.0,15.088963,15.086651,2023-08-01
15495,2023-08-02 10:46:00,19400.0,19570.9,665250,6885850,188.45,11.35,33500,830850,1.0,0.0,0.0,0.0,14.495974,14.562256,2023-08-01
10237,2023-08-02 10:46:00,19450.0,19570.9,361800,4509050,145.6,18.9,38900,414950,1.0,0.0,0.0,0.0,13.991025,14.171135,2023-08-01
4979,2023-08-02 10:46:00,19500.0,19570.9,3460400,9663350,107.8,31.05,326750,1219350,1.0,0.0,0.0,0.0,13.801029,13.939304,2023-08-01
2348,2023-08-02 10:46:00,19550.0,19570.9,3587000,7996400,75.05,48.25,415300,1124900,1.0,0.0,0.0,0.0,13.520196,13.636519,2023-08-01
7609,2023-08-02 10:46:00,19600.0,19570.9,14427350,11296400,49.2,72.9,1188700,1454700,0.0,-1.0,0.0,0.0,13.377675,13.610003,2023-08-01
12866,2023-08-02 10:46:00,19650.0,19570.9,14674500,4457800,30.9,104.6,623250,460150,0.0,-1.0,0.0,0.0,13.483378,13.744353,2023-08-01
18123,2023-08-02 10:46:00,19700.0,19570.9,17885500,4552300,19.15,142.8,556300,327150,0.0,-1.0,0.0,0.0,13.85491,14.16003,2023-08-01
23376,2023-08-02 10:46:00,19750.0,19570.9,9538900,1379600,11.7,185.45,374550,79900,0.0,-1.0,0.0,0.0,14.313348,14.751236,2023-08-01
28629,2023-08-02 10:46:00,19800.0,19570.9,16371050,2371650,7.6,231.1,539700,121750,0.0,-1.0,0.0,0.0,15.088929,15.54513,2023-08-01
26003,2023-08-02 10:47:00,19300.0,19569.55,120150,6412850,283.85,4.35,2750,403050,1.0,0.0,0.0,0.0,18.150968,15.76963,2023-08-01
20750,2023-08-02 10:47:00,19350.0,19569.55,52800,3262300,237.0,6.85,3500,301650,1.0,0.0,0.0,0.0,17.148532,15.02451,2023-08-01
15496,2023-08-02 10:47:00,19400.0,19569.55,673650,6912850,189.9,11.25,31000,610350,1.0,0.0,0.0,0.0,15.52256,14.450309,2023-08-01
10238,2023-08-02 10:47:00,19450.0,19569.55,376150,4534400,147.1,18.75,43300,538350,1.0,0.0,0.0,0.0,14.780074,14.040776,2023-08-01
4980,2023-08-02 10:47:00,19500.0,19569.55,3574100,9679150,109.4,30.7,227350,1080200,1.0,0.0,0.0,0.0,14.443205,13.748719,2023-08-01
2349,2023-08-02 10:47:00,19550.0,19569.55,3661500,8167500,76.3,47.75,325050,1027950,1.0,0.0,0.0,0.0,13.98357,13.394871,2023-08-01
7610,2023-08-02 10:47:00,19600.0,19569.55,14515050,11419800,50.4,72.35,964650,1297150,0.0,-1.0,0.0,0.0,13.787949,13.31799,2023-08-01
12867,2023-08-02 10:47:00,19650.0,19569.55,14741250,4453200,31.85,103.65,654950,424650,0.0,-1.0,0.0,0.0,13.832758,13.277423,2023-08-01
18124,2023-08-02 10:47:00,19700.0,19569.55,17948200,4527800,19.95,141.35,1273300,322300,0.0,-1.0,0.0,0.0,14.190651,13.394229,2023-08-01
23377,2023-08-02 10:47:00,19750.0,19569.55,9656150,1371500,12.05,183.75,482650,74000,0.0,-1.0,0.0,0.0,14.531965,13.604178,2023-08-01
28630,2023-08-02 10:47:00,19800.0,19569.55,16434650,2344750,7.7,229.7,758800,94100,0.0,-1.0,0.0,0.0,15.213745,14.121124,2023-08-01
26004,2023-08-02 10:48:00,19300.0,19570.35,120150,6412850,282.0,4.2,2600,162250,1.0,0.0,0.0,0.0,16.529357,15.692016,2023-08-01
20751,2023-08-02 10:48:00,19350.0,19570.35,52800,3262300,234.15,6.85,1750,156200,1.0,0.0,0.0,0.0,15.403996,15.068017,2023-08-01
15497,2023-08-02 10:48:00,19400.0,19570.35,673650,6912850,190.0,11.15,14600,361900,1.0,0.0,0.0,0.0,15.308129,14.457939,2023-08-01
10239,2023-08-02 10:48:00,19450.0,19570.35,376150,4534400,147.4,18.55,15350,356950,1.0,0.0,0.0,0.0,14.687575,14.034424,2023-08-01
4981,2023-08-02 10:48:00,19500.0,19570.35,3574100,9679150,109.35,30.45,173950,547300,1.0,0.0,0.0,0.0,14.298111,13.75158,2023-08-01
2350,2023-08-02 10:48:00,19550.0,19570.35,3661500,8167500,76.05,47.55,223150,542400,1.0,0.0,0.0,0.0,13.827953,13.430928,2023-08-01
7611,2023-08-02 10:48:00,19600.0,19570.35,14515050,11419800,49.95,72.0,1160200,914900,0.0,-1.0,0.0,0.0,13.610751,13.34381,2023-08-01
12868,2023-08-02 10:48:00,19650.0,19570.35,14741250,4453200,31.6,103.45,404650,266750,0.0,-1.0,0.0,0.0,13.710807,13.368847,2023-08-01
18125,2023-08-02 10:48:00,19700.0,19570.35,17948200,4527800,19.8,141.35,572250,223300,0.0,-1.0,0.0,0.0,14.09672,13.594047,2023-08-01
23378,2023-08-02 10:48:00,19750.0,19570.35,9656150,1371500,12.1,183.3,286800,42200,0.0,-1.0,0.0,0.0,14.510543,13.710403,2023-08-01
28631,2023-08-02 10:48:00,19800.0,19570.35,16434650,2344750,7.85,229.55,678100,51550,0.0,-1.0,0.0,0.0,15.255914,14.463556,2023-08-01
26005,2023-08-02 10:49:00,19300.0,19573.15,120150,6412850,284.0,4.15,2600,306650,1.0,0.0,0.0,0.0,16.079003,15.780443,2023-08-01
20752,2023-08-02 10:49:00,19350.0,19573.15,52800,3262300,238.3,6.65,850,210100,1.0,0.0,0.0,0.0,16.25377,15.096164,2023-08-01
15498,2023-08-02 10:49:00,19400.0,19573.15,673650,6912850,190.7,10.95,25300,638450,1.0,0.0,0.0,0.0,14.637503,14.534631,2023-08-01
10240,2023-08-02 10:49:00,19450.0,19573.15,376150,4534400,148.1,18.2,21300,263550,1.0,0.0,0.0,0.0,14.229567,14.109493,2023-08-01
4982,2023-08-02 10:49:00,19500.0,19573.15,3574100,9679150,109.65,29.9,203150,695950,1.0,0.0,0.0,0.0,13.887918,13.83264,2023-08-01
2351,2023-08-02 10:49:00,19550.0,19573.15,3661500,8167500,76.5,46.75,339700,517050,1.0,0.0,0.0,0.0,13.5686,13.523017,2023-08-01
7612,2023-08-02 10:49:00,19600.0,19573.15,14515050,11419800,50.35,71.0,958050,700300,0.0,-1.0,0.0,0.0,13.424331,13.473248,2023-08-01
12869,2023-08-02 10:49:00,19650.0,19573.15,14741250,4453200,31.75,102.35,294650,203400,0.0,-1.0,0.0,0.0,13.528537,13.574061,2023-08-01
18126,2023-08-02 10:49:00,19700.0,19573.15,17948200,4527800,19.8,140.35,464700,203800,0.0,-1.0,0.0,0.0,13.91506,13.959866,2023-08-01
23379,2023-08-02 10:49:00,19750.0,19573.15,9656150,1371500,12.15,182.55,222300,42050,0.0,-1.0,0.0,0.0,14.374987,14.381115,2023-08-01
28632,2023-08-02 10:49:00,19800.0,19573.15,16434650,2344750,7.85,228.4,333200,27800,0.0,-1.0,0.0,0.0,15.118772,15.211953,2023-08-01
26006,2023-08-02 10:50:00,19300.0,19571.6,121950,6468100,283.85,4.2,4350,155850,1.0,0.0,0.0,0.0,17.01023,15.756189,2023-08-01
20753,2023-08-02 10:50:00,19350.0,19571.6,55850,3336250,235.05,6.7,1450,177750,1.0,0.0,0.0,0.0,15.287658,15.053073,2023-08-01
15499,2023-08-02 10:50:00,19400.0,19571.6,691850,6892450,189.05,11.05,22200,194800,1.0,0.0,0.0,0.0,14.515854,14.494219,2023-08-01
10241,2023-08-02 10:50:00,19450.0,19571.6,385050,4630100,146.5,18.35,25200,190100,1.0,0.0,0.0,0.0,14.118754,14.060532,2023-08-01
4983,2023-08-02 10:50:00,19500.0,19571.6,3721900,9636750,108.4,30.1,156150,615200,1.0,0.0,0.0,0.0,13.8488,13.767292,2023-08-01
2352,2023-08-02 10:50:00,19550.0,19571.6,3966950,8269600,75.65,47.4,280350,388100,1.0,0.0,0.0,0.0,13.583017,13.525266,2023-08-01
7613,2023-08-02 10:50:00,19600.0,19571.6,15484350,11511350,49.4,71.85,682400,507800,0.0,-1.0,0.0,0.0,13.369903,13.474608,2023-08-01
12870,2023-08-02 10:50:00,19650.0,19571.6,14702350,4343100,31.2,103.45,304700,171650,0.0,-1.0,0.0,0.0,13.519615,13.589436,2023-08-01
18127,2023-08-02 10:50:00,19700.0,19571.6,17924300,4441850,19.6,141.6,378550,174200,0.0,-1.0,0.0,0.0,13.962117,13.975906,2023-08-01
23380,2023-08-02 10:50:00,19750.0,19571.6,9579750,1340950,11.95,183.95,253900,50600,0.0,-1.0,0.0,0.0,14.3896,14.413895,2023-08-01
28633,2023-08-02 10:50:00,19800.0,19571.6,16508150,2312900,7.75,229.7,271800,28950,0.0,-1.0,0.0,0.0,15.150141,15.164863,2023-08-01
26007,2023-08-02 10:51:00,19300.0,19572.4,121950,6468100,284.2,4.1,3600,119450,1.0,0.0,0.0,0.0,16.749543,15.715982,2023-08-01
20754,2023-08-02 10:51:00,19350.0,19572.4,55850,3336250,237.0,6.5,900,176350,1.0,0.0,0.0,0.0,15.947946,14.981787,2023-08-01
15500,2023-08-02 10:51:00,19400.0,19572.4,691850,6892450,191.0,10.85,26800,277600,1.0,0.0,0.0,0.0,15.031428,14.459621,2023-08-01
10242,2023-08-02 10:51:00,19450.0,19572.4,385050,4630100,148.0,17.9,16750,256700,1.0,0.0,0.0,0.0,14.393526,13.974328,2023-08-01
4984,2023-08-02 10:51:00,19500.0,19572.4,3721900,9636750,109.65,29.7,198300,730150,1.0,0.0,0.0,0.0,14.03044,13.730838,2023-08-01
2353,2023-08-02 10:51:00,19550.0,19572.4,3966950,8269600,76.7,46.5,180900,449800,1.0,0.0,0.0,0.0,13.721933,13.400851,2023-08-01
7614,2023-08-02 10:51:00,19600.0,19572.4,15484350,11511350,50.4,70.9,549950,494800,0.0,-1.0,0.0,0.0,13.519883,13.363732,2023-08-01
12871,2023-08-02 10:51:00,19650.0,19572.4,14702350,4343100,31.7,102.15,279550,212750,0.0,-1.0,0.0,0.0,13.584735,13.403857,2023-08-01
18128,2023-08-02 10:51:00,19700.0,19572.4,17924300,4441850,19.85,140.25,339600,150200,0.0,-1.0,0.0,0.0,13.988608,13.759586,2023-08-01
23381,2023-08-02 10:51:00,19750.0,19572.4,9579750,1340950,12.15,182.05,229050,22350,0.0,-1.0,0.0,0.0,14.426568,13.93386,2023-08-01
28634,2023-08-02 10:51:00,19800.0,19572.4,16508150,2312900,7.85,227.95,332800,26350,0.0,-1.0,0.0,0.0,15.165961,14.620926,2023-08-01
26008,2023-08-02 10:52:00,19300.0,19572.5,121950,6468100,284.0,4.15,2800,132750,1.0,0.0,0.0,0.0,16.550805,15.764982,2023-08-01
20755,2023-08-02 10:52:00,19350.0,19572.5,55850,3336250,237.15,6.55,400,109500,1.0,0.0,0.0,0.0,15.985182,15.019666,2023-08-01
15501,2023-08-02 10:52:00,19400.0,19572.5,691850,6892450,190.65,10.85,11150,273150,1.0,0.0,0.0,0.0,14.862469,14.469149,2023-08-01
10243,2023-08-02 10:52:00,19450.0,19572.5,385050,4630100,147.95,17.95,13000,204600,1.0,0.0,0.0,0.0,14.35858,14.000382,2023-08-01
4985,2023-08-02 10:52:00,19500.0,19572.5,3721900,9636750,109.05,29.75,99300,451200,1.0,0.0,0.0,0.0,13.864377,13.755094,2023-08-01
2354,2023-08-02 10:52:00,19550.0,19572.5,3966950,8269600,76.25,46.7,226850,387300,1.0,0.0,0.0,0.0,13.610569,13.459702,2023-08-01
7615,2023-08-02 10:52:00,19600.0,19572.5,15484350,11511350,49.95,71.1,563050,484950,0.0,-1.0,0.0,0.0,13.412367,13.424915,2023-08-01
12872,2023-08-02 10:52:00,19650.0,19572.5,14702350,4343100,31.5,102.6,240150,132650,0.0,-1.0,0.0,0.0,13.531076,13.536525,2023-08-01
18129,2023-08-02 10:52:00,19700.0,19572.5,17924300,4441850,19.7,140.35,296650,73600,0.0,-1.0,0.0,0.0,13.941127,13.816741,2023-08-01
23382,2023-08-02 10:52:00,19750.0,19572.5,9579750,1340950,12.0,182.6,191000,19500,0.0,-1.0,0.0,0.0,14.366771,14.191429,2023-08-01
28635,2023-08-02 10:52:00,19800.0,19572.5,16508150,2312900,7.8,228.0,422950,23000,0.0,-1.0,0.0,0.0,15.13969,14.700329,2023-08-01
26009,2023-08-02 10:53:00,19300.0,19573.05,123450,6480500,284.8,4.05,8250,261350,1.0,0.0,0.0,0.0,16.759262,15.713007,2023-08-01
20756,2023-08-02 10:53:00,19350.0,19573.05,56650,3390100,237.15,6.5,4000,248800,1.0,0.0,0.0,0.0,15.731151,15.021819,2023-08-01
15502,2023-08-02 10:53:00,19400.0,19573.05,708000,6884150,190.8,10.65,59150,461650,1.0,0.0,0.0,0.0,14.736339,14.419829,2023-08-01
10244,2023-08-02 10:53:00,19450.0,19573.05,384000,4571850,148.1,17.75,54800,422950,1.0,0.0,0.0,0.0,14.274645,13.976198,2023-08-01
4986,2023-08-02 10:53:00,19500.0,19573.05,3837000,9450100,109.4,29.35,465750,1248500,1.0,0.0,0.0,0.0,13.860564,13.698723,2023-08-01
2355,2023-08-02 10:53:00,19550.0,19573.05,4099750,8338150,76.3,46.45,688250,1225350,1.0,0.0,0.0,0.0,13.553871,13.459128,2023-08-01
7616,2023-08-02 10:53:00,19600.0,19573.05,15939550,11509800,50.1,70.6,1544100,1565000,0.0,-1.0,0.0,0.0,13.395055,13.384152,2023-08-01
12873,2023-08-02 10:53:00,19650.0,19573.05,14684650,4317350,31.6,102.05,875500,545900,0.0,-1.0,0.0,0.0,13.516136,13.495717,2023-08-01
18130,2023-08-02 10:53:00,19700.0,19573.05,18090150,4413900,19.85,140.1,855900,509800,0.0,-1.0,0.0,0.0,13.953935,13.874026,2023-08-01
23383,2023-08-02 10:53:00,19750.0,19573.05,9593850,1338150,12.2,182.15,506450,126250,0.0,-1.0,0.0,0.0,14.417704,14.202704,2023-08-01
28636,2023-08-02 10:53:00,19800.0,19573.05,16728650,2305600,7.95,227.45,784800,99900,0.0,-1.0,0.0,0.0,15.193542,14.675382,2023-08-01
26010,2023-08-02 10:54:00,19300.0,19571.9,123450,6480500,284.95,3.9,2050,282800,1.0,0.0,0.0,0.0,17.567944,15.543828,2023-08-01
20757,2023-08-02 10:54:00,19350.0,19571.9,56650,3390100,237.15,6.4,2250,134600,1.0,0.0,0.0,0.0,16.271819,14.912013,2023-08-01
15503,2023-08-02 10:54:00,19400.0,19571.9,708000,6884150,191.0,10.55,51000,269250,1.0,0.0,0.0,0.0,15.217322,14.318435,2023-08-01
10245,2023-08-02 10:54:00,19450.0,19571.9,384000,4571850,148.05,17.6,31250,321750,1.0,0.0,0.0,0.0,14.545951,13.858653,2023-08-01
4987,2023-08-02 10:54:00,19500.0,19571.9,3837000,9450100,109.45,29.35,203950,561350,1.0,0.0,0.0,0.0,14.08194,13.613514,2023-08-01
2356,2023-08-02 10:54:00,19550.0,19571.9,4099750,8338150,76.4,46.5,235950,487450,1.0,0.0,0.0,0.0,13.73256,13.363178,2023-08-01
7617,2023-08-02 10:54:00,19600.0,19571.9,15939550,11509800,50.25,70.75,619000,569850,0.0,-1.0,0.0,0.0,13.549247,13.277154,2023-08-01
12874,2023-08-02 10:54:00,19650.0,19571.9,14684650,4317350,31.7,102.0,222100,142900,0.0,-1.0,0.0,0.0,13.637592,13.29051,2023-08-01
18131,2023-08-02 10:54:00,19700.0,19571.9,18090150,4413900,19.95,140.0,459250,118750,0.0,-1.0,0.0,0.0,14.06497,13.57257,2023-08-01
23384,2023-08-02 10:54:00,19750.0,19571.9,9593850,1338150,12.15,182.3,164700,50850,0.0,-1.0,0.0,0.0,14.468347,13.868142,2023-08-01
28637,2023-08-02 10:54:00,19800.0,19571.9,16728650,2305600,7.9,228.0,256650,30450,0.0,-1.0,0.0,0.0,15.23091,14.401088,2023-08-01
26011,2023-08-02 10:55:00,19300.0,19565.7,123450,6480500,280.8,4.35,3700,771750,1.0,0.0,0.0,0.0,18.465586,15.633009,2023-08-01
20758,2023-08-02 10:55:00,19350.0,19565.7,56650,3390100,233.4,6.8,5450,190200,1.0,0.0,0.0,0.0,17.106499,14.840174,2023-08-01
15504,2023-08-02 10:55:00,19400.0,19565.7,708000,6884150,186.65,11.15,41450,523750,1.0,0.0,0.0,0.0,15.567059,14.226297,2023-08-01
10246,2023-08-02 10:55:00,19450.0,19565.7,384000,4571850,144.1,18.6,47350,592300,1.0,0.0,0.0,0.0,14.81644,13.773644,2023-08-01
4988,2023-08-02 10:55:00,19500.0,19565.7,3837000,9450100,106.05,30.95,234550,958750,1.0,0.0,0.0,0.0,14.298066,13.537678,2023-08-01
2357,2023-08-02 10:55:00,19550.0,19565.7,4099750,8338150,73.75,48.55,451000,899900,1.0,0.0,0.0,0.0,13.932825,13.224757,2023-08-01
7618,2023-08-02 10:55:00,19600.0,19565.7,15939550,11509800,48.1,73.85,935600,1144900,0.0,-1.0,0.0,0.0,13.680417,13.188874,2023-08-01
12875,2023-08-02 10:55:00,19650.0,19565.7,14684650,4317350,30.25,105.65,527700,307950,0.0,-1.0,0.0,0.0,13.767765,13.130787,2023-08-01
18132,2023-08-02 10:55:00,19700.0,19565.7,18090150,4413900,19.0,144.0,1008700,337600,0.0,-1.0,0.0,0.0,14.189255,13.282411,2023-08-01
23385,2023-08-02 10:55:00,19750.0,19565.7,9593850,1338150,11.7,186.55,315200,82000,0.0,-1.0,0.0,0.0,14.646552,13.373351,2023-08-01
28638,2023-08-02 10:55:00,19800.0,19565.7,16728650,2305600,7.7,232.7,536000,73750,0.0,-1.0,0.0,0.0,15.444795,13.786192,2023-08-01
26012,2023-08-02 10:56:00,19300.0,19563.7,126850,6548200,278.2,4.4,3650,302700,1.0,0.0,0.0,0.0,18.041953,15.586195,2023-08-01
20759,2023-08-02 10:56:00,19350.0,19563.7,59900,3437800,230.35,6.85,3300,202000,1.0,0.0,0.0,0.0,16.529365,14.773236,2023-08-01
15505,2023-08-02 10:56:00,19400.0,19563.7,735200,6841400,185.25,11.35,39800,373500,1.0,0.0,0.0,0.0,15.67409,14.198842,2023-08-01
10247,2023-08-02 10:56:00,19450.0,19563.7,399300,4706900,142.8,18.9,51050,433050,1.0,0.0,0.0,0.0,14.891629,13.738281,2023-08-01
4989,2023-08-02 10:56:00,19500.0,19563.7,3978800,9732150,105.25,31.3,309800,1012650,1.0,0.0,0.0,0.0,14.43813,13.469896,2023-08-01
2358,2023-08-02 10:56:00,19550.0,19563.7,4136800,8233600,72.95,49.1,437700,1099400,1.0,0.0,0.0,0.0,14.00772,13.152661,2023-08-01
7619,2023-08-02 10:56:00,19600.0,19563.7,16269950,11767450,47.65,74.55,1735500,1823000,0.0,-1.0,0.0,0.0,13.776899,13.088671,2023-08-01
12876,2023-08-02 10:56:00,19650.0,19563.7,14635500,4292150,30.2,106.55,1000400,459300,0.0,-1.0,0.0,0.0,13.915696,13.002463,2023-08-01
18133,2023-08-02 10:56:00,19700.0,19563.7,18208750,4270450,18.8,145.0,737850,436000,0.0,-1.0,0.0,0.0,14.262259,13.084238,2023-08-01
23386,2023-08-02 10:56:00,19750.0,19563.7,9616400,1303850,11.6,188.15,350600,57100,0.0,-1.0,0.0,0.0,14.723364,13.299896,2023-08-01
28639,2023-08-02 10:56:00,19800.0,19563.7,16952050,2264400,7.6,233.75,469550,73850,0.0,-1.0,0.0,0.0,15.497022,13.219402,2023-08-01
26013,2023-08-02 10:57:00,19300.0,19562.0,126850,6548200,275.05,4.55,7400,313200,1.0,0.0,0.0,0.0,17.116898,15.627552,2023-08-01
20760,2023-08-02 10:57:00,19350.0,19562.0,59900,3437800,226.65,7.15,4300,219100,1.0,0.0,0.0,0.0,15.481669,14.857191,2023-08-01
15506,2023-08-02 10:57:00,19400.0,19562.0,735200,6841400,181.95,11.85,64300,475600,1.0,0.0,0.0,0.0,14.989723,14.305808,2023-08-01
10248,2023-08-02 10:57:00,19450.0,19562.0,399300,4706900,140.05,19.85,59950,555100,1.0,0.0,0.0,0.0,14.472784,13.917898,2023-08-01
4990,2023-08-02 10:57:00,19500.0,19562.0,3978800,9732150,102.55,32.65,388050,1232950,1.0,0.0,0.0,0.0,14.057007,13.673747,2023-08-01
2359,2023-08-02 10:57:00,19550.0,19562.0,4136800,8233600,71.1,51.25,534250,1107400,1.0,0.0,0.0,0.0,13.80554,13.470889,2023-08-01
7620,2023-08-02 10:57:00,19600.0,19562.0,16269950,11767450,46.35,77.3,1883950,1702300,0.0,-1.0,0.0,0.0,13.64796,13.49597,2023-08-01
12877,2023-08-02 10:57:00,19650.0,19562.0,14635500,4292150,29.4,109.85,1077400,428600,0.0,-1.0,0.0,0.0,13.847016,13.551042,2023-08-01
18134,2023-08-02 10:57:00,19700.0,19562.0,18208750,4270450,18.5,148.95,605150,341750,0.0,-1.0,0.0,0.0,14.283435,13.925753,2023-08-01
23387,2023-08-02 10:57:00,19750.0,19562.0,9616400,1303850,11.45,191.7,260750,66350,0.0,-1.0,0.0,0.0,14.762377,14.214384,2023-08-01
28640,2023-08-02 10:57:00,19800.0,19562.0,16952050,2264400,7.6,237.7,477850,74300,0.0,-1.0,0.0,0.0,15.587044,14.774668,2023-08-01
26014,2023-08-02 10:58:00,19300.0,19562.2,126850,6548200,276.0,4.75,5850,358250,1.0,0.0,0.0,0.0,17.58222,15.789175,2023-08-01
20761,2023-08-02 10:58:00,19350.0,19562.2,59900,3437800,229.35,7.35,2050,309100,1.0,0.0,0.0,0.0,16.690905,14.979055,2023-08-01
15507,2023-08-02 10:58:00,19400.0,19562.2,735200,6841400,184.1,12.1,54150,730500,1.0,0.0,0.0,0.0,15.722453,14.419482,2023-08-01
10249,2023-08-02 10:58:00,19450.0,19562.2,399300,4706900,142.0,19.9,49550,888150,1.0,0.0,0.0,0.0,15.002949,13.950129,2023-08-01
4991,2023-08-02 10:58:00,19500.0,19562.2,3978800,9732150,104.9,32.6,284350,1313400,1.0,0.0,0.0,0.0,14.60819,13.681184,2023-08-01
2360,2023-08-02 10:58:00,19550.0,19562.2,4136800,8233600,72.75,50.7,466700,1568500,1.0,0.0,0.0,0.0,14.158444,13.3703,2023-08-01
7621,2023-08-02 10:58:00,19600.0,19562.2,16269950,11767450,47.65,76.35,1194750,1644800,0.0,-1.0,0.0,0.0,13.93084,13.308208,2023-08-01
12878,2023-08-02 10:58:00,19650.0,19562.2,14635500,4292150,30.4,108.65,643200,513350,0.0,-1.0,0.0,0.0,14.092497,13.279363,2023-08-01
18135,2023-08-02 10:58:00,19700.0,19562.2,18208750,4270450,18.9,147.2,701300,466100,0.0,-1.0,0.0,0.0,14.399953,13.41471,2023-08-01
23388,2023-08-02 10:58:00,19750.0,19562.2,9616400,1303850,11.7,189.6,387000,149050,0.0,-1.0,0.0,0.0,14.857126,13.360871,2023-08-01
28641,2023-08-02 10:58:00,19800.0,19562.2,16952050,2264400,7.8,236.15,484850,78950,0.0,-1.0,0.0,0.0,15.68809,13.921958,2023-08-01
26015,2023-08-02 10:59:00,19300.0,19563.0,130650,6515500,277.35,4.7,3700,375850,1.0,0.0,0.0,0.0,17.944387,15.793166,2023-08-01
20762,2023-08-02 10:59:00,19350.0,19563.0,62600,3416800,229.3,7.4,2050,350350,1.0,0.0,0.0,0.0,16.348338,15.050149,2023-08-01
15508,2023-08-02 10:59:00,19400.0,19563.0,761500,6815350,184.55,12.1,37850,496600,1.0,0.0,0.0,0.0,15.649591,14.469124,2023-08-01
10250,2023-08-02 10:59:00,19450.0,19563.0,421500,4733500,142.2,19.95,44150,347350,1.0,0.0,0.0,0.0,14.888537,14.022418,2023-08-01
4992,2023-08-02 10:59:00,19500.0,19563.0,4266250,9779300,105.0,32.5,268600,752500,1.0,0.0,0.0,0.0,14.506468,13.724618,2023-08-01
2361,2023-08-02 10:59:00,19550.0,19563.0,4583200,8176050,73.1,50.55,385850,629250,1.0,0.0,0.0,0.0,14.14278,13.421031,2023-08-01
7622,2023-08-02 10:59:00,19600.0,19563.0,17695900,11823250,47.75,75.95,602700,699750,0.0,-1.0,0.0,0.0,13.880799,13.326475,2023-08-01
12879,2023-08-02 10:59:00,19650.0,19563.0,13941400,4179200,30.3,108.25,314900,253650,0.0,-1.0,0.0,0.0,14.00895,13.325304,2023-08-01
18136,2023-08-02 10:59:00,19700.0,19563.0,18091000,4126400,18.95,146.7,562400,165950,0.0,-1.0,0.0,0.0,14.367825,13.465185,2023-08-01
23389,2023-08-02 10:59:00,19750.0,19563.0,9613050,1261700,11.7,189.65,221850,38150,0.0,-1.0,0.0,0.0,14.816662,13.707379,2023-08-01
28642,2023-08-02 10:59:00,19800.0,19563.0,16840950,2221350,7.7,235.6,293550,29250,0.0,-1.0,0.0,0.0,15.599581,14.05077,2023-08-01
26016,2023-08-02 11:00:00,19300.0,19560.95,130650,6515500,273.55,5.05,6750,358250,1.0,0.0,0.0,0.0,16.80758,15.957183,2023-08-01
20763,2023-08-02 11:00:00,19350.0,19560.95,62600,3416800,226.5,7.95,2300,343650,1.0,0.0,0.0,0.0,15.89037,15.239513,2023-08-01
15509,2023-08-02 11:00:00,19400.0,19560.95,761500,6815350,181.45,12.9,39750,592950,1.0,0.0,0.0,0.0,15.149792,14.665286,2023-08-01
10251,2023-08-02 11:00:00,19450.0,19560.95,421500,4733500,139.65,21.15,39300,469850,1.0,0.0,0.0,0.0,14.60733,14.247349,2023-08-01
4993,2023-08-02 11:00:00,19500.0,19560.95,4266250,9779300,102.65,34.1,216200,854650,1.0,0.0,0.0,0.0,14.268906,13.958907,2023-08-01
2362,2023-08-02 11:00:00,19550.0,19560.95,4583200,8176050,71.2,52.9,344700,799350,1.0,0.0,0.0,0.0,13.971688,13.74764,2023-08-01
7623,2023-08-02 11:00:00,19600.0,19560.95,17695900,11823250,46.65,78.9,754650,804600,0.0,-1.0,0.0,0.0,13.830677,13.733255,2023-08-01
12880,2023-08-02 11:00:00,19650.0,19560.95,13941400,4179200,29.65,111.05,507750,275650,0.0,-1.0,0.0,0.0,14.005678,13.680398,2023-08-01
18137,2023-08-02 11:00:00,19700.0,19560.95,18091000,4126400,18.55,150.05,576150,223650,0.0,-1.0,0.0,0.0,14.380476,14.018349,2023-08-01
23390,2023-08-02 11:00:00,19750.0,19560.95,9613050,1261700,11.6,192.9,396950,48650,0.0,-1.0,0.0,0.0,14.895911,14.344316,2023-08-01
28643,2023-08-02 11:00:00,19800.0,19560.95,16840950,2221350,7.65,238.95,336150,38250,0.0,-1.0,0.0,0.0,15.680749,14.950074,2023-08-01
26017,2023-08-02 11:01:00,19300.0,19555.4,130650,6515500,264.9,6.35,19000,636200,1.0,0.0,0.0,0.0,14.276388,16.565828,2023-08-01
20764,2023-08-02 11:01:00,19350.0,19555.4,62600,3416800,217.4,9.65,8100,639200,1.0,0.0,0.0,0.0,13.732651,15.791173,2023-08-01
15510,2023-08-02 11:01:00,19400.0,19555.4,761500,6815350,174.1,15.45,125950,1087000,1.0,0.0,0.0,0.0,14.154416,15.280736,2023-08-01
10252,2023-08-02 11:01:00,19450.0,19555.4,421500,4733500,133.3,24.65,140800,1229100,1.0,0.0,0.0,0.0,13.998512,14.881269,2023-08-01
4994,2023-08-02 11:01:00,19500.0,19555.4,4266250,9779300,97.8,39.0,725600,2311250,1.0,0.0,0.0,0.0,13.98381,14.697033,2023-08-01
2363,2023-08-02 11:01:00,19550.0,19555.4,4583200,8176050,67.45,58.95,1058250,2293350,1.0,0.0,0.0,0.0,13.804835,14.538944,2023-08-01
7624,2023-08-02 11:01:00,19600.0,19555.4,17695900,11823250,44.2,86.35,2209550,2864950,0.0,-1.0,0.0,0.0,13.795634,14.702241,2023-08-01
12881,2023-08-02 11:01:00,19650.0,19555.4,13941400,4179200,28.25,119.95,1265150,831800,0.0,-1.0,0.0,0.0,14.070997,14.97796,2023-08-01
18138,2023-08-02 11:01:00,19700.0,19555.4,18091000,4126400,17.95,159.35,1535350,603400,0.0,-1.0,0.0,0.0,14.551658,15.556891,2023-08-01
23391,2023-08-02 11:01:00,19750.0,19555.4,9613050,1261700,11.45,203.2,554650,208350,0.0,-1.0,0.0,0.0,15.149335,16.550757,2023-08-01
28644,2023-08-02 11:01:00,19800.0,19555.4,16840950,2221350,7.7,248.75,820300,150700,0.0,-1.0,0.0,0.0,15.990847,17.437022,2023-08-01
26018,2023-08-02 11:02:00,19300.0,19548.2,141050,6553300,257.2,8.15,11850,893900,1.0,0.0,0.0,0.0,13.513118,17.271626,2023-08-01
20765,2023-08-02 11:02:00,19350.0,19548.2,64750,3575100,211.5,12.15,11250,799250,1.0,0.0,0.0,0.0,14.111479,16.516649,2023-08-01
15511,2023-08-02 11:02:00,19400.0,19548.2,811500,6764350,167.8,18.9,159950,1553550,1.0,0.0,0.0,0.0,14.077035,16.02051,2023-08-01
10253,2023-08-02 11:02:00,19450.0,19548.2,447050,4585250,128.1,29.3,121750,1553500,1.0,0.0,0.0,0.0,14.075322,15.651974,2023-08-01
4995,2023-08-02 11:02:00,19500.0,19548.2,4410100,9618100,93.85,44.9,712400,2423500,1.0,0.0,0.0,0.0,14.158138,15.487186,2023-08-01
2364,2023-08-02 11:02:00,19550.0,19548.2,4932250,8063100,65.15,66.2,867300,2040400,0.0,-1.0,0.0,0.0,14.138671,15.399421,2023-08-01
7625,2023-08-02 11:02:00,19600.0,19548.2,17860350,11230050,42.9,94.55,1626600,2117050,0.0,-1.0,0.0,0.0,14.161042,15.61155,2023-08-01
12882,2023-08-02 11:02:00,19650.0,19548.2,13888150,4012200,27.7,129.0,905550,690300,0.0,-1.0,0.0,0.0,14.470838,16.016299,2023-08-01
18139,2023-08-02 11:02:00,19700.0,19548.2,17930850,4053450,17.75,169.0,1290250,570900,0.0,-1.0,0.0,0.0,14.949398,16.785092,2023-08-01
23392,2023-08-02 11:02:00,19750.0,19548.2,9523150,1213250,11.5,212.6,675050,125050,0.0,-1.0,0.0,0.0,15.575053,17.78935,2023-08-01
28645,2023-08-02 11:02:00,19800.0,19548.2,16682400,2178750,7.8,259.3,845950,102450,0.0,-1.0,0.0,0.0,16.410384,19.320336,2023-08-01
26019,2023-08-02 11:03:00,19300.0,19535.3,141050,6553300,247.8,9.75,29950,1585550,1.0,0.0,0.0,0.0,15.538563,17.454134,2023-08-01
20766,2023-08-02 11:03:00,19350.0,19535.3,64750,3575100,205.6,14.45,19550,1051600,1.0,0.0,0.0,0.0,16.551691,16.719993,2023-08-01
15512,2023-08-02 11:03:00,19400.0,19535.3,811500,6764350,160.2,22.3,199050,2145650,1.0,0.0,0.0,0.0,15.108835,16.273195,2023-08-01
10254,2023-08-02 11:03:00,19450.0,19535.3,447050,4585250,121.85,34.25,178600,1951400,1.0,0.0,0.0,0.0,14.940661,15.985694,2023-08-01
4996,2023-08-02 11:03:00,19500.0,19535.3,4410100,9618100,88.75,51.3,1153700,3819550,1.0,0.0,0.0,0.0,14.842405,15.813584,2023-08-01
2365,2023-08-02 11:03:00,19550.0,19535.3,4932250,8063100,61.3,73.9,1573700,2967500,0.0,-1.0,0.0,0.0,14.719981,15.677466,2023-08-01
7626,2023-08-02 11:03:00,19600.0,19535.3,17860350,11230050,40.55,103.55,2662700,2844500,0.0,-1.0,0.0,0.0,14.755929,15.867733,2023-08-01
12883,2023-08-02 11:03:00,19650.0,19535.3,13888150,4012200,26.25,139.35,1933600,873450,0.0,-1.0,0.0,0.0,15.026511,16.326942,2023-08-01
18140,2023-08-02 11:03:00,19700.0,19535.3,17930850,4053450,17.15,179.8,1759300,693350,0.0,-1.0,0.0,0.0,15.561715,16.986014,2023-08-01
23393,2023-08-02 11:03:00,19750.0,19535.3,9523150,1213250,11.4,223.6,966650,166450,0.0,-1.0,0.0,0.0,16.248428,17.84037,2023-08-01
28646,2023-08-02 11:03:00,19800.0,19535.3,16682400,2178750,7.9,270.65,1196400,194050,0.0,-1.0,0.0,0.0,17.113866,19.345087,2023-08-01
26020,2023-08-02 11:04:00,19300.0,19534.3,141050,6553300,247.55,10.15,17600,1291400,1.0,0.0,0.0,0.0,15.93968,17.603368,2023-08-01
20767,2023-08-02 11:04:00,19350.0,19534.3,64750,3575100,201.85,15.15,11550,985400,1.0,0.0,0.0,0.0,15.385305,16.934647,2023-08-01
15513,2023-08-02 11:04:00,19400.0,19534.3,811500,6764350,159.5,23.3,171950,1804200,1.0,0.0,0.0,0.0,15.146735,16.51674,2023-08-01
10255,2023-08-02 11:04:00,19450.0,19534.3,447050,4585250,121.35,35.6,125350,1363350,1.0,0.0,0.0,0.0,15.000721,16.258931,2023-08-01
4997,2023-08-02 11:04:00,19500.0,19534.3,4410100,9618100,88.75,52.9,884750,2805850,1.0,0.0,0.0,0.0,14.986677,16.09428,2023-08-01
2366,2023-08-02 11:04:00,19550.0,19534.3,4932250,8063100,61.15,75.8,1346950,2013600,0.0,-1.0,0.0,0.0,14.799154,15.99316,2023-08-01
7627,2023-08-02 11:04:00,19600.0,19534.3,17860350,11230050,40.55,105.75,2559500,1955400,0.0,-1.0,0.0,0.0,14.847396,16.245195,2023-08-01
12884,2023-08-02 11:04:00,19650.0,19534.3,13888150,4012200,26.2,141.05,1203950,567700,0.0,-1.0,0.0,0.0,15.089363,16.592887,2023-08-01
18141,2023-08-02 11:04:00,19700.0,19534.3,17930850,4053450,17.05,181.35,1621200,466600,0.0,-1.0,0.0,0.0,15.594394,17.229003,2023-08-01
23394,2023-08-02 11:04:00,19750.0,19534.3,9523150,1213250,11.25,225.5,766800,106000,0.0,-1.0,0.0,0.0,16.243144,18.246568,2023-08-01
28647,2023-08-02 11:04:00,19800.0,19534.3,16682400,2178750,7.7,272.0,940300,96100,0.0,-1.0,0.0,0.0,17.057146,19.561428,2023-08-01
26021,2023-08-02 11:05:00,19300.0,19527.1,166550,6389450,244.05,12.3,34600,1359900,1.0,0.0,0.0,0.0,17.487858,18.222126,2023-08-01
20768,2023-08-02 11:05:00,19350.0,19527.1,90900,3482050,199.6,18.05,19850,1445100,1.0,0.0,0.0,0.0,16.915601,17.571636,2023-08-01
15514,2023-08-02 11:05:00,19400.0,19527.1,1011750,6578750,158.4,26.95,288600,2243050,1.0,0.0,0.0,0.0,16.545492,17.112743,2023-08-01
10256,2023-08-02 11:05:00,19450.0,19527.1,574450,4396650,121.25,40.0,209800,1826250,1.0,0.0,0.0,0.0,16.259915,16.80052,2023-08-01
4998,2023-08-02 11:05:00,19500.0,19527.1,5003400,9378000,89.1,57.95,1053000,3943800,1.0,0.0,0.0,0.0,16.047788,16.569689,2023-08-01
2367,2023-08-02 11:05:00,19550.0,19527.1,5159200,7565850,62.15,80.95,1932500,2572300,0.0,-1.0,0.0,0.0,15.796775,16.303781,2023-08-01
7628,2023-08-02 11:05:00,19600.0,19527.1,18213550,10297300,41.4,110.85,2586150,2381350,0.0,-1.0,0.0,0.0,15.67667,16.377813,2023-08-01
12885,2023-08-02 11:05:00,19650.0,19527.1,13570350,3698800,27.0,146.45,1448100,749050,0.0,-1.0,0.0,0.0,15.83345,16.641466,2023-08-01
18142,2023-08-02 11:05:00,19700.0,19527.1,17229700,3700800,17.75,186.9,1605100,659550,0.0,-1.0,0.0,0.0,16.283134,17.164668,2023-08-01
23395,2023-08-02 11:05:00,19750.0,19527.1,9180800,1156050,11.85,230.65,1046650,150400,0.0,-1.0,0.0,0.0,16.902479,17.863568,2023-08-01
28648,2023-08-02 11:05:00,19800.0,19527.1,16433900,2109350,8.15,276.9,1018850,146800,0.0,-1.0,0.0,0.0,17.671196,18.86012,2023-08-01
26022,2023-08-02 11:06:00,19300.0,19528.75,166550,6389450,246.85,11.2,18300,952100,1.0,0.0,0.0,0.0,18.112285,17.818059,2023-08-01
20769,2023-08-02 11:06:00,19350.0,19528.75,90900,3482050,202.0,16.65,18800,1101950,1.0,0.0,0.0,0.0,17.292856,17.174014,2023-08-01
15515,2023-08-02 11:06:00,19400.0,19528.75,1011750,6578750,160.75,25.1,149700,1542400,1.0,0.0,0.0,0.0,16.870116,16.690035,2023-08-01
10257,2023-08-02 11:06:00,19450.0,19528.75,574450,4396650,122.8,37.75,132750,1378650,1.0,0.0,0.0,0.0,16.372743,16.373924,2023-08-01
4999,2023-08-02 11:06:00,19500.0,19528.75,5003400,9378000,90.35,55.5,813000,2863300,1.0,0.0,0.0,0.0,16.121165,16.171968,2023-08-01
2368,2023-08-02 11:06:00,19550.0,19528.75,5159200,7565850,62.85,77.95,1171050,1741500,0.0,-1.0,0.0,0.0,15.786172,15.828486,2023-08-01
7629,2023-08-02 11:06:00,19600.0,19528.75,18213550,10297300,41.9,107.4,1549900,1486250,0.0,-1.0,0.0,0.0,15.660901,15.806317,2023-08-01
12886,2023-08-02 11:06:00,19650.0,19528.75,13570350,3698800,27.2,142.25,948550,544450,0.0,-1.0,0.0,0.0,15.775783,15.822909,2023-08-01
18143,2023-08-02 11:06:00,19700.0,19528.75,17229700,3700800,17.85,182.8,1064300,357450,0.0,-1.0,0.0,0.0,16.220007,16.249106,2023-08-01
23396,2023-08-02 11:06:00,19750.0,19528.75,9180800,1156050,11.65,227.0,685000,126800,0.0,-1.0,0.0,0.0,16.730601,16.946422,2023-08-01
28649,2023-08-02 11:06:00,19800.0,19528.75,16433900,2109350,8.0,272.75,906150,80550,0.0,-1.0,0.0,0.0,17.51102,17.465255,2023-08-01
26023,2023-08-02 11:07:00,19300.0,19526.8,166550,6389450,245.65,10.45,9950,1451150,1.0,0.0,0.0,0.0,18.347508,17.368408,2023-08-01
20770,2023-08-02 11:07:00,19350.0,19526.8,90900,3482050,200.4,15.95,19250,1427850,1.0,0.0,0.0,0.0,17.307841,16.806703,2023-08-01
15516,2023-08-02 11:07:00,19400.0,19526.8,1011750,6578750,159.65,24.75,127300,1444150,1.0,0.0,0.0,0.0,16.989824,16.458098,2023-08-01
10258,2023-08-02 11:07:00,19450.0,19526.8,574450,4396650,122.6,37.4,99750,941500,1.0,0.0,0.0,0.0,16.660191,16.133598,2023-08-01
5000,2023-08-02 11:07:00,19500.0,19526.8,5003400,9378000,90.1,55.15,545450,1880350,1.0,0.0,0.0,0.0,16.32741,15.90658,2023-08-01
2369,2023-08-02 11:07:00,19550.0,19526.8,5159200,7565850,62.6,78.15,905000,1463750,0.0,-1.0,0.0,0.0,15.940244,15.642077,2023-08-01
7630,2023-08-02 11:07:00,19600.0,19526.8,18213550,10297300,41.75,107.5,1098050,857950,0.0,-1.0,0.0,0.0,15.796881,15.530252,2023-08-01
12887,2023-08-02 11:07:00,19650.0,19526.8,13570350,3698800,27.3,142.8,787550,237950,0.0,-1.0,0.0,0.0,15.948553,15.574329,2023-08-01
18144,2023-08-02 11:07:00,19700.0,19526.8,17229700,3700800,17.8,182.85,1075400,235100,0.0,-1.0,0.0,0.0,16.328783,15.715307,2023-08-01
23397,2023-08-02 11:07:00,19750.0,19526.8,9180800,1156050,11.7,227.0,560100,51850,0.0,-1.0,0.0,0.0,16.864252,16.193535,2023-08-01
28650,2023-08-02 11:07:00,19800.0,19526.8,16433900,2109350,8.1,273.05,605250,51450,0.0,-1.0,0.0,0.0,17.669099,16.585474,2023-08-01
26024,2023-08-02 11:08:00,19300.0,19530.3,172550,6629400,246.4,9.1,12100,901250,1.0,0.0,0.0,0.0,17.268552,16.894452,2023-08-01
20771,2023-08-02 11:08:00,19350.0,19530.3,112750,3897550,201.7,14.45,7300,1082700,1.0,0.0,0.0,0.0,16.714203,16.453761,2023-08-01
15517,2023-08-02 11:08:00,19400.0,19530.3,1085100,6693800,160.4,23.1,73750,976700,1.0,0.0,0.0,0.0,16.423154,16.206629,2023-08-01
10259,2023-08-02 11:08:00,19450.0,19530.3,594200,4520350,122.65,35.7,64000,712100,1.0,0.0,0.0,0.0,16.07675,15.986978,2023-08-01
5001,2023-08-02 11:08:00,19500.0,19530.3,5571200,9540950,90.55,53.35,478450,1207900,1.0,0.0,0.0,0.0,15.970058,15.834769,2023-08-01
2370,2023-08-02 11:08:00,19550.0,19530.3,5582850,7148250,62.95,76.2,687050,1199700,0.0,-1.0,0.0,0.0,15.654214,15.627002,2023-08-01
7631,2023-08-02 11:08:00,19600.0,19530.3,18610000,9923700,42.1,105.6,1029400,647150,0.0,-1.0,0.0,0.0,15.58525,15.620353,2023-08-01
12888,2023-08-02 11:08:00,19650.0,19530.3,13451750,3579100,27.35,140.65,597100,174700,0.0,-1.0,0.0,0.0,15.715603,15.705077,2023-08-01
18145,2023-08-02 11:08:00,19700.0,19530.3,17162900,3556200,17.8,181.0,785600,165200,0.0,-1.0,0.0,0.0,16.116776,16.075427,2023-08-01
23398,2023-08-02 11:08:00,19750.0,19530.3,9138100,1102700,11.65,225.0,523300,36600,0.0,-1.0,0.0,0.0,16.655814,16.675015,2023-08-01
28651,2023-08-02 11:08:00,19800.0,19530.3,16365650,2088000,8.05,271.3,906400,38500,0.0,-1.0,0.0,0.0,17.472313,17.450428,2023-08-01
26025,2023-08-02 11:09:00,19300.0,19533.15,172550,6629400,248.6,8.1,19050,1061550,1.0,0.0,0.0,0.0,17.099207,16.523244,2023-08-01
20772,2023-08-02 11:09:00,19350.0,19533.15,112750,3897550,203.85,13.05,7800,884550,1.0,0.0,0.0,0.0,16.619404,16.074273,2023-08-01
15518,2023-08-02 11:09:00,19400.0,19533.15,1085100,6693800,161.3,21.4,122750,1055350,1.0,0.0,0.0,0.0,16.026383,15.88029,2023-08-01
10260,2023-08-02 11:09:00,19450.0,19533.15,594200,4520350,123.65,33.8,98450,961550,1.0,0.0,0.0,0.0,15.833186,15.72847,2023-08-01
5002,2023-08-02 11:09:00,19500.0,19533.15,5571200,9540950,90.95,51.15,712850,1997650,1.0,0.0,0.0,0.0,15.680674,15.601838,2023-08-01
2371,2023-08-02 11:09:00,19550.0,19533.15,5582850,7148250,63.2,73.55,912700,1346950,0.0,-1.0,0.0,0.0,15.410213,15.370886,2023-08-01
7632,2023-08-02 11:09:00,19600.0,19533.15,18610000,9923700,42.0,103.15,1326750,1283100,0.0,-1.0,0.0,0.0,15.318833,15.472763,2023-08-01
12889,2023-08-02 11:09:00,19650.0,19533.15,13451750,3579100,27.45,138.05,702350,487950,0.0,-1.0,0.0,0.0,15.541886,15.571735,2023-08-01
18146,2023-08-02 11:09:00,19700.0,19533.15,17162900,3556200,17.7,178.0,949250,348500,0.0,-1.0,0.0,0.0,15.910588,15.851167,2023-08-01
23399,2023-08-02 11:09:00,19750.0,19533.15,9138100,1102700,11.55,222.3,508050,73800,0.0,-1.0,0.0,0.0,16.461168,16.586081,2023-08-01
28652,2023-08-02 11:09:00,19800.0,19533.15,16365650,2088000,7.95,268.45,690950,139150,0.0,-1.0,0.0,0.0,17.280044,17.311564,2023-08-01
26026,2023-08-02 11:10:00,19300.0,19531.75,172550,6629400,248.8,7.95,6600,788150,1.0,0.0,0.0,0.0,17.814806,16.376591,2023-08-01
20773,2023-08-02 11:10:00,19350.0,19531.75,112750,3897550,203.65,13.1,4150,458000,1.0,0.0,0.0,0.0,16.999355,16.018985,2023-08-01
15519,2023-08-02 11:10:00,19400.0,19531.75,1085100,6693800,161.6,21.45,127200,782400,1.0,0.0,0.0,0.0,16.457013,15.807785,2023-08-01
10261,2023-08-02 11:10:00,19450.0,19531.75,594200,4520350,123.85,33.75,89550,611250,1.0,0.0,0.0,0.0,16.138649,15.610549,2023-08-01
5003,2023-08-02 11:10:00,19500.0,19531.75,5571200,9540950,91.25,51.1,620900,1388150,1.0,0.0,0.0,0.0,15.946128,15.46173,2023-08-01
2372,2023-08-02 11:10:00,19550.0,19531.75,5582850,7148250,63.35,73.75,1017950,852700,0.0,-1.0,0.0,0.0,15.599635,15.254147,2023-08-01
7633,2023-08-02 11:10:00,19600.0,19531.75,18610000,9923700,42.4,103.25,1117750,750750,0.0,-1.0,0.0,0.0,15.541492,15.286201,2023-08-01
12890,2023-08-02 11:10:00,19650.0,19531.75,13451750,3579100,27.65,138.0,598000,255100,0.0,-1.0,0.0,0.0,15.703486,15.27434,2023-08-01
18147,2023-08-02 11:10:00,19700.0,19531.75,17162900,3556200,17.8,177.95,746000,218850,0.0,-1.0,0.0,0.0,16.03651,15.441937,2023-08-01
23400,2023-08-02 11:10:00,19750.0,19531.75,9138100,1102700,11.6,221.85,472200,35750,0.0,-1.0,0.0,0.0,16.564743,15.846269,2023-08-01
28653,2023-08-02 11:10:00,19800.0,19531.75,16365650,2088000,7.9,268.35,416500,48050,0.0,-1.0,0.0,0.0,17.327182,16.511044,2023-08-01
26027,2023-08-02 11:11:00,19300.0,19541.6,174200,6809550,254.7,6.6,21950,858950,1.0,0.0,0.0,0.0,16.256911,16.100952,2023-08-01
20774,2023-08-02 11:11:00,19350.0,19541.6,115700,4120750,208.6,10.9,16550,742000,1.0,0.0,0.0,0.0,15.591152,15.6584,2023-08-01
15520,2023-08-02 11:11:00,19400.0,19541.6,1101250,6973200,166.55,18.45,170700,1184300,1.0,0.0,0.0,0.0,15.570285,15.494892,2023-08-01
10262,2023-08-02 11:11:00,19450.0,19541.6,628500,4573700,127.75,29.6,139150,860700,1.0,0.0,0.0,0.0,15.351393,15.28093,2023-08-01
5004,2023-08-02 11:11:00,19500.0,19541.6,5673550,9447400,93.75,45.9,950350,1934850,1.0,0.0,0.0,0.0,15.156147,15.168461,2023-08-01
2373,2023-08-02 11:11:00,19550.0,19541.6,6016450,7204000,64.95,67.45,1637550,1259900,0.0,-1.0,0.0,0.0,14.886329,14.980753,2023-08-01
7634,2023-08-02 11:11:00,19600.0,19541.6,18620450,9791400,43.45,95.85,1962900,1200750,0.0,-1.0,0.0,0.0,14.927614,15.006797,2023-08-01
12891,2023-08-02 11:11:00,19650.0,19541.6,13389700,3410100,28.15,130.2,751000,369300,0.0,-1.0,0.0,0.0,15.123349,15.123573,2023-08-01
18148,2023-08-02 11:11:00,19700.0,19541.6,17310700,3438300,17.95,169.95,935000,315800,0.0,-1.0,0.0,0.0,15.474423,15.463484,2023-08-01
23401,2023-08-02 11:11:00,19750.0,19541.6,9339000,1064600,11.5,214.0,433050,62750,0.0,-1.0,0.0,0.0,15.983991,16.18808,2023-08-01
28654,2023-08-02 11:11:00,19800.0,19541.6,16491550,2105550,7.85,260.4,393150,71600,0.0,-1.0,0.0,0.0,16.813337,17.111007,2023-08-01
26028,2023-08-02 11:12:00,19300.0,19546.9,174200,6809550,256.3,6.65,12800,719700,1.0,0.0,0.0,0.0,13.898714,16.39281,2023-08-01
20775,2023-08-02 11:12:00,19350.0,19546.9,115700,4120750,209.9,10.85,9900,515300,1.0,0.0,0.0,0.0,13.944228,15.930213,2023-08-01
15521,2023-08-02 11:12:00,19400.0,19546.9,1101250,6973200,167.95,18.15,110600,807250,1.0,0.0,0.0,0.0,14.576919,15.734434,2023-08-01
10263,2023-08-02 11:12:00,19450.0,19546.9,628500,4573700,128.85,29.2,89650,592700,1.0,0.0,0.0,0.0,14.605185,15.572088,2023-08-01
5005,2023-08-02 11:12:00,19500.0,19546.9,5673550,9447400,94.75,45.4,661550,1478850,1.0,0.0,0.0,0.0,14.617496,15.532161,2023-08-01
2374,2023-08-02 11:12:00,19550.0,19546.9,6016450,7204000,65.7,66.5,878400,847100,0.0,-1.0,0.0,0.0,14.458684,15.36474,2023-08-01
7635,2023-08-02 11:12:00,19600.0,19546.9,18620450,9791400,43.85,94.8,1117900,784600,0.0,-1.0,0.0,0.0,14.547739,15.527507,2023-08-01
12892,2023-08-02 11:12:00,19650.0,19546.9,13389700,3410100,28.4,129.25,679950,182050,0.0,-1.0,0.0,0.0,14.800722,15.88334,2023-08-01
18149,2023-08-02 11:12:00,19700.0,19546.9,17310700,3438300,17.95,168.45,920950,154800,0.0,-1.0,0.0,0.0,15.143805,16.343751,2023-08-01
23402,2023-08-02 11:12:00,19750.0,19546.9,9339000,1064600,11.45,211.85,404800,30850,0.0,-1.0,0.0,0.0,15.67406,17.144992,2023-08-01
28655,2023-08-02 11:12:00,19800.0,19546.9,16491550,2105550,7.8,258.05,504750,37750,0.0,-1.0,0.0,0.0,16.525675,18.301682,2023-08-01
26029,2023-08-02 11:13:00,19300.0,19554.65,174200,6809550,259.85,6.65,13000,932200,,0.0,,0.0,0.0,16.772221,2023-08-01
20776,2023-08-02 11:13:00,19350.0,19554.65,115700,4120750,213.9,10.45,7950,570850,1.0,0.0,0.0,0.0,11.877989,16.174691,2023-08-01
15522,2023-08-02 11:13:00,19400.0,19554.65,1101250,6973200,170.8,17.35,90950,612950,1.0,0.0,0.0,0.0,13.15725,15.950684,2023-08-01
10264,2023-08-02 11:13:00,19450.0,19554.65,628500,4573700,131.35,28.0,80900,626100,1.0,0.0,0.0,0.0,13.653294,15.815429,2023-08-01
5006,2023-08-02 11:13:00,19500.0,19554.65,5673550,9447400,96.75,43.4,667450,1377950,1.0,0.0,0.0,0.0,13.903789,15.742304,2023-08-01
2375,2023-08-02 11:13:00,19550.0,19554.65,6016450,7204000,67.15,64.0,806750,1047450,1.0,0.0,0.0,0.0,13.881111,15.647703,2023-08-01
7636,2023-08-02 11:13:00,19600.0,19554.65,18620450,9791400,44.85,91.55,1349950,1103000,0.0,-1.0,0.0,0.0,14.06989,15.848529,2023-08-01
12893,2023-08-02 11:13:00,19650.0,19554.65,13389700,3410100,28.7,125.5,546550,232100,0.0,-1.0,0.0,0.0,14.299612,16.311087,2023-08-01
18150,2023-08-02 11:13:00,19700.0,19554.65,17310700,3438300,17.9,164.75,967900,231200,0.0,-1.0,0.0,0.0,14.637838,17.048937,2023-08-01
23403,2023-08-02 11:13:00,19750.0,19554.65,9339000,1064600,11.3,207.75,353900,63750,0.0,-1.0,0.0,0.0,15.184694,18.014341,2023-08-01
28656,2023-08-02 11:13:00,19800.0,19554.65,16491550,2105550,7.6,254.0,492550,54200,0.0,-1.0,0.0,0.0,16.032857,19.487908,2023-08-01
26030,2023-08-02 11:14:00,19300.0,19555.05,167100,6640750,260.05,6.9,13050,688600,,0.0,,0.0,0.0,16.948346,2023-08-01
20777,2023-08-02 11:14:00,19350.0,19555.05,108750,4429750,215.05,10.6,16600,485600,1.0,0.0,0.0,0.0,12.484356,16.26887,2023-08-01
15523,2023-08-02 11:14:00,19400.0,19555.05,1087700,6981100,170.85,17.45,110100,574200,1.0,0.0,0.0,0.0,13.037579,16.01417,2023-08-01
10265,2023-08-02 11:14:00,19450.0,19555.05,598100,4634400,131.9,27.7,75500,387250,1.0,0.0,0.0,0.0,13.729866,15.765677,2023-08-01
5007,2023-08-02 11:14:00,19500.0,19555.05,5460000,9317800,96.75,43.05,547300,938900,1.0,0.0,0.0,0.0,13.844315,15.697228,2023-08-01
2376,2023-08-02 11:14:00,19550.0,19555.05,6270550,7293550,67.2,63.7,888650,913450,1.0,0.0,0.0,0.0,13.848942,15.626818,2023-08-01
7637,2023-08-02 11:14:00,19600.0,19555.05,17984550,9276400,44.65,91.0,1487000,1136950,0.0,-1.0,0.0,0.0,13.99037,15.779754,2023-08-01
12894,2023-08-02 11:14:00,19650.0,19555.05,13356700,3405500,28.25,124.7,641800,239000,0.0,-1.0,0.0,0.0,14.155106,16.18181,2023-08-01
18151,2023-08-02 11:14:00,19700.0,19555.05,17796950,3368200,17.55,164.05,748450,246900,0.0,-1.0,0.0,0.0,14.503419,16.93744,2023-08-01
23404,2023-08-02 11:14:00,19750.0,19555.05,9419950,1112500,10.9,207.3,536500,117250,0.0,-1.0,0.0,0.0,14.99884,17.976657,2023-08-01
28657,2023-08-02 11:14:00,19800.0,19555.05,16463450,2028450,7.3,253.4,507250,46350,0.0,-1.0,0.0,0.0,15.852653,19.387763,2023-08-01
26031,2023-08-02 11:15:00,19300.0,19550.15,167100,6640750,256.3,7.8,13000,586350,,0.0,,0.0,0.0,17.237354,2023-08-01
20778,2023-08-02 11:15:00,19350.0,19550.15,108750,4429750,209.85,11.8,14050,573350,1.0,0.0,0.0,0.0,12.043951,16.535681,2023-08-01
15524,2023-08-02 11:15:00,19400.0,19550.15,1087700,6981100,167.15,19.1,108800,619100,1.0,0.0,0.0,0.0,13.261289,16.268168,2023-08-01
10266,2023-08-02 11:15:00,19450.0,19550.15,598100,4634400,127.75,30.05,78100,446850,1.0,0.0,0.0,0.0,13.617199,16.055737,2023-08-01
5008,2023-08-02 11:15:00,19500.0,19550.15,5460000,9317800,93.75,45.95,563700,1280000,1.0,0.0,0.0,0.0,13.894668,15.965132,2023-08-01
2377,2023-08-02 11:15:00,19550.0,19550.15,6270550,7293550,64.8,66.95,920600,1094600,0.959642,-0.062748,1.01065258,1.26002539,13.89207,15.836418,2023-08-01
7638,2023-08-02 11:15:00,19600.0,19550.15,17984550,9276400,42.6,94.95,1411450,1140450,0.0,-1.0,0.0,0.0,13.970736,16.02915,2023-08-01
12895,2023-08-02 11:15:00,19650.0,19550.15,13356700,3405500,26.85,129.25,1106300,278250,0.0,-1.0,0.0,0.0,14.156047,16.484242,2023-08-01
18152,2023-08-02 11:15:00,19700.0,19550.15,17796950,3368200,16.5,168.7,952200,229100,0.0,-1.0,0.0,0.0,14.472482,17.202279,2023-08-01
23405,2023-08-02 11:15:00,19750.0,19550.15,9419950,1112500,10.25,212.45,493250,43400,0.0,-1.0,0.0,0.0,14.993051,18.367628,2023-08-01
28658,2023-08-02 11:15:00,19800.0,19550.15,16463450,2028450,6.85,258.7,499900,43250,0.0,-1.0,0.0,0.0,15.845423,19.832089,2023-08-01
26032,2023-08-02 11:16:00,19300.0,19544.6,167100,6640750,254.45,8.45,4100,835350,1.0,0.0,0.0,0.0,14.209136,17.322726,2023-08-01
20779,2023-08-02 11:16:00,19350.0,19544.6,108750,4429750,207.55,12.6,4100,670150,1.0,0.0,0.0,0.0,13.824924,16.569707,2023-08-01
15525,2023-08-02 11:16:00,19400.0,19544.6,1087700,6981100,166.5,20.05,63000,833500,1.0,0.0,0.0,0.0,14.757222,16.229589,2023-08-01
10267,2023-08-02 11:16:00,19450.0,19544.6,598100,4634400,127.3,31.05,52900,670950,1.0,0.0,0.0,0.0,14.665388,15.914948,2023-08-01
5009,2023-08-02 11:16:00,19500.0,19544.6,5460000,9317800,93.35,46.95,415700,1481800,1.0,0.0,0.0,0.0,14.647181,15.708997,2023-08-01
2378,2023-08-02 11:16:00,19550.0,19544.6,6270550,7293550,64.2,68.1,593550,1025450,0.0,-1.0,0.0,0.0,14.401871,15.486268,2023-08-01
7639,2023-08-02 11:16:00,19600.0,19544.6,17984550,9276400,42.0,96.2,964600,939200,0.0,-1.0,0.0,0.0,14.33829,15.544279,2023-08-01
12896,2023-08-02 11:16:00,19650.0,19544.6,13356700,3405500,26.3,130.6,846350,228200,0.0,-1.0,0.0,0.0,14.422857,15.825537,2023-08-01
18153,2023-08-02 11:16:00,19700.0,19544.6,17796950,3368200,16.05,170.3,1128450,227800,0.0,-1.0,0.0,0.0,14.671562,16.369593,2023-08-01
23406,2023-08-02 11:16:00,19750.0,19544.6,9419950,1112500,9.95,213.9,775000,33850,0.0,-1.0,0.0,0.0,15.16638,17.198507,2023-08-01
28659,2023-08-02 11:16:00,19800.0,19544.6,16463450,2028450,6.65,260.45,442250,46250,0.0,-1.0,0.0,0.0,16.005465,18.486301,2023-08-01
26033,2023-08-02 11:17:00,19300.0,19544.35,172900,6222300,254.25,8.45,3800,544250,1.0,0.0,0.0,0.0,14.245845,17.31503,2023-08-01
20780,2023-08-02 11:17:00,19350.0,19544.35,114000,4924300,208.0,12.65,5850,616350,1.0,0.0,0.0,0.0,14.187437,16.5811,2023-08-01
15526,2023-08-02 11:17:00,19400.0,19544.35,1073250,7014600,165.6,20.2,32600,524900,1.0,0.0,0.0,0.0,14.519753,16.266462,2023-08-01
10268,2023-08-02 11:17:00,19450.0,19544.35,590300,4902450,126.8,31.3,56800,508750,1.0,0.0,0.0,0.0,14.583462,15.967209,2023-08-01
5010,2023-08-02 11:17:00,19500.0,19544.35,5479200,9733350,92.6,47.15,298650,761150,1.0,0.0,0.0,0.0,14.510899,15.737868,2023-08-01
2379,2023-08-02 11:17:00,19550.0,19544.35,6370000,7327550,63.5,68.25,457700,629350,0.0,-1.0,0.0,0.0,14.276803,15.496271,2023-08-01
7640,2023-08-02 11:17:00,19600.0,19544.35,17896900,8996350,41.45,96.55,489950,437950,0.0,-1.0,0.0,0.0,14.235094,15.59473,2023-08-01
12897,2023-08-02 11:17:00,19650.0,19544.35,13633400,3425450,25.8,130.7,461950,124200,0.0,-1.0,0.0,0.0,14.309091,15.80889,2023-08-01
18154,2023-08-02 11:17:00,19700.0,19544.35,17659650,3409700,15.8,170.7,641150,99600,0.0,-1.0,0.0,0.0,14.606077,16.436996,2023-08-01
23407,2023-08-02 11:17:00,19750.0,19544.35,9425200,1113600,9.65,214.25,524500,18950,0.0,-1.0,0.0,0.0,15.04888,17.255375,2023-08-01
28660,2023-08-02 11:17:00,19800.0,19544.35,16319900,2038200,6.5,260.85,430000,20100,0.0,-1.0,0.0,0.0,15.933144,18.573132,2023-08-01
26034,2023-08-02 11:18:00,19300.0,19544.35,172900,6222300,256.9,8.15,3050,468050,1.0,0.0,0.0,0.0,16.106732,17.15701,2023-08-01
20781,2023-08-02 11:18:00,19350.0,19544.35,114000,4924300,211.2,12.2,1400,543500,1.0,0.0,0.0,0.0,15.717219,16.398041,2023-08-01
15527,2023-08-02 11:18:00,19400.0,19544.35,1073250,7014600,168.0,19.45,40850,550400,1.0,0.0,0.0,0.0,15.351253,16.027978,2023-08-01
10269,2023-08-02 11:18:00,19450.0,19544.35,590300,4902450,128.85,30.15,44200,620150,1.0,0.0,0.0,0.0,15.148756,15.664151,2023-08-01
5011,2023-08-02 11:18:00,19500.0,19544.35,5479200,9733350,94.4,45.8,369650,1035750,1.0,0.0,0.0,0.0,14.943255,15.423181,2023-08-01
2380,2023-08-02 11:18:00,19550.0,19544.35,6370000,7327550,64.85,66.45,463650,944500,0.0,-1.0,0.0,0.0,14.586613,15.093533,2023-08-01
7641,2023-08-02 11:18:00,19600.0,19544.35,17896900,8996350,42.35,94.3,606100,576600,0.0,-1.0,0.0,0.0,14.452805,15.06904,2023-08-01
12898,2023-08-02 11:18:00,19650.0,19544.35,13633400,3425450,26.4,128.3,482900,192650,0.0,-1.0,0.0,0.0,14.477609,15.173786,2023-08-01
18155,2023-08-02 11:18:00,19700.0,19544.35,17659650,3409700,16.1,167.8,570850,143400,0.0,-1.0,0.0,0.0,14.713284,15.511713,2023-08-01
23408,2023-08-02 11:18:00,19750.0,19544.35,9425200,1113600,9.9,211.25,501500,26100,0.0,-1.0,0.0,0.0,15.166773,16.058362,2023-08-01
28661,2023-08-02 11:18:00,19800.0,19544.35,16319900,2038200,6.6,258.15,335050,16400,0.0,-1.0,0.0,0.0,15.997789,17.257167,2023-08-01
26035,2023-08-02 11:19:00,19300.0,19547.85,172900,6222300,260.65,7.75,3850,252300,1.0,0.0,0.0,0.0,16.4361,17.114446,2023-08-01
20782,2023-08-02 11:19:00,19350.0,19547.85,114000,4924300,214.2,11.65,1500,286550,1.0,0.0,0.0,0.0,15.688136,16.362908,2023-08-01
15528,2023-08-02 11:19:00,19400.0,19547.85,1073250,7014600,170.85,18.5,43900,425500,1.0,0.0,0.0,0.0,15.353981,15.941917,2023-08-01
10270,2023-08-02 11:19:00,19450.0,19547.85,590300,4902450,131.15,28.85,49400,392000,1.0,0.0,0.0,0.0,15.083057,15.577574,2023-08-01
5012,2023-08-02 11:19:00,19500.0,19547.85,5479200,9733350,95.95,43.75,293200,731850,1.0,0.0,0.0,0.0,14.795239,15.254171,2023-08-01
2381,2023-08-02 11:19:00,19550.0,19547.85,6370000,7327550,66.05,64.0,402350,589250,0.0,-1.0,0.0,0.0,14.460981,14.933398,2023-08-01
7642,2023-08-02 11:19:00,19600.0,19547.85,17896900,8996350,43.2,91.25,439100,452850,0.0,-1.0,0.0,0.0,14.340385,14.85859,2023-08-01
12899,2023-08-02 11:19:00,19650.0,19547.85,13633400,3425450,27.0,125.3,366850,130850,0.0,-1.0,0.0,0.0,14.385812,15.047437,2023-08-01
18156,2023-08-02 11:19:00,19700.0,19547.85,17659650,3409700,16.35,164.45,414750,113250,0.0,-1.0,0.0,0.0,14.584403,15.340349,2023-08-01
23409,2023-08-02 11:19:00,19750.0,19547.85,9425200,1113600,9.9,207.6,425700,20600,0.0,-1.0,0.0,0.0,14.981767,15.803294,2023-08-01
28662,2023-08-02 11:19:00,19800.0,19547.85,16319900,2038200,6.65,254.55,240850,18800,0.0,-1.0,0.0,0.0,15.861124,17.029366,2023-08-01
26036,2023-08-02 11:20:00,19300.0,19547.7,173200,6301150,259.55,7.75,5550,323900,1.0,0.0,0.0,0.0,15.835435,17.111864,2023-08-01
20783,2023-08-02 11:20:00,19350.0,19547.7,114100,5132500,212.55,11.6,5600,296450,1.0,0.0,0.0,0.0,14.980289,16.33771,2023-08-01
15529,2023-08-02 11:20:00,19400.0,19547.7,1075700,7057600,169.9,18.35,47500,463250,1.0,0.0,0.0,0.0,15.073808,15.886937,2023-08-01
10271,2023-08-02 11:20:00,19450.0,19547.7,607850,5012000,130.2,28.85,36250,385350,1.0,0.0,0.0,0.0,14.856339,15.570827,2023-08-01
5013,2023-08-02 11:20:00,19500.0,19547.7,5583450,10070800,95.4,43.9,282100,808600,1.0,0.0,0.0,0.0,14.691256,15.280768,2023-08-01
2382,2023-08-02 11:20:00,19550.0,19547.7,6406600,7492100,65.5,64.1,406800,552450,0.0,-1.0,0.0,0.0,14.358623,14.943447,2023-08-01
7643,2023-08-02 11:20:00,19600.0,19547.7,18067600,9046450,42.8,91.8,578700,474550,0.0,-1.0,0.0,0.0,14.264452,14.970161,2023-08-01
12900,2023-08-02 11:20:00,19650.0,19547.7,13683150,3466650,26.8,125.6,568450,124000,0.0,-1.0,0.0,0.0,14.347465,15.102397,2023-08-01
18157,2023-08-02 11:20:00,19700.0,19547.7,17542150,3411150,16.3,165.05,681450,135650,0.0,-1.0,0.0,0.0,14.58146,15.499093,2023-08-01
23410,2023-08-02 11:20:00,19750.0,19547.7,9529400,1104700,10.0,209.1,460500,21800,0.0,-1.0,0.0,0.0,15.039227,16.367188,2023-08-01
28663,2023-08-02 11:20:00,19800.0,19547.7,16273300,2030600,6.7,256.0,262750,26000,0.0,-1.0,0.0,0.0,15.902782,17.694467,2023-08-01
26037,2023-08-02 11:21:00,19300.0,19553.35,173200,6301150,262.0,7.2,5850,447500,1.0,0.0,0.0,0.0,13.522772,17.07832,2023-08-01
20784,2023-08-02 11:21:00,19350.0,19553.35,114100,5132500,214.9,10.85,3600,451250,1.0,0.0,0.0,0.0,13.48255,16.321825,2023-08-01
15530,2023-08-02 11:21:00,19400.0,19553.35,1075700,7057600,171.9,17.35,83200,679200,1.0,0.0,0.0,0.0,14.085013,15.906087,2023-08-01
10272,2023-08-02 11:21:00,19450.0,19553.35,607850,5012000,131.6,27.4,89250,634800,1.0,0.0,0.0,0.0,14.057819,15.590005,2023-08-01
5014,2023-08-02 11:21:00,19500.0,19553.35,5583450,10070800,96.5,42.05,665750,1389450,1.0,0.0,0.0,0.0,14.087587,15.338698,2023-08-01
2383,2023-08-02 11:21:00,19550.0,19553.35,6406600,7492100,66.3,62.0,779050,1027150,1.0,0.0,0.0,0.0,13.880463,15.088585,2023-08-01
7644,2023-08-02 11:21:00,19600.0,19553.35,18067600,9046450,43.25,89.45,1005750,889000,0.0,-1.0,0.0,0.0,13.854003,15.217086,2023-08-01
12901,2023-08-02 11:21:00,19650.0,19553.35,13683150,3466650,27.05,122.8,516000,254100,0.0,-1.0,0.0,0.0,13.996368,15.419893,2023-08-01
18158,2023-08-02 11:21:00,19700.0,19553.35,17542150,3411150,16.5,162.65,728400,247300,0.0,-1.0,0.0,0.0,14.297866,16.151228,2023-08-01
23411,2023-08-02 11:21:00,19750.0,19553.35,9529400,1104700,10.1,205.65,496950,43200,0.0,-1.0,0.0,0.0,14.779831,16.895685,2023-08-01
28664,2023-08-02 11:21:00,19800.0,19553.35,16273300,2030600,6.75,252.45,346600,49150,0.0,-1.0,0.0,0.0,15.658952,18.376536,2023-08-01
26038,2023-08-02 11:22:00,19300.0,19552.5,173200,6301150,264.6,7.2,2650,304500,1.0,0.0,0.0,0.0,16.240385,17.041529,2023-08-01
20785,2023-08-02 11:22:00,19350.0,19552.5,114100,5132500,217.8,10.75,8850,715350,1.0,0.0,0.0,0.0,15.462862,16.235472,2023-08-01
15531,2023-08-02 11:22:00,19400.0,19552.5,1075700,7057600,174.3,16.9,70450,378800,1.0,0.0,0.0,0.0,15.237731,15.703008,2023-08-01
10273,2023-08-02 11:22:00,19450.0,19552.5,607850,5012000,133.05,26.5,60850,281000,1.0,0.0,0.0,0.0,14.66415,15.282337,2023-08-01
5015,2023-08-02 11:22:00,19500.0,19552.5,5583450,10070800,97.75,41.0,320450,642500,1.0,0.0,0.0,0.0,14.52971,15.015885,2023-08-01
2384,2023-08-02 11:22:00,19550.0,19552.5,6406600,7492100,67.15,60.55,419500,488650,1.0,0.0,0.0,0.0,14.178869,14.672343,2023-08-01
7645,2023-08-02 11:22:00,19600.0,19552.5,18067600,9046450,43.95,87.45,531150,450250,0.0,-1.0,0.0,0.0,14.101304,14.637253,2023-08-01
12902,2023-08-02 11:22:00,19650.0,19552.5,13683150,3466650,27.45,120.8,292450,111300,0.0,-1.0,0.0,0.0,14.171689,14.74445,2023-08-01
18159,2023-08-02 11:22:00,19700.0,19552.5,17542150,3411150,16.85,160.0,369900,109400,0.0,-1.0,0.0,0.0,14.472278,15.115945,2023-08-01
23412,2023-08-02 11:22:00,19750.0,19552.5,9529400,1104700,10.25,202.6,298900,24050,0.0,-1.0,0.0,0.0,14.896735,15.406608,2023-08-01
28665,2023-08-02 11:22:00,19800.0,19552.5,16273300,2030600,6.85,250.6,242450,21950,0.0,-1.0,0.0,0.0,15.763513,17.154904,2023-08-01
26039,2023-08-02 11:23:00,19300.0,19551.65,170550,6299950,262.85,6.95,3250,593650,1.0,0.0,0.0,0.0,15.599816,16.85628,2023-08-01
20786,2023-08-02 11:23:00,19350.0,19551.65,112300,4476400,216.0,10.6,3250,849800,1.0,0.0,0.0,0.0,14.956741,16.126483,2023-08-01
15532,2023-08-02 11:23:00,19400.0,19551.65,1032400,7008500,172.35,16.6,39150,663550,1.0,0.0,0.0,0.0,14.797446,15.551101,2023-08-01
10274,2023-08-02 11:23:00,19450.0,19551.65,600550,5170900,131.6,26.05,46300,1252250,1.0,0.0,0.0,0.0,14.438189,15.099563,2023-08-01
5016,2023-08-02 11:23:00,19500.0,19551.65,5632850,10188750,96.5,40.75,267350,970800,1.0,0.0,0.0,0.0,14.364387,14.8858,2023-08-01
2385,2023-08-02 11:23:00,19550.0,19551.65,6480950,7573100,66.4,60.8,322300,575600,1.0,0.0,0.0,0.0,14.114245,14.640894,2023-08-01
7646,2023-08-02 11:23:00,19600.0,19551.65,18258050,9102300,43.4,88.0,453500,388150,0.0,-1.0,0.0,0.0,14.055922,14.650497,2023-08-01
12903,2023-08-02 11:23:00,19650.0,19551.65,13823100,3474250,27.15,121.7,254400,110050,0.0,-1.0,0.0,0.0,14.15992,14.826299,2023-08-01
18160,2023-08-02 11:23:00,19700.0,19551.65,17397600,3395700,16.7,160.9,393500,86600,0.0,-1.0,0.0,0.0,14.480793,15.190497,2023-08-01
23413,2023-08-02 11:23:00,19750.0,19551.65,9566950,1095050,10.15,205.0,297450,19050,0.0,-1.0,0.0,0.0,14.904067,16.092105,2023-08-01
28666,2023-08-02 11:23:00,19800.0,19551.65,16280100,2011250,6.85,251.7,151150,26700,0.0,-1.0,0.0,0.0,15.810359,17.326546,2023-08-01
26040,2023-08-02 11:24:00,19300.0,19551.75,170550,6299950,263.0,6.95,6200,288000,1.0,0.0,0.0,0.0,15.646609,16.865977,2023-08-01
20787,2023-08-02 11:24:00,19350.0,19551.75,112300,4476400,217.0,10.5,2700,318800,1.0,0.0,0.0,0.0,15.411523,16.091272,2023-08-01
15533,2023-08-02 11:24:00,19400.0,19551.75,1032400,7008500,171.6,16.6,50700,413500,1.0,0.0,0.0,0.0,14.497433,15.561645,2023-08-01
10275,2023-08-02 11:24:00,19450.0,19551.75,600550,5170900,131.5,26.25,56600,403450,1.0,0.0,0.0,0.0,14.393207,15.166905,2023-08-01
5017,2023-08-02 11:24:00,19500.0,19551.75,5632850,10188750,96.45,40.75,426150,921500,1.0,0.0,0.0,0.0,14.3415,14.898591,2023-08-01
2386,2023-08-02 11:24:00,19550.0,19551.75,6480950,7573100,66.25,60.95,417100,657700,1.0,0.0,0.0,0.0,14.073028,14.689684,2023-08-01
7647,2023-08-02 11:24:00,19600.0,19551.75,18258050,9102300,43.3,88.35,661950,496850,0.0,-1.0,0.0,0.0,14.027715,14.75016,2023-08-01
12904,2023-08-02 11:24:00,19650.0,19551.75,13823100,3474250,27.15,122.3,347100,149600,0.0,-1.0,0.0,0.0,14.156879,15.006796,2023-08-01
18161,2023-08-02 11:24:00,19700.0,19551.75,17397600,3395700,16.7,162.0,499850,173250,0.0,-1.0,0.0,0.0,14.478999,15.569674,2023-08-01
23414,2023-08-02 11:24:00,19750.0,19551.75,9566950,1095050,10.25,205.25,284300,33900,0.0,-1.0,0.0,0.0,14.94713,16.229215,2023-08-01
28667,2023-08-02 11:24:00,19800.0,19551.75,16280100,2011250,6.85,251.6,192100,40650,0.0,-1.0,0.0,0.0,15.81029,17.324791,2023-08-01
26041,2023-08-02 11:25:00,19300.0,19554.45,170550,6299950,264.0,7.1,11650,329000,1.0,0.0,0.0,0.0,14.454518,17.092379,2023-08-01
20788,2023-08-02 11:25:00,19350.0,19554.45,112300,4476400,216.95,10.8,1250,337550,1.0,0.0,0.0,0.0,14.122184,16.377625,2023-08-01
15534,2023-08-02 11:25:00,19400.0,19554.45,1032400,7008500,173.55,16.9,52050,411900,1.0,0.0,0.0,0.0,14.381135,15.836644,2023-08-01
10276,2023-08-02 11:25:00,19450.0,19554.45,600550,5170900,133.1,26.3,91200,334350,1.0,0.0,0.0,0.0,14.270739,15.379536,2023-08-01
5018,2023-08-02 11:25:00,19500.0,19554.45,5632850,10188750,97.7,40.9,472050,727550,1.0,0.0,0.0,0.0,14.224759,15.173167,2023-08-01
2387,2023-08-02 11:25:00,19550.0,19554.45,6480950,7573100,67.35,60.85,575100,546450,1.0,0.0,0.0,0.0,14.005229,14.962232,2023-08-01
7648,2023-08-02 11:25:00,19600.0,19554.45,18258050,9102300,44.1,88.05,673750,528650,0.0,-1.0,0.0,0.0,13.967771,15.058897,2023-08-01
12905,2023-08-02 11:25:00,19650.0,19554.45,13823100,3474250,27.7,121.75,359450,105300,0.0,-1.0,0.0,0.0,14.104152,15.362523,2023-08-01
18162,2023-08-02 11:25:00,19700.0,19554.45,17397600,3395700,17.2,161.0,467400,158000,0.0,-1.0,0.0,0.0,14.47724,15.924546,2023-08-01
23415,2023-08-02 11:25:00,19750.0,19554.45,9566950,1095050,10.5,203.9,285150,26800,0.0,-1.0,0.0,0.0,14.911905,16.60036,2023-08-01
28668,2023-08-02 11:25:00,19800.0,19554.45,16280100,2011250,7.0,250.6,430100,32500,0.0,-1.0,0.0,0.0,15.767379,17.993059,2023-08-01
26042,2023-08-02 11:26:00,19300.0,19546.8,169700,6257050,258.6,8.2,6100,391900,1.0,0.0,0.0,0.0,15.801448,17.34697,2023-08-01
20789,2023-08-02 11:26:00,19350.0,19546.8,111300,4477200,212.65,12.25,2900,474650,1.0,0.0,0.0,0.0,15.444429,16.593244,2023-08-01
15535,2023-08-02 11:26:00,19400.0,19546.8,1029400,6913150,167.85,19.05,72700,596050,1.0,0.0,0.0,0.0,14.64656,16.089246,2023-08-01
10277,2023-08-02 11:26:00,19450.0,19546.8,589550,5064750,128.1,29.45,67600,552650,1.0,0.0,0.0,0.0,14.487869,15.693205,2023-08-01
5019,2023-08-02 11:26:00,19500.0,19546.8,5729650,10136100,93.6,44.8,534700,1377200,1.0,0.0,0.0,0.0,14.425533,15.440118,2023-08-01
2388,2023-08-02 11:26:00,19550.0,19546.8,6488100,7682750,63.95,65.75,623050,1221700,0.0,-1.0,0.0,0.0,14.1396,15.241561,2023-08-01
7649,2023-08-02 11:26:00,19600.0,19546.8,18293150,9163800,41.9,93.7,921350,907700,0.0,-1.0,0.0,0.0,14.16118,15.311793,2023-08-01
12906,2023-08-02 11:26:00,19650.0,19546.8,13708450,3469500,26.4,128.25,656250,250750,0.0,-1.0,0.0,0.0,14.332922,15.657537,2023-08-01
18163,2023-08-02 11:26:00,19700.0,19546.8,17386750,3408100,16.4,168.0,630200,217550,0.0,-1.0,0.0,0.0,14.699041,16.232786,2023-08-01
23416,2023-08-02 11:26:00,19750.0,19546.8,9680050,1086150,10.15,211.4,309250,27500,0.0,-1.0,0.0,0.0,15.183149,16.992962,2023-08-01
28669,2023-08-02 11:26:00,19800.0,19546.8,16285600,1982250,6.9,258.6,197200,42200,0.0,-1.0,0.0,0.0,16.093523,18.569466,2023-08-01
26043,2023-08-02 11:27:00,19300.0,19548.15,169700,6257050,259.55,8.0,8100,273100,1.0,0.0,0.0,0.0,15.603414,17.308951,2023-08-01
20790,2023-08-02 11:27:00,19350.0,19548.15,111300,4477200,213.35,12.0,3750,421050,1.0,0.0,0.0,0.0,15.215603,16.56699,2023-08-01
15536,2023-08-02 11:27:00,19400.0,19548.15,1029400,6913150,169.55,18.7,28500,352900,1.0,0.0,0.0,0.0,14.858684,16.063502,2023-08-01
10278,2023-08-02 11:27:00,19450.0,19548.15,589550,5064750,129.95,28.75,35500,388650,1.0,0.0,0.0,0.0,14.730252,15.60724,2023-08-01
5020,2023-08-02 11:27:00,19500.0,19548.15,5729650,10136100,95.0,44.05,300900,860250,1.0,0.0,0.0,0.0,14.561348,15.386087,2023-08-01
2389,2023-08-02 11:27:00,19550.0,19548.15,6488100,7682750,65.25,64.3,340600,711900,0.0,-1.0,0.0,0.0,14.282525,15.06674,2023-08-01
7650,2023-08-02 11:27:00,19600.0,19548.15,18293150,9163800,42.55,92.15,519050,458400,0.0,-1.0,0.0,0.0,14.19628,15.143917,2023-08-01
12907,2023-08-02 11:27:00,19650.0,19548.15,13708450,3469500,26.85,126.5,652800,118050,0.0,-1.0,0.0,0.0,14.359201,15.452443,2023-08-01
18164,2023-08-02 11:27:00,19700.0,19548.15,17386750,3408100,16.4,165.95,803500,155050,0.0,-1.0,0.0,0.0,14.618943,15.927137,2023-08-01
23417,2023-08-02 11:27:00,19750.0,19548.15,9680050,1086150,10.05,208.9,250950,14600,0.0,-1.0,0.0,0.0,15.069659,16.466457,2023-08-01
28670,2023-08-02 11:27:00,19800.0,19548.15,16285600,1982250,6.85,256.2,302500,26600,0.0,-1.0,0.0,0.0,16.002758,18.010049,2023-08-01
26044,2023-08-02 11:28:00,19300.0,19546.0,169700,6257050,257.8,8.15,2250,202050,1.0,0.0,0.0,0.0,15.777336,17.289119,2023-08-01
20791,2023-08-02 11:28:00,19350.0,19546.0,111300,4477200,211.1,12.15,4800,257250,1.0,0.0,0.0,0.0,15.059864,16.515717,2023-08-01
15537,2023-08-02 11:28:00,19400.0,19546.0,1029400,6913150,168.0,18.95,27500,319250,1.0,0.0,0.0,0.0,14.943587,16.014359,2023-08-01
10279,2023-08-02 11:28:00,19450.0,19546.0,589550,5064750,128.5,29.1,40000,259300,1.0,0.0,0.0,0.0,14.773749,15.547439,2023-08-01
5021,2023-08-02 11:28:00,19500.0,19546.0,5729650,10136100,93.9,44.3,299150,700000,1.0,0.0,0.0,0.0,14.627847,15.25778,2023-08-01
2390,2023-08-02 11:28:00,19550.0,19546.0,6488100,7682750,64.2,64.8,327450,494250,0.0,-1.0,0.0,0.0,14.297753,14.945148,2023-08-01
7651,2023-08-02 11:28:00,19600.0,19546.0,18293150,9163800,41.9,92.85,533050,382550,0.0,-1.0,0.0,0.0,14.242908,15.004702,2023-08-01
12908,2023-08-02 11:28:00,19650.0,19546.0,13708450,3469500,26.3,127.15,276250,102950,0.0,-1.0,0.0,0.0,14.374006,15.221306,2023-08-01
18165,2023-08-02 11:28:00,19700.0,19546.0,17386750,3408100,16.1,166.85,498650,110350,0.0,-1.0,0.0,0.0,14.656355,15.670191,2023-08-01
23418,2023-08-02 11:28:00,19750.0,19546.0,9680050,1086150,9.85,210.95,202850,16100,0.0,-1.0,0.0,0.0,15.10166,16.55317,2023-08-01
28671,2023-08-02 11:28:00,19800.0,19546.0,16285600,1982250,6.65,257.5,276600,27300,0.0,-1.0,0.0,0.0,15.995967,17.713718,2023-08-01
26045,2023-08-02 11:29:00,19300.0,19537.95,176900,6275150,248.9,9.4,11900,500750,1.0,0.0,0.0,0.0,14.828209,17.544841,2023-08-01
20792,2023-08-02 11:29:00,19350.0,19537.95,111650,4469450,203.9,13.9,11100,607400,1.0,0.0,0.0,0.0,15.031534,16.780462,2023-08-01
15538,2023-08-02 11:29:00,19400.0,19537.95,1022500,6877300,160.3,21.35,126200,702850,1.0,0.0,0.0,0.0,14.570333,16.27099,2023-08-01
10280,2023-08-02 11:29:00,19450.0,19537.95,581000,5160950,121.5,32.65,88550,653900,1.0,0.0,0.0,0.0,14.471565,15.889307,2023-08-01
5022,2023-08-02 11:29:00,19500.0,19537.95,5884850,10195600,87.95,49.0,770750,1639350,1.0,0.0,0.0,0.0,14.404418,15.636579,2023-08-01
2391,2023-08-02 11:29:00,19550.0,19537.95,6565250,7667350,59.55,70.8,1169200,1137450,0.0,-1.0,0.0,0.0,14.155337,15.392682,2023-08-01
7652,2023-08-02 11:29:00,19600.0,19537.95,18483000,9128650,38.75,100.0,1873650,1025600,0.0,-1.0,0.0,0.0,14.211723,15.523761,2023-08-01
12909,2023-08-02 11:29:00,19650.0,19537.95,13442650,3433550,24.15,135.5,1006450,312200,0.0,-1.0,0.0,0.0,14.369033,15.910831,2023-08-01
18166,2023-08-02 11:29:00,19700.0,19537.95,17633850,3387150,14.8,176.05,1097950,285850,0.0,-1.0,0.0,0.0,14.704236,16.565971,2023-08-01
23419,2023-08-02 11:29:00,19750.0,19537.95,9734350,1091850,9.25,220.1,381750,49850,0.0,-1.0,0.0,0.0,15.263078,17.457979,2023-08-01
28672,2023-08-02 11:29:00,19800.0,19537.95,16275850,1971900,6.45,267.0,369900,69350,0.0,-1.0,0.0,0.0,16.273727,18.845333,2023-08-01
26046,2023-08-02 11:30:00,19300.0,19538.2,176900,6275150,249.0,9.15,10050,445750,1.0,0.0,0.0,0.0,14.740404,17.434571,2023-08-01
20793,2023-08-02 11:30:00,19350.0,19538.2,111650,4469450,204.7,13.75,8350,437350,1.0,0.0,0.0,0.0,15.298413,16.739988,2023-08-01
15539,2023-08-02 11:30:00,19400.0,19538.2,1022500,6877300,160.6,20.95,154400,729600,1.0,0.0,0.0,0.0,14.608378,16.165719,2023-08-01
10281,2023-08-02 11:30:00,19450.0,19538.2,581000,5160950,121.75,32.2,92700,668100,1.0,0.0,0.0,0.0,14.495281,15.794592,2023-08-01
5023,2023-08-02 11:30:00,19500.0,19538.2,5884850,10195600,88.4,48.5,625350,1591900,1.0,0.0,0.0,0.0,14.479424,15.546752,2023-08-01
2392,2023-08-02 11:30:00,19550.0,19538.2,6565250,7667350,59.9,70.25,1110250,1092800,0.0,-1.0,0.0,0.0,14.211772,15.301003,2023-08-01
7653,2023-08-02 11:30:00,19600.0,19538.2,18483000,9128650,38.75,99.5,1318750,944500,0.0,-1.0,0.0,0.0,14.194374,15.445746,2023-08-01
12910,2023-08-02 11:30:00,19650.0,19538.2,13442650,3433550,24.15,134.5,740100,259900,0.0,-1.0,0.0,0.0,14.355613,15.692541,2023-08-01
18167,2023-08-02 11:30:00,19700.0,19538.2,17633850,3387150,14.85,175.55,732900,256250,0.0,-1.0,0.0,0.0,14.711411,16.472732,2023-08-01
23420,2023-08-02 11:30:00,19750.0,19538.2,9734350,1091850,9.25,219.55,371350,42850,0.0,-1.0,0.0,0.0,15.254465,17.328168,2023-08-01
28673,2023-08-02 11:30:00,19800.0,19538.2,16275850,1971900,6.3,267.0,322400,64000,0.0,-1.0,0.0,0.0,16.17435,18.954102,2023-08-01
26047,2023-08-02 11:31:00,19300.0,19527.9,176900,6275150,245.55,9.2,11500,424350,1.0,0.0,0.0,0.0,18.031657,16.931434,2023-08-01
20794,2023-08-02 11:31:00,19350.0,19527.9,111650,4469450,200.0,13.85,9150,401550,1.0,0.0,0.0,0.0,16.975489,16.188324,2023-08-01
15540,2023-08-02 11:31:00,19400.0,19527.9,1022500,6877300,157.95,21.4,100000,752550,1.0,0.0,0.0,0.0,16.376503,15.62892,2023-08-01
10282,2023-08-02 11:31:00,19450.0,19527.9,581000,5160950,119.2,32.85,124050,737300,1.0,0.0,0.0,0.0,15.740761,15.165246,2023-08-01
5024,2023-08-02 11:31:00,19500.0,19527.9,5884850,10195600,85.55,49.25,1000100,1844850,1.0,0.0,0.0,0.0,15.254638,14.750338,2023-08-01
2393,2023-08-02 11:31:00,19550.0,19527.9,6565250,7667350,57.55,71.4,1177750,1267000,0.0,-1.0,0.0,0.0,14.795082,14.337493,2023-08-01
7654,2023-08-02 11:31:00,19600.0,19527.9,18483000,9128650,37.15,101.0,1574050,1007800,0.0,-1.0,0.0,0.0,14.696512,14.205348,2023-08-01
12911,2023-08-02 11:31:00,19650.0,19527.9,13442650,3433550,22.9,136.85,1049350,340250,0.0,-1.0,0.0,0.0,14.73212,14.180688,2023-08-01
18168,2023-08-02 11:31:00,19700.0,19527.9,17633850,3387150,14.1,178.15,1320700,263700,0.0,-1.0,0.0,0.0,15.065596,14.399758,2023-08-01
23421,2023-08-02 11:31:00,19750.0,19527.9,9734350,1091850,8.85,223.25,658150,60000,0.0,-1.0,0.0,0.0,15.61309,14.904849,2023-08-01
28674,2023-08-02 11:31:00,19800.0,19527.9,16275850,1971900,6.1,270.5,420100,100500,0.0,-1.0,0.0,0.0,16.550219,15.611784,2023-08-01
26048,2023-08-02 11:32:00,19300.0,19527.1,180700,6302150,244.0,9.1,12500,422100,1.0,0.0,0.0,0.0,17.64584,16.844026,2023-08-01
20795,2023-08-02 11:32:00,19350.0,19527.1,119600,4447650,198.25,13.75,5900,499000,1.0,0.0,0.0,0.0,16.577796,16.10735,2023-08-01
15541,2023-08-02 11:32:00,19400.0,19527.1,1042150,6884550,156.3,21.4,65700,720950,1.0,0.0,0.0,0.0,16.07122,15.5798,2023-08-01
10283,2023-08-02 11:32:00,19450.0,19527.1,626250,5253950,117.8,33.05,64550,470350,1.0,0.0,0.0,0.0,15.52843,15.157791,2023-08-01
5025,2023-08-02 11:32:00,19500.0,19527.1,6009500,10250250,84.35,49.9,534300,1144000,1.0,0.0,0.0,0.0,15.089183,14.827974,2023-08-01
2394,2023-08-02 11:32:00,19550.0,19527.1,6981800,7572400,56.8,72.45,847600,845750,0.0,-1.0,0.0,0.0,14.713044,14.482548,2023-08-01
7655,2023-08-02 11:32:00,19600.0,19527.1,18218800,8888950,36.65,102.2,895550,696250,0.0,-1.0,0.0,0.0,14.645583,14.375178,2023-08-01
12912,2023-08-02 11:32:00,19650.0,19527.1,13480450,3322300,22.7,138.45,709850,161500,0.0,-1.0,0.0,0.0,14.734266,14.476341,2023-08-01
18169,2023-08-02 11:32:00,19700.0,19527.1,17182250,3324450,13.9,179.45,820400,197450,0.0,-1.0,0.0,0.0,15.04373,14.642476,2023-08-01
23422,2023-08-02 11:32:00,19750.0,19527.1,9635750,1080750,8.75,224.0,331700,23700,0.0,-1.0,0.0,0.0,15.61078,14.921879,2023-08-01
28675,2023-08-02 11:32:00,19800.0,19527.1,16215550,1950000,6.0,271.4,495600,42550,0.0,-1.0,0.0,0.0,16.529245,15.723511,2023-08-01
26049,2023-08-02 11:33:00,19300.0,19528.65,180700,6302150,245.35,9.15,7500,426950,1.0,0.0,0.0,0.0,17.640287,16.954827,2023-08-01
20796,2023-08-02 11:33:00,19350.0,19528.65,119600,4447650,197.2,13.8,8150,442100,1.0,0.0,0.0,0.0,15.654035,16.221643,2023-08-01
15542,2023-08-02 11:33:00,19400.0,19528.65,1042150,6884550,156.6,21.35,80750,583800,1.0,0.0,0.0,0.0,15.79943,15.672393,2023-08-01
10284,2023-08-02 11:33:00,19450.0,19528.65,626250,5253950,118.4,32.85,73000,585600,1.0,0.0,0.0,0.0,15.412616,15.232934,2023-08-01
5026,2023-08-02 11:33:00,19500.0,19528.65,6009500,10250250,85.35,49.65,656500,1291650,1.0,0.0,0.0,0.0,15.116627,14.92379,2023-08-01
2395,2023-08-02 11:33:00,19550.0,19528.65,6981800,7572400,57.25,71.8,672200,902900,0.0,-1.0,0.0,0.0,14.656868,14.52835,2023-08-01
7656,2023-08-02 11:33:00,19600.0,19528.65,18218800,8888950,37.1,101.85,949200,751750,0.0,-1.0,0.0,0.0,14.629967,14.544472,2023-08-01
12913,2023-08-02 11:33:00,19650.0,19528.65,13480450,3322300,23.0,137.4,715700,240450,0.0,-1.0,0.0,0.0,14.71799,14.519126,2023-08-01
18170,2023-08-02 11:33:00,19700.0,19528.65,17182250,3324450,14.25,178.65,708800,242250,0.0,-1.0,0.0,0.0,15.08554,14.838276,2023-08-01
23423,2023-08-02 11:33:00,19750.0,19528.65,9635750,1080750,8.9,223.3,356100,45550,0.0,-1.0,0.0,0.0,15.607751,15.285028,2023-08-01
28676,2023-08-02 11:33:00,19800.0,19528.65,16215550,1950000,6.25,271.15,403650,39200,0.0,-1.0,0.0,0.0,16.619915,16.534958,2023-08-01
26050,2023-08-02 11:34:00,19300.0,19528.35,180700,6302150,245.0,9.25,3550,273950,1.0,0.0,0.0,0.0,17.60723,16.994728,2023-08-01
20797,2023-08-02 11:34:00,19350.0,19528.35,119600,4447650,199.45,13.9,8450,387700,1.0,0.0,0.0,0.0,16.644869,16.247874,2023-08-01
15543,2023-08-02 11:34:00,19400.0,19528.35,1042150,6884550,157.4,21.6,58750,550700,1.0,0.0,0.0,0.0,16.12173,15.734071,2023-08-01
10285,2023-08-02 11:34:00,19450.0,19528.35,626250,5253950,118.65,33.2,71900,446200,1.0,0.0,0.0,0.0,15.535846,15.304002,2023-08-01
5027,2023-08-02 11:34:00,19500.0,19528.35,6009500,10250250,85.35,49.8,530500,875000,1.0,0.0,0.0,0.0,15.162376,14.933829,2023-08-01
2396,2023-08-02 11:34:00,19550.0,19528.35,6981800,7572400,57.35,72.15,717550,495500,0.0,-1.0,0.0,0.0,14.716232,14.575394,2023-08-01
7657,2023-08-02 11:34:00,19600.0,19528.35,18218800,8888950,37.0,101.95,911650,558900,0.0,-1.0,0.0,0.0,14.635489,14.524328,2023-08-01
12914,2023-08-02 11:34:00,19650.0,19528.35,13480450,3322300,23.1,138.15,625150,125950,0.0,-1.0,0.0,0.0,14.77278,14.675152,2023-08-01
18171,2023-08-02 11:34:00,19700.0,19528.35,17182250,3324450,14.35,179.5,571500,145100,0.0,-1.0,0.0,0.0,15.145099,15.064217,2023-08-01
23424,2023-08-02 11:34:00,19750.0,19528.35,9635750,1080750,9.05,224.55,318900,18300,0.0,-1.0,0.0,0.0,15.701563,15.772623,2023-08-01
28677,2023-08-02 11:34:00,19800.0,19528.35,16215550,1950000,6.35,271.5,430450,34800,0.0,-1.0,0.0,0.0,16.702609,16.584028,2023-08-01
26051,2023-08-02 11:35:00,19250.0,19524.65,18500,3004750,290.0,6.45,250,132800,1.0,0.0,0.0,0.0,19.404366,17.759022,2023-08-01
20798,2023-08-02 11:35:00,19300.0,19524.65,184700,6382200,242.7,9.5,2750,284450,1.0,0.0,0.0,0.0,18.065014,16.931182,2023-08-01
15544,2023-08-02 11:35:00,19350.0,19524.65,123050,4394350,197.05,14.3,8050,407250,1.0,0.0,0.0,0.0,16.91636,16.190693,2023-08-01
10286,2023-08-02 11:35:00,19400.0,19524.65,1084300,6878100,154.9,22.2,63400,518600,1.0,0.0,0.0,0.0,16.236699,15.673296,2023-08-01
5028,2023-08-02 11:35:00,19450.0,19524.65,681400,5381650,116.7,34.1,54000,364450,1.0,0.0,0.0,0.0,15.692085,15.244934,2023-08-01
2397,2023-08-02 11:35:00,19500.0,19524.65,6431200,10259200,83.85,51.35,554800,919550,1.0,0.0,0.0,0.0,15.31634,14.937385,2023-08-01
7658,2023-08-02 11:35:00,19550.0,19524.65,7681000,7469850,56.25,74.2,738500,589900,0.0,-1.0,0.0,0.0,14.858197,14.590226,2023-08-01
12915,2023-08-02 11:35:00,19600.0,19524.65,18433600,8862800,36.45,104.45,863200,552450,0.0,-1.0,0.0,0.0,14.816281,14.541602,2023-08-01
18172,2023-08-02 11:35:00,19650.0,19524.65,13207900,3262650,22.9,140.5,945300,157600,0.0,-1.0,0.0,0.0,14.97779,14.537154,2023-08-01
23425,2023-08-02 11:35:00,19700.0,19524.65,17096000,3289300,14.3,182.1,473950,159100,0.0,-1.0,0.0,0.0,15.353051,14.872667,2023-08-01
28678,2023-08-02 11:35:00,19750.0,19524.65,9564200,1081100,9.05,226.95,333250,22950,0.0,-1.0,0.0,0.0,15.901961,15.318688,2023-08-01
26052,2023-08-02 11:36:00,19250.0,19524.15,18750,3004750,288.35,6.45,500,192700,1.0,0.0,0.0,0.0,18.736265,17.740212,2023-08-01
20799,2023-08-02 11:36:00,19300.0,19524.15,184700,6382200,241.35,9.5,7250,301550,1.0,0.0,0.0,0.0,17.655309,16.909776,2023-08-01
15545,2023-08-02 11:36:00,19350.0,19524.15,123050,4394350,196.1,14.25,8750,381800,1.0,0.0,0.0,0.0,16.726518,16.146718,2023-08-01
10287,2023-08-02 11:36:00,19400.0,19524.15,1084300,6878100,154.0,22.45,92050,723200,1.0,0.0,0.0,0.0,16.088382,15.719828,2023-08-01
5029,2023-08-02 11:36:00,19450.0,19524.15,681400,5381650,116.2,34.2,114600,539550,1.0,0.0,0.0,0.0,15.656916,15.23463,2023-08-01
2398,2023-08-02 11:36:00,19500.0,19524.15,6431200,10259200,82.9,51.6,652600,1318250,1.0,0.0,0.0,0.0,15.167932,14.950216,2023-08-01
7659,2023-08-02 11:36:00,19550.0,19524.15,7681000,7469850,55.5,74.4,1151600,822000,0.0,-1.0,0.0,0.0,14.743304,14.577359,2023-08-01
12916,2023-08-02 11:36:00,19600.0,19524.15,18433600,8862800,36.0,105.1,851100,720300,0.0,-1.0,0.0,0.0,14.751043,14.624411,2023-08-01
18173,2023-08-02 11:36:00,19650.0,19524.15,13207900,3262650,22.7,141.5,527850,188900,0.0,-1.0,0.0,0.0,14.958496,14.723997,2023-08-01
23426,2023-08-02 11:36:00,19700.0,19524.15,17096000,3289300,14.25,182.75,505750,152950,0.0,-1.0,0.0,0.0,15.369146,14.962799,2023-08-01
28679,2023-08-02 11:36:00,19750.0,19524.15,9564200,1081100,9.05,227.5,259650,33550,0.0,-1.0,0.0,0.0,15.933295,15.373292,2023-08-01
26053,2023-08-02 11:37:00,19250.0,19522.85,18750,3004750,289.0,6.5,650,267250,1.0,0.0,0.0,0.0,19.758348,17.715438,2023-08-01
20800,2023-08-02 11:37:00,19300.0,19522.85,184700,6382200,240.65,9.5,23350,406600,1.0,0.0,0.0,0.0,17.867383,16.846271,2023-08-01
15546,2023-08-02 11:37:00,19350.0,19522.85,123050,4394350,195.7,14.25,13150,437100,1.0,0.0,0.0,0.0,16.984324,16.074804,2023-08-01
10288,2023-08-02 11:37:00,19400.0,19522.85,1084300,6878100,153.95,22.25,129200,886900,1.0,0.0,0.0,0.0,16.376195,15.575206,2023-08-01
5030,2023-08-02 11:37:00,19450.0,19522.85,681400,5381650,115.85,34.2,165300,805950,1.0,0.0,0.0,0.0,15.79737,15.134222,2023-08-01
2399,2023-08-02 11:37:00,19500.0,19522.85,6431200,10259200,83.0,51.6,1133200,1905750,1.0,0.0,0.0,0.0,15.368056,14.82597,2023-08-01
7660,2023-08-02 11:37:00,19550.0,19522.85,7681000,7469850,55.7,74.55,929850,1228100,0.0,-1.0,0.0,0.0,14.928712,14.452052,2023-08-01
12917,2023-08-02 11:37:00,19600.0,19522.85,18433600,8862800,36.15,105.1,1413850,1034800,0.0,-1.0,0.0,0.0,14.901719,14.410971,2023-08-01
18174,2023-08-02 11:37:00,19650.0,19522.85,13207900,3262650,22.7,141.6,708300,297700,0.0,-1.0,0.0,0.0,15.053561,14.457236,2023-08-01
23427,2023-08-02 11:37:00,19700.0,19522.85,17096000,3289300,14.35,183.2,656600,275850,0.0,-1.0,0.0,0.0,15.488889,14.712397,2023-08-01
28680,2023-08-02 11:37:00,19750.0,19522.85,9564200,1081100,9.2,227.7,403150,46400,0.0,-1.0,0.0,0.0,16.080339,14.851088,2023-08-01
26054,2023-08-02 11:38:00,19250.0,19522.2,18750,3057400,287.0,6.5,150,184650,1.0,0.0,0.0,0.0,18.997895,17.68935,2023-08-01
20801,2023-08-02 11:38:00,19300.0,19522.2,195800,6441150,239.9,9.45,4150,289950,1.0,0.0,0.0,0.0,17.793327,16.792155,2023-08-01
15547,2023-08-02 11:38:00,19350.0,19522.2,132200,4538050,195.0,14.2,3900,325150,1.0,0.0,0.0,0.0,16.932954,16.021938,2023-08-01
10289,2023-08-02 11:38:00,19400.0,19522.2,1112350,6937550,152.0,22.25,64250,422050,1.0,0.0,0.0,0.0,15.950683,15.535392,2023-08-01
5031,2023-08-02 11:38:00,19450.0,19522.2,738100,5438150,114.1,34.35,54200,333800,1.0,0.0,0.0,0.0,15.471042,15.124236,2023-08-01
2400,2023-08-02 11:38:00,19500.0,19522.2,6805750,10250050,82.0,51.9,504250,874300,1.0,0.0,0.0,0.0,15.227539,14.835002,2023-08-01
7661,2023-08-02 11:38:00,19550.0,19522.2,8092550,7329250,54.95,74.95,522500,617950,0.0,-1.0,0.0,0.0,14.828597,14.465439,2023-08-01
12918,2023-08-02 11:38:00,19600.0,19522.2,18497150,8920500,35.65,105.95,757500,488850,0.0,-1.0,0.0,0.0,14.83577,14.518564,2023-08-01
18175,2023-08-02 11:38:00,19650.0,19522.2,13165500,3136650,22.45,142.9,320800,270350,0.0,-1.0,0.0,0.0,15.02935,14.700972,2023-08-01
23428,2023-08-02 11:38:00,19700.0,19522.2,17114200,3242450,14.15,184.5,460350,104100,0.0,-1.0,0.0,0.0,15.457764,15.006969,2023-08-01
28681,2023-08-02 11:38:00,19750.0,19522.2,9595400,1073300,9.05,230.0,305300,16300,0.0,-1.0,0.0,0.0,16.046105,15.762341,2023-08-01
26055,2023-08-02 11:39:00,19250.0,19521.55,18400,3057400,286.4,6.35,150,143500,1.0,0.0,0.0,0.0,19.000864,17.56587,2023-08-01
20802,2023-08-02 11:39:00,19300.0,19521.55,195800,6441150,240.0,9.35,6450,262150,1.0,0.0,0.0,0.0,18.101515,16.713164,2023-08-01
15548,2023-08-02 11:39:00,19350.0,19521.55,132200,4538050,194.4,14.15,5500,361050,1.0,0.0,0.0,0.0,16.917808,15.96904,2023-08-01
10290,2023-08-02 11:39:00,19400.0,19521.55,1112350,6937550,152.5,22.1,54600,462850,1.0,0.0,0.0,0.0,16.252975,15.450028,2023-08-01
5032,2023-08-02 11:39:00,19450.0,19521.55,738100,5438150,114.5,34.15,66200,414650,1.0,0.0,0.0,0.0,15.689057,15.024889,2023-08-01
2401,2023-08-02 11:39:00,19500.0,19521.55,6805750,10250050,82.25,51.8,491450,909700,1.0,0.0,0.0,0.0,15.375654,14.751307,2023-08-01
7662,2023-08-02 11:39:00,19550.0,19521.55,8092550,7329250,55.1,74.85,598550,657250,0.0,-1.0,0.0,0.0,14.934805,14.363682,2023-08-01
12919,2023-08-02 11:39:00,19600.0,19521.55,18497150,8920500,35.85,106.0,577500,406750,0.0,-1.0,0.0,0.0,14.944583,14.424912,2023-08-01
18176,2023-08-02 11:39:00,19650.0,19521.55,13165500,3136650,22.55,142.6,316900,227800,0.0,-1.0,0.0,0.0,15.108796,14.461659,2023-08-01
23429,2023-08-02 11:39:00,19700.0,19521.55,17114200,3242450,14.2,184.25,328050,114200,0.0,-1.0,0.0,0.0,15.520102,14.695212,2023-08-01
28682,2023-08-02 11:39:00,19750.0,19521.55,9595400,1073300,9.1,229.0,271600,16850,0.0,-1.0,0.0,0.0,16.110009,14.921636,2023-08-01
26056,2023-08-02 11:40:00,19250.0,19523.3,18400,3057400,286.7,6.3,900,128200,1.0,0.0,0.0,0.0,18.246369,17.621906,2023-08-01
20803,2023-08-02 11:40:00,19300.0,19523.3,195800,6441150,241.8,9.2,8200,204000,1.0,0.0,0.0,0.0,18.226889,16.734812,2023-08-01
15549,2023-08-02 11:40:00,19350.0,19523.3,132200,4538050,195.6,13.85,16100,260200,1.0,0.0,0.0,0.0,16.829196,15.960883,2023-08-01
10291,2023-08-02 11:40:00,19400.0,19523.3,1112350,6937550,154.45,21.7,56050,521750,1.0,0.0,0.0,0.0,16.439448,15.451278,2023-08-01
5033,2023-08-02 11:40:00,19450.0,19523.3,738100,5438150,116.15,33.6,59450,346600,1.0,0.0,0.0,0.0,15.812207,15.029605,2023-08-01
2402,2023-08-02 11:40:00,19500.0,19523.3,6805750,10250050,83.5,50.85,395350,996650,1.0,0.0,0.0,0.0,15.439624,14.708914,2023-08-01
7663,2023-08-02 11:40:00,19550.0,19523.3,8092550,7329250,56.1,73.55,423150,466900,0.0,-1.0,0.0,0.0,14.98841,14.290869,2023-08-01
12920,2023-08-02 11:40:00,19600.0,19523.3,18497150,8920500,36.45,104.2,495200,437650,0.0,-1.0,0.0,0.0,14.953195,14.271765,2023-08-01
18177,2023-08-02 11:40:00,19650.0,19523.3,13165500,3136650,22.95,140.8,286550,127400,0.0,-1.0,0.0,0.0,15.110345,14.330872,2023-08-01
23430,2023-08-02 11:40:00,19700.0,19523.3,17114200,3242450,14.35,182.0,341200,93100,0.0,-1.0,0.0,0.0,15.47654,14.397292,2023-08-01
28683,2023-08-02 11:40:00,19750.0,19523.3,9595400,1073300,9.15,227.0,267400,18800,0.0,-1.0,0.0,0.0,16.047103,14.69536,2023-08-01
26057,2023-08-02 11:41:00,19300.0,19530.75,202700,6467850,248.1,8.35,9000,485500,1.0,0.0,0.0,0.0,18.115079,16.686367,2023-08-01
20804,2023-08-02 11:41:00,19350.0,19530.75,134450,4565650,201.9,12.65,6900,444300,1.0,0.0,0.0,0.0,16.848901,15.921101,2023-08-01
15550,2023-08-02 11:41:00,19400.0,19530.75,1145050,7002350,159.25,19.95,104250,654050,1.0,0.0,0.0,0.0,16.155259,15.40803,2023-08-01
10292,2023-08-02 11:41:00,19450.0,19530.75,786100,5482350,120.5,31.1,104350,569900,1.0,0.0,0.0,0.0,15.621201,14.975334,2023-08-01
5034,2023-08-02 11:41:00,19500.0,19530.75,7135150,10356400,86.85,47.35,694300,1289250,1.0,0.0,0.0,0.0,15.219316,14.620964,2023-08-01
2403,2023-08-02 11:41:00,19550.0,19530.75,8346950,7507700,58.25,69.15,658100,799300,0.0,-1.0,0.0,0.0,14.699529,14.209954,2023-08-01
7664,2023-08-02 11:41:00,19600.0,19530.75,18526200,8825750,38.0,98.85,664300,571650,0.0,-1.0,0.0,0.0,14.709283,14.173839,2023-08-01
12921,2023-08-02 11:41:00,19650.0,19530.75,13157300,2973500,23.85,134.55,345850,186450,0.0,-1.0,0.0,0.0,14.853202,14.179994,2023-08-01
18178,2023-08-02 11:41:00,19700.0,19530.75,17124500,3213200,14.85,175.8,368700,198100,0.0,-1.0,0.0,0.0,15.216261,14.455685,2023-08-01
23431,2023-08-02 11:41:00,19750.0,19530.75,9622900,1068250,9.3,219.8,209700,31450,0.0,-1.0,0.0,0.0,15.728937,14.461902,2023-08-01
28684,2023-08-02 11:41:00,19800.0,19530.75,16215400,1898450,6.45,267.25,292700,40800,0.0,-1.0,0.0,0.0,16.684994,15.201647,2023-08-01
26058,2023-08-02 11:42:00,19300.0,19539.1,202700,6467850,250.85,7.65,11650,661950,1.0,0.0,0.0,0.0,15.511973,16.732324,2023-08-01
20805,2023-08-02 11:42:00,19350.0,19539.1,134450,4565650,205.55,11.55,18250,665600,1.0,0.0,0.0,0.0,15.397663,15.939754,2023-08-01
15551,2023-08-02 11:42:00,19400.0,19539.1,1145050,7002350,162.5,18.35,160700,843500,1.0,0.0,0.0,0.0,15.069025,15.437513,2023-08-01
10293,2023-08-02 11:42:00,19450.0,19539.1,786100,5482350,122.75,28.75,159400,727600,1.0,0.0,0.0,0.0,14.650708,14.995226,2023-08-01
5035,2023-08-02 11:42:00,19500.0,19539.1,7135150,10356400,88.4,44.5,1039450,1534900,1.0,0.0,0.0,0.0,14.40705,14.736258,2023-08-01
2404,2023-08-02 11:42:00,19550.0,19539.1,8346950,7507700,59.5,65.75,974150,943200,0.0,-1.0,0.0,0.0,14.076442,14.430275,2023-08-01
7665,2023-08-02 11:42:00,19600.0,19539.1,18526200,8825750,38.85,95.1,1058000,784200,0.0,-1.0,0.0,0.0,14.194174,14.572876,2023-08-01
12922,2023-08-02 11:42:00,19650.0,19539.1,13157300,2973500,24.3,130.5,539950,207650,0.0,-1.0,0.0,0.0,14.387772,14.818254,2023-08-01
18179,2023-08-02 11:42:00,19700.0,19539.1,17124500,3213200,15.1,171.4,820650,194550,0.0,-1.0,0.0,0.0,14.800755,15.376536,2023-08-01
23432,2023-08-02 11:42:00,19750.0,19539.1,9622900,1068250,9.45,216.0,463550,36300,0.0,-1.0,0.0,0.0,15.357338,16.219874,2023-08-01
28685,2023-08-02 11:42:00,19800.0,19539.1,16215400,1898450,6.45,262.95,545750,36800,0.0,-1.0,0.0,0.0,16.283212,17.366392,2023-08-01
26059,2023-08-02 11:43:00,19300.0,19539.9,202700,6467850,252.0,7.55,15900,328700,1.0,0.0,0.0,0.0,15.782092,16.720857,2023-08-01
20806,2023-08-02 11:43:00,19350.0,19539.9,134450,4565650,206.3,11.45,7450,407700,1.0,0.0,0.0,0.0,15.425169,15.946136,2023-08-01
15552,2023-08-02 11:43:00,19400.0,19539.9,1145050,7002350,163.1,18.2,102150,642100,1.0,0.0,0.0,0.0,15.057761,15.44352,2023-08-01
10294,2023-08-02 11:43:00,19450.0,19539.9,786100,5482350,123.0,28.65,135100,494000,1.0,0.0,0.0,0.0,14.565591,15.032822,2023-08-01
5036,2023-08-02 11:43:00,19500.0,19539.9,7135150,10356400,88.7,44.4,1007800,1151050,1.0,0.0,0.0,0.0,14.366217,14.790174,2023-08-01
2405,2023-08-02 11:43:00,19550.0,19539.9,8346950,7507700,59.65,65.55,1019700,677700,0.0,-1.0,0.0,0.0,14.025845,14.481408,2023-08-01
7666,2023-08-02 11:43:00,19600.0,19539.9,18526200,8825750,38.7,94.75,1005500,547500,0.0,-1.0,0.0,0.0,14.091864,14.613875,2023-08-01
12923,2023-08-02 11:43:00,19650.0,19539.9,13157300,2973500,24.15,129.75,515700,151150,0.0,-1.0,0.0,0.0,14.292143,14.777264,2023-08-01
18180,2023-08-02 11:43:00,19700.0,19539.9,17124500,3213200,14.95,170.65,574700,139200,0.0,-1.0,0.0,0.0,14.703007,15.347072,2023-08-01
23433,2023-08-02 11:43:00,19750.0,19539.9,9622900,1068250,9.3,214.95,270100,21000,0.0,-1.0,0.0,0.0,15.248737,16.069982,2023-08-01
28686,2023-08-02 11:43:00,19800.0,19539.9,16215400,1898450,6.3,261.35,224000,32200,0.0,-1.0,0.0,0.0,16.156874,16.884858,2023-08-01
26060,2023-08-02 11:44:00,19300.0,19538.2,203450,6320000,253.1,7.55,9450,215150,1.0,0.0,0.0,0.0,17.313314,16.640367,2023-08-01
20807,2023-08-02 11:44:00,19350.0,19538.2,131150,4505000,206.4,11.35,4650,343600,1.0,0.0,0.0,0.0,16.117783,15.812772,2023-08-01
15553,2023-08-02 11:44:00,19400.0,19538.2,1147250,6741150,164.5,17.95,56550,391450,1.0,0.0,0.0,0.0,15.974931,15.256103,2023-08-01
10295,2023-08-02 11:44:00,19450.0,19538.2,754250,5402500,124.4,28.35,60250,378250,1.0,0.0,0.0,0.0,15.280935,14.827571,2023-08-01
5037,2023-08-02 11:44:00,19500.0,19538.2,6882800,10231200,90.15,44.0,431750,822500,1.0,0.0,0.0,0.0,14.962102,14.542867,2023-08-01
2406,2023-08-02 11:44:00,19550.0,19538.2,8600450,7493550,60.7,64.85,479600,486900,0.0,-1.0,0.0,0.0,14.459497,14.127956,2023-08-01
7667,2023-08-02 11:44:00,19600.0,19538.2,18441700,8663100,39.45,93.65,515650,379250,0.0,-1.0,0.0,0.0,14.427902,14.091561,2023-08-01
12924,2023-08-02 11:44:00,19650.0,19538.2,13090700,2922900,24.6,128.8,349050,125950,0.0,-1.0,0.0,0.0,14.546771,14.15715,2023-08-01
18181,2023-08-02 11:44:00,19700.0,19538.2,17185850,3184100,15.25,169.35,374700,70450,0.0,-1.0,0.0,0.0,14.918655,14.393918,2023-08-01
23434,2023-08-02 11:44:00,19750.0,19538.2,9638300,1051800,9.45,213.2,215500,26750,0.0,-1.0,0.0,0.0,15.415418,14.538208,2023-08-01
28687,2023-08-02 11:44:00,19800.0,19538.2,16135550,1888650,6.4,260.85,298600,27700,0.0,-1.0,0.0,0.0,16.306563,15.614122,2023-08-01
26061,2023-08-02 11:45:00,19300.0,19535.4,203450,6320000,249.3,8.0,5700,276950,1.0,0.0,0.0,0.0,16.63677,16.754082,2023-08-01
20808,2023-08-02 11:45:00,19350.0,19535.4,131150,4505000,203.35,12.1,9150,252900,1.0,0.0,0.0,0.0,15.860769,15.977666,2023-08-01
15554,2023-08-02 11:45:00,19400.0,19535.4,1147250,6741150,160.7,19.2,67950,346800,1.0,0.0,0.0,0.0,15.475205,15.489652,2023-08-01
10296,2023-08-02 11:45:00,19450.0,19535.4,754250,5402500,121.35,30.1,74250,348750,1.0,0.0,0.0,0.0,15.005088,15.08782,2023-08-01
5038,2023-08-02 11:45:00,19500.0,19535.4,6882800,10231200,87.3,46.4,562650,705750,1.0,0.0,0.0,0.0,14.694393,14.853877,2023-08-01
2407,2023-08-02 11:45:00,19550.0,19535.4,8600450,7493550,58.7,68.0,549900,506600,0.0,-1.0,0.0,0.0,14.317107,14.520724,2023-08-01
7668,2023-08-02 11:45:00,19600.0,19535.4,18441700,8663100,38.15,97.4,550350,317150,0.0,-1.0,0.0,0.0,14.362428,14.571294,2023-08-01
12925,2023-08-02 11:45:00,19650.0,19535.4,13090700,2922900,23.95,133.1,339000,109150,0.0,-1.0,0.0,0.0,14.568704,14.78883,2023-08-01
18182,2023-08-02 11:45:00,19700.0,19535.4,17185850,3184100,14.85,174.1,312450,103900,0.0,-1.0,0.0,0.0,14.952182,15.269164,2023-08-01
23435,2023-08-02 11:45:00,19750.0,19535.4,9638300,1051800,9.2,218.15,333850,25050,0.0,-1.0,0.0,0.0,15.452243,15.737261,2023-08-01
28688,2023-08-02 11:45:00,19800.0,19535.4,16135550,1888650,6.4,265.4,186300,34300,0.0,-1.0,0.0,0.0,16.448201,16.854295,2023-08-01
26062,2023-08-02 11:46:00,19300.0,19536.05,203450,6320000,249.9,7.95,4600,173550,1.0,0.0,0.0,0.0,16.6487,16.764487,2023-08-01
20809,2023-08-02 11:46:00,19350.0,19536.05,131150,4505000,203.65,12.05,5750,199600,1.0,0.0,0.0,0.0,15.755035,15.998141,2023-08-01
15555,2023-08-02 11:46:00,19400.0,19536.05,1147250,6741150,161.0,19.1,41150,327100,1.0,0.0,0.0,0.0,15.40915,15.503888,2023-08-01
10297,2023-08-02 11:46:00,19450.0,19536.05,754250,5402500,121.7,29.9,60800,459600,1.0,0.0,0.0,0.0,14.979935,15.088638,2023-08-01
5039,2023-08-02 11:46:00,19500.0,19536.05,6882800,10231200,87.85,46.15,365350,943650,1.0,0.0,0.0,0.0,14.736512,14.859896,2023-08-01
2408,2023-08-02 11:46:00,19550.0,19536.05,8600450,7493550,59.15,67.85,426750,593850,0.0,-1.0,0.0,0.0,14.353148,14.567344,2023-08-01
7669,2023-08-02 11:46:00,19600.0,19536.05,18441700,8663100,38.4,97.35,395750,402750,0.0,-1.0,0.0,0.0,14.371236,14.663931,2023-08-01
12926,2023-08-02 11:46:00,19650.0,19536.05,13090700,2922900,24.05,132.8,205900,93350,0.0,-1.0,0.0,0.0,14.555195,14.844545,2023-08-01
18183,2023-08-02 11:46:00,19700.0,19536.05,17185850,3184100,14.85,173.4,275750,88800,0.0,-1.0,0.0,0.0,14.917181,15.214868,2023-08-01
23436,2023-08-02 11:46:00,19750.0,19536.05,9638300,1051800,9.2,217.9,154400,14850,0.0,-1.0,0.0,0.0,15.422296,15.889424,2023-08-01
28689,2023-08-02 11:46:00,19800.0,19536.05,16135550,1888650,6.35,265.15,154100,19850,0.0,-1.0,0.0,0.0,16.390607,17.058243,2023-08-01
26063,2023-08-02 11:47:00,19300.0,19535.0,209450,6360850,251.0,7.7,3450,128050,1.0,0.0,0.0,0.0,17.731361,16.577738,2023-08-01
20810,2023-08-02 11:47:00,19350.0,19535.0,131150,4543000,203.5,11.75,150,162400,1.0,0.0,0.0,0.0,16.079984,15.817254,2023-08-01
15556,2023-08-02 11:47:00,19400.0,19535.0,1162350,6834050,161.65,18.6,30950,247650,1.0,0.0,0.0,0.0,15.893792,15.27719,2023-08-01
10298,2023-08-02 11:47:00,19450.0,19535.0,783350,5537700,122.4,29.15,39750,248300,1.0,0.0,0.0,0.0,15.370029,14.811925,2023-08-01
5040,2023-08-02 11:47:00,19500.0,19535.0,7070000,10422200,88.45,45.05,239750,516900,1.0,0.0,0.0,0.0,15.032218,14.506007,2023-08-01
2409,2023-08-02 11:47:00,19550.0,19535.0,8686300,7546450,59.55,66.6,251950,284850,0.0,-1.0,0.0,0.0,14.564518,14.16127,2023-08-01
7670,2023-08-02 11:47:00,19600.0,19535.0,18503650,8706450,38.65,95.85,274250,218000,0.0,-1.0,0.0,0.0,14.528481,14.137926,2023-08-01
12927,2023-08-02 11:47:00,19650.0,19535.0,13091950,2925000,24.1,130.95,180600,47300,0.0,-1.0,0.0,0.0,14.649537,14.092532,2023-08-01
18184,2023-08-02 11:47:00,19700.0,19535.0,17230700,3190250,14.85,171.85,173350,57600,0.0,-1.0,0.0,0.0,14.986058,14.33572,2023-08-01
23437,2023-08-02 11:47:00,19750.0,19535.0,9729400,1046500,9.15,215.6,136650,8050,0.0,-1.0,0.0,0.0,15.459414,14.287933,2023-08-01
28690,2023-08-02 11:47:00,19800.0,19535.0,16137300,1881300,6.25,263.65,153150,17050,0.0,-1.0,0.0,0.0,16.384306,15.495206,2023-08-01
26064,2023-08-02 11:48:00,19300.0,19535.0,209450,6360850,249.7,7.9,4450,94400,1.0,0.0,0.0,0.0,17.070539,16.693356,2023-08-01
20811,2023-08-02 11:48:00,19350.0,19535.0,135650,4543000,203.65,12.1,1350,189750,1.0,0.0,0.0,0.0,16.148083,15.968765,2023-08-01
15557,2023-08-02 11:48:00,19400.0,19535.0,1162350,6834050,160.8,19.1,24250,234700,1.0,0.0,0.0,0.0,15.627486,15.444402,2023-08-01
10299,2023-08-02 11:48:00,19450.0,19535.0,783350,5537700,121.6,29.85,42000,230750,1.0,0.0,0.0,0.0,15.163103,15.003153,2023-08-01
5041,2023-08-02 11:48:00,19500.0,19535.0,7070000,10422200,87.55,46.05,228450,457600,1.0,0.0,0.0,0.0,14.825083,14.746085,2023-08-01
2410,2023-08-02 11:48:00,19550.0,19535.0,8686300,7546450,58.95,67.85,302650,222500,0.0,-1.0,0.0,0.0,14.432212,14.450703,2023-08-01
7671,2023-08-02 11:48:00,19600.0,19535.0,18503650,8706450,38.35,97.05,384900,276300,0.0,-1.0,0.0,0.0,14.460013,14.434818,2023-08-01
12928,2023-08-02 11:48:00,19650.0,19535.0,13091950,2925000,24.0,132.9,160200,58600,0.0,-1.0,0.0,0.0,14.62564,14.657791,2023-08-01
18185,2023-08-02 11:48:00,19700.0,19535.0,17230700,3190250,14.85,173.45,282900,119200,0.0,-1.0,0.0,0.0,14.990792,14.928814,2023-08-01
23438,2023-08-02 11:48:00,19750.0,19535.0,9729400,1046500,9.15,217.75,120300,7450,0.0,-1.0,0.0,0.0,15.464262,15.389316,2023-08-01
28691,2023-08-02 11:48:00,19800.0,19535.0,16137300,1881300,6.25,264.9,160450,12900,0.0,-1.0,0.0,0.0,16.389414,16.332662,2023-08-01
26065,2023-08-02 11:49:00,19300.0,19537.25,209450,6360850,251.25,7.8,2800,116750,1.0,0.0,0.0,0.0,16.813329,16.756847,2023-08-01
20812,2023-08-02 11:49:00,19350.0,19537.25,135650,4543000,205.4,11.85,4600,157900,1.0,0.0,0.0,0.0,16.07397,15.995554,2023-08-01
15558,2023-08-02 11:49:00,19400.0,19537.25,1162350,6834050,162.35,18.75,38000,186600,1.0,0.0,0.0,0.0,15.552778,15.480733,2023-08-01
10300,2023-08-02 11:49:00,19450.0,19537.25,783350,5537700,122.7,29.15,42200,203600,1.0,0.0,0.0,0.0,15.033633,14.992135,2023-08-01
5042,2023-08-02 11:49:00,19500.0,19537.25,7070000,10422200,88.45,45.2,230850,446800,1.0,0.0,0.0,0.0,14.72129,14.759523,2023-08-01
2411,2023-08-02 11:49:00,19550.0,19537.25,8686300,7546450,59.8,66.3,244700,238700,0.0,-1.0,0.0,0.0,14.38327,14.366646,2023-08-01
7672,2023-08-02 11:49:00,19600.0,19537.25,18503650,8706450,38.8,95.45,252350,175250,0.0,-1.0,0.0,0.0,14.377267,14.399862,2023-08-01
12929,2023-08-02 11:49:00,19650.0,19537.25,13091950,2925000,24.2,130.95,150250,49550,0.0,-1.0,0.0,0.0,14.525365,14.58464,2023-08-01
18186,2023-08-02 11:49:00,19700.0,19537.25,17230700,3190250,14.85,171.75,238100,55150,0.0,-1.0,0.0,0.0,14.857857,14.991715,2023-08-01
23439,2023-08-02 11:49:00,19750.0,19537.25,9729400,1046500,9.2,215.7,93550,12300,0.0,-1.0,0.0,0.0,15.372485,15.367918,2023-08-01
28692,2023-08-02 11:49:00,19800.0,19537.25,16137300,1881300,6.25,263.4,145750,12950,0.0,-1.0,0.0,0.0,16.285102,16.685719,2023-08-01
26066,2023-08-02 11:50:00,19300.0,19537.0,212350,6385950,251.15,7.7,5750,130750,1.0,0.0,0.0,0.0,16.89016,16.693238,2023-08-01
20813,2023-08-02 11:50:00,19350.0,19537.0,135300,4606450,204.3,11.8,7450,174400,1.0,0.0,0.0,0.0,15.703782,15.964898,2023-08-01
15559,2023-08-02 11:50:00,19400.0,19537.0,1174900,6827500,162.05,18.65,32350,267950,1.0,0.0,0.0,0.0,15.525868,15.436175,2023-08-01
10301,2023-08-02 11:50:00,19450.0,19537.0,787200,5587600,122.55,29.3,43450,204750,1.0,0.0,0.0,0.0,15.046643,15.017616,2023-08-01
5043,2023-08-02 11:50:00,19500.0,19537.0,7076800,10639050,88.35,45.25,253800,460450,1.0,0.0,0.0,0.0,14.738526,14.752192,2023-08-01
2412,2023-08-02 11:50:00,19550.0,19537.0,8704200,7591500,59.35,66.55,265650,279150,0.0,-1.0,0.0,0.0,14.312882,14.398216,2023-08-01
7673,2023-08-02 11:50:00,19600.0,19537.0,18524100,8792000,38.55,96.0,413900,252300,0.0,-1.0,0.0,0.0,14.343101,14.498499,2023-08-01
12930,2023-08-02 11:50:00,19650.0,19537.0,13102750,2942150,24.05,130.95,265200,50650,0.0,-1.0,0.0,0.0,14.505369,14.535272,2023-08-01
18187,2023-08-02 11:50:00,19700.0,19537.0,17309800,3172300,14.8,171.65,279250,59950,0.0,-1.0,0.0,0.0,14.859912,14.885365,2023-08-01
23440,2023-08-02 11:50:00,19750.0,19537.0,9775900,1044550,9.15,216.05,142250,8750,0.0,-1.0,0.0,0.0,15.36688,15.431915,2023-08-01
28693,2023-08-02 11:50:00,19800.0,19537.0,16135050,1891000,6.2,262.75,159350,24800,0.0,-1.0,0.0,0.0,16.270988,16.14582,2023-08-01
26067,2023-08-02 11:51:00,19300.0,19540.5,212350,6385950,251.15,7.75,6850,134550,1.0,0.0,0.0,0.0,14.8842,16.902839,2023-08-01
20814,2023-08-02 11:51:00,19350.0,19540.5,135300,4606450,205.65,11.7,4700,190500,1.0,0.0,0.0,0.0,14.929447,16.123857,2023-08-01
15560,2023-08-02 11:51:00,19400.0,19540.5,1174900,6827500,162.7,18.6,43100,252850,1.0,0.0,0.0,0.0,14.797883,15.650007,2023-08-01
10302,2023-08-02 11:51:00,19450.0,19540.5,787200,5587600,122.95,29.1,44150,214300,1.0,0.0,0.0,0.0,14.472606,15.234085,2023-08-01
5044,2023-08-02 11:51:00,19500.0,19540.5,7076800,10639050,89.0,45.0,368850,605900,1.0,0.0,0.0,0.0,14.388394,15.021054,2023-08-01
2413,2023-08-02 11:51:00,19550.0,19540.5,8704200,7591500,60.0,66.25,346450,298600,0.0,-1.0,0.0,0.0,14.075427,14.742189,2023-08-01
7674,2023-08-02 11:51:00,19600.0,19540.5,18524100,8792000,39.0,95.5,370950,264950,0.0,-1.0,0.0,0.0,14.147796,14.91579,2023-08-01
12931,2023-08-02 11:51:00,19650.0,19540.5,13102750,2942150,24.3,130.7,198100,78150,0.0,-1.0,0.0,0.0,14.327534,15.192139,2023-08-01
18188,2023-08-02 11:51:00,19700.0,19540.5,17309800,3172300,14.9,171.0,214950,98700,0.0,-1.0,0.0,0.0,14.685492,15.661039,2023-08-01
23441,2023-08-02 11:51:00,19750.0,19540.5,9775900,1044550,9.2,215.6,74600,18650,0.0,-1.0,0.0,0.0,15.20753,16.600222,2023-08-01
28694,2023-08-02 11:51:00,19800.0,19540.5,16135050,1891000,6.25,263.0,141650,39450,0.0,-1.0,0.0,0.0,16.136886,18.085785,2023-08-01
26068,2023-08-02 11:52:00,19300.0,19540.2,212350,6385950,250.6,7.7,6700,118250,1.0,0.0,0.0,0.0,14.6927,16.864474,2023-08-01
20815,2023-08-02 11:52:00,19350.0,19540.2,135300,4606450,205.1,11.7,1600,94650,1.0,0.0,0.0,0.0,14.800069,16.111662,2023-08-01
15561,2023-08-02 11:52:00,19400.0,19540.2,1174900,6827500,162.0,18.6,26850,157850,1.0,0.0,0.0,0.0,14.645904,15.635163,2023-08-01
10303,2023-08-02 11:52:00,19450.0,19540.2,787200,5587600,122.6,29.15,39350,166350,1.0,0.0,0.0,0.0,14.441616,15.229191,2023-08-01
5045,2023-08-02 11:52:00,19500.0,19540.2,7076800,10639050,88.3,45.1,235950,341700,1.0,0.0,0.0,0.0,14.270327,15.021392,2023-08-01
2414,2023-08-02 11:52:00,19550.0,19540.2,8704200,7591500,59.6,66.45,295050,207200,0.0,-1.0,0.0,0.0,14.022468,14.757148,2023-08-01
7675,2023-08-02 11:52:00,19600.0,19540.2,18524100,8792000,38.7,96.0,322200,180150,0.0,-1.0,0.0,0.0,14.106416,14.994807,2023-08-01
12932,2023-08-02 11:52:00,19650.0,19540.2,13102750,2942150,24.15,131.05,150700,53800,0.0,-1.0,0.0,0.0,14.311529,15.23206,2023-08-01
18189,2023-08-02 11:52:00,19700.0,19540.2,17309800,3172300,14.9,171.9,201100,99450,0.0,-1.0,0.0,0.0,14.708619,15.885417,2023-08-01
23442,2023-08-02 11:52:00,19750.0,19540.2,9775900,1044550,9.25,215.6,97100,7550,0.0,-1.0,0.0,0.0,15.252103,16.493985,2023-08-01
28695,2023-08-02 11:52:00,19800.0,19540.2,16135050,1891000,6.3,263.25,135700,35200,0.0,-1.0,0.0,0.0,16.187641,18.079865,2023-08-01
26069,2023-08-02 11:53:00,19300.0,19539.6,208850,6404650,251.45,7.5,4200,200350,1.0,0.0,0.0,0.0,15.676691,16.725817,2023-08-01
20816,2023-08-02 11:53:00,19350.0,19539.6,135950,4621500,206.55,11.45,2400,143500,1.0,0.0,0.0,0.0,15.714273,15.975291,2023-08-01
15562,2023-08-02 11:53:00,19400.0,19539.6,1181000,6845000,162.5,18.25,28000,171000,1.0,0.0,0.0,0.0,14.992339,15.485004,2023-08-01
10304,2023-08-02 11:53:00,19450.0,19539.6,783550,5592650,123.25,28.8,35250,175550,1.0,0.0,0.0,0.0,14.744859,15.093241,2023-08-01
5046,2023-08-02 11:53:00,19500.0,19539.6,7195300,10792750,89.1,44.6,271650,345750,1.0,0.0,0.0,0.0,14.554363,14.851242,2023-08-01
2415,2023-08-02 11:53:00,19550.0,19539.6,8708700,7570000,60.05,65.9,239500,205400,0.0,-1.0,0.0,0.0,14.197334,14.56581,2023-08-01
7676,2023-08-02 11:53:00,19600.0,19539.6,18525650,8847050,38.9,95.0,355150,190550,0.0,-1.0,0.0,0.0,14.212655,14.666946,2023-08-01
12933,2023-08-02 11:53:00,19650.0,19539.6,13148200,2936400,24.25,130.3,194900,47300,0.0,-1.0,0.0,0.0,14.387966,14.905898,2023-08-01
18190,2023-08-02 11:53:00,19700.0,19539.6,17334400,3175800,15.0,171.15,228700,78100,0.0,-1.0,0.0,0.0,14.785886,15.470306,2023-08-01
23443,2023-08-02 11:53:00,19750.0,19539.6,9765500,1036700,9.25,215.3,98050,8300,0.0,-1.0,0.0,0.0,15.289214,16.142583,2023-08-01
28696,2023-08-02 11:53:00,19800.0,19539.6,16126850,1905950,6.35,263.0,124250,37450,0.0,-1.0,0.0,0.0,16.253015,17.673678,2023-08-01
26070,2023-08-02 11:54:00,19300.0,19535.05,208850,6404650,244.8,8.0,8650,220900,1.0,0.0,0.0,0.0,13.966377,16.780005,2023-08-01
20817,2023-08-02 11:54:00,19350.0,19535.05,135950,4621500,199.1,12.3,5050,248800,1.0,0.0,0.0,0.0,14.12345,16.082646,2023-08-01
15563,2023-08-02 11:54:00,19400.0,19535.05,1181000,6845000,155.6,19.85,67850,323300,1.0,0.0,0.0,0.0,13.898022,15.716683,2023-08-01
10305,2023-08-02 11:54:00,19450.0,19535.05,783550,5592650,116.65,31.25,74600,367850,1.0,0.0,0.0,0.0,13.847395,15.40513,2023-08-01
5047,2023-08-02 11:54:00,19500.0,19535.05,7195300,10792750,83.4,48.25,551350,808100,1.0,0.0,0.0,0.0,13.865077,15.294822,2023-08-01
2416,2023-08-02 11:54:00,19550.0,19535.05,8708700,7570000,55.6,70.6,646150,538050,0.0,-1.0,0.0,0.0,13.688396,15.109574,2023-08-01
7677,2023-08-02 11:54:00,19600.0,19535.05,18525650,8847050,36.0,101.15,728650,438450,0.0,-1.0,0.0,0.0,13.907824,15.463008,2023-08-01
12934,2023-08-02 11:54:00,19650.0,19535.05,13148200,2936400,22.35,137.65,400950,88750,0.0,-1.0,0.0,0.0,14.174056,16.023103,2023-08-01
18191,2023-08-02 11:54:00,19700.0,19535.05,17334400,3175800,13.9,179.05,556300,105500,0.0,-1.0,0.0,0.0,14.669508,16.887086,2023-08-01
23444,2023-08-02 11:54:00,19750.0,19535.05,9765500,1036700,8.75,224.0,279800,24150,0.0,-1.0,0.0,0.0,15.29695,18.122397,2023-08-01
28697,2023-08-02 11:54:00,19800.0,19535.05,16126850,1905950,6.1,271.4,171850,28850,0.0,-1.0,0.0,0.0,16.322778,19.806149,2023-08-01
26071,2023-08-02 11:55:00,19300.0,19531.1,208850,6404650,242.2,8.45,13150,296200,1.0,0.0,0.0,0.0,14.786251,16.825424,2023-08-01
20818,2023-08-02 11:55:00,19350.0,19531.1,135950,4621500,196.5,12.95,12450,370200,1.0,0.0,0.0,0.0,14.561441,16.127402,2023-08-01
15564,2023-08-02 11:55:00,19400.0,19531.1,1181000,6845000,154.1,20.6,92300,612650,1.0,0.0,0.0,0.0,14.495524,15.699138,2023-08-01
10306,2023-08-02 11:55:00,19450.0,19531.1,783550,5592650,115.65,32.05,104550,659350,1.0,0.0,0.0,0.0,14.351872,15.31182,2023-08-01
5048,2023-08-02 11:55:00,19500.0,19531.1,7195300,10792750,83.0,49.35,787300,1608300,1.0,0.0,0.0,0.0,14.337248,15.181055,2023-08-01
2417,2023-08-02 11:55:00,19550.0,19531.1,8708700,7570000,55.35,72.05,962900,1004900,0.0,-1.0,0.0,0.0,14.064197,14.971356,2023-08-01
7678,2023-08-02 11:55:00,19600.0,19531.1,18525650,8847050,35.85,102.5,944550,711750,0.0,-1.0,0.0,0.0,14.214905,15.180545,2023-08-01
12935,2023-08-02 11:55:00,19650.0,19531.1,13148200,2936400,22.45,139.1,473050,191750,0.0,-1.0,0.0,0.0,14.487236,15.619729,2023-08-01
18192,2023-08-02 11:55:00,19700.0,19531.1,17334400,3175800,14.05,180.3,492800,202050,0.0,-1.0,0.0,0.0,14.968325,16.236455,2023-08-01
23445,2023-08-02 11:55:00,19750.0,19531.1,9765500,1036700,8.9,225.55,223500,33000,0.0,-1.0,0.0,0.0,15.585281,17.378996,2023-08-01
28698,2023-08-02 11:55:00,19800.0,19531.1,16126850,1905950,6.15,273.45,202300,53750,0.0,-1.0,0.0,0.0,16.551328,19.121596,2023-08-01
26072,2023-08-02 11:56:00,19300.0,19534.45,212050,6419200,248.0,7.95,8900,251100,1.0,0.0,0.0,0.0,16.46817,16.731707,2023-08-01
20819,2023-08-02 11:56:00,19350.0,19534.45,135450,4589000,201.5,12.1,4900,250550,1.0,0.0,0.0,0.0,15.489492,15.974365,2023-08-01
15565,2023-08-02 11:56:00,19400.0,19534.45,1185750,6885250,158.4,19.3,58000,385900,1.0,0.0,0.0,0.0,15.032503,15.508731,2023-08-01
10307,2023-08-02 11:56:00,19450.0,19534.45,773050,5565450,119.65,30.4,54950,352900,1.0,0.0,0.0,0.0,14.788667,15.141357,2023-08-01
5049,2023-08-02 11:56:00,19500.0,19534.45,7247000,10751850,85.95,46.75,484000,881100,1.0,0.0,0.0,0.0,14.564997,14.892455,2023-08-01
2418,2023-08-02 11:56:00,19550.0,19534.45,8850350,7604450,57.5,68.8,561000,454700,0.0,-1.0,0.0,0.0,14.198438,14.63399,2023-08-01
7679,2023-08-02 11:56:00,19600.0,19534.45,18554200,8923700,37.4,98.55,593200,371850,0.0,-1.0,0.0,0.0,14.312763,14.745308,2023-08-01
12936,2023-08-02 11:56:00,19650.0,19534.45,13161200,2911000,23.35,134.3,251650,103400,0.0,-1.0,0.0,0.0,14.515642,14.969072,2023-08-01
18193,2023-08-02 11:56:00,19700.0,19534.45,17388050,3177550,14.5,175.55,284000,106350,0.0,-1.0,0.0,0.0,14.935394,15.543246,2023-08-01
23446,2023-08-02 11:56:00,19750.0,19534.45,9815200,1032600,9.05,219.45,140900,12400,0.0,-1.0,0.0,0.0,15.484482,15.986479,2023-08-01
28699,2023-08-02 11:56:00,19800.0,19534.45,16131000,1906000,6.2,267.55,161500,28750,0.0,-1.0,0.0,0.0,16.425649,17.622959,2023-08-01
26073,2023-08-02 11:57:00,19300.0,19533.5,212050,6419200,249.0,8.05,5200,189550,1.0,0.0,0.0,0.0,17.470364,16.742903,2023-08-01
20820,2023-08-02 11:57:00,19350.0,19533.5,135450,4589000,203.7,12.2,5700,289600,1.0,0.0,0.0,0.0,16.741997,15.966588,2023-08-01
15566,2023-08-02 11:57:00,19400.0,19533.5,1185750,6885250,160.4,19.45,44600,319050,1.0,0.0,0.0,0.0,15.931064,15.499403,2023-08-01
10308,2023-08-02 11:57:00,19450.0,19533.5,773050,5565450,121.15,30.3,59150,314250,1.0,0.0,0.0,0.0,15.372703,15.045412,2023-08-01
5050,2023-08-02 11:57:00,19500.0,19533.5,7247000,10751850,87.7,46.65,359250,687200,1.0,0.0,0.0,0.0,15.1176,14.783062,2023-08-01
2419,2023-08-02 11:57:00,19550.0,19533.5,8850350,7604450,59.2,68.3,670650,423500,0.0,-1.0,0.0,0.0,14.6966,14.409459,2023-08-01
7680,2023-08-02 11:57:00,19600.0,19533.5,18554200,8923700,38.4,98.1,566300,356200,0.0,-1.0,0.0,0.0,14.645334,14.489092,2023-08-01
12937,2023-08-02 11:57:00,19650.0,19533.5,13161200,2911000,24.15,133.65,269600,88000,0.0,-1.0,0.0,0.0,14.818682,14.582078,2023-08-01
18194,2023-08-02 11:57:00,19700.0,19533.5,17388050,3177550,14.95,174.6,402050,71100,0.0,-1.0,0.0,0.0,15.16161,14.922791,2023-08-01
23447,2023-08-02 11:57:00,19750.0,19533.5,9815200,1032600,9.35,219.6,235050,16050,0.0,-1.0,0.0,0.0,15.684414,15.665464,2023-08-01
28700,2023-08-02 11:57:00,19800.0,19533.5,16131000,1906000,6.45,265.8,271950,20850,0.0,-1.0,0.0,0.0,16.634013,16.03748,2023-08-01
26074,2023-08-02 11:58:00,19300.0,19536.4,212050,6419200,249.65,8.1,3200,149400,1.0,0.0,0.0,0.0,16.40834,16.923305,2023-08-01
20821,2023-08-02 11:58:00,19350.0,19536.4,135450,4589000,203.2,12.25,3850,156450,1.0,0.0,0.0,0.0,15.501112,16.157326,2023-08-01
15567,2023-08-02 11:58:00,19400.0,19536.4,1185750,6885250,160.6,19.35,37900,287800,1.0,0.0,0.0,0.0,15.252284,15.661436,2023-08-01
10309,2023-08-02 11:58:00,19450.0,19536.4,773050,5565450,121.6,30.25,40200,237350,1.0,0.0,0.0,0.0,14.948553,15.260557,2023-08-01
5051,2023-08-02 11:58:00,19500.0,19536.4,7247000,10751850,87.85,46.55,344850,429650,1.0,0.0,0.0,0.0,14.746075,15.037181,2023-08-01
2420,2023-08-02 11:58:00,19550.0,19536.4,8850350,7604450,59.0,68.35,366600,304600,0.0,-1.0,0.0,0.0,14.337045,14.770841,2023-08-01
7681,2023-08-02 11:58:00,19600.0,19536.4,18554200,8923700,38.25,97.55,349300,241000,0.0,-1.0,0.0,0.0,14.359889,14.813115,2023-08-01
12938,2023-08-02 11:58:00,19650.0,19536.4,13161200,2911000,23.85,133.0,162150,54850,0.0,-1.0,0.0,0.0,14.528706,15.018955,2023-08-01
18195,2023-08-02 11:58:00,19700.0,19536.4,17388050,3177550,14.75,174.0,224250,82250,0.0,-1.0,0.0,0.0,14.916426,15.56868,2023-08-01
23448,2023-08-02 11:58:00,19750.0,19536.4,9815200,1032600,9.15,218.0,134850,15400,0.0,-1.0,0.0,0.0,15.437855,16.11429,2023-08-01
28701,2023-08-02 11:58:00,19800.0,19536.4,16131000,1906000,6.3,265.95,233000,19200,0.0,-1.0,0.0,0.0,16.403852,17.721878,2023-08-01
26075,2023-08-02 11:59:00,19300.0,19536.3,215100,6451000,250.65,8.05,3600,132200,1.0,0.0,0.0,0.0,17.025833,16.895705,2023-08-01
20822,2023-08-02 11:59:00,19350.0,19536.3,135200,4621700,204.0,12.2,4100,163050,1.0,0.0,0.0,0.0,15.891498,16.135393,2023-08-01
15568,2023-08-02 11:59:00,19400.0,19536.3,1205250,6963600,161.0,19.4,60500,225650,1.0,0.0,0.0,0.0,15.416472,15.675651,2023-08-01
10310,2023-08-02 11:59:00,19450.0,19536.3,789850,5647850,121.7,30.3,52800,228800,1.0,0.0,0.0,0.0,14.999971,15.270558,2023-08-01
5052,2023-08-02 11:59:00,19500.0,19536.3,7296150,10902450,88.25,46.5,361900,484350,1.0,0.0,0.0,0.0,14.860302,15.020141,2023-08-01
2421,2023-08-02 11:59:00,19550.0,19536.3,8906050,7677600,59.55,68.1,442900,333800,0.0,-1.0,0.0,0.0,14.478884,14.705742,2023-08-01
7682,2023-08-02 11:59:00,19600.0,19536.3,18474200,8928650,38.65,97.4,475300,248200,0.0,-1.0,0.0,0.0,14.471032,14.765003,2023-08-01
12939,2023-08-02 11:59:00,19650.0,19536.3,13117200,2907850,24.0,132.9,231500,63550,0.0,-1.0,0.0,0.0,14.583515,14.973516,2023-08-01
18196,2023-08-02 11:59:00,19700.0,19536.3,17370100,3154150,14.9,173.5,230450,79550,0.0,-1.0,0.0,0.0,14.981424,15.368548,2023-08-01
23449,2023-08-02 11:59:00,19750.0,19536.3,9802300,1030600,9.15,217.5,161900,10500,0.0,-1.0,0.0,0.0,15.448098,15.849338,2023-08-01
28702,2023-08-02 11:59:00,19800.0,19536.3,16114250,1896450,6.3,265.05,100750,11200,0.0,-1.0,0.0,0.0,16.413885,17.173297,2023-08-01
26076,2023-08-02 12:00:00,19300.0,19532.65,215100,6451000,246.3,8.35,6450,212500,1.0,0.0,0.0,0.0,16.460872,16.876409,2023-08-01
20823,2023-08-02 12:00:00,19350.0,19532.65,135200,4621700,201.0,12.65,6400,202700,1.0,0.0,0.0,0.0,15.963676,16.117763,2023-08-01
15569,2023-08-02 12:00:00,19400.0,19532.65,1205250,6963600,157.85,20.1,58150,282900,1.0,0.0,0.0,0.0,15.347178,15.665561,2023-08-01
10311,2023-08-02 12:00:00,19450.0,19532.65,789850,5647850,118.8,31.35,45600,291250,1.0,0.0,0.0,0.0,14.92435,15.270642,2023-08-01
5053,2023-08-02 12:00:00,19500.0,19532.65,7296150,10902450,85.75,48.15,292950,565850,1.0,0.0,0.0,0.0,14.792391,15.068458,2023-08-01
2422,2023-08-02 12:00:00,19550.0,19532.65,8906050,7677600,57.6,70.3,382600,428150,0.0,-1.0,0.0,0.0,14.436559,14.777729,2023-08-01
7683,2023-08-02 12:00:00,19600.0,19532.65,18474200,8928650,37.3,100.3,461200,342350,0.0,-1.0,0.0,0.0,14.462961,14.905949,2023-08-01
12940,2023-08-02 12:00:00,19650.0,19532.65,13117200,2907850,23.4,136.15,189750,87750,0.0,-1.0,0.0,0.0,14.677422,15.128554,2023-08-01
18197,2023-08-02 12:00:00,19700.0,19532.65,17370100,3154150,14.5,177.1,253200,79350,0.0,-1.0,0.0,0.0,15.064098,15.581081,2023-08-01
23450,2023-08-02 12:00:00,19750.0,19532.65,9802300,1030600,9.1,222.0,122400,10500,0.0,-1.0,0.0,0.0,15.624595,16.440434,2023-08-01
28703,2023-08-02 12:00:00,19800.0,19532.65,16114250,1896450,6.3,268.7,97600,16400,0.0,-1.0,0.0,0.0,16.597197,17.35987,2023-08-01
26077,2023-08-02 12:01:00,19300.0,19525.85,215100,6451000,240.6,9.0,8700,544500,1.0,0.0,0.0,0.0,16.711887,16.86906,2023-08-01
20824,2023-08-02 12:01:00,19350.0,19525.85,135200,4621700,198.05,13.6,4650,346300,1.0,0.0,0.0,0.0,17.077291,16.109557,2023-08-01
15570,2023-08-02 12:01:00,19400.0,19525.85,1205250,6963600,153.15,21.55,66550,493500,1.0,0.0,0.0,0.0,15.566714,15.670906,2023-08-01
10312,2023-08-02 12:01:00,19450.0,19525.85,789850,5647850,115.3,33.35,70500,483300,1.0,0.0,0.0,0.0,15.259241,15.259558,2023-08-01
5054,2023-08-02 12:01:00,19500.0,19525.85,7296150,10902450,82.5,50.85,530050,1335950,1.0,0.0,0.0,0.0,14.97267,15.046755,2023-08-01
2423,2023-08-02 12:01:00,19550.0,19525.85,8906050,7677600,55.35,73.75,601500,726400,0.0,-1.0,0.0,0.0,14.651233,14.739431,2023-08-01
7684,2023-08-02 12:01:00,19600.0,19525.85,18474200,8928650,35.8,104.45,670050,550600,0.0,-1.0,0.0,0.0,14.676726,14.838764,2023-08-01
12941,2023-08-02 12:01:00,19650.0,19525.85,13117200,2907850,22.5,140.95,368000,164400,0.0,-1.0,0.0,0.0,14.899447,15.036691,2023-08-01
18198,2023-08-02 12:01:00,19700.0,19525.85,17370100,3154150,14.05,182.35,463600,146950,0.0,-1.0,0.0,0.0,15.313412,15.436781,2023-08-01
23451,2023-08-02 12:01:00,19750.0,19525.85,9802300,1030600,8.8,227.4,301500,85500,0.0,-1.0,0.0,0.0,15.844273,16.160966,2023-08-01
28704,2023-08-02 12:01:00,19800.0,19525.85,16114250,1896450,6.2,275.25,179850,30900,0.0,-1.0,0.0,0.0,16.869339,17.556313,2023-08-01
26078,2023-08-02 12:02:00,19300.0,19526.65,215950,6323800,244.3,8.65,4250,370600,1.0,0.0,0.0,0.0,18.178601,16.734517,2023-08-01
20825,2023-08-02 12:02:00,19350.0,19526.65,138300,4551100,198.0,12.9,7100,245700,1.0,0.0,0.0,0.0,16.812631,15.881936,2023-08-01
15571,2023-08-02 12:02:00,19400.0,19526.65,1228450,6873100,156.65,20.4,55550,451850,1.0,0.0,0.0,0.0,16.455154,15.37005,2023-08-01
10313,2023-08-02 12:02:00,19450.0,19526.65,797800,5642750,117.95,31.7,49850,435550,1.0,0.0,0.0,0.0,15.807325,14.898158,2023-08-01
5055,2023-08-02 12:02:00,19500.0,19526.65,7271800,10840800,84.7,48.6,393600,903300,1.0,0.0,0.0,0.0,15.383873,14.602778,2023-08-01
2424,2023-08-02 12:02:00,19550.0,19526.65,9089350,7679650,56.75,71.05,593000,494700,0.0,-1.0,0.0,0.0,14.894291,14.220981,2023-08-01
7685,2023-08-02 12:02:00,19600.0,19526.65,18563050,8838850,36.85,101.1,512850,416250,0.0,-1.0,0.0,0.0,14.875852,14.136129,2023-08-01
12942,2023-08-02 12:02:00,19650.0,19526.65,13165650,2869500,23.0,137.25,303500,148050,0.0,-1.0,0.0,0.0,14.995769,14.115836,2023-08-01
18199,2023-08-02 12:02:00,19700.0,19526.65,17484950,3144700,14.3,178.65,394850,103100,0.0,-1.0,0.0,0.0,15.363668,14.270219,2023-08-01
23452,2023-08-02 12:02:00,19750.0,19526.65,9781050,998050,9.0,223.2,325050,12750,0.0,-1.0,0.0,0.0,15.905921,14.319915,2023-08-01
28705,2023-08-02 12:02:00,19800.0,19526.65,16121200,1888200,6.25,271.4,91050,19600,0.0,-1.0,0.0,0.0,16.867936,15.467592,2023-08-01
26079,2023-08-02 12:03:00,19300.0,19533.65,215950,6323800,249.2,8.65,8600,356700,1.0,0.0,0.0,0.0,17.545532,17.102911,2023-08-01
20826,2023-08-02 12:03:00,19350.0,19533.65,138300,4551100,203.3,12.7,10000,274350,1.0,0.0,0.0,0.0,16.569873,16.209864,2023-08-01
15572,2023-08-02 12:03:00,19400.0,19533.65,1228450,6873100,160.8,19.9,86650,504100,1.0,0.0,0.0,0.0,16.05484,15.681098,2023-08-01
10314,2023-08-02 12:03:00,19450.0,19533.65,797800,5642750,121.3,30.8,85900,338750,1.0,0.0,0.0,0.0,15.416541,15.215836,2023-08-01
5056,2023-08-02 12:03:00,19500.0,19533.65,7271800,10840800,87.7,47.15,528200,840450,1.0,0.0,0.0,0.0,15.127096,14.940299,2023-08-01
2425,2023-08-02 12:03:00,19550.0,19533.65,9089350,7679650,58.95,68.95,580250,476150,0.0,-1.0,0.0,0.0,14.651954,14.600319,2023-08-01
7686,2023-08-02 12:03:00,19600.0,19533.65,18563050,8838850,38.4,98.35,708550,369150,0.0,-1.0,0.0,0.0,14.660834,14.59717,2023-08-01
12943,2023-08-02 12:03:00,19650.0,19533.65,13165650,2869500,24.0,133.7,332500,100250,0.0,-1.0,0.0,0.0,14.793288,14.650875,2023-08-01
18200,2023-08-02 12:03:00,19700.0,19533.65,17484950,3144700,14.85,174.35,402550,124250,0.0,-1.0,0.0,0.0,15.145093,14.897068,2023-08-01
23453,2023-08-02 12:03:00,19750.0,19533.65,9781050,998050,9.3,218.6,244500,25100,0.0,-1.0,0.0,0.0,15.682134,15.260277,2023-08-01
28706,2023-08-02 12:03:00,19800.0,19533.65,16121200,1888200,6.4,266.2,164250,34050,0.0,-1.0,0.0,0.0,16.626809,16.407147,2023-08-01
26080,2023-08-02 12:04:00,19300.0,19535.95,215950,6323800,251.8,8.25,8550,169200,1.0,0.0,0.0,0.0,17.825548,17.011835,2023-08-01
20827,2023-08-02 12:04:00,19350.0,19535.95,138300,4551100,204.75,12.2,5450,178950,1.0,0.0,0.0,0.0,16.363773,16.138865,2023-08-01
15573,2023-08-02 12:04:00,19400.0,19535.95,1228450,6873100,162.0,19.15,71650,358200,1.0,0.0,0.0,0.0,15.861704,15.593828,2023-08-01
10315,2023-08-02 12:04:00,19450.0,19535.95,797800,5642750,123.25,29.65,100750,311600,1.0,0.0,0.0,0.0,15.508292,15.090884,2023-08-01
5057,2023-08-02 12:04:00,19500.0,19535.95,7271800,10840800,89.1,45.5,490200,685700,1.0,0.0,0.0,0.0,15.137285,14.770888,2023-08-01
2426,2023-08-02 12:04:00,19550.0,19535.95,9089350,7679650,60.05,66.9,585450,391150,0.0,-1.0,0.0,0.0,14.656394,14.408839,2023-08-01
7687,2023-08-02 12:04:00,19600.0,19535.95,18563050,8838850,39.0,95.9,600250,327650,0.0,-1.0,0.0,0.0,14.610998,14.363113,2023-08-01
12944,2023-08-02 12:04:00,19650.0,19535.95,13165650,2869500,24.3,131.2,246700,115600,0.0,-1.0,0.0,0.0,14.718163,14.431739,2023-08-01
18201,2023-08-02 12:04:00,19700.0,19535.95,17484950,3144700,14.9,172.2,325050,83000,0.0,-1.0,0.0,0.0,15.026824,14.815461,2023-08-01
23454,2023-08-02 12:04:00,19750.0,19535.95,9781050,998050,9.25,217.25,196300,15400,0.0,-1.0,0.0,0.0,15.539305,15.603236,2023-08-01
28707,2023-08-02 12:04:00,19800.0,19535.95,16121200,1888200,6.4,263.55,126850,22300,0.0,-1.0,0.0,0.0,16.519347,16.070794,2023-08-01
26081,2023-08-02 12:05:00,19300.0,19541.45,212900,6228950,255.0,8.1,14100,192600,1.0,0.0,0.0,0.0,16.883733,17.215912,2023-08-01
20828,2023-08-02 12:05:00,19350.0,19541.45,139300,4591900,209.0,11.9,9800,207450,1.0,0.0,0.0,0.0,16.154298,16.328723,2023-08-01
15574,2023-08-02 12:05:00,19400.0,19541.45,1250450,6844450,165.45,18.65,77500,425150,1.0,0.0,0.0,0.0,15.550061,15.791093,2023-08-01
10316,2023-08-02 12:05:00,19450.0,19541.45,849800,5656350,125.8,28.95,126050,303050,1.0,0.0,0.0,0.0,15.138654,15.326124,2023-08-01
5058,2023-08-02 12:05:00,19500.0,19541.45,7445500,11092950,91.4,44.2,703750,931200,1.0,0.0,0.0,0.0,14.891892,14.976227,2023-08-01
2427,2023-08-02 12:05:00,19550.0,19541.45,9204000,7762100,61.45,65.0,738500,535200,0.0,-1.0,0.0,0.0,14.365902,14.622195,2023-08-01
7688,2023-08-02 12:05:00,19600.0,19541.45,18556350,8899550,40.0,93.6,725900,420250,0.0,-1.0,0.0,0.0,14.369916,14.656042,2023-08-01
12945,2023-08-02 12:05:00,19650.0,19541.45,13107350,2847450,24.85,128.3,321400,169250,0.0,-1.0,0.0,0.0,14.478005,14.772204,2023-08-01
18202,2023-08-02 12:05:00,19700.0,19541.45,17526300,3148800,15.25,168.4,388150,117450,0.0,-1.0,0.0,0.0,14.816765,15.085579,2023-08-01
23455,2023-08-02 12:05:00,19750.0,19541.45,9746850,982600,9.45,212.8,214550,32600,0.0,-1.0,0.0,0.0,15.341437,15.791687,2023-08-01
28708,2023-08-02 12:05:00,19800.0,19541.45,16104800,1878550,6.4,260.05,140800,21900,0.0,-1.0,0.0,0.0,16.254408,17.018219,2023-08-01
26082,2023-08-02 12:06:00,19300.0,19541.35,212900,6228950,253.95,8.05,7750,135850,1.0,0.0,0.0,0.0,16.323717,17.188118,2023-08-01
20829,2023-08-02 12:06:00,19350.0,19541.35,139300,4591900,208.0,11.9,4900,167600,1.0,0.0,0.0,0.0,15.75865,16.327826,2023-08-01
15575,2023-08-02 12:06:00,19400.0,19541.35,1250450,6844450,164.5,18.7,53150,245950,1.0,0.0,0.0,0.0,15.261417,15.805811,2023-08-01
10317,2023-08-02 12:06:00,19450.0,19541.35,849800,5656350,125.1,28.9,80800,201300,1.0,0.0,0.0,0.0,14.971884,15.309283,2023-08-01
5059,2023-08-02 12:06:00,19500.0,19541.35,7445500,11092950,90.45,44.55,478150,568900,1.0,0.0,0.0,0.0,14.683963,15.05505,2023-08-01
2428,2023-08-02 12:06:00,19550.0,19541.35,9204000,7762100,61.0,65.35,596450,336500,0.0,-1.0,0.0,0.0,14.278833,14.694916,2023-08-01
7689,2023-08-02 12:06:00,19600.0,19541.35,18556350,8899550,39.65,94.1,578500,283600,0.0,-1.0,0.0,0.0,14.298815,14.765578,2023-08-01
12946,2023-08-02 12:06:00,19650.0,19541.35,13107350,2847450,24.6,129.2,277900,93650,0.0,-1.0,0.0,0.0,14.419509,15.006235,2023-08-01
18203,2023-08-02 12:06:00,19700.0,19541.35,17526300,3148800,15.05,169.3,335700,59450,0.0,-1.0,0.0,0.0,14.756668,15.37249,2023-08-01
23456,2023-08-02 12:06:00,19750.0,19541.35,9746850,982600,9.4,214.0,196350,12450,0.0,-1.0,0.0,0.0,15.328254,16.286148,2023-08-01
28709,2023-08-02 12:06:00,19800.0,19541.35,16104800,1878550,6.45,261.05,136300,18000,0.0,-1.0,0.0,0.0,16.295236,17.522366,2023-08-01
26083,2023-08-02 12:07:00,19300.0,19542.75,212900,6228950,254.0,7.9,19550,292150,1.0,0.0,0.0,0.0,15.52623,17.180561,2023-08-01
20830,2023-08-02 12:07:00,19350.0,19542.75,139300,4591900,207.95,11.7,8300,246750,1.0,0.0,0.0,0.0,15.172121,16.32559,2023-08-01
15576,2023-08-02 12:07:00,19400.0,19542.75,1250450,6844450,165.45,18.3,72150,385150,1.0,0.0,0.0,0.0,15.201402,15.767122,2023-08-01
10318,2023-08-02 12:07:00,19450.0,19542.75,849800,5656350,125.6,28.45,133000,331450,1.0,0.0,0.0,0.0,14.833669,15.296547,2023-08-01
5060,2023-08-02 12:07:00,19500.0,19542.75,7445500,11092950,90.75,43.75,507450,863750,1.0,0.0,0.0,0.0,14.552381,14.996,2023-08-01
2429,2023-08-02 12:07:00,19550.0,19542.75,9204000,7762100,61.15,64.45,666050,492900,0.0,-1.0,0.0,0.0,14.158419,14.654013,2023-08-01
7690,2023-08-02 12:07:00,19600.0,19542.75,18556350,8899550,39.6,93.1,649350,381000,0.0,-1.0,0.0,0.0,14.165558,14.73913,2023-08-01
12947,2023-08-02 12:07:00,19650.0,19542.75,13107350,2847450,24.65,128.0,312050,120400,0.0,-1.0,0.0,0.0,14.335492,14.961077,2023-08-01
18204,2023-08-02 12:07:00,19700.0,19542.75,17526300,3148800,15.1,168.55,332300,106500,0.0,-1.0,0.0,0.0,14.692216,15.509037,2023-08-01
23457,2023-08-02 12:07:00,19750.0,19542.75,9746850,982600,9.35,212.9,182150,29350,0.0,-1.0,0.0,0.0,15.233605,16.339849,2023-08-01
28710,2023-08-02 12:07:00,19800.0,19542.75,16104800,1878550,6.4,260.3,132800,15600,0.0,-1.0,0.0,0.0,16.200652,17.796514,2023-08-01
26084,2023-08-02 12:08:00,19300.0,19543.9,212700,6209600,253.8,7.8,4700,198150,1.0,0.0,0.0,0.0,14.588671,17.187492,2023-08-01
20831,2023-08-02 12:08:00,19350.0,19543.9,134600,4619300,207.1,11.7,3650,132900,1.0,0.0,0.0,0.0,14.234364,16.395068,2023-08-01
15577,2023-08-02 12:08:00,19400.0,19543.9,1229650,6768700,164.1,18.35,58650,267900,1.0,0.0,0.0,0.0,14.392942,15.862406,2023-08-01
10319,2023-08-02 12:08:00,19450.0,19543.9,878050,5647850,124.7,28.55,79350,250850,1.0,0.0,0.0,0.0,14.350627,15.415105,2023-08-01
5061,2023-08-02 12:08:00,19500.0,19543.9,7512000,11070500,90.05,43.9,419300,496800,1.0,0.0,0.0,0.0,14.214785,15.141403,2023-08-01
2430,2023-08-02 12:08:00,19550.0,19543.9,9251000,7773950,60.4,64.8,528950,375700,0.0,-1.0,0.0,0.0,13.859077,14.870245,2023-08-01
7691,2023-08-02 12:08:00,19600.0,19543.9,18652850,8895250,39.3,93.6,689400,287100,0.0,-1.0,0.0,0.0,13.993937,15.034861,2023-08-01
12948,2023-08-02 12:08:00,19650.0,19543.9,13142250,2847700,24.35,128.75,264850,87400,0.0,-1.0,0.0,0.0,14.171082,15.400393,2023-08-01
18205,2023-08-02 12:08:00,19700.0,19543.9,17567250,3129350,15.05,169.55,298600,82500,0.0,-1.0,0.0,0.0,14.60765,16.154166,2023-08-01
23458,2023-08-02 12:08:00,19750.0,19543.9,9708200,981400,9.4,213.75,192700,21450,0.0,-1.0,0.0,0.0,15.199379,17.106404,2023-08-01
28711,2023-08-02 12:08:00,19800.0,19543.9,16107850,1872900,6.45,261.15,190100,10900,0.0,-1.0,0.0,0.0,16.179736,18.732191,2023-08-01
26085,2023-08-02 12:09:00,19300.0,19543.45,212700,6209600,252.35,7.8,3800,185150,1.0,0.0,0.0,0.0,13.709034,17.169738,2023-08-01
20832,2023-08-02 12:09:00,19350.0,19543.45,134600,4619300,207.65,11.75,4100,118150,1.0,0.0,0.0,0.0,14.733046,16.396144,2023-08-01
15578,2023-08-02 12:09:00,19400.0,19543.45,1229650,6768700,163.1,18.6,45950,186550,1.0,0.0,0.0,0.0,14.169337,15.92184,2023-08-01
10320,2023-08-02 12:09:00,19450.0,19543.45,878050,5647850,123.75,29.0,62750,173250,1.0,0.0,0.0,0.0,14.181407,15.508936,2023-08-01
5062,2023-08-02 12:09:00,19500.0,19543.45,7512000,11070500,88.95,44.45,284700,320000,1.0,0.0,0.0,0.0,14.021763,15.236764,2023-08-01
2431,2023-08-02 12:09:00,19550.0,19543.45,9251000,7773950,59.6,65.7,431800,286200,0.0,-1.0,0.0,0.0,13.731837,15.029403,2023-08-01
7692,2023-08-02 12:09:00,19600.0,19543.45,18652850,8895250,38.8,94.75,373600,214400,0.0,-1.0,0.0,0.0,13.918109,15.248221,2023-08-01
12949,2023-08-02 12:09:00,19650.0,19543.45,13142250,2847700,24.15,130.0,143100,68450,0.0,-1.0,0.0,0.0,14.152307,15.65647,2023-08-01
18206,2023-08-02 12:09:00,19700.0,19543.45,17567250,3129350,14.95,170.5,175850,43050,0.0,-1.0,0.0,0.0,14.604825,16.350684,2023-08-01
23459,2023-08-02 12:09:00,19750.0,19543.45,9708200,981400,9.25,214.9,120400,63150,0.0,-1.0,0.0,0.0,15.158186,17.415922,2023-08-01
28712,2023-08-02 12:09:00,19800.0,19543.45,16107850,1872900,6.45,262.35,97000,16200,0.0,-1.0,0.0,0.0,16.207066,19.113353,2023-08-01
26086,2023-08-02 12:10:00,19300.0,19543.9,212700,6209600,250.9,7.85,8900,202850,1.0,0.0,0.0,0.0,11.376379,17.225896,2023-08-01
20833,2023-08-02 12:10:00,19350.0,19543.9,134600,4619300,205.75,11.75,5650,170150,1.0,0.0,0.0,0.0,13.494704,16.426282,2023-08-01
15579,2023-08-02 12:10:00,19400.0,19543.9,1229650,6768700,162.6,18.35,62350,342100,1.0,0.0,0.0,0.0,13.847124,15.871594,2023-08-01
10321,2023-08-02 12:10:00,19450.0,19543.9,878050,5647850,123.2,28.65,80700,297850,1.0,0.0,0.0,0.0,13.934684,15.45141,2023-08-01
5063,2023-08-02 12:10:00,19500.0,19543.9,7512000,11070500,88.7,44.3,430750,601700,1.0,0.0,0.0,0.0,13.897259,15.24619,2023-08-01
2432,2023-08-02 12:10:00,19550.0,19543.9,9251000,7773950,59.25,65.4,748150,469250,0.0,-1.0,0.0,0.0,13.604327,15.016218,2023-08-01
7693,2023-08-02 12:10:00,19600.0,19543.9,18652850,8895250,38.35,94.35,727650,464200,0.0,-1.0,0.0,0.0,13.77315,15.222935,2023-08-01
12950,2023-08-02 12:10:00,19650.0,19543.9,13142250,2847700,23.75,129.95,388700,117250,0.0,-1.0,0.0,0.0,14.010747,15.734726,2023-08-01
18207,2023-08-02 12:10:00,19700.0,19543.9,17567250,3129350,14.65,170.75,391050,80250,0.0,-1.0,0.0,0.0,14.474602,16.551531,2023-08-01
23460,2023-08-02 12:10:00,19750.0,19543.9,9708200,981400,9.1,214.9,243200,18700,0.0,-1.0,0.0,0.0,15.067632,17.570503,2023-08-01
28713,2023-08-02 12:10:00,19800.0,19543.9,16107850,1872900,6.4,262.65,236050,16600,0.0,-1.0,0.0,0.0,16.159296,19.436654,2023-08-01
26087,2023-08-02 12:11:00,19300.0,19539.45,216700,6165950,248.4,8.25,4950,167350,1.0,0.0,0.0,0.0,13.595144,17.22659,2023-08-01
20834,2023-08-02 12:11:00,19350.0,19539.45,135200,4614800,201.9,12.3,4250,183750,1.0,0.0,0.0,0.0,13.616741,16.413655,2023-08-01
15580,2023-08-02 12:11:00,19400.0,19539.45,1244200,6761650,158.7,19.3,61750,305000,1.0,0.0,0.0,0.0,13.788932,15.90352,2023-08-01
10322,2023-08-02 12:11:00,19450.0,19539.45,900550,5700600,119.5,30.15,77150,316550,1.0,0.0,0.0,0.0,13.827157,15.525491,2023-08-01
5064,2023-08-02 12:11:00,19500.0,19539.45,7544750,11078250,85.55,46.05,345500,616250,1.0,0.0,0.0,0.0,13.813472,15.25894,2023-08-01
2433,2023-08-02 12:11:00,19550.0,19539.45,9252300,7828550,56.85,67.95,477250,466800,0.0,-1.0,0.0,0.0,13.564111,15.091213,2023-08-01
7694,2023-08-02 12:11:00,19600.0,19539.45,18717800,8890100,36.65,97.7,574250,326750,0.0,-1.0,0.0,0.0,13.760017,15.368325,2023-08-01
12951,2023-08-02 12:11:00,19650.0,19539.45,13173550,2826300,22.75,133.7,274450,106950,0.0,-1.0,0.0,0.0,14.052674,15.886329,2023-08-01
18208,2023-08-02 12:11:00,19700.0,19539.45,17630850,3122000,14.05,174.45,283200,75200,0.0,-1.0,0.0,0.0,14.53617,16.604542,2023-08-01
23461,2023-08-02 12:11:00,19750.0,19539.45,9743900,1010450,8.9,219.05,192200,16200,0.0,-1.0,0.0,0.0,15.216738,17.718254,2023-08-01
28714,2023-08-02 12:11:00,19800.0,19539.45,16147500,1872200,6.25,267.1,102550,18250,0.0,-1.0,0.0,0.0,16.29019,19.686542,2023-08-01
26088,2023-08-02 12:12:00,19300.0,19539.05,216700,6165950,251.4,8.05,5350,139900,1.0,0.0,0.0,0.0,16.098528,17.100902,2023-08-01
20835,2023-08-02 12:12:00,19350.0,19539.05,135200,4614800,205.8,12.05,4500,128000,1.0,0.0,0.0,0.0,15.712828,16.28991,2023-08-01
15581,2023-08-02 12:12:00,19400.0,19539.05,1244200,6761650,161.65,18.9,45600,298900,1.0,0.0,0.0,0.0,14.9607,15.750228,2023-08-01
10323,2023-08-02 12:12:00,19450.0,19539.05,900550,5700600,122.5,29.25,91900,260650,1.0,0.0,0.0,0.0,14.747565,15.255489,2023-08-01
5065,2023-08-02 12:12:00,19500.0,19539.05,7544750,11078250,87.9,45.2,427150,525100,1.0,0.0,0.0,0.0,14.442195,15.022883,2023-08-01
2434,2023-08-02 12:12:00,19550.0,19539.05,9252300,7828550,58.75,66.15,353600,406400,0.0,-1.0,0.0,0.0,14.050434,14.634737,2023-08-01
7695,2023-08-02 12:12:00,19600.0,19539.05,18717800,8890100,37.95,95.45,462950,317100,0.0,-1.0,0.0,0.0,14.118081,14.765888,2023-08-01
12952,2023-08-02 12:12:00,19650.0,19539.05,13173550,2826300,23.45,130.95,181950,78650,0.0,-1.0,0.0,0.0,14.28762,15.046127,2023-08-01
18209,2023-08-02 12:12:00,19700.0,19539.05,17630850,3122000,14.5,172.0,281300,93350,0.0,-1.0,0.0,0.0,14.729425,15.67789,2023-08-01
23462,2023-08-02 12:12:00,19750.0,19539.05,9743900,1010450,9.1,216.25,126450,17700,0.0,-1.0,0.0,0.0,15.339498,16.414952,2023-08-01
28715,2023-08-02 12:12:00,19800.0,19539.05,16147500,1872200,6.3,263.6,84800,14900,0.0,-1.0,0.0,0.0,16.3463,17.796532,2023-08-01
26089,2023-08-02 12:13:00,19300.0,19540.2,216700,6165950,252.35,7.95,2050,84700,1.0,0.0,0.0,0.0,16.036928,17.109025,2023-08-01
20836,2023-08-02 12:13:00,19350.0,19540.2,135200,4614800,205.7,11.8,4900,118550,1.0,0.0,0.0,0.0,15.21254,16.253219,2023-08-01
15582,2023-08-02 12:13:00,19400.0,19540.2,1244200,6761650,163.2,18.6,24100,160750,1.0,0.0,0.0,0.0,15.176593,15.730044,2023-08-01
10324,2023-08-02 12:13:00,19450.0,19540.2,900550,5700600,123.6,28.75,40550,132600,1.0,0.0,0.0,0.0,14.825908,15.21154,2023-08-01
5066,2023-08-02 12:13:00,19500.0,19540.2,7544750,11078250,88.8,44.1,183700,354800,1.0,0.0,0.0,0.0,14.493243,14.87058,2023-08-01
2435,2023-08-02 12:13:00,19550.0,19540.2,9252300,7828550,59.6,65.0,210950,203700,0.0,-1.0,0.0,0.0,14.120901,14.508974,2023-08-01
7696,2023-08-02 12:13:00,19600.0,19540.2,18717800,8890100,38.45,94.15,237950,139300,0.0,-1.0,0.0,0.0,14.142591,14.630171,2023-08-01
12953,2023-08-02 12:13:00,19650.0,19540.2,13173550,2826300,23.8,129.55,151250,44700,0.0,-1.0,0.0,0.0,14.308917,14.894666,2023-08-01
18210,2023-08-02 12:13:00,19700.0,19540.2,17630850,3122000,14.6,170.0,132550,47600,0.0,-1.0,0.0,0.0,14.699475,15.314654,2023-08-01
23463,2023-08-02 12:13:00,19750.0,19540.2,9743900,1010450,9.2,214.55,126750,10950,0.0,-1.0,0.0,0.0,15.330032,16.111807,2023-08-01
28716,2023-08-02 12:13:00,19800.0,19540.2,16147500,1872200,6.3,262.2,119400,6500,0.0,-1.0,0.0,0.0,16.294963,17.606297,2023-08-01
26090,2023-08-02 12:14:00,19300.0,19540.55,216700,6184250,251.9,7.95,1250,92500,1.0,0.0,0.0,0.0,15.538627,17.13192,2023-08-01
20837,2023-08-02 12:14:00,19350.0,19540.55,134900,4656200,205.95,11.85,3100,80350,1.0,0.0,0.0,0.0,15.190821,16.299247,2023-08-01
15583,2023-08-02 12:14:00,19400.0,19540.55,1255450,6844000,162.5,18.65,32300,142700,1.0,0.0,0.0,0.0,14.841738,15.77395,2023-08-01
10325,2023-08-02 12:14:00,19450.0,19540.55,889650,5750200,122.75,29.0,44350,124150,1.0,0.0,0.0,0.0,14.525492,15.310787,2023-08-01
5067,2023-08-02 12:14:00,19500.0,19540.55,7521450,11208750,88.3,44.55,181700,361100,1.0,0.0,0.0,0.0,14.32595,15.015076,2023-08-01
2436,2023-08-02 12:14:00,19550.0,19540.55,9261900,7826850,59.1,65.65,236150,185300,0.0,-1.0,0.0,0.0,13.97102,14.703276,2023-08-01
7697,2023-08-02 12:14:00,19600.0,19540.55,18707200,8898350,38.2,94.8,257500,163850,0.0,-1.0,0.0,0.0,14.055057,14.845214,2023-08-01
12954,2023-08-02 12:14:00,19650.0,19540.55,13175250,2815900,23.75,130.2,198750,59650,0.0,-1.0,0.0,0.0,14.273779,15.152148,2023-08-01
18211,2023-08-02 12:14:00,19700.0,19540.55,17640100,3100600,14.6,170.75,116350,46900,0.0,-1.0,0.0,0.0,14.682584,15.675516,2023-08-01
23464,2023-08-02 12:14:00,19750.0,19540.55,9718650,1011700,9.05,215.0,101650,8700,0.0,-1.0,0.0,0.0,15.244257,16.446306,2023-08-01
28717,2023-08-02 12:14:00,19800.0,19540.55,16139150,1876600,6.3,261.55,83150,7350,0.0,-1.0,0.0,0.0,16.282913,17.428332,2023-08-01
26091,2023-08-02 12:15:00,19300.0,19538.35,216600,6184250,249.2,8.15,2100,108950,1.0,0.0,0.0,0.0,15.095042,17.135414,2023-08-01
20838,2023-08-02 12:15:00,19350.0,19538.35,134900,4656200,205.2,12.15,1450,96250,1.0,0.0,0.0,0.0,15.736767,16.306723,2023-08-01
15584,2023-08-02 12:15:00,19400.0,19538.35,1255450,6844000,160.0,19.15,32300,236900,1.0,0.0,0.0,0.0,14.603966,15.800703,2023-08-01
10326,2023-08-02 12:15:00,19450.0,19538.35,889650,5750200,120.55,29.85,41050,221850,1.0,0.0,0.0,0.0,14.365755,15.377505,2023-08-01
5068,2023-08-02 12:15:00,19500.0,19538.35,7521450,11208750,86.7,45.85,270800,383850,1.0,0.0,0.0,0.0,14.27232,15.125565,2023-08-01
2437,2023-08-02 12:15:00,19550.0,19538.35,9261900,7826850,57.9,67.6,326200,293650,0.0,-1.0,0.0,0.0,13.947557,14.898143,2023-08-01
7698,2023-08-02 12:15:00,19600.0,19538.35,18707200,8898350,37.4,97.0,332900,277800,0.0,-1.0,0.0,0.0,14.059234,15.047314,2023-08-01
12955,2023-08-02 12:15:00,19650.0,19538.35,13175250,2815900,23.15,132.85,180650,91350,0.0,-1.0,0.0,0.0,14.265829,15.44557,2023-08-01
18212,2023-08-02 12:15:00,19700.0,19538.35,17640100,3100600,14.3,173.4,213150,71400,0.0,-1.0,0.0,0.0,14.71381,15.973321,2023-08-01
23465,2023-08-02 12:15:00,19750.0,19538.35,9718650,1011700,8.95,217.6,155550,8250,0.0,-1.0,0.0,0.0,15.31958,16.74658,2023-08-01
28718,2023-08-02 12:15:00,19800.0,19538.35,16139150,1876600,6.25,265.7,107550,19100,0.0,-1.0,0.0,0.0,16.36483,18.569103,2023-08-01
26092,2023-08-02 12:16:00,19300.0,19537.5,216600,6184250,247.75,8.25,6250,84500,1.0,0.0,0.0,0.0,14.623766,17.151689,2023-08-01
20839,2023-08-02 12:16:00,19350.0,19537.5,134900,4656200,202.0,12.25,1850,72150,1.0,0.0,0.0,0.0,14.606866,16.305162,2023-08-01
15585,2023-08-02 12:16:00,19400.0,19537.5,1255450,6844000,159.0,19.35,29900,134450,1.0,0.0,0.0,0.0,14.503493,15.815276,2023-08-01
10327,2023-08-02 12:16:00,19450.0,19537.5,889650,5750200,119.7,30.0,50500,127650,1.0,0.0,0.0,0.0,14.306953,15.356905,2023-08-01
5069,2023-08-02 12:16:00,19500.0,19537.5,7521450,11208750,85.85,46.1,219850,359950,1.0,0.0,0.0,0.0,14.198395,15.10978,2023-08-01
2438,2023-08-02 12:16:00,19550.0,19537.5,9261900,7826850,57.4,68.0,244100,271100,0.0,-1.0,0.0,0.0,13.932191,14.893944,2023-08-01
7699,2023-08-02 12:16:00,19600.0,19537.5,18707200,8898350,37.0,97.8,312700,233050,0.0,-1.0,0.0,0.0,14.040556,15.115414,2023-08-01
12956,2023-08-02 12:16:00,19650.0,19537.5,13175250,2815900,23.05,133.7,165550,67350,0.0,-1.0,0.0,0.0,14.302928,15.512875,2023-08-01
18213,2023-08-02 12:16:00,19700.0,19537.5,17640100,3100600,14.2,174.65,152100,58450,0.0,-1.0,0.0,0.0,14.734054,16.167539,2023-08-01
23466,2023-08-02 12:16:00,19750.0,19537.5,9718650,1011700,9.0,219.55,103000,8000,0.0,-1.0,0.0,0.0,15.394471,17.262925,2023-08-01
28719,2023-08-02 12:16:00,19800.0,19537.5,16139150,1876600,6.15,267.4,89100,9750,0.0,-1.0,0.0,0.0,16.348428,19.038304,2023-08-01
26093,2023-08-02 12:17:00,19300.0,19536.75,218850,6176550,247.0,8.25,2300,126450,1.0,0.0,0.0,0.0,14.595954,17.118129,2023-08-01
20840,2023-08-02 12:17:00,19350.0,19536.75,135150,4676000,201.55,12.35,4850,195850,1.0,0.0,0.0,0.0,14.717757,16.309024,2023-08-01
15586,2023-08-02 12:17:00,19400.0,19536.75,1253750,6902650,158.4,19.5,34850,315450,1.0,0.0,0.0,0.0,14.514081,15.819652,2023-08-01
10328,2023-08-02 12:17:00,19450.0,19536.75,892550,5764650,119.5,30.2,58050,261550,1.0,0.0,0.0,0.0,14.407111,15.357237,2023-08-01
5070,2023-08-02 12:17:00,19500.0,19536.75,7601400,11169100,85.55,46.4,345800,541600,1.0,0.0,0.0,0.0,14.241278,15.114987,2023-08-01
2439,2023-08-02 12:17:00,19550.0,19536.75,9270850,7815600,57.1,68.2,378550,418200,0.0,-1.0,0.0,0.0,13.951328,14.855144,2023-08-01
7700,2023-08-02 12:17:00,19600.0,19536.75,18754900,8875200,36.9,98.0,357850,293650,0.0,-1.0,0.0,0.0,14.086486,15.052359,2023-08-01
12957,2023-08-02 12:17:00,19650.0,19536.75,13184250,2822000,22.9,134.15,204950,97200,0.0,-1.0,0.0,0.0,14.318122,15.488608,2023-08-01
18214,2023-08-02 12:17:00,19700.0,19536.75,17666100,3070300,14.2,175.2,293050,106150,0.0,-1.0,0.0,0.0,14.78474,16.151592,2023-08-01
23467,2023-08-02 12:17:00,19750.0,19536.75,9695450,1012900,8.9,220.0,149400,23100,0.0,-1.0,0.0,0.0,15.391156,17.184653,2023-08-01
28720,2023-08-02 12:17:00,19800.0,19536.75,16143450,1878800,6.2,267.35,125900,13500,0.0,-1.0,0.0,0.0,16.422098,18.687203,2023-08-01
26094,2023-08-02 12:18:00,19300.0,19537.1,218850,6176550,248.85,8.05,2400,133400,1.0,0.0,0.0,0.0,15.664806,17.031186,2023-08-01
20841,2023-08-02 12:18:00,19350.0,19537.1,135150,4676000,202.85,11.9,5000,291900,1.0,0.0,0.0,0.0,15.189638,16.143652,2023-08-01
15587,2023-08-02 12:18:00,19400.0,19537.1,1253750,6902650,160.8,19.0,21050,337800,1.0,0.0,0.0,0.0,15.243284,15.683267,2023-08-01
10329,2023-08-02 12:18:00,19450.0,19537.1,892550,5764650,121.1,29.5,26700,177150,1.0,0.0,0.0,0.0,14.781511,15.199694,2023-08-01
5071,2023-08-02 12:18:00,19500.0,19537.1,7601400,11169100,87.15,45.45,190350,422250,1.0,0.0,0.0,0.0,14.578059,14.925529,2023-08-01
2440,2023-08-02 12:18:00,19550.0,19537.1,9270850,7815600,58.4,67.25,211850,272850,0.0,-1.0,0.0,0.0,14.216614,14.681935,2023-08-01
7701,2023-08-02 12:18:00,19600.0,19537.1,18754900,8875200,37.8,96.4,247050,206650,0.0,-1.0,0.0,0.0,14.281778,14.719538,2023-08-01
12958,2023-08-02 12:18:00,19650.0,19537.1,13184250,2822000,23.45,131.85,125650,43600,0.0,-1.0,0.0,0.0,14.456774,14.915589,2023-08-01
18215,2023-08-02 12:18:00,19700.0,19537.1,17666100,3070300,14.45,173.2,225350,67550,0.0,-1.0,0.0,0.0,14.859673,15.563071,2023-08-01
23468,2023-08-02 12:18:00,19750.0,19537.1,9695450,1012900,9.05,218.05,108150,10700,0.0,-1.0,0.0,0.0,15.450077,16.479934,2023-08-01
28721,2023-08-02 12:18:00,19800.0,19537.1,16143450,1878800,6.25,265.1,81950,10200,0.0,-1.0,0.0,0.0,16.441788,17.674488,2023-08-01
26095,2023-08-02 12:19:00,19300.0,19536.95,218850,6176550,251.3,8.15,600,161850,1.0,0.0,0.0,0.0,17.19958,17.083683,2023-08-01
20842,2023-08-02 12:19:00,19350.0,19536.95,135150,4676000,204.0,12.05,1850,124650,1.0,0.0,0.0,0.0,15.771236,16.203548,2023-08-01
15588,2023-08-02 12:19:00,19400.0,19536.95,1253750,6902650,161.2,19.15,21200,123350,1.0,0.0,0.0,0.0,15.423298,15.727336,2023-08-01
10330,2023-08-02 12:19:00,19450.0,19536.95,892550,5764650,121.85,29.65,28650,111050,1.0,0.0,0.0,0.0,15.020432,15.233073,2023-08-01
5072,2023-08-02 12:19:00,19500.0,19536.95,7601400,11169100,87.8,45.55,185150,285100,1.0,0.0,0.0,0.0,14.760316,14.939529,2023-08-01
2441,2023-08-02 12:19:00,19550.0,19536.95,9270850,7815600,58.85,67.15,230450,195750,0.0,-1.0,0.0,0.0,14.341843,14.645113,2023-08-01
7702,2023-08-02 12:19:00,19600.0,19536.95,18754900,8875200,37.9,96.5,263200,142100,0.0,-1.0,0.0,0.0,14.324305,14.724556,2023-08-01
12959,2023-08-02 12:19:00,19650.0,19536.95,13184250,2822000,23.65,131.95,94600,47250,0.0,-1.0,0.0,0.0,14.530051,14.916108,2023-08-01
18216,2023-08-02 12:19:00,19700.0,19536.95,17666100,3070300,14.55,172.6,142550,53050,0.0,-1.0,0.0,0.0,14.910204,15.311059,2023-08-01
23469,2023-08-02 12:19:00,19750.0,19536.95,9695450,1012900,9.1,216.8,102150,8950,0.0,-1.0,0.0,0.0,15.48728,15.856378,2023-08-01
28722,2023-08-02 12:19:00,19800.0,19536.95,16143450,1878800,6.25,264.3,67100,7500,0.0,-1.0,0.0,0.0,16.454375,17.147482,2023-08-01
26096,2023-08-02 12:20:00,19300.0,19537.1,220300,6190000,251.65,8.0,3900,129950,1.0,0.0,0.0,0.0,17.322624,17.013532,2023-08-01
20843,2023-08-02 12:20:00,19350.0,19537.1,136850,4782850,205.35,11.85,2950,92050,1.0,0.0,0.0,0.0,16.301427,16.131811,2023-08-01
15589,2023-08-02 12:20:00,19400.0,19537.1,1253850,6847050,162.0,18.7,26300,99250,1.0,0.0,0.0,0.0,15.654337,15.593343,2023-08-01
10331,2023-08-02 12:20:00,19450.0,19537.1,889800,5790400,122.8,29.2,27500,141850,1.0,0.0,0.0,0.0,15.254199,15.127135,2023-08-01
5073,2023-08-02 12:20:00,19500.0,19537.1,7620150,11262000,88.45,45.0,149900,314050,1.0,0.0,0.0,0.0,14.898987,14.826428,2023-08-01
2442,2023-08-02 12:20:00,19550.0,19537.1,9254000,7848300,59.1,66.1,258000,231800,0.0,-1.0,0.0,0.0,14.38756,14.424899,2023-08-01
7703,2023-08-02 12:20:00,19600.0,19537.1,18720600,8915550,38.2,95.4,249200,146600,0.0,-1.0,0.0,0.0,14.389504,14.482193,2023-08-01
12960,2023-08-02 12:20:00,19650.0,19537.1,13197050,2826400,23.6,130.5,162000,60850,0.0,-1.0,0.0,0.0,14.50948,14.536284,2023-08-01
18217,2023-08-02 12:20:00,19700.0,19537.1,17699750,3061150,14.55,171.0,129650,49900,0.0,-1.0,0.0,0.0,14.905767,14.780671,2023-08-01
23470,2023-08-02 12:20:00,19750.0,19537.1,9697100,1003200,9.05,215.3,100000,13150,0.0,-1.0,0.0,0.0,15.459952,15.202059,2023-08-01
28723,2023-08-02 12:20:00,19800.0,19537.1,16116650,1878850,6.2,262.9,67600,6500,0.0,-1.0,0.0,0.0,16.420581,16.382084,2023-08-01
26097,2023-08-02 12:21:00,19300.0,19537.0,220300,6190000,251.5,8.0,3950,70400,1.0,0.0,0.0,0.0,17.297591,17.013431,2023-08-01
20844,2023-08-02 12:21:00,19350.0,19537.0,136850,4782850,204.65,11.95,1950,98950,1.0,0.0,0.0,0.0,16.046844,16.173455,2023-08-01
15590,2023-08-02 12:21:00,19400.0,19537.0,1253850,6847050,161.7,18.9,22100,180650,1.0,0.0,0.0,0.0,15.587465,15.657442,2023-08-01
10332,2023-08-02 12:21:00,19450.0,19537.0,889800,5790400,122.1,29.4,29650,132900,1.0,0.0,0.0,0.0,15.089258,15.178012,2023-08-01
5074,2023-08-02 12:21:00,19500.0,19537.0,7620150,11262000,88.0,45.15,175100,256000,1.0,0.0,0.0,0.0,14.811014,14.857094,2023-08-01
2443,2023-08-02 12:21:00,19550.0,19537.0,9254000,7848300,58.8,66.25,239200,167350,0.0,-1.0,0.0,0.0,14.334357,14.451578,2023-08-01
7704,2023-08-02 12:21:00,19600.0,19537.0,18720600,8915550,37.85,95.5,173750,120000,0.0,-1.0,0.0,0.0,14.317033,14.49491,2023-08-01
12961,2023-08-02 12:21:00,19650.0,19537.0,13197050,2826400,23.45,130.95,181850,54900,0.0,-1.0,0.0,0.0,14.478123,14.647978,2023-08-01
18218,2023-08-02 12:21:00,19700.0,19537.0,17699750,3061150,14.4,171.75,134850,37250,0.0,-1.0,0.0,0.0,14.861883,15.027573,2023-08-01
23471,2023-08-02 12:21:00,19750.0,19537.0,9697100,1003200,9.0,216.2,98700,3000,0.0,-1.0,0.0,0.0,15.446052,15.600341,2023-08-01
28724,2023-08-02 12:21:00,19800.0,19537.0,16116650,1878850,6.15,263.55,67150,3150,0.0,-1.0,0.0,0.0,16.398912,16.733315,2023-08-01
26098,2023-08-02 12:22:00,19300.0,19535.1,220300,6190000,250.0,8.2,1700,97300,1.0,0.0,0.0,0.0,17.419028,17.030944,2023-08-01
20845,2023-08-02 12:22:00,19350.0,19535.1,136850,4782850,201.5,12.25,3900,166000,1.0,0.0,0.0,0.0,15.398436,16.196245,2023-08-01
15591,2023-08-02 12:22:00,19400.0,19535.1,1253850,6847050,158.8,19.45,29700,161050,1.0,0.0,0.0,0.0,15.136443,15.717529,2023-08-01
10333,2023-08-02 12:22:00,19450.0,19535.1,889800,5790400,119.75,30.2,36750,166900,1.0,0.0,0.0,0.0,14.826078,15.251134,2023-08-01
5075,2023-08-02 12:22:00,19500.0,19535.1,7620150,11262000,85.75,46.35,205550,349650,1.0,0.0,0.0,0.0,14.553399,14.968203,2023-08-01
2444,2023-08-02 12:22:00,19550.0,19535.1,9254000,7848300,57.45,67.95,264950,257100,0.0,-1.0,0.0,0.0,14.23866,14.620638,2023-08-01
7705,2023-08-02 12:22:00,19600.0,19535.1,18720600,8915550,36.8,97.8,307050,206950,0.0,-1.0,0.0,0.0,14.229715,14.765207,2023-08-01
12962,2023-08-02 12:22:00,19650.0,19535.1,13197050,2826400,22.65,133.6,279200,60500,0.0,-1.0,0.0,0.0,14.387128,15.005511,2023-08-01
18219,2023-08-02 12:22:00,19700.0,19535.1,17699750,3061150,14.05,174.9,242900,60250,0.0,-1.0,0.0,0.0,14.85413,15.597619,2023-08-01
23472,2023-08-02 12:22:00,19750.0,19535.1,9697100,1003200,8.75,219.5,102500,7850,0.0,-1.0,0.0,0.0,15.430811,16.35953,2023-08-01
28725,2023-08-02 12:22:00,19800.0,19535.1,16116650,1878850,6.1,267.4,130850,7700,0.0,-1.0,0.0,0.0,16.465171,17.956279,2023-08-01
26099,2023-08-02 12:23:00,19300.0,19539.75,220400,6201900,255.0,7.85,9550,137850,1.0,0.0,0.0,0.0,17.853439,17.080427,2023-08-01
20846,2023-08-02 12:23:00,19350.0,19539.75,136600,4820700,208.6,11.6,5450,193450,1.0,0.0,0.0,0.0,16.724128,16.189133,2023-08-01
15592,2023-08-02 12:23:00,19400.0,19539.75,1249700,6897300,165.5,18.2,60500,356950,1.0,0.0,0.0,0.0,16.125353,15.612804,2023-08-01
10334,2023-08-02 12:23:00,19450.0,19539.75,884050,5846150,125.4,28.2,77300,351600,1.0,0.0,0.0,0.0,15.461084,15.070297,2023-08-01
5076,2023-08-02 12:23:00,19500.0,19539.75,7561000,11343100,90.85,43.6,522900,820000,1.0,0.0,0.0,0.0,15.102624,14.750745,2023-08-01
2445,2023-08-02 12:23:00,19550.0,19539.75,9211550,7872550,61.1,64.15,632000,569000,0.0,-1.0,0.0,0.0,14.565356,14.300311,2023-08-01
7706,2023-08-02 12:23:00,19600.0,19539.75,18674550,8923850,39.35,92.55,698700,440600,0.0,-1.0,0.0,0.0,14.44959,14.208995,2023-08-01
12963,2023-08-02 12:23:00,19650.0,19539.75,13270050,2815350,24.25,127.25,448250,164350,0.0,-1.0,0.0,0.0,14.517151,14.181787,2023-08-01
18220,2023-08-02 12:23:00,19700.0,19539.75,17726350,3073050,14.75,168.0,323200,151300,0.0,-1.0,0.0,0.0,14.829033,14.499309,2023-08-01
23473,2023-08-02 12:23:00,19750.0,19539.75,9713050,1003200,9.05,212.1,231350,19850,0.0,-1.0,0.0,0.0,15.331488,14.79328,2023-08-01
28726,2023-08-02 12:23:00,19800.0,19539.75,16151050,1881400,6.15,259.3,121200,26450,0.0,-1.0,0.0,0.0,16.274402,15.631917,2023-08-01
26100,2023-08-02 12:24:00,19300.0,19542.85,220400,6201900,255.5,7.75,6400,140050,1.0,0.0,0.0,0.0,16.556115,17.186892,2023-08-01
20847,2023-08-02 12:24:00,19350.0,19542.85,136600,4820700,209.3,11.45,7200,134000,1.0,0.0,0.0,0.0,15.864862,16.303793,2023-08-01
15593,2023-08-02 12:24:00,19400.0,19542.85,1249700,6897300,165.9,18.1,55750,217900,1.0,0.0,0.0,0.0,15.425622,15.784149,2023-08-01
10335,2023-08-02 12:24:00,19450.0,19542.85,884050,5846150,125.95,28.05,59000,225300,1.0,0.0,0.0,0.0,15.000857,15.268677,2023-08-01
5077,2023-08-02 12:24:00,19500.0,19542.85,7561000,11343100,91.0,43.4,408800,582200,1.0,0.0,0.0,0.0,14.683157,14.993018,2023-08-01
2446,2023-08-02 12:24:00,19550.0,19542.85,9211550,7872550,61.35,63.7,444700,362950,0.0,-1.0,0.0,0.0,14.274086,14.561667,2023-08-01
7707,2023-08-02 12:24:00,19600.0,19542.85,18674550,8923850,39.5,92.25,435450,330950,0.0,-1.0,0.0,0.0,14.211736,14.615482,2023-08-01
12964,2023-08-02 12:24:00,19650.0,19542.85,13270050,2815350,24.5,127.2,265400,85700,0.0,-1.0,0.0,0.0,14.365025,14.823294,2023-08-01
18221,2023-08-02 12:24:00,19700.0,19542.85,17726350,3073050,14.95,167.45,368800,74850,0.0,-1.0,0.0,0.0,14.712944,15.221583,2023-08-01
23474,2023-08-02 12:24:00,19750.0,19542.85,9713050,1003200,9.15,211.5,163000,11600,0.0,-1.0,0.0,0.0,15.21611,15.8227,2023-08-01
28727,2023-08-02 12:24:00,19800.0,19542.85,16151050,1881400,6.25,259.0,56400,9350,0.0,-1.0,0.0,0.0,16.18998,17.206135,2023-08-01
26101,2023-08-02 12:25:00,19300.0,19542.65,220400,6201900,257.65,7.4,4900,207650,1.0,0.0,0.0,0.0,17.887888,16.980213,2023-08-01
20848,2023-08-02 12:25:00,19350.0,19542.65,136600,4820700,210.8,11.0,3800,421150,1.0,0.0,0.0,0.0,16.6081,16.09879,2023-08-01
15594,2023-08-02 12:25:00,19400.0,19542.65,1249700,6897300,167.0,17.5,54950,445450,1.0,0.0,0.0,0.0,15.861258,15.571919,2023-08-01
10336,2023-08-02 12:25:00,19450.0,19542.65,884050,5846150,127.0,27.25,95000,364150,1.0,0.0,0.0,0.0,15.33734,15.036326,2023-08-01
5078,2023-08-02 12:25:00,19500.0,19542.65,7561000,11343100,91.9,42.15,472400,720350,1.0,0.0,0.0,0.0,14.935923,14.676672,2023-08-01
2447,2023-08-02 12:25:00,19550.0,19542.65,9211550,7872550,61.7,62.55,497600,558850,0.0,-1.0,0.0,0.0,14.382638,14.277298,2023-08-01
7708,2023-08-02 12:25:00,19600.0,19542.65,18674550,8923850,39.95,90.65,641050,426000,0.0,-1.0,0.0,0.0,14.34401,14.200176,2023-08-01
12965,2023-08-02 12:25:00,19650.0,19542.65,13270050,2815350,24.6,125.3,314050,123750,0.0,-1.0,0.0,0.0,14.412823,14.249335,2023-08-01
18222,2023-08-02 12:25:00,19700.0,19542.65,17726350,3073050,14.9,165.95,436300,108650,0.0,-1.0,0.0,0.0,14.712276,14.63676,2023-08-01
23475,2023-08-02 12:25:00,19750.0,19542.65,9713050,1003200,9.15,209.4,170200,23800,0.0,-1.0,0.0,0.0,15.231871,14.74578,2023-08-01
28728,2023-08-02 12:25:00,19800.0,19542.65,16151050,1881400,6.2,257.2,82950,25700,0.0,-1.0,0.0,0.0,16.173647,16.028157,2023-08-01
26102,2023-08-02 12:26:00,19300.0,19542.5,216200,6242200,255.55,7.55,6100,128250,1.0,0.0,0.0,0.0,16.793936,17.064599,2023-08-01
20849,2023-08-02 12:26:00,19350.0,19542.5,132200,4925900,209.05,11.2,4300,175750,1.0,0.0,0.0,0.0,15.903373,16.183755,2023-08-01
15595,2023-08-02 12:26:00,19400.0,19542.5,1240700,6910900,166.0,17.8,40900,229750,1.0,0.0,0.0,0.0,15.56914,15.669072,2023-08-01
10337,2023-08-02 12:26:00,19450.0,19542.5,880150,5801450,126.05,27.65,68250,216600,1.0,0.0,0.0,0.0,15.110201,15.140336,2023-08-01
5079,2023-08-02 12:26:00,19500.0,19542.5,7568650,11285400,90.8,42.75,432650,558550,1.0,0.0,0.0,0.0,14.697553,14.812259,2023-08-01
2448,2023-08-02 12:26:00,19550.0,19542.5,9236750,7909950,61.15,63.15,509700,493000,0.0,-1.0,0.0,0.0,14.277815,14.402337,2023-08-01
7709,2023-08-02 12:26:00,19600.0,19542.5,18727150,8986800,39.5,91.6,541950,328150,0.0,-1.0,0.0,0.0,14.252831,14.412241,2023-08-01
12966,2023-08-02 12:26:00,19650.0,19542.5,13164350,2806200,24.25,126.4,206200,89950,0.0,-1.0,0.0,0.0,14.329261,14.533486,2023-08-01
18223,2023-08-02 12:26:00,19700.0,19542.5,17730350,3078850,14.75,166.9,321350,78250,0.0,-1.0,0.0,0.0,14.672524,14.935169,2023-08-01
23476,2023-08-02 12:26:00,19750.0,19542.5,9683100,1002150,9.05,211.15,202500,11850,0.0,-1.0,0.0,0.0,15.197081,15.528169,2023-08-01
28729,2023-08-02 12:26:00,19800.0,19542.5,16134250,1876550,6.25,258.15,131350,10500,0.0,-1.0,0.0,0.0,16.217587,16.535173,2023-08-01
26103,2023-08-02 12:27:00,19300.0,19539.35,216200,6242200,252.65,7.8,2450,244300,1.0,0.0,0.0,0.0,16.78917,17.052024,2023-08-01
20850,2023-08-02 12:27:00,19350.0,19539.35,132200,4925900,206.65,11.7,2250,193250,1.0,0.0,0.0,0.0,16.066272,16.228761,2023-08-01
15596,2023-08-02 12:27:00,19400.0,19539.35,1240700,6910900,163.0,18.4,28600,204350,1.0,0.0,0.0,0.0,15.423162,15.672128,2023-08-01
10338,2023-08-02 12:27:00,19450.0,19539.35,880150,5801450,123.05,28.55,33500,193950,1.0,0.0,0.0,0.0,14.918314,15.153194,2023-08-01
5080,2023-08-02 12:27:00,19500.0,19539.35,7568650,11285400,88.65,44.7,187350,503600,1.0,0.0,0.0,0.0,14.653192,14.994846,2023-08-01
2449,2023-08-02 12:27:00,19550.0,19539.35,9236750,7909950,59.5,65.65,327800,295500,0.0,-1.0,0.0,0.0,14.260783,14.615477,2023-08-01
7710,2023-08-02 12:27:00,19600.0,19539.35,18727150,8986800,38.3,94.5,372050,274650,0.0,-1.0,0.0,0.0,14.247284,14.639462,2023-08-01
12967,2023-08-02 12:27:00,19650.0,19539.35,13164350,2806200,23.55,129.0,155800,62750,0.0,-1.0,0.0,0.0,14.364499,14.613137,2023-08-01
18224,2023-08-02 12:27:00,19700.0,19539.35,17730350,3078850,14.4,169.45,192350,62950,0.0,-1.0,0.0,0.0,14.745747,14.920863,2023-08-01
23477,2023-08-02 12:27:00,19750.0,19539.35,9683100,1002150,8.95,214.6,115850,11700,0.0,-1.0,0.0,0.0,15.324449,15.844011,2023-08-01
28730,2023-08-02 12:27:00,19800.0,19539.35,16134250,1876550,6.2,262.0,146000,8350,0.0,-1.0,0.0,0.0,16.34655,17.110401,2023-08-01
26104,2023-08-02 12:28:00,19300.0,19536.95,216200,6242200,251.2,7.95,3850,179500,1.0,0.0,0.0,0.0,17.208914,17.018335,2023-08-01
20851,2023-08-02 12:28:00,19350.0,19536.95,132200,4925900,204.75,11.85,3550,220650,1.0,0.0,0.0,0.0,16.152515,16.161275,2023-08-01
15597,2023-08-02 12:28:00,19400.0,19536.95,1240700,6910900,161.4,19.15,50550,318900,1.0,0.0,0.0,0.0,15.541596,15.768697,2023-08-01
10339,2023-08-02 12:28:00,19450.0,19536.95,880150,5801450,121.75,29.75,52500,411600,1.0,0.0,0.0,0.0,15.041284,15.299779,2023-08-01
5081,2023-08-02 12:28:00,19500.0,19536.95,7568650,11285400,87.55,45.6,297750,619800,1.0,0.0,0.0,0.0,14.746121,14.989716,2023-08-01
2450,2023-08-02 12:28:00,19550.0,19536.95,9236750,7909950,58.55,66.6,394000,371200,0.0,-1.0,0.0,0.0,14.315949,14.554541,2023-08-01
7711,2023-08-02 12:28:00,19600.0,19536.95,18727150,8986800,37.65,95.95,367600,315450,0.0,-1.0,0.0,0.0,14.305289,14.624885,2023-08-01
12968,2023-08-02 12:28:00,19650.0,19536.95,13164350,2806200,23.25,131.4,190400,115250,0.0,-1.0,0.0,0.0,14.456841,14.792642,2023-08-01
18225,2023-08-02 12:28:00,19700.0,19536.95,17730350,3078850,14.2,172.1,268700,75650,0.0,-1.0,0.0,0.0,14.825,15.163855,2023-08-01
23478,2023-08-02 12:28:00,19750.0,19536.95,9683100,1002150,8.85,216.5,122750,10900,0.0,-1.0,0.0,0.0,15.410191,15.744814,2023-08-01
28731,2023-08-02 12:28:00,19800.0,19536.95,16134250,1876550,6.15,264.45,142850,13550,0.0,-1.0,0.0,0.0,16.437988,17.264307,2023-08-01
26105,2023-08-02 12:29:00,19300.0,19536.45,217800,6302250,249.85,7.85,1450,91000,1.0,0.0,0.0,0.0,16.713985,16.941781,2023-08-01
20852,2023-08-02 12:29:00,19350.0,19536.45,134250,5037200,205.1,11.8,3750,197950,1.0,0.0,0.0,0.0,16.488884,16.116102,2023-08-01
15598,2023-08-02 12:29:00,19400.0,19536.45,1233600,6893400,161.3,18.75,27950,293550,1.0,0.0,0.0,0.0,15.647305,15.608338,2023-08-01
10340,2023-08-02 12:29:00,19450.0,19536.45,884950,5907100,122.15,29.4,29850,193700,1.0,0.0,0.0,0.0,15.252533,15.170554,2023-08-01
5082,2023-08-02 12:29:00,19500.0,19536.45,7583000,11336650,87.9,44.9,278050,461650,1.0,0.0,0.0,0.0,14.907712,14.77912,2023-08-01
2451,2023-08-02 12:29:00,19550.0,19536.45,9221850,7927300,58.65,65.8,248550,350550,0.0,-1.0,0.0,0.0,14.399744,14.313824,2023-08-01
7712,2023-08-02 12:29:00,19600.0,19536.45,18800600,8868150,37.75,95.0,293000,471950,0.0,-1.0,0.0,0.0,14.378905,14.315662,2023-08-01
12969,2023-08-02 12:29:00,19650.0,19536.45,13218100,2673800,23.3,130.9,165500,322100,0.0,-1.0,0.0,0.0,14.512303,14.544041,2023-08-01
18226,2023-08-02 12:29:00,19700.0,19536.45,17774150,3088850,14.25,171.65,180300,49550,0.0,-1.0,0.0,0.0,14.878986,14.851193,2023-08-01
23479,2023-08-02 12:29:00,19750.0,19536.45,9703700,1004050,8.85,216.0,78150,18300,0.0,-1.0,0.0,0.0,15.442095,15.28888,2023-08-01
28732,2023-08-02 12:29:00,19800.0,19536.45,16200450,1878300,6.1,264.7,73850,13650,0.0,-1.0,0.0,0.0,16.435761,17.146499,2023-08-01
26106,2023-08-02 12:30:00,19300.0,19540.1,217800,6302250,253.1,7.6,5050,133650,1.0,0.0,0.0,0.0,16.672207,16.99163,2023-08-01
20853,2023-08-02 12:30:00,19350.0,19540.1,134250,5037200,206.6,11.3,3350,206850,1.0,0.0,0.0,0.0,15.772383,16.111584,2023-08-01
15599,2023-08-02 12:30:00,19400.0,19540.1,1233600,6893400,163.75,18.2,44150,255500,1.0,0.0,0.0,0.0,15.48892,15.667531,2023-08-01
10341,2023-08-02 12:30:00,19450.0,19540.1,884950,5907100,123.5,28.4,43800,265950,1.0,0.0,0.0,0.0,14.908493,15.182536,2023-08-01
5083,2023-08-02 12:30:00,19500.0,19540.1,7583000,11336650,89.15,43.85,279300,607700,1.0,0.0,0.0,0.0,14.677779,14.872942,2023-08-01
2452,2023-08-02 12:30:00,19550.0,19540.1,9221850,7927300,59.7,64.65,316550,386500,0.0,-1.0,0.0,0.0,14.236414,14.484806,2023-08-01
7713,2023-08-02 12:30:00,19600.0,19540.1,18800600,8868150,38.35,93.45,386700,293250,0.0,-1.0,0.0,0.0,14.20667,14.510417,2023-08-01
12970,2023-08-02 12:30:00,19650.0,19540.1,13218100,2673800,23.55,128.8,211850,86950,0.0,-1.0,0.0,0.0,14.323859,14.725901,2023-08-01
18227,2023-08-02 12:30:00,19700.0,19540.1,17774150,3088850,14.3,169.35,259650,82600,0.0,-1.0,0.0,0.0,14.677168,15.1177,2023-08-01
23480,2023-08-02 12:30:00,19750.0,19540.1,9703700,1004050,8.85,213.45,140600,17950,0.0,-1.0,0.0,0.0,15.250013,15.626225,2023-08-01
28733,2023-08-02 12:30:00,19800.0,19540.1,16200450,1878300,6.15,261.2,180300,27600,0.0,-1.0,0.0,0.0,16.293573,17.053189,2023-08-01
26107,2023-08-02 12:31:00,19300.0,19537.95,217800,6302250,250.95,7.75,3600,107700,1.0,0.0,0.0,0.0,16.571035,16.972379,2023-08-01
20854,2023-08-02 12:31:00,19350.0,19537.95,134250,5037200,204.8,11.6,4050,144800,1.0,0.0,0.0,0.0,15.814619,16.125085,2023-08-01
15600,2023-08-02 12:31:00,19400.0,19537.95,1233600,6893400,161.45,18.55,24750,175300,1.0,0.0,0.0,0.0,15.304858,15.64927,2023-08-01
10342,2023-08-02 12:31:00,19450.0,19537.95,884950,5907100,122.6,29.0,39800,248850,1.0,0.0,0.0,0.0,15.093396,15.186334,2023-08-01
5084,2023-08-02 12:31:00,19500.0,19537.95,7583000,11336650,88.25,44.55,244500,503850,1.0,0.0,0.0,0.0,14.783336,14.844759,2023-08-01
2453,2023-08-02 12:31:00,19550.0,19537.95,9221850,7927300,59.0,65.3,324000,371350,0.0,-1.0,0.0,0.0,14.32239,14.385081,2023-08-01
7714,2023-08-02 12:31:00,19600.0,19537.95,18800600,8868150,37.85,94.35,349500,258850,0.0,-1.0,0.0,0.0,14.280195,14.399985,2023-08-01
12971,2023-08-02 12:31:00,19650.0,19537.95,13218100,2673800,23.25,130.15,190450,75450,0.0,-1.0,0.0,0.0,14.398483,14.658887,2023-08-01
18228,2023-08-02 12:31:00,19700.0,19537.95,17774150,3088850,14.2,170.95,222600,72350,0.0,-1.0,0.0,0.0,14.777864,15.058042,2023-08-01
23481,2023-08-02 12:31:00,19750.0,19537.95,9703700,1004050,8.8,216.2,130750,9950,0.0,-1.0,0.0,0.0,15.346587,16.027199,2023-08-01
28734,2023-08-02 12:31:00,19800.0,19537.95,16200450,1878300,6.05,262.95,106950,14350,0.0,-1.0,0.0,0.0,16.340531,16.928722,2023-08-01
26108,2023-08-02 12:32:00,19300.0,19539.7,218400,6307000,250.0,7.75,2550,134300,1.0,0.0,0.0,0.0,14.878223,17.06695,2023-08-01
20855,2023-08-02 12:32:00,19350.0,19539.7,137150,5055300,203.5,11.75,3850,63600,1.0,0.0,0.0,0.0,14.473121,16.294277,2023-08-01
15601,2023-08-02 12:32:00,19400.0,19539.7,1229050,6838800,160.15,18.8,23250,173950,1.0,0.0,0.0,0.0,14.356464,15.851642,2023-08-01
10343,2023-08-02 12:32:00,19450.0,19539.7,891350,5918850,121.0,29.35,19450,109450,1.0,0.0,0.0,0.0,14.303854,15.421084,2023-08-01
5085,2023-08-02 12:32:00,19500.0,19539.7,7582300,11352400,86.65,45.2,169550,318100,1.0,0.0,0.0,0.0,14.143333,15.169308,2023-08-01
2454,2023-08-02 12:32:00,19550.0,19539.7,9222950,8044050,57.9,66.65,259200,450350,0.0,-1.0,0.0,0.0,13.875173,14.908355,2023-08-01
7715,2023-08-02 12:32:00,19600.0,19539.7,18908850,8866500,37.1,96.05,229800,225750,0.0,-1.0,0.0,0.0,13.944575,15.091908,2023-08-01
12972,2023-08-02 12:32:00,19650.0,19539.7,13222700,2634700,22.9,131.6,139600,235550,0.0,-1.0,0.0,0.0,14.174593,15.440121,2023-08-01
18229,2023-08-02 12:32:00,19700.0,19539.7,17828000,3106100,14.0,172.85,137050,35750,0.0,-1.0,0.0,0.0,14.601156,16.223985,2023-08-01
23482,2023-08-02 12:32:00,19750.0,19539.7,9728100,1003300,8.75,216.9,76200,7500,0.0,-1.0,0.0,0.0,15.232565,17.010512,2023-08-01
28735,2023-08-02 12:32:00,19800.0,19539.7,16217700,1868200,6.1,264.6,70400,8300,0.0,-1.0,0.0,0.0,16.291838,18.690933,2023-08-01
26109,2023-08-02 12:33:00,19300.0,19539.65,218400,6307000,248.55,7.6,5100,132300,1.0,0.0,0.0,0.0,13.721107,16.983876,2023-08-01
20856,2023-08-02 12:33:00,19350.0,19539.65,137150,5055300,202.5,11.5,4900,125800,1.0,0.0,0.0,0.0,13.978816,16.187835,2023-08-01
15602,2023-08-02 12:33:00,19400.0,19539.65,1229050,6838800,159.55,18.55,48350,202000,1.0,0.0,0.0,0.0,14.159178,15.769525,2023-08-01
10344,2023-08-02 12:33:00,19450.0,19539.65,891350,5918850,120.35,29.05,48900,172600,1.0,0.0,0.0,0.0,14.136485,15.33965,2023-08-01
5086,2023-08-02 12:33:00,19500.0,19539.65,7582300,11352400,86.3,44.95,337400,374200,1.0,0.0,0.0,0.0,14.071003,15.108789,2023-08-01
2455,2023-08-02 12:33:00,19550.0,19539.65,9222950,8044050,57.45,66.15,438300,382250,0.0,-1.0,0.0,0.0,13.78144,14.790964,2023-08-01
7716,2023-08-02 12:33:00,19600.0,19539.65,18908850,8866500,36.8,95.7,495750,327550,0.0,-1.0,0.0,0.0,13.879748,15.002897,2023-08-01
12973,2023-08-02 12:33:00,19650.0,19539.65,13222700,2634700,22.7,131.8,215800,117100,0.0,-1.0,0.0,0.0,14.124816,15.489831,2023-08-01
18230,2023-08-02 12:33:00,19700.0,19539.65,17828000,3106100,13.9,173.2,316050,119350,0.0,-1.0,0.0,0.0,14.572033,16.332213,2023-08-01
23483,2023-08-02 12:33:00,19750.0,19539.65,9728100,1003300,8.75,217.8,185700,12450,0.0,-1.0,0.0,0.0,15.240174,17.371722,2023-08-01
28736,2023-08-02 12:33:00,19800.0,19539.65,16217700,1868200,6.05,265.5,137750,14900,0.0,-1.0,0.0,0.0,16.267509,19.115372,2023-08-01
26110,2023-08-02 12:34:00,19300.0,19539.8,218400,6307000,251.15,7.4,4150,116000,1.0,0.0,0.0,0.0,15.644394,16.88116,2023-08-01
20857,2023-08-02 12:34:00,19350.0,19539.8,137150,5055300,204.7,11.2,6350,142250,1.0,0.0,0.0,0.0,15.035777,16.069746,2023-08-01
15603,2023-08-02 12:34:00,19400.0,19539.8,1229050,6838800,161.8,18.2,36850,183900,1.0,0.0,0.0,0.0,14.924348,15.666431,2023-08-01
10345,2023-08-02 12:34:00,19450.0,19539.8,891350,5918850,122.15,28.4,48250,197600,1.0,0.0,0.0,0.0,14.615481,15.177221,2023-08-01
5087,2023-08-02 12:34:00,19500.0,19539.8,7582300,11352400,87.9,44.0,260400,437050,1.0,0.0,0.0,0.0,14.440711,14.89818,2023-08-01
2456,2023-08-02 12:34:00,19550.0,19539.8,9222950,8044050,58.7,64.95,322650,356000,0.0,-1.0,0.0,0.0,14.058384,14.535073,2023-08-01
7717,2023-08-02 12:34:00,19600.0,19539.8,18908850,8866500,37.7,94.35,396450,285400,0.0,-1.0,0.0,0.0,14.092654,14.699995,2023-08-01
12974,2023-08-02 12:34:00,19650.0,19539.8,13222700,2634700,23.3,130.4,145450,109500,0.0,-1.0,0.0,0.0,14.29243,15.131618,2023-08-01
18231,2023-08-02 12:34:00,19700.0,19539.8,17828000,3106100,14.25,170.8,183600,70350,0.0,-1.0,0.0,0.0,14.696463,15.556591,2023-08-01
23484,2023-08-02 12:34:00,19750.0,19539.8,9728100,1003300,8.8,214.85,128400,16650,0.0,-1.0,0.0,0.0,15.26148,16.162565,2023-08-01
28737,2023-08-02 12:34:00,19800.0,19539.8,16217700,1868200,6.1,262.8,127900,17400,0.0,-1.0,0.0,0.0,16.29736,17.810757,2023-08-01
26111,2023-08-02 12:35:00,19300.0,19545.2,222700,6303750,258.0,6.7,10900,273900,1.0,0.0,0.0,0.0,16.843934,16.739621,2023-08-01
20858,2023-08-02 12:35:00,19350.0,19545.2,140750,5059450,211.55,10.25,4250,282650,1.0,0.0,0.0,0.0,16.020009,15.948617,2023-08-01
15604,2023-08-02 12:35:00,19400.0,19545.2,1234250,6876700,167.8,16.55,69500,421900,1.0,0.0,0.0,0.0,15.483015,15.451545,2023-08-01
10346,2023-08-02 12:35:00,19450.0,19545.2,890350,5842500,127.1,26.05,86650,674000,1.0,0.0,0.0,0.0,14.899358,14.934791,2023-08-01
5088,2023-08-02 12:35:00,19500.0,19545.2,7591800,11487750,91.6,40.7,480250,957650,1.0,0.0,0.0,0.0,14.527349,14.598369,2023-08-01
2457,2023-08-02 12:35:00,19550.0,19545.2,9298650,8310400,61.7,60.55,584700,955300,0.0,-1.0,0.0,0.0,14.135513,14.148508,2023-08-01
7718,2023-08-02 12:35:00,19600.0,19545.2,18989500,8909200,39.6,89.1,706400,486250,0.0,-1.0,0.0,0.0,14.07395,14.249297,2023-08-01
12975,2023-08-02 12:35:00,19650.0,19545.2,13209500,2661450,24.45,124.0,372050,220200,0.0,-1.0,0.0,0.0,14.228304,14.450346,2023-08-01
18232,2023-08-02 12:35:00,19700.0,19545.2,17922900,3104600,14.7,164.45,433300,123500,0.0,-1.0,0.0,0.0,14.528719,14.884725,2023-08-01
23485,2023-08-02 12:35:00,19750.0,19545.2,9696350,1001250,9.05,207.4,216350,21050,0.0,-1.0,0.0,0.0,15.094016,14.909511,2023-08-01
28738,2023-08-02 12:35:00,19800.0,19545.2,16198850,1862900,6.2,255.15,152800,18900,0.0,-1.0,0.0,0.0,16.099334,16.244186,2023-08-01
26112,2023-08-02 12:36:00,19300.0,19548.65,222700,6303750,259.4,6.25,5850,484300,1.0,0.0,0.0,0.0,15.661791,16.633071,2023-08-01
20859,2023-08-02 12:36:00,19350.0,19548.65,140750,5059450,211.9,9.55,15800,518700,1.0,0.0,0.0,0.0,14.682045,15.814342,2023-08-01
15605,2023-08-02 12:36:00,19400.0,19548.65,1234250,6876700,167.6,15.7,139000,731450,1.0,0.0,0.0,0.0,14.371859,15.372313,2023-08-01
10347,2023-08-02 12:36:00,19450.0,19548.65,890350,5842500,127.15,25.1,123050,621650,1.0,0.0,0.0,0.0,14.179836,14.924496,2023-08-01
5089,2023-08-02 12:36:00,19500.0,19548.65,7591800,11487750,91.85,39.55,872500,1350150,1.0,0.0,0.0,0.0,14.055176,14.631375,2023-08-01
2458,2023-08-02 12:36:00,19550.0,19548.65,9298650,8310400,61.8,59.7,1110350,929150,0.0,-1.0,0.0,0.0,13.756746,14.347713,2023-08-01
7719,2023-08-02 12:36:00,19600.0,19548.65,18989500,8909200,39.65,88.0,1098450,616400,0.0,-1.0,0.0,0.0,13.773392,14.502065,2023-08-01
12976,2023-08-02 12:36:00,19650.0,19548.65,13209500,2661450,24.55,123.1,795700,199850,0.0,-1.0,0.0,0.0,14.003667,14.901277,2023-08-01
18233,2023-08-02 12:36:00,19700.0,19548.65,17922900,3104600,14.9,162.7,664500,181950,0.0,-1.0,0.0,0.0,14.388211,15.253334,2023-08-01
23486,2023-08-02 12:36:00,19750.0,19548.65,9696350,1001250,9.15,206.8,257700,27100,0.0,-1.0,0.0,0.0,14.9577,16.022339,2023-08-01
28739,2023-08-02 12:36:00,19800.0,19548.65,16198850,1862900,6.25,254.15,173750,29400,0.0,-1.0,0.0,0.0,15.964605,17.462043,2023-08-01
26113,2023-08-02 12:37:00,19300.0,19549.9,222700,6303750,260.3,6.1,9650,240100,1.0,0.0,0.0,0.0,15.467677,16.602653,2023-08-01
20860,2023-08-02 12:37:00,19350.0,19549.9,140750,5059450,213.0,9.3,1600,298100,1.0,0.0,0.0,0.0,14.672528,15.766687,2023-08-01
15606,2023-08-02 12:37:00,19400.0,19549.9,1234250,6876700,168.55,15.15,42200,661950,1.0,0.0,0.0,0.0,14.337723,15.256087,2023-08-01
10348,2023-08-02 12:37:00,19450.0,19549.9,890350,5842500,128.2,24.5,72400,389650,1.0,0.0,0.0,0.0,14.216273,14.84801,2023-08-01
5090,2023-08-02 12:37:00,19500.0,19549.9,7591800,11487750,92.65,38.8,320950,734050,1.0,0.0,0.0,0.0,14.059094,14.562156,2023-08-01
2459,2023-08-02 12:37:00,19550.0,19549.9,9298650,8310400,62.35,58.6,456050,465300,0.119544,-0.872044,2.34874214,2.37714814,13.739546,14.237324,2023-08-01
7720,2023-08-02 12:37:00,19600.0,19549.9,18989500,8909200,40.05,86.65,518850,308150,0.0,-1.0,0.0,0.0,13.75874,14.364795,2023-08-01
12977,2023-08-02 12:37:00,19650.0,19549.9,13209500,2661450,24.8,121.6,225700,69100,0.0,-1.0,0.0,0.0,13.984506,14.740599,2023-08-01
18234,2023-08-02 12:37:00,19700.0,19549.9,17922900,3104600,14.95,161.8,331900,78050,0.0,-1.0,0.0,0.0,14.331758,15.293718,2023-08-01
23487,2023-08-02 12:37:00,19750.0,19549.9,9696350,1001250,9.1,205.4,168200,8800,0.0,-1.0,0.0,0.0,14.870342,15.889865,2023-08-01
28740,2023-08-02 12:37:00,19800.0,19549.9,16198850,1862900,6.15,253.2,167450,17450,0.0,-1.0,0.0,0.0,15.845407,17.556726,2023-08-01
26114,2023-08-02 12:38:00,19300.0,19553.7,220400,6187850,261.0,5.6,14200,285950,1.0,0.0,0.0,0.0,12.515257,16.459415,2023-08-01
20861,2023-08-02 12:38:00,19350.0,19553.7,138700,5062000,213.3,8.7,16900,381800,1.0,0.0,0.0,0.0,12.658929,15.67998,2023-08-01
15607,2023-08-02 12:38:00,19400.0,19553.7,1210850,6493550,169.25,14.55,58800,664400,1.0,0.0,0.0,0.0,13.304167,15.274637,2023-08-01
10349,2023-08-02 12:38:00,19450.0,19553.7,846500,5748000,128.8,23.5,88500,491750,1.0,0.0,0.0,0.0,13.527364,14.837123,2023-08-01
5091,2023-08-02 12:38:00,19500.0,19553.7,7521450,11284950,92.65,37.9,463550,959250,1.0,0.0,0.0,0.0,13.443892,14.678453,2023-08-01
2460,2023-08-02 12:38:00,19550.0,19553.7,9162600,8383050,62.45,57.55,628250,709750,1.0,0.0,0.0,0.0,13.306816,14.419352,2023-08-01
7721,2023-08-02 12:38:00,19600.0,19553.7,18885400,8963600,40.15,85.65,754050,535200,0.0,-1.0,0.0,0.0,13.431492,14.679285,2023-08-01
12978,2023-08-02 12:38:00,19650.0,19553.7,12908550,2667150,24.9,120.45,500950,89750,0.0,-1.0,0.0,0.0,13.729721,15.168183,2023-08-01
18235,2023-08-02 12:38:00,19700.0,19553.7,18186350,3104550,15.0,160.6,431050,98200,0.0,-1.0,0.0,0.0,14.113337,15.898336,2023-08-01
23488,2023-08-02 12:38:00,19750.0,19553.7,9771350,997000,9.15,204.2,145600,15000,0.0,-1.0,0.0,0.0,14.689733,16.748118,2023-08-01
28741,2023-08-02 12:38:00,19800.0,19553.7,16240100,1857700,6.2,251.85,209250,29900,0.0,-1.0,0.0,0.0,15.692674,18.557402,2023-08-01
26115,2023-08-02 12:39:00,19300.0,19552.15,220400,6187850,258.4,5.9,5500,296050,1.0,0.0,0.0,0.0,10.16902,16.591156,2023-08-01
20862,2023-08-02 12:39:00,19350.0,19552.15,138700,5062000,210.85,9.0,7550,271900,1.0,0.0,0.0,0.0,11.862135,15.750939,2023-08-01
15608,2023-08-02 12:39:00,19400.0,19552.15,1210850,6493550,167.4,15.05,58900,504250,1.0,0.0,0.0,0.0,13.091335,15.36815,2023-08-01
10350,2023-08-02 12:39:00,19450.0,19552.15,846500,5748000,126.85,24.4,88400,453150,1.0,0.0,0.0,0.0,13.301811,14.991875,2023-08-01
5092,2023-08-02 12:39:00,19500.0,19552.15,7521450,11284950,91.25,38.9,393950,673750,1.0,0.0,0.0,0.0,13.353411,14.794642,2023-08-01
2461,2023-08-02 12:39:00,19550.0,19552.15,9162600,8383050,61.25,58.9,597650,533950,1.0,0.0,0.0,0.0,13.222204,14.565533,2023-08-01
7722,2023-08-02 12:39:00,19600.0,19552.15,18885400,8963600,39.4,87.45,661150,403250,0.0,-1.0,0.0,0.0,13.401069,14.891434,2023-08-01
12979,2023-08-02 12:39:00,19650.0,19552.15,12908550,2667150,24.35,122.45,386750,116000,0.0,-1.0,0.0,0.0,13.698317,15.415015,2023-08-01
18236,2023-08-02 12:39:00,19700.0,19552.15,18186350,3104550,14.6,162.9,400050,81300,0.0,-1.0,0.0,0.0,14.07505,16.246616,2023-08-01
23489,2023-08-02 12:39:00,19750.0,19552.15,9771350,997000,8.95,207.25,116750,15100,0.0,-1.0,0.0,0.0,14.685541,17.430852,2023-08-01
28742,2023-08-02 12:39:00,19800.0,19552.15,16240100,1857700,6.1,254.15,189900,15300,0.0,-1.0,0.0,0.0,15.712701,18.993221,2023-08-01
26116,2023-08-02 12:40:00,19300.0,19551.8,220400,6187850,258.05,6.15,8700,270550,1.0,0.0,0.0,0.0,10.173861,16.743226,2023-08-01
20863,2023-08-02 12:40:00,19350.0,19551.8,138700,5062000,211.3,9.3,6050,389100,1.0,0.0,0.0,0.0,12.506938,15.883916,2023-08-01
15609,2023-08-02 12:40:00,19400.0,19551.8,1210850,6493550,167.4,15.5,56050,366750,1.0,0.0,0.0,0.0,13.22809,15.515105,2023-08-01
10351,2023-08-02 12:40:00,19450.0,19551.8,846500,5748000,126.85,24.85,61850,414300,1.0,0.0,0.0,0.0,13.39017,15.101088,2023-08-01
5093,2023-08-02 12:40:00,19500.0,19551.8,7521450,11284950,91.1,39.4,373300,650700,1.0,0.0,0.0,0.0,13.378288,14.891742,2023-08-01
2462,2023-08-02 12:40:00,19550.0,19551.8,9162600,8383050,61.05,59.75,523050,870200,1.0,0.0,0.0,0.0,13.222878,14.727986,2023-08-01
7723,2023-08-02 12:40:00,19600.0,19551.8,18885400,8963600,39.4,88.15,591300,495950,0.0,-1.0,0.0,0.0,13.438315,15.01272,2023-08-01
12980,2023-08-02 12:40:00,19650.0,19551.8,12908550,2667150,24.25,123.2,361750,128600,0.0,-1.0,0.0,0.0,13.70123,15.554062,2023-08-01
18237,2023-08-02 12:40:00,19700.0,19551.8,18186350,3104550,14.7,163.5,369900,122550,0.0,-1.0,0.0,0.0,14.137211,16.353993,2023-08-01
23490,2023-08-02 12:40:00,19750.0,19551.8,9771350,997000,8.95,207.5,152550,14250,0.0,-1.0,0.0,0.0,14.7095,17.417651,2023-08-01
28743,2023-08-02 12:40:00,19800.0,19551.8,16240100,1857700,6.05,254.8,147400,20650,0.0,-1.0,0.0,0.0,15.703827,19.153296,2023-08-01
26117,2023-08-02 12:41:00,19300.0,19552.25,228250,6218750,258.25,6.2,1850,162700,1.0,0.0,0.0,0.0,8.817033,16.802784,2023-08-01
20864,2023-08-02 12:41:00,19350.0,19552.25,143000,5068750,212.0,9.3,4250,151050,1.0,0.0,0.0,0.0,12.722785,15.913062,2023-08-01
15610,2023-08-02 12:41:00,19400.0,19552.25,1212900,6449500,168.1,15.35,37400,229350,1.0,0.0,0.0,0.0,13.366186,15.493137,2023-08-01
10352,2023-08-02 12:41:00,19450.0,19552.25,843500,5785750,127.65,24.55,43850,234950,1.0,0.0,0.0,0.0,13.53377,15.051473,2023-08-01
5094,2023-08-02 12:41:00,19500.0,19552.25,7430900,11427150,92.25,39.1,275850,445050,1.0,0.0,0.0,0.0,13.59776,14.861588,2023-08-01
2463,2023-08-02 12:41:00,19550.0,19552.25,9196200,8489650,62.1,59.25,373850,392950,1.0,0.0,0.0,0.0,13.416466,14.666064,2023-08-01
7724,2023-08-02 12:41:00,19600.0,19552.25,18987400,8967150,40.0,87.4,502450,237850,0.0,-1.0,0.0,0.0,13.545407,14.902017,2023-08-01
12981,2023-08-02 12:41:00,19650.0,19552.25,12906450,2732700,24.6,122.15,223900,73600,0.0,-1.0,0.0,0.0,13.769708,15.361515,2023-08-01
18238,2023-08-02 12:41:00,19700.0,19552.25,18170600,3123100,14.9,161.9,273450,67200,0.0,-1.0,0.0,0.0,14.184066,15.959455,2023-08-01
23491,2023-08-02 12:41:00,19750.0,19552.25,9790650,1002650,9.0,206.2,125350,13150,0.0,-1.0,0.0,0.0,14.713257,17.063757,2023-08-01
28744,2023-08-02 12:41:00,19800.0,19552.25,16324050,1858600,6.1,253.75,133550,12250,0.0,-1.0,0.0,0.0,15.717865,18.858942,2023-08-01
26118,2023-08-02 12:42:00,19300.0,19555.4,228250,6218750,259.75,6.15,6250,153650,,0.0,,0.0,0.0,16.929678,2023-08-01
20865,2023-08-02 12:42:00,19350.0,19555.4,143000,5068750,212.65,9.3,4450,208000,1.0,0.0,0.0,0.0,10.479013,16.088495,2023-08-01
15611,2023-08-02 12:42:00,19400.0,19555.4,1212900,6449500,168.95,15.2,42150,227900,1.0,0.0,0.0,0.0,12.516208,15.638127,2023-08-01
10353,2023-08-02 12:42:00,19450.0,19555.4,843500,5785750,128.65,24.5,68350,268350,1.0,0.0,0.0,0.0,13.086323,15.270324,2023-08-01
5095,2023-08-02 12:42:00,19500.0,19555.4,7430900,11427150,92.65,38.9,327350,468050,1.0,0.0,0.0,0.0,13.176646,15.093543,2023-08-01
2464,2023-08-02 12:42:00,19550.0,19555.4,9196200,8489650,62.55,58.9,468350,500900,1.0,0.0,0.0,0.0,13.138666,14.935675,2023-08-01
7725,2023-08-02 12:42:00,19600.0,19555.4,18987400,8967150,40.4,86.6,711250,377400,0.0,-1.0,0.0,0.0,13.348628,15.163196,2023-08-01
12982,2023-08-02 12:42:00,19650.0,19555.4,12906450,2732700,24.75,121.4,230000,54700,0.0,-1.0,0.0,0.0,13.576939,15.755419,2023-08-01
18239,2023-08-02 12:42:00,19700.0,19555.4,18170600,3123100,14.85,161.35,254400,90450,0.0,-1.0,0.0,0.0,13.971098,16.572018,2023-08-01
23492,2023-08-02 12:42:00,19750.0,19555.4,9790650,1002650,9.05,205.6,134150,16200,0.0,-1.0,0.0,0.0,14.568204,17.848497,2023-08-01
28745,2023-08-02 12:42:00,19800.0,19555.4,16324050,1858600,6.1,253.25,130000,11050,0.0,-1.0,0.0,0.0,15.566285,19.854216,2023-08-01
26119,2023-08-02 12:43:00,19300.0,19555.45,228250,6218750,260.3,6.2,2200,105950,,0.0,,0.0,0.0,16.969896,2023-08-01
20866,2023-08-02 12:43:00,19350.0,19555.45,143000,5068750,213.3,9.35,1850,192600,1.0,0.0,0.0,0.0,11.210412,16.120536,2023-08-01
15612,2023-08-02 12:43:00,19400.0,19555.45,1212900,6449500,169.3,15.35,28400,213500,1.0,0.0,0.0,0.0,12.666136,15.701006,2023-08-01
10354,2023-08-02 12:43:00,19450.0,19555.45,843500,5785750,128.7,24.6,30050,182850,1.0,0.0,0.0,0.0,13.094711,15.307635,2023-08-01
5096,2023-08-02 12:43:00,19500.0,19555.45,7430900,11427150,92.9,38.95,288900,368400,1.0,0.0,0.0,0.0,13.236548,15.114755,2023-08-01
2465,2023-08-02 12:43:00,19550.0,19555.45,9196200,8489650,62.7,59.0,472750,307350,1.0,0.0,0.0,0.0,13.171903,14.968624,2023-08-01
7726,2023-08-02 12:43:00,19600.0,19555.45,18987400,8967150,40.5,86.8,634450,391550,0.0,-1.0,0.0,0.0,13.372376,15.222031,2023-08-01
12983,2023-08-02 12:43:00,19650.0,19555.45,12906450,2732700,24.85,121.3,281900,69250,0.0,-1.0,0.0,0.0,13.605344,15.742383,2023-08-01
18240,2023-08-02 12:43:00,19700.0,19555.45,18170600,3123100,14.9,161.3,255400,59100,0.0,-1.0,0.0,0.0,13.990022,16.572815,2023-08-01
23493,2023-08-02 12:43:00,19750.0,19555.45,9790650,1002650,8.95,204.95,104150,9650,0.0,-1.0,0.0,0.0,14.523196,17.626458,2023-08-01
28746,2023-08-02 12:43:00,19800.0,19555.45,16324050,1858600,6.05,252.8,166250,9750,0.0,-1.0,0.0,0.0,15.537711,19.685688,2023-08-01
26120,2023-08-02 12:44:00,19300.0,19552.85,231800,6248600,258.9,6.25,6300,147950,1.0,0.0,0.0,0.0,9.32283,16.879806,2023-08-01
20867,2023-08-02 12:44:00,19350.0,19552.85,142650,5097400,211.55,9.45,4450,128600,1.0,0.0,0.0,0.0,11.927476,16.032952,2023-08-01
15613,2023-08-02 12:44:00,19400.0,19552.85,1225100,6427950,167.3,15.55,50150,204200,1.0,0.0,0.0,0.0,12.803221,15.617134,2023-08-01
10355,2023-08-02 12:44:00,19450.0,19552.85,854650,5743150,127.05,24.95,39200,154100,1.0,0.0,0.0,0.0,13.220345,15.22455,2023-08-01
5097,2023-08-02 12:44:00,19500.0,19552.85,7286750,11397300,91.6,39.6,236650,312600,1.0,0.0,0.0,0.0,13.34922,15.051613,2023-08-01
2466,2023-08-02 12:44:00,19550.0,19552.85,9110600,8515100,61.7,59.85,375300,322900,1.0,0.0,0.0,0.0,13.264186,14.884392,2023-08-01
7727,2023-08-02 12:44:00,19600.0,19552.85,18868200,8812250,39.75,88.05,526250,318350,0.0,-1.0,0.0,0.0,13.442398,15.155888,2023-08-01
12984,2023-08-02 12:44:00,19650.0,19552.85,12918600,2758400,24.35,122.75,242700,62500,0.0,-1.0,0.0,0.0,13.668139,15.648261,2023-08-01
18241,2023-08-02 12:44:00,19700.0,19552.85,18214300,3151500,14.55,163.2,285400,67800,0.0,-1.0,0.0,0.0,14.036116,16.536583,2023-08-01
23494,2023-08-02 12:44:00,19750.0,19552.85,9809900,1006600,8.85,206.8,100350,6550,0.0,-1.0,0.0,0.0,14.623455,17.505425,2023-08-01
28747,2023-08-02 12:44:00,19800.0,19552.85,16351150,1861150,5.95,254.4,143350,9450,0.0,-1.0,0.0,0.0,15.609019,19.402984,2023-08-01
26121,2023-08-02 12:45:00,19300.0,19552.8,231800,6248600,258.6,6.3,2750,102250,,0.0,,0.0,0.0,16.914711,2023-08-01
20868,2023-08-02 12:45:00,19350.0,19552.8,142650,5097400,211.25,9.5,4150,137100,1.0,0.0,0.0,0.0,11.707118,16.059275,2023-08-01
15614,2023-08-02 12:45:00,19400.0,19552.8,1225100,6427950,167.65,15.65,14500,152650,1.0,0.0,0.0,0.0,12.985091,15.654994,2023-08-01
10356,2023-08-02 12:45:00,19450.0,19552.8,854650,5743150,127.3,25.05,29050,198150,1.0,0.0,0.0,0.0,13.315111,15.254329,2023-08-01
5098,2023-08-02 12:45:00,19500.0,19552.8,7286750,11397300,91.45,39.7,192350,432750,1.0,0.0,0.0,0.0,13.324443,15.076343,2023-08-01
2467,2023-08-02 12:45:00,19550.0,19552.8,9110600,8515100,61.65,60.0,446450,437050,1.0,0.0,0.0,0.0,13.263259,14.917934,2023-08-01
7728,2023-08-02 12:45:00,19600.0,19552.8,18868200,8812250,39.75,88.15,393300,318950,0.0,-1.0,0.0,0.0,13.451636,15.176845,2023-08-01
12985,2023-08-02 12:45:00,19650.0,19552.8,12918600,2758400,24.35,123.0,233800,64750,0.0,-1.0,0.0,0.0,13.676457,15.709868,2023-08-01
18242,2023-08-02 12:45:00,19700.0,19552.8,18214300,3151500,14.65,163.05,240650,62550,0.0,-1.0,0.0,0.0,14.079371,16.481137,2023-08-01
23495,2023-08-02 12:45:00,19750.0,19552.8,9809900,1006600,8.85,207.55,129250,8750,0.0,-1.0,0.0,0.0,14.630956,17.778567,2023-08-01
28748,2023-08-02 12:45:00,19800.0,19552.8,16351150,1861150,5.9,254.0,173600,7350,0.0,-1.0,0.0,0.0,15.58486,19.209677,2023-08-01
26122,2023-08-02 12:46:00,19300.0,19551.45,231800,6248600,257.1,6.4,4900,188100,,0.0,,0.0,0.0,16.917321,2023-08-01
20869,2023-08-02 12:46:00,19350.0,19551.45,142650,5097400,210.5,9.65,3150,266150,1.0,0.0,0.0,0.0,12.173834,16.062737,2023-08-01
15615,2023-08-02 12:46:00,19400.0,19551.45,1225100,6427950,166.65,15.9,35500,253000,1.0,0.0,0.0,0.0,13.067952,15.665586,2023-08-01
10357,2023-08-02 12:46:00,19450.0,19551.45,854650,5743150,126.35,25.4,46900,256350,1.0,0.0,0.0,0.0,13.349949,15.260822,2023-08-01
5099,2023-08-02 12:46:00,19500.0,19551.45,7286750,11397300,90.95,40.1,304250,611950,1.0,0.0,0.0,0.0,13.426975,15.059782,2023-08-01
2468,2023-08-02 12:46:00,19550.0,19551.45,9110600,8515100,61.2,60.6,413950,522150,1.0,0.0,0.0,0.0,13.327665,14.911537,2023-08-01
7729,2023-08-02 12:46:00,19600.0,19551.45,18868200,8812250,39.45,88.8,506300,326550,0.0,-1.0,0.0,0.0,13.510359,15.142964,2023-08-01
12986,2023-08-02 12:46:00,19650.0,19551.45,12918600,2758400,24.2,123.9,328950,85350,0.0,-1.0,0.0,0.0,13.740853,15.700555,2023-08-01
18243,2023-08-02 12:46:00,19700.0,19551.45,18214300,3151500,14.4,163.75,249050,74000,0.0,-1.0,0.0,0.0,14.080237,16.370731,2023-08-01
23496,2023-08-02 12:46:00,19750.0,19551.45,9809900,1006600,8.75,208.6,157150,8450,0.0,-1.0,0.0,0.0,14.661868,17.751665,2023-08-01
28749,2023-08-02 12:46:00,19800.0,19551.45,16351150,1861150,5.85,255.0,167000,7400,0.0,-1.0,0.0,0.0,15.624796,19.131571,2023-08-01
26123,2023-08-02 12:47:00,19300.0,19552.8,231950,6260750,258.9,6.4,3550,70600,1.0,0.0,0.0,0.0,9.685018,16.989139,2023-08-01
20870,2023-08-02 12:47:00,19350.0,19552.8,141150,5201550,211.75,9.55,2450,141000,1.0,0.0,0.0,0.0,12.159567,16.093099,2023-08-01
15616,2023-08-02 12:47:00,19400.0,19552.8,1224250,6486850,167.9,15.7,17700,173950,1.0,0.0,0.0,0.0,13.106485,15.682446,2023-08-01
10358,2023-08-02 12:47:00,19450.0,19552.8,861600,5792350,127.4,25.05,58850,210700,1.0,0.0,0.0,0.0,13.356193,15.263295,2023-08-01
5100,2023-08-02 12:47:00,19500.0,19552.8,7273750,11502400,91.5,39.6,181000,347600,1.0,0.0,0.0,0.0,13.346621,15.060263,2023-08-01
2469,2023-08-02 12:47:00,19550.0,19552.8,8981100,8461800,61.75,59.8,289850,334600,1.0,0.0,0.0,0.0,13.295697,14.879901,2023-08-01
7730,2023-08-02 12:47:00,19600.0,19552.8,18934700,8827800,39.55,87.75,345900,252150,0.0,-1.0,0.0,0.0,13.412437,15.089489,2023-08-01
12987,2023-08-02 12:47:00,19650.0,19552.8,12873250,2718550,24.35,122.8,220500,77600,0.0,-1.0,0.0,0.0,13.685546,15.66475,2023-08-01
18244,2023-08-02 12:47:00,19700.0,19552.8,18266350,3159900,14.5,163.05,195550,47650,0.0,-1.0,0.0,0.0,14.035326,16.489553,2023-08-01
23497,2023-08-02 12:47:00,19750.0,19552.8,9792700,1004650,8.75,206.6,108150,7400,0.0,-1.0,0.0,0.0,14.59272,17.425173,2023-08-01
28750,2023-08-02 12:47:00,19800.0,19552.8,16239400,1862900,5.85,253.85,148000,10900,0.0,-1.0,0.0,0.0,15.563114,19.1511,2023-08-01
26124,2023-08-02 12:48:00,19300.0,19553.0,231950,6260750,256.2,6.55,6450,88550,,0.0,,0.0,0.0,17.099669,2023-08-01
20871,2023-08-02 12:48:00,19350.0,19553.0,141150,5201550,210.0,9.85,1850,150150,1.0,0.0,0.0,0.0,10.075756,16.25313,2023-08-01
15617,2023-08-02 12:48:00,19400.0,19553.0,1224250,6486850,166.0,16.1,46450,233500,1.0,0.0,0.0,0.0,12.152499,15.844299,2023-08-01
10359,2023-08-02 12:48:00,19450.0,19553.0,861600,5792350,125.55,25.55,100750,307000,1.0,0.0,0.0,0.0,12.730336,15.427099,2023-08-01
5101,2023-08-02 12:48:00,19500.0,19553.0,7273750,11502400,90.2,40.4,426150,478200,1.0,0.0,0.0,0.0,12.988388,15.280881,2023-08-01
2470,2023-08-02 12:48:00,19550.0,19553.0,8981100,8461800,60.55,61.05,441000,463100,1.0,0.0,0.0,0.0,12.996545,15.19706,2023-08-01
7731,2023-08-02 12:48:00,19600.0,19553.0,18934700,8827800,38.85,89.55,536450,343750,0.0,-1.0,0.0,0.0,13.229036,15.55282,2023-08-01
12988,2023-08-02 12:48:00,19650.0,19553.0,12873250,2718550,24.0,124.55,282150,110800,0.0,-1.0,0.0,0.0,13.576854,16.172544,2023-08-01
18245,2023-08-02 12:48:00,19700.0,19553.0,18266350,3159900,14.35,164.95,266750,92350,0.0,-1.0,0.0,0.0,13.973829,17.135899,2023-08-01
23498,2023-08-02 12:48:00,19750.0,19553.0,9792700,1004650,8.7,209.15,157100,8000,0.0,-1.0,0.0,0.0,14.562548,18.446582,2023-08-01
28751,2023-08-02 12:48:00,19800.0,19553.0,16239400,1862900,5.85,255.8,208000,7300,0.0,-1.0,0.0,0.0,15.558259,20.085273,2023-08-01
26125,2023-08-02 12:49:00,19300.0,19555.6,231950,6260750,259.45,6.3,4700,164300,,0.0,,0.0,0.0,17.073054,2023-08-01
20872,2023-08-02 12:49:00,19350.0,19555.6,141150,5201550,212.6,9.5,5150,198650,1.0,0.0,0.0,0.0,10.188339,16.231059,2023-08-01
15618,2023-08-02 12:49:00,19400.0,19555.6,1224250,6486850,168.6,15.5,31850,312700,1.0,0.0,0.0,0.0,12.299115,15.793414,2023-08-01
10360,2023-08-02 12:49:00,19450.0,19555.6,861600,5792350,127.95,24.75,38000,585450,1.0,0.0,0.0,0.0,12.846812,15.38942,2023-08-01
5102,2023-08-02 12:49:00,19500.0,19555.6,7273750,11502400,92.3,39.2,318900,571350,1.0,0.0,0.0,0.0,13.086194,15.216668,2023-08-01
2471,2023-08-02 12:49:00,19550.0,19555.6,8981100,8461800,62.25,59.35,382450,438000,1.0,0.0,0.0,0.0,13.075774,15.092126,2023-08-01
7732,2023-08-02 12:49:00,19600.0,19555.6,18934700,8827800,40.05,87.15,636900,389400,0.0,-1.0,0.0,0.0,13.277036,15.351916,2023-08-01
12989,2023-08-02 12:49:00,19650.0,19555.6,12873250,2718550,24.65,122.05,288400,86350,0.0,-1.0,0.0,0.0,13.565521,15.993742,2023-08-01
18246,2023-08-02 12:49:00,19700.0,19555.6,18266350,3159900,14.8,162.15,510650,92750,0.0,-1.0,0.0,0.0,13.97294,16.897691,2023-08-01
23499,2023-08-02 12:49:00,19750.0,19555.6,9792700,1004650,8.9,205.9,155900,23200,0.0,-1.0,0.0,0.0,14.519725,18.051466,2023-08-01
28752,2023-08-02 12:49:00,19800.0,19555.6,16239400,1862900,5.95,253.9,138950,19400,0.0,-1.0,0.0,0.0,15.497735,20.233544,2023-08-01
26126,2023-08-02 12:50:00,19300.0,19553.6,232000,6280750,258.25,6.5,4300,108950,,0.0,,0.0,0.0,17.107971,2023-08-01
20873,2023-08-02 12:50:00,19350.0,19553.6,141950,5192050,211.65,9.8,1850,165050,1.0,0.0,0.0,0.0,11.390615,16.271835,2023-08-01
15619,2023-08-02 12:50:00,19400.0,19553.6,1233950,6484700,167.6,16.0,30000,240800,1.0,0.0,0.0,0.0,12.671841,15.85529,2023-08-01
10361,2023-08-02 12:50:00,19450.0,19553.6,860550,5949400,126.9,25.25,40550,197650,1.0,0.0,0.0,0.0,13.019431,15.393417,2023-08-01
5103,2023-08-02 12:50:00,19500.0,19553.6,7330100,11553750,91.65,39.85,291800,358150,1.0,0.0,0.0,0.0,13.264943,15.206463,2023-08-01
2472,2023-08-02 12:50:00,19550.0,19553.6,9064350,8554050,61.55,60.2,399050,440000,1.0,0.0,0.0,0.0,13.164753,15.07431,2023-08-01
7733,2023-08-02 12:50:00,19600.0,19553.6,18980000,8833950,39.55,88.35,406750,296150,0.0,-1.0,0.0,0.0,13.350642,15.359853,2023-08-01
12990,2023-08-02 12:50:00,19650.0,19553.6,12807850,2733800,24.2,123.2,275350,70150,0.0,-1.0,0.0,0.0,13.596594,15.933794,2023-08-01
18247,2023-08-02 12:50:00,19700.0,19553.6,18134050,3164100,14.5,163.35,248000,50950,0.0,-1.0,0.0,0.0,13.998536,16.792794,2023-08-01
23500,2023-08-02 12:50:00,19750.0,19553.6,9813200,1000100,8.75,207.45,140150,11350,0.0,-1.0,0.0,0.0,14.563117,18.013526,2023-08-01
28753,2023-08-02 12:50:00,19800.0,19553.6,16209200,1860200,5.85,254.65,142900,17650,0.0,-1.0,0.0,0.0,15.538637,19.825103,2023-08-01
26127,2023-08-02 12:51:00,19300.0,19554.7,232000,6280750,259.2,6.45,1000,80550,,0.0,,0.0,0.0,17.135659,2023-08-01
20874,2023-08-02 12:51:00,19350.0,19554.7,141950,5192050,212.0,9.75,2050,95600,1.0,0.0,0.0,0.0,10.588706,16.312928,2023-08-01
15620,2023-08-02 12:51:00,19400.0,19554.7,1233950,6484700,167.35,15.8,11900,145250,1.0,0.0,0.0,0.0,12.087518,15.856327,2023-08-01
10362,2023-08-02 12:51:00,19450.0,19554.7,860550,5949400,127.15,25.05,23650,160400,1.0,0.0,0.0,0.0,12.82817,15.42037,2023-08-01
5104,2023-08-02 12:51:00,19500.0,19554.7,7330100,11553750,91.7,39.45,164150,536650,1.0,0.0,0.0,0.0,13.096143,15.208606,2023-08-01
2473,2023-08-02 12:51:00,19550.0,19554.7,9064350,8554050,61.65,59.95,220100,469800,1.0,0.0,0.0,0.0,13.056778,15.141729,2023-08-01
7734,2023-08-02 12:51:00,19600.0,19554.7,18980000,8833950,39.65,88.05,380250,196050,0.0,-1.0,0.0,0.0,13.27522,15.448334,2023-08-01
12991,2023-08-02 12:51:00,19650.0,19554.7,12807850,2733800,24.3,122.9,116550,42000,0.0,-1.0,0.0,0.0,13.545607,16.061877,2023-08-01
18248,2023-08-02 12:51:00,19700.0,19554.7,18134050,3164100,14.55,163.0,192950,28150,0.0,-1.0,0.0,0.0,13.951135,16.953717,2023-08-01
23501,2023-08-02 12:51:00,19750.0,19554.7,9813200,1000100,8.7,206.3,126000,9350,0.0,-1.0,0.0,0.0,14.483565,17.931439,2023-08-01
28754,2023-08-02 12:51:00,19800.0,19554.7,16209200,1860200,5.8,254.55,194200,4150,0.0,-1.0,0.0,0.0,15.457285,20.191465,2023-08-01
26128,2023-08-02 12:52:00,19300.0,19545.4,232000,6280750,251.45,7.0,12350,230000,1.0,0.0,0.0,0.0,9.285034,17.01885,2023-08-01
20875,2023-08-02 12:52:00,19350.0,19545.4,141950,5192050,205.0,10.55,8800,208700,1.0,0.0,0.0,0.0,12.358822,16.179133,2023-08-01
15621,2023-08-02 12:52:00,19400.0,19545.4,1233950,6484700,161.25,17.1,60600,378700,1.0,0.0,0.0,0.0,13.02989,15.734976,2023-08-01
10363,2023-08-02 12:52:00,19450.0,19545.4,860550,5949400,121.45,27.1,95400,378000,1.0,0.0,0.0,0.0,13.302558,15.32121,2023-08-01
5105,2023-08-02 12:52:00,19500.0,19545.4,7330100,11553750,86.9,42.4,671700,962150,1.0,0.0,0.0,0.0,13.423129,15.10499,2023-08-01
2474,2023-08-02 12:52:00,19550.0,19545.4,9064350,8554050,58.15,63.85,876100,902500,0.0,-1.0,0.0,0.0,13.368642,15.006871,2023-08-01
7735,2023-08-02 12:52:00,19600.0,19545.4,18980000,8833950,37.05,92.85,1164650,732250,0.0,-1.0,0.0,0.0,13.511274,15.258102,2023-08-01
12992,2023-08-02 12:52:00,19650.0,19545.4,12807850,2733800,22.75,128.7,506450,186850,0.0,-1.0,0.0,0.0,13.806425,15.861287,2023-08-01
18249,2023-08-02 12:52:00,19700.0,19545.4,18134050,3164100,13.75,169.9,560600,162800,0.0,-1.0,0.0,0.0,14.250714,16.837174,2023-08-01
23502,2023-08-02 12:52:00,19750.0,19545.4,9813200,1000100,8.3,214.05,285700,25800,0.0,-1.0,0.0,0.0,14.799593,17.912845,2023-08-01
28755,2023-08-02 12:52:00,19800.0,19545.4,16209200,1860200,5.6,261.35,282350,28650,0.0,-1.0,0.0,0.0,15.790214,19.634289,2023-08-01
26129,2023-08-02 12:53:00,19300.0,19533.5,235550,6298550,244.1,7.5,16100,290000,1.0,0.0,0.0,0.0,14.955247,16.712678,2023-08-01
20876,2023-08-02 12:53:00,19350.0,19533.5,138450,5195400,196.95,11.35,15750,346250,1.0,0.0,0.0,0.0,14.091988,15.867336,2023-08-01
15622,2023-08-02 12:53:00,19400.0,19533.5,1266000,6553000,154.25,18.35,210550,584500,1.0,0.0,0.0,0.0,14.18969,15.390839,2023-08-01
10364,2023-08-02 12:53:00,19450.0,19533.5,815700,5943550,114.95,29.05,164400,703700,1.0,0.0,0.0,0.0,13.984803,14.951035,2023-08-01
5106,2023-08-02 12:53:00,19500.0,19533.5,7121100,11613150,81.35,45.35,1011550,1603450,1.0,0.0,0.0,0.0,13.882899,14.707517,2023-08-01
2475,2023-08-02 12:53:00,19550.0,19533.5,8978200,8250300,53.45,67.85,1353250,1375450,0.0,-1.0,0.0,0.0,13.63359,14.529305,2023-08-01
7736,2023-08-02 12:53:00,19600.0,19533.5,18914150,8756250,33.75,98.25,1792900,1029900,0.0,-1.0,0.0,0.0,13.751059,14.744534,2023-08-01
12993,2023-08-02 12:53:00,19650.0,19533.5,12769800,2654550,20.45,135.0,1043900,297300,0.0,-1.0,0.0,0.0,13.990596,15.184651,2023-08-01
18250,2023-08-02 12:53:00,19700.0,19533.5,17894700,3133400,12.3,176.9,1211050,219750,0.0,-1.0,0.0,0.0,14.430584,15.958375,2023-08-01
23503,2023-08-02 12:53:00,19750.0,19533.5,9806000,999550,7.45,221.7,623200,51650,0.0,-1.0,0.0,0.0,15.000001,16.833707,2023-08-01
28756,2023-08-02 12:53:00,19800.0,19533.5,16105800,1858450,5.2,269.25,506700,55550,0.0,-1.0,0.0,0.0,16.10009,18.292428,2023-08-01
26130,2023-08-02 12:54:00,19250.0,19524.4,19950,3267500,283.8,5.4,1100,310650,1.0,0.0,0.0,0.0,15.946997,17.4364,2023-08-01
20877,2023-08-02 12:54:00,19300.0,19524.4,235550,6298550,236.6,7.9,20600,549050,1.0,0.0,0.0,0.0,15.56892,16.470952,2023-08-01
15623,2023-08-02 12:54:00,19350.0,19524.4,138450,5195400,190.8,11.95,36300,700900,1.0,0.0,0.0,0.0,14.990688,15.601841,2023-08-01
10365,2023-08-02 12:54:00,19400.0,19524.4,1266000,6553000,148.7,19.45,251450,1027450,1.0,0.0,0.0,0.0,14.80945,15.147292,2023-08-01
5107,2023-08-02 12:54:00,19450.0,19524.4,815700,5943550,110.0,30.7,209600,970500,1.0,0.0,0.0,0.0,14.407886,14.675744,2023-08-01
2476,2023-08-02 12:54:00,19500.0,19524.4,7121100,11613150,76.8,47.85,1349100,2237750,1.0,0.0,0.0,0.0,14.090889,14.416721,2023-08-01
7737,2023-08-02 12:54:00,19550.0,19524.4,8978200,8250300,49.95,71.4,1719850,1820550,0.0,-1.0,0.0,0.0,13.80051,14.219848,2023-08-01
12994,2023-08-02 12:54:00,19600.0,19524.4,18914150,8756250,31.25,102.55,2123250,1364350,0.0,-1.0,0.0,0.0,13.890227,14.316628,2023-08-01
18251,2023-08-02 12:54:00,19650.0,19524.4,12769800,2654550,18.8,140.1,1441850,417150,0.0,-1.0,0.0,0.0,14.119082,14.63996,2023-08-01
23504,2023-08-02 12:54:00,19700.0,19524.4,17894700,3133400,11.45,183.0,1566300,358900,0.0,-1.0,0.0,0.0,14.63403,15.40759,2023-08-01
28757,2023-08-02 12:54:00,19750.0,19524.4,9806000,999550,7.1,228.5,779600,78150,0.0,-1.0,0.0,0.0,15.289071,16.242589,2023-08-01
26131,2023-08-02 12:55:00,19250.0,19519.3,19950,3267500,280.1,5.5,2700,317600,1.0,0.0,0.0,0.0,16.872804,17.269562,2023-08-01
20878,2023-08-02 12:55:00,19300.0,19519.3,235550,6298550,233.85,8.15,20400,442550,1.0,0.0,0.0,0.0,16.632835,16.344406,2023-08-01
15624,2023-08-02 12:55:00,19350.0,19519.3,138450,5195400,187.6,12.4,9600,493250,1.0,0.0,0.0,0.0,15.505042,15.49323,2023-08-01
10366,2023-08-02 12:55:00,19400.0,19519.3,1266000,6553000,144.9,20.35,123100,795300,1.0,0.0,0.0,0.0,14.888952,15.090541,2023-08-01
5108,2023-08-02 12:55:00,19450.0,19519.3,815700,5943550,106.5,32.0,141800,685600,1.0,0.0,0.0,0.0,14.423142,14.607228,2023-08-01
2477,2023-08-02 12:55:00,19500.0,19519.3,7121100,11613150,74.1,49.8,859450,1834300,1.0,0.0,0.0,0.0,14.149886,14.366622,2023-08-01
7738,2023-08-02 12:55:00,19550.0,19519.3,8978200,8250300,47.85,73.7,1259300,1401650,0.0,-1.0,0.0,0.0,13.841717,14.097189,2023-08-01
12995,2023-08-02 12:55:00,19600.0,19519.3,18914150,8756250,29.6,105.7,1558850,1184050,0.0,-1.0,0.0,0.0,13.884985,14.238968,2023-08-01
18252,2023-08-02 12:55:00,19650.0,19519.3,12769800,2654550,17.85,143.7,1060250,269500,0.0,-1.0,0.0,0.0,14.167054,14.524704,2023-08-01
23505,2023-08-02 12:55:00,19700.0,19519.3,17894700,3133400,11.0,186.9,1252750,298400,0.0,-1.0,0.0,0.0,14.748996,15.238043,2023-08-01
28758,2023-08-02 12:55:00,19750.0,19519.3,9806000,999550,6.85,232.4,866400,69150,0.0,-1.0,0.0,0.0,15.416006,15.887401,2023-08-01
26132,2023-08-02 12:56:00,19250.0,19516.6,19850,3217750,278.85,5.4,5000,315450,1.0,0.0,0.0,0.0,17.76953,17.073477,2023-08-01
20879,2023-08-02 12:56:00,19300.0,19516.6,239050,6272700,234.05,8.05,17750,356700,1.0,0.0,0.0,0.0,17.911113,16.153175,2023-08-01
15625,2023-08-02 12:56:00,19350.0,19516.6,129850,5186850,187.55,12.45,8100,515950,1.0,0.0,0.0,0.0,16.391335,15.358366,2023-08-01
10367,2023-08-02 12:56:00,19400.0,19516.6,1204450,6802800,145.55,20.15,133850,861300,1.0,0.0,0.0,0.0,15.748373,14.845763,2023-08-01
5109,2023-08-02 12:56:00,19450.0,19516.6,889600,6116500,106.6,31.85,208800,665800,1.0,0.0,0.0,0.0,14.9346,14.349174,2023-08-01
2478,2023-08-02 12:56:00,19500.0,19516.6,7283050,11684750,73.9,49.45,783800,1840350,1.0,0.0,0.0,0.0,14.466763,14.009803,2023-08-01
7739,2023-08-02 12:56:00,19550.0,19516.6,9092100,7850850,47.85,73.35,927250,1082450,0.0,-1.0,0.0,0.0,14.122776,13.655361,2023-08-01
12996,2023-08-02 12:56:00,19600.0,19516.6,18728400,8339500,29.6,105.3,1245900,833400,0.0,-1.0,0.0,0.0,14.109653,13.641935,2023-08-01
18253,2023-08-02 12:56:00,19650.0,19516.6,12677600,2526000,17.75,143.5,907400,230500,0.0,-1.0,0.0,0.0,14.321152,13.760672,2023-08-01
23506,2023-08-02 12:56:00,19700.0,19516.6,17321350,3087650,10.85,186.25,1093350,232100,0.0,-1.0,0.0,0.0,14.84654,13.943516,2023-08-01
28759,2023-08-02 12:56:00,19750.0,19516.6,9369350,966450,6.85,232.5,585850,55150,0.0,-1.0,0.0,0.0,15.559934,14.469684,2023-08-01
26133,2023-08-02 12:57:00,19250.0,19516.6,19850,3217750,280.75,5.2,1400,207350,1.0,0.0,0.0,0.0,18.951368,16.933599,2023-08-01
20880,2023-08-02 12:57:00,19300.0,19516.6,239050,6272700,233.1,7.8,11750,309200,1.0,0.0,0.0,0.0,17.472745,16.022529,2023-08-01
15626,2023-08-02 12:57:00,19350.0,19516.6,129850,5186850,187.05,12.3,5550,366550,1.0,0.0,0.0,0.0,16.206572,15.301864,2023-08-01
10368,2023-08-02 12:57:00,19400.0,19516.6,1204450,6802800,145.6,20.0,72300,565250,1.0,0.0,0.0,0.0,15.769399,14.802899,2023-08-01
5110,2023-08-02 12:57:00,19450.0,19516.6,889600,6116500,106.9,31.7,124350,767050,1.0,0.0,0.0,0.0,15.017567,14.314185,2023-08-01
2479,2023-08-02 12:57:00,19500.0,19516.6,7283050,11684750,74.3,49.45,597350,1388850,1.0,0.0,0.0,0.0,14.56614,14.013813,2023-08-01
7740,2023-08-02 12:57:00,19550.0,19516.6,9092100,7850850,48.05,73.25,628450,777600,0.0,-1.0,0.0,0.0,14.174977,13.635413,2023-08-01
12997,2023-08-02 12:57:00,19600.0,19516.6,18728400,8339500,29.9,105.3,869450,789350,0.0,-1.0,0.0,0.0,14.193865,13.645515,2023-08-01
18254,2023-08-02 12:57:00,19650.0,19516.6,12677600,2526000,18.0,143.7,588550,148450,0.0,-1.0,0.0,0.0,14.407458,13.831115,2023-08-01
23507,2023-08-02 12:57:00,19700.0,19516.6,17321350,3087650,11.05,186.5,910050,186300,0.0,-1.0,0.0,0.0,14.936823,14.061994,2023-08-01
28760,2023-08-02 12:57:00,19750.0,19516.6,9369350,966450,6.95,232.1,605150,77700,0.0,-1.0,0.0,0.0,15.622662,14.1994,2023-08-01
26134,2023-08-02 12:58:00,19250.0,19514.45,19850,3217750,281.0,5.3,50,160600,1.0,0.0,0.0,0.0,20.161263,16.908599,2023-08-01
20881,2023-08-02 12:58:00,19300.0,19514.45,239050,6272700,229.6,8.0,10350,347700,1.0,0.0,0.0,0.0,16.700874,16.022549,2023-08-01
15627,2023-08-02 12:58:00,19350.0,19514.45,129850,5186850,184.25,12.5,9950,426600,1.0,0.0,0.0,0.0,15.830614,15.260006,2023-08-01
10369,2023-08-02 12:58:00,19400.0,19514.45,1204450,6802800,142.0,20.65,116000,671400,1.0,0.0,0.0,0.0,15.179446,14.862026,2023-08-01
5111,2023-08-02 12:58:00,19450.0,19514.45,889600,6116500,104.4,32.8,145700,905350,1.0,0.0,0.0,0.0,14.751455,14.425577,2023-08-01
2480,2023-08-02 12:58:00,19500.0,19514.45,7283050,11684750,72.15,51.1,736150,1879150,1.0,0.0,0.0,0.0,14.346395,14.182778,2023-08-01
7741,2023-08-02 12:58:00,19550.0,19514.45,9092100,7850850,46.55,75.35,1261050,1181650,0.0,-1.0,0.0,0.0,14.041582,13.844342,2023-08-01
12998,2023-08-02 12:58:00,19600.0,19514.45,18728400,8339500,29.0,108.0,1373050,748150,0.0,-1.0,0.0,0.0,14.133423,13.96909,2023-08-01
18255,2023-08-02 12:58:00,19650.0,19514.45,12677600,2526000,17.5,146.4,763150,241750,0.0,-1.0,0.0,0.0,14.392759,14.160863,2023-08-01
23508,2023-08-02 12:58:00,19700.0,19514.45,17321350,3087650,10.8,189.95,651150,290700,0.0,-1.0,0.0,0.0,14.959088,14.770377,2023-08-01
28761,2023-08-02 12:58:00,19750.0,19514.45,9369350,966450,6.95,235.25,415550,39700,0.0,-1.0,0.0,0.0,15.738519,14.971245,2023-08-01
26135,2023-08-02 12:59:00,19250.0,19512.65,19500,3207050,275.0,5.1,250,132200,1.0,0.0,0.0,0.0,17.663142,16.681846,2023-08-01
20882,2023-08-02 12:59:00,19300.0,19512.65,246900,6265900,229.25,7.85,10000,408550,1.0,0.0,0.0,0.0,17.315386,15.851534,2023-08-01
15628,2023-08-02 12:59:00,19350.0,19512.65,136850,5305800,183.45,12.35,16600,407150,1.0,0.0,0.0,0.0,16.110289,15.096708,2023-08-01
10370,2023-08-02 12:59:00,19400.0,19512.65,1237800,6893450,141.25,20.5,124200,700500,1.0,0.0,0.0,0.0,15.378783,14.6942,2023-08-01
5112,2023-08-02 12:59:00,19450.0,19512.65,1030000,6131300,103.5,32.6,123200,648850,1.0,0.0,0.0,0.0,14.835849,14.22682,2023-08-01
2481,2023-08-02 12:59:00,19500.0,19512.65,7545300,11406800,71.65,51.15,902700,1781600,1.0,0.0,0.0,0.0,14.467447,14.008973,2023-08-01
7742,2023-08-02 12:59:00,19550.0,19512.65,9566800,7510400,46.05,75.55,1005800,978850,0.0,-1.0,0.0,0.0,14.107973,13.646844,2023-08-01
12999,2023-08-02 12:59:00,19600.0,19512.65,18625900,8201900,28.7,108.45,1199000,796500,0.0,-1.0,0.0,0.0,14.202474,13.752462,2023-08-01
18256,2023-08-02 12:59:00,19650.0,19512.65,12570200,2461400,17.45,147.2,730250,162500,0.0,-1.0,0.0,0.0,14.501246,13.94558,2023-08-01
23509,2023-08-02 12:59:00,19700.0,19512.65,17352650,3130100,10.7,190.6,600050,189350,0.0,-1.0,0.0,0.0,15.024463,14.358568,2023-08-01
28762,2023-08-02 12:59:00,19750.0,19512.65,9323750,902400,6.85,236.6,415350,24050,0.0,-1.0,0.0,0.0,15.778134,14.770463,2023-08-01
26136,2023-08-02 13:00:00,19250.0,19515.65,19500,3207050,280.55,4.8,750,147900,1.0,0.0,0.0,0.0,19.35378,16.604913,2023-08-01
20883,2023-08-02 13:00:00,19300.0,19515.65,246900,6265900,233.3,7.3,12000,519200,1.0,0.0,0.0,0.0,17.978001,15.710367,2023-08-01
15629,2023-08-02 13:00:00,19350.0,19515.65,136850,5305800,187.1,11.45,19650,445200,1.0,0.0,0.0,0.0,16.546909,14.908128,2023-08-01
10371,2023-08-02 13:00:00,19400.0,19515.65,1237800,6893450,144.75,19.15,136050,715950,1.0,0.0,0.0,0.0,15.749782,14.481151,2023-08-01
5113,2023-08-02 13:00:00,19450.0,19515.65,1030000,6131300,106.9,30.95,165050,745200,1.0,0.0,0.0,0.0,15.198828,14.051768,2023-08-01
2482,2023-08-02 13:00:00,19500.0,19515.65,7545300,11406800,73.85,48.65,859500,1555400,1.0,0.0,0.0,0.0,14.600131,13.738209,2023-08-01
7743,2023-08-02 13:00:00,19550.0,19515.65,9566800,7510400,47.55,72.65,772750,906800,0.0,-1.0,0.0,0.0,14.167464,13.374261,2023-08-01
13000,2023-08-02 13:00:00,19600.0,19515.65,18625900,8201900,29.85,104.6,899750,661050,0.0,-1.0,0.0,0.0,14.272202,13.287739,2023-08-01
18257,2023-08-02 13:00:00,19650.0,19515.65,12570200,2461400,18.15,143.25,508100,165050,0.0,-1.0,0.0,0.0,14.534801,13.427106,2023-08-01
23510,2023-08-02 13:00:00,19700.0,19515.65,17352650,3130100,11.05,186.15,616750,176500,0.0,-1.0,0.0,0.0,15.006739,13.504811,2023-08-01
28763,2023-08-02 13:00:00,19750.0,19515.65,9323750,902400,7.05,232.1,401650,25750,0.0,-1.0,0.0,0.0,15.744395,13.549352,2023-08-01
26137,2023-08-02 13:01:00,19250.0,19521.3,19500,3207050,283.4,4.5,500,204700,1.0,0.0,0.0,0.0,17.939969,16.641457,2023-08-01
20884,2023-08-02 13:01:00,19300.0,19521.3,246900,6265900,235.3,6.8,12800,467950,1.0,0.0,0.0,0.0,16.488276,15.719467,2023-08-01
15630,2023-08-02 13:01:00,19350.0,19521.3,136850,5305800,188.45,10.8,15700,322000,1.0,0.0,0.0,0.0,15.179417,14.964181,2023-08-01
10372,2023-08-02 13:01:00,19400.0,19521.3,1237800,6893450,146.45,18.1,127050,784200,1.0,0.0,0.0,0.0,14.915146,14.53024,2023-08-01
5114,2023-08-02 13:01:00,19450.0,19521.3,1030000,6131300,107.85,29.4,153300,690000,1.0,0.0,0.0,0.0,14.446378,14.108648,2023-08-01
2483,2023-08-02 13:01:00,19500.0,19521.3,7545300,11406800,75.0,46.75,729100,1501600,1.0,0.0,0.0,0.0,14.122602,13.871824,2023-08-01
7744,2023-08-02 13:01:00,19550.0,19521.3,9566800,7510400,48.5,70.45,731900,921450,0.0,-1.0,0.0,0.0,13.81671,13.618174,2023-08-01
13001,2023-08-02 13:01:00,19600.0,19521.3,18625900,8201900,30.3,102.35,778600,573150,0.0,-1.0,0.0,0.0,13.93276,13.742186,2023-08-01
18258,2023-08-02 13:01:00,19650.0,19521.3,12570200,2461400,18.45,140.55,417050,257750,0.0,-1.0,0.0,0.0,14.252946,14.040244,2023-08-01
23511,2023-08-02 13:01:00,19700.0,19521.3,17352650,3130100,11.25,183.05,552450,195150,0.0,-1.0,0.0,0.0,14.766692,14.364193,2023-08-01
28764,2023-08-02 13:01:00,19750.0,19521.3,9323750,902400,7.2,229.95,308100,20300,0.0,-1.0,0.0,0.0,15.541465,15.552636,2023-08-01
26138,2023-08-02 13:02:00,19250.0,19521.75,19100,3145250,282.7,4.55,650,152750,1.0,0.0,0.0,0.0,17.156849,16.707327,2023-08-01
20885,2023-08-02 13:02:00,19300.0,19521.75,259650,6247300,235.85,6.8,20550,260500,1.0,0.0,0.0,0.0,16.572945,15.747275,2023-08-01
15631,2023-08-02 13:02:00,19350.0,19521.75,138600,5436150,189.7,10.8,12350,265850,1.0,0.0,0.0,0.0,15.548479,14.994628,2023-08-01
10373,2023-08-02 13:02:00,19400.0,19521.75,1270750,6998100,146.85,18.1,70050,520650,1.0,0.0,0.0,0.0,14.9353,14.564844,2023-08-01
5115,2023-08-02 13:02:00,19450.0,19521.75,1089600,6248900,108.2,29.5,108550,443750,1.0,0.0,0.0,0.0,14.46174,14.175864,2023-08-01
2484,2023-08-02 13:02:00,19500.0,19521.75,7900750,11550450,75.5,46.75,620450,894550,1.0,0.0,0.0,0.0,14.185067,13.92134,2023-08-01
7745,2023-08-02 13:02:00,19550.0,19521.75,9847350,7674950,48.75,70.4,752550,538700,0.0,-1.0,0.0,0.0,13.833611,13.669662,2023-08-01
13002,2023-08-02 13:02:00,19600.0,19521.75,18775100,8139500,30.5,102.15,699100,450300,0.0,-1.0,0.0,0.0,13.952655,13.774511,2023-08-01
18259,2023-08-02 13:02:00,19650.0,19521.75,12427700,2499800,18.5,140.55,308200,126500,0.0,-1.0,0.0,0.0,14.242949,14.158264,2023-08-01
23512,2023-08-02 13:02:00,19700.0,19521.75,17329100,3089300,11.4,183.05,478200,116350,0.0,-1.0,0.0,0.0,14.807819,14.534541,2023-08-01
28765,2023-08-02 13:02:00,19750.0,19521.75,9324150,902450,7.15,229.2,405700,25500,0.0,-1.0,0.0,0.0,15.495059,15.362647,2023-08-01
26139,2023-08-02 13:03:00,19250.0,19519.6,19100,3145250,281.4,4.65,1600,99700,1.0,0.0,0.0,0.0,17.668783,16.690414,2023-08-01
20886,2023-08-02 13:03:00,19300.0,19519.6,259650,6247300,232.7,7.1,6750,263150,1.0,0.0,0.0,0.0,15.91485,15.815809,2023-08-01
15632,2023-08-02 13:03:00,19350.0,19519.6,138600,5436150,187.3,11.25,9150,315200,1.0,0.0,0.0,0.0,15.324156,15.067918,2023-08-01
10374,2023-08-02 13:03:00,19400.0,19519.6,1270750,6998100,145.0,18.95,71850,499300,1.0,0.0,0.0,0.0,14.890505,14.700008,2023-08-01
5116,2023-08-02 13:03:00,19450.0,19519.6,1089600,6248900,107.2,30.7,83050,404450,1.0,0.0,0.0,0.0,14.594802,14.323668,2023-08-01
2485,2023-08-02 13:03:00,19500.0,19519.6,7900750,11550450,74.5,48.5,488300,932900,1.0,0.0,0.0,0.0,14.243947,14.122271,2023-08-01
7746,2023-08-02 13:03:00,19550.0,19519.6,9847350,7674950,48.05,72.3,539950,571250,0.0,-1.0,0.0,0.0,13.896003,13.837303,2023-08-01
13003,2023-08-02 13:03:00,19600.0,19519.6,18775100,8139500,30.2,104.5,635500,425850,0.0,-1.0,0.0,0.0,14.056041,14.007855,2023-08-01
18260,2023-08-02 13:03:00,19650.0,19519.6,12427700,2499800,18.35,143.1,446200,138950,0.0,-1.0,0.0,0.0,14.346226,14.437047,2023-08-01
23513,2023-08-02 13:03:00,19700.0,19519.6,17329100,3089300,11.25,185.5,360000,84950,0.0,-1.0,0.0,0.0,14.875994,14.790432,2023-08-01
28766,2023-08-02 13:03:00,19750.0,19519.6,9324150,902450,7.15,231.3,269050,13750,0.0,-1.0,0.0,0.0,15.611946,15.448013,2023-08-01
26140,2023-08-02 13:04:00,19250.0,19517.45,19100,3145250,278.9,4.95,100,121550,1.0,0.0,0.0,0.0,17.328626,16.824249,2023-08-01
20887,2023-08-02 13:04:00,19300.0,19517.45,259650,6247300,230.05,7.5,13400,145800,1.0,0.0,0.0,0.0,15.522724,15.935302,2023-08-01
15633,2023-08-02 13:04:00,19350.0,19517.45,138600,5436150,183.75,11.9,7300,209550,1.0,0.0,0.0,0.0,14.608713,15.219546,2023-08-01
10375,2023-08-02 13:04:00,19400.0,19517.45,1270750,6998100,142.25,19.9,74350,385100,1.0,0.0,0.0,0.0,14.556705,14.860767,2023-08-01
5117,2023-08-02 13:04:00,19450.0,19517.45,1089600,6248900,104.35,32.05,68050,519200,1.0,0.0,0.0,0.0,14.238584,14.505781,2023-08-01
2486,2023-08-02 13:04:00,19500.0,19517.45,7900750,11550450,72.1,50.4,338200,736650,1.0,0.0,0.0,0.0,13.968356,14.354983,2023-08-01
7747,2023-08-02 13:04:00,19550.0,19517.45,9847350,7674950,46.5,74.5,429150,424850,0.0,-1.0,0.0,0.0,13.75399,14.074078,2023-08-01
13004,2023-08-02 13:04:00,19600.0,19517.45,18775100,8139500,29.1,107.25,579150,361150,0.0,-1.0,0.0,0.0,13.945498,14.346542,2023-08-01
18261,2023-08-02 13:04:00,19650.0,19517.45,12427700,2499800,17.65,146.2,337950,106550,0.0,-1.0,0.0,0.0,14.269172,14.891854,2023-08-01
23514,2023-08-02 13:04:00,19700.0,19517.45,17329100,3089300,10.75,189.15,361050,103650,0.0,-1.0,0.0,0.0,14.793383,15.542441,2023-08-01
28767,2023-08-02 13:04:00,19750.0,19517.45,9324150,902450,6.9,235.0,154450,9600,0.0,-1.0,0.0,0.0,15.585731,16.416577,2023-08-01
26141,2023-08-02 13:05:00,19250.0,19518.65,20050,3157250,279.2,4.9,500,89000,1.0,0.0,0.0,0.0,16.730359,16.848461,2023-08-01
20888,2023-08-02 13:05:00,19300.0,19518.65,265500,6254350,233.55,7.35,9250,218650,1.0,0.0,0.0,0.0,16.849086,15.918509,2023-08-01
15634,2023-08-02 13:05:00,19350.0,19518.65,143900,5485000,187.2,11.65,5650,243500,1.0,0.0,0.0,0.0,15.630039,15.190431,2023-08-01
10376,2023-08-02 13:05:00,19400.0,19518.65,1314850,7146750,144.35,19.35,78050,724800,1.0,0.0,0.0,0.0,14.93221,14.772433,2023-08-01
5118,2023-08-02 13:05:00,19450.0,19518.65,1120800,6207350,106.45,31.3,80350,606650,1.0,0.0,0.0,0.0,14.579475,14.41234,2023-08-01
2487,2023-08-02 13:05:00,19500.0,19518.65,8113850,11667750,73.65,49.35,379600,741550,1.0,0.0,0.0,0.0,14.180021,14.234436,2023-08-01
7748,2023-08-02 13:05:00,19550.0,19518.65,9953350,7633650,47.55,73.15,380550,430200,0.0,-1.0,0.0,0.0,13.884958,13.919251,2023-08-01
13005,2023-08-02 13:05:00,19600.0,19518.65,18948250,8065000,29.7,105.3,522650,298700,0.0,-1.0,0.0,0.0,14.011457,14.053705,2023-08-01
18262,2023-08-02 13:05:00,19650.0,19518.65,12559350,2474600,18.05,143.7,225150,61750,0.0,-1.0,0.0,0.0,14.323247,14.39612,2023-08-01
23515,2023-08-02 13:05:00,19700.0,19518.65,17383300,3087250,11.05,186.45,261400,77450,0.0,-1.0,0.0,0.0,14.856752,14.852435,2023-08-01
28768,2023-08-02 13:05:00,19750.0,19518.65,9393050,901400,7.0,232.55,143600,13350,0.0,-1.0,0.0,0.0,15.58622,15.674346,2023-08-01
26142,2023-08-02 13:06:00,19250.0,19520.2,20050,3157250,279.2,4.7,0,97650,1.0,0.0,0.0,0.0,16.730359,16.772949,2023-08-01
20889,2023-08-02 13:06:00,19300.0,19520.2,265500,6254350,234.7,7.05,5150,170050,1.0,0.0,0.0,0.0,16.731327,15.832401,2023-08-01
15635,2023-08-02 13:06:00,19350.0,19520.2,143900,5485000,187.6,11.05,5850,263900,1.0,0.0,0.0,0.0,15.251932,15.030919,2023-08-01
10377,2023-08-02 13:06:00,19400.0,19520.2,1314850,7146750,146.0,18.4,49500,588800,1.0,0.0,0.0,0.0,15.076342,14.575618,2023-08-01
5119,2023-08-02 13:06:00,19450.0,19520.2,1120800,6207350,107.9,30.1,38500,373800,1.0,0.0,0.0,0.0,14.686422,14.226346,2023-08-01
2488,2023-08-02 13:06:00,19500.0,19520.2,8113850,11667750,74.95,47.85,372300,853950,1.0,0.0,0.0,0.0,14.284775,14.041476,2023-08-01
7749,2023-08-02 13:06:00,19550.0,19520.2,9953350,7633650,48.5,71.45,398050,352300,0.0,-1.0,0.0,0.0,13.954765,13.727624,2023-08-01
13006,2023-08-02 13:06:00,19600.0,19520.2,18948250,8065000,30.35,103.35,488500,254850,0.0,-1.0,0.0,0.0,14.060307,13.824522,2023-08-01
18263,2023-08-02 13:06:00,19650.0,19520.2,12559350,2474600,18.25,141.25,248950,77800,0.0,-1.0,0.0,0.0,14.287393,14.001764,2023-08-01
23516,2023-08-02 13:06:00,19700.0,19520.2,17383300,3087250,11.1,184.2,324800,70100,0.0,-1.0,0.0,0.0,14.79232,14.46502,2023-08-01
28769,2023-08-02 13:06:00,19750.0,19520.2,9393050,901400,6.95,230.3,195150,12550,0.0,-1.0,0.0,0.0,15.482434,15.192167,2023-08-01
26143,2023-08-02 13:07:00,19250.0,19520.35,20050,3157250,281.65,4.75,100,68200,1.0,0.0,0.0,0.0,17.385625,16.823996,2023-08-01
20890,2023-08-02 13:07:00,19300.0,19520.35,265500,6254350,234.75,7.1,5050,166200,1.0,0.0,0.0,0.0,16.693634,15.873795,2023-08-01
15636,2023-08-02 13:07:00,19350.0,19520.35,143900,5485000,187.4,11.15,1100,184250,1.0,0.0,0.0,0.0,15.118274,15.087041,2023-08-01
10378,2023-08-02 13:07:00,19400.0,19520.35,1314850,7146750,144.9,18.65,37500,470150,1.0,0.0,0.0,0.0,14.690276,14.671453,2023-08-01
5120,2023-08-02 13:07:00,19450.0,19520.35,1120800,6207350,106.9,30.45,65750,309550,1.0,0.0,0.0,0.0,14.400113,14.3357,2023-08-01
2489,2023-08-02 13:07:00,19500.0,19520.35,8113850,11667750,74.4,48.4,322050,465200,1.0,0.0,0.0,0.0,14.138782,14.191573,2023-08-01
7750,2023-08-02 13:07:00,19550.0,19520.35,9953350,7633650,47.9,72.2,304150,232600,0.0,-1.0,0.0,0.0,13.801878,13.92911,2023-08-01
13007,2023-08-02 13:07:00,19600.0,19520.35,18948250,8065000,29.9,104.0,378950,182800,0.0,-1.0,0.0,0.0,13.934104,14.026927,2023-08-01
18264,2023-08-02 13:07:00,19650.0,19520.35,12559350,2474600,18.1,142.45,163950,46400,0.0,-1.0,0.0,0.0,14.233456,14.432266,2023-08-01
23517,2023-08-02 13:07:00,19700.0,19520.35,17383300,3087250,11.0,185.05,182400,68200,0.0,-1.0,0.0,0.0,14.746089,14.886268,2023-08-01
28770,2023-08-02 13:07:00,19750.0,19520.35,9393050,901400,6.95,231.25,90450,4600,0.0,-1.0,0.0,0.0,15.479742,15.81498,2023-08-01
26144,2023-08-02 13:08:00,19300.0,19526.45,271800,6287300,239.6,6.55,13550,249300,1.0,0.0,0.0,0.0,16.333262,15.866665,2023-08-01
20891,2023-08-02 13:08:00,19350.0,19526.45,147550,5465200,193.4,10.15,3550,325800,1.0,0.0,0.0,0.0,15.435239,15.003732,2023-08-01
15637,2023-08-02 13:08:00,19400.0,19526.45,1339100,7148750,150.45,17.05,78400,608400,1.0,0.0,0.0,0.0,14.927015,14.555401,2023-08-01
10379,2023-08-02 13:08:00,19450.0,19526.45,1122300,6249650,111.45,28.0,113200,472800,1.0,0.0,0.0,0.0,14.484341,14.173718,2023-08-01
5121,2023-08-02 13:08:00,19500.0,19526.45,8081800,11665800,77.9,44.85,585250,1057750,1.0,0.0,0.0,0.0,14.137323,13.961995,2023-08-01
2490,2023-08-02 13:08:00,19550.0,19526.45,10002550,7653450,50.5,67.7,560250,548950,0.0,-1.0,0.0,0.0,13.778466,13.668559,2023-08-01
7751,2023-08-02 13:08:00,19600.0,19526.45,19028100,8052550,31.5,98.65,532200,426600,0.0,-1.0,0.0,0.0,13.848322,13.718264,2023-08-01
13008,2023-08-02 13:08:00,19650.0,19526.45,12518600,2482500,18.95,136.1,320500,114850,0.0,-1.0,0.0,0.0,14.09069,13.93671,2023-08-01
18265,2023-08-02 13:08:00,19700.0,19526.45,17384450,3047400,11.4,178.25,332000,110400,0.0,-1.0,0.0,0.0,14.559849,14.23708,2023-08-01
23518,2023-08-02 13:08:00,19750.0,19526.45,9442600,901450,7.1,223.9,133850,24750,0.0,-1.0,0.0,0.0,15.252276,14.788724,2023-08-01
28771,2023-08-02 13:08:00,19800.0,19526.45,15438400,1850450,5.0,272.15,169750,12500,0.0,-1.0,0.0,0.0,16.37439,16.043482,2023-08-01
26145,2023-08-02 13:09:00,19300.0,19527.5,271800,6287300,236.7,6.65,10200,270750,1.0,0.0,0.0,0.0,13.702471,15.985342,2023-08-01
20892,2023-08-02 13:09:00,19350.0,19527.5,147550,5465200,190.65,10.45,22950,274900,1.0,0.0,0.0,0.0,13.712655,15.202509,2023-08-01
15638,2023-08-02 13:09:00,19400.0,19527.5,1339100,7148750,147.75,17.5,61900,533850,1.0,0.0,0.0,0.0,13.716468,14.780825,2023-08-01
10380,2023-08-02 13:09:00,19450.0,19527.5,1122300,6249650,109.3,28.9,82500,357100,1.0,0.0,0.0,0.0,13.699474,14.505725,2023-08-01
5122,2023-08-02 13:09:00,19500.0,19527.5,8081800,11665800,76.1,46.2,518700,879350,1.0,0.0,0.0,0.0,13.56165,14.39372,2023-08-01
2491,2023-08-02 13:09:00,19550.0,19527.5,10002550,7653450,49.1,69.7,579600,410800,0.0,-1.0,0.0,0.0,13.340964,14.277923,2023-08-01
7752,2023-08-02 13:09:00,19600.0,19527.5,19028100,8052550,30.7,100.9,600550,323300,0.0,-1.0,0.0,0.0,13.556967,14.483508,2023-08-01
13009,2023-08-02 13:09:00,19650.0,19527.5,12518600,2482500,18.45,139.25,295200,90200,0.0,-1.0,0.0,0.0,13.864567,15.164451,2023-08-01
18266,2023-08-02 13:09:00,19700.0,19527.5,17384450,3047400,11.2,182.0,300650,93400,0.0,-1.0,0.0,0.0,14.419809,16.071023,2023-08-01
23519,2023-08-02 13:09:00,19750.0,19527.5,9442600,901450,7.1,228.15,178650,6600,0.0,-1.0,0.0,0.0,15.202413,17.438954,2023-08-01
28772,2023-08-02 13:09:00,19800.0,19527.5,15438400,1850450,5.05,276.65,195400,14300,0.0,-1.0,0.0,0.0,16.365855,19.424435,2023-08-01
26146,2023-08-02 13:10:00,19300.0,19526.3,271800,6287300,234.95,6.8,7350,110900,1.0,0.0,0.0,0.0,13.168327,16.01878,2023-08-01
20893,2023-08-02 13:10:00,19350.0,19526.3,147550,5465200,188.5,10.7,10150,198700,1.0,0.0,0.0,0.0,13.150083,15.24921,2023-08-01
15639,2023-08-02 13:10:00,19400.0,19526.3,1339100,7148750,146.05,17.95,38650,317550,1.0,0.0,0.0,0.0,13.46659,14.855628,2023-08-01
10381,2023-08-02 13:10:00,19450.0,19526.3,1122300,6249650,107.55,29.65,67900,243500,1.0,0.0,0.0,0.0,13.458962,14.616708,2023-08-01
5123,2023-08-02 13:10:00,19500.0,19526.3,8081800,11665800,74.8,47.2,486900,620150,1.0,0.0,0.0,0.0,13.424472,14.518329,2023-08-01
2492,2023-08-02 13:10:00,19550.0,19526.3,10002550,7653450,48.25,71.0,408800,383750,0.0,-1.0,0.0,0.0,13.273451,14.434656,2023-08-01
7753,2023-08-02 13:10:00,19600.0,19526.3,19028100,8052550,30.1,102.65,652150,292000,0.0,-1.0,0.0,0.0,13.506305,14.731541,2023-08-01
13010,2023-08-02 13:10:00,19650.0,19526.3,12518600,2482500,18.1,141.05,302600,66650,0.0,-1.0,0.0,0.0,13.840512,15.435403,2023-08-01
18267,2023-08-02 13:10:00,19700.0,19526.3,17384450,3047400,11.05,183.7,253700,81450,0.0,-1.0,0.0,0.0,14.432833,16.334926,2023-08-01
23520,2023-08-02 13:10:00,19750.0,19526.3,9442600,901450,7.05,229.55,146050,13150,0.0,-1.0,0.0,0.0,15.242113,17.601515,2023-08-01
28773,2023-08-02 13:10:00,19800.0,19526.3,15438400,1850450,5.05,278.25,151100,12250,0.0,-1.0,0.0,0.0,16.428857,19.700793,2023-08-01
26147,2023-08-02 13:11:00,19300.0,19525.55,273150,6322350,234.8,6.9,2400,116750,1.0,0.0,0.0,0.0,13.668962,16.044498,2023-08-01
20894,2023-08-02 13:11:00,19350.0,19525.55,160300,5459450,189.05,10.7,4300,197700,1.0,0.0,0.0,0.0,13.797737,15.210712,2023-08-01
15640,2023-08-02 13:11:00,19400.0,19525.55,1350000,7072200,147.0,18.0,44400,271150,1.0,0.0,0.0,0.0,14.021831,14.826481,2023-08-01
10382,2023-08-02 13:11:00,19450.0,19525.55,1115850,6250150,108.2,29.5,60000,331500,1.0,0.0,0.0,0.0,13.789819,14.520345,2023-08-01
5124,2023-08-02 13:11:00,19500.0,19525.55,8242650,11648600,75.15,47.0,317300,583200,1.0,0.0,0.0,0.0,13.61927,14.399788,2023-08-01
2493,2023-08-02 13:11:00,19550.0,19525.55,10104600,7566000,48.55,70.75,271850,455650,0.0,-1.0,0.0,0.0,13.428646,14.283344,2023-08-01
7754,2023-08-02 13:11:00,19600.0,19525.55,19124600,8025400,30.2,102.35,301650,301050,0.0,-1.0,0.0,0.0,13.599791,14.529992,2023-08-01
13011,2023-08-02 13:11:00,19650.0,19525.55,12518400,2455900,18.3,140.0,214900,48400,0.0,-1.0,0.0,0.0,13.960646,14.946554,2023-08-01
18268,2023-08-02 13:11:00,19700.0,19525.55,17405950,3029550,11.1,183.2,257400,68300,0.0,-1.0,0.0,0.0,14.50269,15.919077,2023-08-01
23521,2023-08-02 13:11:00,19750.0,19525.55,9397950,903350,7.0,228.75,139300,6350,0.0,-1.0,0.0,0.0,15.258097,16.92858,2023-08-01
28774,2023-08-02 13:11:00,19800.0,19525.55,15435300,1851250,5.0,276.95,111750,8550,0.0,-1.0,0.0,0.0,16.433635,18.63751,2023-08-01
26148,2023-08-02 13:12:00,19300.0,19526.6,273150,6322350,235.75,6.8,5750,164800,1.0,0.0,0.0,0.0,13.640412,16.043906,2023-08-01
20895,2023-08-02 13:12:00,19350.0,19526.6,160300,5459450,189.55,10.6,5850,184100,1.0,0.0,0.0,0.0,13.578593,15.231465,2023-08-01
15641,2023-08-02 13:12:00,19400.0,19526.6,1350000,7072200,146.8,17.85,35850,198850,1.0,0.0,0.0,0.0,13.657185,14.851289,2023-08-01
10383,2023-08-02 13:12:00,19450.0,19526.6,1115850,6250150,108.2,29.2,59500,636400,1.0,0.0,0.0,0.0,13.589061,14.527932,2023-08-01
5125,2023-08-02 13:12:00,19500.0,19526.6,8242650,11648600,75.65,46.6,378050,545950,1.0,0.0,0.0,0.0,13.595829,14.412881,2023-08-01
2494,2023-08-02 13:12:00,19550.0,19526.6,10104600,7566000,48.85,70.25,324650,513200,0.0,-1.0,0.0,0.0,13.392226,14.304527,2023-08-01
7755,2023-08-02 13:12:00,19600.0,19526.6,19124600,8025400,30.6,101.8,542900,209750,0.0,-1.0,0.0,0.0,13.620603,14.572683,2023-08-01
13012,2023-08-02 13:12:00,19650.0,19526.6,12518400,2455900,18.45,139.7,199100,60000,0.0,-1.0,0.0,0.0,13.940715,15.104581,2023-08-01
18269,2023-08-02 13:12:00,19700.0,19526.6,17405950,3029550,11.15,182.2,276100,53900,0.0,-1.0,0.0,0.0,14.466501,15.876784,2023-08-01
23522,2023-08-02 13:12:00,19750.0,19526.6,9397950,903350,7.0,227.85,135400,12700,0.0,-1.0,0.0,0.0,15.208353,16.945432,2023-08-01
28775,2023-08-02 13:12:00,19800.0,19526.6,15435300,1851250,5.0,275.55,76900,7550,0.0,-1.0,0.0,0.0,16.388642,18.386138,2023-08-01
26149,2023-08-02 13:13:00,19250.0,19520.3,20000,3179150,272.2,4.85,500,151700,,0.0,,0.0,0.0,16.929779,2023-08-01
20896,2023-08-02 13:13:00,19300.0,19520.3,273150,6322350,225.6,7.25,14250,178600,,0.0,,0.0,0.0,15.986328,2023-08-01
15642,2023-08-02 13:13:00,19350.0,19520.3,160300,5459450,179.6,11.55,13100,314800,1.0,0.0,0.0,0.0,11.069243,15.281884,2023-08-01
10384,2023-08-02 13:13:00,19400.0,19520.3,1350000,7072200,137.6,19.5,185650,456950,1.0,0.0,0.0,0.0,12.204944,14.969254,2023-08-01
5126,2023-08-02 13:13:00,19450.0,19520.3,1115850,6250150,100.2,31.9,173900,470500,1.0,0.0,0.0,0.0,12.631409,14.741128,2023-08-01
2495,2023-08-02 13:13:00,19500.0,19520.3,8242650,11648600,68.8,51.0,920750,1108500,1.0,0.0,0.0,0.0,12.839951,14.829794,2023-08-01
7756,2023-08-02 13:13:00,19550.0,19520.3,10104600,7566000,43.8,76.1,830600,727950,0.0,-1.0,0.0,0.0,12.861526,14.870657,2023-08-01
13013,2023-08-02 13:13:00,19600.0,19520.3,19124600,8025400,27.4,109.25,984350,550500,0.0,-1.0,0.0,0.0,13.301822,15.411351,2023-08-01
18270,2023-08-02 13:13:00,19650.0,19520.3,12518400,2455900,16.55,148.9,518200,173200,0.0,-1.0,0.0,0.0,13.756829,16.436564,2023-08-01
23523,2023-08-02 13:13:00,19700.0,19520.3,17405950,3029550,10.2,192.0,505300,163400,0.0,-1.0,0.0,0.0,14.433405,17.56163,2023-08-01
28776,2023-08-02 13:13:00,19750.0,19520.3,9397950,903350,6.6,238.7,330000,27850,0.0,-1.0,0.0,0.0,15.309898,19.324622,2023-08-01
26150,2023-08-02 13:14:00,19250.0,19512.05,22250,3153150,264.6,5.15,11250,232100,,0.0,,0.0,0.0,16.76634,2023-08-01
20897,2023-08-02 13:14:00,19300.0,19512.05,272250,6292700,218.35,7.8,43300,487450,1.0,0.0,0.0,0.0,9.397227,15.864881,2023-08-01
15643,2023-08-02 13:14:00,19350.0,19512.05,153400,5448150,173.1,12.35,56250,544300,1.0,0.0,0.0,0.0,11.782588,15.129117,2023-08-01
10385,2023-08-02 13:14:00,19400.0,19512.05,1372800,7113300,131.55,20.85,228800,980950,1.0,0.0,0.0,0.0,12.480708,14.826973,2023-08-01
5127,2023-08-02 13:14:00,19450.0,19512.05,1050900,6341750,94.8,34.25,293700,1281850,1.0,0.0,0.0,0.0,12.746124,14.666133,2023-08-01
2496,2023-08-02 13:14:00,19500.0,19512.05,8175900,11508350,64.65,54.35,1462750,2583550,1.0,0.0,0.0,0.0,12.965815,14.761866,2023-08-01
7757,2023-08-02 13:14:00,19550.0,19512.05,10147950,7090400,40.85,80.85,1453350,1693400,0.0,-1.0,0.0,0.0,12.991722,14.88987,2023-08-01
13014,2023-08-02 13:14:00,19600.0,19512.05,18952250,7899550,25.35,115.05,1727350,1141450,0.0,-1.0,0.0,0.0,13.408726,15.465713,2023-08-01
18271,2023-08-02 13:14:00,19650.0,19512.05,12443850,2424550,15.3,155.1,1044650,347400,0.0,-1.0,0.0,0.0,13.883389,16.407476,2023-08-01
23524,2023-08-02 13:14:00,19700.0,19512.05,17379400,2994550,9.4,199.0,1066150,349650,0.0,-1.0,0.0,0.0,14.550461,17.634921,2023-08-01
28777,2023-08-02 13:14:00,19750.0,19512.05,9383750,900750,6.2,245.9,350700,61600,0.0,-1.0,0.0,0.0,15.496236,19.36615,2023-08-01
26151,2023-08-02 13:15:00,19250.0,19508.3,22250,3153150,265.8,5.2,1000,405800,1.0,0.0,0.0,0.0,13.375031,16.62731,2023-08-01
20898,2023-08-02 13:15:00,19300.0,19508.3,272250,6292700,216.4,7.85,40350,685800,1.0,0.0,0.0,0.0,11.872036,15.697742,2023-08-01
15644,2023-08-02 13:15:00,19350.0,19508.3,153400,5448150,171.4,12.55,28900,673400,1.0,0.0,0.0,0.0,12.678727,14.988901,2023-08-01
10386,2023-08-02 13:15:00,19400.0,19508.3,1372800,7113300,130.1,21.15,261950,1255100,1.0,0.0,0.0,0.0,13.017087,14.658831,2023-08-01
5128,2023-08-02 13:15:00,19450.0,19508.3,1050900,6341750,93.45,34.6,214250,1477250,1.0,0.0,0.0,0.0,13.072762,14.438341,2023-08-01
2497,2023-08-02 13:15:00,19500.0,19508.3,8175900,11508350,63.4,54.9,1500950,3152850,1.0,0.0,0.0,0.0,13.159924,14.490944,2023-08-01
7758,2023-08-02 13:15:00,19550.0,19508.3,10147950,7090400,40.0,81.85,1584600,1632200,0.0,-1.0,0.0,0.0,13.158098,14.608715,2023-08-01
13015,2023-08-02 13:15:00,19600.0,19508.3,18952250,7899550,24.75,116.6,2022850,1250750,0.0,-1.0,0.0,0.0,13.539697,15.188847,2023-08-01
18272,2023-08-02 13:15:00,19650.0,19508.3,12443850,2424550,14.85,156.45,1088600,309100,0.0,-1.0,0.0,0.0,13.974414,15.916156,2023-08-01
23525,2023-08-02 13:15:00,19700.0,19508.3,17379400,2994550,9.1,200.7,1281750,262900,0.0,-1.0,0.0,0.0,14.626647,17.092215,2023-08-01
28778,2023-08-02 13:15:00,19750.0,19508.3,9383750,900750,6.0,247.85,506800,58450,0.0,-1.0,0.0,0.0,15.566369,18.780045,2023-08-01
26152,2023-08-02 13:16:00,19250.0,19504.35,22250,3153150,262.25,5.0,1450,191900,1.0,0.0,0.0,0.0,13.716612,16.296083,2023-08-01
20899,2023-08-02 13:16:00,19300.0,19504.35,272250,6292700,215.45,7.75,19200,588050,1.0,0.0,0.0,0.0,14.022758,15.438479,2023-08-01
15645,2023-08-02 13:16:00,19350.0,19504.35,153400,5448150,170.45,12.4,25450,603700,1.0,0.0,0.0,0.0,13.831975,14.694802,2023-08-01
10387,2023-08-02 13:16:00,19400.0,19504.35,1372800,7113300,128.9,21.0,151650,1066850,1.0,0.0,0.0,0.0,13.635932,14.335577,2023-08-01
5129,2023-08-02 13:16:00,19450.0,19504.35,1050900,6341750,92.3,34.35,194450,1360950,1.0,0.0,0.0,0.0,13.466423,14.035504,2023-08-01
2498,2023-08-02 13:16:00,19500.0,19504.35,8175900,11508350,62.3,54.85,1254350,2305850,1.0,0.0,0.0,0.0,13.404078,14.048993,2023-08-01
7759,2023-08-02 13:16:00,19550.0,19504.35,10147950,7090400,39.35,81.65,994700,1106200,0.0,-1.0,0.0,0.0,13.385136,13.994688,2023-08-01
13016,2023-08-02 13:16:00,19600.0,19504.35,18952250,7899550,24.1,116.75,1433350,840700,0.0,-1.0,0.0,0.0,13.666252,14.469423,2023-08-01
18273,2023-08-02 13:16:00,19650.0,19504.35,12443850,2424550,14.5,157.1,722300,235050,0.0,-1.0,0.0,0.0,14.108813,15.097568,2023-08-01
23526,2023-08-02 13:16:00,19700.0,19504.35,17379400,2994550,8.9,200.95,879250,193000,0.0,-1.0,0.0,0.0,14.757095,15.807514,2023-08-01
28779,2023-08-02 13:16:00,19750.0,19504.35,9383750,900750,5.75,248.0,595100,31500,0.0,-1.0,0.0,0.0,15.609747,17.100216,2023-08-01
26153,2023-08-02 13:17:00,19250.0,19504.15,28500,3249100,264.4,4.95,1900,221900,1.0,0.0,0.0,0.0,15.906453,16.254648,2023-08-01
20900,2023-08-02 13:17:00,19300.0,19504.15,269000,6309250,217.35,7.7,20250,466200,1.0,0.0,0.0,0.0,15.256217,15.405637,2023-08-01
15646,2023-08-02 13:17:00,19350.0,19504.15,161150,5359600,172.05,12.35,26750,583400,1.0,0.0,0.0,0.0,14.570943,14.667187,2023-08-01
10388,2023-08-02 13:17:00,19400.0,19504.15,1371300,7337700,130.6,20.85,104400,825750,1.0,0.0,0.0,0.0,14.216821,14.279679,2023-08-01
5130,2023-08-02 13:17:00,19450.0,19504.15,1131350,6330150,93.6,34.35,157450,917600,1.0,0.0,0.0,0.0,13.838332,14.022168,2023-08-01
2499,2023-08-02 13:17:00,19500.0,19504.15,8469050,11297200,63.45,54.4,1053650,1639000,1.0,0.0,0.0,0.0,13.704624,13.924847,2023-08-01
7760,2023-08-02 13:17:00,19550.0,19504.15,9926150,6769850,40.2,81.1,887550,903750,0.0,-1.0,0.0,0.0,13.616145,13.835369,2023-08-01
13017,2023-08-02 13:17:00,19600.0,19504.15,18850100,7528600,24.6,115.6,937850,514500,0.0,-1.0,0.0,0.0,13.827502,14.112705,2023-08-01
18274,2023-08-02 13:17:00,19650.0,19504.15,12056700,2305800,14.8,155.8,618550,154600,0.0,-1.0,0.0,0.0,14.233754,14.597446,2023-08-01
23527,2023-08-02 13:17:00,19700.0,19504.15,17033950,2906100,9.05,200.05,747050,126200,0.0,-1.0,0.0,0.0,14.844855,15.33162,2023-08-01
28780,2023-08-02 13:17:00,19750.0,19504.15,9493250,891450,5.85,246.8,572350,16300,0.0,-1.0,0.0,0.0,15.689561,16.314995,2023-08-01
26154,2023-08-02 13:18:00,19250.0,19506.9,28500,3249100,263.9,4.85,1750,267800,1.0,0.0,0.0,0.0,12.610797,16.317139,2023-08-01
20901,2023-08-02 13:18:00,19300.0,19506.9,269000,6309250,216.7,7.6,15000,539400,1.0,0.0,0.0,0.0,13.270299,15.502266,2023-08-01
15647,2023-08-02 13:18:00,19350.0,19506.9,161150,5359600,171.5,12.15,12200,414450,1.0,0.0,0.0,0.0,13.329123,14.75714,2023-08-01
10389,2023-08-02 13:18:00,19400.0,19506.9,1371300,7337700,130.0,20.75,122250,848250,1.0,0.0,0.0,0.0,13.361602,14.449229,2023-08-01
5131,2023-08-02 13:18:00,19450.0,19506.9,1131350,6330150,93.6,34.25,192500,909500,1.0,0.0,0.0,0.0,13.372353,14.24012,2023-08-01
2500,2023-08-02 13:18:00,19500.0,19506.9,8469050,11297200,63.25,54.55,1061400,1465200,1.0,0.0,0.0,0.0,13.316746,14.267841,2023-08-01
7761,2023-08-02 13:18:00,19550.0,19506.9,9926150,6769850,40.05,81.3,874150,844050,0.0,-1.0,0.0,0.0,13.319586,14.288163,2023-08-01
13018,2023-08-02 13:18:00,19600.0,19506.9,18850100,7528600,24.55,115.9,1051250,542100,0.0,-1.0,0.0,0.0,13.605989,14.743775,2023-08-01
18275,2023-08-02 13:18:00,19650.0,19506.9,12056700,2305800,14.85,156.35,581700,134400,0.0,-1.0,0.0,0.0,14.078995,15.536293,2023-08-01
23528,2023-08-02 13:18:00,19700.0,19506.9,17033950,2906100,9.05,200.0,724700,136200,0.0,-1.0,0.0,0.0,14.696037,16.345469,2023-08-01
28781,2023-08-02 13:18:00,19750.0,19506.9,9493250,891450,5.85,247.3,354450,41100,0.0,-1.0,0.0,0.0,15.556838,17.935708,2023-08-01
26155,2023-08-02 13:19:00,19250.0,19505.95,28500,3249100,265.4,4.75,3400,125950,1.0,0.0,0.0,0.0,15.352025,16.201372,2023-08-01
20902,2023-08-02 13:19:00,19300.0,19505.95,269000,6309250,218.8,7.45,8600,213850,1.0,0.0,0.0,0.0,15.170363,15.374614,2023-08-01
15648,2023-08-02 13:19:00,19350.0,19505.95,161150,5359600,172.1,11.9,7400,267950,1.0,0.0,0.0,0.0,13.964351,14.603167,2023-08-01
10390,2023-08-02 13:19:00,19400.0,19505.95,1371300,7337700,131.6,20.2,102250,423300,1.0,0.0,0.0,0.0,14.108181,14.21613,2023-08-01
5132,2023-08-02 13:19:00,19450.0,19505.95,1131350,6330150,94.95,33.45,80450,479800,1.0,0.0,0.0,0.0,13.88931,13.956756,2023-08-01
2501,2023-08-02 13:19:00,19500.0,19505.95,8469050,11297200,64.35,53.4,564000,730900,1.0,0.0,0.0,0.0,13.70104,13.896255,2023-08-01
7762,2023-08-02 13:19:00,19550.0,19505.95,9926150,6769850,40.65,79.9,540450,600550,0.0,-1.0,0.0,0.0,13.561872,13.815202,2023-08-01
13019,2023-08-02 13:19:00,19600.0,19505.95,18850100,7528600,25.0,113.95,693800,272600,0.0,-1.0,0.0,0.0,13.810394,14.022187,2023-08-01
18276,2023-08-02 13:19:00,19650.0,19505.95,12056700,2305800,15.05,154.05,418000,67400,0.0,-1.0,0.0,0.0,14.21598,14.504577,2023-08-01
23529,2023-08-02 13:19:00,19700.0,19505.95,17033950,2906100,9.2,197.65,651800,66750,0.0,-1.0,0.0,0.0,14.825093,14.959815,2023-08-01
28782,2023-08-02 13:19:00,19750.0,19505.95,9493250,891450,5.95,245.3,199150,9850,0.0,-1.0,0.0,0.0,15.673597,16.405538,2023-08-01
26156,2023-08-02 13:20:00,19250.0,19503.5,27950,3327900,264.0,4.85,750,218750,1.0,0.0,0.0,0.0,16.089808,16.164188,2023-08-01
20903,2023-08-02 13:20:00,19300.0,19503.5,268050,6239050,216.75,7.6,10600,305450,1.0,0.0,0.0,0.0,15.269077,15.331112,2023-08-01
15649,2023-08-02 13:20:00,19350.0,19503.5,168800,5271500,171.1,12.15,16800,330150,1.0,0.0,0.0,0.0,14.428293,14.561077,2023-08-01
10391,2023-08-02 13:20:00,19400.0,19503.5,1440000,7435450,129.65,20.8,89050,581450,1.0,0.0,0.0,0.0,14.094407,14.230694,2023-08-01
5133,2023-08-02 13:20:00,19450.0,19503.5,1172800,6369050,93.45,34.35,101200,724900,1.0,0.0,0.0,0.0,13.924369,13.977672,2023-08-01
2502,2023-08-02 13:20:00,19500.0,19503.5,8935200,11158000,63.3,54.7,576250,1174100,1.0,0.0,0.0,0.0,13.764595,13.935207,2023-08-01
7763,2023-08-02 13:20:00,19550.0,19503.5,9961750,6604050,40.0,81.5,510900,791600,0.0,-1.0,0.0,0.0,13.643626,13.848398,2023-08-01
13020,2023-08-02 13:20:00,19600.0,19503.5,18956700,7440900,24.6,115.9,599500,375500,0.0,-1.0,0.0,0.0,13.891566,14.075945,2023-08-01
18277,2023-08-02 13:20:00,19650.0,19503.5,11936050,2296850,14.95,156.15,324050,120950,0.0,-1.0,0.0,0.0,14.343468,14.545095,2023-08-01
23530,2023-08-02 13:20:00,19700.0,19503.5,16763600,2876600,9.25,200.6,446400,142600,0.0,-1.0,0.0,0.0,14.99107,15.332952,2023-08-01
28783,2023-08-02 13:20:00,19750.0,19503.5,9472850,896400,5.9,247.0,232250,12450,0.0,-1.0,0.0,0.0,15.769893,16.084119,2023-08-01
26157,2023-08-02 13:21:00,19250.0,19499.35,27950,3327900,255.0,5.25,700,212950,,0.0,,0.0,0.0,16.25961,2023-08-01
20904,2023-08-02 13:21:00,19300.0,19499.35,268050,6239050,209.3,8.25,25400,424450,1.0,0.0,0.0,0.0,13.034075,15.457274,2023-08-01
15650,2023-08-02 13:21:00,19350.0,19499.35,168800,5271500,164.55,13.3,26800,397700,1.0,0.0,0.0,0.0,13.18015,14.764442,2023-08-01
10392,2023-08-02 13:21:00,19400.0,19499.35,1440000,7435450,123.6,22.6,267050,977600,1.0,0.0,0.0,0.0,13.216477,14.477969,2023-08-01
5134,2023-08-02 13:21:00,19450.0,19499.35,1172800,6369050,87.95,37.1,210500,1196150,1.0,0.0,0.0,0.0,13.220932,14.309992,2023-08-01
2503,2023-08-02 13:21:00,19500.0,19499.35,8935200,11158000,59.3,58.6,1198050,2061850,0.0,-1.0,0.0,0.0,13.336881,14.389424,2023-08-01
7764,2023-08-02 13:21:00,19550.0,19499.35,9961750,6604050,37.25,86.75,921000,1154650,0.0,-1.0,0.0,0.0,13.365098,14.517404,2023-08-01
13021,2023-08-02 13:21:00,19600.0,19499.35,18956700,7440900,22.95,122.45,899300,853200,0.0,-1.0,0.0,0.0,13.740302,15.074508,2023-08-01
18278,2023-08-02 13:21:00,19650.0,19499.35,11936050,2296850,14.05,163.55,575450,203250,0.0,-1.0,0.0,0.0,14.287913,15.940294,2023-08-01
23531,2023-08-02 13:21:00,19700.0,19499.35,16763600,2876600,8.8,208.3,694550,201250,0.0,-1.0,0.0,0.0,15.011104,17.116945,2023-08-01
28784,2023-08-02 13:21:00,19750.0,19499.35,9472850,896400,5.8,255.0,196200,34150,0.0,-1.0,0.0,0.0,15.918052,18.436747,2023-08-01
26158,2023-08-02 13:22:00,19250.0,19495.85,27950,3327900,253.4,5.3,2100,317950,1.0,0.0,0.0,0.0,12.980879,16.12913,2023-08-01
20905,2023-08-02 13:22:00,19300.0,19495.85,268050,6239050,207.15,8.35,29000,585950,1.0,0.0,0.0,0.0,13.757711,15.323502,2023-08-01
15651,2023-08-02 13:22:00,19350.0,19495.85,168800,5271500,162.3,13.55,20600,438300,1.0,0.0,0.0,0.0,13.510826,14.647725,2023-08-01
10393,2023-08-02 13:22:00,19400.0,19495.85,1440000,7435450,122.25,23.0,250850,1179700,1.0,0.0,0.0,0.0,13.631152,14.343074,2023-08-01
5135,2023-08-02 13:22:00,19450.0,19495.85,1172800,6369050,87.0,37.95,232200,1027100,1.0,0.0,0.0,0.0,13.558643,14.210577,2023-08-01
2504,2023-08-02 13:22:00,19500.0,19495.85,8935200,11158000,58.45,59.8,1228650,2299300,0.0,-1.0,0.0,0.0,13.562566,14.27272,2023-08-01
7765,2023-08-02 13:22:00,19550.0,19495.85,9961750,6604050,36.55,88.15,956400,1128800,0.0,-1.0,0.0,0.0,13.520679,14.334143,2023-08-01
13022,2023-08-02 13:22:00,19600.0,19495.85,18956700,7440900,22.65,124.15,1158700,710350,0.0,-1.0,0.0,0.0,13.920117,14.841579,2023-08-01
18279,2023-08-02 13:22:00,19650.0,19495.85,11936050,2296850,13.95,165.85,760400,203650,0.0,-1.0,0.0,0.0,14.47717,15.767809,2023-08-01
23532,2023-08-02 13:22:00,19700.0,19495.85,16763600,2876600,8.85,210.25,743250,163900,0.0,-1.0,0.0,0.0,15.234385,16.672408,2023-08-01
28785,2023-08-02 13:22:00,19750.0,19495.85,9472850,896400,5.85,257.5,321850,28900,0.0,-1.0,0.0,0.0,16.130879,18.114349,2023-08-01
26159,2023-08-02 13:23:00,19250.0,19493.1,27800,3326550,250.0,5.75,950,308500,1.0,0.0,0.0,0.0,11.943886,16.307615,2023-08-01
20906,2023-08-02 13:23:00,19300.0,19493.1,275100,6228350,202.95,8.95,31000,578250,1.0,0.0,0.0,0.0,12.671535,15.479124,2023-08-01
15652,2023-08-02 13:23:00,19350.0,19493.1,183650,5272800,158.45,14.45,24800,556900,1.0,0.0,0.0,0.0,12.89107,14.817503,2023-08-01
10394,2023-08-02 13:23:00,19400.0,19493.1,1565900,7483200,118.55,24.45,230850,1333150,1.0,0.0,0.0,0.0,13.149586,14.565772,2023-08-01
5136,2023-08-02 13:23:00,19450.0,19493.1,1323000,6433850,84.15,39.85,275400,1298900,1.0,0.0,0.0,0.0,13.289428,14.435091,2023-08-01
2505,2023-08-02 13:23:00,19500.0,19493.1,9544150,10541050,56.1,62.7,1464550,2475200,0.0,-1.0,0.0,0.0,13.339184,14.637484,2023-08-01
7766,2023-08-02 13:23:00,19550.0,19493.1,10113350,6047400,34.95,91.4,1112800,1168100,0.0,-1.0,0.0,0.0,13.37696,14.717743,2023-08-01
13023,2023-08-02 13:23:00,19600.0,19493.1,18798650,7077200,21.65,128.05,1411700,830400,0.0,-1.0,0.0,0.0,13.834132,15.383332,2023-08-01
18280,2023-08-02 13:23:00,19650.0,19493.1,11740150,2239950,13.4,169.75,793800,238650,0.0,-1.0,0.0,0.0,14.448444,16.348338,2023-08-01
23533,2023-08-02 13:23:00,19700.0,19493.1,16674800,2810600,8.5,214.45,857500,191050,0.0,-1.0,0.0,0.0,15.217217,17.455893,2023-08-01
28786,2023-08-02 13:23:00,19750.0,19493.1,9490850,886050,5.75,262.05,445400,28200,0.0,-1.0,0.0,0.0,16.207186,19.18765,2023-08-01
26160,2023-08-02 13:24:00,19250.0,19485.5,27800,3326550,243.9,6.05,5450,471600,1.0,0.0,0.0,0.0,13.495214,16.130496,2023-08-01
20907,2023-08-02 13:24:00,19300.0,19485.5,275100,6228350,196.95,9.5,45300,998050,1.0,0.0,0.0,0.0,13.330124,15.326896,2023-08-01
15653,2023-08-02 13:24:00,19350.0,19485.5,183650,5272800,153.0,15.55,38700,939550,1.0,0.0,0.0,0.0,13.316862,14.735264,2023-08-01
10395,2023-08-02 13:24:00,19400.0,19485.5,1565900,7483200,113.75,26.2,416150,1830350,1.0,0.0,0.0,0.0,13.423881,14.489386,2023-08-01
5137,2023-08-02 13:24:00,19450.0,19485.5,1323000,6433850,80.1,42.5,393300,1926550,1.0,0.0,0.0,0.0,13.469477,14.375691,2023-08-01
2506,2023-08-02 13:24:00,19500.0,19485.5,9544150,10541050,53.0,65.45,1992750,3392900,0.0,-1.0,0.0,0.0,13.487072,14.374318,2023-08-01
7767,2023-08-02 13:24:00,19550.0,19485.5,10113350,6047400,33.15,95.65,1465300,1773150,0.0,-1.0,0.0,0.0,13.604461,14.575864,2023-08-01
13024,2023-08-02 13:24:00,19600.0,19485.5,18798650,7077200,20.6,133.55,1806650,1026200,0.0,-1.0,0.0,0.0,14.076102,15.357481,2023-08-01
18281,2023-08-02 13:24:00,19650.0,19485.5,11740150,2239950,12.85,175.9,874700,268100,0.0,-1.0,0.0,0.0,14.712584,16.347348,2023-08-01
23534,2023-08-02 13:24:00,19700.0,19485.5,16674800,2810600,8.25,220.95,1056700,335500,0.0,-1.0,0.0,0.0,15.509626,17.435618,2023-08-01
28787,2023-08-02 13:24:00,19750.0,19485.5,9490850,886050,5.65,269.1,419700,61700,0.0,-1.0,0.0,0.0,16.522013,19.333162,2023-08-01
26161,2023-08-02 13:25:00,19250.0,19489.3,27800,3326550,246.9,5.55,1550,384150,1.0,0.0,0.0,0.0,12.791547,15.994306,2023-08-01
20908,2023-08-02 13:25:00,19300.0,19489.3,275100,6228350,199.9,8.8,32200,702600,1.0,0.0,0.0,0.0,13.003846,15.204488,2023-08-01
15654,2023-08-02 13:25:00,19350.0,19489.3,183650,5272800,156.05,14.4,21800,801850,1.0,0.0,0.0,0.0,13.256596,14.567182,2023-08-01
10396,2023-08-02 13:25:00,19400.0,19489.3,1565900,7483200,115.95,24.7,241900,1692150,1.0,0.0,0.0,0.0,13.242503,14.358923,2023-08-01
5138,2023-08-02 13:25:00,19450.0,19489.3,1323000,6433850,81.4,40.35,404450,1457300,1.0,0.0,0.0,0.0,13.212225,14.212543,2023-08-01
2507,2023-08-02 13:25:00,19500.0,19489.3,9544150,10541050,54.1,63.3,1733950,2416150,0.0,-1.0,0.0,0.0,13.318752,14.333978,2023-08-01
7768,2023-08-02 13:25:00,19550.0,19489.3,10113350,6047400,33.95,93.15,998750,1564550,0.0,-1.0,0.0,0.0,13.475993,14.56403,2023-08-01
13025,2023-08-02 13:25:00,19600.0,19489.3,18798650,7077200,21.0,130.05,1273100,653750,0.0,-1.0,0.0,0.0,13.927182,15.164046,2023-08-01
18282,2023-08-02 13:25:00,19650.0,19489.3,11740150,2239950,12.9,171.65,758300,146400,0.0,-1.0,0.0,0.0,14.502762,15.945204,2023-08-01
23535,2023-08-02 13:25:00,19700.0,19489.3,16674800,2810600,8.3,217.25,946650,173100,0.0,-1.0,0.0,0.0,15.333765,17.26196,2023-08-01
28788,2023-08-02 13:25:00,19750.0,19489.3,9490850,886050,5.65,264.45,341650,33450,0.0,-1.0,0.0,0.0,16.33944,18.690431,2023-08-01
26162,2023-08-02 13:26:00,19250.0,19489.0,24300,3304050,248.4,5.35,500,221750,1.0,0.0,0.0,0.0,14.578154,15.847508,2023-08-01
20909,2023-08-02 13:26:00,19300.0,19489.0,297050,6225550,200.0,8.55,15850,488000,1.0,0.0,0.0,0.0,13.248746,15.068352,2023-08-01
15655,2023-08-02 13:26:00,19350.0,19489.0,194250,5299500,156.3,14.2,21900,573100,1.0,0.0,0.0,0.0,13.463699,14.478802,2023-08-01
10397,2023-08-02 13:26:00,19400.0,19489.0,1694950,7744650,116.25,24.45,186450,1267400,1.0,0.0,0.0,0.0,13.403071,14.268571,2023-08-01
5139,2023-08-02 13:26:00,19450.0,19489.0,1585450,6221750,82.05,40.15,257400,923500,1.0,0.0,0.0,0.0,13.425025,14.139149,2023-08-01
2508,2023-08-02 13:26:00,19500.0,19489.0,10278100,10178650,54.5,63.15,1135000,1424850,0.0,-1.0,0.0,0.0,13.45228,14.266518,2023-08-01
7769,2023-08-02 13:26:00,19550.0,19489.0,10189800,4955650,34.05,93.0,636150,656500,0.0,-1.0,0.0,0.0,13.532742,14.482485,2023-08-01
13026,2023-08-02 13:26:00,19600.0,19489.0,18284850,6850900,21.3,130.1,924100,425400,0.0,-1.0,0.0,0.0,14.044165,15.118023,2023-08-01
18283,2023-08-02 13:26:00,19650.0,19489.0,11512850,2137250,13.15,171.9,587600,129000,0.0,-1.0,0.0,0.0,14.622713,15.950894,2023-08-01
23536,2023-08-02 13:26:00,19700.0,19489.0,16278250,2716550,8.5,217.5,806950,121450,0.0,-1.0,0.0,0.0,15.457169,17.261843,2023-08-01
28789,2023-08-02 13:26:00,19750.0,19489.0,9297550,873400,5.75,264.0,320950,27400,0.0,-1.0,0.0,0.0,16.427162,18.308011,2023-08-01
26163,2023-08-02 13:27:00,19250.0,19478.6,24300,3304050,238.15,6.05,2400,377500,1.0,0.0,0.0,0.0,14.220752,15.797362,2023-08-01
20910,2023-08-02 13:27:00,19300.0,19478.6,297050,6225550,192.15,9.4,67450,995000,1.0,0.0,0.0,0.0,14.129765,14.904798,2023-08-01
15656,2023-08-02 13:27:00,19350.0,19478.6,194250,5299500,148.8,15.65,44650,775050,1.0,0.0,0.0,0.0,13.907713,14.33452,2023-08-01
10398,2023-08-02 13:27:00,19400.0,19478.6,1694950,7744650,109.95,26.65,258100,1474550,1.0,0.0,0.0,0.0,13.790846,14.088214,2023-08-01
5140,2023-08-02 13:27:00,19450.0,19478.6,1585450,6221750,76.9,43.85,477450,1761300,1.0,0.0,0.0,0.0,13.721955,14.045509,2023-08-01
2509,2023-08-02 13:27:00,19500.0,19478.6,10278100,10178650,50.75,68.45,1898900,2657650,0.0,-1.0,0.0,0.0,13.733126,14.230746,2023-08-01
7770,2023-08-02 13:27:00,19550.0,19478.6,10189800,4955650,31.8,99.75,1408200,1372400,0.0,-1.0,0.0,0.0,13.8697,14.481572,2023-08-01
13027,2023-08-02 13:27:00,19600.0,19478.6,18284850,6850900,20.1,137.8,1495950,870800,0.0,-1.0,0.0,0.0,14.429305,15.085292,2023-08-01
18284,2023-08-02 13:27:00,19650.0,19478.6,11512850,2137250,12.45,179.6,722900,214500,0.0,-1.0,0.0,0.0,14.990585,15.616534,2023-08-01
23537,2023-08-02 13:27:00,19700.0,19478.6,16278250,2716550,8.15,225.0,754650,204200,0.0,-1.0,0.0,0.0,15.846435,16.514414,2023-08-01
28790,2023-08-02 13:27:00,19750.0,19478.6,9297550,873400,5.75,273.0,416300,34850,0.0,-1.0,0.0,0.0,16.947942,18.052743,2023-08-01
26164,2023-08-02 13:28:00,19250.0,19483.6,24300,3304050,240.3,6.0,2750,341950,1.0,0.0,0.0,0.0,11.271925,16.022443,2023-08-01
20911,2023-08-02 13:28:00,19300.0,19483.6,297050,6225550,195.5,9.3,39000,958700,1.0,0.0,0.0,0.0,13.517957,15.143646,2023-08-01
15657,2023-08-02 13:28:00,19350.0,19483.6,194250,5299500,152.0,15.65,35200,933250,1.0,0.0,0.0,0.0,13.567161,14.66532,2023-08-01
10399,2023-08-02 13:28:00,19400.0,19483.6,1694950,7744650,112.9,26.45,227150,1302300,1.0,0.0,0.0,0.0,13.60294,14.429253,2023-08-01
5141,2023-08-02 13:28:00,19450.0,19483.6,1585450,6221750,79.2,43.2,441250,1988000,1.0,0.0,0.0,0.0,13.553572,14.380621,2023-08-01
2510,2023-08-02 13:28:00,19500.0,19483.6,10278100,10178650,52.75,66.75,1432500,2233350,0.0,-1.0,0.0,0.0,13.660196,14.463037,2023-08-01
7771,2023-08-02 13:28:00,19550.0,19483.6,10189800,4955650,33.0,97.55,906100,883600,0.0,-1.0,0.0,0.0,13.751446,14.761937,2023-08-01
13028,2023-08-02 13:28:00,19600.0,19483.6,18284850,6850900,20.75,135.0,1123600,613900,0.0,-1.0,0.0,0.0,14.277964,15.382906,2023-08-01
18285,2023-08-02 13:28:00,19650.0,19483.6,11512850,2137250,12.95,177.15,716050,149400,0.0,-1.0,0.0,0.0,14.888369,16.254022,2023-08-01
23538,2023-08-02 13:28:00,19700.0,19483.6,16278250,2716550,8.4,222.45,869950,128400,0.0,-1.0,0.0,0.0,15.711163,17.385227,2023-08-01
28791,2023-08-02 13:28:00,19750.0,19483.6,9297550,873400,5.95,269.7,404900,28250,0.0,-1.0,0.0,0.0,16.84074,18.767603,2023-08-01
26165,2023-08-02 13:29:00,19250.0,19478.45,25000,3336950,240.95,5.85,1750,216800,1.0,0.0,0.0,0.0,16.254225,15.671047,2023-08-01
20912,2023-08-02 13:29:00,19300.0,19478.45,325150,6287300,194.6,9.3,26750,733550,1.0,0.0,0.0,0.0,15.374572,14.85832,2023-08-01
15658,2023-08-02 13:29:00,19350.0,19478.45,218700,5023250,150.5,15.65,26450,646950,1.0,0.0,0.0,0.0,14.561248,14.33338,2023-08-01
10400,2023-08-02 13:29:00,19400.0,19478.45,1799400,7672650,111.8,26.6,152800,865400,1.0,0.0,0.0,0.0,14.344675,14.070911,2023-08-01
5142,2023-08-02 13:29:00,19450.0,19478.45,1901150,6139300,78.65,43.6,289150,1042250,1.0,0.0,0.0,0.0,14.178271,13.978259,2023-08-01
2511,2023-08-02 13:29:00,19500.0,19478.45,10915850,9791550,52.0,67.6,892150,1084700,0.0,-1.0,0.0,0.0,14.055797,14.017942,2023-08-01
7772,2023-08-02 13:29:00,19550.0,19478.45,10259900,4590650,32.6,98.25,636000,380700,0.0,-1.0,0.0,0.0,14.100006,14.075442,2023-08-01
13029,2023-08-02 13:29:00,19600.0,19478.45,18198900,6750600,20.45,136.0,912400,333050,0.0,-1.0,0.0,0.0,14.558837,14.502843,2023-08-01
18286,2023-08-02 13:29:00,19650.0,19478.45,11318550,2093900,12.85,178.3,508450,75300,0.0,-1.0,0.0,0.0,15.169645,15.06394,2023-08-01
23539,2023-08-02 13:29:00,19700.0,19478.45,16349200,2697400,8.35,223.85,790600,61800,0.0,-1.0,0.0,0.0,15.970227,15.865034,2023-08-01
28792,2023-08-02 13:29:00,19750.0,19478.45,9107800,868550,6.0,271.0,336250,16250,0.0,-1.0,0.0,0.0,17.136292,16.66205,2023-08-01
26166,2023-08-02 13:30:00,19250.0,19486.25,25000,3336950,245.6,5.35,3500,328400,1.0,0.0,0.0,0.0,14.438098,15.731338,2023-08-01
20913,2023-08-02 13:30:00,19300.0,19486.25,325150,6287300,199.5,8.55,50500,761700,1.0,0.0,0.0,0.0,14.409984,14.935079,2023-08-01
15659,2023-08-02 13:30:00,19350.0,19486.25,218700,5023250,155.3,14.35,55650,782200,1.0,0.0,0.0,0.0,13.989962,14.376563,2023-08-01
10401,2023-08-02 13:30:00,19400.0,19486.25,1799400,7672650,115.45,24.6,235950,1804250,1.0,0.0,0.0,0.0,13.786314,14.118771,2023-08-01
5143,2023-08-02 13:30:00,19450.0,19486.25,1901150,6139300,81.4,40.8,443150,1465050,1.0,0.0,0.0,0.0,13.705398,14.055497,2023-08-01
2512,2023-08-02 13:30:00,19500.0,19486.25,10915850,9791550,54.3,63.85,1383100,1879750,0.0,-1.0,0.0,0.0,13.738024,14.113168,2023-08-01
7773,2023-08-02 13:30:00,19550.0,19486.25,10259900,4590650,34.25,94.05,755200,957950,0.0,-1.0,0.0,0.0,13.847113,14.317637,2023-08-01
13030,2023-08-02 13:30:00,19600.0,19486.25,18198900,6750600,21.5,131.15,1017400,507200,0.0,-1.0,0.0,0.0,14.324181,14.838919,2023-08-01
18287,2023-08-02 13:30:00,19650.0,19486.25,11318550,2093900,13.4,173.3,592500,130050,0.0,-1.0,0.0,0.0,14.909449,15.655045,2023-08-01
23540,2023-08-02 13:30:00,19700.0,19486.25,16349200,2697400,8.65,218.7,729600,129850,0.0,-1.0,0.0,0.0,15.704658,16.741586,2023-08-01
28793,2023-08-02 13:30:00,19750.0,19486.25,9107800,868550,6.1,265.8,386050,33600,0.0,-1.0,0.0,0.0,16.818801,17.93363,2023-08-01
26167,2023-08-02 13:31:00,19250.0,19484.05,25000,3336950,243.7,5.45,5400,167750,1.0,0.0,0.0,0.0,14.587986,15.695556,2023-08-01
20914,2023-08-02 13:31:00,19300.0,19484.05,325150,6287300,197.55,8.7,24550,350600,1.0,0.0,0.0,0.0,14.426991,14.891956,2023-08-01
15660,2023-08-02 13:31:00,19350.0,19484.05,218700,5023250,153.0,14.7,9800,380350,1.0,0.0,0.0,0.0,13.819383,14.367418,2023-08-01
10402,2023-08-02 13:31:00,19400.0,19484.05,1799400,7672650,113.55,25.15,135600,638400,1.0,0.0,0.0,0.0,13.710121,14.110323,2023-08-01
5144,2023-08-02 13:31:00,19450.0,19484.05,1901150,6139300,79.9,41.75,234800,774450,1.0,0.0,0.0,0.0,13.672788,14.081994,2023-08-01
2513,2023-08-02 13:31:00,19500.0,19484.05,10915850,9791550,53.15,65.45,830300,999600,0.0,-1.0,0.0,0.0,13.718881,14.223819,2023-08-01
7774,2023-08-02 13:31:00,19550.0,19484.05,10259900,4590650,33.5,96.2,413300,451250,0.0,-1.0,0.0,0.0,13.854503,14.505307,2023-08-01
13031,2023-08-02 13:31:00,19600.0,19484.05,18198900,6750600,21.1,133.65,527800,226700,0.0,-1.0,0.0,0.0,14.367141,15.09468,2023-08-01
18288,2023-08-02 13:31:00,19650.0,19484.05,11318550,2093900,13.25,175.3,406300,62200,0.0,-1.0,0.0,0.0,14.992757,15.724788,2023-08-01
23541,2023-08-02 13:31:00,19700.0,19484.05,16349200,2697400,8.6,220.5,447600,50600,0.0,-1.0,0.0,0.0,15.805006,16.68347,2023-08-01
28794,2023-08-02 13:31:00,19750.0,19484.05,9107800,868550,6.1,268.8,309200,18850,0.0,-1.0,0.0,0.0,16.934603,18.50803,2023-08-01
26168,2023-08-02 13:32:00,19250.0,19479.1,24200,3320400,239.75,5.8,350,280050,1.0,0.0,0.0,0.0,15.106503,15.68579,2023-08-01
20915,2023-08-02 13:32:00,19300.0,19479.1,341300,6389150,193.55,9.25,41050,823650,1.0,0.0,0.0,0.0,14.635347,14.885008,2023-08-01
15661,2023-08-02 13:32:00,19350.0,19479.1,227350,5300650,149.7,15.5,32750,1313550,1.0,0.0,0.0,0.0,14.111117,14.336291,2023-08-01
10403,2023-08-02 13:32:00,19400.0,19479.1,1916650,8071650,110.75,26.8,276050,1335750,1.0,0.0,0.0,0.0,13.939834,14.190568,2023-08-01
5145,2023-08-02 13:32:00,19450.0,19479.1,1991350,5892050,77.75,44.0,425500,2047100,1.0,0.0,0.0,0.0,13.881039,14.15208,2023-08-01
2514,2023-08-02 13:32:00,19500.0,19479.1,11242250,9482950,51.75,68.45,1352700,2200350,0.0,-1.0,0.0,0.0,13.940097,14.315157,2023-08-01
7775,2023-08-02 13:32:00,19550.0,19479.1,10294900,4275350,32.75,99.95,740450,809150,0.0,-1.0,0.0,0.0,14.097351,14.638588,2023-08-01
13032,2023-08-02 13:32:00,19600.0,19479.1,18048500,6607450,20.65,137.7,1016200,742600,0.0,-1.0,0.0,0.0,14.589415,15.190639,2023-08-01
18289,2023-08-02 13:32:00,19650.0,19479.1,11169600,2041050,13.05,179.3,659650,151700,0.0,-1.0,0.0,0.0,15.224404,15.681333,2023-08-01
23542,2023-08-02 13:32:00,19700.0,19479.1,16520600,2684650,8.5,224.9,766850,150000,0.0,-1.0,0.0,0.0,16.029031,16.701542,2023-08-01
28795,2023-08-02 13:32:00,19750.0,19479.1,9089050,869550,6.1,272.6,383100,23900,0.0,-1.0,0.0,0.0,17.187835,18.105789,2023-08-01
26169,2023-08-02 13:33:00,19250.0,19477.0,24200,3320400,238.45,5.6,1100,279000,1.0,0.0,0.0,0.0,15.551299,15.453952,2023-08-01
20916,2023-08-02 13:33:00,19300.0,19477.0,341300,6389150,192.1,9.1,16750,715600,1.0,0.0,0.0,0.0,14.83385,14.699859,2023-08-01
15662,2023-08-02 13:33:00,19350.0,19477.0,227350,5300650,148.1,15.55,26500,537750,1.0,0.0,0.0,0.0,14.156847,14.220496,2023-08-01
10404,2023-08-02 13:33:00,19400.0,19477.0,1916650,8071650,109.65,26.8,132800,756700,1.0,0.0,0.0,0.0,14.057003,14.028241,2023-08-01
5146,2023-08-02 13:33:00,19450.0,19477.0,1991350,5892050,76.9,44.15,257950,774200,1.0,0.0,0.0,0.0,13.981594,13.984231,2023-08-01
2515,2023-08-02 13:33:00,19500.0,19477.0,11242250,9482950,50.95,68.7,772950,1074000,0.0,-1.0,0.0,0.0,13.98346,14.108541,2023-08-01
7776,2023-08-02 13:33:00,19550.0,19477.0,10294900,4275350,32.1,100.1,983300,353300,0.0,-1.0,0.0,0.0,14.113813,14.31985,2023-08-01
13033,2023-08-02 13:33:00,19600.0,19477.0,18048500,6607450,20.45,138.5,1113300,299850,0.0,-1.0,0.0,0.0,14.681828,14.947764,2023-08-01
18290,2023-08-02 13:33:00,19650.0,19477.0,11169600,2041050,13.0,181.35,487100,80500,0.0,-1.0,0.0,0.0,15.33844,15.796694,2023-08-01
23543,2023-08-02 13:33:00,19700.0,19477.0,16520600,2684650,8.5,226.45,509400,60300,0.0,-1.0,0.0,0.0,16.148658,16.549869,2023-08-01
28796,2023-08-02 13:33:00,19750.0,19477.0,9089050,869550,6.05,274.75,267550,11500,0.0,-1.0,0.0,0.0,17.264908,18.248095,2023-08-01
26170,2023-08-02 13:34:00,19250.0,19483.0,24200,3320400,243.55,5.5,1200,200650,1.0,0.0,0.0,0.0,15.240936,15.691749,2023-08-01
20917,2023-08-02 13:34:00,19300.0,19483.0,341300,6389150,196.65,8.85,40550,659800,1.0,0.0,0.0,0.0,14.465504,14.920661,2023-08-01
15663,2023-08-02 13:34:00,19350.0,19483.0,227350,5300650,152.5,15.0,19550,497900,1.0,0.0,0.0,0.0,13.974087,14.420989,2023-08-01
10405,2023-08-02 13:34:00,19400.0,19483.0,1916650,8071650,114.0,25.6,214200,988850,1.0,0.0,0.0,0.0,14.072174,14.168986,2023-08-01
5147,2023-08-02 13:34:00,19450.0,19483.0,1991350,5892050,80.5,42.25,325300,1019550,1.0,0.0,0.0,0.0,13.991235,14.115422,2023-08-01
2516,2023-08-02 13:34:00,19500.0,19483.0,11242250,9482950,53.5,65.8,1218600,1299450,0.0,-1.0,0.0,0.0,13.933869,14.187997,2023-08-01
7777,2023-08-02 13:34:00,19550.0,19483.0,10294900,4275350,33.8,96.2,662400,481300,0.0,-1.0,0.0,0.0,14.038166,14.342463,2023-08-01
13034,2023-08-02 13:34:00,19600.0,19483.0,18048500,6607450,21.55,133.55,679600,388750,0.0,-1.0,0.0,0.0,14.595235,14.838551,2023-08-01
18291,2023-08-02 13:34:00,19650.0,19483.0,11169600,2041050,13.55,176.0,502450,104800,0.0,-1.0,0.0,0.0,15.189417,15.672119,2023-08-01
23544,2023-08-02 13:34:00,19700.0,19483.0,16520600,2684650,8.85,221.5,427500,85250,0.0,-1.0,0.0,0.0,16.005632,16.730531,2023-08-01
28797,2023-08-02 13:34:00,19750.0,19483.0,9089050,869550,6.2,268.65,339000,14850,0.0,-1.0,0.0,0.0,17.069989,17.881622,2023-08-01
26171,2023-08-02 13:35:00,19250.0,19485.1,24200,3435600,243.15,5.45,1100,130400,1.0,0.0,0.0,0.0,13.204676,15.767157,2023-08-01
20918,2023-08-02 13:35:00,19300.0,19485.1,368300,6413600,196.95,8.85,31700,419250,1.0,0.0,0.0,0.0,13.61185,15.042391,2023-08-01
15664,2023-08-02 13:35:00,19350.0,19485.1,236100,5177750,153.55,14.95,17250,372250,1.0,0.0,0.0,0.0,13.718889,14.543115,2023-08-01
10406,2023-08-02 13:35:00,19400.0,19485.1,1972700,8248850,114.1,25.6,180050,733150,1.0,0.0,0.0,0.0,13.667065,14.336378,2023-08-01
5148,2023-08-02 13:35:00,19450.0,19485.1,2140150,5911450,80.75,42.2,300050,653550,1.0,0.0,0.0,0.0,13.743915,14.310326,2023-08-01
2517,2023-08-02 13:35:00,19500.0,19485.1,11616700,9389150,53.8,65.9,1051750,1071400,0.0,-1.0,0.0,0.0,13.773991,14.477164,2023-08-01
7778,2023-08-02 13:35:00,19550.0,19485.1,10630300,4207300,34.1,96.4,464700,453000,0.0,-1.0,0.0,0.0,13.934681,14.745307,2023-08-01
13035,2023-08-02 13:35:00,19600.0,19485.1,17921200,6457850,21.65,133.95,592200,260850,0.0,-1.0,0.0,0.0,14.477861,15.432631,2023-08-01
18292,2023-08-02 13:35:00,19650.0,19485.1,11121900,2036800,13.5,175.8,359100,62000,0.0,-1.0,0.0,0.0,15.044673,16.24001,2023-08-01
23545,2023-08-02 13:35:00,19700.0,19485.1,16421750,2674250,8.8,220.9,449400,76050,0.0,-1.0,0.0,0.0,15.870127,17.304845,2023-08-01
28798,2023-08-02 13:35:00,19750.0,19485.1,9116000,869400,6.15,268.4,153150,14850,0.0,-1.0,0.0,0.0,16.937348,18.825102,2023-08-01
26172,2023-08-02 13:36:00,19250.0,19486.25,24150,3435600,242.7,5.3,300,153500,1.0,0.0,0.0,0.0,10.971773,15.726043,2023-08-01
20919,2023-08-02 13:36:00,19300.0,19486.25,368300,6413600,197.15,8.65,18700,388500,1.0,0.0,0.0,0.0,13.109478,15.012368,2023-08-01
15665,2023-08-02 13:36:00,19350.0,19486.25,236100,5177750,153.65,14.7,17700,430050,1.0,0.0,0.0,0.0,13.389768,14.530877,2023-08-01
10407,2023-08-02 13:36:00,19400.0,19486.25,1972700,8248850,113.9,25.25,121500,576500,1.0,0.0,0.0,0.0,13.366421,14.33008,2023-08-01
5149,2023-08-02 13:36:00,19450.0,19486.25,2140150,5911450,80.6,42.15,231900,447850,1.0,0.0,0.0,0.0,13.537528,14.412836,2023-08-01
2518,2023-08-02 13:36:00,19500.0,19486.25,11616700,9389150,53.7,65.5,685300,744850,0.0,-1.0,0.0,0.0,13.624903,14.528438,2023-08-01
7779,2023-08-02 13:36:00,19550.0,19486.25,10630300,4207300,34.1,96.35,361450,293050,0.0,-1.0,0.0,0.0,13.83749,14.924113,2023-08-01
13036,2023-08-02 13:36:00,19600.0,19486.25,17921200,6457850,21.7,133.65,430900,164500,0.0,-1.0,0.0,0.0,14.413979,15.599384,2023-08-01
18293,2023-08-02 13:36:00,19650.0,19486.25,11121900,2036800,13.5,175.5,348000,51800,0.0,-1.0,0.0,0.0,14.978139,16.472571,2023-08-01
23546,2023-08-02 13:36:00,19700.0,19486.25,16421750,2674250,8.75,220.35,422950,51700,0.0,-1.0,0.0,0.0,15.78683,17.507708,2023-08-01
28799,2023-08-02 13:36:00,19750.0,19486.25,9116000,869400,6.15,267.5,215450,3100,0.0,-1.0,0.0,0.0,16.885184,18.901523,2023-08-01
26173,2023-08-02 13:37:00,19250.0,19481.6,24150,3435600,240.7,5.5,250,123300,1.0,0.0,0.0,0.0,14.061545,15.636535,2023-08-01
20920,2023-08-02 13:37:00,19300.0,19481.6,368300,6413600,193.7,9.05,16100,303400,1.0,0.0,0.0,0.0,13.581555,14.953017,2023-08-01
15666,2023-08-02 13:37:00,19350.0,19481.6,236100,5177750,149.6,15.4,26150,310700,1.0,0.0,0.0,0.0,13.33905,14.486195,2023-08-01
10408,2023-08-02 13:37:00,19400.0,19481.6,1972700,8248850,110.85,26.5,167050,674950,1.0,0.0,0.0,0.0,13.481391,14.325499,2023-08-01
5150,2023-08-02 13:37:00,19450.0,19481.6,2140150,5911450,77.85,43.75,229100,634750,1.0,0.0,0.0,0.0,13.564185,14.358293,2023-08-01
2519,2023-08-02 13:37:00,19500.0,19481.6,11616700,9389150,51.7,68.05,949450,837700,0.0,-1.0,0.0,0.0,13.677086,14.558329,2023-08-01
7780,2023-08-02 13:37:00,19550.0,19481.6,10630300,4207300,32.7,99.25,403800,304950,0.0,-1.0,0.0,0.0,13.891562,14.90079,2023-08-01
13037,2023-08-02 13:37:00,19600.0,19481.6,17921200,6457850,20.75,137.05,525200,246350,0.0,-1.0,0.0,0.0,14.465781,15.583435,2023-08-01
18294,2023-08-02 13:37:00,19650.0,19481.6,11121900,2036800,12.95,179.75,323650,53850,0.0,-1.0,0.0,0.0,15.05672,16.636883,2023-08-01
23547,2023-08-02 13:37:00,19700.0,19481.6,16421750,2674250,8.4,224.85,339700,64650,0.0,-1.0,0.0,0.0,15.867553,17.716921,2023-08-01
28800,2023-08-02 13:37:00,19750.0,19481.6,9116000,869400,6.05,271.75,281700,4700,0.0,-1.0,0.0,0.0,17.057957,18.939504,2023-08-01
26174,2023-08-02 13:38:00,19200.0,19471.3,91300,4572650,274.55,4.35,10450,277950,,0.0,,0.0,0.0,16.752585,2023-08-01
20921,2023-08-02 13:38:00,19250.0,19471.3,24350,3530650,226.6,6.25,2850,364750,,0.0,,0.0,0.0,15.604691,2023-08-01
15667,2023-08-02 13:38:00,19300.0,19471.3,383700,6378200,181.15,10.35,75950,1118900,1.0,0.0,0.0,0.0,11.688494,14.972211,2023-08-01
10409,2023-08-02 13:38:00,19350.0,19471.3,245650,5232200,137.9,17.65,69300,1027800,1.0,0.0,0.0,0.0,12.162523,14.579933,2023-08-01
5151,2023-08-02 13:38:00,19400.0,19471.3,2050700,8133300,100.65,30.2,419600,2045500,1.0,0.0,0.0,0.0,12.712461,14.515879,2023-08-01
2520,2023-08-02 13:38:00,19450.0,19471.3,2230400,5778000,69.35,49.05,706550,2274350,1.0,0.0,0.0,0.0,12.98434,14.61057,2023-08-01
7781,2023-08-02 13:38:00,19500.0,19471.3,11617550,9015150,45.2,75.25,2015200,2421600,0.0,-1.0,0.0,0.0,13.241004,14.94384,2023-08-01
13038,2023-08-02 13:38:00,19550.0,19471.3,10576100,4065250,28.2,108.15,1413450,902500,0.0,-1.0,0.0,0.0,13.585031,15.443671,2023-08-01
18295,2023-08-02 13:38:00,19600.0,19471.3,17863650,6368800,17.85,147.45,1518100,680150,0.0,-1.0,0.0,0.0,14.273198,16.376453,2023-08-01
23548,2023-08-02 13:38:00,19650.0,19471.3,11223250,1981750,11.4,190.6,892700,201950,0.0,-1.0,0.0,0.0,15.052477,17.506017,2023-08-01
28801,2023-08-02 13:38:00,19700.0,19471.3,16546850,2655750,7.6,236.5,760050,198100,0.0,-1.0,0.0,0.0,15.998509,18.916921,2023-08-01
26175,2023-08-02 13:39:00,19200.0,19465.75,91300,4572650,272.95,4.25,5500,365750,1.0,0.0,0.0,0.0,13.539874,16.413774,2023-08-01
20922,2023-08-02 13:39:00,19250.0,19465.75,24350,3530650,224.0,6.15,3850,352550,1.0,0.0,0.0,0.0,12.574926,15.262721,2023-08-01
15668,2023-08-02 13:39:00,19300.0,19465.75,383700,6378200,179.15,10.4,61100,1207000,1.0,0.0,0.0,0.0,13.418257,14.675498,2023-08-01
10410,2023-08-02 13:39:00,19350.0,19465.75,245650,5232200,136.15,17.9,52400,1213550,1.0,0.0,0.0,0.0,13.203062,14.287897,2023-08-01
5152,2023-08-02 13:39:00,19400.0,19465.75,2050700,8133300,99.0,30.7,466300,1793700,1.0,0.0,0.0,0.0,13.341588,14.192379,2023-08-01
2521,2023-08-02 13:39:00,19450.0,19465.75,2230400,5778000,68.4,50.0,660950,1991400,1.0,0.0,0.0,0.0,13.522291,14.262767,2023-08-01
7782,2023-08-02 13:39:00,19500.0,19465.75,11617550,9015150,44.35,76.55,1830150,2222150,0.0,-1.0,0.0,0.0,13.615164,14.508679,2023-08-01
13039,2023-08-02 13:39:00,19550.0,19465.75,10576100,4065250,27.6,110.0,1162750,820300,0.0,-1.0,0.0,0.0,13.882361,14.940369,2023-08-01
18296,2023-08-02 13:39:00,19600.0,19465.75,17863650,6368800,17.45,149.6,1229850,573650,0.0,-1.0,0.0,0.0,14.525274,15.724682,2023-08-01
23549,2023-08-02 13:39:00,19650.0,19465.75,11223250,1981750,11.05,193.45,811400,164650,0.0,-1.0,0.0,0.0,15.236555,16.849743,2023-08-01
28802,2023-08-02 13:39:00,19700.0,19465.75,16546850,2655750,7.35,239.0,930250,171400,0.0,-1.0,0.0,0.0,16.157585,17.840916,2023-08-01
26176,2023-08-02 13:40:00,19200.0,19466.4,91300,4572650,275.0,4.25,4400,346100,1.0,0.0,0.0,0.0,15.257893,16.449535,2023-08-01
20923,2023-08-02 13:40:00,19250.0,19466.4,24350,3530650,226.55,6.05,1050,307000,1.0,0.0,0.0,0.0,14.184115,15.238736,2023-08-01
15669,2023-08-02 13:40:00,19300.0,19466.4,383700,6378200,181.45,10.2,58850,616750,1.0,0.0,0.0,0.0,14.249154,14.629401,2023-08-01
10411,2023-08-02 13:40:00,19350.0,19466.4,245650,5232200,138.45,17.45,39350,726500,1.0,0.0,0.0,0.0,13.8177,14.18804,2023-08-01
5153,2023-08-02 13:40:00,19400.0,19466.4,2050700,8133300,101.1,30.0,251400,1360400,1.0,0.0,0.0,0.0,13.790917,14.064304,2023-08-01
2522,2023-08-02 13:40:00,19450.0,19466.4,2230400,5778000,70.0,48.9,429200,1404650,1.0,0.0,0.0,0.0,13.823531,14.071872,2023-08-01
7783,2023-08-02 13:40:00,19500.0,19466.4,11617550,9015150,45.7,75.05,1235100,1490750,0.0,-1.0,0.0,0.0,13.879233,14.24088,2023-08-01
13040,2023-08-02 13:40:00,19550.0,19466.4,10576100,4065250,28.4,108.05,686800,540000,0.0,-1.0,0.0,0.0,14.05175,14.541791,2023-08-01
18297,2023-08-02 13:40:00,19600.0,19466.4,17863650,6368800,18.05,147.6,1013300,346000,0.0,-1.0,0.0,0.0,14.685477,15.250691,2023-08-01
23550,2023-08-02 13:40:00,19650.0,19466.4,11223250,1981750,11.35,191.0,642300,95600,0.0,-1.0,0.0,0.0,15.332554,16.100429,2023-08-01
28803,2023-08-02 13:40:00,19700.0,19466.4,16546850,2655750,7.55,237.55,647550,114550,0.0,-1.0,0.0,0.0,16.24187,17.41333,2023-08-01
26177,2023-08-02 13:41:00,19200.0,19456.6,94950,4565750,262.6,4.9,7800,694000,1.0,0.0,0.0,0.0,10.598525,16.498742,2023-08-01
20924,2023-08-02 13:41:00,19250.0,19456.6,29600,3487400,213.8,7.15,10050,735000,1.0,0.0,0.0,0.0,11.03299,15.384924,2023-08-01
15670,2023-08-02 13:41:00,19300.0,19456.6,418950,6549450,169.9,12.05,126700,1626500,1.0,0.0,0.0,0.0,12.870046,14.839464,2023-08-01
10412,2023-08-02 13:41:00,19350.0,19456.6,300600,5220500,128.75,20.55,102550,1470100,1.0,0.0,0.0,0.0,13.188581,14.502553,2023-08-01
5154,2023-08-02 13:41:00,19400.0,19456.6,2200200,7771850,92.6,34.7,654200,2363450,1.0,0.0,0.0,0.0,13.314205,14.463627,2023-08-01
2523,2023-08-02 13:41:00,19450.0,19456.6,2469500,5388750,63.15,55.6,1039000,2647700,1.0,0.0,0.0,0.0,13.476986,14.615959,2023-08-01
7784,2023-08-02 13:41:00,19500.0,19456.6,11817800,8229400,40.95,83.55,2737550,3105250,0.0,-1.0,0.0,0.0,13.712376,14.921926,2023-08-01
13041,2023-08-02 13:41:00,19550.0,19456.6,10318700,3574300,25.65,118.7,1377600,1157050,0.0,-1.0,0.0,0.0,14.083762,15.58141,2023-08-01
18298,2023-08-02 13:41:00,19600.0,19456.6,17614700,6171000,16.55,159.35,1625100,711400,0.0,-1.0,0.0,0.0,14.844392,16.568185,2023-08-01
23551,2023-08-02 13:41:00,19650.0,19456.6,11102250,1939150,10.7,203.25,936500,208200,0.0,-1.0,0.0,0.0,15.628508,17.680591,2023-08-01
28804,2023-08-02 13:41:00,19700.0,19456.6,16129550,2609400,7.35,250.05,1285800,198550,0.0,-1.0,0.0,0.0,16.650439,19.269085,2023-08-01
26178,2023-08-02 13:42:00,19200.0,19450.35,94950,4565750,260.2,5.15,14350,832150,1.0,0.0,0.0,0.0,15.655825,16.384252,2023-08-01
20925,2023-08-02 13:42:00,19250.0,19450.35,29600,3487400,212.0,7.7,2500,638300,1.0,0.0,0.0,0.0,14.378587,15.359068,2023-08-01
15671,2023-08-02 13:42:00,19300.0,19450.35,418950,6549450,168.05,12.95,88550,1557600,1.0,0.0,0.0,0.0,14.449781,14.821956,2023-08-01
10413,2023-08-02 13:42:00,19350.0,19450.35,300600,5220500,126.95,21.95,125550,1590750,1.0,0.0,0.0,0.0,14.16432,14.483936,2023-08-01
5155,2023-08-02 13:42:00,19400.0,19450.35,2200200,7771850,91.4,36.75,540300,2417350,1.0,0.0,0.0,0.0,14.076688,14.436903,2023-08-01
2524,2023-08-02 13:42:00,19450.0,19450.35,2469500,5388750,62.8,58.4,907450,2406600,0.99997,-4.8e-05,0.0014595,0.00219164,14.181925,14.580682,2023-08-01
7785,2023-08-02 13:42:00,19500.0,19450.35,11817800,8229400,41.05,87.0,2029550,2383650,0.0,-1.0,0.0,0.0,14.347086,14.851553,2023-08-01
13042,2023-08-02 13:42:00,19550.0,19450.35,10318700,3574300,26.25,122.25,1228850,822200,0.0,-1.0,0.0,0.0,14.748205,15.34222,2023-08-01
18299,2023-08-02 13:42:00,19600.0,19450.35,17614700,6171000,17.25,163.35,1791650,501250,0.0,-1.0,0.0,0.0,15.508376,16.265969,2023-08-01
23552,2023-08-02 13:42:00,19650.0,19450.35,11102250,1939150,11.4,207.5,1242650,147750,0.0,-1.0,0.0,0.0,16.310155,17.266154,2023-08-01
28805,2023-08-02 13:42:00,19700.0,19450.35,16129550,2609400,7.95,253.65,1002100,213500,0.0,-1.0,0.0,0.0,17.330441,18.331482,2023-08-01
26179,2023-08-02 13:43:00,19200.0,19452.3,94950,4565750,260.0,5.05,8750,634000,1.0,0.0,0.0,0.0,13.674829,16.411646,2023-08-01
20926,2023-08-02 13:43:00,19250.0,19452.3,29600,3487400,212.85,7.45,2150,542750,1.0,0.0,0.0,0.0,13.784681,15.332466,2023-08-01
15672,2023-08-02 13:43:00,19300.0,19452.3,418950,6549450,169.4,12.65,80750,1021750,1.0,0.0,0.0,0.0,14.329022,14.828092,2023-08-01
10414,2023-08-02 13:43:00,19350.0,19452.3,300600,5220500,128.05,21.45,66250,993850,1.0,0.0,0.0,0.0,14.048373,14.478635,2023-08-01
5156,2023-08-02 13:43:00,19400.0,19452.3,2200200,7771850,92.55,36.0,440700,1711200,1.0,0.0,0.0,0.0,14.05114,14.425185,2023-08-01
2525,2023-08-02 13:43:00,19450.0,19452.3,2469500,5388750,63.8,57.2,819300,1807000,1.0,0.0,0.0,0.0,14.183485,14.522234,2023-08-01
7786,2023-08-02 13:43:00,19500.0,19452.3,11817800,8229400,41.9,85.95,1669050,1571850,0.0,-1.0,0.0,0.0,14.374133,14.888293,2023-08-01
13043,2023-08-02 13:43:00,19550.0,19452.3,10318700,3574300,26.75,120.35,758650,482250,0.0,-1.0,0.0,0.0,14.741874,15.20556,2023-08-01
18300,2023-08-02 13:43:00,19600.0,19452.3,17614700,6171000,17.5,161.2,1370950,319450,0.0,-1.0,0.0,0.0,15.46991,16.070316,2023-08-01
23553,2023-08-02 13:43:00,19650.0,19452.3,11102250,1939150,11.5,204.9,874750,117000,0.0,-1.0,0.0,0.0,16.245425,16.882056,2023-08-01
28806,2023-08-02 13:43:00,19700.0,19452.3,16129550,2609400,7.9,251.85,745200,129300,0.0,-1.0,0.0,0.0,17.204445,18.305646,2023-08-01
26180,2023-08-02 13:44:00,19200.0,19443.5,104550,4519300,253.75,5.95,11000,705700,1.0,0.0,0.0,0.0,15.655326,16.610298,2023-08-01
20927,2023-08-02 13:44:00,19250.0,19443.5,40750,3518200,205.05,8.8,16950,731000,1.0,0.0,0.0,0.0,13.975669,15.566153,2023-08-01
15673,2023-08-02 13:44:00,19300.0,19443.5,514900,6458900,160.7,14.65,100100,1523000,1.0,0.0,0.0,0.0,13.840435,15.050535,2023-08-01
10415,2023-08-02 13:44:00,19350.0,19443.5,358350,5473200,123.7,24.45,124250,1248450,1.0,0.0,0.0,0.0,14.742815,14.725492,2023-08-01
5157,2023-08-02 13:44:00,19400.0,19443.5,2397450,7557550,88.8,40.15,511400,2567150,1.0,0.0,0.0,0.0,14.53489,14.67404,2023-08-01
2526,2023-08-02 13:44:00,19450.0,19443.5,2996600,5444650,61.55,62.55,952150,2181150,0.0,-1.0,0.0,0.0,14.722988,14.775326,2023-08-01
7787,2023-08-02 13:44:00,19500.0,19443.5,12450100,7370950,40.5,92.0,1814300,1959800,0.0,-1.0,0.0,0.0,14.869694,15.053398,2023-08-01
13044,2023-08-02 13:44:00,19550.0,19443.5,10146550,3213650,26.15,127.9,832300,564050,0.0,-1.0,0.0,0.0,15.261273,15.54825,2023-08-01
18301,2023-08-02 13:44:00,19600.0,19443.5,17443300,6022050,17.45,169.3,1694800,563200,0.0,-1.0,0.0,0.0,16.043611,16.431203,2023-08-01
23554,2023-08-02 13:44:00,19650.0,19443.5,10719650,1870250,11.6,212.95,871200,128100,0.0,-1.0,0.0,0.0,16.810632,17.088304,2023-08-01
28807,2023-08-02 13:44:00,19700.0,19443.5,15851700,2522300,8.05,259.5,1034800,142200,0.0,-1.0,0.0,0.0,17.762034,18.17882,2023-08-01
26181,2023-08-02 13:45:00,19200.0,19442.9,104550,4519300,248.85,7.3,9300,929000,1.0,0.0,0.0,0.0,9.991948,17.440126,2023-08-01
20928,2023-08-02 13:45:00,19250.0,19442.9,40750,3518200,202.4,11.05,7700,962550,1.0,0.0,0.0,0.0,12.594555,16.61404,2023-08-01
15674,2023-08-02 13:45:00,19300.0,19442.9,514900,6458900,158.8,17.6,113900,1536350,1.0,0.0,0.0,0.0,13.273729,16.082422,2023-08-01
10416,2023-08-02 13:45:00,19350.0,19442.9,358350,5473200,119.7,28.45,99100,1495050,1.0,0.0,0.0,0.0,13.694477,15.836314,2023-08-01
5158,2023-08-02 13:45:00,19400.0,19442.9,2397450,7557550,86.85,45.5,506150,2797050,1.0,0.0,0.0,0.0,14.145513,15.955541,2023-08-01
2527,2023-08-02 13:45:00,19450.0,19442.9,2996600,5444650,59.95,69.1,825850,2157500,0.0,-1.0,0.0,0.0,14.418888,16.265693,2023-08-01
7788,2023-08-02 13:45:00,19500.0,19442.9,12450100,7370950,39.95,99.35,1917400,1886050,0.0,-1.0,0.0,0.0,14.793255,16.793585,2023-08-01
13045,2023-08-02 13:45:00,19550.0,19442.9,10146550,3213650,26.2,135.8,845050,588900,0.0,-1.0,0.0,0.0,15.32716,17.645109,2023-08-01
18302,2023-08-02 13:45:00,19600.0,19442.9,17443300,6022050,17.5,177.4,1194900,513400,0.0,-1.0,0.0,0.0,16.106341,18.940248,2023-08-01
23555,2023-08-02 13:45:00,19650.0,19442.9,10719650,1870250,11.8,221.65,830750,128550,0.0,-1.0,0.0,0.0,16.940377,20.340609,2023-08-01
28808,2023-08-02 13:45:00,19700.0,19442.9,15851700,2522300,8.15,267.85,1047300,157350,0.0,-1.0,0.0,0.0,17.856859,21.903826,2023-08-01
26182,2023-08-02 13:46:00,19200.0,19448.6,104550,4519300,256.0,6.3,10050,1109200,1.0,0.0,0.0,0.0,13.166126,17.109517,2023-08-01
20929,2023-08-02 13:46:00,19250.0,19448.6,40750,3518200,209.05,9.3,17250,1268900,1.0,0.0,0.0,0.0,13.551896,16.109833,2023-08-01
15675,2023-08-02 13:46:00,19300.0,19448.6,514900,6458900,165.05,15.1,102050,2307200,1.0,0.0,0.0,0.0,13.852966,15.553682,2023-08-01
10417,2023-08-02 13:46:00,19350.0,19448.6,358350,5473200,125.0,25.45,99200,1798900,1.0,0.0,0.0,0.0,13.997132,15.414713,2023-08-01
5159,2023-08-02 13:46:00,19400.0,19448.6,2397450,7557550,91.25,41.6,611350,2932150,1.0,0.0,0.0,0.0,14.346887,15.521881,2023-08-01
2528,2023-08-02 13:46:00,19450.0,19448.6,2996600,5444650,63.2,64.3,1174550,2417100,0.0,-1.0,0.0,0.0,14.51184,15.799606,2023-08-01
7789,2023-08-02 13:46:00,19500.0,19448.6,12450100,7370950,42.0,93.3,1579600,1761550,0.0,-1.0,0.0,0.0,14.770281,16.160397,2023-08-01
13046,2023-08-02 13:46:00,19550.0,19448.6,10146550,3213650,27.45,128.55,960850,478200,0.0,-1.0,0.0,0.0,15.245942,16.761363,2023-08-01
18303,2023-08-02 13:46:00,19600.0,19448.6,17443300,6022050,18.2,169.5,1082650,521600,0.0,-1.0,0.0,0.0,15.974746,17.842926,2023-08-01
23556,2023-08-02 13:46:00,19650.0,19448.6,10719650,1870250,12.15,212.95,818700,105600,0.0,-1.0,0.0,0.0,16.764091,18.86085,2023-08-01
28809,2023-08-02 13:46:00,19700.0,19448.6,15851700,2522300,8.3,258.7,786150,113650,0.0,-1.0,0.0,0.0,17.644086,20.053119,2023-08-01
26183,2023-08-02 13:47:00,19200.0,19445.8,124350,4495050,250.0,6.55,23850,1110100,,0.0,,0.0,0.0,17.134369,2023-08-01
20930,2023-08-02 13:47:00,19250.0,19445.8,52600,3595500,203.0,9.65,8650,1122850,1.0,0.0,0.0,0.0,10.619023,16.129766,2023-08-01
15676,2023-08-02 13:47:00,19300.0,19445.8,575250,7111750,159.6,15.85,111450,1710350,1.0,0.0,0.0,0.0,12.52897,15.65523,2023-08-01
10418,2023-08-02 13:47:00,19350.0,19445.8,426650,5308400,119.65,26.5,92800,1212950,1.0,0.0,0.0,0.0,13.008924,15.511636,2023-08-01
5160,2023-08-02 13:47:00,19400.0,19445.8,2788500,7547450,87.2,43.05,569100,2131500,1.0,0.0,0.0,0.0,13.779495,15.629148,2023-08-01
2529,2023-08-02 13:47:00,19450.0,19445.8,3570750,4866900,60.2,66.05,981000,1417650,0.0,-1.0,0.0,0.0,14.142401,15.893348,2023-08-01
7790,2023-08-02 13:47:00,19500.0,19445.8,12844500,6917250,39.8,95.85,1238600,1323550,0.0,-1.0,0.0,0.0,14.49384,16.375326,2023-08-01
13047,2023-08-02 13:47:00,19550.0,19445.8,9798050,2925550,25.85,132.0,644650,339000,0.0,-1.0,0.0,0.0,15.012887,17.172151,2023-08-01
18304,2023-08-02 13:47:00,19600.0,19445.8,17427150,5978100,17.05,173.35,890100,368550,0.0,-1.0,0.0,0.0,15.766903,18.380397,2023-08-01
23557,2023-08-02 13:47:00,19650.0,19445.8,10764450,1818550,11.45,218.0,704550,82600,0.0,-1.0,0.0,0.0,16.626187,19.888779,2023-08-01
28810,2023-08-02 13:47:00,19700.0,19445.8,15776350,2459250,7.9,263.8,653400,109500,0.0,-1.0,0.0,0.0,17.57204,21.24913,2023-08-01
26184,2023-08-02 13:48:00,19200.0,19440.75,124350,4495050,249.2,6.75,11650,779400,1.0,0.0,0.0,0.0,14.018904,17.007297,2023-08-01
20931,2023-08-02 13:48:00,19250.0,19440.75,52600,3595500,202.5,9.95,6450,849150,1.0,0.0,0.0,0.0,13.976835,15.993011,2023-08-01
15677,2023-08-02 13:48:00,19300.0,19440.75,575250,7111750,160.2,16.35,32250,1166150,1.0,0.0,0.0,0.0,14.570313,15.511946,2023-08-01
10419,2023-08-02 13:48:00,19350.0,19440.75,426650,5308400,120.5,26.9,27850,868050,1.0,0.0,0.0,0.0,14.42398,15.240866,2023-08-01
5161,2023-08-02 13:48:00,19400.0,19440.75,2788500,7547450,87.35,43.7,300500,1671200,1.0,0.0,0.0,0.0,14.622478,15.317189,2023-08-01
2530,2023-08-02 13:48:00,19450.0,19440.75,3570750,4866900,60.2,66.75,656500,1052300,0.0,-1.0,0.0,0.0,14.747165,15.462706,2023-08-01
7791,2023-08-02 13:48:00,19500.0,19440.75,12844500,6917250,39.85,97.0,1043750,1152400,0.0,-1.0,0.0,0.0,14.983881,15.892295,2023-08-01
13048,2023-08-02 13:48:00,19550.0,19440.75,9798050,2925550,26.05,133.05,473450,293400,0.0,-1.0,0.0,0.0,15.464906,16.464108,2023-08-01
18305,2023-08-02 13:48:00,19600.0,19440.75,17427150,5978100,17.35,174.35,636950,251100,0.0,-1.0,0.0,0.0,16.212004,17.417145,2023-08-01
23558,2023-08-02 13:48:00,19650.0,19440.75,10764450,1818550,11.6,219.1,638800,52850,0.0,-1.0,0.0,0.0,16.99393,18.693655,2023-08-01
28811,2023-08-02 13:48:00,19700.0,19440.75,15776350,2459250,8.0,265.2,509050,79000,0.0,-1.0,0.0,0.0,17.902672,19.870747,2023-08-01
26185,2023-08-02 13:49:00,19200.0,19444.95,124350,4495050,252.65,6.35,3250,787650,1.0,0.0,0.0,0.0,13.408589,16.972911,2023-08-01
20932,2023-08-02 13:49:00,19250.0,19444.95,52600,3595500,205.6,9.4,14100,719300,1.0,0.0,0.0,0.0,13.519867,15.969737,2023-08-01
15678,2023-08-02 13:49:00,19300.0,19444.95,575250,7111750,163.4,15.55,62450,1236200,1.0,0.0,0.0,0.0,14.455984,15.500021,2023-08-01
10420,2023-08-02 13:49:00,19350.0,19444.95,426650,5308400,123.7,25.7,50350,1077900,1.0,0.0,0.0,0.0,14.452477,15.22362,2023-08-01
5162,2023-08-02 13:49:00,19400.0,19444.95,2788500,7547450,90.0,42.05,296300,1448250,1.0,0.0,0.0,0.0,14.633726,15.308301,2023-08-01
2531,2023-08-02 13:49:00,19450.0,19444.95,3570750,4866900,62.5,65.05,637650,1335200,0.0,-1.0,0.0,0.0,14.802123,15.564382,2023-08-01
7792,2023-08-02 13:49:00,19500.0,19444.95,12844500,6917250,41.65,94.35,812000,717650,0.0,-1.0,0.0,0.0,15.046358,15.884307,2023-08-01
13049,2023-08-02 13:49:00,19550.0,19444.95,9798050,2925550,27.3,129.85,460100,320900,0.0,-1.0,0.0,0.0,15.50495,16.41792,2023-08-01
18306,2023-08-02 13:49:00,19600.0,19444.95,17427150,5978100,18.3,171.05,670250,310050,0.0,-1.0,0.0,0.0,16.270534,17.432145,2023-08-01
23559,2023-08-02 13:49:00,19650.0,19444.95,10764450,1818550,12.25,215.0,596550,93950,0.0,-1.0,0.0,0.0,17.04059,18.479419,2023-08-01
28812,2023-08-02 13:49:00,19700.0,19444.95,15776350,2459250,8.4,260.75,501650,48100,0.0,-1.0,0.0,0.0,17.91291,19.516902,2023-08-01
26186,2023-08-02 13:50:00,19200.0,19454.55,128450,4493100,261.7,5.5,18700,891750,1.0,0.0,0.0,0.0,13.107952,16.883665,2023-08-01
20933,2023-08-02 13:50:00,19250.0,19454.55,47200,3526450,214.05,8.3,8850,1130950,1.0,0.0,0.0,0.0,13.194745,15.946409,2023-08-01
15679,2023-08-02 13:50:00,19300.0,19454.55,589000,7235500,170.25,13.7,109700,1040850,1.0,0.0,0.0,0.0,13.910273,15.414494,2023-08-01
10421,2023-08-02 13:50:00,19350.0,19454.55,480400,5798750,129.5,22.8,116800,1177600,1.0,0.0,0.0,0.0,13.996705,15.086934,2023-08-01
5163,2023-08-02 13:50:00,19400.0,19454.55,2918450,7706750,94.8,37.85,478650,1836900,1.0,0.0,0.0,0.0,14.287284,15.131765,2023-08-01
2532,2023-08-02 13:50:00,19450.0,19454.55,3874000,5019600,65.85,59.45,859750,1245250,1.0,0.0,0.0,0.0,14.425772,15.343929,2023-08-01
7793,2023-08-02 13:50:00,19500.0,19454.55,12874250,6952500,43.8,87.55,1129850,1020850,0.0,-1.0,0.0,0.0,14.657704,15.641907,2023-08-01
13050,2023-08-02 13:50:00,19550.0,19454.55,9800950,2826100,28.5,122.5,472950,311200,0.0,-1.0,0.0,0.0,15.08922,16.266092,2023-08-01
18307,2023-08-02 13:50:00,19600.0,19454.55,17425150,5901650,19.05,162.8,699050,283200,0.0,-1.0,0.0,0.0,15.881646,17.201522,2023-08-01
23560,2023-08-02 13:50:00,19650.0,19454.55,10692700,1812700,12.6,207.15,598050,90700,0.0,-1.0,0.0,0.0,16.625262,18.56063,2023-08-01
28813,2023-08-02 13:50:00,19700.0,19454.55,15551350,2399000,8.6,251.9,770250,104400,0.0,-1.0,0.0,0.0,17.513812,19.335854,2023-08-01
26187,2023-08-02 13:51:00,19200.0,19453.65,128450,4493100,259.8,5.45,4950,714300,1.0,0.0,0.0,0.0,11.140251,16.808922,2023-08-01
20934,2023-08-02 13:51:00,19250.0,19453.65,47200,3526450,211.3,8.5,8050,592900,1.0,0.0,0.0,0.0,11.509918,16.00718,2023-08-01
15680,2023-08-02 13:51:00,19300.0,19453.65,589000,7235500,167.5,14.1,57700,820300,1.0,0.0,0.0,0.0,13.024813,15.518262,2023-08-01
10422,2023-08-02 13:51:00,19350.0,19453.65,480400,5798750,127.0,23.6,62050,716900,1.0,0.0,0.0,0.0,13.42743,15.267227,2023-08-01
5164,2023-08-02 13:51:00,19400.0,19453.65,2918450,7706750,92.65,39.15,375650,1050400,1.0,0.0,0.0,0.0,13.889546,15.387419,2023-08-01
2533,2023-08-02 13:51:00,19450.0,19453.65,3874000,5019600,64.45,61.4,654350,1098250,1.0,0.0,0.0,0.0,14.210072,15.711893,2023-08-01
7794,2023-08-02 13:51:00,19500.0,19453.65,12874250,6952500,42.9,89.8,950500,720650,0.0,-1.0,0.0,0.0,14.529573,16.066605,2023-08-01
13051,2023-08-02 13:51:00,19550.0,19453.65,9800950,2826100,27.9,125.1,506700,169050,0.0,-1.0,0.0,0.0,14.998879,16.806567,2023-08-01
18308,2023-08-02 13:51:00,19600.0,19453.65,17425150,5901650,18.6,165.65,653300,224100,0.0,-1.0,0.0,0.0,15.796809,17.886273,2023-08-01
23561,2023-08-02 13:51:00,19650.0,19453.65,10692700,1812700,12.35,209.8,521250,73950,0.0,-1.0,0.0,0.0,16.578284,19.274473,2023-08-01
28814,2023-08-02 13:51:00,19700.0,19453.65,15551350,2399000,8.6,255.1,667900,112000,0.0,-1.0,0.0,0.0,17.568278,20.435605,2023-08-01
26188,2023-08-02 13:52:00,19200.0,19456.95,128450,4493100,259.2,5.3,4750,523500,,0.0,,0.0,0.0,16.869038,2023-08-01
20935,2023-08-02 13:52:00,19250.0,19456.95,47200,3526450,212.7,8.2,7450,551300,1.0,0.0,0.0,0.0,7.798632,16.034078,2023-08-01
15681,2023-08-02 13:52:00,19300.0,19456.95,589000,7235500,168.05,13.8,87250,794750,1.0,0.0,0.0,0.0,11.797887,15.612976,2023-08-01
10423,2023-08-02 13:52:00,19350.0,19456.95,480400,5798750,127.55,23.25,50900,676100,1.0,0.0,0.0,0.0,12.750144,15.409831,2023-08-01
5165,2023-08-02 13:52:00,19400.0,19456.95,2918450,7706750,93.2,38.7,497350,1157000,1.0,0.0,0.0,0.0,13.464844,15.574494,2023-08-01
2534,2023-08-02 13:52:00,19450.0,19456.95,3874000,5019600,64.7,60.55,771600,1037650,1.0,0.0,0.0,0.0,13.856079,15.885494,2023-08-01
7795,2023-08-02 13:52:00,19500.0,19456.95,12874250,6952500,43.0,89.1,984400,734750,0.0,-1.0,0.0,0.0,14.234612,16.374662,2023-08-01
13052,2023-08-02 13:52:00,19550.0,19456.95,9800950,2826100,27.95,123.9,590100,245900,0.0,-1.0,0.0,0.0,14.753926,17.100081,2023-08-01
18309,2023-08-02 13:52:00,19600.0,19456.95,17425150,5901650,18.6,164.55,826600,267700,0.0,-1.0,0.0,0.0,15.577277,18.331128,2023-08-01
23562,2023-08-02 13:52:00,19650.0,19456.95,10692700,1812700,12.4,208.55,408500,47600,0.0,-1.0,0.0,0.0,16.407803,19.801921,2023-08-01
28815,2023-08-02 13:52:00,19700.0,19456.95,15551350,2399000,8.7,253.9,675800,101900,0.0,-1.0,0.0,0.0,17.450007,21.139592,2023-08-01
26189,2023-08-02 13:53:00,19200.0,19457.8,125900,4601850,259.85,5.35,4950,292200,,0.0,,0.0,0.0,16.952428,2023-08-01
20936,2023-08-02 13:53:00,19250.0,19457.8,46150,3546350,213.1,8.2,4200,395100,,0.0,,0.0,0.0,16.085339,2023-08-01
15682,2023-08-02 13:53:00,19300.0,19457.8,554400,7263850,168.6,13.85,44550,600150,1.0,0.0,0.0,0.0,11.67592,15.690445,2023-08-01
10424,2023-08-02 13:53:00,19350.0,19457.8,471150,5844950,127.75,23.25,32300,356900,1.0,0.0,0.0,0.0,12.589703,15.477105,2023-08-01
5166,2023-08-02 13:53:00,19400.0,19457.8,2816400,7662000,93.15,38.65,277700,769450,1.0,0.0,0.0,0.0,13.305448,15.642542,2023-08-01
2535,2023-08-02 13:53:00,19450.0,19457.8,4032050,5428750,64.95,60.7,493800,895650,1.0,0.0,0.0,0.0,13.811609,16.021038,2023-08-01
7796,2023-08-02 13:53:00,19500.0,19457.8,12881400,6794750,43.1,88.95,759950,582050,0.0,-1.0,0.0,0.0,14.179875,16.463555,2023-08-01
13053,2023-08-02 13:53:00,19550.0,19457.8,9655200,2741200,28.15,123.8,436400,130400,0.0,-1.0,0.0,0.0,14.746203,17.233077,2023-08-01
18310,2023-08-02 13:53:00,19600.0,19457.8,17500800,5756450,18.65,164.6,882050,244200,0.0,-1.0,0.0,0.0,15.541267,18.547108,2023-08-01
23563,2023-08-02 13:53:00,19650.0,19457.8,10794700,1793600,12.45,209.0,352700,43450,0.0,-1.0,0.0,0.0,16.383564,20.206127,2023-08-01
28816,2023-08-02 13:53:00,19700.0,19457.8,15555050,2416150,8.8,254.1,621250,78000,0.0,-1.0,0.0,0.0,17.463577,21.524297,2023-08-01
26190,2023-08-02 13:54:00,19200.0,19463.05,125900,4601850,262.2,5.25,2250,302950,,0.0,,0.0,0.0,17.142232,2023-08-01
20937,2023-08-02 13:54:00,19250.0,19463.05,46150,3546350,215.35,8.1,6850,331300,,0.0,,0.0,0.0,16.321151,2023-08-01
15683,2023-08-02 13:54:00,19300.0,19463.05,554400,7263850,170.35,13.65,43600,374550,1.0,0.0,0.0,0.0,9.3119,15.942361,2023-08-01
10425,2023-08-02 13:54:00,19350.0,19463.05,471150,5844950,129.8,22.75,34200,333850,1.0,0.0,0.0,0.0,11.782455,15.711767,2023-08-01
5167,2023-08-02 13:54:00,19400.0,19463.05,2816400,7662000,94.7,37.85,209550,537650,1.0,0.0,0.0,0.0,12.759187,15.906526,2023-08-01
2536,2023-08-02 13:54:00,19450.0,19463.05,4032050,5428750,65.95,59.45,375050,550900,1.0,0.0,0.0,0.0,13.368336,16.305473,2023-08-01
7797,2023-08-02 13:54:00,19500.0,19463.05,12881400,6794750,43.95,87.45,694250,451050,0.0,-1.0,0.0,0.0,13.865505,16.836603,2023-08-01
13054,2023-08-02 13:54:00,19550.0,19463.05,9655200,2741200,28.4,122.15,342900,128050,0.0,-1.0,0.0,0.0,14.394414,17.735635,2023-08-01
18311,2023-08-02 13:54:00,19600.0,19463.05,17500800,5756450,18.7,162.4,571250,138250,0.0,-1.0,0.0,0.0,15.202506,19.067462,2023-08-01
23564,2023-08-02 13:54:00,19650.0,19463.05,10794700,1793600,12.4,206.3,488750,29600,0.0,-1.0,0.0,0.0,16.052144,20.723435,2023-08-01
28817,2023-08-02 13:54:00,19700.0,19463.05,15555050,2416150,8.7,252.0,363000,25450,0.0,-1.0,0.0,0.0,17.130332,22.439075,2023-08-01
26191,2023-08-02 13:55:00,19200.0,19467.4,125900,4601850,267.75,5.3,14600,498400,,0.0,,0.0,0.0,17.397419,2023-08-01
20938,2023-08-02 13:55:00,19250.0,19467.4,46150,3546350,220.3,7.8,15000,637900,,0.0,,0.0,0.0,16.395077,2023-08-01
15684,2023-08-02 13:55:00,19300.0,19467.4,554400,7263850,174.7,13.0,82100,1059900,1.0,0.0,0.0,0.0,9.511835,15.952158,2023-08-01
10426,2023-08-02 13:55:00,19350.0,19467.4,471150,5844950,133.7,21.75,92550,697650,1.0,0.0,0.0,0.0,11.889141,15.717279,2023-08-01
5168,2023-08-02 13:55:00,19400.0,19467.4,2816400,7662000,98.15,36.1,528950,1586100,1.0,0.0,0.0,0.0,12.872743,15.833428,2023-08-01
2537,2023-08-02 13:55:00,19450.0,19467.4,4032050,5428750,68.5,56.85,893350,1493450,1.0,0.0,0.0,0.0,13.40018,16.155526,2023-08-01
7798,2023-08-02 13:55:00,19500.0,19467.4,12881400,6794750,45.55,84.0,1571050,1187250,0.0,-1.0,0.0,0.0,13.812745,16.600816,2023-08-01
13055,2023-08-02 13:55:00,19550.0,19467.4,9655200,2741200,29.4,118.05,671400,428000,0.0,-1.0,0.0,0.0,14.313858,17.424534,2023-08-01
18312,2023-08-02 13:55:00,19600.0,19467.4,17500800,5756450,19.2,157.95,1073500,441200,0.0,-1.0,0.0,0.0,15.07045,18.711854,2023-08-01
23565,2023-08-02 13:55:00,19650.0,19467.4,10794700,1793600,12.75,201.5,616850,78000,0.0,-1.0,0.0,0.0,15.939485,20.280121,2023-08-01
28818,2023-08-02 13:55:00,19700.0,19467.4,15555050,2416150,8.85,247.1,479100,75150,0.0,-1.0,0.0,0.0,16.978035,21.959995,2023-08-01
26192,2023-08-02 13:56:00,19200.0,19462.35,122300,4804150,267.0,5.2,5950,423700,,0.0,,0.0,0.0,17.081752,2023-08-01
20939,2023-08-02 13:56:00,19250.0,19462.35,49350,3593400,218.8,7.65,3250,512400,1.0,0.0,0.0,0.0,10.253928,16.045792,2023-08-01
15685,2023-08-02 13:56:00,19300.0,19462.35,532450,7261750,174.2,12.75,47250,789200,1.0,0.0,0.0,0.0,12.527424,15.546303,2023-08-01
10427,2023-08-02 13:56:00,19350.0,19462.35,463300,5865750,132.1,21.15,53450,467300,1.0,0.0,0.0,0.0,12.839536,15.171143,2023-08-01
5169,2023-08-02 13:56:00,19400.0,19462.35,2771550,7825200,97.05,35.7,318100,925300,1.0,0.0,0.0,0.0,13.534036,15.294634,2023-08-01
2538,2023-08-02 13:56:00,19450.0,19462.35,4060600,5874300,67.4,56.3,564200,1367100,1.0,0.0,0.0,0.0,13.819775,15.483069,2023-08-01
7799,2023-08-02 13:56:00,19500.0,19462.35,12895400,6861800,44.75,83.5,944850,767600,0.0,-1.0,0.0,0.0,14.141364,15.792639,2023-08-01
13056,2023-08-02 13:56:00,19550.0,19462.35,9613000,2739550,28.7,117.55,385600,175400,0.0,-1.0,0.0,0.0,14.543948,16.40854,2023-08-01
18313,2023-08-02 13:56:00,19600.0,19462.35,17647350,5710050,18.8,157.75,566300,171900,0.0,-1.0,0.0,0.0,15.294428,17.526588,2023-08-01
23566,2023-08-02 13:56:00,19650.0,19462.35,10918800,1780250,12.4,201.2,370450,30650,0.0,-1.0,0.0,0.0,16.105269,18.770699,2023-08-01
28819,2023-08-02 13:56:00,19700.0,19462.35,15598450,2413200,8.55,247.6,311800,49650,0.0,-1.0,0.0,0.0,17.099451,20.458895,2023-08-01
26193,2023-08-02 13:57:00,19200.0,19455.8,122300,4804150,262.3,6.2,5500,604900,1.0,0.0,0.0,0.0,12.127783,17.466771,2023-08-01
20940,2023-08-02 13:57:00,19250.0,19455.8,49350,3593400,214.3,8.8,5200,490000,1.0,0.0,0.0,0.0,12.482118,16.31179,2023-08-01
15686,2023-08-02 13:57:00,19300.0,19455.8,532450,7261750,170.45,14.3,58900,839400,1.0,0.0,0.0,0.0,13.555369,15.759929,2023-08-01
10428,2023-08-02 13:57:00,19350.0,19455.8,463300,5865750,129.8,23.4,49550,588850,1.0,0.0,0.0,0.0,13.820512,15.394297,2023-08-01
5170,2023-08-02 13:57:00,19400.0,19455.8,2771550,7825200,94.5,38.5,243150,1123800,1.0,0.0,0.0,0.0,14.031929,15.443388,2023-08-01
2539,2023-08-02 13:57:00,19450.0,19455.8,4060600,5874300,65.45,59.5,481150,1402200,1.0,0.0,0.0,0.0,14.207636,15.528951,2023-08-01
7800,2023-08-02 13:57:00,19500.0,19455.8,12895400,6861800,43.45,87.6,828000,797050,0.0,-1.0,0.0,0.0,14.484128,15.867257,2023-08-01
13057,2023-08-02 13:57:00,19550.0,19455.8,9613000,2739550,27.85,122.15,439900,352650,0.0,-1.0,0.0,0.0,14.843907,16.439641,2023-08-01
18314,2023-08-02 13:57:00,19600.0,19455.8,17647350,5710050,18.2,162.1,589800,207400,0.0,-1.0,0.0,0.0,15.5471,17.320174,2023-08-01
23567,2023-08-02 13:57:00,19650.0,19455.8,10918800,1780250,12.0,206.05,372300,51050,0.0,-1.0,0.0,0.0,16.333144,18.571632,2023-08-01
28820,2023-08-02 13:57:00,19700.0,19455.8,15598450,2413200,8.3,252.5,334950,58750,0.0,-1.0,0.0,0.0,17.32277,20.141321,2023-08-01
26194,2023-08-02 13:58:00,19200.0,19453.3,122300,4804150,264.0,6.25,8850,464500,1.0,0.0,0.0,0.0,16.578318,17.379393,2023-08-01
20941,2023-08-02 13:58:00,19250.0,19453.3,49350,3593400,215.5,8.85,1950,381100,1.0,0.0,0.0,0.0,14.968439,16.204463,2023-08-01
15687,2023-08-02 13:58:00,19300.0,19453.3,532450,7261750,170.95,14.15,20850,747500,1.0,0.0,0.0,0.0,14.705887,15.549314,2023-08-01
10429,2023-08-02 13:58:00,19350.0,19453.3,463300,5865750,130.0,23.05,87650,501300,1.0,0.0,0.0,0.0,14.498183,15.10767,2023-08-01
5171,2023-08-02 13:58:00,19400.0,19453.3,2771550,7825200,94.9,38.05,234800,975950,1.0,0.0,0.0,0.0,14.566601,15.106922,2023-08-01
2540,2023-08-02 13:58:00,19450.0,19453.3,4060600,5874300,65.3,58.95,436100,1244400,1.0,0.0,0.0,0.0,14.493035,15.119152,2023-08-01
7801,2023-08-02 13:58:00,19500.0,19453.3,12895400,6861800,43.4,87.0,686100,660700,0.0,-1.0,0.0,0.0,14.72304,15.359944,2023-08-01
13058,2023-08-02 13:58:00,19550.0,19453.3,9613000,2739550,27.85,121.35,306050,187350,0.0,-1.0,0.0,0.0,15.049082,15.745347,2023-08-01
18315,2023-08-02 13:58:00,19600.0,19453.3,17647350,5710050,18.05,161.6,415800,165200,0.0,-1.0,0.0,0.0,15.670995,16.531523,2023-08-01
23568,2023-08-02 13:58:00,19650.0,19453.3,10918800,1780250,11.8,205.95,319450,36350,0.0,-1.0,0.0,0.0,16.400591,17.725201,2023-08-01
28821,2023-08-02 13:58:00,19700.0,19453.3,15598450,2413200,8.15,251.55,406950,60750,0.0,-1.0,0.0,0.0,17.379326,18.668983,2023-08-01
26195,2023-08-02 13:59:00,19200.0,19448.75,122300,4803000,258.75,6.4,8150,418050,1.0,0.0,0.0,0.0,15.832141,17.252719,2023-08-01
20942,2023-08-02 13:59:00,19250.0,19448.75,48000,3586550,212.5,9.05,5900,464800,1.0,0.0,0.0,0.0,15.590774,16.058379,2023-08-01
15688,2023-08-02 13:59:00,19300.0,19448.75,519850,7265850,168.7,14.4,29250,686500,1.0,0.0,0.0,0.0,15.334769,15.36181,2023-08-01
10430,2023-08-02 13:59:00,19350.0,19448.75,405100,5881150,128.65,23.55,34800,627200,1.0,0.0,0.0,0.0,15.136822,14.92364,2023-08-01
5172,2023-08-02 13:59:00,19400.0,19448.75,2788900,8011600,93.4,38.55,231500,1089200,1.0,0.0,0.0,0.0,14.938306,14.823979,2023-08-01
2541,2023-08-02 13:59:00,19450.0,19448.75,3979850,5924550,64.3,59.55,502850,1110050,0.0,-1.0,0.0,0.0,14.823618,14.743503,2023-08-01
7802,2023-08-02 13:59:00,19500.0,19448.75,12988300,6916900,42.5,87.85,812450,801500,0.0,-1.0,0.0,0.0,14.947462,14.892536,2023-08-01
13059,2023-08-02 13:59:00,19550.0,19448.75,9584400,2710750,27.35,122.7,365250,267600,0.0,-1.0,0.0,0.0,15.274051,15.215398,2023-08-01
18316,2023-08-02 13:59:00,19600.0,19448.75,17569550,5721500,17.75,163.25,646800,249200,0.0,-1.0,0.0,0.0,15.879809,15.865347,2023-08-01
23569,2023-08-02 13:59:00,19650.0,19448.75,10915250,1784000,11.6,207.1,377250,84350,0.0,-1.0,0.0,0.0,16.587246,16.575237,2023-08-01
28822,2023-08-02 13:59:00,19700.0,19448.75,15640750,2416300,8.0,253.35,548300,55900,0.0,-1.0,0.0,0.0,17.543559,17.450371,2023-08-01
26196,2023-08-02 14:00:00,19200.0,19445.5,125600,4803000,259.0,6.4,3800,335200,1.0,0.0,0.0,0.0,18.024233,17.092319,2023-08-01
20943,2023-08-02 14:00:00,19250.0,19445.5,48000,3586550,211.85,9.0,6300,443250,1.0,0.0,0.0,0.0,16.702171,15.856575,2023-08-01
15689,2023-08-02 14:00:00,19300.0,19445.5,519850,7265850,167.1,14.5,22800,829050,1.0,0.0,0.0,0.0,15.747522,15.197094,2023-08-01
10431,2023-08-02 14:00:00,19350.0,19445.5,405100,5881150,126.95,23.75,41400,562800,1.0,0.0,0.0,0.0,15.351867,14.742931,2023-08-01
5173,2023-08-02 14:00:00,19400.0,19445.5,2788900,8011600,91.9,38.85,291250,1112700,1.0,0.0,0.0,0.0,15.084713,14.604004,2023-08-01
2542,2023-08-02 14:00:00,19450.0,19445.5,3979850,5924550,63.15,60.1,441200,1002050,0.0,-1.0,0.0,0.0,14.949193,14.497841,2023-08-01
7803,2023-08-02 14:00:00,19500.0,19445.5,12988300,6916900,41.6,88.75,985850,948050,0.0,-1.0,0.0,0.0,15.039376,14.619694,2023-08-01
13060,2023-08-02 14:00:00,19550.0,19445.5,9584400,2710750,26.75,124.25,339550,242700,0.0,-1.0,0.0,0.0,15.362942,14.984815,2023-08-01
18317,2023-08-02 14:00:00,19600.0,19445.5,17569550,5721500,17.45,164.75,718550,243250,0.0,-1.0,0.0,0.0,15.997954,15.465199,2023-08-01
23570,2023-08-02 14:00:00,19650.0,19445.5,10915250,1784000,11.45,209.0,338700,65050,0.0,-1.0,0.0,0.0,16.717085,16.152191,2023-08-01
28823,2023-08-02 14:00:00,19700.0,19445.5,15640750,2416300,7.85,255.15,404900,65650,0.0,-1.0,0.0,0.0,17.636082,16.745449,2023-08-01
26197,2023-08-02 14:01:00,19200.0,19454.0,125600,4803000,265.95,5.8,33000,472400,1.0,0.0,0.0,0.0,17.508019,17.125445,2023-08-01
20944,2023-08-02 14:01:00,19250.0,19454.0,48000,3586550,218.75,8.3,10950,542900,1.0,0.0,0.0,0.0,16.412413,15.971286,2023-08-01
15690,2023-08-02 14:01:00,19300.0,19454.0,519850,7265850,174.25,13.3,61650,1118750,1.0,0.0,0.0,0.0,15.795273,15.275426,2023-08-01
10432,2023-08-02 14:01:00,19350.0,19454.0,405100,5881150,132.95,21.75,89850,687750,1.0,0.0,0.0,0.0,15.256088,14.775714,2023-08-01
5174,2023-08-02 14:01:00,19400.0,19454.0,2788900,8011600,96.5,35.85,422750,1334700,1.0,0.0,0.0,0.0,14.877489,14.617848,2023-08-01
2543,2023-08-02 14:01:00,19450.0,19454.0,3979850,5924550,66.55,55.85,682300,1437800,1.0,0.0,0.0,0.0,14.719772,14.470115,2023-08-01
7804,2023-08-02 14:01:00,19500.0,19454.0,12988300,6916900,43.8,83.6,1214300,895850,0.0,-1.0,0.0,0.0,14.768548,14.638131,2023-08-01
13061,2023-08-02 14:01:00,19550.0,19454.0,9584400,2710750,28.05,117.85,575600,270700,0.0,-1.0,0.0,0.0,15.06487,14.92063,2023-08-01
18318,2023-08-02 14:01:00,19600.0,19454.0,17569550,5721500,18.25,158.05,859150,274000,0.0,-1.0,0.0,0.0,15.707958,15.537054,2023-08-01
23571,2023-08-02 14:01:00,19650.0,19454.0,10915250,1784000,11.8,202.0,526900,75850,0.0,-1.0,0.0,0.0,16.375746,16.338809,2023-08-01
28824,2023-08-02 14:01:00,19700.0,19454.0,15640750,2416300,8.05,247.75,506200,67500,0.0,-1.0,0.0,0.0,17.303164,16.976362,2023-08-01
26198,2023-08-02 14:02:00,19200.0,19459.8,114500,4775650,274.4,5.1,7400,469650,1.0,0.0,0.0,0.0,19.434991,16.914747,2023-08-01
20945,2023-08-02 14:02:00,19250.0,19459.8,50300,3485100,225.75,7.2,9150,542100,1.0,0.0,0.0,0.0,17.342341,15.685393,2023-08-01
15691,2023-08-02 14:02:00,19300.0,19459.8,518700,6848600,179.9,11.5,79150,1699700,1.0,0.0,0.0,0.0,16.11023,14.901423,2023-08-01
10433,2023-08-02 14:02:00,19350.0,19459.8,397650,5966900,138.0,18.75,110350,973200,1.0,0.0,0.0,0.0,15.459569,14.251341,2023-08-01
5175,2023-08-02 14:02:00,19400.0,19459.8,2781800,8162600,100.95,31.55,536950,1913350,1.0,0.0,0.0,0.0,15.049417,14.009628,2023-08-01
2544,2023-08-02 14:02:00,19450.0,19459.8,4082700,5908200,69.85,50.65,895050,1358300,1.0,0.0,0.0,0.0,14.773803,13.873666,2023-08-01
7805,2023-08-02 14:02:00,19500.0,19459.8,13164600,6752900,46.2,76.8,1296100,1248050,0.0,-1.0,0.0,0.0,14.784493,13.820829,2023-08-01
13062,2023-08-02 14:02:00,19550.0,19459.8,9627950,2698150,29.6,110.2,552700,369350,0.0,-1.0,0.0,0.0,15.030642,13.941187,2023-08-01
18319,2023-08-02 14:02:00,19600.0,19459.8,17409700,5755250,19.15,150.0,772150,294850,0.0,-1.0,0.0,0.0,15.618728,14.367874,2023-08-01
23572,2023-08-02 14:02:00,19650.0,19459.8,10891350,1790950,12.35,193.25,322150,84000,0.0,-1.0,0.0,0.0,16.270881,14.650113,2023-08-01
28825,2023-08-02 14:02:00,19700.0,19459.8,15708300,2402400,8.4,238.7,340550,96250,0.0,-1.0,0.0,0.0,17.191037,14.544167,2023-08-01
26199,2023-08-02 14:03:00,19200.0,19460.95,114500,4775650,269.05,5.05,14300,423600,1.0,0.0,0.0,0.0,14.685443,16.938838,2023-08-01
20946,2023-08-02 14:03:00,19250.0,19460.95,50300,3485100,221.15,7.25,3650,404500,1.0,0.0,0.0,0.0,14.112922,15.780237,2023-08-01
15692,2023-08-02 14:03:00,19300.0,19460.95,518700,6848600,175.95,11.85,70700,742150,1.0,0.0,0.0,0.0,14.050676,15.122749,2023-08-01
10434,2023-08-02 14:03:00,19350.0,19460.95,397650,5966900,133.85,19.65,42050,615400,1.0,0.0,0.0,0.0,13.854882,14.626948,2023-08-01
5176,2023-08-02 14:03:00,19400.0,19460.95,2781800,8162600,97.5,33.25,388500,1241400,1.0,0.0,0.0,0.0,13.944459,14.562011,2023-08-01
2545,2023-08-02 14:03:00,19450.0,19460.95,4082700,5908200,67.5,53.1,784950,1148350,1.0,0.0,0.0,0.0,14.063785,14.592932,2023-08-01
7806,2023-08-02 14:03:00,19500.0,19460.95,13164600,6752900,44.35,80.1,959600,822850,0.0,-1.0,0.0,0.0,14.220531,14.798791,2023-08-01
13063,2023-08-02 14:03:00,19550.0,19460.95,9627950,2698150,28.35,114.7,447950,225200,0.0,-1.0,0.0,0.0,14.597222,15.414128,2023-08-01
18320,2023-08-02 14:03:00,19600.0,19460.95,17409700,5755250,18.35,154.55,632350,203450,0.0,-1.0,0.0,0.0,15.277342,16.213615,2023-08-01
23573,2023-08-02 14:03:00,19650.0,19460.95,10891350,1790950,11.9,198.1,309600,32900,0.0,-1.0,0.0,0.0,16.015373,17.192784,2023-08-01
28826,2023-08-02 14:03:00,19700.0,19460.95,15708300,2402400,8.15,244.35,364100,64650,0.0,-1.0,0.0,0.0,16.997068,18.481884,2023-08-01
26200,2023-08-02 14:04:00,19200.0,19452.25,114500,4775650,263.1,5.8,9450,350850,1.0,0.0,0.0,0.0,16.68369,17.053972,2023-08-01
20947,2023-08-02 14:04:00,19250.0,19452.25,50300,3485100,215.15,8.35,11550,538150,1.0,0.0,0.0,0.0,15.353854,15.916646,2023-08-01
15693,2023-08-02 14:04:00,19300.0,19452.25,518700,6848600,169.9,13.5,58350,776250,1.0,0.0,0.0,0.0,14.677935,15.259066,2023-08-01
10435,2023-08-02 14:04:00,19350.0,19452.25,397650,5966900,129.15,22.15,67750,704200,1.0,0.0,0.0,0.0,14.516952,14.783478,2023-08-01
5177,2023-08-02 14:04:00,19400.0,19452.25,2781800,8162600,93.45,36.65,405650,1298050,1.0,0.0,0.0,0.0,14.40131,14.679818,2023-08-01
2546,2023-08-02 14:04:00,19450.0,19452.25,4082700,5908200,63.9,57.4,606100,1221700,1.0,0.0,0.0,0.0,14.320629,14.655051,2023-08-01
7807,2023-08-02 14:04:00,19500.0,19452.25,13164600,6752900,42.1,85.6,971700,1092750,0.0,-1.0,0.0,0.0,14.534741,14.884519,2023-08-01
13064,2023-08-02 14:04:00,19550.0,19452.25,9627950,2698150,27.0,120.35,520500,305350,0.0,-1.0,0.0,0.0,14.923981,15.28402,2023-08-01
18321,2023-08-02 14:04:00,19600.0,19452.25,17409700,5755250,17.65,161.1,687800,266700,0.0,-1.0,0.0,0.0,15.636535,16.112092,2023-08-01
23574,2023-08-02 14:04:00,19650.0,19452.25,10891350,1790950,11.45,205.2,390850,52300,0.0,-1.0,0.0,0.0,16.342202,17.077857,2023-08-01
28827,2023-08-02 14:04:00,19700.0,19452.25,15708300,2402400,7.85,252.0,377100,75650,0.0,-1.0,0.0,0.0,17.300619,18.44922,2023-08-01
26201,2023-08-02 14:05:00,19200.0,19450.0,119900,4775650,261.65,5.85,6250,193300,1.0,0.0,0.0,0.0,17.136846,16.980718,2023-08-01
20948,2023-08-02 14:05:00,19250.0,19450.0,55400,3485100,214.6,8.45,5850,174850,1.0,0.0,0.0,0.0,16.141086,15.850053,2023-08-01
15694,2023-08-02 14:05:00,19300.0,19450.0,537400,6848600,169.9,13.7,46200,404650,1.0,0.0,0.0,0.0,15.432323,15.200408,2023-08-01
10436,2023-08-02 14:05:00,19350.0,19450.0,383250,5966900,128.2,22.55,22650,331550,1.0,0.0,0.0,0.0,14.754219,14.743139,2023-08-01
5178,2023-08-02 14:05:00,19400.0,19450.0,2862700,8162600,92.9,37.0,244650,848450,1.0,0.0,0.0,0.0,14.639392,14.569752,2023-08-01
2547,2023-08-02 14:05:00,19450.0,19450.0,4074350,5908200,63.65,57.9,360550,601100,0.500007,-0.499993,4.45914898,4.46705471,14.545829,14.520086,2023-08-01
7808,2023-08-02 14:05:00,19500.0,19450.0,13301050,6752900,41.95,86.2,584950,451600,0.0,-1.0,0.0,0.0,14.721109,14.697946,2023-08-01
13065,2023-08-02 14:05:00,19550.0,19450.0,9658800,2698150,26.7,121.25,265050,94950,0.0,-1.0,0.0,0.0,15.021813,15.084982,2023-08-01
18322,2023-08-02 14:05:00,19600.0,19450.0,17571650,5755250,17.4,162.0,468100,151100,0.0,-1.0,0.0,0.0,15.706478,15.806106,2023-08-01
23575,2023-08-02 14:05:00,19650.0,19450.0,10922800,1790950,11.25,206.2,269000,33900,0.0,-1.0,0.0,0.0,16.391188,16.679875,2023-08-01
28828,2023-08-02 14:05:00,19700.0,19450.0,15788550,2402400,7.7,252.15,305450,40800,0.0,-1.0,0.0,0.0,17.339754,17.43511,2023-08-01
26202,2023-08-02 14:06:00,19200.0,19450.65,119900,4833600,263.3,5.65,5450,224200,1.0,0.0,0.0,0.0,17.825999,16.880373,2023-08-01
20949,2023-08-02 14:06:00,19250.0,19450.65,55400,3503100,216.5,8.3,3550,280950,1.0,0.0,0.0,0.0,16.802453,15.812242,2023-08-01
15695,2023-08-02 14:06:00,19300.0,19450.65,537400,6844650,171.7,13.5,61450,534250,1.0,0.0,0.0,0.0,15.915554,15.168096,2023-08-01
10437,2023-08-02 14:06:00,19350.0,19450.65,383250,5900850,130.25,22.0,39700,350150,1.0,0.0,0.0,0.0,15.230896,14.628418,2023-08-01
5179,2023-08-02 14:06:00,19400.0,19450.65,2862700,8431250,94.6,36.3,246400,826650,1.0,0.0,0.0,0.0,14.972875,14.453778,2023-08-01
2548,2023-08-02 14:06:00,19450.0,19450.65,4074350,5873500,65.1,57.0,479000,708300,1.0,0.0,0.0,0.0,14.817894,14.383984,2023-08-01
7809,2023-08-02 14:06:00,19500.0,19450.65,13301050,6676500,42.5,85.1,626450,553300,0.0,-1.0,0.0,0.0,14.800169,14.527184,2023-08-01
13066,2023-08-02 14:06:00,19550.0,19450.65,9658800,2625500,27.25,119.4,276150,121650,0.0,-1.0,0.0,0.0,15.132264,14.694717,2023-08-01
18323,2023-08-02 14:06:00,19600.0,19450.65,17571650,5738150,17.8,160.3,620650,148200,0.0,-1.0,0.0,0.0,15.807269,15.398618,2023-08-01
23576,2023-08-02 14:06:00,19650.0,19450.65,10922800,1790300,11.45,204.2,252000,28100,0.0,-1.0,0.0,0.0,16.447878,16.039339,2023-08-01
28829,2023-08-02 14:06:00,19700.0,19450.65,15788550,2388750,7.85,250.05,269750,45600,0.0,-1.0,0.0,0.0,17.397726,16.53157,2023-08-01
26203,2023-08-02 14:07:00,19200.0,19450.4,119900,4833600,262.7,5.75,7850,328700,1.0,0.0,0.0,0.0,17.599481,16.942718,2023-08-01
20950,2023-08-02 14:07:00,19250.0,19450.4,55400,3503100,211.0,8.35,2650,272450,1.0,0.0,0.0,0.0,13.884357,15.829756,2023-08-01
15696,2023-08-02 14:07:00,19300.0,19450.4,537400,6844650,171.65,13.65,88050,449400,1.0,0.0,0.0,0.0,15.980453,15.215683,2023-08-01
10438,2023-08-02 14:07:00,19350.0,19450.4,383250,5900850,130.05,22.2,40600,386200,1.0,0.0,0.0,0.0,15.232894,14.675485,2023-08-01
5180,2023-08-02 14:07:00,19400.0,19450.4,2862700,8431250,94.1,36.55,298600,957100,1.0,0.0,0.0,0.0,14.891555,14.499668,2023-08-01
2549,2023-08-02 14:07:00,19450.0,19450.4,4074350,5873500,64.65,57.25,681900,705050,0.999995,-3e-06,0.00026299,0.00017215,14.746379,14.4193,2023-08-01
7810,2023-08-02 14:07:00,19500.0,19450.4,13301050,6676500,42.3,85.2,895000,540450,0.0,-1.0,0.0,0.0,14.77989,14.518188,2023-08-01
13067,2023-08-02 14:07:00,19550.0,19450.4,9658800,2625500,27.2,120.15,407650,153500,0.0,-1.0,0.0,0.0,15.143126,14.861781,2023-08-01
18324,2023-08-02 14:07:00,19600.0,19450.4,17571650,5738150,17.75,160.7,463100,127200,0.0,-1.0,0.0,0.0,15.812237,15.472274,2023-08-01
23577,2023-08-02 14:07:00,19650.0,19450.4,10922800,1790300,11.5,204.85,359450,41100,0.0,-1.0,0.0,0.0,16.490515,16.240386,2023-08-01
28830,2023-08-02 14:07:00,19700.0,19450.4,15788550,2388750,7.8,250.0,380300,46800,0.0,-1.0,0.0,0.0,17.388151,16.355637,2023-08-01
26204,2023-08-02 14:08:00,19200.0,19449.05,121850,4833600,259.0,5.85,3950,130750,1.0,0.0,0.0,0.0,15.878212,16.949017,2023-08-01
20951,2023-08-02 14:08:00,19250.0,19449.05,55400,3503100,213.0,8.55,2200,179250,1.0,0.0,0.0,0.0,15.774114,15.8645,2023-08-01
15697,2023-08-02 14:08:00,19300.0,19449.05,613750,6844650,167.7,13.95,49200,335450,1.0,0.0,0.0,0.0,14.904973,15.251427,2023-08-01
10439,2023-08-02 14:08:00,19350.0,19449.05,400750,5900850,126.3,22.9,25350,364200,1.0,0.0,0.0,0.0,14.411179,14.791934,2023-08-01
5181,2023-08-02 14:08:00,19400.0,19449.05,2932900,8431250,91.45,37.9,226400,633650,1.0,0.0,0.0,0.0,14.440695,14.726379,2023-08-01
2550,2023-08-02 14:08:00,19450.0,19449.05,4176350,5873500,62.6,59.45,370350,516200,0.0,-1.0,0.0,0.0,14.427153,14.794147,2023-08-01
7811,2023-08-02 14:08:00,19500.0,19449.05,13429150,6676500,41.0,87.85,662850,415700,0.0,-1.0,0.0,0.0,14.591248,14.977223,2023-08-01
13068,2023-08-02 14:08:00,19550.0,19449.05,9717750,2625500,26.1,123.25,271850,117500,0.0,-1.0,0.0,0.0,14.940314,15.471617,2023-08-01
18325,2023-08-02 14:08:00,19600.0,19449.05,17760250,5738150,17.1,164.35,330950,132950,0.0,-1.0,0.0,0.0,15.681162,16.365131,2023-08-01
23578,2023-08-02 14:08:00,19650.0,19449.05,10933250,1790300,11.1,208.25,195700,29750,0.0,-1.0,0.0,0.0,16.396201,17.224806,2023-08-01
28831,2023-08-02 14:08:00,19700.0,19449.05,15724300,2388750,7.6,254.6,267950,34750,0.0,-1.0,0.0,0.0,17.349518,18.328352,2023-08-01
26205,2023-08-02 14:09:00,19200.0,19450.6,121850,4939600,262.85,5.7,1650,236200,1.0,0.0,0.0,0.0,17.593539,16.928814,2023-08-01
20952,2023-08-02 14:09:00,19250.0,19450.6,59500,3481450,216.2,8.3,1150,172450,1.0,0.0,0.0,0.0,16.699753,15.824458,2023-08-01
15698,2023-08-02 14:09:00,19300.0,19450.6,613750,6767900,171.15,13.55,42050,379150,1.0,0.0,0.0,0.0,15.743227,15.198767,2023-08-01
10440,2023-08-02 14:09:00,19350.0,19450.6,400750,5939850,129.4,21.95,22450,370300,1.0,0.0,0.0,0.0,15.003607,14.623008,2023-08-01
5182,2023-08-02 14:09:00,19400.0,19450.6,2932900,8445900,94.45,36.3,212800,745000,1.0,0.0,0.0,0.0,14.959269,14.462467,2023-08-01
2551,2023-08-02 14:09:00,19450.0,19450.6,4176350,5794600,64.85,57.2,300250,459050,1.0,0.0,0.0,0.0,14.780127,14.439055,2023-08-01
7812,2023-08-02 14:09:00,19500.0,19450.6,13429150,6606350,42.8,85.15,501350,484300,0.0,-1.0,0.0,0.0,14.895377,14.544643,2023-08-01
13069,2023-08-02 14:09:00,19550.0,19450.6,9717750,2602650,27.15,119.7,284200,97550,0.0,-1.0,0.0,0.0,15.123574,14.782581,2023-08-01
18326,2023-08-02 14:09:00,19600.0,19450.6,17760250,5762750,17.6,160.35,392700,136350,0.0,-1.0,0.0,0.0,15.757482,15.413911,2023-08-01
23579,2023-08-02 14:09:00,19650.0,19450.6,10933250,1754100,11.45,204.35,207200,18200,0.0,-1.0,0.0,0.0,16.467698,16.099505,2023-08-01
28832,2023-08-02 14:09:00,19700.0,19450.6,15724300,2384150,7.8,250.75,238050,37350,0.0,-1.0,0.0,0.0,17.389308,16.946204,2023-08-01
26206,2023-08-02 14:10:00,19200.0,19451.4,121850,4939600,263.0,5.8,1550,322150,1.0,0.0,0.0,0.0,17.213555,17.04374,2023-08-01
20953,2023-08-02 14:10:00,19250.0,19451.4,59500,3481450,215.15,8.55,3400,129850,1.0,0.0,0.0,0.0,15.811997,16.004779,2023-08-01
15699,2023-08-02 14:10:00,19300.0,19451.4,613750,6767900,170.2,13.85,31600,451000,1.0,0.0,0.0,0.0,15.123792,15.371055,2023-08-01
10441,2023-08-02 14:10:00,19350.0,19451.4,400750,5939850,128.95,22.55,18000,268250,1.0,0.0,0.0,0.0,14.688276,14.87021,2023-08-01
5183,2023-08-02 14:10:00,19400.0,19451.4,2932900,8445900,93.1,37.3,153450,499350,1.0,0.0,0.0,0.0,14.48556,14.796722,2023-08-01
2552,2023-08-02 14:10:00,19450.0,19451.4,4176350,5794600,64.0,58.15,285250,416150,1.0,0.0,0.0,0.0,14.481949,14.763627,2023-08-01
7813,2023-08-02 14:10:00,19500.0,19451.4,13429150,6606350,42.15,86.4,385700,284600,0.0,-1.0,0.0,0.0,14.660902,14.981365,2023-08-01
13070,2023-08-02 14:10:00,19550.0,19451.4,9717750,2602650,26.8,120.8,235900,82550,0.0,-1.0,0.0,0.0,14.965731,15.264682,2023-08-01
18327,2023-08-02 14:10:00,19600.0,19451.4,17760250,5762750,17.45,161.8,343900,90900,0.0,-1.0,0.0,0.0,15.65673,16.144996,2023-08-01
23580,2023-08-02 14:10:00,19650.0,19451.4,10933250,1754100,11.3,205.6,194450,28550,0.0,-1.0,0.0,0.0,16.359092,16.963547,2023-08-01
28833,2023-08-02 14:10:00,19700.0,19451.4,15724300,2384150,7.7,252.6,166700,22150,0.0,-1.0,0.0,0.0,17.294704,18.39234,2023-08-01
26207,2023-08-02 14:11:00,19200.0,19445.9,122700,4939600,254.1,6.25,6800,312200,1.0,0.0,0.0,0.0,14.186556,17.074149,2023-08-01
20954,2023-08-02 14:11:00,19250.0,19445.9,58550,3481450,206.4,9.3,8350,307800,1.0,0.0,0.0,0.0,13.615901,16.084414,2023-08-01
15700,2023-08-02 14:11:00,19300.0,19445.9,634100,6767900,162.65,15.25,106650,595350,1.0,0.0,0.0,0.0,13.960168,15.556872,2023-08-01
10442,2023-08-02 14:11:00,19350.0,19445.9,403050,5939850,122.55,24.8,50700,506450,1.0,0.0,0.0,0.0,14.01068,15.135251,2023-08-01
5184,2023-08-02 14:11:00,19400.0,19445.9,3006400,8445900,87.85,40.5,368750,1097050,1.0,0.0,0.0,0.0,14.052097,15.108774,2023-08-01
2553,2023-08-02 14:11:00,19450.0,19445.9,4324650,5794600,59.95,62.9,672450,798550,0.0,-1.0,0.0,0.0,14.192312,15.264297,2023-08-01
7814,2023-08-02 14:11:00,19500.0,19445.9,13550000,6606350,39.3,92.1,1049700,637900,0.0,-1.0,0.0,0.0,14.480816,15.56946,2023-08-01
13071,2023-08-02 14:11:00,19550.0,19445.9,9690550,2602650,25.15,128.0,943750,196850,0.0,-1.0,0.0,0.0,14.92657,16.189475,2023-08-01
18328,2023-08-02 14:11:00,19600.0,19445.9,17785250,5762750,16.35,169.6,927500,223950,0.0,-1.0,0.0,0.0,15.640116,17.30383,2023-08-01
23581,2023-08-02 14:11:00,19650.0,19445.9,11004400,1754100,10.75,214.15,419850,47850,0.0,-1.0,0.0,0.0,16.437286,18.565745,2023-08-01
28834,2023-08-02 14:11:00,19700.0,19445.9,15710150,2384150,7.4,260.9,361250,76450,0.0,-1.0,0.0,0.0,17.415573,20.100219,2023-08-01
26208,2023-08-02 14:12:00,19200.0,19442.95,122700,5011550,249.45,6.4,14300,587000,1.0,0.0,0.0,0.0,11.784805,17.026559,2023-08-01
20955,2023-08-02 14:12:00,19250.0,19442.95,58550,3464650,202.6,9.7,7900,573800,1.0,0.0,0.0,0.0,12.886356,16.118966,2023-08-01
15701,2023-08-02 14:12:00,19300.0,19442.95,634100,6657000,158.8,15.85,151350,1127750,1.0,0.0,0.0,0.0,13.409068,15.591199,2023-08-01
10443,2023-08-02 14:12:00,19350.0,19442.95,403050,5962600,118.65,25.75,99200,888200,1.0,0.0,0.0,0.0,13.506166,15.191865,2023-08-01
5185,2023-08-02 14:12:00,19400.0,19442.95,3006400,8281600,84.7,42.0,617350,2071100,1.0,0.0,0.0,0.0,13.732872,15.213265,2023-08-01
2554,2023-08-02 14:12:00,19450.0,19442.95,4324650,5687850,57.0,64.6,1105900,1602250,0.0,-1.0,0.0,0.0,13.844738,15.324091,2023-08-01
7815,2023-08-02 14:12:00,19500.0,19442.95,13550000,6522550,37.1,94.65,1736000,1339850,0.0,-1.0,0.0,0.0,14.206075,15.756361,2023-08-01
13072,2023-08-02 14:12:00,19550.0,19442.95,9690550,2613800,23.55,131.0,771950,384000,0.0,-1.0,0.0,0.0,14.687427,16.443457,2023-08-01
18329,2023-08-02 14:12:00,19600.0,19442.95,17785250,5779900,15.35,173.05,1118250,309400,0.0,-1.0,0.0,0.0,15.474942,17.680375,2023-08-01
23582,2023-08-02 14:12:00,19650.0,19442.95,11004400,1755400,10.0,217.65,704300,86800,0.0,-1.0,0.0,0.0,16.2612,18.974293,2023-08-01
28835,2023-08-02 14:12:00,19700.0,19442.95,15710150,2376050,7.05,264.6,749850,94150,0.0,-1.0,0.0,0.0,17.364376,20.628833,2023-08-01
26209,2023-08-02 14:13:00,19200.0,19436.5,122700,5011550,242.2,6.7,11250,501400,1.0,0.0,0.0,0.0,9.125065,16.889856,2023-08-01
20956,2023-08-02 14:13:00,19250.0,19436.5,58550,3464650,194.85,10.2,15350,565850,1.0,0.0,0.0,0.0,11.556879,15.992698,2023-08-01
15702,2023-08-02 14:13:00,19300.0,19436.5,634100,6657000,151.0,16.8,153450,1108800,1.0,0.0,0.0,0.0,12.444098,15.511776,2023-08-01
10444,2023-08-02 14:13:00,19350.0,19436.5,403050,5962600,112.0,27.35,98450,1084500,1.0,0.0,0.0,0.0,12.970218,15.152116,2023-08-01
5186,2023-08-02 14:13:00,19400.0,19436.5,3006400,8281600,78.85,44.45,666100,2152000,1.0,0.0,0.0,0.0,13.281758,15.207929,2023-08-01
2555,2023-08-02 14:13:00,19450.0,19436.5,4324650,5687850,52.15,68.2,1291450,1590800,0.0,-1.0,0.0,0.0,13.441503,15.403347,2023-08-01
7816,2023-08-02 14:13:00,19500.0,19436.5,13550000,6522550,33.5,99.2,1856200,1401950,0.0,-1.0,0.0,0.0,13.876669,15.887781,2023-08-01
13073,2023-08-02 14:13:00,19550.0,19436.5,9690550,2613800,21.15,137.0,989600,391200,0.0,-1.0,0.0,0.0,14.449513,16.828672,2023-08-01
18330,2023-08-02 14:13:00,19600.0,19436.5,17785250,5779900,13.75,180.5,1400850,408550,0.0,-1.0,0.0,0.0,15.289631,18.467535,2023-08-01
23583,2023-08-02 14:13:00,19650.0,19436.5,11004400,1755400,9.0,224.55,795800,118450,0.0,-1.0,0.0,0.0,16.140961,19.562104,2023-08-01
28836,2023-08-02 14:13:00,19700.0,19436.5,15710150,2376050,6.5,273.4,729250,130500,0.0,-1.0,0.0,0.0,17.358037,22.07952,2023-08-01
26210,2023-08-02 14:14:00,19200.0,19429.85,134550,5011550,239.4,6.65,22300,1343350,1.0,0.0,0.0,0.0,14.678666,16.517536,2023-08-01
20957,2023-08-02 14:14:00,19250.0,19429.85,58550,3464650,192.15,10.45,6100,853200,1.0,0.0,0.0,0.0,13.875116,15.727016,2023-08-01
15703,2023-08-02 14:14:00,19300.0,19429.85,610550,6657000,149.55,17.2,121300,2045900,1.0,0.0,0.0,0.0,14.112802,15.209733,2023-08-01
10445,2023-08-02 14:14:00,19350.0,19429.85,402650,5962600,110.3,27.9,113400,1581100,1.0,0.0,0.0,0.0,13.920171,14.77939,2023-08-01
5187,2023-08-02 14:14:00,19400.0,19429.85,3014600,8281600,77.7,45.65,761200,3119050,1.0,0.0,0.0,0.0,14.010155,14.849372,2023-08-01
2556,2023-08-02 14:14:00,19450.0,19429.85,4569800,5687850,51.45,69.5,1343700,2589400,0.0,-1.0,0.0,0.0,14.031142,14.877718,2023-08-01
7817,2023-08-02 14:14:00,19500.0,19429.85,13448500,6522550,32.9,101.35,2066500,1697050,0.0,-1.0,0.0,0.0,14.316439,15.342664,2023-08-01
13074,2023-08-02 14:14:00,19550.0,19429.85,9028950,2613800,20.95,139.05,1295500,586800,0.0,-1.0,0.0,0.0,14.880192,15.985419,2023-08-01
18331,2023-08-02 14:14:00,19600.0,19429.85,17258700,5779900,13.7,181.85,1424750,458650,0.0,-1.0,0.0,0.0,15.695701,17.078824,2023-08-01
23584,2023-08-02 14:14:00,19650.0,19429.85,10856700,1755400,9.1,227.7,945550,109800,0.0,-1.0,0.0,0.0,16.570284,18.511961,2023-08-01
28837,2023-08-02 14:14:00,19700.0,19429.85,15328100,2376050,6.6,274.65,936200,107650,0.0,-1.0,0.0,0.0,17.770952,19.864129,2023-08-01
26211,2023-08-02 14:15:00,19200.0,19429.35,134550,5410050,239.5,6.6,13550,747850,1.0,0.0,0.0,0.0,15.123419,16.465588,2023-08-01
20958,2023-08-02 14:15:00,19250.0,19429.35,63100,3450900,192.9,10.6,13700,496550,1.0,0.0,0.0,0.0,14.518194,15.771432,2023-08-01
15704,2023-08-02 14:15:00,19300.0,19429.35,610550,6569550,150.6,17.6,95650,1146800,1.0,0.0,0.0,0.0,14.648032,15.319152,2023-08-01
10446,2023-08-02 14:15:00,19350.0,19429.35,402650,6069300,111.0,28.55,92400,858550,1.0,0.0,0.0,0.0,14.227916,14.925584,2023-08-01
5188,2023-08-02 14:15:00,19400.0,19429.35,3014600,7950650,78.5,46.05,574750,1722150,1.0,0.0,0.0,0.0,14.287008,14.902185,2023-08-01
2557,2023-08-02 14:15:00,19450.0,19429.35,4569800,5616350,52.35,70.0,932550,1195300,0.0,-1.0,0.0,0.0,14.309179,14.938092,2023-08-01
7818,2023-08-02 14:15:00,19500.0,19429.35,13448500,6234500,33.6,101.7,1123250,1025100,0.0,-1.0,0.0,0.0,14.549731,15.352904,2023-08-01
13075,2023-08-02 14:15:00,19550.0,19429.35,9028950,2336250,21.3,139.3,532850,316450,0.0,-1.0,0.0,0.0,15.031608,15.95154,2023-08-01
18332,2023-08-02 14:15:00,19600.0,19429.35,17258700,5536300,14.05,182.0,875550,214550,0.0,-1.0,0.0,0.0,15.870244,16.987912,2023-08-01
23585,2023-08-02 14:15:00,19650.0,19429.35,10856700,1713550,9.3,227.4,1064500,66700,0.0,-1.0,0.0,0.0,16.705879,18.190164,2023-08-01
28838,2023-08-02 14:15:00,19700.0,19429.35,15328100,2330800,6.8,274.4,900900,82300,0.0,-1.0,0.0,0.0,17.932085,19.489715,2023-08-01
26212,2023-08-02 14:16:00,19200.0,19437.3,134550,5410050,247.95,5.75,17150,740100,1.0,0.0,0.0,0.0,15.890436,16.328736,2023-08-01
20959,2023-08-02 14:16:00,19250.0,19437.3,63100,3450900,201.2,9.1,10900,650950,1.0,0.0,0.0,0.0,15.149038,15.523371,2023-08-01
15705,2023-08-02 14:16:00,19300.0,19437.3,610550,6569550,157.4,15.2,151950,1106200,1.0,0.0,0.0,0.0,14.758495,15.001842,2023-08-01
10447,2023-08-02 14:16:00,19350.0,19437.3,402650,6069300,117.3,25.15,111750,1149400,1.0,0.0,0.0,0.0,14.385453,14.595956,2023-08-01
5189,2023-08-02 14:16:00,19400.0,19437.3,3014600,7950650,83.15,41.5,815200,1788700,1.0,0.0,0.0,0.0,14.253133,14.563183,2023-08-01
2558,2023-08-02 14:16:00,19450.0,19437.3,4569800,5616350,55.5,64.0,935900,1240700,0.0,-1.0,0.0,0.0,14.16947,14.506616,2023-08-01
7819,2023-08-02 14:16:00,19500.0,19437.3,13448500,6234500,35.75,94.4,1314850,1043600,0.0,-1.0,0.0,0.0,14.401222,14.804254,2023-08-01
13076,2023-08-02 14:16:00,19550.0,19437.3,9028950,2336250,22.75,131.15,600000,285000,0.0,-1.0,0.0,0.0,14.894888,15.296145,2023-08-01
18333,2023-08-02 14:16:00,19600.0,19437.3,17258700,5536300,14.9,173.45,919250,272500,0.0,-1.0,0.0,0.0,15.694779,16.25071,2023-08-01
23586,2023-08-02 14:16:00,19650.0,19437.3,10856700,1713550,9.8,218.3,564450,60500,0.0,-1.0,0.0,0.0,16.510343,17.202968,2023-08-01
28839,2023-08-02 14:16:00,19700.0,19437.3,15328100,2330800,7.05,265.65,680550,102500,0.0,-1.0,0.0,0.0,17.683405,18.616323,2023-08-01
26213,2023-08-02 14:17:00,19200.0,19436.45,134550,5410050,248.1,5.95,6550,380000,1.0,0.0,0.0,0.0,16.53944,16.424731,2023-08-01
20960,2023-08-02 14:17:00,19250.0,19436.45,63600,3450900,201.0,9.3,5200,281350,1.0,0.0,0.0,0.0,15.435225,15.578242,2023-08-01
15706,2023-08-02 14:17:00,19300.0,19436.45,674700,6569550,157.35,15.55,62550,786100,1.0,0.0,0.0,0.0,15.003834,15.078542,2023-08-01
10448,2023-08-02 14:17:00,19350.0,19436.45,412300,6069300,117.15,25.75,53150,430850,1.0,0.0,0.0,0.0,14.528372,14.70757,2023-08-01
5190,2023-08-02 14:17:00,19400.0,19436.45,3348600,7950650,83.4,42.2,457450,1001350,1.0,0.0,0.0,0.0,14.451633,14.660109,2023-08-01
2559,2023-08-02 14:17:00,19450.0,19436.45,4862500,5616350,55.9,64.8,566000,653000,0.0,-1.0,0.0,0.0,14.369285,14.597452,2023-08-01
7820,2023-08-02 14:17:00,19500.0,19436.45,13421000,6234500,35.9,94.9,784600,544700,0.0,-1.0,0.0,0.0,14.522485,14.79643,2023-08-01
13077,2023-08-02 14:17:00,19550.0,19436.45,8938100,2336250,23.05,132.0,419650,149600,0.0,-1.0,0.0,0.0,15.054921,15.3648,2023-08-01
18334,2023-08-02 14:17:00,19600.0,19436.45,17179650,5536300,15.1,174.0,719750,147050,0.0,-1.0,0.0,0.0,15.83056,16.200299,2023-08-01
23587,2023-08-02 14:17:00,19650.0,19436.45,11090150,1713550,9.85,219.1,497100,24150,0.0,-1.0,0.0,0.0,16.588948,17.233641,2023-08-01
28840,2023-08-02 14:17:00,19700.0,19436.45,15147850,2330800,7.2,265.4,602150,39950,0.0,-1.0,0.0,0.0,17.826841,18.02234,2023-08-01
26214,2023-08-02 14:18:00,19200.0,19434.5,136450,5578750,243.2,6.35,3950,338900,1.0,0.0,0.0,0.0,14.205531,16.590862,2023-08-01
20961,2023-08-02 14:18:00,19250.0,19434.5,63600,3463400,197.7,9.85,5050,235850,1.0,0.0,0.0,0.0,14.642245,15.736594,2023-08-01
15707,2023-08-02 14:18:00,19300.0,19434.5,674700,6750900,154.6,16.3,46700,504200,1.0,0.0,0.0,0.0,14.587869,15.224305,2023-08-01
10449,2023-08-02 14:18:00,19350.0,19434.5,412300,6048950,115.45,26.85,61900,388100,1.0,0.0,0.0,0.0,14.45305,14.873653,2023-08-01
5191,2023-08-02 14:18:00,19400.0,19434.5,3348600,8118300,81.85,43.65,279100,798100,1.0,0.0,0.0,0.0,14.366531,14.835103,2023-08-01
2560,2023-08-02 14:18:00,19450.0,19434.5,4862500,5703250,54.75,66.5,451250,581500,0.0,-1.0,0.0,0.0,14.321856,14.766224,2023-08-01
7821,2023-08-02 14:18:00,19500.0,19434.5,13421000,5918500,35.3,97.3,525050,404300,0.0,-1.0,0.0,0.0,14.549178,15.094905,2023-08-01
13078,2023-08-02 14:18:00,19550.0,19434.5,8938100,2307550,22.5,134.55,319800,129150,0.0,-1.0,0.0,0.0,15.038553,15.697074,2023-08-01
18335,2023-08-02 14:18:00,19600.0,19434.5,17179650,5514950,14.75,176.7,413300,102350,0.0,-1.0,0.0,0.0,15.828945,16.608044,2023-08-01
23588,2023-08-02 14:18:00,19650.0,19434.5,11090150,1688000,9.65,221.6,412350,58250,0.0,-1.0,0.0,0.0,16.607363,17.605138,2023-08-01
28841,2023-08-02 14:18:00,19700.0,19434.5,15147850,2323800,7.05,269.1,477750,30600,0.0,-1.0,0.0,0.0,17.841594,19.140071,2023-08-01
26215,2023-08-02 14:19:00,19200.0,19428.8,136450,5578750,236.0,6.9,12100,385650,1.0,0.0,0.0,0.0,12.349199,16.642822,2023-08-01
20962,2023-08-02 14:19:00,19250.0,19428.8,63600,3463400,190.55,10.8,12100,414500,1.0,0.0,0.0,0.0,13.541059,15.850126,2023-08-01
15708,2023-08-02 14:19:00,19300.0,19428.8,674700,6750900,148.15,18.0,101650,907950,1.0,0.0,0.0,0.0,13.943412,15.438552,2023-08-01
10450,2023-08-02 14:19:00,19350.0,19428.8,412300,6048950,109.3,29.8,75450,822700,1.0,0.0,0.0,0.0,13.877883,15.247746,2023-08-01
5192,2023-08-02 14:19:00,19400.0,19428.8,3348600,8118300,77.15,47.5,579350,1833400,1.0,0.0,0.0,0.0,14.054769,15.222447,2023-08-01
2561,2023-08-02 14:19:00,19450.0,19428.8,4862500,5703250,51.35,71.9,759350,1215500,0.0,-1.0,0.0,0.0,14.149158,15.343698,2023-08-01
7822,2023-08-02 14:19:00,19500.0,19428.8,13421000,5918500,32.8,103.85,1387300,933550,0.0,-1.0,0.0,0.0,14.407786,15.836725,2023-08-01
13079,2023-08-02 14:19:00,19550.0,19428.8,8938100,2307550,21.1,141.5,982100,362600,0.0,-1.0,0.0,0.0,15.029971,16.509437,2023-08-01
18336,2023-08-02 14:19:00,19600.0,19428.8,17179650,5514950,13.95,184.95,739250,218100,0.0,-1.0,0.0,0.0,15.887686,17.908657,2023-08-01
23589,2023-08-02 14:19:00,19650.0,19428.8,11090150,1688000,9.25,229.6,566250,191400,0.0,-1.0,0.0,0.0,16.734291,18.968864,2023-08-01
28842,2023-08-02 14:19:00,19700.0,19428.8,15147850,2323800,6.8,276.55,460850,90700,0.0,-1.0,0.0,0.0,17.98501,20.392588,2023-08-01
26216,2023-08-02 14:20:00,19200.0,19433.85,136450,5578750,244.55,6.5,11450,493400,1.0,0.0,0.0,0.0,15.783963,16.663461,2023-08-01
20963,2023-08-02 14:20:00,19250.0,19433.85,63750,3463400,197.85,9.85,3950,360300,1.0,0.0,0.0,0.0,15.032786,15.709018,2023-08-01
15709,2023-08-02 14:20:00,19300.0,19433.85,697600,6750900,154.75,16.55,58400,985550,1.0,0.0,0.0,0.0,14.850455,15.279512,2023-08-01
10451,2023-08-02 14:20:00,19350.0,19433.85,438150,6048950,115.5,27.2,70150,628150,1.0,0.0,0.0,0.0,14.614128,14.930853,2023-08-01
5193,2023-08-02 14:20:00,19400.0,19433.85,3555250,8118300,82.15,44.0,440850,1284200,1.0,0.0,0.0,0.0,14.550179,14.867083,2023-08-01
2562,2023-08-02 14:20:00,19450.0,19433.85,4990300,5703250,55.1,67.15,709750,767300,0.0,-1.0,0.0,0.0,14.490927,14.849522,2023-08-01
7823,2023-08-02 14:20:00,19500.0,19433.85,13639400,5918500,35.7,97.8,738200,630500,0.0,-1.0,0.0,0.0,14.722115,15.124147,2023-08-01
13080,2023-08-02 14:20:00,19550.0,19433.85,8550600,2307550,23.0,135.25,501250,155800,0.0,-1.0,0.0,0.0,15.250536,15.770148,2023-08-01
18337,2023-08-02 14:20:00,19600.0,19433.85,17176700,5514950,15.15,176.9,530600,229300,0.0,-1.0,0.0,0.0,16.033884,16.494037,2023-08-01
23590,2023-08-02 14:20:00,19650.0,19433.85,11259550,1688000,9.9,222.15,524600,39850,0.0,-1.0,0.0,0.0,16.779002,17.606172,2023-08-01
28843,2023-08-02 14:20:00,19700.0,19433.85,15057050,2323800,7.1,269.6,361050,43700,0.0,-1.0,0.0,0.0,17.918997,19.101208,2023-08-01
26217,2023-08-02 14:21:00,19200.0,19441.75,136750,5695250,249.2,6.4,14100,506500,1.0,0.0,0.0,0.0,13.243493,17.013672,2023-08-01
20964,2023-08-02 14:21:00,19250.0,19441.75,63750,3493050,202.3,9.7,12200,324350,1.0,0.0,0.0,0.0,13.50321,16.096387,2023-08-01
15710,2023-08-02 14:21:00,19300.0,19441.75,697600,6651650,158.45,16.0,80150,765500,1.0,0.0,0.0,0.0,13.742918,15.611371,2023-08-01
10452,2023-08-02 14:21:00,19350.0,19441.75,438150,5964400,119.0,26.1,87900,657500,1.0,0.0,0.0,0.0,13.937206,15.243195,2023-08-01
5194,2023-08-02 14:21:00,19400.0,19441.75,3555250,7944700,84.95,42.55,639800,1200550,1.0,0.0,0.0,0.0,14.035487,15.279099,2023-08-01
2563,2023-08-02 14:21:00,19450.0,19441.75,4990300,5672500,57.2,64.95,820550,867400,0.0,-1.0,0.0,0.0,14.081227,15.3045,2023-08-01
7824,2023-08-02 14:21:00,19500.0,19441.75,13639400,5777900,37.35,95.0,910150,716250,0.0,-1.0,0.0,0.0,14.427226,15.697645,2023-08-01
13081,2023-08-02 14:21:00,19550.0,19441.75,8550600,2226700,24.05,131.7,683100,217150,0.0,-1.0,0.0,0.0,14.974416,16.437858,2023-08-01
18338,2023-08-02 14:21:00,19600.0,19441.75,17176700,5457000,15.8,173.6,547650,254400,0.0,-1.0,0.0,0.0,15.767873,17.588825,2023-08-01
23591,2023-08-02 14:21:00,19650.0,19441.75,11259550,1550900,10.25,218.0,513600,41950,0.0,-1.0,0.0,0.0,16.500221,18.75149,2023-08-01
28844,2023-08-02 14:21:00,19700.0,19441.75,15057050,2294850,7.2,265.25,517700,81900,0.0,-1.0,0.0,0.0,17.572965,20.485909,2023-08-01
26218,2023-08-02 14:22:00,19200.0,19437.85,136750,5695250,247.65,6.45,10450,385050,1.0,0.0,0.0,0.0,15.326507,16.849798,2023-08-01
20965,2023-08-02 14:22:00,19250.0,19437.85,63750,3493050,201.5,9.7,13100,297350,1.0,0.0,0.0,0.0,15.090873,15.87775,2023-08-01
15711,2023-08-02 14:22:00,19300.0,19437.85,697600,6651650,157.65,16.0,62100,646100,1.0,0.0,0.0,0.0,14.718132,15.358448,2023-08-01
10453,2023-08-02 14:22:00,19350.0,19437.85,438150,5964400,118.25,26.4,67400,544950,1.0,0.0,0.0,0.0,14.578529,15.028669,2023-08-01
5195,2023-08-02 14:22:00,19400.0,19437.85,3555250,7944700,84.5,42.75,391200,1108000,1.0,0.0,0.0,0.0,14.539071,14.956844,2023-08-01
2564,2023-08-02 14:22:00,19450.0,19437.85,4990300,5672500,56.8,65.3,594500,691900,0.0,-1.0,0.0,0.0,14.44941,14.914319,2023-08-01
7825,2023-08-02 14:22:00,19500.0,19437.85,13639400,5777900,36.9,95.55,820300,703150,0.0,-1.0,0.0,0.0,14.677994,15.215659,2023-08-01
13082,2023-08-02 14:22:00,19550.0,19437.85,8550600,2226700,23.7,132.35,404700,164200,0.0,-1.0,0.0,0.0,15.172027,15.801011,2023-08-01
18339,2023-08-02 14:22:00,19600.0,19437.85,17176700,5457000,15.5,174.5,527900,161950,0.0,-1.0,0.0,0.0,15.917217,16.818414,2023-08-01
23592,2023-08-02 14:22:00,19650.0,19437.85,11259550,1550900,10.05,218.8,384800,30550,0.0,-1.0,0.0,0.0,16.634579,17.672964,2023-08-01
28845,2023-08-02 14:22:00,19700.0,19437.85,15057050,2294850,7.05,265.55,382200,33500,0.0,-1.0,0.0,0.0,17.690939,18.864637,2023-08-01
26219,2023-08-02 14:23:00,19200.0,19437.25,136750,5695250,247.6,6.5,6500,262850,1.0,0.0,0.0,0.0,15.723667,16.85611,2023-08-01
20966,2023-08-02 14:23:00,19250.0,19437.25,71150,3493050,199.85,9.9,500,155450,1.0,0.0,0.0,0.0,14.502512,15.944381,2023-08-01
15712,2023-08-02 14:23:00,19300.0,19437.25,694950,6651650,156.6,16.4,21600,371400,1.0,0.0,0.0,0.0,14.515479,15.467734,2023-08-01
10454,2023-08-02 14:23:00,19350.0,19437.25,463500,5964400,117.25,26.9,52300,382050,1.0,0.0,0.0,0.0,14.420439,15.129917,2023-08-01
5196,2023-08-02 14:23:00,19400.0,19437.25,3564050,7944700,83.95,43.45,324750,561250,1.0,0.0,0.0,0.0,14.498836,15.078209,2023-08-01
2565,2023-08-02 14:23:00,19450.0,19437.25,5069400,5672500,56.3,66.05,385750,360400,0.0,-1.0,0.0,0.0,14.404006,15.024955,2023-08-01
7826,2023-08-02 14:23:00,19500.0,19437.25,13591000,5777900,36.75,96.75,513500,315050,0.0,-1.0,0.0,0.0,14.699691,15.429549,2023-08-01
13083,2023-08-02 14:23:00,19550.0,19437.25,8495500,2226700,23.55,133.75,249550,66950,0.0,-1.0,0.0,0.0,15.177571,16.087916,2023-08-01
18340,2023-08-02 14:23:00,19600.0,19437.25,17169350,5457000,15.5,175.35,334900,73550,0.0,-1.0,0.0,0.0,15.96182,16.952139,2023-08-01
23593,2023-08-02 14:23:00,19650.0,19437.25,11219700,1550900,10.1,220.25,340700,15100,0.0,-1.0,0.0,0.0,16.698977,18.088366,2023-08-01
28846,2023-08-02 14:23:00,19700.0,19437.25,15057050,2294850,7.05,267.0,295450,38750,0.0,-1.0,0.0,0.0,17.728391,19.364653,2023-08-01
26220,2023-08-02 14:24:00,19200.0,19433.4,142850,5742400,243.3,6.55,5750,143350,1.0,0.0,0.0,0.0,15.202215,16.693044,2023-08-01
20967,2023-08-02 14:24:00,19250.0,19433.4,71150,3571600,198.35,10.0,2400,193700,1.0,0.0,0.0,0.0,15.503848,15.774095,2023-08-01
15713,2023-08-02 14:24:00,19300.0,19433.4,694950,6798400,154.9,16.7,27300,343650,1.0,0.0,0.0,0.0,15.061565,15.321837,2023-08-01
10455,2023-08-02 14:24:00,19350.0,19433.4,463500,5902850,115.3,27.4,26900,321800,1.0,0.0,0.0,0.0,14.672455,14.970359,2023-08-01
5197,2023-08-02 14:24:00,19400.0,19433.4,3564050,7958200,82.55,44.35,221950,518000,1.0,0.0,0.0,0.0,14.739092,14.927833,2023-08-01
2566,2023-08-02 14:24:00,19450.0,19433.4,5069400,5770050,55.2,67.15,311600,296450,0.0,-1.0,0.0,0.0,14.587409,14.810146,2023-08-01
7827,2023-08-02 14:24:00,19500.0,19433.4,13591000,5706650,35.85,97.95,427250,294250,0.0,-1.0,0.0,0.0,14.822724,15.10494,2023-08-01
13084,2023-08-02 14:24:00,19550.0,19433.4,8495500,2199300,23.05,135.05,185250,55300,0.0,-1.0,0.0,0.0,15.320884,15.625521,2023-08-01
18341,2023-08-02 14:24:00,19600.0,19433.4,17169350,5498150,15.0,176.8,304550,79300,0.0,-1.0,0.0,0.0,16.028129,16.336026,2023-08-01
23594,2023-08-02 14:24:00,19650.0,19433.4,11219700,1555700,9.8,222.05,242000,16700,0.0,-1.0,0.0,0.0,16.778557,17.394236,2023-08-01
28847,2023-08-02 14:24:00,19700.0,19433.4,15001150,2253750,7.0,269.0,143050,50350,0.0,-1.0,0.0,0.0,17.904235,18.54076,2023-08-01
26221,2023-08-02 14:25:00,19200.0,19435.0,142850,5742400,247.05,6.4,6600,294500,1.0,0.0,0.0,0.0,16.783706,16.686095,2023-08-01
20968,2023-08-02 14:25:00,19250.0,19435.0,71150,3571600,200.2,9.8,7700,259550,1.0,0.0,0.0,0.0,15.723322,15.776673,2023-08-01
15714,2023-08-02 14:25:00,19300.0,19435.0,694950,6798400,155.4,16.35,41200,488400,1.0,0.0,0.0,0.0,14.773282,15.309279,2023-08-01
10456,2023-08-02 14:25:00,19350.0,19435.0,463500,5902850,116.15,26.7,61800,559550,1.0,0.0,0.0,0.0,14.589323,14.903021,2023-08-01
5198,2023-08-02 14:25:00,19400.0,19435.0,3564050,7958200,82.85,43.55,287000,952100,1.0,0.0,0.0,0.0,14.577985,14.891405,2023-08-01
2567,2023-08-02 14:25:00,19450.0,19435.0,5069400,5770050,55.45,66.35,501600,689450,0.0,-1.0,0.0,0.0,14.469662,14.824206,2023-08-01
7828,2023-08-02 14:25:00,19500.0,19435.0,13591000,5706650,35.8,96.8,609200,534650,0.0,-1.0,0.0,0.0,14.66987,15.079866,2023-08-01
13085,2023-08-02 14:25:00,19550.0,19435.0,8495500,2199300,22.95,134.1,363200,126350,0.0,-1.0,0.0,0.0,15.175677,15.704653,2023-08-01
18342,2023-08-02 14:25:00,19600.0,19435.0,17169350,5498150,15.0,175.8,360200,146050,0.0,-1.0,0.0,0.0,15.93041,16.458728,2023-08-01
23595,2023-08-02 14:25:00,19650.0,19435.0,11219700,1555700,9.75,220.55,262350,34400,0.0,-1.0,0.0,0.0,16.66837,17.351952,2023-08-01
28848,2023-08-02 14:25:00,19700.0,19435.0,15001150,2253750,6.95,268.15,243500,34650,0.0,-1.0,0.0,0.0,17.795362,18.892418,2023-08-01
26222,2023-08-02 14:26:00,19200.0,19435.45,142850,5742400,246.0,6.25,7750,545550,1.0,0.0,0.0,0.0,15.80299,16.617941,2023-08-01
20969,2023-08-02 14:26:00,19250.0,19435.45,71150,3571600,200.0,9.65,3400,273150,1.0,0.0,0.0,0.0,15.438822,15.735625,2023-08-01
15715,2023-08-02 14:26:00,19300.0,19435.45,706500,6798400,156.65,16.2,51200,437450,1.0,0.0,0.0,0.0,15.101763,15.290354,2023-08-01
10457,2023-08-02 14:26:00,19350.0,19435.45,497450,5902850,117.15,26.55,76550,405550,1.0,0.0,0.0,0.0,14.789291,14.900429,2023-08-01
5199,2023-08-02 14:26:00,19400.0,19435.45,3595650,7958200,83.1,43.25,279100,827450,1.0,0.0,0.0,0.0,14.577522,14.865371,2023-08-01
2568,2023-08-02 14:26:00,19450.0,19435.45,5130950,5770050,55.75,65.85,484950,514550,0.0,-1.0,0.0,0.0,14.495489,14.764679,2023-08-01
7829,2023-08-02 14:26:00,19500.0,19435.45,13669050,5706650,36.1,96.3,548400,374050,0.0,-1.0,0.0,0.0,14.711952,15.030104,2023-08-01
13086,2023-08-02 14:26:00,19550.0,19435.45,8515300,2199300,23.05,133.4,423450,135950,0.0,-1.0,0.0,0.0,15.177679,15.599604,2023-08-01
18343,2023-08-02 14:26:00,19600.0,19435.45,17093600,5498150,15.05,175.1,438800,106250,0.0,-1.0,0.0,0.0,15.925825,16.341055,2023-08-01
23596,2023-08-02 14:26:00,19650.0,19435.45,11135000,1555700,9.85,220.3,455450,26250,0.0,-1.0,0.0,0.0,16.697629,17.422843,2023-08-01
28849,2023-08-02 14:26:00,19700.0,19435.45,15102300,2253750,6.95,267.1,377650,33000,0.0,-1.0,0.0,0.0,17.777986,18.527611,2023-08-01
26223,2023-08-02 14:27:00,19200.0,19434.75,142900,5662500,247.4,6.25,5450,336400,1.0,0.0,0.0,0.0,17.158545,16.587068,2023-08-01
20970,2023-08-02 14:27:00,19250.0,19434.75,66550,3621300,201.3,9.75,10850,410100,1.0,0.0,0.0,0.0,16.354259,15.748326,2023-08-01
15716,2023-08-02 14:27:00,19300.0,19434.75,706500,6841600,157.5,16.2,57850,550450,1.0,0.0,0.0,0.0,15.615582,15.248429,2023-08-01
10458,2023-08-02 14:27:00,19350.0,19434.75,497450,5942200,117.85,26.65,81900,625450,1.0,0.0,0.0,0.0,15.140523,14.878066,2023-08-01
5200,2023-08-02 14:27:00,19400.0,19434.75,3595650,8005400,84.2,43.3,315000,1321450,1.0,0.0,0.0,0.0,14.964094,14.813424,2023-08-01
2569,2023-08-02 14:27:00,19450.0,19434.75,5130950,5854050,56.6,65.95,473050,649550,0.0,-1.0,0.0,0.0,14.786763,14.704881,2023-08-01
7830,2023-08-02 14:27:00,19500.0,19434.75,13669050,5750800,36.75,96.5,1022800,592300,0.0,-1.0,0.0,0.0,14.949567,14.969109,2023-08-01
13087,2023-08-02 14:27:00,19550.0,19434.75,8515300,2184550,23.65,133.35,703050,177200,0.0,-1.0,0.0,0.0,15.4183,15.430349,2023-08-01
18344,2023-08-02 14:27:00,19600.0,19434.75,17093600,5501500,15.45,175.35,601350,160250,0.0,-1.0,0.0,0.0,16.127963,16.223384,2023-08-01
23597,2023-08-02 14:27:00,19650.0,19434.75,11135000,1551700,10.1,219.85,319700,32900,0.0,-1.0,0.0,0.0,16.865757,16.923196,2023-08-01
28850,2023-08-02 14:27:00,19700.0,19434.75,15102300,2225600,7.05,266.9,328200,33350,0.0,-1.0,0.0,0.0,17.88359,18.028401,2023-08-01
26224,2023-08-02 14:28:00,19200.0,19435.9,142900,5662500,249.0,6.35,4400,236550,1.0,0.0,0.0,0.0,17.497528,16.716688,2023-08-01
20971,2023-08-02 14:28:00,19250.0,19435.9,66550,3621300,203.25,9.75,9450,330950,1.0,0.0,0.0,0.0,16.790048,15.819803,2023-08-01
15717,2023-08-02 14:28:00,19300.0,19435.9,706500,6841600,159.2,16.15,54200,394700,1.0,0.0,0.0,0.0,15.893102,15.312066,2023-08-01
10459,2023-08-02 14:28:00,19350.0,19435.9,497450,5942200,119.25,26.2,66250,442750,1.0,0.0,0.0,0.0,15.309914,14.844683,2023-08-01
5201,2023-08-02 14:28:00,19400.0,19435.9,3595650,8005400,85.6,42.9,272500,785850,1.0,0.0,0.0,0.0,15.145721,14.831198,2023-08-01
2570,2023-08-02 14:28:00,19450.0,19435.9,5130950,5854050,57.85,65.2,424350,414900,0.0,-1.0,0.0,0.0,14.961302,14.673199,2023-08-01
7831,2023-08-02 14:28:00,19500.0,19435.9,13669050,5750800,37.6,95.25,549800,353700,0.0,-1.0,0.0,0.0,15.06947,14.842384,2023-08-01
13088,2023-08-02 14:28:00,19550.0,19435.9,8515300,2184550,24.2,131.55,297800,87300,0.0,-1.0,0.0,0.0,15.502971,15.150178,2023-08-01
18345,2023-08-02 14:28:00,19600.0,19435.9,17093600,5501500,15.9,173.1,464650,93950,0.0,-1.0,0.0,0.0,16.227144,15.7364,2023-08-01
23598,2023-08-02 14:28:00,19650.0,19435.9,11135000,1551700,10.25,218.25,308150,24450,0.0,-1.0,0.0,0.0,16.878129,16.641383,2023-08-01
28851,2023-08-02 14:28:00,19700.0,19435.9,15102300,2225600,7.2,264.75,369500,32050,0.0,-1.0,0.0,0.0,17.923024,17.333138,2023-08-01
26225,2023-08-02 14:29:00,19200.0,19443.35,143450,5662500,256.3,6.05,18300,379550,1.0,0.0,0.0,0.0,17.81126,16.908588,2023-08-01
20972,2023-08-02 14:29:00,19250.0,19443.35,66550,3621300,208.35,9.25,12800,308750,1.0,0.0,0.0,0.0,16.13266,16.00687,2023-08-01
15718,2023-08-02 14:29:00,19300.0,19443.35,708950,6841600,164.95,15.05,113150,878000,1.0,0.0,0.0,0.0,15.789312,15.404321,2023-08-01
10460,2023-08-02 14:29:00,19350.0,19443.35,584050,5942200,124.9,24.55,166850,689200,1.0,0.0,0.0,0.0,15.384544,14.94979,2023-08-01
5202,2023-08-02 14:29:00,19400.0,19443.35,3606250,8005400,89.8,40.05,582550,1419400,1.0,0.0,0.0,0.0,15.055291,14.836833,2023-08-01
2571,2023-08-02 14:29:00,19450.0,19443.35,5150900,5854050,61.05,61.25,806050,857150,0.0,-1.0,0.0,0.0,14.859417,14.643191,2023-08-01
7832,2023-08-02 14:29:00,19500.0,19443.35,13788050,5750800,40.0,90.3,942500,687650,0.0,-1.0,0.0,0.0,14.993907,14.794976,2023-08-01
13089,2023-08-02 14:29:00,19550.0,19443.35,8230900,2184550,25.75,126.0,579300,186450,0.0,-1.0,0.0,0.0,15.395823,15.155084,2023-08-01
18346,2023-08-02 14:29:00,19600.0,19443.35,16899700,5501500,16.75,167.0,631250,225300,0.0,-1.0,0.0,0.0,16.052415,15.760171,2023-08-01
23599,2023-08-02 14:29:00,19650.0,19443.35,11033450,1551700,10.8,211.05,336200,41800,0.0,-1.0,0.0,0.0,16.712033,16.338738,2023-08-01
28852,2023-08-02 14:29:00,19700.0,19443.35,14987550,2225600,7.55,257.9,369100,66300,0.0,-1.0,0.0,0.0,17.748604,17.33599,2023-08-01
26226,2023-08-02 14:30:00,19200.0,19448.05,143450,5628050,259.9,5.6,17550,599900,1.0,0.0,0.0,0.0,17.369202,16.844006,2023-08-01
20973,2023-08-02 14:30:00,19250.0,19448.05,72100,3665150,211.85,8.5,12450,588300,1.0,0.0,0.0,0.0,15.792536,15.893869,2023-08-01
15719,2023-08-02 14:30:00,19300.0,19448.05,708950,6881100,167.4,14.0,152900,1357400,1.0,0.0,0.0,0.0,15.252079,15.313089,2023-08-01
10461,2023-08-02 14:30:00,19350.0,19448.05,584050,6207250,127.05,22.8,154000,1067300,1.0,0.0,0.0,0.0,14.993614,14.78799,2023-08-01
5203,2023-08-02 14:30:00,19400.0,19448.05,3606250,8086600,91.2,37.4,901650,1965900,1.0,0.0,0.0,0.0,14.660238,14.605145,2023-08-01
2572,2023-08-02 14:30:00,19450.0,19448.05,5150900,5963050,62.05,58.35,1330650,1464950,0.0,-1.0,0.0,0.0,14.53352,14.509386,2023-08-01
7833,2023-08-02 14:30:00,19500.0,19448.05,13788050,5730350,40.55,86.85,1687500,1156100,0.0,-1.0,0.0,0.0,14.688954,14.66732,2023-08-01
13090,2023-08-02 14:30:00,19550.0,19448.05,8230900,2171150,25.9,122.65,979200,269500,0.0,-1.0,0.0,0.0,15.076747,15.186582,2023-08-01
18347,2023-08-02 14:30:00,19600.0,19448.05,16899700,5555550,16.85,162.9,1074000,354150,0.0,-1.0,0.0,0.0,15.779501,15.669535,2023-08-01
23600,2023-08-02 14:30:00,19650.0,19448.05,11033450,1551250,10.95,207.65,541400,91000,0.0,-1.0,0.0,0.0,16.511182,16.674094,2023-08-01
28853,2023-08-02 14:30:00,19700.0,19448.05,14987550,2229100,7.6,253.9,463900,108300,0.0,-1.0,0.0,0.0,17.534018,17.517057,2023-08-01
26227,2023-08-02 14:31:00,19200.0,19452.3,143450,5628050,263.65,5.5,7550,282100,1.0,0.0,0.0,0.0,17.256422,16.992468,2023-08-01
20974,2023-08-02 14:31:00,19250.0,19452.3,72100,3665150,215.7,8.3,5500,181050,1.0,0.0,0.0,0.0,15.82034,16.029948,2023-08-01
15720,2023-08-02 14:31:00,19300.0,19452.3,708950,6881100,170.45,13.5,48600,470200,1.0,0.0,0.0,0.0,15.051041,15.392689,2023-08-01
10462,2023-08-02 14:31:00,19350.0,19452.3,584050,6207250,129.35,22.0,69550,458300,1.0,0.0,0.0,0.0,14.720956,14.86593,2023-08-01
5204,2023-08-02 14:31:00,19400.0,19452.3,3606250,8086600,93.75,36.4,378550,860250,1.0,0.0,0.0,0.0,14.616755,14.741957,2023-08-01
2573,2023-08-02 14:31:00,19450.0,19452.3,5150900,5963050,63.85,56.6,660950,670100,1.0,0.0,0.0,0.0,14.443166,14.587276,2023-08-01
7834,2023-08-02 14:31:00,19500.0,19452.3,13788050,5730350,41.9,84.75,1080750,488300,0.0,-1.0,0.0,0.0,14.619825,14.79772,2023-08-01
13091,2023-08-02 14:31:00,19550.0,19452.3,8230900,2171150,26.65,119.4,593200,123100,0.0,-1.0,0.0,0.0,14.961506,15.140287,2023-08-01
18348,2023-08-02 14:31:00,19600.0,19452.3,16899700,5555550,17.3,160.05,558650,209750,0.0,-1.0,0.0,0.0,15.657547,15.880784,2023-08-01
23601,2023-08-02 14:31:00,19650.0,19452.3,11033450,1551250,11.2,204.0,319050,60400,0.0,-1.0,0.0,0.0,16.37933,16.693004,2023-08-01
28854,2023-08-02 14:31:00,19700.0,19452.3,14987550,2229100,7.75,250.45,328150,37750,0.0,-1.0,0.0,0.0,17.400419,17.753261,2023-08-01
26228,2023-08-02 14:32:00,19200.0,19448.85,143450,5628050,257.0,5.8,5200,226050,1.0,0.0,0.0,0.0,14.443996,17.034999,2023-08-01
20975,2023-08-02 14:32:00,19250.0,19448.85,72100,3665150,211.4,8.8,9450,208850,1.0,0.0,0.0,0.0,15.166486,16.104752,2023-08-01
15721,2023-08-02 14:32:00,19300.0,19448.85,708950,6881100,165.05,14.4,53550,470600,1.0,0.0,0.0,0.0,14.034316,15.528637,2023-08-01
10463,2023-08-02 14:32:00,19350.0,19448.85,584050,6207250,124.7,23.55,49500,496750,1.0,0.0,0.0,0.0,14.097536,15.085401,2023-08-01
5205,2023-08-02 14:32:00,19400.0,19448.85,3606250,8086600,89.45,38.7,428800,1120750,1.0,0.0,0.0,0.0,14.086723,15.022801,2023-08-01
2574,2023-08-02 14:32:00,19450.0,19448.85,5150900,5963050,60.65,59.95,641500,708800,0.0,-1.0,0.0,0.0,14.106996,14.998939,2023-08-01
7835,2023-08-02 14:32:00,19500.0,19448.85,13788050,5730350,39.45,88.95,999800,553000,0.0,-1.0,0.0,0.0,14.344463,15.328672,2023-08-01
13092,2023-08-02 14:32:00,19550.0,19448.85,8230900,2171150,25.2,124.35,423850,151050,0.0,-1.0,0.0,0.0,14.820581,15.849663,2023-08-01
18349,2023-08-02 14:32:00,19600.0,19448.85,16899700,5555550,16.4,165.95,519900,205750,0.0,-1.0,0.0,0.0,15.57563,16.962046,2023-08-01
23602,2023-08-02 14:32:00,19650.0,19448.85,11033450,1551250,10.65,209.85,349800,40000,0.0,-1.0,0.0,0.0,16.337092,17.932643,2023-08-01
28855,2023-08-02 14:32:00,19700.0,19448.85,14987550,2229100,7.45,256.0,259100,64050,0.0,-1.0,0.0,0.0,17.414329,19.07315,2023-08-01
26229,2023-08-02 14:33:00,19200.0,19446.5,143700,5654450,255.7,5.8,5550,156550,1.0,0.0,0.0,0.0,15.335962,16.921111,2023-08-01
20976,2023-08-02 14:33:00,19250.0,19446.5,70400,3623200,208.45,8.8,800,265100,1.0,0.0,0.0,0.0,14.699866,15.977734,2023-08-01
15722,2023-08-02 14:33:00,19300.0,19446.5,699450,6800450,164.35,14.5,49350,433450,1.0,0.0,0.0,0.0,14.578812,15.420405,2023-08-01
10464,2023-08-02 14:33:00,19350.0,19446.5,542550,6289700,123.15,23.8,33050,339700,1.0,0.0,0.0,0.0,14.176944,14.986626,2023-08-01
5206,2023-08-02 14:33:00,19400.0,19446.5,3468500,8142600,88.55,39.0,205050,675250,1.0,0.0,0.0,0.0,14.249734,14.884863,2023-08-01
2575,2023-08-02 14:33:00,19450.0,19446.5,5156400,6014150,59.9,60.35,478800,484400,0.0,-1.0,0.0,0.0,14.22065,14.821879,2023-08-01
7836,2023-08-02 14:33:00,19500.0,19446.5,13417850,5682250,38.9,89.7,504100,293050,0.0,-1.0,0.0,0.0,14.435724,15.158305,2023-08-01
13093,2023-08-02 14:33:00,19550.0,19446.5,8621500,2155250,24.65,125.7,332400,90200,0.0,-1.0,0.0,0.0,14.848326,15.755928,2023-08-01
18350,2023-08-02 14:33:00,19600.0,19446.5,17092050,5554150,16.0,167.1,367300,163400,0.0,-1.0,0.0,0.0,15.592968,16.719746,2023-08-01
23603,2023-08-02 14:33:00,19650.0,19446.5,11039050,1528000,10.4,211.45,269300,30250,0.0,-1.0,0.0,0.0,16.363538,17.766937,2023-08-01
28856,2023-08-02 14:33:00,19700.0,19446.5,15075950,2219700,7.3,258.0,222300,41150,0.0,-1.0,0.0,0.0,17.45519,19.028599,2023-08-01
26230,2023-08-02 14:34:00,19200.0,19448.95,143700,5654450,261.4,5.65,3100,294750,1.0,0.0,0.0,0.0,17.835917,16.946423,2023-08-01
20977,2023-08-02 14:34:00,19250.0,19448.95,70400,3623200,213.5,8.45,1450,195500,1.0,0.0,0.0,0.0,16.260167,15.938339,2023-08-01
15723,2023-08-02 14:34:00,19300.0,19448.95,699450,6800450,169.65,13.75,35350,338300,1.0,0.0,0.0,0.0,15.853072,15.292805,2023-08-01
10465,2023-08-02 14:34:00,19350.0,19448.95,542550,6289700,128.1,22.3,41500,328900,1.0,0.0,0.0,0.0,15.130739,14.72175,2023-08-01
5207,2023-08-02 14:34:00,19400.0,19448.95,3468500,8142600,92.65,36.9,289150,739950,1.0,0.0,0.0,0.0,14.907408,14.577677,2023-08-01
2576,2023-08-02 14:34:00,19450.0,19448.95,5156400,6014150,63.05,57.35,498850,509600,0.0,-1.0,0.0,0.0,14.685039,14.391408,2023-08-01
7837,2023-08-02 14:34:00,19500.0,19448.95,13417850,5682250,41.15,85.6,629350,429000,0.0,-1.0,0.0,0.0,14.774311,14.509213,2023-08-01
13094,2023-08-02 14:34:00,19550.0,19448.95,8621500,2155250,26.2,120.6,287200,94800,0.0,-1.0,0.0,0.0,15.11406,14.797995,2023-08-01
18351,2023-08-02 14:34:00,19600.0,19448.95,17092050,5554150,16.95,161.4,432800,155900,0.0,-1.0,0.0,0.0,15.776698,15.409251,2023-08-01
23604,2023-08-02 14:34:00,19650.0,19448.95,11039050,1528000,10.9,205.85,195700,35700,0.0,-1.0,0.0,0.0,16.458033,16.22233,2023-08-01
28857,2023-08-02 14:34:00,19700.0,19448.95,15075950,2219700,7.55,252.0,230550,31600,0.0,-1.0,0.0,0.0,17.480504,16.871916,2023-08-01
26231,2023-08-02 14:35:00,19200.0,19447.7,143700,5654450,259.25,5.8,5600,198150,1.0,0.0,0.0,0.0,17.191014,16.993076,2023-08-01
20978,2023-08-02 14:35:00,19250.0,19447.7,70400,3623200,211.6,8.7,2750,166800,1.0,0.0,0.0,0.0,15.860689,16.003913,2023-08-01
15724,2023-08-02 14:35:00,19300.0,19447.7,699450,6800450,166.6,14.25,78750,476350,1.0,0.0,0.0,0.0,15.0851,15.411679,2023-08-01
10466,2023-08-02 14:35:00,19350.0,19447.7,542550,6289700,125.45,23.3,171550,465000,1.0,0.0,0.0,0.0,14.616094,14.936607,2023-08-01
5208,2023-08-02 14:35:00,19400.0,19447.7,3468500,8142600,90.45,38.2,305850,741200,1.0,0.0,0.0,0.0,14.55223,14.801114,2023-08-01
2577,2023-08-02 14:35:00,19450.0,19447.7,5156400,6014150,61.5,59.2,636650,561700,0.0,-1.0,0.0,0.0,14.47031,14.695503,2023-08-01
7838,2023-08-02 14:35:00,19500.0,19447.7,13417850,5682250,39.9,87.95,905700,397500,0.0,-1.0,0.0,0.0,14.584598,14.912289,2023-08-01
13095,2023-08-02 14:35:00,19550.0,19447.7,8621500,2155250,25.55,123.65,632050,113350,0.0,-1.0,0.0,0.0,15.028922,15.424074,2023-08-01
18352,2023-08-02 14:35:00,19600.0,19447.7,17092050,5554150,16.65,164.5,512200,127700,0.0,-1.0,0.0,0.0,15.758931,16.158691,2023-08-01
23605,2023-08-02 14:35:00,19650.0,19447.7,11039050,1528000,10.75,209.4,283750,28850,0.0,-1.0,0.0,0.0,16.468121,17.337555,2023-08-01
28858,2023-08-02 14:35:00,19700.0,19447.7,15075950,2219700,7.5,255.4,235800,41600,0.0,-1.0,0.0,0.0,17.523558,18.216268,2023-08-01
26232,2023-08-02 14:36:00,19200.0,19453.6,146000,5757750,262.65,5.35,9150,609500,1.0,0.0,0.0,0.0,15.565295,16.97676,2023-08-01
20979,2023-08-02 14:36:00,19250.0,19453.6,70200,3649400,215.0,7.95,5150,415950,1.0,0.0,0.0,0.0,14.764307,15.938807,2023-08-01
15725,2023-08-02 14:36:00,19300.0,19453.6,710550,6748600,170.7,13.1,114300,835900,1.0,0.0,0.0,0.0,14.730579,15.339733,2023-08-01
10467,2023-08-02 14:36:00,19350.0,19453.6,500450,6308550,129.2,21.5,106400,851000,1.0,0.0,0.0,0.0,14.390369,14.830537,2023-08-01
5209,2023-08-02 14:36:00,19400.0,19453.6,3468200,8247300,93.6,35.6,625850,1454750,1.0,0.0,0.0,0.0,14.383578,14.674755,2023-08-01
2578,2023-08-02 14:36:00,19450.0,19453.6,5216800,6104100,63.5,55.95,1062700,1062500,1.0,0.0,0.0,0.0,14.219867,14.601998,2023-08-01
7839,2023-08-02 14:36:00,19500.0,19453.6,13637500,5772800,41.25,83.9,1351550,679750,0.0,-1.0,0.0,0.0,14.354984,14.803685,2023-08-01
13096,2023-08-02 14:36:00,19550.0,19453.6,8506900,2131400,26.45,118.8,639650,186600,0.0,-1.0,0.0,0.0,14.826556,15.256518,2023-08-01
18353,2023-08-02 14:36:00,19600.0,19453.6,17132450,5557200,17.25,159.9,900000,165800,0.0,-1.0,0.0,0.0,15.579032,16.208896,2023-08-01
23606,2023-08-02 14:36:00,19650.0,19453.6,11062600,1523750,11.05,204.2,417550,45950,0.0,-1.0,0.0,0.0,16.262646,17.281782,2023-08-01
28859,2023-08-02 14:36:00,19700.0,19453.6,15102800,2199150,7.65,250.3,441450,41000,0.0,-1.0,0.0,0.0,17.302262,18.32997,2023-08-01
26233,2023-08-02 14:37:00,19200.0,19457.65,146000,5757750,267.85,4.75,8550,403700,1.0,0.0,0.0,0.0,16.728244,16.73067,2023-08-01
20980,2023-08-02 14:37:00,19250.0,19457.65,70200,3649400,219.45,7.2,4800,407050,1.0,0.0,0.0,0.0,15.231695,15.745064,2023-08-01
15726,2023-08-02 14:37:00,19300.0,19457.65,710550,6748600,174.45,11.85,107250,791200,1.0,0.0,0.0,0.0,14.85833,15.083452,2023-08-01
10468,2023-08-02 14:37:00,19350.0,19457.65,500450,6308550,131.9,19.65,82450,615300,1.0,0.0,0.0,0.0,14.255698,14.545513,2023-08-01
5210,2023-08-02 14:37:00,19400.0,19457.65,3468200,8247300,95.4,33.25,548550,1207850,1.0,0.0,0.0,0.0,14.156764,14.424596,2023-08-01
2579,2023-08-02 14:37:00,19450.0,19457.65,5216800,6104100,65.05,53.0,667000,849650,1.0,0.0,0.0,0.0,14.078671,14.351564,2023-08-01
7840,2023-08-02 14:37:00,19500.0,19457.65,13637500,5772800,42.5,80.5,1039450,614000,0.0,-1.0,0.0,0.0,14.269334,14.565109,2023-08-01
13097,2023-08-02 14:37:00,19550.0,19457.65,8506900,2131400,27.15,115.15,521650,189650,0.0,-1.0,0.0,0.0,14.704903,15.044433,2023-08-01
18354,2023-08-02 14:37:00,19600.0,19457.65,17132450,5557200,17.6,155.4,621500,251600,0.0,-1.0,0.0,0.0,15.429753,15.778939,2023-08-01
23607,2023-08-02 14:37:00,19650.0,19457.65,11062600,1523750,11.4,199.95,347200,40050,0.0,-1.0,0.0,0.0,16.183657,16.95295,2023-08-01
28860,2023-08-02 14:37:00,19700.0,19457.65,15102800,2199150,7.75,245.85,337050,48700,0.0,-1.0,0.0,0.0,17.14815,17.895833,2023-08-01
26234,2023-08-02 14:38:00,19200.0,19461.3,146000,5757750,265.6,4.55,11950,527950,,0.0,,0.0,0.0,16.756015,2023-08-01
20981,2023-08-02 14:38:00,19250.0,19461.3,70200,3649400,218.7,6.95,4750,478700,1.0,0.0,0.0,0.0,11.936906,15.801107,2023-08-01
15727,2023-08-02 14:38:00,19300.0,19461.3,710550,6748600,173.0,11.65,80450,754050,1.0,0.0,0.0,0.0,12.638594,15.227612,2023-08-01
10469,2023-08-02 14:38:00,19350.0,19461.3,500450,6308550,130.6,19.5,65700,799050,1.0,0.0,0.0,0.0,12.832372,14.764626,2023-08-01
5211,2023-08-02 14:38:00,19400.0,19461.3,3468200,8247300,94.6,33.15,504400,1113050,1.0,0.0,0.0,0.0,13.281643,14.724466,2023-08-01
2580,2023-08-02 14:38:00,19450.0,19461.3,5216800,6104100,64.4,52.95,732750,906800,1.0,0.0,0.0,0.0,13.443412,14.750919,2023-08-01
7841,2023-08-02 14:38:00,19500.0,19461.3,13637500,5772800,42.0,80.85,1124300,626900,0.0,-1.0,0.0,0.0,13.781272,15.188259,2023-08-01
13098,2023-08-02 14:38:00,19550.0,19461.3,8506900,2131400,26.65,115.5,492750,143500,0.0,-1.0,0.0,0.0,14.27175,15.85539,2023-08-01
18355,2023-08-02 14:38:00,19600.0,19461.3,17132450,5557200,17.25,156.0,698300,226050,0.0,-1.0,0.0,0.0,15.063286,16.927217,2023-08-01
23608,2023-08-02 14:38:00,19650.0,19461.3,11062600,1523750,11.25,200.55,323700,36800,0.0,-1.0,0.0,0.0,15.903733,18.419878,2023-08-01
28861,2023-08-02 14:38:00,19700.0,19461.3,15102800,2199150,7.7,246.95,397200,61600,0.0,-1.0,0.0,0.0,16.928049,20.005524,2023-08-01
26235,2023-08-02 14:39:00,19200.0,19466.8,141500,5612900,269.25,4.35,9050,324550,,0.0,,0.0,0.0,16.864268,2023-08-01
20982,2023-08-02 14:39:00,19250.0,19466.8,68100,3513250,221.4,6.55,8900,389250,,0.0,,0.0,0.0,15.858797,2023-08-01
15728,2023-08-02 14:39:00,19300.0,19466.8,704450,6708500,175.8,10.95,67150,1155000,1.0,0.0,0.0,0.0,11.24459,15.262397,2023-08-01
10470,2023-08-02 14:39:00,19350.0,19466.8,478950,6257550,133.35,18.35,77900,777100,1.0,0.0,0.0,0.0,12.175934,14.781332,2023-08-01
5212,2023-08-02 14:39:00,19400.0,19466.8,3329000,8299200,96.65,31.45,507450,1532800,1.0,0.0,0.0,0.0,12.79156,14.749331,2023-08-01
2581,2023-08-02 14:39:00,19450.0,19466.8,5135000,6172100,65.6,50.8,771550,1003500,1.0,0.0,0.0,0.0,12.991277,14.831588,2023-08-01
7842,2023-08-02 14:39:00,19500.0,19466.8,13586350,5728200,42.95,78.0,1198850,700950,0.0,-1.0,0.0,0.0,13.455101,15.26938,2023-08-01
13099,2023-08-02 14:39:00,19550.0,19466.8,8533800,2092100,27.25,112.6,630950,179650,0.0,-1.0,0.0,0.0,13.992818,16.094595,2023-08-01
18356,2023-08-02 14:39:00,19600.0,19466.8,17154650,5582050,17.55,152.7,627300,228050,0.0,-1.0,0.0,0.0,14.791152,17.222064,2023-08-01
23609,2023-08-02 14:39:00,19650.0,19466.8,11002250,1523100,11.35,196.8,297800,59050,0.0,-1.0,0.0,0.0,15.621946,18.714072,2023-08-01
28862,2023-08-02 14:39:00,19700.0,19466.8,15117350,2193700,7.85,242.95,331400,58550,0.0,-1.0,0.0,0.0,16.720751,20.335371,2023-08-01
26236,2023-08-02 14:40:00,19200.0,19457.15,141500,5612900,265.05,4.7,12000,349600,1.0,0.0,0.0,0.0,14.617743,16.683257,2023-08-01
20983,2023-08-02 14:40:00,19250.0,19457.15,68100,3513250,218.0,7.15,10300,357450,1.0,0.0,0.0,0.0,14.625496,15.704451,2023-08-01
15729,2023-08-02 14:40:00,19300.0,19457.15,704450,6708500,171.9,11.95,68600,754800,1.0,0.0,0.0,0.0,13.939008,15.109058,2023-08-01
10471,2023-08-02 14:40:00,19350.0,19457.15,478950,6257550,130.3,19.95,103500,786450,1.0,0.0,0.0,0.0,13.876291,14.619456,2023-08-01
5213,2023-08-02 14:40:00,19400.0,19457.15,3329000,8299200,94.3,33.5,528650,1312450,1.0,0.0,0.0,0.0,13.969227,14.459896,2023-08-01
2582,2023-08-02 14:40:00,19450.0,19457.15,5135000,6172100,64.0,53.4,882350,976350,1.0,0.0,0.0,0.0,13.904368,14.40557,2023-08-01
7843,2023-08-02 14:40:00,19500.0,19457.15,13586350,5728200,41.55,81.15,1298000,783300,0.0,-1.0,0.0,0.0,14.09791,14.665894,2023-08-01
13100,2023-08-02 14:40:00,19550.0,19457.15,8533800,2092100,26.3,116.35,747300,222000,0.0,-1.0,0.0,0.0,14.519181,15.29521,2023-08-01
18357,2023-08-02 14:40:00,19600.0,19457.15,17154650,5582050,17.05,156.8,1199550,314450,0.0,-1.0,0.0,0.0,15.288698,16.131829,2023-08-01
23610,2023-08-02 14:40:00,19650.0,19457.15,11002250,1523100,11.05,201.2,453350,52600,0.0,-1.0,0.0,0.0,16.073873,17.309805,2023-08-01
28863,2023-08-02 14:40:00,19700.0,19457.15,15117350,2193700,7.65,247.05,550700,63000,0.0,-1.0,0.0,0.0,17.135067,18.306738,2023-08-01
26237,2023-08-02 14:41:00,19200.0,19463.9,141500,5612900,265.75,4.75,20000,263900,,0.0,,0.0,0.0,17.058891,2023-08-01
20984,2023-08-02 14:41:00,19250.0,19463.9,68100,3513250,217.85,7.2,4250,425950,,0.0,,0.0,0.0,16.102793,2023-08-01
15730,2023-08-02 14:41:00,19300.0,19463.9,704450,6708500,173.1,12.1,64950,872350,1.0,0.0,0.0,0.0,11.254535,15.592874,2023-08-01
10472,2023-08-02 14:41:00,19350.0,19463.9,478950,6257550,131.0,20.15,88150,648400,1.0,0.0,0.0,0.0,12.210684,15.176824,2023-08-01
5214,2023-08-02 14:41:00,19400.0,19463.9,3329000,8299200,94.8,33.7,443350,1044750,1.0,0.0,0.0,0.0,12.855584,15.113181,2023-08-01
2583,2023-08-02 14:41:00,19450.0,19463.9,5135000,6172100,64.45,53.3,677000,1064700,1.0,0.0,0.0,0.0,13.119036,15.136223,2023-08-01
7844,2023-08-02 14:41:00,19500.0,19463.9,13586350,5728200,41.95,81.05,1050550,745550,0.0,-1.0,0.0,0.0,13.517999,15.621596,2023-08-01
13101,2023-08-02 14:41:00,19550.0,19463.9,8533800,2092100,26.55,115.5,585800,191200,0.0,-1.0,0.0,0.0,14.046123,16.354915,2023-08-01
18358,2023-08-02 14:41:00,19600.0,19463.9,17154650,5582050,17.0,156.05,594500,204600,0.0,-1.0,0.0,0.0,14.813794,17.5876,2023-08-01
23611,2023-08-02 14:41:00,19650.0,19463.9,11002250,1523100,11.0,200.7,333350,41150,0.0,-1.0,0.0,0.0,15.653221,19.280861,2023-08-01
28864,2023-08-02 14:41:00,19700.0,19463.9,15117350,2193700,7.55,246.5,369500,55550,0.0,-1.0,0.0,0.0,16.718637,20.800573,2023-08-01
26238,2023-08-02 14:42:00,19200.0,19468.5,144950,5564750,267.35,4.65,1350,220500,,0.0,,0.0,0.0,17.209096,2023-08-01
20985,2023-08-02 14:42:00,19250.0,19468.5,71200,3644700,218.3,7.05,11750,187100,,0.0,,0.0,0.0,16.266566,2023-08-01
15731,2023-08-02 14:42:00,19300.0,19468.5,696350,6638600,174.45,11.85,38650,565500,1.0,0.0,0.0,0.0,7.921652,15.772633,2023-08-01
10473,2023-08-02 14:42:00,19350.0,19468.5,477250,5957350,132.55,19.55,85750,404000,1.0,0.0,0.0,0.0,11.2808,15.314402,2023-08-01
5215,2023-08-02 14:42:00,19400.0,19468.5,3250000,8536050,95.5,32.8,364200,687750,1.0,0.0,0.0,0.0,12.132425,15.275106,2023-08-01
2584,2023-08-02 14:42:00,19450.0,19468.5,5045850,6289750,65.0,52.05,550450,584700,1.0,0.0,0.0,0.0,12.619877,15.334257,2023-08-01
7845,2023-08-02 14:42:00,19500.0,19468.5,13190100,5855100,42.3,79.5,1311750,567550,0.0,-1.0,0.0,0.0,13.131875,15.886226,2023-08-01
13102,2023-08-02 14:42:00,19550.0,19468.5,8849850,2104900,26.65,114.1,930000,138750,0.0,-1.0,0.0,0.0,13.699639,16.814867,2023-08-01
18359,2023-08-02 14:42:00,19600.0,19468.5,17019650,5495500,17.05,154.7,556250,180950,0.0,-1.0,0.0,0.0,14.518192,18.239262,2023-08-01
23612,2023-08-02 14:42:00,19650.0,19468.5,10971300,1518250,10.95,198.5,292650,30500,0.0,-1.0,0.0,0.0,15.36001,19.822763,2023-08-01
28865,2023-08-02 14:42:00,19700.0,19468.5,15145350,2187250,7.45,244.5,363800,26000,0.0,-1.0,0.0,0.0,16.41799,21.586505,2023-08-01
26239,2023-08-02 14:43:00,19200.0,19463.2,144950,5564750,267.2,4.7,2650,209800,,0.0,,0.0,0.0,16.996067,2023-08-01
20986,2023-08-02 14:43:00,19250.0,19463.2,71200,3644700,218.1,7.1,5200,234100,,0.0,,0.0,0.0,16.017013,2023-08-01
15732,2023-08-02 14:43:00,19300.0,19463.2,696350,6638600,172.2,11.9,55850,539350,1.0,0.0,0.0,0.0,11.088922,15.475042,2023-08-01
10474,2023-08-02 14:43:00,19350.0,19463.2,477250,5957350,130.0,19.75,87600,437500,1.0,0.0,0.0,0.0,12.061362,15.006065,2023-08-01
5216,2023-08-02 14:43:00,19400.0,19463.2,3250000,8536050,93.95,33.6,315450,699600,1.0,0.0,0.0,0.0,12.765649,15.034607,2023-08-01
2585,2023-08-02 14:43:00,19450.0,19463.2,5045850,6289750,63.55,53.4,752150,668950,1.0,0.0,0.0,0.0,13.004128,15.093121,2023-08-01
7846,2023-08-02 14:43:00,19500.0,19463.2,13190100,5855100,41.1,81.15,935450,543050,0.0,-1.0,0.0,0.0,13.388868,15.556627,2023-08-01
13103,2023-08-02 14:43:00,19550.0,19463.2,8849850,2104900,26.05,116.05,494900,123900,0.0,-1.0,0.0,0.0,13.97242,16.384272,2023-08-01
18360,2023-08-02 14:43:00,19600.0,19463.2,17019650,5495500,16.6,156.55,432000,178900,0.0,-1.0,0.0,0.0,14.733521,17.587305,2023-08-01
23613,2023-08-02 14:43:00,19650.0,19463.2,10971300,1518250,10.65,200.8,247750,42400,0.0,-1.0,0.0,0.0,15.549118,19.120474,2023-08-01
28866,2023-08-02 14:43:00,19700.0,19463.2,15145350,2187250,7.35,246.95,273900,30150,0.0,-1.0,0.0,0.0,16.651733,20.748463,2023-08-01
26240,2023-08-02 14:44:00,19200.0,19462.4,144950,5564750,264.2,4.75,1350,182000,,0.0,,0.0,0.0,17.002028,2023-08-01
20987,2023-08-02 14:44:00,19250.0,19462.4,71200,3644700,215.65,7.2,2600,140950,,0.0,,0.0,0.0,16.037534,2023-08-01
15733,2023-08-02 14:44:00,19300.0,19462.4,696350,6638600,171.3,12.15,44050,445750,1.0,0.0,0.0,0.0,10.982274,15.536684,2023-08-01
10475,2023-08-02 14:44:00,19350.0,19462.4,477250,5957350,128.95,20.05,46500,345850,1.0,0.0,0.0,0.0,11.918879,15.050714,2023-08-01
5217,2023-08-02 14:44:00,19400.0,19462.4,3250000,8536050,93.35,33.95,271900,503600,1.0,0.0,0.0,0.0,12.759314,15.06257,2023-08-01
2586,2023-08-02 14:44:00,19450.0,19462.4,5045850,6289750,63.45,53.8,404750,593650,1.0,0.0,0.0,0.0,13.09319,15.1072,2023-08-01
7847,2023-08-02 14:44:00,19500.0,19462.4,13190100,5855100,41.05,81.8,606350,422200,0.0,-1.0,0.0,0.0,13.463053,15.607974,2023-08-01
13104,2023-08-02 14:44:00,19550.0,19462.4,8849850,2104900,26.0,116.65,269450,120400,0.0,-1.0,0.0,0.0,14.02854,16.403644,2023-08-01
18361,2023-08-02 14:44:00,19600.0,19462.4,17019650,5495500,16.5,157.5,408400,146750,0.0,-1.0,0.0,0.0,14.758589,17.698622,2023-08-01
23614,2023-08-02 14:44:00,19650.0,19462.4,10971300,1518250,10.65,202.55,284200,31800,0.0,-1.0,0.0,0.0,15.602291,19.523966,2023-08-01
28867,2023-08-02 14:44:00,19700.0,19462.4,15145350,2187250,7.3,247.65,291100,30100,0.0,-1.0,0.0,0.0,16.671218,20.760268,2023-08-01
26241,2023-08-02 14:45:00,19200.0,19462.65,143700,5583350,267.05,4.7,3450,182050,,0.0,,0.0,0.0,16.980213,2023-08-01
20988,2023-08-02 14:45:00,19250.0,19462.65,67250,3655600,218.55,7.15,3400,170750,1.0,0.0,0.0,0.0,9.573892,16.027051,2023-08-01
15734,2023-08-02 14:45:00,19300.0,19462.65,675000,6610200,173.2,11.85,41100,444350,1.0,0.0,0.0,0.0,12.092054,15.429957,2023-08-01
10476,2023-08-02 14:45:00,19350.0,19462.65,467750,5936450,131.4,19.85,51600,331550,1.0,0.0,0.0,0.0,12.762353,15.008606,2023-08-01
5218,2023-08-02 14:45:00,19400.0,19462.65,3233750,8643550,94.65,33.25,253200,626600,1.0,0.0,0.0,0.0,13.07554,14.902148,2023-08-01
2587,2023-08-02 14:45:00,19450.0,19462.65,5027750,6312100,64.1,53.0,461700,618450,1.0,0.0,0.0,0.0,13.22318,14.944227,2023-08-01
7848,2023-08-02 14:45:00,19500.0,19462.65,13629300,5932650,41.55,80.7,647650,462250,0.0,-1.0,0.0,0.0,13.566675,15.376688,2023-08-01
13105,2023-08-02 14:45:00,19550.0,19462.65,8493500,2101200,26.3,114.8,293000,99300,0.0,-1.0,0.0,0.0,14.098101,15.951154,2023-08-01
18362,2023-08-02 14:45:00,19600.0,19462.65,17090750,5461500,16.8,155.8,341600,132800,0.0,-1.0,0.0,0.0,14.851385,17.22889,2023-08-01
23615,2023-08-02 14:45:00,19650.0,19462.65,11033850,1509400,10.7,199.6,214500,19900,0.0,-1.0,0.0,0.0,15.615452,18.518305,2023-08-01
28868,2023-08-02 14:45:00,19700.0,19462.65,15086000,2185100,7.25,245.5,221000,37300,0.0,-1.0,0.0,0.0,16.634113,19.916616,2023-08-01
26242,2023-08-02 14:46:00,19200.0,19460.85,143700,5583350,264.5,4.9,16400,182900,,0.0,,0.0,0.0,17.054233,2023-08-01
20989,2023-08-02 14:46:00,19250.0,19460.85,67250,3655600,216.9,7.4,13550,175400,1.0,0.0,0.0,0.0,9.901041,16.07958,2023-08-01
15735,2023-08-02 14:46:00,19300.0,19460.85,675000,6610200,171.15,12.3,151150,503550,1.0,0.0,0.0,0.0,11.84986,15.51391,2023-08-01
10477,2023-08-02 14:46:00,19350.0,19460.85,467750,5936450,130.0,20.35,142500,397950,1.0,0.0,0.0,0.0,12.791335,15.045017,2023-08-01
5219,2023-08-02 14:46:00,19400.0,19460.85,3233750,8643550,93.95,34.1,342000,790950,1.0,0.0,0.0,0.0,13.229876,14.975181,2023-08-01
2588,2023-08-02 14:46:00,19450.0,19460.85,5027750,6312100,63.7,53.9,460400,608850,1.0,0.0,0.0,0.0,13.372913,14.96904,2023-08-01
7849,2023-08-02 14:46:00,19500.0,19460.85,13629300,5932650,41.15,81.6,662300,509500,0.0,-1.0,0.0,0.0,13.655509,15.34572,2023-08-01
13106,2023-08-02 14:46:00,19550.0,19460.85,8493500,2101200,26.1,116.4,342950,153400,0.0,-1.0,0.0,0.0,14.193238,16.054118,2023-08-01
18363,2023-08-02 14:46:00,19600.0,19460.85,17090750,5461500,16.65,157.1,500350,147400,0.0,-1.0,0.0,0.0,14.927675,17.206526,2023-08-01
23616,2023-08-02 14:46:00,19650.0,19460.85,11033850,1509400,10.65,202.0,234900,22250,0.0,-1.0,0.0,0.0,15.705666,18.866783,2023-08-01
28869,2023-08-02 14:46:00,19700.0,19460.85,15086000,2185100,7.3,247.9,296400,29550,0.0,-1.0,0.0,0.0,16.766188,20.298251,2023-08-01
26243,2023-08-02 14:47:00,19200.0,19463.9,143700,5583350,264.0,4.75,8800,326200,,0.0,,0.0,0.0,17.092271,2023-08-01
20990,2023-08-02 14:47:00,19250.0,19463.9,67250,3655600,217.2,7.15,6300,540300,,0.0,,0.0,0.0,16.10486,2023-08-01
15736,2023-08-02 14:47:00,19300.0,19463.9,675000,6610200,171.3,12.0,148750,702900,1.0,0.0,0.0,0.0,9.812276,15.580555,2023-08-01
10478,2023-08-02 14:47:00,19350.0,19463.9,467750,5936450,129.15,20.05,187350,664100,1.0,0.0,0.0,0.0,11.518595,15.173363,2023-08-01
5220,2023-08-02 14:47:00,19400.0,19463.9,3233750,8643550,92.65,33.6,677200,1286650,1.0,0.0,0.0,0.0,12.283558,15.114956,2023-08-01
2589,2023-08-02 14:47:00,19450.0,19463.9,5027750,6312100,62.6,53.5,890600,1140200,1.0,0.0,0.0,0.0,12.695059,15.213243,2023-08-01
7850,2023-08-02 14:47:00,19500.0,19463.9,13629300,5932650,40.3,81.4,1712800,922250,0.0,-1.0,0.0,0.0,13.137925,15.73631,2023-08-01
13107,2023-08-02 14:47:00,19550.0,19463.9,8493500,2101200,25.2,116.25,831900,267150,0.0,-1.0,0.0,0.0,13.694198,16.586663,2023-08-01
18364,2023-08-02 14:47:00,19600.0,19463.9,17090750,5461500,16.0,157.0,899200,245600,0.0,-1.0,0.0,0.0,14.496094,17.91287,2023-08-01
23617,2023-08-02 14:47:00,19650.0,19463.9,11033850,1509400,10.15,201.3,579100,54500,0.0,-1.0,0.0,0.0,15.301236,19.529337,2023-08-01
28870,2023-08-02 14:47:00,19700.0,19463.9,15086000,2185100,6.9,247.85,565400,78350,0.0,-1.0,0.0,0.0,16.369893,21.399007,2023-08-01
26244,2023-08-02 14:48:00,19200.0,19463.0,141450,5632250,265.0,4.7,2400,281450,,0.0,,0.0,0.0,17.014001,2023-08-01
20991,2023-08-02 14:48:00,19250.0,19463.0,65550,3656950,217.4,6.95,3800,382100,,0.0,,0.0,0.0,15.943699,2023-08-01
15737,2023-08-02 14:48:00,19300.0,19463.0,665400,6683450,172.1,11.75,55950,421250,1.0,0.0,0.0,0.0,11.181478,15.423667,2023-08-01
10479,2023-08-02 14:48:00,19350.0,19463.0,478950,5957500,130.75,19.55,85250,435900,1.0,0.0,0.0,0.0,12.433468,14.950309,2023-08-01
5221,2023-08-02 14:48:00,19400.0,19463.0,3090300,8756100,94.05,32.75,420250,722400,1.0,0.0,0.0,0.0,12.857387,14.812763,2023-08-01
2590,2023-08-02 14:48:00,19450.0,19463.0,5034750,6405900,63.65,52.25,689950,648750,1.0,0.0,0.0,0.0,13.080303,14.813403,2023-08-01
7851,2023-08-02 14:48:00,19500.0,19463.0,13356250,6008300,41.35,79.8,996800,619200,0.0,-1.0,0.0,0.0,13.495961,15.218115,2023-08-01
13108,2023-08-02 14:48:00,19550.0,19463.0,8566100,2102050,25.8,114.85,497800,194550,0.0,-1.0,0.0,0.0,13.942936,16.044589,2023-08-01
18365,2023-08-02 14:48:00,19600.0,19463.0,16919700,5431350,16.3,154.95,576650,213400,0.0,-1.0,0.0,0.0,14.668268,17.058928,2023-08-01
23618,2023-08-02 14:48:00,19650.0,19463.0,11005800,1495750,10.3,199.45,329450,41150,0.0,-1.0,0.0,0.0,15.428937,18.585867,2023-08-01
28871,2023-08-02 14:48:00,19700.0,19463.0,14990700,2163700,7.0,246.4,369450,30200,0.0,-1.0,0.0,0.0,16.483879,20.465044,2023-08-01
26245,2023-08-02 14:49:00,19200.0,19468.7,141450,5632250,275.5,4.2,14700,436750,1.0,0.0,0.0,0.0,13.743341,16.884277,2023-08-01
20992,2023-08-02 14:49:00,19250.0,19468.7,65550,3656950,225.2,6.0,8500,522850,1.0,0.0,0.0,0.0,11.123347,15.664617,2023-08-01
15738,2023-08-02 14:49:00,19300.0,19468.7,665400,6683450,181.7,9.95,141350,998450,1.0,0.0,0.0,0.0,13.8109,14.973157,2023-08-01
10480,2023-08-02 14:49:00,19350.0,19468.7,478950,5957500,138.6,16.75,164100,927450,1.0,0.0,0.0,0.0,13.606426,14.417315,2023-08-01
5222,2023-08-02 14:49:00,19400.0,19468.7,3090300,8756100,100.35,28.55,872350,1849250,1.0,0.0,0.0,0.0,13.504674,14.162748,2023-08-01
2591,2023-08-02 14:49:00,19450.0,19468.7,5034750,6405900,68.7,46.75,1283400,1456200,1.0,0.0,0.0,0.0,13.537472,14.086465,2023-08-01
7852,2023-08-02 14:49:00,19500.0,19468.7,13356250,6008300,44.45,72.9,1998650,1199800,0.0,-1.0,0.0,0.0,13.674809,14.325913,2023-08-01
13109,2023-08-02 14:49:00,19550.0,19468.7,8566100,2102050,28.0,106.1,870500,333650,0.0,-1.0,0.0,0.0,14.092872,14.728534,2023-08-01
18366,2023-08-02 14:49:00,19600.0,19468.7,16919700,5431350,17.65,145.6,884000,391000,0.0,-1.0,0.0,0.0,14.744815,15.469844,2023-08-01
23619,2023-08-02 14:49:00,19650.0,19468.7,11005800,1495750,11.05,190.0,790200,85450,0.0,-1.0,0.0,0.0,15.429917,16.768205,2023-08-01
28872,2023-08-02 14:49:00,19700.0,19468.7,14990700,2163700,7.45,235.4,528100,113400,0.0,-1.0,0.0,0.0,16.447297,17.642702,2023-08-01
26246,2023-08-02 14:50:00,19200.0,19474.5,141450,5632250,281.95,3.6,15250,679900,1.0,0.0,0.0,0.0,14.934946,16.628594,2023-08-01
20993,2023-08-02 14:50:00,19250.0,19474.5,65550,3656950,234.5,5.15,16600,712600,1.0,0.0,0.0,0.0,14.986756,15.398229,2023-08-01
15739,2023-08-02 14:50:00,19300.0,19474.5,665400,6683450,188.45,8.55,153400,1245600,1.0,0.0,0.0,0.0,14.629215,14.64603,2023-08-01
10481,2023-08-02 14:50:00,19350.0,19474.5,478950,5957500,145.0,14.55,169000,1170200,1.0,0.0,0.0,0.0,14.218808,14.036716,2023-08-01
5223,2023-08-02 14:50:00,19400.0,19474.5,3090300,8756100,105.5,25.5,1022800,2074600,1.0,0.0,0.0,0.0,13.802804,13.791971,2023-08-01
2592,2023-08-02 14:50:00,19450.0,19474.5,5034750,6405900,72.75,42.0,1877300,1764200,1.0,0.0,0.0,0.0,13.715545,13.523344,2023-08-01
7853,2023-08-02 14:50:00,19500.0,19474.5,13356250,6008300,47.45,67.4,2348000,1418250,0.0,-1.0,0.0,0.0,13.793644,13.778977,2023-08-01
13110,2023-08-02 14:50:00,19550.0,19474.5,8566100,2102050,29.75,99.9,1000500,408550,0.0,-1.0,0.0,0.0,14.08483,14.126704,2023-08-01
18367,2023-08-02 14:50:00,19600.0,19474.5,16919700,5431350,18.8,138.65,1393650,447050,0.0,-1.0,0.0,0.0,14.724011,14.680576,2023-08-01
23620,2023-08-02 14:50:00,19650.0,19474.5,11005800,1495750,11.75,181.55,671050,106450,0.0,-1.0,0.0,0.0,15.384835,15.31329,2023-08-01
28873,2023-08-02 14:50:00,19700.0,19474.5,14990700,2163700,7.8,228.05,484950,113550,0.0,-1.0,0.0,0.0,16.335157,16.499284,2023-08-01
26247,2023-08-02 14:51:00,19250.0,19477.2,65650,3668450,235.35,4.6,11150,573250,1.0,0.0,0.0,0.0,13.557239,15.14122,2023-08-01
20994,2023-08-02 14:51:00,19300.0,19477.2,608100,6507450,188.4,7.9,61300,1000750,1.0,0.0,0.0,0.0,13.29772,14.474862,2023-08-01
15740,2023-08-02 14:51:00,19350.0,19477.2,450750,5865400,144.55,13.7,96900,904700,1.0,0.0,0.0,0.0,13.22077,13.906607,2023-08-01
10482,2023-08-02 14:51:00,19400.0,19477.2,2998900,8626350,105.55,24.6,550250,1421200,1.0,0.0,0.0,0.0,13.261515,13.756837,2023-08-01
5224,2023-08-02 14:51:00,19450.0,19477.2,4766000,6427800,72.4,41.75,1109000,1135950,1.0,0.0,0.0,0.0,13.236461,13.741218,2023-08-01
2593,2023-08-02 14:51:00,19500.0,19477.2,13135250,5905300,47.3,66.8,1978500,1032200,0.0,-1.0,0.0,0.0,13.465584,13.999749,2023-08-01
7854,2023-08-02 14:51:00,19550.0,19477.2,8402300,2042750,29.8,99.2,898550,231250,0.0,-1.0,0.0,0.0,13.870066,14.435433,2023-08-01
13111,2023-08-02 14:51:00,19600.0,19477.2,16798050,5344950,18.8,138.45,965550,228250,0.0,-1.0,0.0,0.0,14.535771,15.298573,2023-08-01
18368,2023-08-02 14:51:00,19650.0,19477.2,11114950,1483250,11.8,181.45,752500,66150,0.0,-1.0,0.0,0.0,15.2451,16.216842,2023-08-01
23621,2023-08-02 14:51:00,19700.0,19477.2,14985550,2156450,7.85,227.7,502450,62500,0.0,-1.0,0.0,0.0,16.22024,17.566795,2023-08-01
28874,2023-08-02 14:51:00,19750.0,19477.2,8789200,737200,5.65,275.7,243150,14000,0.0,-1.0,0.0,0.0,17.438401,19.243618,2023-08-01
26248,2023-08-02 14:52:00,19250.0,19475.5,65650,3668450,236.0,4.9,6950,393750,1.0,0.0,0.0,0.0,15.415109,15.281045,2023-08-01
20995,2023-08-02 14:52:00,19300.0,19475.5,608100,6507450,190.4,8.3,39600,525100,1.0,0.0,0.0,0.0,15.163792,14.587458,2023-08-01
15741,2023-08-02 14:52:00,19350.0,19475.5,450750,5865400,146.25,13.95,42350,1107100,1.0,0.0,0.0,0.0,14.388073,13.891771,2023-08-01
10483,2023-08-02 14:52:00,19400.0,19475.5,2998900,8626350,105.75,24.4,264700,1114550,1.0,0.0,0.0,0.0,13.68041,13.566836,2023-08-01
5225,2023-08-02 14:52:00,19450.0,19475.5,4766000,6427800,72.65,41.05,511450,871200,1.0,0.0,0.0,0.0,13.555032,13.397814,2023-08-01
2594,2023-08-02 14:52:00,19500.0,19475.5,13135250,5905300,47.45,65.75,1082150,680900,0.0,-1.0,0.0,0.0,13.694356,13.518737,2023-08-01
7855,2023-08-02 14:52:00,19550.0,19475.5,8402300,2042750,30.25,97.65,577000,189400,0.0,-1.0,0.0,0.0,14.144253,13.708591,2023-08-01
13112,2023-08-02 14:52:00,19600.0,19475.5,16798050,5344950,18.9,136.9,597700,193650,0.0,-1.0,0.0,0.0,14.695772,14.368629,2023-08-01
18369,2023-08-02 14:52:00,19650.0,19475.5,11114950,1483250,11.8,179.5,479600,50300,0.0,-1.0,0.0,0.0,15.355361,14.802923,2023-08-01
23622,2023-08-02 14:52:00,19700.0,19475.5,14985550,2156450,7.8,225.5,368850,40350,0.0,-1.0,0.0,0.0,16.291671,15.560447,2023-08-01
28875,2023-08-02 14:52:00,19750.0,19475.5,8789200,737200,5.6,274.0,178350,3900,0.0,-1.0,0.0,0.0,17.494667,17.091137,2023-08-01
26249,2023-08-02 14:53:00,19250.0,19479.65,65650,3668450,234.2,4.9,7100,385750,,0.0,,0.0,0.0,15.495274,2023-08-01
20996,2023-08-02 14:53:00,19300.0,19479.65,608100,6507450,186.6,8.3,77200,827150,1.0,0.0,0.0,0.0,10.076968,14.828696,2023-08-01
15742,2023-08-02 14:53:00,19350.0,19479.65,450750,5865400,143.05,14.5,73550,631900,1.0,0.0,0.0,0.0,11.72495,14.375048,2023-08-01
10484,2023-08-02 14:53:00,19400.0,19479.65,2998900,8626350,103.9,25.3,506350,1259700,1.0,0.0,0.0,0.0,12.23917,14.164286,2023-08-01
5226,2023-08-02 14:53:00,19450.0,19479.65,4766000,6427800,71.4,42.5,860150,1062900,1.0,0.0,0.0,0.0,12.625691,14.185318,2023-08-01
2595,2023-08-02 14:53:00,19500.0,19479.65,13135250,5905300,46.45,67.8,1601800,803400,0.0,-1.0,0.0,0.0,12.995701,14.576457,2023-08-01
7856,2023-08-02 14:53:00,19550.0,19479.65,8402300,2042750,29.25,100.65,703250,252150,0.0,-1.0,0.0,0.0,13.518483,15.262597,2023-08-01
13113,2023-08-02 14:53:00,19600.0,19479.65,16798050,5344950,18.4,139.85,891650,283150,0.0,-1.0,0.0,0.0,14.23901,16.321938,2023-08-01
18370,2023-08-02 14:53:00,19650.0,19479.65,11114950,1483250,11.4,183.0,593900,67150,0.0,-1.0,0.0,0.0,14.935093,17.580432,2023-08-01
23623,2023-08-02 14:53:00,19700.0,19479.65,14985550,2156450,7.6,228.45,348050,90350,0.0,-1.0,0.0,0.0,15.957664,18.91157,2023-08-01
28876,2023-08-02 14:53:00,19750.0,19479.65,8789200,737200,5.45,276.15,284750,10050,0.0,-1.0,0.0,0.0,17.183036,20.705797,2023-08-01
26250,2023-08-02 14:54:00,19250.0,19484.5,69850,3663250,236.0,4.8,4100,393500,,0.0,,0.0,0.0,15.670243,2023-08-01
20997,2023-08-02 14:54:00,19300.0,19484.5,606050,6575850,190.15,7.95,70700,551950,1.0,0.0,0.0,0.0,7.767788,14.926688,2023-08-01
15743,2023-08-02 14:54:00,19350.0,19484.5,439400,5613900,147.0,13.75,84150,568450,1.0,0.0,0.0,0.0,11.592866,14.41787,2023-08-01
10485,2023-08-02 14:54:00,19400.0,19484.5,2854800,8801350,107.2,24.15,555100,1057000,1.0,0.0,0.0,0.0,12.127109,14.220131,2023-08-01
5227,2023-08-02 14:54:00,19450.0,19484.5,4559900,6705250,73.95,40.7,1027950,1071100,1.0,0.0,0.0,0.0,12.520686,14.221811,2023-08-01
2596,2023-08-02 14:54:00,19500.0,19484.5,13073700,6131150,48.1,65.1,1751450,1092500,0.0,-1.0,0.0,0.0,12.853876,14.551066,2023-08-01
7857,2023-08-02 14:54:00,19550.0,19484.5,8214200,2027550,30.1,98.15,837700,255450,0.0,-1.0,0.0,0.0,13.325033,15.439842,2023-08-01
13114,2023-08-02 14:54:00,19600.0,19484.5,16940000,5327250,18.8,135.95,1087050,290400,0.0,-1.0,0.0,0.0,14.023563,16.2416,2023-08-01
18371,2023-08-02 14:54:00,19650.0,19484.5,11142750,1472550,11.5,179.65,851400,71900,0.0,-1.0,0.0,0.0,14.683134,17.793731,2023-08-01
23624,2023-08-02 14:54:00,19700.0,19484.5,14959650,2109600,7.45,224.85,722400,67550,0.0,-1.0,0.0,0.0,15.612996,19.157314,2023-08-01
28877,2023-08-02 14:54:00,19750.0,19484.5,8839150,730450,5.15,272.75,508900,13850,0.0,-1.0,0.0,0.0,16.725892,21.15638,2023-08-01
26251,2023-08-02 14:55:00,19250.0,19486.2,69850,3663250,238.3,4.8,11550,419900,,0.0,,0.0,0.0,15.76042,2023-08-01
20998,2023-08-02 14:55:00,19300.0,19486.2,606050,6575850,190.1,8.0,58600,674800,,0.0,,0.0,0.0,15.053415,2023-08-01
15744,2023-08-02 14:55:00,19350.0,19486.2,439400,5613900,146.05,13.85,86750,397600,1.0,0.0,0.0,0.0,10.278415,14.571578,2023-08-01
10486,2023-08-02 14:55:00,19400.0,19486.2,2854800,8801350,106.35,24.25,430700,910350,1.0,0.0,0.0,0.0,11.434562,14.387979,2023-08-01
5228,2023-08-02 14:55:00,19450.0,19486.2,4559900,6705250,73.2,41.0,811150,848850,1.0,0.0,0.0,0.0,12.060361,14.469389,2023-08-01
2597,2023-08-02 14:55:00,19500.0,19486.2,13073700,6131150,47.65,65.7,1674900,1011650,0.0,-1.0,0.0,0.0,12.553248,14.917504,2023-08-01
7858,2023-08-02 14:55:00,19550.0,19486.2,8214200,2027550,29.75,97.7,659150,215150,0.0,-1.0,0.0,0.0,13.085585,15.611009,2023-08-01
13115,2023-08-02 14:55:00,19600.0,19486.2,16940000,5327250,18.45,136.8,880700,254950,0.0,-1.0,0.0,0.0,13.791987,16.869787,2023-08-01
18372,2023-08-02 14:55:00,19650.0,19486.2,11142750,1472550,11.3,179.05,582850,31500,0.0,-1.0,0.0,0.0,14.498902,18.065534,2023-08-01
23625,2023-08-02 14:55:00,19700.0,19486.2,14959650,2109600,7.2,225.35,486450,38850,0.0,-1.0,0.0,0.0,15.384709,19.95941,2023-08-01
28878,2023-08-02 14:55:00,19750.0,19486.2,8839150,730450,5.05,272.95,433650,19800,0.0,-1.0,0.0,0.0,16.572508,21.956843,2023-08-01
26252,2023-08-02 14:56:00,19250.0,19489.75,69850,3663250,238.4,4.8,7250,296650,,0.0,,0.0,0.0,15.942935,2023-08-01
20999,2023-08-02 14:56:00,19300.0,19489.75,606050,6575850,192.3,8.0,54000,463400,,0.0,,0.0,0.0,15.257626,2023-08-01
15745,2023-08-02 14:56:00,19350.0,19489.75,439400,5613900,147.3,13.6,68600,566800,1.0,0.0,0.0,0.0,8.837536,14.71119,2023-08-01
10487,2023-08-02 14:56:00,19400.0,19489.75,2854800,8801350,107.65,23.6,338200,916850,1.0,0.0,0.0,0.0,10.927427,14.477312,2023-08-01
5229,2023-08-02 14:56:00,19450.0,19489.75,4559900,6705250,73.9,39.85,638750,866550,1.0,0.0,0.0,0.0,11.657897,14.52823,2023-08-01
2598,2023-08-02 14:56:00,19500.0,19489.75,13073700,6131150,48.1,63.75,1384950,977100,0.0,-1.0,0.0,0.0,12.25221,14.89286,2023-08-01
7859,2023-08-02 14:56:00,19550.0,19489.75,8214200,2027550,29.95,95.6,793300,178250,0.0,-1.0,0.0,0.0,12.825513,15.655677,2023-08-01
13116,2023-08-02 14:56:00,19600.0,19489.75,16940000,5327250,18.25,133.9,1001350,272000,0.0,-1.0,0.0,0.0,13.47384,16.782692,2023-08-01
18373,2023-08-02 14:56:00,19650.0,19489.75,11142750,1472550,10.95,176.55,546150,35800,0.0,-1.0,0.0,0.0,14.136723,18.18254,2023-08-01
23626,2023-08-02 14:56:00,19700.0,19489.75,14959650,2109600,6.9,222.1,624950,50550,0.0,-1.0,0.0,0.0,15.025566,19.858156,2023-08-01
28879,2023-08-02 14:56:00,19750.0,19489.75,8839150,730450,4.7,270.7,368650,16900,0.0,-1.0,0.0,0.0,16.137405,22.333509,2023-08-01
26253,2023-08-02 14:57:00,19250.0,19492.9,75200,3633200,240.15,4.95,8750,310550,,0.0,,0.0,0.0,16.217911,2023-08-01
21000,2023-08-02 14:57:00,19300.0,19492.9,589000,6589700,194.45,8.0,69300,499700,,0.0,,0.0,0.0,15.438975,2023-08-01
15746,2023-08-02 14:57:00,19350.0,19492.9,415800,5559950,149.55,13.5,73600,558650,1.0,0.0,0.0,0.0,8.078444,14.880624,2023-08-01
10488,2023-08-02 14:57:00,19400.0,19492.9,2830700,9137350,109.55,23.55,506000,992650,1.0,0.0,0.0,0.0,10.702505,14.710984,2023-08-01
5230,2023-08-02 14:57:00,19450.0,19492.9,4316350,6746400,75.8,39.45,802400,1147400,1.0,0.0,0.0,0.0,11.621444,14.733593,2023-08-01
2599,2023-08-02 14:57:00,19500.0,19492.9,13166800,6475950,49.45,63.1,1913150,1035850,0.0,-1.0,0.0,0.0,12.208906,15.127316,2023-08-01
7860,2023-08-02 14:57:00,19550.0,19492.9,8138900,2048250,30.65,94.6,975600,294900,0.0,-1.0,0.0,0.0,12.728629,15.909279,2023-08-01
13117,2023-08-02 14:57:00,19600.0,19492.9,17010250,5454850,18.55,132.5,1129800,371400,0.0,-1.0,0.0,0.0,13.343454,17.038579,2023-08-01
18374,2023-08-02 14:57:00,19650.0,19492.9,11215150,1469750,11.0,176.1,634350,61800,0.0,-1.0,0.0,0.0,13.967595,18.862141,2023-08-01
23627,2023-08-02 14:57:00,19700.0,19492.9,14824750,2106050,7.0,221.0,631800,58450,0.0,-1.0,0.0,0.0,14.915617,20.454238,2023-08-01
28880,2023-08-02 14:57:00,19750.0,19492.9,9221600,702600,4.7,269.05,408900,25450,0.0,-1.0,0.0,0.0,15.986493,22.795818,2023-08-01
26254,2023-08-02 14:58:00,19250.0,19493.15,75200,3633200,242.45,5.05,5800,307300,,0.0,,0.0,0.0,16.309965,2023-08-01
21001,2023-08-02 14:58:00,19300.0,19493.15,589000,6589700,195.25,8.15,70950,742350,,0.0,,0.0,0.0,15.537842,2023-08-01
15747,2023-08-02 14:58:00,19350.0,19493.15,415800,5559950,150.6,13.7,72150,494600,1.0,0.0,0.0,0.0,8.922815,14.97946,2023-08-01
10489,2023-08-02 14:58:00,19400.0,19493.15,2830700,9137350,110.25,23.6,542250,1038150,1.0,0.0,0.0,0.0,10.886443,14.750041,2023-08-01
5231,2023-08-02 14:58:00,19450.0,19493.15,4316350,6746400,76.3,39.55,935800,894800,1.0,0.0,0.0,0.0,11.714584,14.787737,2023-08-01
2600,2023-08-02 14:58:00,19500.0,19493.15,13166800,6475950,50.15,63.05,2737250,1397400,0.0,-1.0,0.0,0.0,12.353431,15.15036,2023-08-01
7861,2023-08-02 14:58:00,19550.0,19493.15,8138900,2048250,31.05,94.3,1211700,323000,0.0,-1.0,0.0,0.0,12.815164,15.877224,2023-08-01
13118,2023-08-02 14:58:00,19600.0,19493.15,17010250,5454850,18.85,131.9,1657000,611650,0.0,-1.0,0.0,0.0,13.424917,16.923086,2023-08-01
18375,2023-08-02 14:58:00,19650.0,19493.15,11215150,1469750,11.15,174.7,828650,55750,0.0,-1.0,0.0,0.0,14.0197,18.471291,2023-08-01
23628,2023-08-02 14:58:00,19700.0,19493.15,14824750,2106050,7.1,220.7,1032400,67600,0.0,-1.0,0.0,0.0,14.963469,20.424655,2023-08-01
28881,2023-08-02 14:58:00,19750.0,19493.15,9221600,702600,4.75,268.3,498800,30000,0.0,-1.0,0.0,0.0,16.017586,22.573387,2023-08-01
26255,2023-08-02 14:59:00,19250.0,19491.5,75200,3633200,241.5,5.65,14450,410400,,0.0,,0.0,0.0,16.661742,2023-08-01
21002,2023-08-02 14:59:00,19300.0,19491.5,589000,6589700,194.35,8.9,59200,629250,,0.0,,0.0,0.0,15.839181,2023-08-01
15748,2023-08-02 14:59:00,19350.0,19491.5,415800,5559950,150.2,14.55,80000,488150,1.0,0.0,0.0,0.0,9.835577,15.203531,2023-08-01
10490,2023-08-02 14:59:00,19400.0,19491.5,2830700,9137350,110.1,24.95,423000,945250,1.0,0.0,0.0,0.0,11.305511,15.029704,2023-08-01
5232,2023-08-02 14:59:00,19450.0,19491.5,4316350,6746400,76.3,41.3,788700,1371700,1.0,0.0,0.0,0.0,12.002401,15.080668,2023-08-01
2601,2023-08-02 14:59:00,19500.0,19491.5,13166800,6475950,50.2,64.7,1825300,1428350,0.0,-1.0,0.0,0.0,12.56856,15.353996,2023-08-01
7862,2023-08-02 14:59:00,19550.0,19491.5,8138900,2048250,31.2,95.85,873350,362650,0.0,-1.0,0.0,0.0,13.01009,16.015385,2023-08-01
13119,2023-08-02 14:59:00,19600.0,19491.5,17010250,5454850,18.85,133.65,1059850,289850,0.0,-1.0,0.0,0.0,13.551643,17.090381,2023-08-01
18376,2023-08-02 14:59:00,19650.0,19491.5,11215150,1469750,11.05,176.35,725300,65650,0.0,-1.0,0.0,0.0,14.08549,18.5944,2023-08-01
23629,2023-08-02 14:59:00,19700.0,19491.5,14824750,2106050,7.1,222.2,754000,62300,0.0,-1.0,0.0,0.0,15.059351,20.48111,2023-08-01
28882,2023-08-02 14:59:00,19750.0,19491.5,9221600,702600,4.7,269.65,433000,24750,0.0,-1.0,0.0,0.0,16.067392,22.551455,2023-08-01
26256,2023-08-02 15:00:00,19250.0,19505.65,69850,3605050,257.25,5.1,31650,738050,,0.0,,0.0,0.0,16.983848,2023-08-01
21003,2023-08-02 15:00:00,19300.0,19505.65,567850,6509300,209.45,7.9,253450,1284950,,0.0,,0.0,0.0,16.10872,2023-08-01
15749,2023-08-02 15:00:00,19350.0,19505.65,431850,5368850,164.75,12.7,264150,1194400,1.0,0.0,0.0,0.0,10.843366,15.386367,2023-08-01
10491,2023-08-02 15:00:00,19400.0,19505.65,2660000,9284900,123.25,21.5,1358600,1954050,1.0,0.0,0.0,0.0,11.917812,15.05946,2023-08-01
5233,2023-08-02 15:00:00,19450.0,19505.65,3913950,6912800,87.55,35.95,2362150,2217600,1.0,0.0,0.0,0.0,12.491532,15.027701,2023-08-01
2602,2023-08-02 15:00:00,19500.0,19505.65,13106750,7246250,58.7,57.15,5453500,2883400,1.0,0.0,0.0,0.0,12.873561,15.202463,2023-08-01
7863,2023-08-02 15:00:00,19550.0,19505.65,7800250,2144150,37.35,85.65,2803250,879750,0.0,-1.0,0.0,0.0,13.255063,15.620711,2023-08-01
13120,2023-08-02 15:00:00,19600.0,19505.65,17117850,5626700,22.75,121.3,3133600,808650,0.0,-1.0,0.0,0.0,13.672146,16.438147,2023-08-01
18377,2023-08-02 15:00:00,19650.0,19505.65,11256450,1453100,13.25,161.9,1764400,175600,0.0,-1.0,0.0,0.0,14.06878,17.484087,2023-08-01
23630,2023-08-02 15:00:00,19700.0,19505.65,14492600,2086150,8.0,206.6,1596700,194100,0.0,-1.0,0.0,0.0,14.76186,19.009436,2023-08-01
28883,2023-08-02 15:00:00,19750.0,19505.65,9361300,679150,5.15,253.5,833700,39100,0.0,-1.0,0.0,0.0,15.692071,20.819743,2023-08-01
26257,2023-08-02 15:01:00,19250.0,19513.85,69850,3605050,266.05,4.55,17150,537300,,0.0,,0.0,0.0,16.964279,2023-08-01
21004,2023-08-02 15:01:00,19300.0,19513.85,567850,6509300,217.2,6.95,136400,1216400,,0.0,,0.0,0.0,16.016712,2023-08-01
15750,2023-08-02 15:01:00,19350.0,19513.85,431850,5368850,172.35,11.2,147050,941300,1.0,0.0,0.0,0.0,10.821683,15.263761,2023-08-01
10492,2023-08-02 15:01:00,19400.0,19513.85,2660000,9284900,130.0,18.95,928350,1867450,1.0,0.0,0.0,0.0,11.91076,14.838743,2023-08-01
5234,2023-08-02 15:01:00,19450.0,19513.85,3913950,6912800,93.25,32.3,1802050,2004750,1.0,0.0,0.0,0.0,12.49697,14.790008,2023-08-01
2603,2023-08-02 15:01:00,19500.0,19513.85,13106750,7246250,63.45,52.25,4300200,2604250,1.0,0.0,0.0,0.0,12.94361,14.93046,2023-08-01
7864,2023-08-02 15:01:00,19550.0,19513.85,7800250,2144150,40.7,79.4,2734900,679300,0.0,-1.0,0.0,0.0,13.275186,15.263577,2023-08-01
13121,2023-08-02 15:01:00,19600.0,19513.85,17117850,5626700,24.85,114.0,3020550,649900,0.0,-1.0,0.0,0.0,13.631413,15.994833,2023-08-01
18378,2023-08-02 15:01:00,19650.0,19513.85,11256450,1453100,14.5,154.0,1990800,123800,0.0,-1.0,0.0,0.0,13.99643,16.987642,2023-08-01
23631,2023-08-02 15:01:00,19700.0,19513.85,14492600,2086150,8.7,198.3,1776750,151950,0.0,-1.0,0.0,0.0,14.650695,18.440496,2023-08-01
28884,2023-08-02 15:01:00,19750.0,19513.85,9361300,679150,5.3,244.7,1193000,41700,0.0,-1.0,0.0,0.0,15.383159,20.063208,2023-08-01
26258,2023-08-02 15:02:00,19250.0,19514.05,69850,3605050,266.25,4.4,9550,631150,,0.0,,0.0,0.0,16.856658,2023-08-01
21005,2023-08-02 15:02:00,19300.0,19514.05,567850,6509300,217.0,6.75,103500,1337950,,0.0,,0.0,0.0,15.912793,2023-08-01
15751,2023-08-02 15:02:00,19350.0,19514.05,431850,5368850,170.95,10.65,96400,914450,1.0,0.0,0.0,0.0,9.350406,15.03807,2023-08-01
10493,2023-08-02 15:02:00,19400.0,19514.05,2660000,9284900,128.9,18.3,589450,1590150,1.0,0.0,0.0,0.0,11.408428,14.64169,2023-08-01
5235,2023-08-02 15:02:00,19450.0,19514.05,3913950,6912800,92.05,31.6,1158250,1819900,1.0,0.0,0.0,0.0,12.122417,14.622825,2023-08-01
2604,2023-08-02 15:02:00,19500.0,19514.05,13106750,7246250,62.5,51.7,3088150,2289150,1.0,0.0,0.0,0.0,12.687485,14.822281,2023-08-01
7865,2023-08-02 15:02:00,19550.0,19514.05,7800250,2144150,40.15,79.25,1871750,645050,0.0,-1.0,0.0,0.0,13.122549,15.2596,2023-08-01
13122,2023-08-02 15:02:00,19600.0,19514.05,17117850,5626700,24.5,113.95,2436750,679200,0.0,-1.0,0.0,0.0,13.519987,16.023357,2023-08-01
18379,2023-08-02 15:02:00,19650.0,19514.05,11256450,1453100,14.5,153.6,1213800,124100,0.0,-1.0,0.0,0.0,13.988014,16.913911,2023-08-01
23632,2023-08-02 15:02:00,19700.0,19514.05,14492600,2086150,8.75,198.2,1493000,124600,0.0,-1.0,0.0,0.0,14.668834,18.470249,2023-08-01
28885,2023-08-02 15:02:00,19750.0,19514.05,9361300,679150,5.35,244.6,1048000,27750,0.0,-1.0,0.0,0.0,15.41253,20.101083,2023-08-01
26259,2023-08-02 15:03:00,19250.0,19506.85,72650,3656550,255.2,4.7,13200,311800,,0.0,,0.0,0.0,16.751831,2023-08-01
21006,2023-08-02 15:03:00,19300.0,19506.85,487950,6195350,207.55,7.4,69550,778550,,0.0,,0.0,0.0,15.909831,2023-08-01
15752,2023-08-02 15:03:00,19350.0,19506.85,384050,5235100,162.15,11.85,85300,534950,,0.0,,0.0,0.0,15.122667,2023-08-01
10494,2023-08-02 15:03:00,19400.0,19506.85,2400100,9040600,121.05,20.5,506850,1586700,1.0,0.0,0.0,0.0,10.694322,14.845067,2023-08-01
5236,2023-08-02 15:03:00,19450.0,19506.85,3166400,6895650,85.4,35.0,841750,1431750,1.0,0.0,0.0,0.0,11.685542,14.899915,2023-08-01
2605,2023-08-02 15:03:00,19500.0,19506.85,11443850,8014050,57.05,56.5,2407400,2014350,1.0,0.0,0.0,0.0,12.327578,15.195338,2023-08-01
7866,2023-08-02 15:03:00,19550.0,19506.85,7206850,2395450,36.15,85.9,1527650,681050,0.0,-1.0,0.0,0.0,12.847841,15.874817,2023-08-01
13123,2023-08-02 15:03:00,19600.0,19506.85,16424850,5596950,21.85,121.85,2351850,594500,0.0,-1.0,0.0,0.0,13.326008,16.83589,2023-08-01
18380,2023-08-02 15:03:00,19650.0,19506.85,10904250,1440200,12.55,162.9,1238000,109750,0.0,-1.0,0.0,0.0,13.736511,18.118159,2023-08-01
23633,2023-08-02 15:03:00,19700.0,19506.85,14069300,2036550,7.55,207.15,1410200,121500,0.0,-1.0,0.0,0.0,14.473995,19.606047,2023-08-01
28886,2023-08-02 15:03:00,19750.0,19506.85,9256550,658100,4.75,254.9,933350,22750,0.0,-1.0,0.0,0.0,15.359138,21.884413,2023-08-01
26260,2023-08-02 15:04:00,19250.0,19513.85,72650,3656550,267.7,4.25,3700,388050,,0.0,,0.0,0.0,16.732809,2023-08-01
21007,2023-08-02 15:04:00,19300.0,19513.85,487950,6195350,220.3,6.4,50800,953250,1.0,0.0,0.0,0.0,10.933408,15.698557,2023-08-01
15753,2023-08-02 15:04:00,19350.0,19513.85,384050,5235100,173.5,10.05,66050,853850,1.0,0.0,0.0,0.0,11.663711,14.765313,2023-08-01
10495,2023-08-02 15:04:00,19400.0,19513.85,2400100,9040600,130.6,17.5,430100,1194300,1.0,0.0,0.0,0.0,12.159495,14.368054,2023-08-01
5237,2023-08-02 15:04:00,19450.0,19513.85,3166400,6895650,93.5,30.3,663550,1335550,1.0,0.0,0.0,0.0,12.5823,14.261595,2023-08-01
2606,2023-08-02 15:04:00,19500.0,19513.85,11443850,8014050,63.35,49.9,2036100,1833850,1.0,0.0,0.0,0.0,12.933779,14.367943,2023-08-01
7867,2023-08-02 15:04:00,19550.0,19513.85,7206850,2395450,40.35,77.35,1311550,511600,0.0,-1.0,0.0,0.0,13.202665,14.769488,2023-08-01
13124,2023-08-02 15:04:00,19600.0,19513.85,16424850,5596950,24.65,111.6,1563600,439000,0.0,-1.0,0.0,0.0,13.589026,15.349509,2023-08-01
18381,2023-08-02 15:04:00,19650.0,19513.85,10904250,1440200,14.35,151.0,1125600,76300,0.0,-1.0,0.0,0.0,13.95679,16.027446,2023-08-01
23634,2023-08-02 15:04:00,19700.0,19513.85,14069300,2036550,8.55,195.6,966200,129250,0.0,-1.0,0.0,0.0,14.592358,17.405982,2023-08-01
28887,2023-08-02 15:04:00,19750.0,19513.85,9256550,658100,5.25,242.25,981350,18450,0.0,-1.0,0.0,0.0,15.36505,18.944089,2023-08-01
26261,2023-08-02 15:05:00,19250.0,19512.5,72650,3656550,264.25,4.55,10750,494900,,0.0,,0.0,0.0,16.92063,2023-08-01
21008,2023-08-02 15:05:00,19300.0,19512.5,487950,6195350,217.35,6.55,67750,1197600,,0.0,,0.0,0.0,15.724046,2023-08-01
15754,2023-08-02 15:05:00,19350.0,19512.5,384050,5235100,170.95,10.3,56350,748750,1.0,0.0,0.0,0.0,10.741376,14.80245,2023-08-01
10496,2023-08-02 15:05:00,19400.0,19512.5,2400100,9040600,128.25,18.1,370850,1105550,1.0,0.0,0.0,0.0,11.687599,14.478806,2023-08-01
5238,2023-08-02 15:05:00,19450.0,19512.5,3166400,6895650,91.55,31.15,611000,1047250,1.0,0.0,0.0,0.0,12.306479,14.37993,2023-08-01
2607,2023-08-02 15:05:00,19500.0,19512.5,11443850,8014050,61.8,51.2,1892450,1734200,1.0,0.0,0.0,0.0,12.742593,14.542753,2023-08-01
7868,2023-08-02 15:05:00,19550.0,19512.5,7206850,2395450,39.55,79.0,1130250,527900,0.0,-1.0,0.0,0.0,13.146008,14.989407,2023-08-01
13125,2023-08-02 15:05:00,19600.0,19512.5,16424850,5596950,24.0,113.5,1402200,437200,0.0,-1.0,0.0,0.0,13.516406,15.620527,2023-08-01
18382,2023-08-02 15:05:00,19650.0,19512.5,10904250,1440200,14.05,153.9,848400,93800,0.0,-1.0,0.0,0.0,13.941952,16.637953,2023-08-01
23635,2023-08-02 15:05:00,19700.0,19512.5,14069300,2036550,8.35,198.45,962650,90550,0.0,-1.0,0.0,0.0,14.575656,18.088779,2023-08-01
28888,2023-08-02 15:05:00,19750.0,19512.5,9256550,658100,5.2,245.5,627600,17200,0.0,-1.0,0.0,0.0,15.405058,19.917926,2023-08-01
26262,2023-08-02 15:06:00,19250.0,19506.95,67500,3697050,255.0,4.8,3300,487950,,0.0,,0.0,0.0,16.851879,2023-08-01
21009,2023-08-02 15:06:00,19300.0,19506.95,463950,6020600,207.15,7.15,42000,787400,,0.0,,0.0,0.0,15.787087,2023-08-01
15755,2023-08-02 15:06:00,19350.0,19506.95,363600,5157700,161.5,11.55,46950,501950,,0.0,,0.0,0.0,15.01637,2023-08-01
10497,2023-08-02 15:06:00,19400.0,19506.95,2278400,8875650,120.4,20.25,260700,978800,1.0,0.0,0.0,0.0,10.401997,14.786635,2023-08-01
5239,2023-08-02 15:06:00,19450.0,19506.95,2889050,6915350,84.8,34.9,443300,1422000,1.0,0.0,0.0,0.0,11.512376,14.896697,2023-08-01
2608,2023-08-02 15:06:00,19500.0,19506.95,10960850,8272450,56.5,56.6,1491800,1614500,1.0,0.0,0.0,0.0,12.193849,15.245462,2023-08-01
7869,2023-08-02 15:06:00,19550.0,19506.95,7158050,2393700,35.8,85.9,1165800,458400,0.0,-1.0,0.0,0.0,12.763565,15.904139,2023-08-01
13126,2023-08-02 15:06:00,19600.0,19506.95,16155900,5569650,21.6,121.5,1158750,367900,0.0,-1.0,0.0,0.0,13.258225,16.773479,2023-08-01
18383,2023-08-02 15:06:00,19650.0,19506.95,10628800,1422750,12.65,162.7,765650,66750,0.0,-1.0,0.0,0.0,13.783553,18.09478,2023-08-01
23636,2023-08-02 15:06:00,19700.0,19506.95,14112050,1984050,7.65,207.9,1062350,81350,0.0,-1.0,0.0,0.0,14.536716,19.929659,2023-08-01
28889,2023-08-02 15:06:00,19750.0,19506.95,9250700,654050,4.8,254.45,881100,12150,0.0,-1.0,0.0,0.0,15.407127,21.749418,2023-08-01
26263,2023-08-02 15:07:00,19250.0,19512.8,67500,3697050,261.5,4.2,5800,613050,,0.0,,0.0,0.0,16.656282,2023-08-01
21010,2023-08-02 15:07:00,19300.0,19512.8,463950,6020600,212.15,6.45,27850,797050,,0.0,,0.0,0.0,15.689038,2023-08-01
15756,2023-08-02 15:07:00,19350.0,19512.8,363600,5157700,166.95,10.45,32850,680300,,0.0,,0.0,0.0,14.897633,2023-08-01
10498,2023-08-02 15:07:00,19400.0,19512.8,2278400,8875650,125.35,18.55,251450,1309400,1.0,0.0,0.0,0.0,10.369374,14.659625,2023-08-01
5240,2023-08-02 15:07:00,19450.0,19512.8,2889050,6915350,89.4,32.35,447400,1701050,1.0,0.0,0.0,0.0,11.644661,14.739924,2023-08-01
2609,2023-08-02 15:07:00,19500.0,19512.8,10960850,8272450,60.15,53.4,1458650,1442100,1.0,0.0,0.0,0.0,12.305276,15.124777,2023-08-01
7870,2023-08-02 15:07:00,19550.0,19512.8,7158050,2393700,38.3,81.6,931600,547550,0.0,-1.0,0.0,0.0,12.812286,15.687244,2023-08-01
13127,2023-08-02 15:07:00,19600.0,19512.8,16155900,5569650,23.15,116.8,1124500,345750,0.0,-1.0,0.0,0.0,13.255884,16.591785,2023-08-01
18384,2023-08-02 15:07:00,19650.0,19512.8,10628800,1422750,13.5,156.7,795150,51850,0.0,-1.0,0.0,0.0,13.727755,17.61861,2023-08-01
23637,2023-08-02 15:07:00,19700.0,19512.8,14112050,1984050,8.0,201.7,1263600,76550,0.0,-1.0,0.0,0.0,14.391675,19.414635,2023-08-01
28890,2023-08-02 15:07:00,19750.0,19512.8,9250700,654050,4.85,247.6,943450,10850,0.0,-1.0,0.0,0.0,15.152967,20.968471,2023-08-01
26264,2023-08-02 15:08:00,19250.0,19508.8,67500,3697050,257.0,4.1,3900,398300,,0.0,,0.0,0.0,16.383211,2023-08-01
21011,2023-08-02 15:08:00,19300.0,19508.8,463950,6020600,209.85,6.55,33400,584350,,0.0,,0.0,0.0,15.541491,2023-08-01
15757,2023-08-02 15:08:00,19350.0,19508.8,363600,5157700,163.85,10.75,28800,506000,,0.0,,0.0,0.0,14.793233,2023-08-01
10499,2023-08-02 15:08:00,19400.0,19508.8,2278400,8875650,122.5,19.35,179200,626750,1.0,0.0,0.0,0.0,10.632467,14.639819,2023-08-01
5241,2023-08-02 15:08:00,19450.0,19508.8,2889050,6915350,87.15,33.7,264450,800600,1.0,0.0,0.0,0.0,11.816457,14.753064,2023-08-01
2610,2023-08-02 15:08:00,19500.0,19508.8,10960850,8272450,58.3,54.95,951850,988800,1.0,0.0,0.0,0.0,12.398041,15.061592,2023-08-01
7871,2023-08-02 15:08:00,19550.0,19508.8,7158050,2393700,37.0,83.7,691450,280350,0.0,-1.0,0.0,0.0,12.893152,15.636073,2023-08-01
13128,2023-08-02 15:08:00,19600.0,19508.8,16155900,5569650,22.45,119.3,801650,264150,0.0,-1.0,0.0,0.0,13.374494,16.529325,2023-08-01
18385,2023-08-02 15:08:00,19650.0,19508.8,10628800,1422750,13.05,159.9,545350,34250,0.0,-1.0,0.0,0.0,13.826436,17.665536,2023-08-01
23638,2023-08-02 15:08:00,19700.0,19508.8,14112050,1984050,7.7,204.4,681250,54600,0.0,-1.0,0.0,0.0,14.468896,19.20553,2023-08-01
28891,2023-08-02 15:08:00,19750.0,19508.8,9250700,654050,4.65,252.1,590350,9600,0.0,-1.0,0.0,0.0,15.214157,21.434847,2023-08-01
26265,2023-08-02 15:09:00,19250.0,19511.3,64250,3571900,257.6,3.75,700,347450,,0.0,,0.0,0.0,16.202777,2023-08-01
21012,2023-08-02 15:09:00,19300.0,19511.3,456700,5989900,213.55,6.0,23650,535550,,0.0,,0.0,0.0,15.338119,2023-08-01
15758,2023-08-02 15:09:00,19350.0,19511.3,361450,5200350,167.6,10.2,19050,526250,1.0,0.0,0.0,0.0,8.492484,14.704406,2023-08-01
10500,2023-08-02 15:09:00,19400.0,19511.3,2242750,9063450,126.0,18.25,182450,699350,1.0,0.0,0.0,0.0,11.209726,14.462012,2023-08-01
5242,2023-08-02 15:09:00,19450.0,19511.3,2801550,6308700,89.95,32.05,265150,618450,1.0,0.0,0.0,0.0,12.11382,14.536597,2023-08-01
2611,2023-08-02 15:09:00,19500.0,19511.3,10782300,8252450,60.4,52.7,744000,1120050,1.0,0.0,0.0,0.0,12.581286,14.795746,2023-08-01
7872,2023-08-02 15:09:00,19550.0,19511.3,7078500,2289850,38.5,80.55,599200,277850,0.0,-1.0,0.0,0.0,13.02428,15.21983,2023-08-01
13129,2023-08-02 15:09:00,19600.0,19511.3,16100600,5475900,23.35,115.6,670800,257350,0.0,-1.0,0.0,0.0,13.444064,15.989916,2023-08-01
18386,2023-08-02 15:09:00,19650.0,19511.3,10537800,1409150,13.5,156.4,501700,39500,0.0,-1.0,0.0,0.0,13.837017,17.165788,2023-08-01
23639,2023-08-02 15:09:00,19700.0,19511.3,14091900,1945200,7.9,201.0,618500,53650,0.0,-1.0,0.0,0.0,14.436161,18.706061,2023-08-01
28892,2023-08-02 15:09:00,19750.0,19511.3,9590450,644000,4.65,249.5,670550,25550,0.0,-1.0,0.0,0.0,15.093682,21.243464,2023-08-01
26266,2023-08-02 15:10:00,19250.0,19517.55,64250,3571900,267.0,3.4,3650,374200,,0.0,,0.0,0.0,16.179165,2023-08-01
21013,2023-08-02 15:10:00,19300.0,19517.55,456700,5989900,218.8,5.7,58350,888300,,0.0,,0.0,0.0,15.476714,2023-08-01
15759,2023-08-02 15:10:00,19350.0,19517.55,361450,5200350,173.0,9.6,37900,540050,1.0,0.0,0.0,0.0,6.32449,14.806387,2023-08-01
10501,2023-08-02 15:10:00,19400.0,19517.55,2242750,9063450,130.55,17.35,298200,920500,1.0,0.0,0.0,0.0,10.873496,14.60526,2023-08-01
5243,2023-08-02 15:10:00,19450.0,19517.55,2801550,6308700,94.25,30.8,557550,1325150,1.0,0.0,0.0,0.0,12.072016,14.744877,2023-08-01
2612,2023-08-02 15:10:00,19500.0,19517.55,10782300,8252450,63.85,50.15,1540050,1287950,1.0,0.0,0.0,0.0,12.570242,14.859863,2023-08-01
7873,2023-08-02 15:10:00,19550.0,19517.55,7078500,2289850,40.9,77.45,1054900,398500,0.0,-1.0,0.0,0.0,12.984974,15.346051,2023-08-01
13130,2023-08-02 15:10:00,19600.0,19517.55,16100600,5475900,24.95,111.75,1054550,429900,0.0,-1.0,0.0,0.0,13.401398,16.111635,2023-08-01
18387,2023-08-02 15:10:00,19650.0,19517.55,10537800,1409150,14.5,151.05,833700,57300,0.0,-1.0,0.0,0.0,13.792017,16.996072,2023-08-01
23640,2023-08-02 15:10:00,19700.0,19517.55,14091900,1945200,8.55,195.1,1188050,80600,0.0,-1.0,0.0,0.0,14.40922,18.430438,2023-08-01
28893,2023-08-02 15:10:00,19750.0,19517.55,9590450,644000,5.05,242.0,760950,18000,0.0,-1.0,0.0,0.0,15.068822,20.327192,2023-08-01
26267,2023-08-02 15:11:00,19250.0,19523.5,64250,3571900,270.95,2.9,6550,471000,,0.0,,0.0,0.0,15.956318,2023-08-01
21014,2023-08-02 15:11:00,19300.0,19523.5,456700,5989900,223.6,4.95,112700,1195350,,0.0,,0.0,0.0,15.272268,2023-08-01
15760,2023-08-02 15:11:00,19350.0,19523.5,361450,5200350,177.1,8.55,94550,1116850,,0.0,,0.0,0.0,14.651725,2023-08-01
10502,2023-08-02 15:11:00,19400.0,19523.5,2242750,9063450,134.35,15.8,602850,1485350,1.0,0.0,0.0,0.0,10.189036,14.480453,2023-08-01
5244,2023-08-02 15:11:00,19450.0,19523.5,2801550,6308700,97.35,28.5,896700,1521250,1.0,0.0,0.0,0.0,11.701072,14.616494,2023-08-01
2613,2023-08-02 15:11:00,19500.0,19523.5,10782300,8252450,66.25,47.45,2704300,1951300,1.0,0.0,0.0,0.0,12.31092,14.830983,2023-08-01
7874,2023-08-02 15:11:00,19550.0,19523.5,7078500,2289850,42.45,73.7,1882150,686800,0.0,-1.0,0.0,0.0,12.741105,15.246454,2023-08-01
13131,2023-08-02 15:11:00,19600.0,19523.5,16100600,5475900,25.95,107.45,1976100,651500,0.0,-1.0,0.0,0.0,13.192446,16.033799,2023-08-01
18388,2023-08-02 15:11:00,19650.0,19523.5,10537800,1409150,15.0,146.45,1301850,113000,0.0,-1.0,0.0,0.0,13.569902,16.974793,2023-08-01
23641,2023-08-02 15:11:00,19700.0,19523.5,14091900,1945200,8.7,190.25,1337950,143850,0.0,-1.0,0.0,0.0,14.140479,18.442381,2023-08-01
28894,2023-08-02 15:11:00,19750.0,19523.5,9590450,644000,4.95,236.4,903900,18900,0.0,-1.0,0.0,0.0,14.699376,20.116535,2023-08-01
26268,2023-08-02 15:12:00,19300.0,19533.55,413050,6058750,229.9,4.4,56400,1023900,,0.0,,0.0,0.0,15.371301,2023-08-01
21015,2023-08-02 15:12:00,19350.0,19533.55,350650,5089550,183.35,7.6,47000,1036900,,0.0,,0.0,0.0,14.737469,2023-08-01
15761,2023-08-02 15:12:00,19400.0,19533.55,2056150,9071750,139.85,14.45,360500,1819800,1.0,0.0,0.0,0.0,7.291356,14.667902,2023-08-01
10503,2023-08-02 15:12:00,19450.0,19533.55,2470350,6167600,100.9,26.2,616300,1412050,1.0,0.0,0.0,0.0,10.350454,14.790145,2023-08-01
5245,2023-08-02 15:12:00,19500.0,19533.55,10217650,8243500,69.2,44.0,2114450,1713150,1.0,0.0,0.0,0.0,11.507618,15.005655,2023-08-01
2614,2023-08-02 15:12:00,19550.0,19533.55,6472250,2227350,44.45,69.4,1672250,423750,0.0,-1.0,0.0,0.0,12.122694,15.524237,2023-08-01
7875,2023-08-02 15:12:00,19600.0,19533.55,15640000,5329050,27.3,101.9,1862450,487600,0.0,-1.0,0.0,0.0,12.707262,16.303923,2023-08-01
13132,2023-08-02 15:12:00,19650.0,19533.55,10192100,1404250,15.55,140.65,1120400,79100,0.0,-1.0,0.0,0.0,13.067195,17.476984,2023-08-01
18389,2023-08-02 15:12:00,19700.0,19533.55,13959050,1912250,8.9,184.0,892750,102150,0.0,-1.0,0.0,0.0,13.647635,19.084332,2023-08-01
23642,2023-08-02 15:12:00,19750.0,19533.55,9780850,643200,5.0,231.15,635150,17300,0.0,-1.0,0.0,0.0,14.221413,21.411371,2023-08-01
28895,2023-08-02 15:12:00,19800.0,19533.55,14497050,1476500,3.4,278.4,574700,25150,0.0,-1.0,0.0,0.0,15.398217,23.415399,2023-08-01
26269,2023-08-02 15:13:00,19300.0,19534.75,413050,6058750,230.25,4.4,33900,753300,,0.0,,0.0,0.0,15.435923,2023-08-01
21016,2023-08-02 15:13:00,19350.0,19534.75,350650,5089550,182.45,7.65,39250,904850,,0.0,,0.0,0.0,14.83643,2023-08-01
15762,2023-08-02 15:13:00,19400.0,19534.75,2056150,9071750,140.4,14.5,256950,909850,1.0,0.0,0.0,0.0,6.105012,14.770906,2023-08-01
10504,2023-08-02 15:13:00,19450.0,19534.75,2470350,6167600,101.8,26.05,412600,1022950,1.0,0.0,0.0,0.0,10.333563,14.847804,2023-08-01
5246,2023-08-02 15:13:00,19500.0,19534.75,10217650,8243500,69.7,44.0,1774050,1132650,1.0,0.0,0.0,0.0,11.44533,15.130709,2023-08-01
2615,2023-08-02 15:13:00,19550.0,19534.75,6472250,2227350,44.85,69.1,1432800,350100,0.0,-1.0,0.0,0.0,12.087792,15.609465,2023-08-01
7876,2023-08-02 15:13:00,19600.0,19534.75,15640000,5329050,27.45,101.55,2328150,723250,0.0,-1.0,0.0,0.0,12.647586,16.41686,2023-08-01
13133,2023-08-02 15:13:00,19650.0,19534.75,10192100,1404250,15.55,139.95,1337150,54750,0.0,-1.0,0.0,0.0,12.98748,17.533043,2023-08-01
18390,2023-08-02 15:13:00,19700.0,19534.75,13959050,1912250,8.95,183.25,1012150,107600,0.0,-1.0,0.0,0.0,13.604413,19.15679,2023-08-01
23643,2023-08-02 15:13:00,19750.0,19534.75,9780850,643200,5.05,230.4,528700,4650,0.0,-1.0,0.0,0.0,14.198111,21.509605,2023-08-01
28896,2023-08-02 15:13:00,19800.0,19534.75,14497050,1476500,3.45,278.05,578100,17500,0.0,-1.0,0.0,0.0,15.392675,23.711587,2023-08-01
26270,2023-08-02 15:14:00,19300.0,19542.6,413050,6058750,234.0,3.8,42450,929200,,0.0,,0.0,0.0,15.334949,2023-08-01
21017,2023-08-02 15:14:00,19350.0,19542.6,350650,5089550,186.25,6.8,39050,954100,,0.0,,0.0,0.0,14.804087,2023-08-01
15763,2023-08-02 15:14:00,19400.0,19542.6,2056150,9071750,142.75,12.95,307200,1426450,,0.0,,0.0,0.0,14.68961,2023-08-01
10505,2023-08-02 15:14:00,19450.0,19542.6,2470350,6167600,104.2,24.0,393700,1110500,1.0,0.0,0.0,0.0,8.726953,14.866985,2023-08-01
5247,2023-08-02 15:14:00,19500.0,19542.6,10217650,8243500,71.5,41.35,1781750,1650200,1.0,0.0,0.0,0.0,10.573961,15.234547,2023-08-01
2616,2023-08-02 15:14:00,19550.0,19542.6,6472250,2227350,46.1,66.0,1375750,600950,0.0,-1.0,0.0,0.0,11.474238,15.84035,2023-08-01
7877,2023-08-02 15:14:00,19600.0,19542.6,15640000,5329050,28.3,98.0,1976800,795800,0.0,-1.0,0.0,0.0,12.181386,16.773278,2023-08-01
13134,2023-08-02 15:14:00,19650.0,19542.6,10192100,1404250,16.0,136.0,1126300,108350,0.0,-1.0,0.0,0.0,12.584746,18.019642,2023-08-01
18391,2023-08-02 15:14:00,19700.0,19542.6,13959050,1912250,9.05,179.4,1262900,161650,0.0,-1.0,0.0,0.0,13.185266,19.903159,2023-08-01
23644,2023-08-02 15:14:00,19750.0,19542.6,9780850,643200,5.1,225.25,632950,16500,0.0,-1.0,0.0,0.0,13.827882,21.986109,2023-08-01
28897,2023-08-02 15:14:00,19800.0,19542.6,14497050,1476500,3.45,273.7,573950,37400,0.0,-1.0,0.0,0.0,15.024325,24.651054,2023-08-01
26271,2023-08-02 15:15:00,19300.0,19531.7,387250,6058150,228.4,4.35,136000,1244750,,0.0,,0.0,0.0,15.255733,2023-08-01
21018,2023-08-02 15:15:00,19350.0,19531.7,323950,4896000,181.1,7.55,101300,1169700,,0.0,,0.0,0.0,14.621351,2023-08-01
15764,2023-08-02 15:15:00,19400.0,19531.7,1875950,8454600,138.3,14.4,463500,1722450,1.0,0.0,0.0,0.0,7.607037,14.540777,2023-08-01
10506,2023-08-02 15:15:00,19450.0,19531.7,2102750,6019950,101.1,26.05,682950,1870250,1.0,0.0,0.0,0.0,10.927004,14.611695,2023-08-01
5248,2023-08-02 15:15:00,19500.0,19531.7,9288950,8482100,69.4,44.4,2528900,2388900,1.0,0.0,0.0,0.0,11.869644,14.934017,2023-08-01
2617,2023-08-02 15:15:00,19550.0,19531.7,6165400,2393800,44.8,70.0,1924150,941950,0.0,-1.0,0.0,0.0,12.432225,15.446508,2023-08-01
7878,2023-08-02 15:15:00,19600.0,19531.7,15091050,5463150,27.45,103.0,3006400,780050,0.0,-1.0,0.0,0.0,12.923368,16.295814,2023-08-01
13135,2023-08-02 15:15:00,19650.0,19531.7,10329550,1415100,15.25,141.75,2064950,240550,0.0,-1.0,0.0,0.0,13.108258,17.41777,2023-08-01
18392,2023-08-02 15:15:00,19700.0,19531.7,13760550,1895100,8.95,185.85,1648600,329750,0.0,-1.0,0.0,0.0,13.795608,19.231604,2023-08-01
23645,2023-08-02 15:15:00,19750.0,19531.7,9765500,622450,5.2,232.2,1131300,113700,0.0,-1.0,0.0,0.0,14.467324,21.242652,2023-08-01
28898,2023-08-02 15:15:00,19800.0,19531.7,14353000,1450800,3.5,280.3,841200,107550,0.0,-1.0,0.0,0.0,15.594351,23.570736,2023-08-01
26272,2023-08-02 15:16:00,19300.0,19538.8,387250,6058150,231.05,4.4,20150,720400,,0.0,,0.0,0.0,15.652061,2023-08-01
21019,2023-08-02 15:16:00,19350.0,19538.8,323950,4896000,184.7,7.6,20350,765750,,0.0,,0.0,0.0,15.05092,2023-08-01
15765,2023-08-02 15:16:00,19400.0,19538.8,1875950,8454600,141.95,14.45,183850,1118050,,0.0,,0.0,0.0,15.034017,2023-08-01
10507,2023-08-02 15:16:00,19450.0,19538.8,2102750,6019950,103.1,25.7,259050,923300,1.0,0.0,0.0,0.0,9.609901,15.083264,2023-08-01
5249,2023-08-02 15:16:00,19500.0,19538.8,9288950,8482100,71.15,43.45,1344100,1294550,1.0,0.0,0.0,0.0,11.157909,15.408384,2023-08-01
2618,2023-08-02 15:16:00,19550.0,19538.8,6165400,2393800,46.0,68.6,998050,364900,0.0,-1.0,0.0,0.0,11.911425,16.013849,2023-08-01
7879,2023-08-02 15:16:00,19600.0,19538.8,15091050,5463150,28.3,100.85,1521600,334100,0.0,-1.0,0.0,0.0,12.531757,16.909599,2023-08-01
13136,2023-08-02 15:16:00,19650.0,19538.8,10329550,1415100,15.9,138.85,1236200,96850,0.0,-1.0,0.0,0.0,12.832648,18.07367,2023-08-01
18393,2023-08-02 15:16:00,19700.0,19538.8,13760550,1895100,9.1,182.0,1024100,148700,0.0,-1.0,0.0,0.0,13.445918,19.807541,2023-08-01
23646,2023-08-02 15:16:00,19750.0,19538.8,9765500,622450,5.25,227.9,574300,22950,0.0,-1.0,0.0,0.0,14.135001,21.837144,2023-08-01
28899,2023-08-02 15:16:00,19800.0,19538.8,14353000,1450800,3.5,276.25,491150,39950,0.0,-1.0,0.0,0.0,15.261443,24.409338,2023-08-01
26273,2023-08-02 15:17:00,19300.0,19543.65,387250,6058150,237.15,4.45,35400,554800,,0.0,,0.0,0.0,15.936776,2023-08-01
21020,2023-08-02 15:17:00,19350.0,19543.65,323950,4896000,190.0,7.5,27750,947050,,0.0,,0.0,0.0,15.271286,2023-08-01
15766,2023-08-02 15:17:00,19400.0,19543.65,1875950,8454600,146.55,13.8,218150,1259500,,0.0,,0.0,0.0,15.106103,2023-08-01
10508,2023-08-02 15:17:00,19450.0,19543.65,2102750,6019950,107.3,24.05,380050,1286750,1.0,0.0,0.0,0.0,9.6709,14.978192,2023-08-01
5250,2023-08-02 15:17:00,19500.0,19543.65,9288950,8482100,74.1,41.0,1558200,1516300,1.0,0.0,0.0,0.0,11.096404,15.260877,2023-08-01
2619,2023-08-02 15:17:00,19550.0,19543.65,6165400,2393800,48.2,65.4,1222950,689700,0.0,-1.0,0.0,0.0,11.872588,15.837517,2023-08-01
7880,2023-08-02 15:17:00,19600.0,19543.65,15091050,5463150,29.55,96.9,1597700,462950,0.0,-1.0,0.0,0.0,12.430261,16.673313,2023-08-01
13137,2023-08-02 15:17:00,19650.0,19543.65,10329550,1415100,16.75,134.3,1140200,146950,0.0,-1.0,0.0,0.0,12.769307,17.764985,2023-08-01
18394,2023-08-02 15:17:00,19700.0,19543.65,13760550,1895100,9.55,177.45,953600,114600,0.0,-1.0,0.0,0.0,13.35982,19.555115,2023-08-01
23647,2023-08-02 15:17:00,19750.0,19543.65,9765500,622450,5.4,222.9,516450,10050,0.0,-1.0,0.0,0.0,13.982037,21.46257,2023-08-01
28900,2023-08-02 15:17:00,19800.0,19543.65,14353000,1450800,3.55,270.95,603150,40650,0.0,-1.0,0.0,0.0,15.079293,23.925786,2023-08-01
26274,2023-08-02 15:18:00,19300.0,19543.55,337600,6076350,234.55,4.6,30100,506450,,0.0,,0.0,0.0,16.054871,2023-08-01
21021,2023-08-02 15:18:00,19350.0,19543.55,265900,4784550,187.8,7.85,27400,634800,,0.0,,0.0,0.0,15.462226,2023-08-01
15767,2023-08-02 15:18:00,19400.0,19543.55,1626650,7933650,144.15,14.35,213050,1216300,,0.0,,0.0,0.0,15.317481,2023-08-01
10509,2023-08-02 15:18:00,19450.0,19543.55,1852350,6200550,104.9,25.0,273350,1462800,1.0,0.0,0.0,0.0,8.689832,15.260271,2023-08-01
5251,2023-08-02 15:18:00,19500.0,19543.55,9090000,8910450,72.05,42.3,1090250,1099300,1.0,0.0,0.0,0.0,10.566972,15.589325,2023-08-01
2620,2023-08-02 15:18:00,19550.0,19543.55,5776000,2394150,46.8,67.1,1058300,445650,0.0,-1.0,0.0,0.0,11.54764,16.245132,2023-08-01
7881,2023-08-02 15:18:00,19600.0,19543.55,14253550,5436350,28.8,99.1,1504100,346600,0.0,-1.0,0.0,0.0,12.245859,17.222452,2023-08-01
13138,2023-08-02 15:18:00,19650.0,19543.55,10656350,1419400,16.4,137.2,1120950,97750,0.0,-1.0,0.0,0.0,12.666572,18.56707,2023-08-01
18395,2023-08-02 15:18:00,19700.0,19543.55,13654150,1913100,9.4,180.05,845250,80800,0.0,-1.0,0.0,0.0,13.304108,20.363628,2023-08-01
23648,2023-08-02 15:18:00,19750.0,19543.55,9683550,605900,5.3,226.0,649500,10650,0.0,-1.0,0.0,0.0,13.928138,22.552576,2023-08-01
28901,2023-08-02 15:18:00,19800.0,19543.55,14196750,1372500,3.45,274.2,601600,14000,0.0,-1.0,0.0,0.0,15.000314,25.184253,2023-08-01
26275,2023-08-02 15:19:00,19300.0,19544.75,337600,6076350,238.0,4.45,42450,654500,,0.0,,0.0,0.0,16.0018,2023-08-01
21022,2023-08-02 15:19:00,19350.0,19544.75,265900,4784550,191.1,7.5,25800,689600,,0.0,,0.0,0.0,15.342486,2023-08-01
15768,2023-08-02 15:19:00,19400.0,19544.75,1626650,7933650,147.75,13.8,186500,1287100,,0.0,,0.0,0.0,15.187426,2023-08-01
10510,2023-08-02 15:19:00,19450.0,19544.75,1852350,6200550,107.75,23.7,241200,919650,1.0,0.0,0.0,0.0,9.483543,14.967563,2023-08-01
5252,2023-08-02 15:19:00,19500.0,19544.75,9090000,8910450,74.65,40.0,1044550,1363450,1.0,0.0,0.0,0.0,11.055176,15.119244,2023-08-01
2621,2023-08-02 15:19:00,19550.0,19544.75,5776000,2394150,48.45,63.75,848600,446050,0.0,-1.0,0.0,0.0,11.808459,15.578828,2023-08-01
7882,2023-08-02 15:19:00,19600.0,19544.75,14253550,5436350,29.7,95.2,1119050,355950,0.0,-1.0,0.0,0.0,12.378247,16.422859,2023-08-01
13139,2023-08-02 15:19:00,19650.0,19544.75,10656350,1419400,16.8,133.0,768500,49650,0.0,-1.0,0.0,0.0,12.714873,17.62788,2023-08-01
18396,2023-08-02 15:19:00,19700.0,19544.75,13654150,1913100,9.5,175.75,828950,63450,0.0,-1.0,0.0,0.0,13.280333,19.292506,2023-08-01
23649,2023-08-02 15:19:00,19750.0,19544.75,9683550,605900,5.25,221.35,511250,11600,0.0,-1.0,0.0,0.0,13.837672,21.235953,2023-08-01
28902,2023-08-02 15:19:00,19800.0,19544.75,14196750,1372500,3.45,269.55,779300,23200,0.0,-1.0,0.0,0.0,14.948262,23.747891,2023-08-01
26276,2023-08-02 15:20:00,19300.0,19537.3,337600,6076350,232.5,4.5,28850,483300,,0.0,,0.0,0.0,15.676697,2023-08-01
21023,2023-08-02 15:20:00,19350.0,19537.3,265900,4784550,186.0,7.7,39600,804700,,0.0,,0.0,0.0,15.04091,2023-08-01
15769,2023-08-02 15:20:00,19400.0,19537.3,1626650,7933650,143.25,14.15,218400,1135300,1.0,0.0,0.0,0.0,6.963702,14.840704,2023-08-01
10511,2023-08-02 15:20:00,19450.0,19537.3,1852350,6200550,103.6,24.35,426500,1236700,1.0,0.0,0.0,0.0,10.273758,14.584633,2023-08-01
5253,2023-08-02 15:20:00,19500.0,19537.3,9090000,8910450,70.9,41.45,1312350,1446500,1.0,0.0,0.0,0.0,11.365156,14.771411,2023-08-01
2622,2023-08-02 15:20:00,19550.0,19537.3,5776000,2394150,45.4,66.05,1332550,750200,0.0,-1.0,0.0,0.0,11.958908,15.222053,2023-08-01
7883,2023-08-02 15:20:00,19600.0,19537.3,14253550,5436350,27.55,98.25,1582200,604950,0.0,-1.0,0.0,0.0,12.482375,16.016487,2023-08-01
13140,2023-08-02 15:20:00,19650.0,19537.3,10656350,1419400,15.45,135.9,1304150,209950,0.0,-1.0,0.0,0.0,12.80626,16.925484,2023-08-01
18397,2023-08-02 15:20:00,19700.0,19537.3,13654150,1913100,8.7,179.45,1180350,140550,0.0,-1.0,0.0,0.0,13.370346,18.59145,2023-08-01
23650,2023-08-02 15:20:00,19750.0,19537.3,9683550,605900,4.9,226.05,646400,37150,0.0,-1.0,0.0,0.0,13.999739,20.694549,2023-08-01
28903,2023-08-02 15:20:00,19800.0,19537.3,14196750,1372500,3.3,273.95,469400,32200,0.0,-1.0,0.0,0.0,15.171155,22.933371,2023-08-01
26277,2023-08-02 15:21:00,19300.0,19540.6,314000,6091850,231.2,4.45,23150,720650,,0.0,,0.0,0.0,15.806834,2023-08-01
21024,2023-08-02 15:21:00,19350.0,19540.6,234300,4735400,183.85,7.75,20400,979850,,0.0,,0.0,0.0,15.258081,2023-08-01
15770,2023-08-02 15:21:00,19400.0,19540.6,1499900,8015650,141.45,14.35,146900,1773850,,0.0,,0.0,0.0,15.139081,2023-08-01
10512,2023-08-02 15:21:00,19450.0,19540.6,1708550,6902200,101.8,24.6,255350,1672550,1.0,0.0,0.0,0.0,8.45722,14.923978,2023-08-01
5254,2023-08-02 15:21:00,19500.0,19540.6,8520350,9041750,69.2,42.05,1116800,1251200,1.0,0.0,0.0,0.0,10.345836,15.253194,2023-08-01
2623,2023-08-02 15:21:00,19550.0,19540.6,5366850,2419350,44.45,67.1,891650,500900,0.0,-1.0,0.0,0.0,11.341784,15.89699,2023-08-01
7884,2023-08-02 15:21:00,19600.0,19540.6,13606100,5259950,26.85,99.55,1144900,367200,0.0,-1.0,0.0,0.0,12.005392,16.88961,2023-08-01
13141,2023-08-02 15:21:00,19650.0,19540.6,10430400,1346050,15.15,138.3,1026350,98650,0.0,-1.0,0.0,0.0,12.475215,18.308844,2023-08-01
18398,2023-08-02 15:21:00,19700.0,19540.6,13645250,1864000,8.65,181.75,1025700,89200,0.0,-1.0,0.0,0.0,13.155128,20.2047,2023-08-01
23651,2023-08-02 15:21:00,19750.0,19540.6,9995650,593200,4.85,227.75,588250,30400,0.0,-1.0,0.0,0.0,13.799652,22.347741,2023-08-01
28904,2023-08-02 15:21:00,19800.0,19540.6,14163450,1359700,3.25,276.5,674700,36800,0.0,-1.0,0.0,0.0,14.973447,25.14594,2023-08-01
26278,2023-08-02 15:22:00,19300.0,19538.05,314000,6091850,227.8,4.2,19000,543450,,0.0,,0.0,0.0,15.486554,2023-08-01
21025,2023-08-02 15:22:00,19350.0,19538.05,234300,4735400,180.9,7.45,14750,419750,,0.0,,0.0,0.0,14.956944,2023-08-01
15771,2023-08-02 15:22:00,19400.0,19538.05,1499900,8015650,137.65,14.05,187900,810400,,0.0,,0.0,0.0,14.86156,2023-08-01
10513,2023-08-02 15:22:00,19450.0,19538.05,1708550,6902200,98.5,24.7,296700,785350,1.0,0.0,0.0,0.0,7.962163,14.757352,2023-08-01
5255,2023-08-02 15:22:00,19500.0,19538.05,8520350,9041750,66.5,42.45,922100,1122300,1.0,0.0,0.0,0.0,10.08177,15.109483,2023-08-01
2624,2023-08-02 15:22:00,19550.0,19538.05,5366850,2419350,42.15,68.0,966000,439750,0.0,-1.0,0.0,0.0,11.08466,15.803262,2023-08-01
7885,2023-08-02 15:22:00,19600.0,19538.05,13606100,5259950,25.2,101.15,1468600,474850,0.0,-1.0,0.0,0.0,11.788957,16.897577,2023-08-01
13142,2023-08-02 15:22:00,19650.0,19538.05,10430400,1346050,14.1,140.6,1137350,160750,0.0,-1.0,0.0,0.0,12.299209,18.454091,2023-08-01
18399,2023-08-02 15:22:00,19700.0,19538.05,13645250,1864000,8.05,184.7,1163000,114950,0.0,-1.0,0.0,0.0,13.027579,20.527592,2023-08-01
23652,2023-08-02 15:22:00,19750.0,19538.05,9995650,593200,4.6,231.55,735050,29800,0.0,-1.0,0.0,0.0,13.763819,22.975972,2023-08-01
28905,2023-08-02 15:22:00,19800.0,19538.05,14163450,1359700,3.15,279.6,1017650,35350,0.0,-1.0,0.0,0.0,15.004707,25.534069,2023-08-01
26279,2023-08-02 15:23:00,19300.0,19536.95,314000,6091850,227.0,4.25,11400,742850,,0.0,,0.0,0.0,15.477628,2023-08-01
21026,2023-08-02 15:23:00,19350.0,19536.95,234300,4735400,180.2,7.6,13550,540450,,0.0,,0.0,0.0,14.982117,2023-08-01
15772,2023-08-02 15:23:00,19400.0,19536.95,1499900,8015650,137.35,14.45,97100,731600,,0.0,,0.0,0.0,14.946339,2023-08-01
10514,2023-08-02 15:23:00,19450.0,19536.95,1708550,6902200,98.15,25.2,169650,568150,1.0,0.0,0.0,0.0,8.24466,14.822747,2023-08-01
5256,2023-08-02 15:23:00,19500.0,19536.95,8520350,9041750,66.4,43.15,684750,939850,1.0,0.0,0.0,0.0,10.252903,15.183362,2023-08-01
2625,2023-08-02 15:23:00,19550.0,19536.95,5366850,2419350,42.05,68.75,581200,349150,0.0,-1.0,0.0,0.0,11.192771,15.852931,2023-08-01
7886,2023-08-02 15:23:00,19600.0,19536.95,13606100,5259950,25.3,102.3,948450,300600,0.0,-1.0,0.0,0.0,11.916731,17.021456,2023-08-01
13143,2023-08-02 15:23:00,19650.0,19536.95,10430400,1346050,14.35,141.5,789300,93700,0.0,-1.0,0.0,0.0,12.46737,18.493118,2023-08-01
18400,2023-08-02 15:23:00,19700.0,19536.95,13645250,1864000,8.2,185.45,784600,57100,0.0,-1.0,0.0,0.0,13.1691,20.50265,2023-08-01
23653,2023-08-02 15:23:00,19750.0,19536.95,9995650,593200,4.7,232.0,860400,18100,0.0,-1.0,0.0,0.0,13.895239,22.825932,2023-08-01
28906,2023-08-02 15:23:00,19800.0,19536.95,14163450,1359700,3.15,280.2,826750,16800,0.0,-1.0,0.0,0.0,15.061914,25.417205,2023-08-01
26280,2023-08-02 15:24:00,19300.0,19534.25,304400,6228300,224.5,4.3,25800,709550,,0.0,,0.0,0.0,15.388863,2023-08-01
21027,2023-08-02 15:24:00,19350.0,19534.25,222750,4825650,178.35,7.65,21900,433800,,0.0,,0.0,0.0,14.86229,2023-08-01
15773,2023-08-02 15:24:00,19400.0,19534.25,1435250,7921350,134.85,14.55,120600,854900,,0.0,,0.0,0.0,14.809833,2023-08-01
10515,2023-08-02 15:24:00,19450.0,19534.25,1653050,7130750,96.25,25.5,216150,787450,1.0,0.0,0.0,0.0,8.428813,14.699771,2023-08-01
5257,2023-08-02 15:24:00,19500.0,19534.25,8275050,8895550,64.8,43.65,757600,1071350,1.0,0.0,0.0,0.0,10.299817,15.045189,2023-08-01
2626,2023-08-02 15:24:00,19550.0,19534.25,5287000,2353400,40.85,69.9,725800,468400,0.0,-1.0,0.0,0.0,11.213908,15.795371,2023-08-01
7887,2023-08-02 15:24:00,19600.0,19534.25,13316150,5104250,24.5,103.65,1031500,274400,0.0,-1.0,0.0,0.0,11.935771,16.935327,2023-08-01
13144,2023-08-02 15:24:00,19650.0,19534.25,10082100,1281650,13.9,142.9,712600,81750,0.0,-1.0,0.0,0.0,12.502229,18.345219,2023-08-01
18401,2023-08-02 15:24:00,19700.0,19534.25,13496500,1823750,8.05,187.15,752250,68950,0.0,-1.0,0.0,0.0,13.260285,20.382876,2023-08-01
23654,2023-08-02 15:24:00,19750.0,19534.25,10161300,581550,4.7,233.5,664850,10350,0.0,-1.0,0.0,0.0,14.039289,22.581054,2023-08-01
28907,2023-08-02 15:24:00,19800.0,19534.25,14068150,1346550,3.25,281.95,640200,16800,0.0,-1.0,0.0,0.0,15.290201,25.221494,2023-08-01
26281,2023-08-02 15:25:00,19300.0,19534.45,304400,6228300,226.6,4.35,18550,506400,,0.0,,0.0,0.0,15.443439,2023-08-01
21028,2023-08-02 15:25:00,19350.0,19534.45,222750,4825650,180.55,7.75,23600,551300,,0.0,,0.0,0.0,14.932144,2023-08-01
15774,2023-08-02 15:25:00,19400.0,19534.45,1435250,7921350,136.8,14.35,137000,701550,,0.0,,0.0,0.0,14.752596,2023-08-01
10516,2023-08-02 15:25:00,19450.0,19534.45,1653050,7130750,97.95,25.3,214500,926500,1.0,0.0,0.0,0.0,9.055024,14.661955,2023-08-01
5258,2023-08-02 15:25:00,19500.0,19534.45,8275050,8895550,66.1,43.4,702100,1185700,1.0,0.0,0.0,0.0,10.611294,15.006787,2023-08-01
2627,2023-08-02 15:25:00,19550.0,19534.45,5287000,2353400,42.05,69.1,823550,408650,0.0,-1.0,0.0,0.0,11.490065,15.629906,2023-08-01
7888,2023-08-02 15:25:00,19600.0,19534.45,13316150,5104250,25.25,102.55,1282300,356600,0.0,-1.0,0.0,0.0,12.129394,16.687846,2023-08-01
13145,2023-08-02 15:25:00,19650.0,19534.45,10082100,1281650,14.3,141.35,779100,91800,0.0,-1.0,0.0,0.0,12.633489,17.942134,2023-08-01
18402,2023-08-02 15:25:00,19700.0,19534.45,13496500,1823750,8.2,185.35,922150,74100,0.0,-1.0,0.0,0.0,13.32598,19.848077,2023-08-01
23655,2023-08-02 15:25:00,19750.0,19534.45,10161300,581550,4.6,232.2,843200,19000,0.0,-1.0,0.0,0.0,13.963616,22.168314,2023-08-01
28908,2023-08-02 15:25:00,19800.0,19534.45,14068150,1346550,3.05,279.6,1380650,35600,0.0,-1.0,0.0,0.0,15.093097,24.338271,2023-08-01
26282,2023-08-02 15:26:00,19300.0,19536.25,304400,6228300,228.0,4.65,12900,606850,,0.0,,0.0,0.0,15.77134,2023-08-01
21029,2023-08-02 15:26:00,19350.0,19536.25,222750,4825650,181.0,7.8,7800,361800,,0.0,,0.0,0.0,15.0655,2023-08-01
15775,2023-08-02 15:26:00,19400.0,19536.25,1435250,7921350,137.9,14.35,46200,402400,,0.0,,0.0,0.0,14.876806,2023-08-01
10517,2023-08-02 15:26:00,19450.0,19536.25,1653050,7130750,98.4,25.15,111450,499700,1.0,0.0,0.0,0.0,8.62579,14.766632,2023-08-01
5259,2023-08-02 15:26:00,19500.0,19536.25,8275050,8895550,67.0,43.1,311300,659700,1.0,0.0,0.0,0.0,10.545703,15.115583,2023-08-01
2628,2023-08-02 15:26:00,19550.0,19536.25,5287000,2353400,42.55,68.7,458950,179300,0.0,-1.0,0.0,0.0,11.409667,15.766845,2023-08-01
7889,2023-08-02 15:26:00,19600.0,19536.25,13316150,5104250,25.5,101.55,810100,121900,0.0,-1.0,0.0,0.0,12.045843,16.729466,2023-08-01
13146,2023-08-02 15:26:00,19650.0,19536.25,10082100,1281650,14.35,140.75,407950,29100,0.0,-1.0,0.0,0.0,12.530031,18.150051,2023-08-01
18403,2023-08-02 15:26:00,19700.0,19536.25,13496500,1823750,8.15,184.3,577350,37550,0.0,-1.0,0.0,0.0,13.200689,19.970845,2023-08-01
23656,2023-08-02 15:26:00,19750.0,19536.25,10161300,581550,4.55,231.2,456900,11050,0.0,-1.0,0.0,0.0,13.840835,22.349236,2023-08-01
28909,2023-08-02 15:26:00,19800.0,19536.25,14068150,1346550,3.1,279.5,580100,14150,0.0,-1.0,0.0,0.0,15.062777,24.927112,2023-08-01
26283,2023-08-02 15:27:00,19300.0,19537.1,292250,6499900,226.6,4.85,16100,1164350,,0.0,,0.0,0.0,15.970838,2023-08-01
21030,2023-08-02 15:27:00,19350.0,19537.1,198100,4835600,179.55,7.9,30300,517750,,0.0,,0.0,0.0,15.172041,2023-08-01
15776,2023-08-02 15:27:00,19400.0,19537.1,1314500,7739550,136.25,14.4,84700,637650,,0.0,,0.0,0.0,14.957001,2023-08-01
10518,2023-08-02 15:27:00,19450.0,19537.1,1493750,7063750,97.2,25.2,177950,565000,1.0,0.0,0.0,0.0,7.759919,14.854049,2023-08-01
5260,2023-08-02 15:27:00,19500.0,19537.1,7997650,8495950,65.5,43.2,637300,650350,1.0,0.0,0.0,0.0,10.003467,15.230549,2023-08-01
2629,2023-08-02 15:27:00,19550.0,19537.1,5085150,2274300,41.7,69.25,621050,294700,0.0,-1.0,0.0,0.0,11.106652,16.014536,2023-08-01
7890,2023-08-02 15:27:00,19600.0,19537.1,12852750,4849300,24.95,102.5,907700,223400,0.0,-1.0,0.0,0.0,11.825735,17.118503,2023-08-01
13147,2023-08-02 15:27:00,19650.0,19537.1,9832800,1248000,14.15,142.2,759650,71300,0.0,-1.0,0.0,0.0,12.405568,18.746431,2023-08-01
18404,2023-08-02 15:27:00,19700.0,19537.1,13322250,1786800,8.2,185.8,816550,58350,0.0,-1.0,0.0,0.0,13.179357,20.677048,2023-08-01
23657,2023-08-02 15:27:00,19750.0,19537.1,10364000,571050,4.7,233.0,836850,9400,0.0,-1.0,0.0,0.0,13.907508,23.253562,2023-08-01
28910,2023-08-02 15:27:00,19800.0,19537.1,13872200,1322250,3.2,281.3,915500,8800,0.0,-1.0,0.0,0.0,15.124216,25.925859,2023-08-01
26284,2023-08-02 15:28:00,19250.0,19522.7,35300,2943650,269.5,2.7,250,211350,,0.0,,0.0,0.0,15.79291,2023-08-01
21031,2023-08-02 15:28:00,19300.0,19522.7,292250,6499900,222.05,4.6,12800,596300,,0.0,,0.0,0.0,15.061178,2023-08-01
15777,2023-08-02 15:28:00,19350.0,19522.7,198100,4835600,174.7,8.0,14950,269850,,0.0,,0.0,0.0,14.408735,2023-08-01
10519,2023-08-02 15:28:00,19400.0,19522.7,1314500,7739550,132.0,15.0,115450,654300,1.0,0.0,0.0,0.0,9.365063,14.217792,2023-08-01
5261,2023-08-02 15:28:00,19450.0,19522.7,1493750,7063750,93.6,26.2,157650,629350,1.0,0.0,0.0,0.0,10.80931,13.977966,2023-08-01
2630,2023-08-02 15:28:00,19500.0,19522.7,7997650,8495950,62.4,45.05,813700,924350,1.0,0.0,0.0,0.0,11.541891,14.227368,2023-08-01
7891,2023-08-02 15:28:00,19550.0,19522.7,5085150,2274300,39.1,71.9,895600,298600,0.0,-1.0,0.0,0.0,12.076566,14.772402,2023-08-01
13148,2023-08-02 15:28:00,19600.0,19522.7,12852750,4849300,23.2,106.0,1392900,307500,0.0,-1.0,0.0,0.0,12.563525,15.581484,2023-08-01
18405,2023-08-02 15:28:00,19650.0,19522.7,9832800,1248000,12.85,145.5,1092300,42650,0.0,-1.0,0.0,0.0,12.92669,16.572155,2023-08-01
23658,2023-08-02 15:28:00,19700.0,19522.7,13322250,1786800,7.5,190.3,989750,56200,0.0,-1.0,0.0,0.0,13.674276,18.30979,2023-08-01
28911,2023-08-02 15:28:00,19750.0,19522.7,10364000,571050,4.45,237.8,534500,19000,0.0,-1.0,0.0,0.0,14.46974,20.517057,2023-08-01
26285,2023-08-02 15:29:00,19250.0,19514.8,35300,2943650,266.4,3.0,2650,243450,,0.0,,0.0,0.0,15.75476,2023-08-01
21032,2023-08-02 15:29:00,19300.0,19514.8,292250,6499900,221.15,5.0,22150,605450,1.0,0.0,0.0,0.0,11.049886,14.952866,2023-08-01
15778,2023-08-02 15:29:00,19350.0,19514.8,198100,4835600,173.4,8.6,16150,652800,1.0,0.0,0.0,0.0,11.125806,14.256044,2023-08-01
10520,2023-08-02 15:29:00,19400.0,19514.8,1314500,7739550,131.0,16.25,126850,1332150,1.0,0.0,0.0,0.0,12.141429,14.121625,2023-08-01
5262,2023-08-02 15:29:00,19450.0,19514.8,1493750,7063750,92.85,27.75,168650,911200,1.0,0.0,0.0,0.0,12.332085,13.753546,2023-08-01
2631,2023-08-02 15:29:00,19500.0,19514.8,7997650,8495950,62.0,47.1,814600,1360200,1.0,0.0,0.0,0.0,12.590864,13.892713,2023-08-01
7892,2023-08-02 15:29:00,19550.0,19514.8,5085150,2274300,38.8,74.15,858800,480400,0.0,-1.0,0.0,0.0,12.838067,14.220377,2023-08-01
13149,2023-08-02 15:29:00,19600.0,19514.8,12852750,4849300,22.95,108.0,1438650,282450,0.0,-1.0,0.0,0.0,13.142916,14.640262,2023-08-01
18406,2023-08-02 15:29:00,19650.0,19514.8,9832800,1248000,12.75,149.0,856250,78050,0.0,-1.0,0.0,0.0,13.4203,15.720179,2023-08-01
23659,2023-08-02 15:29:00,19700.0,19514.8,13322250,1786800,7.45,192.75,1202100,64750,0.0,-1.0,0.0,0.0,14.104712,16.677846,2023-08-01
28912,2023-08-02 15:29:00,19750.0,19514.8,10364000,571050,4.35,240.2,700200,14900,0.0,-1.0,0.0,0.0,14.798951,18.464884,2023-08-01
10521,2023-08-02 15:30:00,19400.0,19514.45,1314500,7739550,130.0,16.2,300,4200,1.0,0.0,0.0,0.0,11.865299,14.084306,2023-08-01
5263,2023-08-02 15:30:00,19450.0,19514.45,1493750,7063750,92.95,28.35,2150,3950,1.0,0.0,0.0,0.0,12.437127,13.8948,2023-08-01
2632,2023-08-02 15:30:00,19500.0,19514.45,7997650,8495950,62.3,47.0,6200,5850,1.0,0.0,0.0,0.0,12.719231,13.833924,2023-08-01
7893,2023-08-02 15:30:00,19550.0,19514.45,5085150,2274300,39.2,74.1,1700,2800,0.0,-1.0,0.0,0.0,12.979791,14.161345,2023-08-01
13150,2023-08-02 15:30:00,19600.0,19514.45,12852750,4849300,22.9,108.9,6900,1200,0.0,-1.0,0.0,0.0,13.161531,14.829169,2023-08-01
18407,2023-08-02 15:30:00,19650.0,19514.45,9832800,1248000,12.9,148.8,4000,2350,0.0,-1.0,0.0,0.0,13.505594,15.56272,2023-08-01
23660,2023-08-02 15:30:00,19700.0,19514.45,13322250,1786800,7.15,192.0,3350,1150,0.0,-1.0,0.0,0.0,13.969763,16.229814,2023-08-01
